Stname observed L95PPU U95PPU Best_Sim
FLOW_OUT10 21.41 0.8639 1.025 1.032
FLOW_OUT10 23.943 6.061575 6.758 6.789
FLOW_OUT10 99.956 60.81175 63.69 63.77
FLOW_OUT10 100.169 72.138 74.9615 74.99
FLOW_OUT10 53.057 39.68 43.03575 39.75
FLOW_OUT10 32.07 14.4 14.71525 14.39
FLOW_OUT10 9.286 8.896125 9.400925 9.341
FLOW_OUT10 1.784 3.637175 4.1835 4.173
FLOW_OUT10 6.586 0.668425 1.325875 1.318
FLOW_OUT10 11.948 1.049 1.16 1.049
FLOW_OUT10 14.812 0.989 1.062 0.986
FLOW_OUT10 14.681 1.366 1.474575 1.462
FLOW_OUT10 16.261 3.180425 3.466 3.472
FLOW_OUT10 17.808 10.5995 10.98 10.98
FLOW_OUT10 50.996 69.55275 71.91 71.98
FLOW_OUT10 38.077 102.495 106.8525 106.9
FLOW_OUT10 35.75 85.99475 87.19 86.74
FLOW_OUT10 23.23 17.1 23.37525 17.06
FLOW_OUT10 9.55 13.4095 13.6 13.54
FLOW_OUT10 5.475 7.494 8.088 8.043
FLOW_OUT10 6.287 3.120275 3.686025 3.675
FLOW_OUT10 11.469 4.0109 4.565775 4.56
FLOW_OUT10 10.559 1.301475 1.430625 1.428
FLOW_OUT10 30.88 28.0295 36.36 36.37
FLOW_OUT10 16.617 26.82425 38.15 38.2
FLOW_OUT10 21.022 26.96375 36.14 36.18
FLOW_OUT10 38.783 48.98175 56.94 57.06
FLOW_OUT10 168.39 127.1475 130.2 129.3
FLOW_OUT10 130.952 121.7 132.3 122.7
FLOW_OUT10 55.355 62.49 88.002 62.39
FLOW_OUT10 24.905 18.56475 19.50525 18.55
FLOW_OUT10 20.621 13.99 15.41625 14.27
FLOW_OUT10 15.549 7.225 8.726 7.651
FLOW_OUT10 14.804 3.389225 4.201425 3.775
FLOW_OUT10 16.249 7.582 7.91905 7.907
FLOW_OUT10 19.381 7.43195 7.771 7.724
FLOW_OUT10 24.51 5.29375 5.757 5.767
FLOW_OUT10 37.661 11.63375 12.5925 12.54
FLOW_OUT10 121.63 96.1435 106.6525 106.6
FLOW_OUT10 210.29 218.095 229.3 229.3
FLOW_OUT10 144.888 200.0475 204.3 202.4
FLOW_OUT10 69.538 130.8 140.1 130.8
FLOW_OUT10 44.968 25.05 34.7715 25
FLOW_OUT10 34.948 17.99 18.32575 18.04
FLOW_OUT10 25.98 12.28 13.0025 12.7
FLOW_OUT10 15.165 6.551 7.030825 6.92
FLOW_OUT10 25.643 13.97475 14.35 14.33
FLOW_OUT10 24.841 4.395 4.677 4.665
FLOW_OUT10 27.701 7.030425 7.34 7.335
FLOW_OUT10 40.173 21.30475 22.05525 22.04
FLOW_OUT10 51.296 51.1385 53.61 53.69
FLOW_OUT10 65.114 47.3895 48.75 48.75
FLOW_OUT10 35.988 19.53 22.402 19.51
FLOW_OUT10 18.742 10.25 10.6105 10.49
FLOW_OUT10 20.418 4.471175 4.906025 4.895
FLOW_OUT10 17.138 0.802475 1.3964 1.388
FLOW_OUT10 12.745 0.354 0.428 0.374
FLOW_OUT10 12.82 2.344 2.471525 2.339
FLOW_OUT10 66.538 44.9195 46.09 46.12
FLOW_OUT10 46.817 41.87325 43.63 43.68
FLOW_OUT10 30.578 44.02 44.55 44.45
FLOW_OUT10 35.09 54.8775 55.87 55.9
FLOW_OUT10 50.38 80.61 81.95 81.3
FLOW_OUT10 75.02 73.59 76.03 73.75
FLOW_OUT10 59.449 25.32 31.711 25.27
FLOW_OUT10 29.041 13.6 14.20575 13.7
FLOW_OUT10 10.041 6.679875 7.201625 7.055
FLOW_OUT10 10.836 2.461475 2.9655 2.955
FLOW_OUT10 10.807 0.729 1.068775 1.063
FLOW_OUT10 11.575 0.554 0.717 0.551
FLOW_OUT10 10.924 0.655 0.740575 0.65
FLOW_OUT10 11.884 3.4348 3.546525 3.544
FLOW_OUT27 3.072 0.860375 1.021 1.028
FLOW_OUT27 21.15 6.056575 6.759 6.79
FLOW_OUT27 104.1 60.807 63.7 63.77
FLOW_OUT27 62.36 72.14275 74.9715 75
FLOW_OUT27 24.8 39.68 43.03575 39.75
FLOW_OUT27 9.912 14.39 14.70525 14.39
FLOW_OUT27 2.507 8.889125 9.394925 9.335
FLOW_OUT27 1.715 3.625175 4.175975 4.166
FLOW_OUT27 0.7929 0.61785 1.307875 1.3
FLOW_OUT27 1.121 1.019 1.137 1.018
FLOW_OUT27 2.355 0.981 1.055 0.978
FLOW_OUT27 3.229 1.363 1.4721 1.459
FLOW_OUT27 10.67 3.188425 3.473 3.479
FLOW_OUT27 29.03 10.61475 11 11
FLOW_OUT27 130.4 69.57275 71.93 72
FLOW_OUT27 110.2 102.495 106.8525 106.9
FLOW_OUT27 34.41 85.99475 87.19 86.75
FLOW_OUT27 16.71 17.09 23.36525 17.06
FLOW_OUT27 5.486 13.39475 13.59 13.54
FLOW_OUT27 1.865 7.487 8.082 8.038
FLOW_OUT27 1.182 3.108275 3.679025 3.668
FLOW_OUT27 5.838 3.991425 4.556775 4.551
FLOW_OUT27 4.213 1.288475 1.420625 1.418
FLOW_OUT27 82.45 29.029 37.25575 37.22
FLOW_OUT27 55.59 29.609 40.93625 40.49
FLOW_OUT27 33.78 29.31375 38.32 38.08
FLOW_OUT27 83.05 53.0965 60.96 61.08
FLOW_OUT27 166 132.5475 135.6 134.7
FLOW_OUT27 83.24 124.4 135 125.4
FLOW_OUT27 32.03 63.63 89.01775 63.52
FLOW_OUT27 14.46 19.04 20.06525 19.01
FLOW_OUT27 4.981 14.4 15.85625 14.66
FLOW_OUT27 2.491 7.486 9.008575 7.914
FLOW_OUT27 1.516 3.535175 4.361 3.927
FLOW_OUT27 12.13 7.663 8.00905 7.992
FLOW_OUT27 28.18 7.488425 7.83 7.782
FLOW_OUT27 19.06 5.3398 5.802 5.811
FLOW_OUT27 29.52 13.38325 14.48725 14.44
FLOW_OUT27 249.1 106.6425 117.4525 117.4
FLOW_OUT27 274.1 226.1425 237.2 237.2
FLOW_OUT27 133 203.7475 208 206.2
FLOW_OUT27 40.47 132.6 141.7 132.6
FLOW_OUT27 22.23 25.74 35.39625 25.68
FLOW_OUT27 8.875 18.44 18.841 18.46
FLOW_OUT27 3.468 12.6 13.3625 13.03
FLOW_OUT27 2.651 6.751 7.2514 7.133
FLOW_OUT27 22.58 14.09475 14.48 14.45
FLOW_OUT27 15.24 4.478 4.763 4.751
FLOW_OUT27 24.78 7.088425 7.402 7.397
FLOW_OUT27 48.86 21.35 22.1005 22.09
FLOW_OUT27 52.73 51.17325 53.65 53.73
FLOW_OUT27 30.44 47.3995 48.77 48.77
FLOW_OUT27 20.29 19.54 22.41725 19.52
FLOW_OUT27 5.7 10.25 10.60525 10.5
FLOW_OUT27 2.243 4.460175 4.899025 4.888
FLOW_OUT27 1.215 0.749 1.37535 1.368
FLOW_OUT27 0.6013 0.316 0.391 0.334
FLOW_OUT27 3.826 2.331 2.458 2.326
FLOW_OUT27 83.5 44.92425 46.1 46.13
FLOW_OUT27 85.9 41.90325 43.67 43.72
FLOW_OUT27 66.66 44.06 44.6 44.5
FLOW_OUT27 101.9 54.9175 55.92 55.94
FLOW_OUT27 71.78 80.65 81.99 81.34
FLOW_OUT27 38.53 73.61 76.05 73.78
FLOW_OUT27 21.21 25.33 31.711 25.28
FLOW_OUT27 10.68 13.6 14.20575 13.7
FLOW_OUT27 2.667 6.672875 7.1931 7.049
FLOW_OUT27 1.775 2.445475 2.956025 2.945
FLOW_OUT27 1.238 0.6789 1.036775 1.031
FLOW_OUT27 1.16 0.531 0.697 0.529
FLOW_OUT27 1.08 0.648 0.731575 0.643
FLOW_OUT27 5.969 3.4388 3.551525 3.549
