 H-PET_1.txt
L95PPU             U95PPU         M95PPU
15.052001        15.052001        15.052001      
25.836000        25.836000        25.836000      
69.276001        69.276001        69.276001      
105.468010       105.468010       105.468010     
160.727005       160.727005       160.727005     
209.137970       209.137970       209.137970     
212.019012       212.019012       212.019012     
189.928986       189.928986       189.928986     
154.251999       154.251999       154.251999     
88.216003        88.216003        88.216003      
54.577999        54.577999        54.577999      
27.257002        27.257002        27.257002      
17.848000        17.848000        17.848000      
31.255001        31.255001        31.255001      
58.567997        58.567997        58.567997      
113.992989       113.992989       113.992989     
149.403000       149.403000       149.403000     
195.120987       195.120987       195.120987     
219.105988       219.105988       219.105988     
195.860001       195.860001       195.860001     
145.740005       145.740005       145.740005     
82.757011        82.757011        82.757011      
44.511997        44.511997        44.511997      
17.459000        17.459000        17.459000      
12.252999        12.252999        12.252999      
25.675999        25.675999        25.675999      
57.257999        57.257999        57.257999      
105.713005       105.713005       105.713005     
122.387009       122.387009       122.387009     
181.755997       181.755997       181.755997     
214.416000       214.416000       214.416000     
176.669006       176.669006       176.669006     
136.035995       136.035995       136.035995     
94.815002        94.815002        94.815002      
45.014999        45.014999        45.014999      
24.024998        24.024998        24.024998      
17.962999        17.962999        17.962999      
31.046001        31.046001        31.046001      
64.890007        64.890007        64.890007      
111.763000       111.763000       111.763000     
144.979996       144.979996       144.979996     
188.291000       188.291000       188.291000     
208.261978       208.261978       208.261978     
187.821014       187.821014       187.821014     
148.343994       148.343994       148.343994     
88.320992        88.320992        88.320992      
25.828999        25.828999        25.828999      
13.829001        13.829001        13.829001      
24.193001        24.193001        24.193001      
33.625000        33.625000        33.625000      
72.869011        72.869011        72.869011      
117.486008       117.486008       117.486008     
157.749008       157.749008       157.749008     
189.035995       189.035995       189.035995     
205.998016       205.998016       205.998016     
188.146988       188.146988       188.146988     
133.238998       133.238998       133.238998     
83.370003        83.370003        83.370003      
41.386997        41.386997        41.386997      
24.061998        24.061998        24.061998      
28.544003        28.544003        28.544003      
42.550999        42.550999        42.550999      
80.487999        80.487999        80.487999      
108.664001       108.664001       108.664001     
161.837021       161.837021       161.837021     
185.703995       185.703995       185.703995     
206.758026       206.758026       206.758026     
203.110977       203.110977       203.110977     
142.589005       142.589005       142.589005     
87.724991        87.724991        87.724991      
51.299004        51.299004        51.299004      
28.389004        28.389004        28.389004      
23.076002        23.076002        23.076002      
38.653996        38.653996        38.653996      
60.333004        60.333004        60.333004      
99.005989        99.005989        99.005989      
161.893997       161.893997       161.893997     
193.865005       193.865005       193.865005     
210.886978       210.886978       210.886978     
200.594986       200.594986       200.594986     
145.776001       145.776001       145.776001     
82.942009        82.942009        82.942009      
43.799004        43.799004        43.799004      
32.893002        32.893002        32.893002      
27.244999        27.244999        27.244999      
26.608997        26.608997        26.608997      
60.916008        60.916008        60.916008      
120.476997       120.476997       120.476997     
161.156998       161.156998       161.156998     
197.164001       197.164001       197.164001     
205.014999       205.014999       205.014999     
201.051010       201.051010       201.051010     
135.214981       135.214981       135.214981     
94.755989        94.755989        94.755989      
38.346004        38.346004        38.346004      
27.313002        27.313002        27.313002      
14.332000        14.332000        14.332000      
22.949999        22.949999        22.949999      
63.864998        63.864998        63.864998      
115.254013       115.254013       115.254013     
157.884018       157.884018       157.884018     
208.529022       208.529022       208.529022     
211.645996       211.645996       211.645996     
200.477020       200.477020       200.477020     
143.188980       143.188980       143.188980     
93.390007        93.390007        93.390007      
52.785000        52.785000        52.785000      
34.000000        34.000000        34.000000      
28.369001        28.369001        28.369001      
48.489998        48.489998        48.489998      
77.655998        77.655998        77.655998      
119.917984       119.917984       119.917984     
179.307999       179.307999       179.307999     
206.454987       206.454987       206.454987     
204.692993       204.692993       204.692993     
206.098007       206.098007       206.098007     
139.138000       139.138000       139.138000     
97.819000        97.819000        97.819000      
41.803005        41.803005        41.803005      
25.167000        25.167000        25.167000      
25.739000        25.739000        25.739000      
35.796001        35.796001        35.796001      
74.890007        74.890007        74.890007      
123.129997       123.129997       123.129997     
174.514023       174.514023       174.514023     
204.617004       204.617004       204.617004     
225.535019       225.535019       225.535019     
197.169006       197.169006       197.169006     
141.156006       141.156006       141.156006     
77.545998        77.545998        77.545998      
38.136997        38.136997        38.136997      
23.231998        23.231998        23.231998      
26.084000        26.084000        26.084000      
43.764004        43.764004        43.764004      
94.589996        94.589996        94.589996      
129.781998       129.781998       129.781998     
173.181015       173.181015       173.181015     
210.554962       210.554962       210.554962     
206.369995       206.369995       206.369995     
202.992004       202.992004       202.992004     
144.151001       144.151001       144.151001     
91.119011        91.119011        91.119011      
38.529999        38.529999        38.529999      
26.069000        26.069000        26.069000      

 H-SW_3.txt
L95PPU             U95PPU         M95PPU
48.255440        63.163067        60.108879      
63.915958        95.458900        86.297127      
58.737720        95.858284        85.512001      
57.173042        104.683441       92.505753      
36.690338        76.553123        66.563881      
0.000000         0.000000         0.000000       
0.000000         0.000000         0.000000       
0.000000         0.000000         0.000000       
0.000000         0.000000         0.000000       
8.493020         8.588495         8.570625       
13.284000        13.752335        13.695749      
29.720921        33.272758        32.861378      
47.782700        54.030266        53.188248      
60.680119        75.480148        73.331627      
79.355896        108.383186       104.390381     
68.032936        97.718674        94.029121      
56.752972        85.880516        81.782379      
0.171090         16.168005        12.695625      
0.000000         0.000000         0.000000       
0.000000         0.000000         0.000000       
0.000000         0.000000         0.000000       
13.445570        13.498580        13.481124      
12.452419        12.530959        12.498876      
52.067692        73.450226        68.367126      
56.993752        91.287498        78.496124      
72.652023        115.493904       100.867371     
63.736668        105.705833       91.759506      
58.970329        104.827797       90.513626      
53.435402        95.659416        82.277756      
14.006270        52.671471        40.575504      
0.000000         0.000000         0.000000       
0.000000         0.000000         0.000000       
0.000000         0.000000         0.000000       
0.000000         0.000000         0.000000       
6.499030         6.869789         6.687375       
21.348200        24.268522        23.774248      
34.965000        41.790497        40.063629      
38.945740        48.271416        45.607124      
51.772633        82.071426        73.729248      
58.477081        95.257851        85.539246      
45.348660        86.663582        75.853500      
0.130280         24.579496        15.353749      
0.000000         0.000000         0.000000       
0.000000         0.000000         0.000000       
0.000000         0.000000         0.000000       
15.002680        15.253836        15.218750      
72.365021        102.941414       95.593628      
89.319511        116.249611       112.520500     
99.985657        121.980576       118.213623     
92.424408        117.195992       112.664375     
89.937325        108.148811       106.706749     
82.089699        103.511292       101.029503     
59.615620        75.230286        73.826874      
0.014255         2.679940         1.728875       
0.000000         0.000000         0.000000       
0.000000         0.000000         0.000000       
0.003040         0.006760         0.005500       
3.584470         3.721914         3.686875       
43.372158        71.530609        64.813377      
40.434319        68.420761        61.752625      
40.097412        71.364754        64.031372      
33.394348        65.404076        57.953125      
29.500540        60.593040        53.376751      
34.678738        71.399918        62.492752      
9.500760         43.886326        35.515377      
0.000000         0.000000         0.000000       
0.000000         0.000000         0.000000       
0.000000         0.000000         0.000000       
6.276123         6.321570         6.290125       
1.381098         1.417660         1.395750       
0.229080         0.236560         0.235375       
0.000000         0.000000         0.000000       
23.239870        23.602545        23.574001      
24.019930        24.388220        24.359249      
39.264961        49.838020        48.229374      
36.371151        57.632389        53.901379      
17.198061        38.357273        34.612125      
0.000000         0.000000         0.000000       
0.000000         0.000000         0.000000       
0.000000         0.000000         0.000000       
3.411024         3.422160         3.413875       
10.072100        10.099902        10.082500      
18.745350        19.153013        19.116499      
22.980309        23.290504        23.263750      
21.732389        21.956360        21.937124      
44.408371        51.749020        50.769501      
35.257698        46.180817        44.582001      
23.996279        34.880085        33.301128      
26.544670        44.952991        41.591248      
0.000000         0.000000         0.000000       
0.000000         0.000000         0.000000       
0.000000         0.000000         0.000000       
0.000000         0.000000         0.000000       
0.458010         0.459893         0.459500       
29.761688        35.258984        34.562126      
32.397980        38.297096        37.565498      
35.463459        41.501209        40.760376      
72.990555        110.656143       100.449120     
68.162300        106.566345       99.079872      
63.634247        105.826096       96.714874      
50.132599        86.279686        78.670753      
0.030143         8.500421         4.620250       
0.000000         0.000000         0.000000       
0.000000         0.000000         0.000000       
0.000000         0.000000         0.000000       
1.567060         1.600480         1.576500       
10.495641        10.646523        10.622500      
14.090380        14.219637        14.201375      
32.237877        37.940296        37.202873      
23.590599        29.454128        28.705624      
19.071579        24.745913        24.016251      
16.473640        22.153582        21.429501      
0.000000         0.000000         0.000000       
0.000000         0.000000         0.000000       
0.000000         0.000000         0.000000       
0.000000         0.000000         0.000000       
0.002000         0.002000         0.002000       
8.503090         8.511523         8.510376       
24.079100        25.306139        25.179501      
20.706779        21.529167        21.444376      
26.633480        28.551771        28.343372      
25.588980        27.085770        26.909876      
36.892109        67.406342        57.861500      
29.396391        59.672794        50.350502      
1.040660         30.128927        21.269501      
0.000000         0.000000         0.000000       
0.000000         0.000000         0.000000       
0.000000         0.000000         0.000000       
5.837010         5.837948         5.837875       
8.848089         8.856492         8.854251       
27.435928        29.115376        28.925625      
47.962318        56.790665        55.285374      
42.073479        50.916821        49.416000      
31.985140        40.703049        39.221001      
32.949520        43.387791        41.690620      
23.986420        32.824135        31.354250      
0.056660         5.360035         4.231625       
0.000000         0.000000         0.000000       
0.000000         0.000000         0.000000       
0.000000         0.000000         0.000000       
1.766010         1.767880         1.767000       
1.407010         1.408890         1.408250       
20.551561        21.634903        21.539251      
42.723789        48.417774        47.801125      

 H-GW_RCHG_1.txt
L95PPU             U95PPU         M95PPU
0.017900         0.373200         0.220000       
0.028710         0.348480         0.218750       
0.041690         0.384860         0.257625       
0.285580         2.836640         0.820375       
0.294182         1.845890         0.665125       
0.256833         1.044500         0.484750       
0.228457         0.633410         0.387625       
0.199620         0.440660         0.308125       
0.166710         0.324030         0.243625       
0.130490         0.269060         0.210250       
0.074670         0.229980         0.173500       
0.045830         0.216020         0.157250       
0.026840         0.197960         0.145500       
0.015070         0.205510         0.130000       
0.227820         1.567780         0.592250       
0.387932         10.008889        3.021250       
0.406743         8.119390         2.898250       
0.359177         4.578290         2.081000       
0.333297         3.195770         1.640875       
0.300573         2.405960         1.283250       
0.263390         1.777980         0.999625       
0.248780         1.516640         0.849500       
0.216887         1.297380         0.687250       
0.197623         1.204910         0.618500       
0.131310         1.079830         0.547625       
0.244913         1.332820         0.709500       
0.293428         5.132020         1.425000       
0.286123         3.670571         1.160375       
0.315033         3.295090         1.132375       
0.297697         1.881370         0.825625       
0.281207         1.182280         0.653625       
0.254270         0.885330         0.513000       
0.223533         0.649800         0.401375       
0.204257         0.553610         0.342625       
0.133840         0.474240         0.278625       
0.082820         0.434260         0.249625       
0.049650         0.385450         0.223125       
0.027130         0.315090         0.199625       
0.024370         0.337780         0.234500       
0.016390         0.331660         0.222500       
0.016190         0.401670         0.243750       
0.011010         0.379930         0.223500       
0.007470         0.326710         0.203750       
0.004880         0.272720         0.179250       
0.003320         0.219080         0.153500       
0.003210         0.208740         0.141000       
0.007500         0.237500         0.151125       
0.249175         3.653100         1.170500       
0.497847         13.243223        4.423875       
0.440867         9.021800         3.537250       
0.545305         10.221730        4.157000       
0.569295         10.058869        4.446875       
0.647470         6.532359         3.552250       
0.529715         4.731990         2.711625       
0.450550         3.732400         2.266375       
0.372435         3.071780         1.866875       
0.311140         2.624020         1.518375       
0.256675         2.416550         1.337250       
0.250060         2.111160         1.145375       
0.153680         1.944480         1.041625       
0.091840         1.727240         0.911000       
0.058530         1.395290         0.732125       
0.043540         1.381220         0.722500       
0.028650         1.192450         0.635125       
0.021760         1.103680         0.604250       
0.016170         0.961980         0.521625       
0.012400         0.886600         0.480625       
0.010370         0.788780         0.428750       
0.008390         0.695660         0.371500       
0.004520         0.662760         0.344500       
0.003140         0.590320         0.299625       
0.002990         0.556140         0.278500       
0.002750         0.511500         0.252125       
0.002375         0.441750         0.216875       
0.002395         0.445470         0.228625       
0.002225         0.413850         0.227625       
0.002190         0.407340         0.230500       
0.001975         0.367350         0.205000       
0.001880         0.353440         0.189750       
0.001730         0.325240         0.170000       
0.001545         0.290460         0.148000       
0.001470         0.276360         0.138125       
0.001310         0.246280         0.123875       
0.001245         0.234060         0.117125       
0.001145         0.215260         0.105750       
0.000970         0.182360         0.092875       
0.001075         0.202100         0.106000       
0.000990         0.186120         0.099375       
0.001015         0.191497         0.104625       
0.001180         0.219480         0.112750       
0.001305         0.242730         0.119750       
0.001120         0.210560         0.108875       
0.000925         0.173900         0.094125       
0.000890         0.165540         0.086875       
0.001050         0.195300         0.090625       
0.000767         0.213900         0.090250       
0.000700         0.195300         0.082625       
0.021075         0.219950         0.098875       
0.184592         3.707280         0.982750       
0.205343         5.526410         1.541000       
0.215440         3.346680         1.154875       
0.207047         1.906160         0.837375       
0.195350         1.404650         0.653875       
0.179163         1.058570         0.506250       
0.159217         0.775450         0.390375       
0.150643         0.612420         0.328000       
0.134025         0.514300         0.264625       
0.084200         0.470600         0.230500       
0.049990         0.417070         0.208000       
0.028350         0.336550         0.169375       
0.019410         0.333130         0.162875       
0.011990         0.287070         0.138250       
0.007790         0.264470         0.125125       
0.005420         0.228060         0.106000       
0.004240         0.210320         0.096250       
0.003000         0.187000         0.084500       
0.002720         0.160960         0.072250       
0.001600         0.148800         0.066000       
0.001380         0.128340         0.062375       
0.001270         0.118110         0.057125       
0.000565         0.106220         0.058500       
0.000470         0.088360         0.050000       
0.016425         0.095900         0.056750       
0.040333         0.133000         0.073750       
0.031330         0.153760         0.072375       
0.017580         0.124880         0.060750       
0.010520         0.106720         0.054375       
0.006440         0.087840         0.047375       
0.003360         0.070680         0.040000       
0.002325         0.063100         0.036500       
0.001325         0.062100         0.033875       
0.001640         0.120040         0.040750       
0.000815         0.151590         0.045375       
0.000635         0.118110         0.036375       
0.000700         0.130200         0.040125       
0.000487         0.135780         0.039750       
0.000657         0.183210         0.045625       
0.000537         0.149730         0.038875       
0.000457         0.127410         0.034875       
0.000377         0.105090         0.029875       
0.000303         0.084630         0.025500       
0.000260         0.072540         0.023000       
0.000227         0.063240         0.020375       
0.000256         0.119040         0.029750       

 S-SNOW_1.txt
L95PPU             U95PPU         M95PPU
11.224999        11.224999        11.224999      
43.799995        43.799995        43.799995      
3.000000         3.000000         3.000000       
3.800000         3.800000         3.800000       
0.000000         0.000000         0.000000       
0.000000         0.000000         0.000000       
0.000000         0.000000         0.000000       
0.000000         0.000000         0.000000       
0.000000         0.000000         0.000000       
0.000000         0.000000         0.000000       
0.000000         0.000000         0.000000       
0.000000         0.000000         0.000000       
26.211000        26.211000        26.211000      
22.300001        22.300001        22.300001      
10.510001        10.510001        10.510001      
0.000000         0.000000         0.000000       
0.000000         0.000000         0.000000       
0.000000         0.000000         0.000000       
0.000000         0.000000         0.000000       
0.000000         0.000000         0.000000       
0.000000         0.000000         0.000000       
0.000000         0.000000         0.000000       
0.000000         0.000000         0.000000       
7.893001         7.893001         7.893001       
24.863003        24.863003        24.863003      
43.054996        43.054996        43.054996      
0.000000         0.000000         0.000000       
0.000000         0.000000         0.000000       
0.000000         0.000000         0.000000       
0.000000         0.000000         0.000000       
0.000000         0.000000         0.000000       
0.000000         0.000000         0.000000       
0.000000         0.000000         0.000000       
0.000000         0.000000         0.000000       
0.000000         0.000000         0.000000       
0.000000         0.000000         0.000000       
28.129000        28.129000        28.129000      
25.875000        25.875000        25.875000      
0.000000         0.000000         0.000000       
0.000000         0.000000         0.000000       
0.000000         0.000000         0.000000       
0.000000         0.000000         0.000000       
0.000000         0.000000         0.000000       
0.000000         0.000000         0.000000       
0.000000         0.000000         0.000000       
0.000000         0.000000         0.000000       
18.025999        18.025999        18.025999      
37.527004        37.527004        37.527004      
15.000000        15.000000        15.000000      
6.200000         6.200000         6.200000       
0.000000         0.000000         0.000000       
0.000000         0.000000         0.000000       
0.000000         0.000000         0.000000       
0.000000         0.000000         0.000000       
0.000000         0.000000         0.000000       
0.000000         0.000000         0.000000       
0.000000         0.000000         0.000000       
0.000000         0.000000         0.000000       
0.000000         0.000000         0.000000       
3.500000         3.500000         3.500000       
12.699999        12.699999        12.699999      
0.000000         0.000000         0.000000       
0.000000         0.000000         0.000000       
0.000000         0.000000         0.000000       
0.000000         0.000000         0.000000       
0.000000         0.000000         0.000000       
0.000000         0.000000         0.000000       
0.000000         0.000000         0.000000       
0.000000         0.000000         0.000000       
0.000000         0.000000         0.000000       
0.000000         0.000000         0.000000       
0.000000         0.000000         0.000000       
6.000000         6.000000         6.000000       
12.025001        12.025001        12.025001      
6.775001         6.775001         6.775001       
0.000000         0.000000         0.000000       
0.000000         0.000000         0.000000       
0.000000         0.000000         0.000000       
0.000000         0.000000         0.000000       
0.000000         0.000000         0.000000       
0.000000         0.000000         0.000000       
0.000000         0.000000         0.000000       
0.000000         0.000000         0.000000       
0.000000         0.000000         0.000000       
2.925000         2.925000         2.925000       
40.666000        40.666000        40.666000      
5.000000         5.000000         5.000000       
0.000000         0.000000         0.000000       
0.000000         0.000000         0.000000       
0.000000         0.000000         0.000000       
0.000000         0.000000         0.000000       
0.000000         0.000000         0.000000       
0.000000         0.000000         0.000000       
0.000000         0.000000         0.000000       
0.000000         0.000000         0.000000       
2.000000         2.000000         2.000000       
9.300000         9.300000         9.300000       
81.338005        81.338005        81.338005      
13.801001        13.801001        13.801001      
0.000000         0.000000         0.000000       
0.000000         0.000000         0.000000       
0.000000         0.000000         0.000000       
0.000000         0.000000         0.000000       
0.000000         0.000000         0.000000       
0.000000         0.000000         0.000000       
0.000000         0.000000         0.000000       
0.000000         0.000000         0.000000       
5.765000         5.765000         5.765000       
0.000000         0.000000         0.000000       
0.000000         0.000000         0.000000       
0.000000         0.000000         0.000000       
0.000000         0.000000         0.000000       
0.000000         0.000000         0.000000       
0.000000         0.000000         0.000000       
0.000000         0.000000         0.000000       
0.000000         0.000000         0.000000       
0.000000         0.000000         0.000000       
0.000000         0.000000         0.000000       
0.000000         0.000000         0.000000       
0.000000         0.000000         0.000000       
3.500000         3.500000         3.500000       
9.982001         9.982001         9.982001       
8.886001         8.886001         8.886001       
0.000000         0.000000         0.000000       
0.000000         0.000000         0.000000       
0.000000         0.000000         0.000000       
0.000000         0.000000         0.000000       
0.000000         0.000000         0.000000       
0.000000         0.000000         0.000000       
0.000000         0.000000         0.000000       
0.000000         0.000000         0.000000       
0.000000         0.000000         0.000000       
2.200000         2.200000         2.200000       
0.000000         0.000000         0.000000       
0.000000         0.000000         0.000000       
0.000000         0.000000         0.000000       
0.000000         0.000000         0.000000       
0.000000         0.000000         0.000000       
0.000000         0.000000         0.000000       
0.000000         0.000000         0.000000       
0.000000         0.000000         0.000000       
0.000000         0.000000         0.000000       
5.400001         5.400001         5.400001       
0.000000         0.000000         0.000000       

 S-PET_1.txt
L95PPU             U95PPU         M95PPU
15.052001        15.052001        15.052001      
25.836000        25.836000        25.836000      
69.276001        69.276001        69.276001      
105.468010       105.468010       105.468010     
160.727005       160.727005       160.727005     
209.137970       209.137970       209.137970     
212.019012       212.019012       212.019012     
189.928986       189.928986       189.928986     
154.251999       154.251999       154.251999     
88.216003        88.216003        88.216003      
54.577999        54.577999        54.577999      
27.257002        27.257002        27.257002      
17.848000        17.848000        17.848000      
31.255001        31.255001        31.255001      
58.567997        58.567997        58.567997      
113.992989       113.992989       113.992989     
149.403000       149.403000       149.403000     
195.120987       195.120987       195.120987     
219.105988       219.105988       219.105988     
195.860001       195.860001       195.860001     
145.740005       145.740005       145.740005     
82.757011        82.757011        82.757011      
44.511997        44.511997        44.511997      
17.459000        17.459000        17.459000      
12.252999        12.252999        12.252999      
25.675999        25.675999        25.675999      
57.257999        57.257999        57.257999      
105.713005       105.713005       105.713005     
122.387009       122.387009       122.387009     
181.755997       181.755997       181.755997     
214.416000       214.416000       214.416000     
176.669006       176.669006       176.669006     
136.035995       136.035995       136.035995     
94.815002        94.815002        94.815002      
45.014999        45.014999        45.014999      
24.024998        24.024998        24.024998      
17.962999        17.962999        17.962999      
31.046001        31.046001        31.046001      
64.890007        64.890007        64.890007      
111.763000       111.763000       111.763000     
144.979996       144.979996       144.979996     
188.291000       188.291000       188.291000     
208.261978       208.261978       208.261978     
187.821014       187.821014       187.821014     
148.343994       148.343994       148.343994     
88.320992        88.320992        88.320992      
25.828999        25.828999        25.828999      
13.829001        13.829001        13.829001      
24.193001        24.193001        24.193001      
33.625000        33.625000        33.625000      
72.869011        72.869011        72.869011      
117.486008       117.486008       117.486008     
157.749008       157.749008       157.749008     
189.035995       189.035995       189.035995     
205.998016       205.998016       205.998016     
188.146988       188.146988       188.146988     
133.238998       133.238998       133.238998     
83.370003        83.370003        83.370003      
41.386997        41.386997        41.386997      
24.061998        24.061998        24.061998      
28.544003        28.544003        28.544003      
42.550999        42.550999        42.550999      
80.487999        80.487999        80.487999      
108.664001       108.664001       108.664001     
161.837021       161.837021       161.837021     
185.703995       185.703995       185.703995     
206.758026       206.758026       206.758026     
203.110977       203.110977       203.110977     
142.589005       142.589005       142.589005     
87.724991        87.724991        87.724991      
51.299004        51.299004        51.299004      
28.389004        28.389004        28.389004      
23.076002        23.076002        23.076002      
38.653996        38.653996        38.653996      
60.333004        60.333004        60.333004      
99.005989        99.005989        99.005989      
161.893997       161.893997       161.893997     
193.865005       193.865005       193.865005     
210.886978       210.886978       210.886978     
200.594986       200.594986       200.594986     
145.776001       145.776001       145.776001     
82.942009        82.942009        82.942009      
43.799004        43.799004        43.799004      
32.893002        32.893002        32.893002      
27.244999        27.244999        27.244999      
26.608997        26.608997        26.608997      
60.916008        60.916008        60.916008      
120.476997       120.476997       120.476997     
161.156998       161.156998       161.156998     
197.164001       197.164001       197.164001     
205.014999       205.014999       205.014999     
201.051010       201.051010       201.051010     
135.214981       135.214981       135.214981     
94.755989        94.755989        94.755989      
38.346004        38.346004        38.346004      
27.313002        27.313002        27.313002      
14.332000        14.332000        14.332000      
22.949999        22.949999        22.949999      
63.864998        63.864998        63.864998      
115.254013       115.254013       115.254013     
157.884018       157.884018       157.884018     
208.529022       208.529022       208.529022     
211.645996       211.645996       211.645996     
200.477020       200.477020       200.477020     
143.188980       143.188980       143.188980     
93.390007        93.390007        93.390007      
52.785000        52.785000        52.785000      
34.000000        34.000000        34.000000      
28.369001        28.369001        28.369001      
48.489998        48.489998        48.489998      
77.655998        77.655998        77.655998      
119.917984       119.917984       119.917984     
179.307999       179.307999       179.307999     
206.454987       206.454987       206.454987     
204.692993       204.692993       204.692993     
206.098007       206.098007       206.098007     
139.138000       139.138000       139.138000     
97.819000        97.819000        97.819000      
41.803005        41.803005        41.803005      
25.167000        25.167000        25.167000      
25.739000        25.739000        25.739000      
35.796001        35.796001        35.796001      
74.890007        74.890007        74.890007      
123.129997       123.129997       123.129997     
174.514023       174.514023       174.514023     
204.617004       204.617004       204.617004     
225.535019       225.535019       225.535019     
197.169006       197.169006       197.169006     
141.156006       141.156006       141.156006     
77.545998        77.545998        77.545998      
38.136997        38.136997        38.136997      
23.231998        23.231998        23.231998      
26.084000        26.084000        26.084000      
43.764004        43.764004        43.764004      
94.589996        94.589996        94.589996      
129.781998       129.781998       129.781998     
173.181015       173.181015       173.181015     
210.554962       210.554962       210.554962     
206.369995       206.369995       206.369995     
202.992004       202.992004       202.992004     
144.151001       144.151001       144.151001     
91.119011        91.119011        91.119011      
38.529999        38.529999        38.529999      
26.069000        26.069000        26.069000      

 S-AET_1.txt
L95PPU             U95PPU         M95PPU
6.136480         7.399748         7.289500       
15.270300        17.641273        17.390625      
30.945221        39.208477        38.180000      
37.899551        51.321487        49.215748      
30.482920        42.817429        40.601124      
28.520830        80.210442        69.065872      
0.003350         1.869300         0.387625       
0.000000         0.000000         0.000000       
0.000000         0.000000         0.000000       
9.141080         9.240443         9.190624       
6.951860         7.501026         7.433500       
6.635250         7.502109         7.424750       
7.064850         8.455801         8.311375       
15.318710        18.852676        18.527250      
32.858959        39.227783        38.695374      
40.688568        53.480621        52.192749      
34.001480        46.668869        44.462875      
40.571918        71.864998        69.125626      
2.278160         28.407534        23.723000      
0.000000         0.000000         0.000000       
0.000000         0.000000         0.000000       
9.249170         9.639962         9.594625       
7.189670         7.721028         7.663000       
8.451980         9.762107         9.620375       
4.016680         4.829707         4.738375       
15.290970        17.068726        16.895000      
28.342989        35.261051        33.952000      
30.063690        43.031219        40.829750      
41.450481        58.325378        55.669376      
43.121101        60.259274        57.946373      
9.824141         60.703880        44.907124      
3.995020         3.996894         3.996750       
3.591060         3.596682         3.596250       
0.000006         0.003720         0.000500       
8.575970         9.695160         9.506624       
9.929020         11.897896        11.652250      
8.757240         9.902906         9.730125       
17.275169        20.844069        20.246500      
28.848860        35.954403        35.132374      
27.010460        34.167118        33.146126      
44.458981        59.339523        57.403374      
47.105129        83.009872        79.852997      
3.131270         28.704611        19.956501      
5.592030         5.594841         5.594625       
0.000000         0.000000         0.000000       
4.361160         4.469813         4.456625       
14.144020        17.330564        16.954124      
9.354711         10.452103        10.352375      
17.842340        20.029634        19.832874      
19.965620        24.316818        23.297625      
33.035889        43.321590        41.917999      
32.145119        40.492702        39.533497      
37.084621        50.433861        48.628250      
40.192860        74.479172        70.662132      
0.204850         19.378811        15.553000      
0.000000         0.000000         0.000000       
2.241008         2.244720         2.241750       
12.449460        13.143243        13.021250      
17.331221        21.756413        21.379999      
7.648370         10.307044        10.076875      
12.195930        15.469374        15.169875      
13.017910        17.976336        17.517250      
19.531250        25.364960        24.782000      
33.509449        45.540936        44.232624      
40.935150        56.130901        54.606003      
12.438560        47.179413        39.292122      
1.999000         1.999000         1.999000       
0.000000         0.000000         0.000000       
6.625700         6.784935         6.766624       
4.770110         5.904990         5.816626       
4.626000         5.094573         5.035875       
0.422110         0.432419         0.431500       
8.308490         8.541842         8.523625       
12.745340        14.089205        13.984500      
29.051289        36.013332        35.460377      
36.106152        46.897354        45.963379      
41.141121        53.984699        52.548878      
12.713691        39.267075        35.530251      
0.000000         0.000000         0.000000       
0.000000         0.000000         0.000000       
3.562650         3.623564         3.618000       
9.217140         9.605117         9.572499       
8.434690         9.436497         9.355875       
8.231100         9.458754         9.362000       
6.428300         7.206131         7.145750       
14.130071        16.941612        16.186874      
22.440939        28.800119        27.610252      
20.297859        26.087963        25.350874      
36.487347        46.722496        45.282875      
44.139019        72.140877        66.296997      
23.440329        36.575218        34.203751      
0.000000         0.000000         0.000000       
4.287090         4.295523         4.294875       
2.948003         2.949860         2.948375       
16.689331        19.811237        19.522625      
12.453239        15.006016        14.783875      
5.294410         6.082545         6.014624       
9.820920         11.125425        10.989874      
29.273329        37.158184        35.861874      
30.309052        41.171326        39.448376      
40.223370        54.672413        52.222626      
38.611088        81.331520        76.765121      
10.718910        28.723845        21.698626      
11.860310        12.920219        12.827000      
3.199000         3.199000         3.199000       
5.426970         5.705303         5.680000       
6.577990         7.139337         7.091750       
4.170620         4.322438         4.307500       
11.906230        14.269442        14.010875      
15.953890        19.596592        19.239126      
16.895050        20.086020        19.794876      
25.344759        30.195421        29.788372      
24.931381        36.206974        35.120377      
0.300000         0.300000         0.300000       
4.902920         4.989138         4.982500       
7.569260         7.874768         7.851250       
1.997000         1.997000         1.997000       
4.822013         4.829441         4.823125       
11.454969        13.231827        13.056001      
7.242330         8.303574         8.203750       
11.252180        13.049621        12.892751      
13.537169        15.799482        15.522875      
25.137400        32.012527        31.239498      
29.251360        39.401070        38.268627      
35.506088        49.009373        47.581623      
9.032460         40.808723        32.161999      
2.299000         2.299000         2.299000       
0.100000         0.100000         0.100000       
2.582080         2.589439         2.588250       
8.842811         9.293572         9.254000       
12.040751        14.265335        14.026250      
11.689640        13.717619        13.530251      
10.057050        12.966880        12.734999      
9.515140         12.527114        12.286250      
22.155581        28.953903        28.324127      
25.644720        32.459618        31.844250      
35.884663        51.409378        50.052750      
0.046790         4.426334         3.520625       
1.000000         1.000000         1.000000       
1.000000         1.000000         1.000000       
4.470870         4.552401         4.545500       
6.575210         6.688606         6.679875       
9.026990         9.400908         9.369374       
14.140699        17.017725        16.776751      

 S-WYLD_1.txt
L95PPU             U95PPU         M95PPU
0.088748         12.202571        2.305250       
1.860870         22.186817        11.700875      
0.094060         12.185899        2.546500       
1.685697         31.069372        10.017375      
0.076663         2.177450         0.555125       
0.019275         0.492300         0.178000       
0.010990         0.378280         0.146250       
0.005745         0.282140         0.118375       
0.003545         0.207920         0.095250       
0.016645         1.368940         0.272000       
0.024589         3.007160         0.493625       
0.043940         8.922520         1.411250       
0.043128         6.798611         1.151500       
0.053272         14.129591        2.384750       
0.680883         35.140289        9.291876       
5.273914         30.290007        11.738625      
1.944873         12.195662        4.506875       
0.035180         2.587220         0.869250       
0.018358         2.005990         0.663250       
0.011023         1.503370         0.542375       
0.006940         1.109440         0.435625       
0.028800         3.664600         0.878500       
0.024827         0.810640         0.394000       
0.176803         31.267532        7.798250       
3.521790         17.875525        12.353000      
4.104240         28.506325        17.130001      
0.181710         5.383090         1.736750       
1.916188         22.419422        6.962125       
0.773045         11.938108        2.892750       
0.060585         3.987619         0.882125       
0.018983         0.754490         0.259625       
0.011487         0.563350         0.209625       
0.007087         0.414900         0.167750       
0.004925         0.351800         0.145250       
0.017048         1.895320         0.377125       
0.051737         9.931058         1.818875       
0.042980         7.084560         1.867250       
0.050117         6.754551         2.285750       
0.169717         30.115911        7.507500       
0.105072         14.522480        2.985875       
0.137198         17.397066        3.806500       
0.087942         6.557031         1.393000       
0.022563         0.231250         0.103750       
0.012510         0.201720         0.081500       
0.007448         0.173470         0.065500       
0.019062         3.395410         0.550750       
0.220952         45.670677        10.545875      
1.547380         12.859699        3.947375       
4.895050         23.256950        10.138125      
3.628240         9.078320         6.007625       
3.678863         23.661846        8.658875       
0.618390         8.830540         4.086875       
0.287630         5.954179         2.793625       
0.024868         3.314710         1.193750       
0.014918         2.581310         1.014375       
0.010455         2.056080         0.845125       
0.007705         1.753260         0.686500       
0.021760         1.623040         0.720875       
0.197292         43.020786        10.586625      
0.090880         1.367840         0.718625       
0.086010         6.192861         1.697625       
0.049052         3.407530         0.917750       
0.037340         2.979100         0.717875       
0.087404         18.834860        4.098875       
0.068466         4.924690         0.945625       
0.035287         0.670980         0.236625       
0.014603         0.609130         0.194000       
0.008423         0.536170         0.164000       
0.016315         1.617180         0.355875       
0.014892         0.428780         0.131250       
0.009772         0.367980         0.109125       
0.003718         0.336870         0.097375       
0.027597         4.965740         0.767500       
0.018242         2.380850         0.398625       
0.101317         20.329699        3.451750       
0.121188         19.721088        3.776750       
0.089415         8.675570         1.705000       
0.025475         0.201700         0.093125       
0.012342         0.172740         0.072000       
0.006300         0.147000         0.058000       
0.011855         0.329060         0.092750       
0.022394         2.878680         0.438875       
0.032560         4.296560         0.631500       
0.027647         2.398290         0.372000       
0.019928         0.450520         0.102375       
0.347765         14.919291        6.391875       
0.055078         6.587269         1.276875       
0.030447         2.271090         0.363000       
0.081874         18.119410        3.683875       
0.056028         2.299810         0.417875       
0.089350         12.779752        3.047625       
0.022390         0.167080         0.061375       
0.013274         0.140410         0.044000       
0.007258         0.126970         0.035875       
0.085687         16.064159        2.477000       
0.048193         2.773550         0.434125       
0.027247         1.278640         0.234125       
0.296850         41.121147        13.246250      
2.843120         24.560480        10.489000      
1.516912         15.396079        4.505500       
0.378286         7.934990         1.891375       
0.044050         1.169950         0.375500       
0.031157         0.908710         0.379250       
0.028660         1.046140         0.390625       
0.011312         0.498250         0.191125       
0.016263         0.645470         0.251625       
0.023210         1.471590         0.354875       
0.018153         0.894780         0.243875       
0.065472         13.139191        2.241375       
0.035617         2.050100         0.381125       
0.026530         1.435740         0.288500       
0.036250         4.748751         0.726250       
0.027417         0.421250         0.135625       
0.011400         0.159800         0.063250       
0.012477         0.144990         0.059250       
0.012750         0.291000         0.087500       
0.005282         0.110090         0.039875       
0.008877         1.229020         0.201000       
0.044037         7.862459         1.214750       
0.022577         0.236830         0.075750       
0.034360         4.818360         0.712250       
0.021792         2.170810         0.672125       
0.611830         40.318573        12.605249      
0.088497         6.911639         1.072750       
0.064933         3.926800         0.674500       
0.034840         0.346480         0.101750       
0.012303         0.096630         0.041375       
0.006205         0.082260         0.030750       
0.009434         0.941720         0.150250       
0.015769         1.165340         0.183625       
0.049355         9.716090         1.542125       
0.071533         13.736601        2.509750       
0.057143         0.800000         0.169125       
0.027118         0.070710         0.040000       
0.045567         8.716200         1.357500       
0.036620         3.039620         0.448125       
0.041657         3.718800         0.542125       
0.014295         0.068870         0.028250       
0.007110         0.058150         0.020000       
0.004098         0.049570         0.015250       
0.006242         0.140850         0.031375       
0.008190         0.114020         0.028250       
0.026266         6.048980         0.886750       
0.075566         11.493280        1.706625       

 R-FLOW_3.txt
L95PPU             U95PPU         M95PPU
0.430943         156.240768       40.482246      
41.235550        345.662354       175.613739     
70.278450        600.941650       277.426270     
58.094921        547.577820       177.206253     
12.225420        121.460281       35.506248      
0.176422         8.717398         1.926837       
0.006733         3.757200         0.573200       
0.001123         0.626634         0.092699       
0.000558         0.311178         0.047823       
0.055543         36.158401        5.604181       
0.283500         158.193008       32.486626      
3.796540         80.486458        24.154751      
0.285237         56.023346        13.710500      
70.222633        601.934692       234.507492     
46.221035        777.648376       265.852509     
78.114555        499.032532       192.982498     
34.816174        178.087112       72.916245      
9.191154         44.739834        21.653625      
0.023533         13.131598        2.425412       
0.013495         7.530210         1.445125       
0.009763         5.447940         1.391350       
0.293333         163.680008       26.607121      
14.801901        214.953400       85.845001      
5.138796         347.012115       83.290749      
39.247799        144.509140       107.588745     
128.690994       626.526062       360.274994     
142.601501       549.879028       322.137512     
103.561798       642.636902       227.825012     
62.247749        413.863007       146.075012     
0.406450         75.599686        35.381500      
0.117750         43.802994        12.191250      
0.085275         31.722300        9.169588       
0.051200         23.807997        6.844977       
0.061000         22.692003        9.173850       
6.926052         309.478210       83.850494      
21.271675        185.133072       59.570000      
24.933800        171.786804       91.244995      
56.694199        324.800598       168.980011     
46.049324        557.778870       183.068756     
46.281158        445.859467       128.062500     
48.134819        440.131287       131.167511     
2.498000         52.078007        22.023876      
0.078967         22.031696        6.054250       
0.039400         14.656801        4.263750       
0.023140         10.875799        3.461275       
0.082875         30.829504        8.171750       
2.410510         914.407227       199.864380     
34.954037        302.955322       112.482498     
127.321335       466.852051       242.937500     
134.040329       312.052979       193.112488     
105.988754       547.014954       221.274994     
150.534790       537.881897       255.487503     
115.712334       397.140961       193.025009     
4.241485         90.911194        44.050377      
0.169600         63.091198        20.895000      
0.096260         44.760899        14.810459      
0.077700         36.518997        13.110091      
0.118900         44.230804        18.303795      
75.882103        1330.246094      437.646240     
71.291100        108.593414       95.849998      
65.022400        153.563171       109.292496     
65.863762        318.168396       123.667503     
8.012005         102.917938       35.562374      
72.993950        731.129395       239.692505     
132.763763       564.514893       245.374985     
82.599968        302.210724       143.401245     
0.212725         79.133698        29.943748      
0.152550         56.748604        19.963751      
0.156167         44.038998        16.742905      
0.085640         39.822601        14.946500      
1.294340         66.996857        24.583248      
2.154940         34.664257        14.423750      
1.643048         114.605064       32.495651      
9.090255         386.722443       119.573624     
29.343565        521.490234       130.639999     
165.878998       882.841003       379.549988     
22.714201        199.241196       73.118744      
0.216900         40.343407        17.884251      
0.096867         27.316401        10.171950      
0.044880         20.869198        6.866250       
0.054225         20.171703        6.421875       
0.150550         56.004601        14.407750      
0.214500         39.897003        12.917763      
0.190875         71.005493        16.150200      
0.223700         83.216393        19.597876      
6.402245         219.382568       95.086380      
0.481500         179.117996       42.551750      
2.091596         443.580139       112.737320     
0.538667         300.576050       55.536125      
0.023143         15.065999        2.211725       
0.197280         91.735191        20.597961      
0.000000         0.000000         0.000000       
0.000002         0.000978         0.000131       
0.088817         49.559696        7.676375       
0.784000         437.472046       80.535370      
0.322333         179.861984       32.921124      
0.521677         35.130928        17.288950      
110.906998       654.351013       390.375000     
236.681000       1065.399048      529.587524     
30.229500        300.873962       98.722504      
15.725300        218.031586       64.379997      
0.162609         32.936501        8.670134       
0.038550         21.510899        4.147637       
0.029960         13.931400        3.848637       
0.018950         10.574100        2.461688       
0.024562         9.235499         2.955441       
0.166040         77.208611        14.108500      
0.073500         20.506498        6.185750       
0.658800         306.341980       73.774628      
0.295333         164.795990       33.125874      
1.462178         118.008766       28.658125      
1.880672         195.216492       42.547001      
0.046686         30.392397        4.085000       
0.000000         0.000000         0.000000       
0.033529         21.827099        3.070750       
0.077271         50.303703        6.986125       
0.000000         0.000000         0.000000       
0.060000         39.060001        5.250912       
0.551000         307.458008       59.225250      
2.173650         113.848892       38.852875      
2.414180         132.568222       39.115372      
42.114700        261.507111       162.071259     
40.176147        869.787659       284.275024     
19.782320        271.418793       77.483749      
0.075375         28.039495        6.998917       
0.003607         2.012520         0.518240       
0.000000         0.000000         0.000000       
0.000000         0.000000         0.000000       
0.043486         28.309202        3.811465       
0.086514         56.320801        7.917725       
0.336167         187.580994       29.634438      
0.690604         318.711334       63.227905      
1.646360         42.042953        15.926000      
10.848750        198.280853       118.953751     
0.304833         170.096985       27.980650      
0.193000         107.694008       19.415545      
0.108357         70.540497        10.417712      
0.001733         1.128090         0.151625       
0.052429         34.130997        4.587500       
0.000000         0.000000         0.000000       
0.000163         0.106206         0.014275       
0.034400         22.394400        3.010000       
0.212500         118.574997       18.691750      
0.293667         163.865967       26.609905      

 R-EVAP_1.txt
L95PPU             U95PPU         M95PPU
0.000995         0.000997         0.000996       
0.001892         0.001896         0.001894       
0.004580         0.004587         0.004582       
0.007207         0.007223         0.007212       
0.010521         0.010624         0.010616       
0.008594         0.013983         0.013443       
0.004805         0.013508         0.011292       
0.002532         0.012003         0.008937       
0.001493         0.010037         0.007143       
0.003205         0.005687         0.004944       
0.003729         0.003730         0.003729       
0.001802         0.001804         0.001802       
0.001180         0.001181         0.001180       
0.002288         0.002293         0.002289       
0.003873         0.003883         0.003876       
0.007795         0.007806         0.007800       
0.009881         0.009890         0.009886       
0.011419         0.013237         0.013092       
0.006292         0.014052         0.013010       
0.003352         0.012426         0.010188       
0.001874         0.009513         0.007465       
0.003339         0.005355         0.004969       
0.003041         0.003043         0.003042       
0.001154         0.001158         0.001155       
0.000811         0.000813         0.000812       
0.001816         0.001822         0.001819       
0.003786         0.003789         0.003787       
0.007186         0.007228         0.007222       
0.008093         0.008102         0.008096       
0.012004         0.012398         0.012367       
0.007888         0.013830         0.012925       
0.004556         0.011284         0.009705       
0.003066         0.008948         0.007428       
0.001891         0.006026         0.005185       
0.002439         0.003042         0.002976       
0.001589         0.001590         0.001589       
0.001188         0.001190         0.001188       
0.002273         0.002275         0.002274       
0.004290         0.004300         0.004293       
0.007636         0.007645         0.007638       
0.009586         0.009605         0.009590       
0.012662         0.012859         0.012840       
0.010057         0.013572         0.013282       
0.005726         0.012048         0.010950       
0.003497         0.009771         0.008293       
0.002172         0.005636         0.005067       
0.001765         0.001772         0.001767       
0.000915         0.000916         0.000915       
0.001602         0.001604         0.001602       
0.002464         0.002466         0.002465       
0.004821         0.004828         0.004824       
0.008028         0.008040         0.008034       
0.010242         0.010439         0.010414       
0.007911         0.012662         0.012291       
0.004004         0.013095         0.011285       
0.002181         0.011879         0.009192       
0.001324         0.008678         0.006771       
0.004395         0.005454         0.005325       
0.002828         0.002834         0.002830       
0.001591         0.001592         0.001592       
0.001887         0.001889         0.001888       
0.003115         0.003116         0.003115       
0.005322         0.005324         0.005323       
0.007424         0.007437         0.007428       
0.010700         0.010709         0.010703       
0.010354         0.012564         0.012343       
0.006237         0.013267         0.011605       
0.003188         0.012861         0.009614       
0.003598         0.009401         0.007446       
0.004282         0.005719         0.005601       
0.002267         0.003439         0.003349       
0.001369         0.001850         0.001813       
0.001411         0.001520         0.001511       
0.002732         0.002733         0.002732       
0.003989         0.003997         0.003991       
0.006764         0.006777         0.006767       
0.010700         0.010709         0.010704       
0.011260         0.013144         0.012982       
0.005700         0.013468         0.011335       
0.002878         0.012666         0.008643       
0.003042         0.009564         0.006819       
0.004190         0.005412         0.005192       
0.002992         0.002994         0.002992       
0.002175         0.002176         0.002175       
0.001801         0.001802         0.001801       
0.001948         0.001953         0.001950       
0.004028         0.004030         0.004028       
0.007344         0.008182         0.008058       
0.009477         0.010594         0.010402       
0.013470         0.013479         0.013471       
0.013560         0.013560         0.013560       
0.010112         0.013119         0.012763       
0.005764         0.009045         0.008508       
0.003286         0.006100         0.005619       
0.002620         0.002625         0.002621       
0.001806         0.001807         0.001806       
0.000948         0.000948         0.000948       
0.001680         0.001687         0.001683       
0.004226         0.004230         0.004227       
0.007877         0.007886         0.007880       
0.010440         0.010449         0.010441       
0.012211         0.014141         0.013989       
0.009365         0.013747         0.013052       
0.008758         0.013010         0.012047       
0.004657         0.009499         0.008326       
0.004334         0.006073         0.005743       
0.003043         0.003577         0.003535       
0.002248         0.002248         0.002248       
0.001876         0.001877         0.001876       
0.003550         0.003551         0.003550       
0.005135         0.005136         0.005135       
0.008193         0.008199         0.008194       
0.009868         0.011749         0.011253       
0.005547         0.013634         0.010556       
0.004492         0.013028         0.009383       
0.005150         0.013162         0.009500       
0.002543         0.009119         0.006531       
0.002130         0.006227         0.004708       
0.002856         0.002859         0.002856       
0.001664         0.001664         0.001664       
0.001702         0.001703         0.001702       
0.002530         0.002531         0.002530       
0.004885         0.004953         0.004945       
0.008413         0.008419         0.008414       
0.011471         0.011536         0.011531       
0.010842         0.013809         0.013404       
0.005576         0.014391         0.011669       
0.002856         0.012457         0.008706       
0.001802         0.009195         0.006271       
0.004297         0.005081         0.004923       
0.002606         0.002609         0.002606       
0.001536         0.001538         0.001536       
0.001725         0.001725         0.001725       
0.003204         0.003204         0.003204       
0.006248         0.006255         0.006253       
0.008867         0.008871         0.008868       
0.010717         0.011411         0.011346       
0.006651         0.013921         0.010607       
0.003335         0.012911         0.007331       
0.001805         0.012599         0.005576       
0.002930         0.009364         0.004801       
0.002253         0.005796         0.004202       
0.002199         0.002608         0.002481       
0.001781         0.001784         0.001781       

 R-SED_OUT_1.txt
L95PPU             U95PPU         M95PPU
546.285706       355632.000000    52362.500000   
46696.699219     978486.187500    387803.750000  
891.500000       497457.000000    89019.750000   
48882.925781     1552518.125000   408085.000000  
74.999992        48825.000000     6562.500000    
0.000000         0.000000         0.000000       
0.000000         0.000000         0.000000       
0.000000         0.000000         0.000000       
0.000000         0.000000         0.000000       
42.714287        27807.000000     3737.500000    
153.857147       100161.000000    13491.062500   
403.857147       262911.000000    35756.000000   
240.857147       156798.000000    23591.125000   
794.166626       443145.000000    68325.500000   
10250.175781     1095163.875000   244707.750000  
11831.160156     789135.500000    211868.250000  
1434.000000      533448.000000    121217.750000  
0.000000         0.000000         0.000000       
0.000000         0.000000         0.000000       
0.000000         0.000000         0.000000       
0.000000         0.000000         0.000000       
106.500000       69331.500000     9318.750000    
11.547142        7517.188965      1010.375000    
768.714294       500433.000000    71383.140625   
69607.750000     616791.500000    257206.250000  
55089.667969     775017.000000    258657.500000  
279.428558       181908.000000    26204.974609   
15283.379883     930931.687500    195963.750000  
1097.166626      612219.000000    108497.250000  
180.714279       117645.000000    16236.625000   
0.000000         0.000000         0.000000       
0.000000         0.000000         0.000000       
0.000000         0.000000         0.000000       
0.000000         0.000000         0.000000       
34.557140        22496.699219     3023.750000    
198.428574       129177.000000    17955.482422   
236.000000       131688.000000    22124.837891   
498.000031       185256.000000    42099.125000   
1425.199951      662718.000000    125936.515625  
1112.833374      620961.000000    110505.875000  
1195.000000      666810.000000    122292.875000  
228.800003       106392.000000    20241.125000   
0.000000         0.000000         0.000000       
0.000000         0.000000         0.000000       
0.000000         0.000000         0.000000       
40.299999        26235.300781     3566.850098    
376.571411       245148.000000    39351.523438   
276.602509       49349.691406     8977.099609    
14434.633789     605082.687500    162405.000000  
1694.741821      334555.750000    103593.171875  
2042.000000      949530.000000    206598.750000  
587.833374       328011.000000    54230.500000   
393.333344       219480.000000    33569.125000   
0.000000         0.000000         0.000000       
0.000000         0.000000         0.000000       
0.000000         0.000000         0.000000       
0.000000         0.000000         0.000000       
16.100000        10481.099609     1408.750000    
540.857117       352098.000000    52936.726563   
5.798571         3774.869629      507.375000     
489.666656       273234.000000    44220.000000   
171.285706       111507.000000    16327.000000   
156.857132       102114.000000    13725.000000   
1750.000000      976500.000000    177352.375000  
248.857147       162006.000000    21775.000000   
4.217143         2745.359619      369.000000     
0.000000         0.000000         0.000000       
0.000000         0.000000         0.000000       
54.528572        35498.101563     4771.250000    
0.000000         0.000000         0.000000       
0.000000         0.000000         0.000000       
0.000000         0.000000         0.000000       
316.714264       206181.000000    27712.500000   
158.000000       102858.000000    13825.000000   
1029.428589      670158.000000    100362.375000  
1536.000000      857088.000000    146111.093750  
812.666626       453468.000000    78680.703125   
0.000000         0.000000         0.000000       
0.000000         0.000000         0.000000       
0.000000         0.000000         0.000000       
8.481429         5521.410156      742.125000     
42.828571        27881.400391     3747.500000    
84.842857        55232.699219     7423.750000    
54.871426        35721.300781     4801.250000    
21.900002        14256.900391     1916.250000    
10854.070313     532123.500000    208288.625000  
646.166687       360561.000000    59951.875000   
137.428574       89466.000000     12025.000000   
1220.000122      680760.000000    128831.250000  
68.071426        44314.500000     6267.875000    
192.166656       107229.000000    18557.287109   
0.000000         0.000000         0.000000       
0.000000         0.000000         0.000000       
0.000000         0.000000         0.000000       
145.571426       94767.000000     13948.299805   
29.142857        18972.000000     2550.000000    
50.228573        32698.800781     4804.987305    
4500.404785      1289052.625000   346608.500000  
26512.166016     627594.500000    209467.500000  
1560.250000      580413.000000    129218.125000  
286.666656       159960.000000    26070.375000   
3.540000         2304.540039      309.750000     
6.338572         4126.409668      554.625000     
14.985714        9755.700195      1343.987549    
0.000000         0.000000         0.000000       
7.317143         4763.459961      640.250000     
7.488572         4875.060059      676.000000     
6.432857         4187.790039      562.875000     
532.500000       297135.000000    45432.125000   
118.028572       76836.601563     10327.500000   
60.899998        39645.898438     5328.750000    
321.142853       209064.000000    28100.000000   
18.857143        12276.000000     1650.000000    
0.000000         0.000000         0.000000       
0.000000         0.000000         0.000000       
10.491428        6829.919922      918.000000     
0.000000         0.000000         0.000000       
67.614288        44016.898438     5916.250000    
177.714279       115692.000000    15953.125000   
7.698572         5011.770020      673.625000     
164.285721       106950.000000    14375.000000   
225.099991       83737.203125     25167.625000   
24442.632813     2313114.750000   690153.750000  
572.285706       372558.000000    51983.750000   
298.142853       194091.000000    28245.375000   
9.538571         6209.610352      834.625000     
0.000000         0.000000         0.000000       
0.000000         0.000000         0.000000       
16.714285        10881.000000     1462.500000    
25.400002        16535.400391     2222.500000    
216.571426       140988.000000    20468.613281   
208.500000       116343.000000    18501.875000   
38.214287        24877.500000     3343.750000    
0.000000         0.000000         0.000000       
674.000000       438774.000000    63796.125000   
239.714279       156054.000000    20975.000000   
75.457138        49122.601563     6602.500000    
0.000000         0.000000         0.000000       
0.000000         0.000000         0.000000       
0.000000         0.000000         0.000000       
2.004286         1304.790039      175.375000     
2.167143         1410.809937      189.625000     
166.428574       108345.000000    14949.875000   
305.285706       198741.000000    27219.763672   

