   1 
1  4.330000e-002
2  1.724000e+000
3  5.643000e-002
4  1.528000e+000
5  3.311000e-001
6  2.376000e-001
7  1.735000e-001
8  1.271000e-001
9  9.470000e-002
10  7.660000e-002
11  6.330000e-002
12  5.471000e-002
13  4.557000e-002
14  3.675000e-002
15  6.619000e-001
16  2.759000e+000
17  1.801000e+000
18  1.312000e+000
19  9.807000e-001
20  7.329000e-001
21  5.525000e-001
22  4.240000e-001
23  3.249000e-001
24  2.881000e-001
25  2.651000e+000
26  3.376000e+000
27  7.541000e-001
28  1.320000e+000
29  6.991000e-001
30  4.890000e-001
31  3.597000e-001
32  2.674000e-001
33  2.011000e-001
34  1.527000e-001
35  1.196000e-001
36  1.018000e-001
37  7.596000e-002
38  6.287000e-002
39  1.627000e-001
40  6.766000e-002
41  1.178000e-001
42  4.842000e-002
43  2.467000e-002
44  1.369000e-002
45  8.759000e-003
46  8.851000e-003
47  1.182000e-001
48  8.068000e-001
49  2.975000e+000
50  2.545000e+000
51  2.471000e+000
52  2.974000e+000
53  2.247000e+000
54  1.686000e+000
55  1.267000e+000
56  9.498000e-001
57  7.177000e-001
58  5.476000e-001
59  4.768000e-001
60  3.526000e-001
61  2.605000e-001
62  1.973000e-001
63  1.478000e-001
64  1.197000e-001
65  9.768000e-002
66  6.424000e-002
67  4.256000e-002
68  2.744000e-002
69  2.194000e-002
70  2.036000e-002
71  1.593000e-002
72  1.292000e-002
73  1.637000e-002
74  1.079000e-002
75  3.104000e-002
76  3.785000e-002
77  2.598000e-002
78  8.756000e-003
79  4.886000e-004
80  0.000000e+000
81  1.179000e-004
82  3.683000e-003
83  9.882000e-003
84  9.542000e-003
85  7.152000e-003
86  4.044000e-001
87  2.367000e-002
88  1.219000e-002
89  1.406000e-002
90  1.618000e-002
91  1.810000e-002
92  4.614000e-003
93  1.466000e-003
94  8.651000e-004
95  2.559000e-002
96  1.957000e-002
97  1.123000e-002
98  4.775000e-001
99  1.801000e+000
100  1.149000e+000
101  7.851000e-001
102  5.844000e-001
103  4.359000e-001
104  3.264000e-001
105  2.451000e-001
106  1.873000e-001
107  1.461000e-001
108  1.115000e-001
109  9.750000e-002
110  7.438000e-002
111  5.271000e-002
112  4.082000e-002
113  2.665000e-002
114  1.350000e-002
115  7.222000e-003
116  3.259000e-003
117  3.075000e-003
118  3.383000e-003
119  1.634000e-002
120  1.238000e-002
121  1.349000e-002
122  7.330000e-003
123  6.467000e-001
124  4.919000e-002
125  2.904000e-002
126  1.289000e-002
127  2.026000e-003
128  4.919000e-005
129  6.900000e-005
130  4.112000e-003
131  1.490000e-002
132  2.185000e-002
133  2.623000e-002
134  1.241000e-002
135  8.299000e-003
136  7.441000e-003
137  5.830000e-003
138  5.660000e-006
139  0.000000e+000
140  0.000000e+000
141  0.000000e+000
   2 
1  2.991000e-002
2  8.928000e-001
3  2.679000e-002
4  7.464000e-001
5  2.197000e-002
6  3.911000e-003
7  1.832000e-004
8  0.000000e+000
9  0.000000e+000
10  1.975000e-003
11  5.927000e-003
12  1.138000e-002
13  1.303000e-002
14  1.202000e-002
15  2.676000e-001
16  3.066000e+000
17  1.612000e+000
18  2.980000e-001
19  2.401000e-003
20  0.000000e+000
21  0.000000e+000
22  4.225000e-003
23  7.584000e-003
24  4.212000e-002
25  1.553000e+000
26  1.892000e+000
27  1.293000e+000
28  8.854000e-001
29  3.392000e-001
30  1.504000e-002
31  2.113000e-003
32  7.308000e-005
33  1.635000e-005
34  2.756000e-005
35  3.185000e-003
36  1.393000e-002
37  9.932000e-003
38  1.082000e-002
39  3.684000e-002
40  2.786000e-002
41  3.671000e-002
42  2.236000e-002
43  5.099000e-003
44  2.104000e-004
45  0.000000e+000
46  9.447000e-004
47  5.690000e-002
48  7.020000e-001
49  4.057000e+000
50  3.341000e+000
51  2.687000e+000
52  2.551000e+000
53  9.167000e-001
54  3.481000e-002
55  2.688000e-004
56  0.000000e+000
57  3.467000e-006
58  2.942000e-003
59  4.739000e-002
60  3.364000e-002
61  2.235000e-002
62  1.737000e-002
63  1.054000e-002
64  1.529000e-002
65  1.888000e-002
66  4.862000e-003
67  8.878000e-005
68  0.000000e+000
69  1.584000e-004
70  1.174000e-003
71  1.312000e-003
72  1.966000e-003
73  7.987000e-003
74  4.529000e-003
75  2.622000e-002
76  3.426000e-002
77  2.328000e-002
78  6.764000e-003
79  8.976000e-005
80  0.000000e+000
81  6.125000e-005
82  3.270000e-003
83  9.378000e-003
84  9.164000e-003
85  6.869000e-003
86  1.356000e-001
87  1.491000e-002
88  5.755000e-003
89  9.153000e-003
90  1.242000e-002
91  1.525000e-002
92  2.725000e-003
93  4.596000e-004
94  1.795000e-004
95  2.462000e-002
96  1.888000e-002
97  1.072000e-002
98  7.524000e-002
99  1.272000e+000
100  1.154000e+000
101  1.567000e-001
102  9.322000e-003
103  1.704000e-003
104  8.545000e-004
105  1.072000e-005
106  1.081000e-003
107  4.983000e-003
108  5.023000e-003
109  1.747000e-002
110  1.336000e-002
111  6.218000e-003
112  5.727000e-003
113  1.098000e-003
114  0.000000e+000
115  0.000000e+000
116  0.000000e+000
117  0.000000e+000
118  8.149000e-005
119  1.133000e-002
120  8.693000e-003
121  1.069000e-002
122  5.224000e-003
123  2.115000e-001
124  3.556000e-002
125  1.849000e-002
126  5.086000e-003
127  1.157000e-005
128  0.000000e+000
129  0.000000e+000
130  1.604000e-003
131  1.284000e-002
132  2.031000e-002
133  2.509000e-002
134  1.154000e-002
135  7.629000e-003
136  6.941000e-003
137  5.465000e-003
138  0.000000e+000
139  0.000000e+000
140  0.000000e+000
141  0.000000e+000
   3 
1  1.901000e-001
2  4.581000e+000
3  2.955000e-001
4  2.509000e+000
5  1.186000e-001
6  8.339000e-002
7  6.651000e-002
8  5.480000e-002
9  4.694000e-002
10  4.643000e-002
11  4.565000e-002
12  4.581000e-002
13  4.285000e-002
14  3.796000e-002
15  1.519000e+000
16  3.328000e+000
17  1.285000e+000
18  6.965000e-001
19  5.923000e-001
20  5.081000e-001
21  4.401000e-001
22  3.886000e-001
23  3.412000e-001
24  9.910000e-001
25  5.261000e+000
26  7.295000e+000
27  2.610000e-001
28  1.678000e+000
29  5.138000e-001
30  1.799000e-001
31  1.456000e-001
32  1.231000e-001
33  1.063000e-001
34  9.327000e-002
35  8.531000e-002
36  8.503000e-002
37  1.445000e-001
38  5.038000e-001
39  1.046000e+000
40  2.459000e-001
41  4.847000e-001
42  1.478000e-001
43  5.992000e-002
44  4.656000e-002
45  3.901000e-002
46  3.638000e-002
47  1.033000e+000
48  9.582000e-001
49  3.097000e+000
50  2.558000e+000
51  2.221000e+000
52  1.632000e+000
53  1.419000e+000
54  1.202000e+000
55  1.035000e+000
56  8.925000e-001
57  7.746000e-001
58  6.773000e-001
59  1.321000e+000
60  5.569000e-001
61  4.957000e-001
62  4.134000e-001
63  3.557000e-001
64  5.748000e-001
65  2.826000e-001
66  2.336000e-001
67  1.962000e-001
68  1.646000e-001
69  1.446000e-001
70  1.296000e-001
71  1.128000e-001
72  9.847000e-002
73  9.160000e-002
74  7.708000e-002
75  9.265000e-002
76  1.270000e-001
77  9.213000e-002
78  5.504000e-002
79  3.883000e-002
80  2.953000e-002
81  2.687000e-002
82  3.042000e-002
83  3.306000e-002
84  2.965000e-002
85  2.457000e-002
86  1.905000e+000
87  3.537000e-002
88  2.323000e-002
89  4.995000e-002
90  3.155000e-002
91  9.462000e-002
92  2.150000e-002
93  1.645000e-002
94  1.402000e-002
95  3.729000e-002
96  2.965000e-002
97  2.002000e-002
98  2.991000e+000
99  3.363000e+000
100  8.781000e-001
101  2.858000e-001
102  2.089000e-001
103  1.751000e-001
104  1.502000e-001
105  1.291000e-001
106  1.142000e-001
107  1.036000e-001
108  9.043000e-002
109  9.130000e-002
110  7.771000e-002
111  6.222000e-002
112  5.426000e-002
113  4.227000e-002
114  3.000000e-002
115  2.368000e-002
116  1.924000e-002
117  1.818000e-002
118  1.758000e-002
119  2.929000e-002
120  2.409000e-002
121  2.409000e-002
122  6.728000e-002
123  2.606000e+000
124  5.084000e-002
125  3.345000e-002
126  1.849000e-002
127  7.626000e-003
128  3.797000e-003
129  3.902000e-003
130  9.683000e-003
131  2.002000e-002
132  3.701000e-002
133  3.212000e-002
134  1.763000e-002
135  1.298000e-002
136  1.154000e-002
137  9.427000e-003
138  5.227000e-004
139  0.000000e+000
140  0.000000e+000
141  0.000000e+000
   4 
1  6.052000e+000
2  1.212000e+001
3  6.040000e+000
4  1.587000e+001
5  1.067000e+000
6  0.000000e+000
7  0.000000e+000
8  0.000000e+000
9  0.000000e+000
10  6.758000e-001
11  1.537000e+000
12  4.425000e+000
13  3.371000e+000
14  7.759000e+000
15  1.741000e+001
16  1.534000e+001
17  5.976000e+000
18  1.256000e-003
19  0.000000e+000
20  0.000000e+000
21  0.000000e+000
22  1.814000e+000
23  2.804000e-001
24  1.551000e+001
25  8.582000e+000
26  1.498000e+001
27  2.662000e+000
28  1.142000e+001
29  5.889000e+000
30  2.031000e+000
31  0.000000e+000
32  0.000000e+000
33  0.000000e+000
34  0.000000e+000
35  9.690000e-001
36  4.925000e+000
37  3.514000e+000
38  3.707000e+000
39  1.494000e+001
40  7.436000e+000
41  8.619000e+000
42  3.347000e+000
43  5.993000e-005
44  0.000000e+000
45  0.000000e+000
46  1.682000e+000
47  2.341000e+001
48  6.327000e+000
49  1.137000e+001
50  4.848000e+000
51  1.161000e+001
52  4.499000e+000
53  2.935000e+000
54  2.751000e-006
55  0.000000e+000
56  0.000000e+000
57  0.000000e+000
58  4.153000e-001
59  2.205000e+001
60  3.394000e-001
61  3.069000e+000
62  1.868000e+000
63  1.472000e+000
64  9.649000e+000
65  2.431000e+000
66  5.105000e-002
67  0.000000e+000
68  0.000000e+000
69  8.250000e-001
70  4.949000e-003
71  3.000000e-003
72  1.590000e-005
73  2.462000e+000
74  1.260000e+000
75  1.008000e+001
76  1.010000e+001
77  4.291000e+000
78  6.301000e-004
79  0.000000e+000
80  0.000000e+000
81  1.653000e-001
82  1.423000e+000
83  2.199000e+000
84  1.187000e+000
85  2.211000e-001
86  8.184000e+000
87  3.263000e+000
88  1.157000e+000
89  8.980000e+000
90  1.164000e+000
91  6.326000e+000
92  3.176000e-005
93  7.017000e-004
94  0.000000e+000
95  8.232000e+000
96  1.373000e+000
97  6.329000e-001
98  2.258000e+001
99  1.209000e+001
100  7.833000e+000
101  3.914000e+000
102  9.456000e-002
103  3.193000e-001
104  5.096000e-001
105  0.000000e+000
106  3.157000e-001
107  7.508000e-001
108  4.414000e-001
109  6.516000e+000
110  1.121000e+000
111  7.063000e-001
112  2.426000e+000
113  1.985000e-001
114  0.000000e+000
115  1.559000e-002
116  1.389000e-001
117  0.000000e+000
118  6.075000e-001
119  4.027000e+000
120  1.149000e-001
121  2.388000e+000
122  1.149000e+000
123  1.999000e+001
124  3.532000e+000
125  1.935000e+000
126  1.656000e-001
127  0.000000e+000
128  0.000000e+000
129  4.807000e-001
130  5.736000e-001
131  4.978000e+000
132  6.813000e+000
133  3.931000e-001
134  1.830000e-002
135  4.318000e+000
136  1.549000e+000
137  1.833000e+000
138  0.000000e+000
139  0.000000e+000
140  0.000000e+000
141  6.921000e-002
   5 
1  6.276000e-001
2  9.065000e+000
3  7.468000e-001
4  4.783000e+000
5  3.965000e-002
6  1.078000e-003
7  0.000000e+000
8  0.000000e+000
9  0.000000e+000
10  1.775000e-003
11  5.634000e-003
12  2.602000e-002
13  1.634000e-001
14  3.602000e-001
15  3.983000e+000
16  5.423000e+000
17  1.402000e+000
18  9.171000e-003
19  1.948000e-004
20  0.000000e+000
21  0.000000e+000
22  3.971000e-003
23  7.290000e-003
24  3.328000e+000
25  8.254000e+000
26  1.276000e+001
27  2.404000e-001
28  2.793000e+000
29  6.894000e-001
30  1.545000e-002
31  6.793000e-004
32  2.743000e-005
33  2.204000e-006
34  1.085000e-005
35  2.991000e-003
36  2.229000e-001
37  1.087000e+000
38  2.070000e+000
39  3.207000e+000
40  9.160000e-001
41  1.215000e+000
42  4.085000e-001
43  3.150000e-003
44  1.256000e-005
45  0.000000e+000
46  8.778000e-004
47  4.352000e+000
48  1.468000e+000
49  4.166000e+000
50  3.046000e+000
51  3.201000e+000
52  4.501000e-001
53  2.351000e-001
54  3.031000e-003
55  5.004000e-006
56  0.000000e+000
57  0.000000e+000
58  2.148000e-003
59  4.383000e+000
60  1.664000e-001
61  4.756000e-001
62  1.297000e-001
63  8.887000e-003
64  1.293000e+000
65  1.591000e-002
66  3.284000e-003
67  0.000000e+000
68  0.000000e+000
69  1.025000e-004
70  7.592000e-004
71  9.005000e-004
72  1.619000e-003
73  7.653000e-003
74  4.241000e-003
75  4.653000e-001
76  9.723000e-001
77  4.124000e-001
78  5.456000e-003
79  5.773000e-006
80  0.000000e+000
81  4.699000e-005
82  3.158000e-003
83  9.223000e-003
84  9.033000e-003
85  6.754000e-003
86  5.018000e+000
87  3.641000e-001
88  5.114000e-003
89  1.126000e+000
90  1.138000e-002
91  1.210000e+000
92  1.895000e-003
93  2.661000e-004
94  6.930000e-005
95  1.309000e-001
96  1.847000e-002
97  3.428000e-002
98  9.209000e+000
99  5.795000e+000
100  1.556000e+000
101  3.762000e-001
102  5.133000e-003
103  4.947000e-004
104  3.909000e-004
105  0.000000e+000
106  8.013000e-004
107  4.654000e-003
108  4.769000e-003
109  1.721000e-001
110  1.295000e-002
111  5.939000e-003
112  5.518000e-003
113  9.842000e-004
114  0.000000e+000
115  0.000000e+000
116  0.000000e+000
117  0.000000e+000
118  7.601000e-005
119  2.020000e-002
120  8.612000e-003
121  1.062000e-002
122  6.385000e-001
123  6.685000e+000
124  3.614000e-002
125  4.787000e-002
126  3.140000e-003
127  0.000000e+000
128  0.000000e+000
129  0.000000e+000
130  1.367000e-003
131  7.437000e-002
132  5.739000e-001
133  2.373000e-002
134  1.078000e-002
135  5.623000e-002
136  6.584000e-003
137  5.244000e-003
138  0.000000e+000
139  0.000000e+000
140  0.000000e+000
141  0.000000e+000
   6 
1  2.805000e-001
2  6.534000e+000
3  4.021000e-001
4  3.367000e+000
5  3.081000e-002
6  1.803000e-003
7  3.295000e-006
8  0.000000e+000
9  0.000000e+000
10  1.893000e-003
11  5.819000e-003
12  1.130000e-002
13  3.097000e-002
14  6.145000e-002
15  2.424000e+000
16  3.721000e+000
17  8.706000e-001
18  1.197000e-002
19  7.629000e-004
20  0.000000e+000
21  0.000000e+000
22  4.105000e-003
23  7.465000e-003
24  1.646000e+000
25  6.695000e+000
26  9.904000e+000
27  7.116000e-002
28  1.912000e+000
29  4.655000e-001
30  1.131000e-002
31  1.035000e-003
32  3.630000e-005
33  8.539000e-006
34  1.605000e-005
35  3.093000e-003
36  1.957000e-002
37  4.162000e-001
38  1.051000e+000
39  1.836000e+000
40  4.662000e-001
41  7.148000e-001
42  2.073000e-001
43  4.004000e-003
44  6.770000e-005
45  0.000000e+000
46  9.099000e-004
47  2.223000e+000
48  1.023000e+000
49  3.356000e+000
50  2.704000e+000
51  2.033000e+000
52  2.657000e-001
53  1.079000e-001
54  4.293000e-003
55  2.798000e-005
56  0.000000e+000
57  0.000000e+000
58  2.266000e-003
59  2.047000e+000
60  3.304000e-001
61  3.899000e-001
62  1.261000e-001
63  9.620000e-003
64  6.651000e-001
65  1.697000e-002
66  3.896000e-003
67  1.055000e-005
68  0.000000e+000
69  1.145000e-004
70  8.892000e-004
71  1.028000e-003
72  1.724000e-003
73  7.755000e-003
74  4.328000e-003
75  1.232000e-001
76  3.375000e-001
77  1.567000e-001
78  6.220000e-003
79  4.811000e-005
80  0.000000e+000
81  5.315000e-005
82  3.205000e-003
83  9.281000e-003
84  9.080000e-003
85  6.794000e-003
86  3.194000e+000
87  6.182000e-002
88  5.460000e-003
89  3.328000e-001
90  1.144000e-002
91  3.664000e-001
92  2.350000e-003
93  3.558000e-004
94  1.053000e-004
95  2.442000e-002
96  1.871000e-002
97  1.246000e-002
98  5.535000e+000
99  4.564000e+000
100  1.018000e+000
101  1.830000e-001
102  6.182000e-003
103  7.825000e-004
104  5.137000e-004
105  2.628000e-006
106  9.285000e-004
107  4.819000e-003
108  4.905000e-003
109  1.749000e-002
110  1.328000e-002
111  6.145000e-003
112  5.660000e-003
113  1.058000e-003
114  0.000000e+000
115  0.000000e+000
116  0.000000e+000
117  0.000000e+000
118  7.929000e-005
119  1.130000e-002
120  8.662000e-003
121  1.066000e-002
122  2.561000e-001
123  4.276000e+000
124  2.858000e-002
125  1.533000e-002
126  3.777000e-003
127  0.000000e+000
128  0.000000e+000
129  0.000000e+000
130  1.476000e-003
131  1.270000e-002
132  1.853000e-001
133  2.457000e-002
134  1.126000e-002
135  7.454000e-003
136  6.825000e-003
137  5.385000e-003
138  0.000000e+000
139  0.000000e+000
140  0.000000e+000
141  0.000000e+000
   7 
1  1.543000e-001
2  2.997000e+000
3  1.913000e-001
4  1.851000e+000
5  1.659000e-001
6  1.316000e-001
7  1.112000e-001
8  9.625000e-002
9  8.535000e-002
10  8.198000e-002
11  7.847000e-002
12  7.606000e-002
13  7.056000e-002
14  6.345000e-002
15  9.426000e-001
16  2.481000e+000
17  1.047000e+000
18  7.332000e-001
19  6.413000e-001
20  5.663000e-001
21  5.045000e-001
22  4.570000e-001
23  4.117000e-001
24  5.720000e-001
25  3.951000e+000
26  5.138000e+000
27  4.731000e-001
28  1.427000e+000
29  4.929000e-001
30  2.785000e-001
31  2.372000e-001
32  2.082000e-001
33  1.852000e-001
34  1.663000e-001
35  1.527000e-001
36  1.472000e-001
37  1.297000e-001
38  2.182000e-001
39  5.237000e-001
40  1.404000e-001
41  3.047000e-001
42  1.105000e-001
43  8.001000e-002
44  6.569000e-002
45  5.719000e-002
46  5.359000e-002
47  3.847000e-001
48  7.315000e-001
49  2.227000e+000
50  1.821000e+000
51  1.668000e+000
52  1.618000e+000
53  1.439000e+000
54  1.268000e+000
55  1.123000e+000
56  9.968000e-001
57  8.898000e-001
58  7.992000e-001
59  9.656000e-001
60  6.744000e-001
61  5.928000e-001
62  5.280000e-001
63  4.676000e-001
64  4.851000e-001
65  3.839000e-001
66  3.303000e-001
67  2.880000e-001
68  2.522000e-001
69  2.270000e-001
70  2.067000e-001
71  1.847000e-001
72  1.654000e-001
73  1.536000e-001
74  1.345000e-001
75  1.423000e-001
76  1.378000e-001
77  1.157000e-001
78  8.905000e-002
79  7.032000e-002
80  5.862000e-002
81  5.372000e-002
82  5.513000e-002
83  5.577000e-002
84  5.051000e-002
85  4.368000e-002
86  9.981000e-001
87  4.971000e-002
88  3.658000e-002
89  3.668000e-002
90  3.713000e-002
91  3.774000e-002
92  2.239000e-002
93  1.774000e-002
94  1.560000e-002
95  3.907000e-002
96  3.153000e-002
97  2.196000e-002
98  1.372000e+000
99  2.338000e+000
100  7.012000e-001
101  3.519000e-001
102  3.000000e-001
103  2.608000e-001
104  2.308000e-001
105  2.046000e-001
106  1.848000e-001
107  1.693000e-001
108  1.514000e-001
109  1.477000e-001
110  1.300000e-001
111  1.106000e-001
112  9.878000e-002
113  8.317000e-002
114  6.753000e-002
115  5.808000e-002
116  5.065000e-002
117  4.687000e-002
118  4.376000e-002
119  5.310000e-002
120  4.584000e-002
121  4.380000e-002
122  3.478000e-002
123  1.443000e+000
124  6.405000e-002
125  4.490000e-002
126  2.871000e-002
127  1.688000e-002
128  1.230000e-002
129  1.179000e-002
130  1.691000e-002
131  2.667000e-002
132  3.253000e-002
133  3.603000e-002
134  2.123000e-002
135  1.638000e-002
136  1.469000e-002
137  1.235000e-002
138  1.918000e-003
139  3.023000e-005
140  0.000000e+000
141  9.361000e-006
   8 
1  1.125000e+000
2  9.896000e+000
3  1.606000e+000
4  7.507000e+000
5  1.887000e-001
6  1.119000e-001
7  9.814000e-002
8  8.719000e-002
9  7.918000e-002
10  7.806000e-002
11  1.107000e-001
12  5.461000e-001
13  5.048000e-001
14  1.398000e+000
15  7.062000e+000
16  8.604000e+000
17  2.566000e+000
18  1.486000e-001
19  1.282000e-001
20  1.138000e-001
21  1.038000e-001
22  1.067000e-001
23  9.804000e-002
24  6.403000e+000
25  8.650000e+000
26  1.225000e+001
27  6.271000e-001
28  5.064000e+000
29  1.525000e+000
30  2.460000e-001
31  1.087000e-001
32  9.717000e-002
33  8.842000e-002
34  8.173000e-002
35  7.885000e-002
36  1.187000e+000
37  1.508000e+000
38  1.699000e+000
39  5.933000e+000
40  2.030000e+000
41  2.483000e+000
42  9.189000e-001
43  1.000000e-001
44  8.717000e-002
45  7.852000e-002
46  2.081000e-001
47  8.639000e+000
48  2.549000e+000
49  6.167000e+000
50  3.673000e+000
51  6.036000e+000
52  1.536000e+000
53  9.299000e-001
54  2.578000e-001
55  2.302000e-001
56  2.072000e-001
57  1.826000e-001
58  1.716000e-001
59  9.071000e+000
60  1.861000e-001
61  9.453000e-001
62  4.476000e-001
63  1.360000e-001
64  2.776000e+000
65  1.584000e-001
66  1.127000e-001
67  9.650000e-002
68  8.383000e-002
69  7.856000e-002
70  7.583000e-002
71  6.932000e-002
72  6.366000e-002
73  7.395000e-002
74  5.650000e-002
75  1.750000e+000
76  2.605000e+000
77  1.090000e+000
78  7.941000e-002
79  6.552000e-002
80  5.627000e-002
81  5.294000e-002
82  5.600000e-002
83  5.917000e-002
84  5.218000e-002
85  4.602000e-002
86  6.272000e+000
87  8.690000e-001
88  7.606000e-002
89  2.968000e+000
90  2.032000e-001
91  3.076000e+000
92  6.880000e-002
93  6.211000e-002
94  5.672000e-002
95  9.147000e-001
96  7.850000e-002
97  1.134000e-001
98  1.189000e+001
99  7.470000e+000
100  2.834000e+000
101  8.460000e-001
102  1.124000e-001
103  1.013000e-001
104  1.269000e-001
105  8.350000e-002
106  7.846000e-002
107  1.404000e-001
108  7.274000e-002
109  1.200000e+000
110  8.636000e-002
111  7.419000e-002
112  6.844000e-002
113  5.713000e-002
114  4.534000e-002
115  3.920000e-002
116  3.468000e-002
117  3.261000e-002
118  3.121000e-002
119  4.418000e-001
120  4.349000e-002
121  1.139000e-001
122  4.744000e-001
123  1.064000e+001
124  2.278000e-001
125  2.738000e-001
126  4.376000e-002
127  3.263000e-002
128  2.757000e-002
129  2.627000e-002
130  2.962000e-002
131  7.226000e-001
132  1.571000e+000
133  4.872000e-002
134  3.469000e-002
135  5.351000e-001
136  3.658000e-002
137  3.445000e-002
138  2.036000e-002
139  1.518000e-002
140  1.111000e-002
141  1.191000e-002
