   1 
11  2.603000e+000
12  8.903000e+000
13  2.548000e+000
14  9.309000e+001
15  6.545000e+001
16  7.374000e+001
17  4.602000e+001
18  2.550000e+001
19  1.323000e+001
20  7.841000e+000
21  5.718000e+000
22  6.190000e+000
23  2.744000e+001
24  8.579000e+000
25  4.396000e+001
26  1.591000e+002
27  1.721000e+002
28  1.044000e+002
29  9.832000e+001
30  6.926000e+001
31  4.824000e+001
32  3.516000e+001
33  2.643000e+001
34  2.086000e+001
35  2.779000e+001
36  3.328000e+001
37  3.755000e+001
38  8.350000e+001
39  5.425000e+001
40  4.608000e+001
41  5.846000e+001
42  3.828000e+001
43  2.523000e+001
44  1.717000e+001
45  1.250000e+001
46  1.084000e+001
47  1.309000e+001
48  4.338000e+001
49  1.158000e+002
50  1.250000e+002
51  1.185000e+002
52  1.621000e+002
53  1.569000e+002
54  9.298000e+001
55  6.539000e+001
56  4.681000e+001
57  3.630000e+001
58  2.903000e+001
59  1.207000e+002
60  7.926000e+001
61  7.892000e+001
62  6.704000e+001
63  3.551000e+001
64  8.868000e+001
65  1.575000e+002
66  1.297000e+002
67  8.661000e+001
68  6.257000e+001
69  4.796000e+001
70  3.759000e+001
71  2.921000e+001
72  2.286000e+001
73  1.724000e+001
74  2.735000e+001
75  4.749000e+001
76  1.740000e+002
77  6.710000e+001
78  4.498000e+001
79  3.068000e+001
80  2.070000e+001
81  1.557000e+001
82  1.349000e+001
83  1.124000e+001
84  8.745000e+000
85  6.373000e+000
86  1.431000e+001
87  3.191000e+000
88  6.596000e+000
89  0.000000e+000
90  0.000000e+000
91  0.000000e+000
92  0.000000e+000
93  0.000000e+000
94  0.000000e+000
95  0.000000e+000
96  0.000000e+000
97  1.636000e+000
98  1.636000e+002
99  2.588000e+002
100  6.953000e+001
101  5.517000e+001
102  3.594000e+001
103  2.404000e+001
104  1.604000e+001
105  1.215000e+001
106  1.021000e+001
107  8.674000e+000
108  6.901000e+000
109  6.911000e+000
110  4.867000e+000
111  4.281000e+000
112  3.604000e+000
113  0.000000e+000
114  0.000000e+000
115  0.000000e+000
116  0.000000e+000
117  0.000000e+000
118  0.000000e+000
119  0.000000e+000
120  6.315000e+000
121  5.100000e+000
122  6.505000e+001
123  5.534000e+001
124  2.605000e+001
125  1.065000e+001
126  3.497000e+000
127  8.038000e-002
128  0.000000e+000
129  0.000000e+000
130  4.199000e-001
131  1.571000e+000
   2 
11  0.000000e+000
12  3.465000e+000
13  9.705000e-002
14  6.857000e+001
15  4.307000e+001
16  9.016000e+001
17  4.333000e+001
18  9.496000e+000
19  0.000000e+000
20  0.000000e+000
21  0.000000e+000
22  0.000000e+000
23  1.388000e+001
24  4.378000e+000
25  2.955000e+001
26  1.171000e+002
27  1.358000e+002
28  1.148000e+002
29  1.471000e+002
30  7.198000e+001
31  2.037000e+001
32  2.253000e+000
33  0.000000e+000
34  0.000000e+000
35  6.432000e+000
36  2.102000e+001
37  2.424000e+001
38  5.397000e+001
39  4.508000e+001
40  4.737000e+001
41  6.382000e+001
42  2.879000e+001
43  3.747000e+000
44  0.000000e+000
45  0.000000e+000
46  0.000000e+000
47  4.266000e-001
48  3.124000e+001
49  1.084000e+002
50  1.193000e+002
51  1.453000e+002
52  1.650000e+002
53  1.782000e+002
54  6.583000e+001
55  1.878000e+001
56  3.030000e-001
57  0.000000e+000
58  0.000000e+000
59  7.161000e+001
60  7.090000e+001
61  6.435000e+001
62  6.555000e+001
63  3.869000e+001
64  7.191000e+001
65  1.982000e+002
66  1.410000e+002
67  5.988000e+001
68  1.824000e+001
69  5.833000e+000
70  3.635000e+000
71  2.167000e+000
72  2.615000e+000
73  5.465000e-001
74  7.193000e+000
75  2.899000e+001
76  1.639000e+002
77  8.939000e+001
78  2.835000e+001
79  4.514000e+000
80  0.000000e+000
81  0.000000e+000
82  0.000000e+000
83  0.000000e+000
84  0.000000e+000
85  0.000000e+000
86  3.780000e+000
87  0.000000e+000
88  1.109000e+000
89  0.000000e+000
90  0.000000e+000
91  0.000000e+000
92  0.000000e+000
93  0.000000e+000
94  0.000000e+000
95  0.000000e+000
96  0.000000e+000
97  4.244000e-001
98  1.045000e+002
99  2.292000e+002
100  1.281000e+002
101  6.045000e+001
102  1.153000e+001
103  0.000000e+000
104  0.000000e+000
105  0.000000e+000
106  0.000000e+000
107  0.000000e+000
108  0.000000e+000
109  0.000000e+000
110  0.000000e+000
111  1.397000e+000
112  2.085000e+000
113  0.000000e+000
114  0.000000e+000
115  0.000000e+000
116  0.000000e+000
117  0.000000e+000
118  0.000000e+000
119  0.000000e+000
120  1.684000e+000
121  2.106000e+000
122  4.004000e+001
123  3.758000e+001
124  4.052000e+001
125  1.179000e+001
126  1.849000e-001
127  0.000000e+000
128  0.000000e+000
129  0.000000e+000
130  0.000000e+000
131  0.000000e+000
   3 
11  4.724000e+000
12  1.596000e+001
13  5.844000e+000
14  1.587000e+002
15  1.358000e+002
16  8.786000e+001
17  3.735000e+001
18  1.353000e+001
19  7.966000e-001
20  2.473000e-002
21  6.574000e-001
22  3.397000e+000
23  5.202000e+001
24  1.598000e+001
25  7.005000e+001
26  2.575000e+002
27  2.737000e+002
28  1.146000e+002
29  6.795000e+001
30  1.887000e+001
31  1.287000e+001
32  1.141000e+001
33  1.066000e+001
34  1.094000e+001
35  3.469000e+001
36  3.821000e+001
37  6.857000e+001
38  1.422000e+002
39  8.927000e+001
40  5.378000e+001
41  5.378000e+001
42  1.236000e+001
43  7.197000e+000
44  5.646000e+000
45  5.555000e+000
46  7.227000e+000
47  2.767000e+001
48  6.327000e+001
49  1.734000e+002
50  1.548000e+002
51  1.186000e+002
52  1.761000e+002
53  1.290000e+002
54  4.577000e+001
55  3.464000e+001
56  2.900000e+001
57  2.736000e+001
58  2.618000e+001
59  2.145000e+002
60  9.980000e+001
61  1.065000e+002
62  7.758000e+001
63  2.456000e+001
64  1.322000e+002
65  1.612000e+002
66  1.013000e+002
67  4.348000e+001
68  3.642000e+001
69  3.336000e+001
70  3.135000e+001
71  2.854000e+001
72  2.592000e+001
73  2.421000e+001
74  6.585000e+001
75  5.295000e+001
76  2.531000e+002
77  4.272000e+001
78  2.381000e+001
79  1.846000e+001
80  1.479000e+001
81  1.398000e+001
82  1.466000e+001
83  1.430000e+001
84  1.286000e+001
85  1.165000e+001
86  4.471000e+001
87  1.754000e+001
88  3.219000e+001
89  3.816000e+000
90  0.000000e+000
91  3.029000e-002
92  0.000000e+000
93  0.000000e+000
94  2.322000e-003
95  2.361000e+000
96  3.914000e+000
97  1.203000e+001
98  3.201000e+002
99  3.605000e+002
100  2.989000e+001
101  2.045000e+001
102  4.406000e+000
103  1.582000e+000
104  6.990000e-001
105  1.454000e+000
106  3.297000e+000
107  4.430000e+000
108  4.494000e+000
109  2.183000e+001
110  7.901000e+000
111  9.387000e+000
112  7.895000e+000
113  0.000000e+000
114  0.000000e+000
115  0.000000e+000
116  0.000000e+000
117  0.000000e+000
118  0.000000e+000
119  2.033000e+000
120  2.237000e+001
121  1.748000e+001
122  1.455000e+002
123  1.113000e+002
124  2.700000e+001
125  7.875000e-002
126  0.000000e+000
127  0.000000e+000
128  0.000000e+000
129  0.000000e+000
130  0.000000e+000
131  1.373000e-001
   4 
11  1.552000e+002
12  4.297000e+001
13  2.545000e+001
14  5.691000e+002
15  6.736000e+002
16  4.030000e+002
17  1.391000e+002
18  4.825000e+001
19  0.000000e+000
20  0.000000e+000
21  0.000000e+000
22  1.601000e+002
23  2.288000e+002
24  2.326000e+002
25  8.572000e+001
26  5.437000e+002
27  5.531000e+002
28  5.847000e+002
29  3.866000e+002
30  6.358000e+001
31  0.000000e+000
32  8.792000e+000
33  1.664000e+000
34  2.510000e+001
35  3.272000e+002
36  1.501000e+002
37  1.503000e+002
38  3.042000e+002
39  4.613000e+002
40  4.118000e+002
41  3.908000e+002
42  2.526000e+001
43  2.805000e+000
44  2.608000e+000
45  4.285000e-001
46  1.820000e+001
47  7.670000e+002
48  2.653000e+002
49  3.968000e+002
50  2.886000e+002
51  4.783000e+002
52  5.315000e+002
53  3.903000e+002
54  4.643000e+001
55  0.000000e+000
56  0.000000e+000
57  0.000000e+000
58  4.396000e+001
59  1.228000e+003
60  1.081000e+002
61  1.307000e+002
62  3.189000e+002
63  9.503000e+001
64  6.920000e+002
65  5.726000e+002
66  3.196000e+002
67  0.000000e+000
68  0.000000e+000
69  9.988000e-001
70  1.820000e+000
71  7.228000e+001
72  8.271000e+000
73  9.961000e+001
74  4.012000e+002
75  4.570000e+002
76  8.419000e+002
77  1.749000e+002
78  1.070000e+001
79  5.418000e+000
80  0.000000e+000
81  6.584000e-001
82  4.888000e+001
83  2.053000e+001
84  6.417000e+001
85  8.804000e+001
86  1.536000e+002
87  1.615000e+002
88  4.660000e+002
89  2.415000e+002
90  6.521000e+000
91  3.723000e+001
92  0.000000e+000
93  0.000000e+000
94  5.361000e+001
95  3.896000e+002
96  1.780000e+002
97  2.976000e+001
98  4.958000e+002
99  1.029000e+003
100  2.533000e+002
101  2.006000e+002
102  5.200000e+000
103  1.217000e-002
104  2.487000e+000
105  0.000000e+000
106  1.139000e-001
107  7.439000e+001
108  1.958000e+001
109  2.657000e+002
110  1.653000e+002
111  1.214000e+002
112  1.856000e+002
113  3.074000e+001
114  0.000000e+000
115  2.388000e+001
116  5.429000e+001
117  1.158000e-004
118  3.867000e+001
119  2.909000e+002
120  1.214000e+002
121  1.171000e+002
122  2.652000e+002
123  7.599000e+002
124  2.545000e+002
125  1.261000e+001
126  4.231000e-001
127  0.000000e+000
128  0.000000e+000
129  2.866000e+001
130  5.727000e+001
131  1.532000e+002
   5 
11  1.738000e+001
12  1.893000e+001
13  8.051000e+000
14  2.491000e+002
15  2.605000e+002
16  1.544000e+002
17  5.622000e+001
18  1.813000e+001
19  0.000000e+000
20  0.000000e+000
21  0.000000e+000
22  1.720000e-001
23  1.000000e+002
24  4.145000e+001
25  8.205000e+001
26  3.672000e+002
27  4.133000e+002
28  1.800000e+002
29  8.916000e+001
30  2.070000e+000
31  0.000000e+000
32  0.000000e+000
33  0.000000e+000
34  0.000000e+000
35  6.219000e+001
36  3.738000e+001
37  1.245000e+002
38  1.893000e+002
39  1.552000e+002
40  9.275000e+001
41  9.264000e+001
42  4.156000e+000
43  0.000000e+000
44  0.000000e+000
45  0.000000e+000
46  0.000000e+000
47  9.962000e+001
48  1.007000e+002
49  2.407000e+002
50  1.782000e+002
51  1.758000e+002
52  2.528000e+002
53  1.683000e+002
54  1.222000e+001
55  0.000000e+000
56  0.000000e+000
57  0.000000e+000
58  0.000000e+000
59  4.083000e+002
60  1.014000e+002
61  1.200000e+002
62  1.055000e+002
63  9.121000e+000
64  2.078000e+002
65  2.278000e+002
66  1.180000e+002
67  0.000000e+000
68  0.000000e+000
69  0.000000e+000
70  0.000000e+000
71  1.427000e+000
72  2.266000e+000
73  1.604000e+001
74  1.176000e+002
75  7.020000e+001
76  3.996000e+002
77  3.178000e+001
78  1.664000e+000
79  2.290000e-001
80  0.000000e+000
81  0.000000e+000
82  0.000000e+000
83  3.173000e-001
84  1.250000e+000
85  5.974000e+000
86  7.337000e+001
87  2.584000e+001
88  1.009000e+002
89  1.771000e+001
90  0.000000e+000
91  5.536000e+000
92  0.000000e+000
93  0.000000e+000
94  0.000000e+000
95  3.146000e+001
96  1.319000e+001
97  2.551000e+001
98  4.792000e+002
99  5.738000e+002
100  4.125000e+001
101  2.789000e+001
102  7.492000e-001
103  0.000000e+000
104  0.000000e+000
105  0.000000e+000
106  0.000000e+000
107  0.000000e+000
108  0.000000e+000
109  5.956000e+001
110  1.585000e+001
111  2.125000e+001
112  2.846000e+001
113  0.000000e+000
114  0.000000e+000
115  0.000000e+000
116  0.000000e+000
117  0.000000e+000
118  0.000000e+000
119  2.962000e+001
120  4.570000e+001
121  4.242000e+001
122  2.361000e+002
123  2.549000e+002
124  6.096000e+001
125  5.799000e-001
126  0.000000e+000
127  0.000000e+000
128  0.000000e+000
129  0.000000e+000
130  0.000000e+000
131  1.579000e+000
   6 
11  5.715000e+000
12  1.585000e+001
13  6.175000e+000
14  1.985000e+002
15  1.839000e+002
16  1.068000e+002
17  3.807000e+001
18  1.098000e+001
19  0.000000e+000
20  0.000000e+000
21  0.000000e+000
22  0.000000e+000
23  6.851000e+001
24  2.271000e+001
25  7.668000e+001
26  3.039000e+002
27  3.469000e+002
28  1.327000e+002
29  6.009000e+001
30  1.260000e-002
31  0.000000e+000
32  0.000000e+000
33  0.000000e+000
34  0.000000e+000
35  3.610000e+001
36  3.457000e+001
37  9.204000e+001
38  1.717000e+002
39  1.066000e+002
40  5.958000e+001
41  5.690000e+001
42  1.767000e+000
43  0.000000e+000
44  0.000000e+000
45  0.000000e+000
46  0.000000e+000
47  4.477000e+001
48  7.478000e+001
49  2.055000e+002
50  1.627000e+002
51  1.276000e+002
52  1.886000e+002
53  1.153000e+002
54  4.232000e+000
55  0.000000e+000
56  0.000000e+000
57  0.000000e+000
58  2.780000e-001
59  2.784000e+002
60  9.768000e+001
61  1.091000e+002
62  8.167000e+001
63  7.987000e+000
64  1.508000e+002
65  1.736000e+002
66  8.289000e+001
67  0.000000e+000
68  0.000000e+000
69  2.636000e-001
70  3.870000e+000
71  8.129000e+000
72  1.270000e+001
73  1.802000e+001
74  8.349000e+001
75  5.234000e+001
76  3.035000e+002
77  2.227000e+001
78  3.260000e-002
79  7.305000e-003
80  0.000000e+000
81  0.000000e+000
82  1.417000e+000
83  4.783000e+000
84  6.200000e+000
85  7.562000e+000
86  5.820000e+001
87  2.293000e+001
88  5.247000e+001
89  5.621000e+000
90  0.000000e+000
91  1.397000e+000
92  0.000000e+000
93  0.000000e+000
94  0.000000e+000
95  6.267000e+000
96  5.847000e+000
97  1.971000e+001
98  4.097000e+002
99  4.446000e+002
100  2.479000e+001
101  1.542000e+001
102  1.569000e-001
103  0.000000e+000
104  0.000000e+000
105  0.000000e+000
106  0.000000e+000
107  0.000000e+000
108  0.000000e+000
109  3.306000e+001
110  8.350000e+000
111  1.220000e+001
112  1.309000e+001
113  0.000000e+000
114  0.000000e+000
115  0.000000e+000
116  0.000000e+000
117  0.000000e+000
118  0.000000e+000
119  7.752000e+000
120  3.629000e+001
121  2.703000e+001
122  1.932000e+002
123  1.623000e+002
124  3.680000e+001
125  8.503000e-003
126  0.000000e+000
127  0.000000e+000
128  0.000000e+000
129  0.000000e+000
130  0.000000e+000
131  1.254000e-002
   7 
11  6.070000e+000
12  1.529000e+001
13  6.761000e+000
14  1.244000e+002
15  9.473000e+001
16  6.721000e+001
17  3.210000e+001
18  1.406000e+001
19  5.022000e+000
20  3.819000e+000
21  4.764000e+000
22  7.288000e+000
23  4.059000e+001
24  1.298000e+001
25  5.956000e+001
26  2.079000e+002
27  2.094000e+002
28  9.749000e+001
29  6.302000e+001
30  2.777000e+001
31  2.169000e+001
32  1.999000e+001
33  1.882000e+001
34  1.867000e+001
35  3.455000e+001
36  3.886000e+001
37  5.258000e+001
38  1.105000e+002
39  7.061000e+001
40  4.809000e+001
41  4.770000e+001
42  1.995000e+001
43  1.514000e+001
44  1.323000e+001
45  1.269000e+001
46  1.399000e+001
47  2.255000e+001
48  5.405000e+001
49  1.358000e+002
50  1.346000e+002
51  9.751000e+001
52  1.444000e+002
53  1.111000e+002
54  5.318000e+001
55  4.419000e+001
56  3.874000e+001
57  3.712000e+001
58  3.568000e+001
59  1.679000e+002
60  9.138000e+001
61  9.686000e+001
62  7.380000e+001
63  3.297000e+001
64  1.061000e+002
65  1.321000e+002
66  9.222000e+001
67  5.540000e+001
68  4.822000e+001
69  4.515000e+001
70  4.309000e+001
71  4.005000e+001
72  3.683000e+001
73  3.336000e+001
74  5.706000e+001
75  6.083000e+001
76  2.068000e+002
77  4.684000e+001
78  3.329000e+001
79  2.791000e+001
80  2.392000e+001
81  2.281000e+001
82  2.307000e+001
83  2.228000e+001
84  2.041000e+001
85  1.829000e+001
86  3.607000e+001
87  1.738000e+001
88  2.324000e+001
89  6.447000e+000
90  1.006000e+000
91  5.953000e-002
92  0.000000e+000
93  3.832000e-001
94  2.068000e+000
95  4.556000e+000
96  5.368000e+000
97  9.423000e+000
98  2.402000e+002
99  2.965000e+002
100  3.014000e+001
101  2.318000e+001
102  1.265000e+001
103  9.739000e+000
104  8.100000e+000
105  8.622000e+000
106  9.987000e+000
107  1.050000e+001
108  1.007000e+001
109  1.672000e+001
110  1.107000e+001
111  1.057000e+001
112  7.629000e+000
113  4.192000e-003
114  0.000000e+000
115  0.000000e+000
116  0.000000e+000
117  0.000000e+000
118  4.030000e-002
119  1.918000e+000
120  1.655000e+001
121  1.208000e+001
122  1.015000e+002
123  7.790000e+001
124  2.010000e+001
125  8.560000e-001
126  0.000000e+000
127  0.000000e+000
128  0.000000e+000
129  0.000000e+000
130  6.007000e-001
131  2.375000e+000
   8 
11  5.421000e+001
12  2.148000e+001
13  1.373000e+001
14  3.237000e+002
15  3.927000e+002
16  2.462000e+002
17  9.015000e+001
18  3.342000e+001
19  0.000000e+000
20  0.000000e+000
21  0.000000e+000
22  1.815000e+001
23  1.518000e+002
24  8.394000e+001
25  8.665000e+001
26  4.279000e+002
27  4.251000e+002
28  3.051000e+002
29  1.826000e+002
30  1.587000e+001
31  0.000000e+000
32  3.123000e-001
33  5.965000e-002
34  3.137000e-001
35  1.377000e+002
36  6.040000e+001
37  1.231000e+002
38  2.194000e+002
39  2.557000e+002
40  1.802000e+002
41  1.766000e+002
42  1.073000e+001
43  1.009000e-003
44  0.000000e+000
45  0.000000e+000
46  7.120000e-001
47  2.741000e+002
48  1.540000e+002
49  3.044000e+002
50  2.183000e+002
51  2.716000e+002
52  3.423000e+002
53  2.417000e+002
54  2.594000e+001
55  0.000000e+000
56  0.000000e+000
57  0.000000e+000
58  2.668000e+000
59  6.753000e+002
60  1.060000e+002
61  1.220000e+002
62  1.737000e+002
63  2.578000e+001
64  3.472000e+002
65  3.212000e+002
66  1.715000e+002
67  0.000000e+000
68  0.000000e+000
69  4.377000e-002
70  1.514000e+000
71  1.707000e+001
72  4.330000e+000
73  2.659000e+001
74  1.842000e+002
75  1.517000e+002
76  5.693000e+002
77  6.820000e+001
78  7.690000e+000
79  6.551000e-001
80  0.000000e+000
81  0.000000e+000
82  4.721000e+000
83  8.386000e+000
84  4.272000e+000
85  1.827000e+001
86  7.925000e+001
87  5.346000e+001
88  2.129000e+002
89  5.914000e+001
90  2.102000e-001
91  1.470000e+001
92  0.000000e+000
93  0.000000e+000
94  7.051000e+000
95  1.186000e+002
96  4.172000e+001
97  3.061000e+001
98  4.731000e+002
99  7.640000e+002
100  9.737000e+001
101  7.283000e+001
102  2.726000e+000
103  0.000000e+000
104  1.785000e-003
105  0.000000e+000
106  0.000000e+000
107  5.955000e+000
108  5.351000e+000
109  1.071000e+002
110  4.083000e+001
111  4.560000e+001
112  7.073000e+001
113  6.666000e-002
114  0.000000e+000
115  1.386000e+000
116  2.300000e+000
117  0.000000e+000
118  2.040000e-002
119  9.751000e+001
120  6.018000e+001
121  6.359000e+001
122  2.247000e+002
123  4.422000e+002
124  1.208000e+002
125  2.683000e+000
126  0.000000e+000
127  0.000000e+000
128  0.000000e+000
129  2.439000e-001
130  2.739000e+000
131  2.185000e+001
