   1 
1  6.627000e+000
2  6.662000e+001
3  1.059000e+002
4  5.704000e+001
5  2.381000e+001
6  9.362000e+000
7  4.040000e+000
8  6.738000e-001
9  4.798000e-002
10  1.667000e+000
11  2.246000e+000
12  8.776000e+000
13  2.567000e+000
14  9.295000e+001
15  6.744000e+001
16  8.358000e+001
17  5.130000e+001
18  2.798000e+001
19  1.412000e+001
20  8.097000e+000
21  5.858000e+000
22  6.741000e+000
23  2.811000e+001
24  9.614000e+000
25  5.999000e+001
26  1.779000e+002
27  1.748000e+002
28  1.085000e+002
29  9.963000e+001
30  6.882000e+001
31  4.710000e+001
32  3.411000e+001
33  2.560000e+001
34  2.036000e+001
35  2.766000e+001
36  3.339000e+001
37  3.782000e+001
38  8.336000e+001
39  5.401000e+001
40  4.542000e+001
41  5.753000e+001
42  3.678000e+001
43  2.369000e+001
44  1.576000e+001
45  1.134000e+001
46  1.018000e+001
47  1.329000e+001
48  4.679000e+001
49  1.301000e+002
50  1.372000e+002
51  1.282000e+002
52  1.734000e+002
53  1.645000e+002
54  9.747000e+001
55  6.784000e+001
56  4.813000e+001
57  3.733000e+001
58  3.014000e+001
59  1.223000e+002
60  8.055000e+001
61  7.962000e+001
62  6.733000e+001
63  3.512000e+001
64  8.812000e+001
65  1.564000e+002
66  1.283000e+002
67  8.509000e+001
68  6.102000e+001
69  4.685000e+001
70  3.691000e+001
71  2.880000e+001
72  2.265000e+001
73  1.710000e+001
74  2.704000e+001
75  4.707000e+001
76  1.734000e+002
77  6.591000e+001
78  4.338000e+001
79  2.906000e+001
80  1.918000e+001
81  1.443000e+001
82  1.286000e+001
83  1.094000e+001
84  8.504000e+000
85  6.205000e+000
86  1.969000e+001
87  2.854000e+000
88  6.267000e+000
89  0.000000e+000
90  0.000000e+000
91  0.000000e+000
92  0.000000e+000
93  0.000000e+000
94  0.000000e+000
95  0.000000e+000
96  0.000000e+000
97  1.522000e+000
98  1.660000e+002
99  2.669000e+002
100  7.252000e+001
101  5.612000e+001
102  3.541000e+001
103  2.313000e+001
104  1.498000e+001
105  1.137000e+001
106  9.825000e+000
107  8.548000e+000
108  6.893000e+000
109  6.957000e+000
110  4.650000e+000
111  3.792000e+000
112  3.131000e+000
113  0.000000e+000
114  0.000000e+000
115  0.000000e+000
116  0.000000e+000
117  0.000000e+000
118  0.000000e+000
119  0.000000e+000
120  6.183000e+000
121  4.927000e+000
122  6.474000e+001
123  5.752000e+001
124  2.514000e+001
125  9.409000e+000
126  2.164000e+000
127  0.000000e+000
128  0.000000e+000
129  0.000000e+000
130  7.190000e-002
131  1.247000e+000
132  2.753000e+000
133  5.260000e+000
134  2.731000e+001
135  1.110000e-001
136  0.000000e+000
137  0.000000e+000
138  0.000000e+000
139  0.000000e+000
140  0.000000e+000
141  0.000000e+000
   2 
1  1.097000e-002
2  3.959000e+001
3  6.741000e+001
4  6.092000e+001
5  1.995000e+001
6  3.256000e-001
7  0.000000e+000
8  0.000000e+000
9  0.000000e+000
10  0.000000e+000
11  0.000000e+000
12  3.382000e+000
13  1.350000e-001
14  6.831000e+001
15  4.359000e+001
16  1.011000e+002
17  4.773000e+001
18  8.999000e+000
19  0.000000e+000
20  0.000000e+000
21  0.000000e+000
22  0.000000e+000
23  1.372000e+001
24  4.402000e+000
25  3.812000e+001
26  1.260000e+002
27  1.404000e+002
28  1.169000e+002
29  1.471000e+002
30  7.047000e+001
31  1.876000e+001
32  1.466000e+000
33  0.000000e+000
34  0.000000e+000
35  6.274000e+000
36  2.083000e+001
37  2.414000e+001
38  5.378000e+001
39  4.467000e+001
40  4.660000e+001
41  6.278000e+001
42  2.722000e+001
43  2.837000e+000
44  0.000000e+000
45  0.000000e+000
46  0.000000e+000
47  4.450000e-001
48  3.399000e+001
49  1.261000e+002
50  1.334000e+002
51  1.556000e+002
52  1.738000e+002
53  1.799000e+002
54  6.436000e+001
55  1.723000e+001
56  3.368000e-002
57  0.000000e+000
58  0.000000e+000
59  7.137000e+001
60  7.089000e+001
61  6.406000e+001
62  6.532000e+001
63  3.801000e+001
64  7.122000e+001
65  1.970000e+002
66  1.396000e+002
67  5.821000e+001
68  1.673000e+001
69  4.711000e+000
70  3.013000e+000
71  1.762000e+000
72  2.459000e+000
73  4.152000e-001
74  7.049000e+000
75  2.846000e+001
76  1.633000e+002
77  8.814000e+001
78  2.679000e+001
79  3.456000e+000
80  0.000000e+000
81  0.000000e+000
82  0.000000e+000
83  0.000000e+000
84  0.000000e+000
85  0.000000e+000
86  5.251000e+000
87  0.000000e+000
88  9.016000e-001
89  0.000000e+000
90  0.000000e+000
91  0.000000e+000
92  0.000000e+000
93  0.000000e+000
94  0.000000e+000
95  0.000000e+000
96  0.000000e+000
97  3.346000e-001
98  1.050000e+002
99  2.337000e+002
100  1.311000e+002
101  5.948000e+001
102  1.025000e+001
103  0.000000e+000
104  0.000000e+000
105  0.000000e+000
106  0.000000e+000
107  0.000000e+000
108  0.000000e+000
109  0.000000e+000
110  0.000000e+000
111  1.211000e+000
112  1.464000e+000
113  0.000000e+000
114  0.000000e+000
115  0.000000e+000
116  0.000000e+000
117  0.000000e+000
118  0.000000e+000
119  0.000000e+000
120  1.570000e+000
121  1.946000e+000
122  3.973000e+001
123  3.794000e+001
124  3.962000e+001
125  1.056000e+001
126  3.492000e-002
127  0.000000e+000
128  0.000000e+000
129  0.000000e+000
130  0.000000e+000
131  0.000000e+000
132  5.214000e-003
133  1.428000e+000
134  9.850000e+000
135  0.000000e+000
136  0.000000e+000
137  0.000000e+000
138  0.000000e+000
139  0.000000e+000
140  0.000000e+000
141  0.000000e+000
   3 
1  1.659000e+001
2  1.467000e+002
3  2.103000e+002
4  7.804000e+001
5  1.300000e+001
6  3.153000e-001
7  0.000000e+000
8  0.000000e+000
9  0.000000e+000
10  5.339000e-001
11  4.335000e+000
12  1.585000e+001
13  5.908000e+000
14  1.586000e+002
15  1.421000e+002
16  1.049000e+002
17  4.119000e+001
18  1.384000e+001
19  5.673000e-001
20  0.000000e+000
21  5.448000e-001
22  3.883000e+000
23  5.284000e+001
24  2.104000e+001
25  1.067000e+002
26  3.080000e+002
27  2.754000e+002
28  1.217000e+002
29  6.870000e+001
30  1.767000e+001
31  1.135000e+001
32  1.017000e+001
33  9.678000e+000
34  1.032000e+001
35  3.452000e+001
36  3.843000e+001
37  6.930000e+001
38  1.445000e+002
39  9.296000e+001
40  5.368000e+001
41  5.422000e+001
42  1.121000e+001
43  5.699000e+000
44  4.273000e+000
45  4.426000e+000
46  6.565000e+000
47  3.270000e+001
48  6.782000e+001
49  1.917000e+002
50  1.725000e+002
51  1.309000e+002
52  1.816000e+002
53  1.331000e+002
54  4.815000e+001
55  3.611000e+001
56  3.013000e+001
57  2.870000e+001
58  2.796000e+001
59  2.201000e+002
60  1.021000e+002
61  1.083000e+002
62  7.887000e+001
63  2.506000e+001
64  1.332000e+002
65  1.605000e+002
66  1.001000e+002
67  4.205000e+001
68  3.499000e+001
69  3.238000e+001
70  3.085000e+001
71  2.838000e+001
72  2.592000e+001
73  2.440000e+001
74  6.561000e+001
75  5.262000e+001
76  2.527000e+002
77  4.156000e+001
78  2.234000e+001
79  1.687000e+001
80  1.331000e+001
81  1.286000e+001
82  1.406000e+001
83  1.398000e+001
84  1.264000e+001
85  1.147000e+001
86  6.980000e+001
87  1.715000e+001
88  3.134000e+001
89  3.255000e+000
90  0.000000e+000
91  2.537000e-001
92  0.000000e+000
93  0.000000e+000
94  0.000000e+000
95  2.060000e+000
96  3.774000e+000
97  1.197000e+001
98  3.371000e+002
99  3.815000e+002
100  3.221000e+001
101  1.979000e+001
102  3.080000e+000
103  3.171000e-001
104  1.018000e-001
105  5.835000e-001
106  2.698000e+000
107  4.200000e+000
108  4.458000e+000
109  2.199000e+001
110  7.560000e+000
111  8.902000e+000
112  7.583000e+000
113  0.000000e+000
114  0.000000e+000
115  0.000000e+000
116  0.000000e+000
117  0.000000e+000
118  0.000000e+000
119  1.825000e+000
120  2.224000e+001
121  1.722000e+001
122  1.456000e+002
123  1.268000e+002
124  2.621000e+001
125  4.243000e-002
126  0.000000e+000
127  0.000000e+000
128  0.000000e+000
129  0.000000e+000
130  0.000000e+000
131  2.650000e-002
132  1.135000e+001
133  1.101000e+001
134  9.517000e+001
135  2.505000e-001
136  8.135000e-002
137  0.000000e+000
138  0.000000e+000
139  0.000000e+000
140  0.000000e+000
141  0.000000e+000
   4 
1  1.680000e+002
2  3.687000e+002
3  6.411000e+002
4  5.845000e+002
5  1.297000e+002
6  1.458000e+000
7  0.000000e+000
8  0.000000e+000
9  0.000000e+000
10  3.888000e+001
11  1.701000e+002
12  8.629000e+001
13  6.023000e+001
14  6.421000e+002
15  8.329000e+002
16  5.308000e+002
17  1.889000e+002
18  4.743000e+001
19  0.000000e+000
20  0.000000e+000
21  0.000000e+000
22  1.760000e+002
23  2.301000e+002
24  3.728000e+002
25  1.496000e+002
26  6.642000e+002
27  5.807000e+002
28  6.833000e+002
29  4.404000e+002
30  8.129000e+001
31  0.000000e+000
32  8.558000e+000
33  1.495000e+000
34  2.440000e+001
35  3.323000e+002
36  1.975000e+002
37  1.829000e+002
38  3.452000e+002
39  5.964000e+002
40  4.760000e+002
41  4.697000e+002
42  5.583000e+001
43  2.548000e+000
44  2.227000e+000
45  3.542000e-001
46  3.315000e+001
47  9.832000e+002
48  3.232000e+002
49  4.925000e+002
50  3.255000e+002
51  5.803000e+002
52  5.671000e+002
53  4.184000e+002
54  4.570000e+001
55  0.000000e+000
56  0.000000e+000
57  0.000000e+000
58  4.756000e+001
59  1.425000e+003
60  1.110000e+002
61  1.603000e+002
62  3.372000e+002
63  1.101000e+002
64  7.808000e+002
65  5.971000e+002
66  3.188000e+002
67  0.000000e+000
68  0.000000e+000
69  5.597000e+000
70  1.787000e+000
71  7.196000e+001
72  8.109000e+000
73  1.232000e+002
74  4.153000e+002
75  5.586000e+002
76  9.370000e+002
77  2.126000e+002
78  1.008000e+001
79  4.901000e+000
80  0.000000e+000
81  2.395000e+000
82  6.022000e+001
83  4.290000e+001
84  7.635000e+001
85  8.948000e+001
86  2.355000e+002
87  1.926000e+002
88  4.769000e+002
89  3.232000e+002
90  1.620000e+001
91  9.864000e+001
92  0.000000e+000
93  0.000000e+000
94  5.329000e+001
95  4.704000e+002
96  1.934000e+002
97  3.775000e+001
98  6.957000e+002
99  1.128000e+003
100  3.213000e+002
101  2.333000e+002
102  6.052000e+000
103  1.257000e+000
104  8.710000e+000
105  0.000000e+000
106  1.533000e+000
107  8.302000e+001
108  2.205000e+001
109  3.294000e+002
110  1.772000e+002
111  1.268000e+002
112  2.098000e+002
113  3.268000e+001
114  0.000000e+000
115  2.347000e+001
116  5.409000e+001
117  0.000000e+000
118  4.200000e+001
119  3.306000e+002
120  1.223000e+002
121  1.424000e+002
122  2.782000e+002
123  9.324000e+002
124  2.904000e+002
125  3.015000e+001
126  1.947000e+000
127  0.000000e+000
128  0.000000e+000
129  3.044000e+001
130  6.056000e+001
131  2.017000e+002
132  3.427000e+002
133  4.510000e+001
134  2.085000e+002
135  1.829000e+002
136  1.158000e+002
137  7.585000e+001
138  1.213000e+000
139  3.670000e+001
140  0.000000e+000
141  1.142000e-001
   5 
1  3.458000e+001
2  2.423000e+002
3  3.398000e+002
4  1.641000e+002
5  2.106000e+001
6  5.194000e-001
7  0.000000e+000
8  0.000000e+000
9  0.000000e+000
10  0.000000e+000
11  1.697000e+001
12  1.902000e+001
13  8.868000e+000
14  2.510000e+002
15  2.884000e+002
16  1.965000e+002
17  6.611000e+001
18  1.745000e+001
19  0.000000e+000
20  0.000000e+000
21  0.000000e+000
22  3.896000e-002
23  9.979000e+001
24  6.666000e+001
25  1.439000e+002
26  4.621000e+002
27  4.161000e+002
28  1.986000e+002
29  9.254000e+001
30  1.652000e+000
31  0.000000e+000
32  0.000000e+000
33  0.000000e+000
34  0.000000e+000
35  6.181000e+001
36  3.953000e+001
37  1.331000e+002
38  2.025000e+002
39  1.780000e+002
40  9.734000e+001
41  9.918000e+001
42  6.141000e+000
43  0.000000e+000
44  0.000000e+000
45  0.000000e+000
46  0.000000e+000
47  1.322000e+002
48  1.118000e+002
49  2.711000e+002
50  2.009000e+002
51  2.030000e+002
52  2.553000e+002
53  1.692000e+002
54  1.164000e+001
55  0.000000e+000
56  0.000000e+000
57  0.000000e+000
58  0.000000e+000
59  4.417000e+002
60  1.020000e+002
61  1.220000e+002
62  1.056000e+002
63  8.840000e+000
64  2.143000e+002
65  2.270000e+002
66  1.170000e+002
67  0.000000e+000
68  0.000000e+000
69  0.000000e+000
70  0.000000e+000
71  1.058000e+000
72  2.038000e+000
73  1.595000e+001
74  1.172000e+002
75  7.299000e+001
76  4.046000e+002
77  3.309000e+001
78  1.388000e+000
79  1.802000e-001
80  0.000000e+000
81  0.000000e+000
82  0.000000e+000
83  1.261000e-001
84  9.976000e-001
85  5.692000e+000
86  1.351000e+002
87  2.709000e+001
88  1.000000e+002
89  2.292000e+001
90  0.000000e+000
91  1.707000e+001
92  0.000000e+000
93  0.000000e+000
94  0.000000e+000
95  3.202000e+001
96  1.294000e+001
97  2.583000e+001
98  5.470000e+002
99  6.159000e+002
100  5.081000e+001
101  2.892000e+001
102  6.358000e-001
103  0.000000e+000
104  0.000000e+000
105  0.000000e+000
106  0.000000e+000
107  0.000000e+000
108  0.000000e+000
109  6.093000e+001
110  1.542000e+001
111  2.101000e+001
112  2.813000e+001
113  0.000000e+000
114  0.000000e+000
115  0.000000e+000
116  0.000000e+000
117  0.000000e+000
118  0.000000e+000
119  2.945000e+001
120  4.557000e+001
121  4.213000e+001
122  2.418000e+002
123  3.066000e+002
124  6.027000e+001
125  4.563000e-001
126  0.000000e+000
127  0.000000e+000
128  0.000000e+000
129  0.000000e+000
130  0.000000e+000
131  2.249000e+000
132  3.492000e+001
133  1.820000e+001
134  2.000000e+002
135  4.419000e+000
136  7.409000e+000
137  3.027000e-001
138  0.000000e+000
139  0.000000e+000
140  0.000000e+000
141  0.000000e+000
   6 
1  2.182000e+001
2  1.957000e+002
3  2.701000e+002
4  1.025000e+002
5  1.199000e+001
6  1.534000e-001
7  0.000000e+000
8  0.000000e+000
9  0.000000e+000
10  0.000000e+000
11  5.504000e+000
12  1.576000e+001
13  6.079000e+000
14  1.986000e+002
15  1.969000e+002
16  1.322000e+002
17  4.267000e+001
18  1.040000e+001
19  0.000000e+000
20  0.000000e+000
21  0.000000e+000
22  0.000000e+000
23  6.832000e+001
24  3.349000e+001
25  1.265000e+002
26  3.771000e+002
27  3.485000e+002
28  1.428000e+002
29  6.130000e+001
30  0.000000e+000
31  0.000000e+000
32  0.000000e+000
33  0.000000e+000
34  0.000000e+000
35  3.572000e+001
36  3.450000e+001
37  9.486000e+001
38  1.779000e+002
39  1.158000e+002
40  6.073000e+001
41  5.904000e+001
42  2.230000e+000
43  0.000000e+000
44  0.000000e+000
45  0.000000e+000
46  0.000000e+000
47  5.821000e+001
48  8.100000e+001
49  2.270000e+002
50  1.827000e+002
51  1.430000e+002
52  1.891000e+002
53  1.147000e+002
54  3.773000e+000
55  0.000000e+000
56  0.000000e+000
57  0.000000e+000
58  4.837000e-002
59  2.907000e+002
60  9.883000e+001
61  1.103000e+002
62  8.169000e+001
63  7.499000e+000
64  1.525000e+002
65  1.726000e+002
66  8.181000e+001
67  0.000000e+000
68  0.000000e+000
69  4.523000e-002
70  3.149000e+000
71  7.686000e+000
72  1.252000e+001
73  1.797000e+001
74  8.306000e+001
75  5.229000e+001
76  3.039000e+002
77  2.176000e+001
78  0.000000e+000
79  0.000000e+000
80  0.000000e+000
81  0.000000e+000
82  1.020000e+000
83  4.428000e+000
84  5.968000e+000
85  7.346000e+000
86  9.963000e+001
87  2.264000e+001
88  5.183000e+001
89  6.345000e+000
90  0.000000e+000
91  4.660000e+000
92  0.000000e+000
93  0.000000e+000
94  0.000000e+000
95  6.015000e+000
96  5.599000e+000
97  1.958000e+001
98  4.456000e+002
99  4.759000e+002
100  2.950000e+001
101  1.518000e+001
102  7.427000e-002
103  0.000000e+000
104  0.000000e+000
105  0.000000e+000
106  0.000000e+000
107  0.000000e+000
108  0.000000e+000
109  3.292000e+001
110  7.977000e+000
111  1.197000e+001
112  1.281000e+001
113  0.000000e+000
114  0.000000e+000
115  0.000000e+000
116  0.000000e+000
117  0.000000e+000
118  0.000000e+000
119  7.530000e+000
120  3.616000e+001
121  2.676000e+001
122  1.952000e+002
123  1.914000e+002
124  3.619000e+001
125  0.000000e+000
126  0.000000e+000
127  0.000000e+000
128  0.000000e+000
129  0.000000e+000
130  0.000000e+000
131  0.000000e+000
132  1.833000e+001
133  1.379000e+001
134  1.459000e+002
135  1.652000e-001
136  1.584000e+000
137  0.000000e+000
138  0.000000e+000
139  0.000000e+000
140  0.000000e+000
141  0.000000e+000
   7 
1  1.531000e+001
2  1.011000e+002
3  1.551000e+002
4  5.915000e+001
5  1.409000e+001
6  2.008000e+000
7  5.456000e-001
8  6.779000e-002
9  3.346000e-001
10  3.752000e+000
11  5.748000e+000
12  1.526000e+001
13  6.927000e+000
14  1.243000e+002
15  9.799000e+001
16  7.698000e+001
17  3.443000e+001
18  1.435000e+001
19  4.716000e+000
20  3.464000e+000
21  4.728000e+000
22  8.014000e+000
23  4.168000e+001
24  1.522000e+001
25  8.500000e+001
26  2.403000e+002
27  2.111000e+002
28  1.024000e+002
29  6.353000e+001
30  2.671000e+001
31  2.032000e+001
32  1.889000e+001
33  1.796000e+001
34  1.819000e+001
35  3.462000e+001
36  3.922000e+001
37  5.314000e+001
38  1.111000e+002
39  7.181000e+001
40  4.753000e+001
41  4.729000e+001
42  1.856000e+001
43  1.366000e+001
44  1.185000e+001
45  1.157000e+001
46  1.337000e+001
47  2.387000e+001
48  5.726000e+001
49  1.486000e+002
50  1.461000e+002
51  1.048000e+002
52  1.497000e+002
53  1.151000e+002
54  5.571000e+001
55  4.598000e+001
56  4.019000e+001
57  3.885000e+001
58  3.787000e+001
59  1.714000e+002
60  9.403000e+001
61  9.896000e+001
62  7.543000e+001
63  3.385000e+001
64  1.066000e+002
65  1.316000e+002
66  9.130000e+001
67  5.420000e+001
68  4.697000e+001
69  4.436000e+001
70  4.282000e+001
71  4.008000e+001
72  3.712000e+001
73  3.368000e+001
74  5.703000e+001
75  6.069000e+001
76  2.063000e+002
77  4.568000e+001
78  3.185000e+001
79  2.637000e+001
80  2.244000e+001
81  2.169000e+001
82  2.250000e+001
83  2.200000e+001
84  2.027000e+001
85  1.815000e+001
86  4.912000e+001
87  1.701000e+001
88  2.236000e+001
89  5.349000e+000
90  2.338000e-001
91  0.000000e+000
92  0.000000e+000
93  1.052000e-003
94  1.303000e+000
95  4.288000e+000
96  5.226000e+000
97  9.365000e+000
98  2.468000e+002
99  3.095000e+002
100  3.134000e+001
101  2.265000e+001
102  1.142000e+001
103  8.477000e+000
104  6.871000e+000
105  7.740000e+000
106  9.587000e+000
107  1.043000e+001
108  1.028000e+001
109  1.710000e+001
110  1.083000e+001
111  1.017000e+001
112  6.908000e+000
113  0.000000e+000
114  0.000000e+000
115  0.000000e+000
116  0.000000e+000
117  0.000000e+000
118  3.071000e-003
119  1.597000e+000
120  1.645000e+001
121  1.190000e+001
122  1.013000e+002
123  8.484000e+001
124  1.924000e+001
125  3.656000e-001
126  0.000000e+000
127  0.000000e+000
128  0.000000e+000
129  0.000000e+000
130  2.549000e-001
131  2.073000e+000
132  8.115000e+000
133  8.670000e+000
134  5.530000e+001
135  2.995000e-001
136  0.000000e+000
137  0.000000e+000
138  0.000000e+000
139  0.000000e+000
140  0.000000e+000
141  0.000000e+000
   8 
1  6.092000e+001
2  2.442000e+002
3  4.297000e+002
4  3.114000e+002
5  5.045000e+001
6  1.273000e+000
7  0.000000e+000
8  0.000000e+000
9  0.000000e+000
10  5.466000e-004
11  5.499000e+001
12  2.890000e+001
13  1.897000e+001
14  3.402000e+002
15  4.575000e+002
16  3.178000e+002
17  1.110000e+002
18  3.278000e+001
19  0.000000e+000
20  0.000000e+000
21  0.000000e+000
22  1.818000e+001
23  1.522000e+002
24  1.431000e+002
25  1.509000e+002
26  5.266000e+002
27  4.301000e+002
28  3.484000e+002
29  1.954000e+002
30  1.644000e+001
31  0.000000e+000
32  1.627000e-001
33  2.682000e-002
34  1.208000e-001
35  1.379000e+002
36  7.316000e+001
37  1.347000e+002
38  2.335000e+002
39  3.109000e+002
40  1.972000e+002
41  1.996000e+002
42  1.822000e+001
43  0.000000e+000
44  0.000000e+000
45  0.000000e+000
46  2.109000e+000
47  3.550000e+002
48  1.780000e+002
49  3.564000e+002
50  2.466000e+002
51  3.244000e+002
52  3.539000e+002
53  2.493000e+002
54  2.560000e+001
55  0.000000e+000
56  0.000000e+000
57  7.334000e-004
58  2.852000e+000
59  7.586000e+002
60  1.074000e+002
61  1.308000e+002
62  1.779000e+002
63  2.602000e+001
64  3.708000e+002
65  3.208000e+002
66  1.703000e+002
67  0.000000e+000
68  0.000000e+000
69  0.000000e+000
70  1.043000e+000
71  1.694000e+001
72  4.574000e+000
73  2.725000e+001
74  1.843000e+002
75  1.724000e+002
76  5.952000e+002
77  7.621000e+001
78  7.246000e+000
79  5.384000e-001
80  0.000000e+000
81  0.000000e+000
82  4.602000e+000
83  8.968000e+000
84  4.472000e+000
85  1.844000e+001
86  1.466000e+002
87  6.107000e+001
88  2.123000e+002
89  8.322000e+001
90  1.260000e+000
91  4.416000e+001
92  0.000000e+000
93  0.000000e+000
94  6.818000e+000
95  1.295000e+002
96  4.243000e+001
97  3.196000e+001
98  5.798000e+002
99  8.253000e+002
100  1.210000e+002
101  7.960000e+001
102  2.439000e+000
103  0.000000e+000
104  1.263000e-001
105  0.000000e+000
106  5.242000e-004
107  6.670000e+000
108  5.805000e+000
109  1.209000e+002
110  4.137000e+001
111  4.541000e+001
112  7.055000e+001
113  0.000000e+000
114  0.000000e+000
115  1.096000e+000
116  1.799000e+000
117  0.000000e+000
118  4.222000e-003
119  1.028000e+002
120  6.035000e+001
121  6.564000e+001
122  2.300000e+002
123  5.367000e+002
124  1.228000e+002
125  5.008000e+000
126  0.000000e+000
127  0.000000e+000
128  0.000000e+000
129  5.172000e-002
130  2.455000e+000
131  2.978000e+001
132  8.765000e+001
133  2.395000e+001
134  2.096000e+002
135  3.570000e+001
136  3.045000e+001
137  7.189000e+000
138  0.000000e+000
139  0.000000e+000
140  0.000000e+000
141  0.000000e+000
