   1 
1  15.342000
2  19.823999
3  50.203999
4  85.453003
5  138.520004
6  178.179993
7  186.686996
8  181.210999
9  138.229996
10  74.100998
11  46.000999
12  24.841999
13  15.271000
14  17.664000
15  48.588001
16  91.807999
17  123.611000
18  164.669998
19  193.914993
20  186.867004
21  131.292999
22  68.697998
23  41.362000
24  15.816000
25  12.274000
26  17.091999
27  31.438999
28  78.723000
29  103.518997
30  149.296997
31  196.279999
32  160.798004
33  116.509003
34  79.973999
35  39.077999
36  17.506001
37  16.261999
38  23.223000
39  50.252998
40  87.113998
41  111.205002
42  160.115997
43  189.860992
44  167.375000
45  132.436996
46  72.330002
47  28.750000
48  25.195000
49  20.537001
50  28.820999
51  54.214001
52  94.623001
53  127.164001
54  165.279007
55  201.962997
56  184.960999
57  117.139000
58  69.853996
59  36.037998
60  19.771000
61  23.500999
62  31.330000
63  62.819000
64  84.496002
65  120.783997
66  148.479996
67  202.076004
68  195.029999
69  127.876999
70  77.469002
71  41.403000
72  22.474001
73  15.045000
74  28.783001
75  47.095001
76  82.744003
77  133.759003
78  164.199997
79  187.567001
80  174.878006
81  126.417000
82  73.859001
83  39.310001
84  26.201000
85  24.426001
86  26.604000
87  42.369999
88  86.361000
89  127.357002
90  171.856995
91  199.862000
92  194.738007
93  119.991997
94  77.567001
95  32.485001
96  21.149000
97  14.483000
98  20.594000
99  48.935001
100  95.560997
101  131.182999
102  181.576996
103  195.240997
104  178.207993
105  128.431000
106  83.193001
107  46.220001
108  32.925999
109  21.320999
110  35.205002
111  63.268002
112  95.348999
113  149.906998
114  179.399994
115  187.324005
116  178.225998
117  127.767998
118  80.876999
119  33.701000
120  23.912001
121  18.718000
122  25.046000
123  58.414001
124  98.098999
125  142.513000
126  182.684998
127  197.987000
128  172.164001
129  124.587997
130  67.755997
131  30.576000
132  19.056999
133  19.183001
134  25.475000
135  68.633003
136  102.747002
137  139.067993
138  181.154999
139  189.259995
140  180.093994
141  123.925003
142  75.279999
143  39.831001
144  24.736000
   2 
1  15.342000
2  19.823999
3  50.203999
4  85.453003
5  138.520004
6  178.179993
7  186.686996
8  181.210999
9  138.229996
10  74.100998
11  46.000999
12  24.841999
13  15.271000
14  17.664000
15  48.588001
16  91.807999
17  123.611000
18  164.669998
19  193.914993
20  186.867004
21  131.292999
22  68.697998
23  41.362000
24  15.816000
25  12.274000
26  17.091999
27  31.438999
28  78.723000
29  103.518997
30  149.296997
31  196.279999
32  160.798004
33  116.509003
34  79.973999
35  39.077999
36  17.506001
37  16.261999
38  23.223000
39  50.252998
40  87.113998
41  111.205002
42  160.115997
43  189.860992
44  167.375000
45  132.436996
46  72.330002
47  28.750000
48  25.195000
49  20.537001
50  28.820999
51  54.214001
52  94.623001
53  127.164001
54  165.279007
55  201.962997
56  184.960999
57  117.139000
58  69.853996
59  36.037998
60  19.771000
61  23.500999
62  31.330000
63  62.819000
64  84.496002
65  120.783997
66  148.479996
67  202.076004
68  195.029999
69  127.876999
70  77.469002
71  41.403000
72  22.474001
73  15.045000
74  28.783001
75  47.095001
76  82.744003
77  133.759003
78  164.199997
79  187.567001
80  174.878006
81  126.417000
82  73.859001
83  39.310001
84  26.201000
85  24.426001
86  26.604000
87  42.369999
88  86.361000
89  127.357002
90  171.856995
91  199.862000
92  194.738007
93  119.991997
94  77.567001
95  32.485001
96  21.149000
97  14.483000
98  20.594000
99  48.935001
100  95.560997
101  131.182999
102  181.576996
103  195.240997
104  178.207993
105  128.431000
106  83.193001
107  46.220001
108  32.925999
109  21.320999
110  35.205002
111  63.268002
112  95.348999
113  149.906998
114  179.399994
115  187.324005
116  178.225998
117  127.767998
118  80.876999
119  33.701000
120  23.912001
121  18.718000
122  25.046000
123  58.414001
124  98.098999
125  142.513000
126  182.684998
127  197.987000
128  172.164001
129  124.587997
130  67.755997
131  30.576000
132  19.056999
133  19.183001
134  25.475000
135  68.633003
136  102.747002
137  139.067993
138  181.154999
139  189.259995
140  180.093994
141  123.925003
142  75.279999
143  39.831001
144  24.736000
   3 
1  15.342000
2  19.823999
3  50.203999
4  85.453003
5  138.520004
6  178.179993
7  186.686996
8  181.210999
9  138.229996
10  74.100998
11  46.000999
12  24.841999
13  15.271000
14  17.664000
15  48.588001
16  91.807999
17  123.611000
18  164.669998
19  193.914993
20  186.867004
21  131.292999
22  68.697998
23  41.362000
24  15.816000
25  12.274000
26  17.091999
27  31.438999
28  78.723000
29  103.518997
30  149.296997
31  196.279999
32  160.798004
33  116.509003
34  79.973999
35  39.077999
36  17.506001
37  16.261999
38  23.223000
39  50.252998
40  87.113998
41  111.205002
42  160.115997
43  189.860992
44  167.375000
45  132.436996
46  72.330002
47  28.750000
48  25.195000
49  20.537001
50  28.820999
51  54.214001
52  94.623001
53  127.164001
54  165.279007
55  201.962997
56  184.960999
57  117.139000
58  69.853996
59  36.037998
60  19.771000
61  23.500999
62  31.330000
63  62.819000
64  84.496002
65  120.783997
66  148.479996
67  202.076004
68  195.029999
69  127.876999
70  77.469002
71  41.403000
72  22.474001
73  15.045000
74  28.783001
75  47.095001
76  82.744003
77  133.759003
78  164.199997
79  187.567001
80  174.878006
81  126.417000
82  73.859001
83  39.310001
84  26.201000
85  24.426001
86  26.604000
87  42.369999
88  86.361000
89  127.357002
90  171.856995
91  199.862000
92  194.738007
93  119.991997
94  77.567001
95  32.485001
96  21.149000
97  14.483000
98  20.594000
99  48.935001
100  95.560997
101  131.182999
102  181.576996
103  195.240997
104  178.207993
105  128.431000
106  83.193001
107  46.220001
108  32.925999
109  21.320999
110  35.205002
111  63.268002
112  95.348999
113  149.906998
114  179.399994
115  187.324005
116  178.225998
117  127.767998
118  80.876999
119  33.701000
120  23.912001
121  18.718000
122  25.046000
123  58.414001
124  98.098999
125  142.513000
126  182.684998
127  197.987000
128  172.164001
129  124.587997
130  67.755997
131  30.576000
132  19.056999
133  19.183001
134  25.475000
135  68.633003
136  102.747002
137  139.067993
138  181.154999
139  189.259995
140  180.093994
141  123.925003
142  75.279999
143  39.831001
144  24.736000
   4 
1  15.342000
2  19.823999
3  50.203999
4  85.453003
5  138.520004
6  178.179993
7  186.686996
8  181.210999
9  138.229996
10  74.100998
11  46.000999
12  24.841999
13  15.271000
14  17.664000
15  48.588001
16  91.807999
17  123.611000
18  164.669998
19  193.914993
20  186.867004
21  131.292999
22  68.697998
23  41.362000
24  15.816000
25  12.274000
26  17.091999
27  31.438999
28  78.723000
29  103.518997
30  149.296997
31  196.279999
32  160.798004
33  116.509003
34  79.973999
35  39.077999
36  17.506001
37  16.261999
38  23.223000
39  50.252998
40  87.113998
41  111.205002
42  160.115997
43  189.860992
44  167.375000
45  132.436996
46  72.330002
47  28.750000
48  25.195000
49  20.537001
50  28.820999
51  54.214001
52  94.623001
53  127.164001
54  165.279007
55  201.962997
56  184.960999
57  117.139000
58  69.853996
59  36.037998
60  19.771000
61  23.500999
62  31.330000
63  62.819000
64  84.496002
65  120.783997
66  148.479996
67  202.076004
68  195.029999
69  127.876999
70  77.469002
71  41.403000
72  22.474001
73  15.045000
74  28.783001
75  47.095001
76  82.744003
77  133.759003
78  164.199997
79  187.567001
80  174.878006
81  126.417000
82  73.859001
83  39.310001
84  26.201000
85  24.426001
86  26.604000
87  42.369999
88  86.361000
89  127.357002
90  171.856995
91  199.862000
92  194.738007
93  119.991997
94  77.567001
95  32.485001
96  21.149000
97  14.483000
98  20.594000
99  48.935001
100  95.560997
101  131.182999
102  181.576996
103  195.240997
104  178.207993
105  128.431000
106  83.193001
107  46.220001
108  32.925999
109  21.320999
110  35.205002
111  63.268002
112  95.348999
113  149.906998
114  179.399994
115  187.324005
116  178.225998
117  127.767998
118  80.876999
119  33.701000
120  23.912001
121  18.718000
122  25.046000
123  58.414001
124  98.098999
125  142.513000
126  182.684998
127  197.987000
128  172.164001
129  124.587997
130  67.755997
131  30.576000
132  19.056999
133  19.183001
134  25.475000
135  68.633003
136  102.747002
137  139.067993
138  181.154999
139  189.259995
140  180.093994
141  123.925003
142  75.279999
143  39.831001
144  24.736000
   5 
1  15.342000
2  19.823999
3  50.203999
4  85.453003
5  138.520004
6  178.179993
7  186.686996
8  181.210999
9  138.229996
10  74.100998
11  46.000999
12  24.841999
13  15.271000
14  17.664000
15  48.588001
16  91.807999
17  123.611000
18  164.669998
19  193.914993
20  186.867004
21  131.292999
22  68.697998
23  41.362000
24  15.816000
25  12.274000
26  17.091999
27  31.438999
28  78.723000
29  103.518997
30  149.296997
31  196.279999
32  160.798004
33  116.509003
34  79.973999
35  39.077999
36  17.506001
37  16.261999
38  23.223000
39  50.252998
40  87.113998
41  111.205002
42  160.115997
43  189.860992
44  167.375000
45  132.436996
46  72.330002
47  28.750000
48  25.195000
49  20.537001
50  28.820999
51  54.214001
52  94.623001
53  127.164001
54  165.279007
55  201.962997
56  184.960999
57  117.139000
58  69.853996
59  36.037998
60  19.771000
61  23.500999
62  31.330000
63  62.819000
64  84.496002
65  120.783997
66  148.479996
67  202.076004
68  195.029999
69  127.876999
70  77.469002
71  41.403000
72  22.474001
73  15.045000
74  28.783001
75  47.095001
76  82.744003
77  133.759003
78  164.199997
79  187.567001
80  174.878006
81  126.417000
82  73.859001
83  39.310001
84  26.201000
85  24.426001
86  26.604000
87  42.369999
88  86.361000
89  127.357002
90  171.856995
91  199.862000
92  194.738007
93  119.991997
94  77.567001
95  32.485001
96  21.149000
97  14.483000
98  20.594000
99  48.935001
100  95.560997
101  131.182999
102  181.576996
103  195.240997
104  178.207993
105  128.431000
106  83.193001
107  46.220001
108  32.925999
109  21.320999
110  35.205002
111  63.268002
112  95.348999
113  149.906998
114  179.399994
115  187.324005
116  178.225998
117  127.767998
118  80.876999
119  33.701000
120  23.912001
121  18.718000
122  25.046000
123  58.414001
124  98.098999
125  142.513000
126  182.684998
127  197.987000
128  172.164001
129  124.587997
130  67.755997
131  30.576000
132  19.056999
133  19.183001
134  25.475000
135  68.633003
136  102.747002
137  139.067993
138  181.154999
139  189.259995
140  180.093994
141  123.925003
142  75.279999
143  39.831001
144  24.736000
   6 
1  15.342000
2  19.823999
3  50.203999
4  85.453003
5  138.520004
6  178.179993
7  186.686996
8  181.210999
9  138.229996
10  74.100998
11  46.000999
12  24.841999
13  15.271000
14  17.664000
15  48.588001
16  91.807999
17  123.611000
18  164.669998
19  193.914993
20  186.867004
21  131.292999
22  68.697998
23  41.362000
24  15.816000
25  12.274000
26  17.091999
27  31.438999
28  78.723000
29  103.518997
30  149.296997
31  196.279999
32  160.798004
33  116.509003
34  79.973999
35  39.077999
36  17.506001
37  16.261999
38  23.223000
39  50.252998
40  87.113998
41  111.205002
42  160.115997
43  189.860992
44  167.375000
45  132.436996
46  72.330002
47  28.750000
48  25.195000
49  20.537001
50  28.820999
51  54.214001
52  94.623001
53  127.164001
54  165.279007
55  201.962997
56  184.960999
57  117.139000
58  69.853996
59  36.037998
60  19.771000
61  23.500999
62  31.330000
63  62.819000
64  84.496002
65  120.783997
66  148.479996
67  202.076004
68  195.029999
69  127.876999
70  77.469002
71  41.403000
72  22.474001
73  15.045000
74  28.783001
75  47.095001
76  82.744003
77  133.759003
78  164.199997
79  187.567001
80  174.878006
81  126.417000
82  73.859001
83  39.310001
84  26.201000
85  24.426001
86  26.604000
87  42.369999
88  86.361000
89  127.357002
90  171.856995
91  199.862000
92  194.738007
93  119.991997
94  77.567001
95  32.485001
96  21.149000
97  14.483000
98  20.594000
99  48.935001
100  95.560997
101  131.182999
102  181.576996
103  195.240997
104  178.207993
105  128.431000
106  83.193001
107  46.220001
108  32.925999
109  21.320999
110  35.205002
111  63.268002
112  95.348999
113  149.906998
114  179.399994
115  187.324005
116  178.225998
117  127.767998
118  80.876999
119  33.701000
120  23.912001
121  18.718000
122  25.046000
123  58.414001
124  98.098999
125  142.513000
126  182.684998
127  197.987000
128  172.164001
129  124.587997
130  67.755997
131  30.576000
132  19.056999
133  19.183001
134  25.475000
135  68.633003
136  102.747002
137  139.067993
138  181.154999
139  189.259995
140  180.093994
141  123.925003
142  75.279999
143  39.831001
144  24.736000
   7 
1  15.342000
2  19.823999
3  50.203999
4  85.453003
5  138.520004
6  178.179993
7  186.686996
8  181.210999
9  138.229996
10  74.100998
11  46.000999
12  24.841999
13  15.271000
14  17.664000
15  48.588001
16  91.807999
17  123.611000
18  164.669998
19  193.914993
20  186.867004
21  131.292999
22  68.697998
23  41.362000
24  15.816000
25  12.274000
26  17.091999
27  31.438999
28  78.723000
29  103.518997
30  149.296997
31  196.279999
32  160.798004
33  116.509003
34  79.973999
35  39.077999
36  17.506001
37  16.261999
38  23.223000
39  50.252998
40  87.113998
41  111.205002
42  160.115997
43  189.860992
44  167.375000
45  132.436996
46  72.330002
47  28.750000
48  25.195000
49  20.537001
50  28.820999
51  54.214001
52  94.623001
53  127.164001
54  165.279007
55  201.962997
56  184.960999
57  117.139000
58  69.853996
59  36.037998
60  19.771000
61  23.500999
62  31.330000
63  62.819000
64  84.496002
65  120.783997
66  148.479996
67  202.076004
68  195.029999
69  127.876999
70  77.469002
71  41.403000
72  22.474001
73  15.045000
74  28.783001
75  47.095001
76  82.744003
77  133.759003
78  164.199997
79  187.567001
80  174.878006
81  126.417000
82  73.859001
83  39.310001
84  26.201000
85  24.426001
86  26.604000
87  42.369999
88  86.361000
89  127.357002
90  171.856995
91  199.862000
92  194.738007
93  119.991997
94  77.567001
95  32.485001
96  21.149000
97  14.483000
98  20.594000
99  48.935001
100  95.560997
101  131.182999
102  181.576996
103  195.240997
104  178.207993
105  128.431000
106  83.193001
107  46.220001
108  32.925999
109  21.320999
110  35.205002
111  63.268002
112  95.348999
113  149.906998
114  179.399994
115  187.324005
116  178.225998
117  127.767998
118  80.876999
119  33.701000
120  23.912001
121  18.718000
122  25.046000
123  58.414001
124  98.098999
125  142.513000
126  182.684998
127  197.987000
128  172.164001
129  124.587997
130  67.755997
131  30.576000
132  19.056999
133  19.183001
134  25.475000
135  68.633003
136  102.747002
137  139.067993
138  181.154999
139  189.259995
140  180.093994
141  123.925003
142  75.279999
143  39.831001
144  24.736000
   8 
1  15.342000
2  19.823999
3  50.203999
4  85.453003
5  138.520004
6  178.179993
7  186.686996
8  181.210999
9  138.229996
10  74.100998
11  46.000999
12  24.841999
13  15.271000
14  17.664000
15  48.588001
16  91.807999
17  123.611000
18  164.669998
19  193.914993
20  186.867004
21  131.292999
22  68.697998
23  41.362000
24  15.816000
25  12.274000
26  17.091999
27  31.438999
28  78.723000
29  103.518997
30  149.296997
31  196.279999
32  160.798004
33  116.509003
34  79.973999
35  39.077999
36  17.506001
37  16.261999
38  23.223000
39  50.252998
40  87.113998
41  111.205002
42  160.115997
43  189.860992
44  167.375000
45  132.436996
46  72.330002
47  28.750000
48  25.195000
49  20.537001
50  28.820999
51  54.214001
52  94.623001
53  127.164001
54  165.279007
55  201.962997
56  184.960999
57  117.139000
58  69.853996
59  36.037998
60  19.771000
61  23.500999
62  31.330000
63  62.819000
64  84.496002
65  120.783997
66  148.479996
67  202.076004
68  195.029999
69  127.876999
70  77.469002
71  41.403000
72  22.474001
73  15.045000
74  28.783001
75  47.095001
76  82.744003
77  133.759003
78  164.199997
79  187.567001
80  174.878006
81  126.417000
82  73.859001
83  39.310001
84  26.201000
85  24.426001
86  26.604000
87  42.369999
88  86.361000
89  127.357002
90  171.856995
91  199.862000
92  194.738007
93  119.991997
94  77.567001
95  32.485001
96  21.149000
97  14.483000
98  20.594000
99  48.935001
100  95.560997
101  131.182999
102  181.576996
103  195.240997
104  178.207993
105  128.431000
106  83.193001
107  46.220001
108  32.925999
109  21.320999
110  35.205002
111  63.268002
112  95.348999
113  149.906998
114  179.399994
115  187.324005
116  178.225998
117  127.767998
118  80.876999
119  33.701000
120  23.912001
121  18.718000
122  25.046000
123  58.414001
124  98.098999
125  142.513000
126  182.684998
127  197.987000
128  172.164001
129  124.587997
130  67.755997
131  30.576000
132  19.056999
133  19.183001
134  25.475000
135  68.633003
136  102.747002
137  139.067993
138  181.154999
139  189.259995
140  180.093994
141  123.925003
142  75.279999
143  39.831001
144  24.736000
