   1 
133  6.339000e+003
134  4.247000e+004
135  6.232000e+002
136  0.000000e+000
137  0.000000e+000
138  0.000000e+000
139  0.000000e+000
140  0.000000e+000
141  0.000000e+000
142  0.000000e+000
143  0.000000e+000
144  0.000000e+000
   2 
133  2.451000e+003
134  2.799000e+004
135  4.938000e+000
136  0.000000e+000
137  0.000000e+000
138  0.000000e+000
139  0.000000e+000
140  0.000000e+000
141  0.000000e+000
142  0.000000e+000
143  0.000000e+000
144  0.000000e+000
   3 
133  1.272000e+004
134  1.078000e+005
135  9.527000e+002
136  6.782000e+002
137  0.000000e+000
138  0.000000e+000
139  0.000000e+000
140  0.000000e+000
141  0.000000e+000
142  0.000000e+000
143  0.000000e+000
144  0.000000e+000
   4 
133  1.466000e+005
134  5.831000e+005
135  5.088000e+005
136  3.094000e+005
137  3.101000e+005
138  4.004000e+004
139  1.614000e+005
140  0.000000e+000
141  0.000000e+000
142  1.173000e+005
143  1.531000e+005
144  1.579000e+005
   5 
133  1.585000e+004
134  3.043000e+005
135  9.985000e+003
136  1.393000e+004
137  5.370000e+002
138  0.000000e+000
139  0.000000e+000
140  0.000000e+000
141  0.000000e+000
142  0.000000e+000
143  1.985000e+003
144  4.316000e+003
   6 
133  1.206000e+004
134  1.901000e+005
135  6.699000e+002
136  4.531000e+003
137  0.000000e+000
138  0.000000e+000
139  0.000000e+000
140  0.000000e+000
141  0.000000e+000
142  0.000000e+000
143  0.000000e+000
144  2.101000e+002
   7 
133  8.311000e+003
134  5.952000e+004
135  1.653000e+003
136  0.000000e+000
137  0.000000e+000
138  0.000000e+000
139  0.000000e+000
140  0.000000e+000
141  0.000000e+000
142  0.000000e+000
143  0.000000e+000
144  2.441000e+001
   8 
133  3.626000e+004
134  3.261000e+005
135  8.194000e+004
136  6.422000e+004
137  1.230000e+004
138  0.000000e+000
139  0.000000e+000
140  0.000000e+000
141  0.000000e+000
142  1.657000e+001
143  1.363000e+004
144  2.373000e+004
