   1 
1  9.765000e-002
2  1.399000e-001
3  3.209000e-001
4  5.647000e-001
5  8.862000e-001
6  1.178000e+000
7  1.194000e+000
8  1.158000e+000
9  9.120000e-001
10  4.726000e-001
11  3.027000e-001
12  1.581000e-001
13  9.719000e-002
14  1.246000e-001
15  3.102000e-001
16  6.066000e-001
17  7.907000e-001
18  1.089000e+000
19  1.240000e+000
20  1.194000e+000
21  8.662000e-001
22  4.381000e-001
23  2.722000e-001
24  1.006000e-001
25  7.811000e-002
26  1.164000e-001
27  2.010000e-001
28  5.202000e-001
29  6.629000e-001
30  9.880000e-001
31  1.256000e+000
32  1.028000e+000
33  7.692000e-001
34  5.103000e-001
35  2.573000e-001
36  1.114000e-001
37  1.036000e-001
38  1.640000e-001
39  3.209000e-001
40  5.752000e-001
41  7.116000e-001
42  1.059000e+000
43  1.215000e+000
44  1.070000e+000
45  8.740000e-001
46  4.614000e-001
47  1.892000e-001
48  1.604000e-001
49  1.309000e-001
50  2.036000e-001
51  3.466000e-001
52  6.261000e-001
53  8.150000e-001
54  1.094000e+000
55  1.293000e+000
56  1.183000e+000
57  7.736000e-001
58  4.459000e-001
59  2.374000e-001
60  1.259000e-001
61  1.497000e-001
62  2.212000e-001
63  4.010000e-001
64  5.584000e-001
65  7.737000e-001
66  9.832000e-001
67  1.294000e+000
68  1.248000e+000
69  8.447000e-001
70  4.945000e-001
71  2.727000e-001
72  1.431000e-001
73  9.581000e-002
74  1.962000e-001
75  3.006000e-001
76  5.471000e-001
77  8.561000e-001
78  1.086000e+000
79  1.200000e+000
80  1.118000e+000
81  8.343000e-001
82  4.711000e-001
83  2.587000e-001
84  1.667000e-001
85  1.555000e-001
86  1.877000e-001
87  2.703000e-001
88  5.463000e-001
89  5.270000e-001
90  2.174000e-001
91  1.126000e-001
92  8.637000e-002
93  6.725000e-002
94  5.839000e-002
95  1.813000e-001
96  1.335000e-001
97  9.214000e-002
98  1.345000e-001
99  3.129000e-001
100  6.317000e-001
101  8.396000e-001
102  1.201000e+000
103  1.249000e+000
104  1.139000e+000
105  8.476000e-001
106  5.307000e-001
107  3.042000e-001
108  2.095000e-001
109  1.357000e-001
110  2.484000e-001
111  4.036000e-001
112  5.724000e-001
113  3.701000e-001
114  1.652000e-001
115  1.181000e-001
116  9.071000e-002
117  7.074000e-002
118  5.823000e-002
119  1.368000e-001
120  1.311000e-001
121  9.111000e-002
122  1.179000e-001
123  3.311000e-001
124  6.478000e-001
125  9.110000e-001
126  1.207000e+000
127  1.265000e+000
128  1.035000e+000
129  7.521000e-001
130  4.319000e-001
131  2.011000e-001
132  1.212000e-001
133  1.221000e-001
134  1.798000e-001
135  4.256000e-001
136  3.354000e-001
137  1.519000e-001
138  7.822000e-002
139  6.120000e-002
140  4.811000e-002
141  3.766000e-002
142  3.052000e-002
143  2.934000e-002
144  4.636000e-002
   2 
1  4.903000e-002
2  3.074000e-002
3  3.207000e-001
4  5.649000e-001
5  8.861000e-001
6  1.177000e+000
7  3.813000e-001
8  2.117000e-002
9  1.839000e-002
10  1.619000e-002
11  1.556000e-002
12  1.371000e-002
13  1.185000e-002
14  2.499000e-002
15  2.760000e-001
16  6.068000e-001
17  7.906000e-001
18  1.088000e+000
19  1.576000e-001
20  1.755000e-002
21  1.525000e-002
22  1.591000e-002
23  1.606000e-002
24  3.912000e-002
25  2.634000e-002
26  3.709000e-002
27  1.591000e-001
28  5.204000e-001
29  6.633000e-001
30  9.879000e-001
31  1.256000e+000
32  1.027000e+000
33  5.605000e-001
34  1.386000e-001
35  1.582000e-001
36  1.113000e-001
37  8.224000e-002
38  1.391000e-001
39  2.423000e-001
40  5.753000e-001
41  7.116000e-001
42  1.059000e+000
43  1.214000e+000
44  5.290000e-001
45  2.297000e-002
46  2.003000e-002
47  9.446000e-002
48  1.603000e-001
49  1.309000e-001
50  2.037000e-001
51  3.468000e-001
52  6.262000e-001
53  8.154000e-001
54  1.094000e+000
55  1.292000e+000
56  1.182000e+000
57  6.631000e-001
58  4.033000e-001
59  2.371000e-001
60  1.258000e-001
61  1.421000e-001
62  1.980000e-001
63  4.009000e-001
64  5.583000e-001
65  7.742000e-001
66  9.833000e-001
67  1.294000e+000
68  1.247000e+000
69  8.437000e-001
70  4.940000e-001
71  2.724000e-001
72  1.430000e-001
73  9.572000e-002
74  5.215000e-002
75  4.871000e-002
76  5.124000e-001
77  8.562000e-001
78  1.085000e+000
79  9.956000e-001
80  5.419000e-002
81  2.778000e-002
82  2.436000e-002
83  2.265000e-002
84  2.114000e-002
85  2.776000e-002
86  2.179000e-002
87  1.638000e-002
88  1.251000e-001
89  2.561000e-002
90  2.386000e-002
91  2.072000e-002
92  1.796000e-002
93  1.560000e-002
94  1.425000e-002
95  7.116000e-002
96  8.778000e-002
97  5.255000e-002
98  1.079000e-001
99  2.914000e-001
100  6.321000e-001
101  8.397000e-001
102  1.200000e+000
103  5.530000e-001
104  2.812000e-002
105  2.419000e-002
106  2.105000e-002
107  1.919000e-002
108  1.798000e-002
109  1.558000e-002
110  1.441000e-002
111  1.441000e-002
112  1.643000e-002
113  1.518000e-002
114  1.338000e-002
115  1.207000e-002
116  1.141000e-002
117  1.086000e-002
118  9.676000e-003
119  4.334000e-002
120  4.688000e-002
121  2.352000e-002
122  7.820000e-002
123  1.552000e-001
124  6.479000e-001
125  8.309000e-001
126  3.861000e-002
127  1.915000e-002
128  1.659000e-002
129  1.450000e-002
130  1.419000e-002
131  1.572000e-002
132  4.516000e-002
133  9.660000e-002
134  1.542000e-001
135  1.804000e-002
136  1.726000e-002
137  1.626000e-002
138  1.418000e-002
139  1.281000e-002
140  1.173000e-002
141  1.018000e-002
142  9.677000e-003
143  9.444000e-003
144  1.135000e-002
   3 
1  9.765000e-002
2  1.399000e-001
3  3.212000e-001
4  5.645000e-001
5  8.857000e-001
6  1.177000e+000
7  1.193000e+000
8  1.158000e+000
9  9.118000e-001
10  4.725000e-001
11  3.027000e-001
12  1.581000e-001
13  9.720000e-002
14  1.247000e-001
15  3.104000e-001
16  6.064000e-001
17  7.903000e-001
18  1.088000e+000
19  1.240000e+000
20  1.194000e+000
21  8.661000e-001
22  4.381000e-001
23  2.722000e-001
24  1.006000e-001
25  7.813000e-002
26  1.165000e-001
27  2.013000e-001
28  5.200000e-001
29  6.624000e-001
30  9.871000e-001
31  1.255000e+000
32  1.028000e+000
33  7.689000e-001
34  5.101000e-001
35  2.572000e-001
36  1.114000e-001
37  1.036000e-001
38  1.641000e-001
39  3.209000e-001
40  5.752000e-001
41  7.113000e-001
42  1.058000e+000
43  1.214000e+000
44  1.070000e+000
45  8.738000e-001
46  4.613000e-001
47  1.892000e-001
48  1.604000e-001
49  1.310000e-001
50  2.036000e-001
51  3.465000e-001
52  6.259000e-001
53  8.144000e-001
54  1.093000e+000
55  1.293000e+000
56  1.183000e+000
57  7.735000e-001
58  4.458000e-001
59  2.375000e-001
60  1.259000e-001
61  1.498000e-001
62  2.212000e-001
63  4.010000e-001
64  5.586000e-001
65  7.734000e-001
66  9.826000e-001
67  1.293000e+000
68  1.248000e+000
69  8.445000e-001
70  4.945000e-001
71  2.727000e-001
72  1.431000e-001
73  9.583000e-002
74  1.963000e-001
75  3.007000e-001
76  5.472000e-001
77  8.557000e-001
78  1.086000e+000
79  1.200000e+000
80  1.118000e+000
81  8.343000e-001
82  4.712000e-001
83  2.588000e-001
84  1.668000e-001
85  1.555000e-001
86  1.878000e-001
87  2.705000e-001
88  5.702000e-001
89  8.140000e-001
90  1.133000e+000
91  1.035000e+000
92  8.293000e-001
93  7.718000e-001
94  4.945000e-001
95  2.137000e-001
96  1.345000e-001
97  9.217000e-002
98  1.456000e-001
99  3.129000e-001
100  6.311000e-001
101  8.390000e-001
102  1.200000e+000
103  1.248000e+000
104  1.139000e+000
105  8.474000e-001
106  5.306000e-001
107  3.042000e-001
108  2.095000e-001
109  1.358000e-001
110  2.484000e-001
111  4.036000e-001
112  6.292000e-001
113  7.226000e-001
114  4.768000e-001
115  3.441000e-001
116  2.638000e-001
117  2.848000e-001
118  3.032000e-001
119  2.217000e-001
120  1.521000e-001
121  1.191000e-001
122  1.708000e-001
123  3.729000e-001
124  6.475000e-001
125  6.861000e-001
126  4.012000e-001
127  2.424000e-001
128  1.980000e-001
129  2.154000e-001
130  3.086000e-001
131  2.011000e-001
132  1.212000e-001
133  1.221000e-001
134  1.800000e-001
135  4.370000e-001
136  4.940000e-001
137  3.064000e-001
138  1.967000e-001
139  1.694000e-001
140  1.470000e-001
141  1.275000e-001
142  1.294000e-001
143  1.641000e-001
144  1.611000e-001
   4 
1  9.770000e-002
2  1.401000e-001
3  3.221000e-001
4  4.124000e-001
5  5.867000e-001
6  3.841000e-003
7  3.280000e-003
8  2.843000e-003
9  2.471000e-003
10  6.344000e-002
11  2.566000e-001
12  2.969000e-003
13  7.907000e-002
14  1.252000e-001
15  3.114000e-001
16  6.071000e-001
17  1.600000e-001
18  9.610000e-002
19  1.877000e-003
20  1.626000e-003
21  1.414000e-003
22  3.922000e-001
23  1.639000e-001
24  1.008000e-001
25  7.809000e-002
26  9.981000e-002
27  2.018000e-001
28  5.212000e-001
29  6.634000e-001
30  5.453000e-001
31  3.194000e-003
32  7.003000e-002
33  1.946000e-001
34  2.533000e-003
35  1.787000e-001
36  1.115000e-001
37  1.037000e-001
38  1.643000e-001
39  3.215000e-001
40  5.767000e-001
41  7.133000e-001
42  3.166000e-001
43  3.407000e-003
44  2.975000e-003
45  2.585000e-003
46  3.151000e-002
47  1.901000e-001
48  1.606000e-001
49  1.311000e-001
50  2.036000e-001
51  3.469000e-001
52  5.581000e-001
53  8.150000e-001
54  6.009000e-001
55  3.768000e-003
56  3.262000e-003
57  4.382000e-003
58  2.200000e-001
59  2.384000e-001
60  1.259000e-001
61  1.497000e-001
62  2.215000e-001
63  3.376000e-001
64  5.015000e-001
65  5.944000e-001
66  9.097000e-001
67  1.293000e-001
68  4.046000e-003
69  7.401000e-002
70  3.558000e-003
71  1.961000e-001
72  8.316000e-002
73  9.582000e-002
74  1.968000e-001
75  3.014000e-001
76  5.486000e-001
77  8.560000e-001
78  2.649000e-001
79  3.331000e-003
80  2.888000e-003
81  2.509000e-003
82  4.106000e-002
83  1.431000e-001
84  1.173000e-001
85  1.556000e-001
86  1.785000e-001
87  2.708000e-001
88  5.717000e-001
89  8.094000e-001
90  4.057000e-001
91  2.719000e-003
92  2.357000e-003
93  2.053000e-003
94  1.307000e-001
95  2.133000e-001
96  1.348000e-001
97  9.217000e-002
98  1.457000e-001
99  3.137000e-001
100  6.267000e-001
101  8.300000e-001
102  3.208000e-001
103  2.974000e-003
104  2.598000e-003
105  2.258000e-003
106  2.002000e-003
107  1.714000e-001
108  1.034000e-001
109  1.130000e-001
110  2.487000e-001
111  3.852000e-001
112  5.061000e-001
113  5.382000e-001
114  1.999000e-003
115  3.656000e-001
116  4.542000e-001
117  4.118000e-002
118  6.145000e-002
119  2.224000e-001
120  1.325000e-001
121  8.802000e-002
122  1.679000e-001
123  3.208000e-001
124  6.058000e-001
125  1.532000e-001
126  2.212000e-003
127  1.921000e-003
128  1.666000e-003
129  3.424000e-002
130  3.954000e-001
131  2.014000e-001
132  1.215000e-001
133  1.222000e-001
134  1.803000e-001
135  3.882000e-001
136  5.478000e-001
137  3.514000e-001
138  2.667000e-003
139  4.270000e-001
140  7.061000e-003
141  2.284000e-003
142  2.351000e-001
143  2.467000e-001
144  9.539000e-002
   5 
1  9.765000e-002
2  1.400000e-001
3  3.215000e-001
4  2.366000e-001
5  2.790000e-001
6  2.094000e-002
7  1.819000e-002
8  1.576000e-002
9  1.369000e-002
10  1.211000e-002
11  1.202000e-002
12  1.060000e-002
13  2.482000e-002
14  1.058000e-001
15  3.107000e-001
16  4.666000e-001
17  2.021000e-002
18  1.733000e-002
19  1.506000e-002
20  1.305000e-002
21  1.133000e-002
22  4.448000e-002
23  1.317000e-002
24  3.388000e-002
25  7.242000e-002
26  1.102000e-001
27  2.017000e-001
28  5.072000e-001
29  4.025000e-001
30  1.873000e-001
31  2.099000e-002
32  1.827000e-002
33  1.647000e-002
34  1.430000e-002
35  1.255000e-001
36  1.019000e-001
37  1.036000e-001
38  1.641000e-001
39  3.168000e-001
40  3.892000e-001
41  6.818000e-001
42  2.728000e-002
43  2.334000e-002
44  2.025000e-002
45  1.758000e-002
46  1.535000e-002
47  1.893000e-001
48  1.604000e-001
49  1.310000e-001
50  2.036000e-001
51  3.463000e-001
52  4.708000e-001
53  8.140000e-001
54  5.159000e-001
55  2.581000e-002
56  2.237000e-002
57  1.944000e-002
58  3.458000e-001
59  2.375000e-001
60  1.259000e-001
61  1.498000e-001
62  2.212000e-001
63  3.512000e-001
64  4.989000e-001
65  5.888000e-001
66  6.462000e-001
67  3.359000e-002
68  2.907000e-002
69  2.533000e-002
70  2.962000e-001
71  2.724000e-001
72  1.430000e-001
73  9.578000e-002
74  1.963000e-001
75  3.005000e-001
76  5.400000e-001
77  1.870000e-001
78  2.700000e-002
79  2.345000e-002
80  2.032000e-002
81  1.765000e-002
82  2.721000e-002
83  2.586000e-001
84  1.667000e-001
85  1.554000e-001
86  1.877000e-001
87  2.704000e-001
88  3.264000e-001
89  2.441000e-001
90  1.959000e-002
91  1.702000e-002
92  1.475000e-002
93  1.281000e-002
94  6.911000e-002
95  1.763000e-001
96  1.345000e-001
97  9.216000e-002
98  1.457000e-001
99  3.131000e-001
100  3.856000e-001
101  5.209000e-001
102  1.322000e-001
103  2.230000e-002
104  1.935000e-002
105  1.680000e-002
106  1.463000e-002
107  1.362000e-002
108  1.313000e-002
109  8.897000e-002
110  1.024000e-001
111  1.082000e-002
112  1.892000e-001
113  1.229000e-002
114  1.086000e-002
115  9.888000e-003
116  9.513000e-003
117  9.220000e-003
118  8.249000e-003
119  1.569000e-001
120  1.028000e-001
121  4.625000e-002
122  1.486000e-001
123  3.164000e-001
124  3.592000e-001
125  2.869000e-002
126  1.791000e-002
127  1.556000e-002
128  1.348000e-002
129  1.180000e-002
130  1.184000e-002
131  1.357000e-002
132  4.552000e-002
133  1.132000e-001
134  1.803000e-001
135  6.970000e-002
136  1.738000e-001
137  1.395000e-002
138  1.217000e-002
139  1.106000e-002
140  1.020000e-002
141  8.861000e-003
142  8.529000e-003
143  8.445000e-003
144  1.037000e-002
   6 
1  9.765000e-002
2  1.399000e-001
3  3.213000e-001
4  4.023000e-001
5  2.566000e-001
6  2.291000e-002
7  1.990000e-002
8  1.724000e-002
9  1.497000e-002
10  1.323000e-002
11  1.299000e-002
12  1.169000e-001
13  9.718000e-002
14  1.247000e-001
15  3.105000e-001
16  4.472000e-001
17  5.561000e-002
18  1.960000e-002
19  1.703000e-002
20  1.476000e-002
21  1.282000e-002
22  1.381000e-002
23  7.325000e-002
24  1.006000e-001
25  7.811000e-002
26  1.165000e-001
27  2.015000e-001
28  4.982000e-001
29  6.003000e-001
30  2.297000e-001
31  2.244000e-002
32  1.953000e-002
33  1.756000e-002
34  1.048000e-001
35  2.571000e-001
36  1.114000e-001
37  1.036000e-001
38  1.641000e-001
39  3.021000e-001
40  3.185000e-001
41  5.885000e-001
42  1.022000e-001
43  2.511000e-002
44  2.178000e-002
45  1.892000e-002
46  5.127000e-002
47  1.892000e-001
48  1.604000e-001
49  1.310000e-001
50  2.036000e-001
51  3.463000e-001
52  6.255000e-001
53  8.137000e-001
54  1.092000e+000
55  5.881000e-001
56  4.709000e-001
57  7.726000e-001
58  4.455000e-001
59  2.374000e-001
60  1.259000e-001
61  1.498000e-001
62  2.212000e-001
63  4.008000e-001
64  5.585000e-001
65  7.730000e-001
66  9.817000e-001
67  9.876000e-001
68  7.994000e-001
69  8.434000e-001
70  4.940000e-001
71  2.725000e-001
72  1.431000e-001
73  9.581000e-002
74  1.963000e-001
75  3.006000e-001
76  5.472000e-001
77  8.547000e-001
78  5.739000e-001
79  4.076000e-002
80  3.316000e-002
81  3.698000e-001
82  4.709000e-001
83  2.587000e-001
84  1.667000e-001
85  1.555000e-001
86  1.877000e-001
87  2.704000e-001
88  3.266000e-001
89  8.153000e-002
90  2.109000e-002
91  1.832000e-002
92  1.588000e-002
93  1.379000e-002
94  1.268000e-002
95  1.715000e-001
96  1.170000e-001
97  9.216000e-002
98  1.457000e-001
99  3.130000e-001
100  3.443000e-001
101  4.748000e-001
102  9.527000e-002
103  2.481000e-002
104  2.152000e-002
105  1.869000e-002
106  1.627000e-002
107  1.504000e-002
108  1.437000e-002
109  1.039000e-001
110  1.195000e-001
111  1.179000e-002
112  1.434000e-001
113  1.321000e-002
114  1.166000e-002
115  1.058000e-002
116  1.011000e-002
117  9.740000e-003
118  8.700000e-003
119  1.418000e-001
120  1.002000e-001
121  4.848000e-002
122  1.384000e-001
123  2.907000e-001
124  3.065000e-001
125  2.489000e-002
126  2.016000e-002
127  1.751000e-002
128  1.517000e-002
129  1.326000e-002
130  1.312000e-002
131  1.473000e-002
132  4.418000e-002
133  1.103000e-001
134  1.801000e-001
135  5.545000e-002
136  1.402000e-001
137  1.553000e-002
138  1.354000e-002
139  1.225000e-002
140  1.124000e-002
141  9.762000e-003
142  9.311000e-003
143  9.125000e-003
144  1.103000e-002
   7 
1  9.768000e-002
2  1.399000e-001
3  3.210000e-001
4  5.645000e-001
5  8.858000e-001
6  1.178000e+000
7  1.194000e+000
8  1.158000e+000
9  9.120000e-001
10  4.726000e-001
11  3.028000e-001
12  1.581000e-001
13  9.722000e-002
14  1.247000e-001
15  3.103000e-001
16  6.064000e-001
17  7.904000e-001
18  1.088000e+000
19  1.240000e+000
20  1.194000e+000
21  8.663000e-001
22  4.381000e-001
23  2.722000e-001
24  1.007000e-001
25  7.814000e-002
26  1.165000e-001
27  2.012000e-001
28  5.200000e-001
29  6.625000e-001
30  9.873000e-001
31  1.256000e+000
32  1.028000e+000
33  7.690000e-001
34  5.103000e-001
35  2.573000e-001
36  1.114000e-001
37  1.036000e-001
38  1.640000e-001
39  3.209000e-001
40  5.752000e-001
41  7.114000e-001
42  1.058000e+000
43  1.214000e+000
44  1.070000e+000
45  8.741000e-001
46  4.614000e-001
47  1.893000e-001
48  1.604000e-001
49  1.309000e-001
50  2.036000e-001
51  3.465000e-001
52  6.258000e-001
53  8.143000e-001
54  1.094000e+000
55  1.293000e+000
56  1.183000e+000
57  7.736000e-001
58  4.459000e-001
59  2.374000e-001
60  1.259000e-001
61  1.498000e-001
62  2.213000e-001
63  4.011000e-001
64  5.585000e-001
65  7.733000e-001
66  9.826000e-001
67  1.294000e+000
68  1.248000e+000
69  8.447000e-001
70  4.946000e-001
71  2.728000e-001
72  1.431000e-001
73  9.585000e-002
74  1.963000e-001
75  3.008000e-001
76  5.471000e-001
77  8.559000e-001
78  1.086000e+000
79  1.200000e+000
80  1.118000e+000
81  8.345000e-001
82  4.713000e-001
83  2.588000e-001
84  1.668000e-001
85  1.555000e-001
86  1.878000e-001
87  2.705000e-001
88  5.702000e-001
89  8.141000e-001
90  1.135000e+000
91  1.278000e+000
92  1.244000e+000
93  7.915000e-001
94  4.946000e-001
95  2.138000e-001
96  1.346000e-001
97  9.219000e-002
98  1.456000e-001
99  3.128000e-001
100  6.312000e-001
101  8.391000e-001
102  1.200000e+000
103  1.249000e+000
104  1.139000e+000
105  8.476000e-001
106  5.307000e-001
107  3.043000e-001
108  2.096000e-001
109  1.358000e-001
110  2.485000e-001
111  4.038000e-001
112  6.294000e-001
113  9.581000e-001
114  1.185000e+000
115  1.184000e+000
116  1.117000e+000
117  8.426000e-001
118  5.156000e-001
119  2.217000e-001
120  1.521000e-001
121  1.191000e-001
122  1.708000e-001
123  3.729000e-001
124  6.476000e-001
125  9.108000e-001
126  1.139000e+000
127  1.007000e+000
128  8.934000e-001
129  7.782000e-001
130  4.319000e-001
131  2.012000e-001
132  1.213000e-001
133  1.221000e-001
134  1.799000e-001
135  4.378000e-001
136  6.158000e-001
137  4.641000e-001
138  2.547000e-001
139  1.826000e-001
140  1.473000e-001
141  1.731000e-001
142  2.505000e-001
143  2.365000e-001
144  1.626000e-001
   8 
1  9.767000e-002
2  1.400000e-001
3  3.217000e-001
4  5.648000e-001
5  8.855000e-001
6  9.210000e-001
7  7.802000e-001
8  6.781000e-001
9  6.412000e-001
10  4.723000e-001
11  3.026000e-001
12  1.580000e-001
13  9.717000e-002
14  1.248000e-001
15  3.110000e-001
16  6.066000e-001
17  7.469000e-001
18  5.909000e-001
19  4.833000e-001
20  4.242000e-001
21  4.161000e-001
22  4.348000e-001
23  2.721000e-001
24  1.006000e-001
25  7.810000e-002
26  1.166000e-001
27  2.017000e-001
28  5.205000e-001
29  6.625000e-001
30  9.360000e-001
31  7.960000e-001
32  7.418000e-001
33  7.243000e-001
34  5.098000e-001
35  2.572000e-001
36  1.114000e-001
37  1.036000e-001
38  1.642000e-001
39  3.212000e-001
40  5.756000e-001
41  7.119000e-001
42  9.522000e-001
43  8.112000e-001
44  7.362000e-001
45  6.918000e-001
46  4.611000e-001
47  1.895000e-001
48  1.605000e-001
49  1.310000e-001
50  2.036000e-001
51  3.465000e-001
52  6.259000e-001
53  8.144000e-001
54  1.092000e+000
55  1.291000e+000
56  1.182000e+000
57  7.726000e-001
58  4.454000e-001
59  2.377000e-001
60  1.259000e-001
61  1.498000e-001
62  2.213000e-001
63  4.009000e-001
64  5.593000e-001
65  7.735000e-001
66  9.822000e-001
67  1.292000e+000
68  1.246000e+000
69  8.434000e-001
70  4.939000e-001
71  2.725000e-001
72  1.430000e-001
73  9.576000e-002
74  1.964000e-001
75  3.007000e-001
76  5.478000e-001
77  8.550000e-001
78  1.085000e+000
79  1.142000e+000
80  1.004000e+000
81  8.269000e-001
82  4.709000e-001
83  2.587000e-001
84  1.667000e-001
85  1.555000e-001
86  1.877000e-001
87  2.705000e-001
88  5.706000e-001
89  7.932000e-001
90  6.904000e-001
91  5.743000e-001
92  4.955000e-001
93  5.048000e-001
94  4.550000e-001
95  2.140000e-001
96  1.346000e-001
97  9.218000e-002
98  1.457000e-001
99  3.134000e-001
100  6.312000e-001
101  8.391000e-001
102  1.018000e+000
103  8.535000e-001
104  7.678000e-001
105  7.415000e-001
106  5.303000e-001
107  3.041000e-001
108  2.094000e-001
109  1.358000e-001
110  2.484000e-001
111  4.036000e-001
112  5.152000e-001
113  3.987000e-001
114  2.948000e-001
115  2.844000e-001
116  4.738000e-001
117  2.381000e-001
118  2.435000e-001
119  2.220000e-001
120  1.522000e-001
121  1.192000e-001
122  1.710000e-001
123  3.736000e-001
124  6.389000e-001
125  5.604000e-001
126  3.927000e-001
127  3.423000e-001
128  3.106000e-001
129  3.045000e-001
130  3.898000e-001
131  2.012000e-001
132  1.213000e-001
133  1.221000e-001
134  1.803000e-001
135  4.379000e-001
136  6.582000e-001
137  5.776000e-001
138  4.372000e-001
139  3.763000e-001
140  3.356000e-001
141  3.343000e-001
142  3.871000e-001
143  2.620000e-001
144  1.626000e-001
