   1 
1  1.792000e-001
2  2.869000e-001
3  6.760000e-001
4  1.103000e+000
5  1.674000e+000
6  2.208000e+000
7  2.162000e+000
8  2.062000e+000
9  1.723000e+000
10  9.031000e-001
11  5.913000e-001
12  3.129000e-001
13  2.177000e-001
14  2.988000e-001
15  5.677000e-001
16  1.196000e+000
17  1.531000e+000
18  2.013000e+000
19  2.180000e+000
20  2.059000e+000
21  1.573000e+000
22  8.678000e-001
23  5.110000e-001
24  2.063000e-001
25  1.425000e-001
26  2.693000e-001
27  4.489000e-001
28  1.043000e+000
29  1.247000e+000
30  1.857000e+000
31  2.247000e+000
32  1.768000e+000
33  1.430000e+000
34  9.523000e-001
35  5.045000e-001
36  2.233000e-001
37  1.957000e-001
38  3.460000e-001
39  6.297000e-001
40  1.126000e+000
41  1.402000e+000
42  2.035000e+000
43  2.154000e+000
44  1.930000e+000
45  1.609000e+000
46  8.932000e-001
47  3.342000e-001
48  2.813000e-001
49  2.836000e-001
50  3.931000e-001
51  6.959000e-001
52  1.193000e+000
53  1.579000e+000
54  1.961000e+000
55  2.215000e+000
56  2.065000e+000
57  1.366000e+000
58  8.320000e-001
59  4.366000e-001
60  2.469000e-001
61  3.186000e-001
62  4.248000e-001
63  7.916000e-001
64  1.086000e+000
65  1.499000e+000
66  1.865000e+000
67  2.279000e+000
68  2.234000e+000
69  1.574000e+000
70  9.250000e-001
71  5.630000e-001
72  2.969000e-001
73  2.331000e-001
74  3.922000e-001
75  5.605000e-001
76  1.033000e+000
77  1.589000e+000
78  1.970000e+000
79  2.067000e+000
80  2.046000e+000
81  1.594000e+000
82  8.620000e-001
83  4.940000e-001
84  3.513000e-001
85  2.973000e-001
86  3.631000e-001
87  5.757000e-001
88  9.745000e-001
89  5.632000e-001
90  7.059000e-002
91  1.480000e-002
92  1.207000e-002
93  9.994000e-003
94  1.064000e-002
95  5.061000e-002
96  1.303000e-001
97  1.834000e-001
98  2.847000e-001
99  6.268000e-001
100  1.186000e+000
101  1.605000e+000
102  2.139000e+000
103  2.147000e+000
104  2.053000e+000
105  1.535000e+000
106  9.690000e-001
107  5.763000e-001
108  3.968000e-001
109  2.984000e-001
110  5.158000e-001
111  7.598000e-001
112  1.215000e+000
113  1.622000e+000
114  7.218000e-001
115  3.459000e-001
116  2.103000e-001
117  1.594000e-001
118  1.536000e-001
119  2.467000e-001
120  3.073000e-001
121  2.429000e-001
122  3.897000e-001
123  7.017000e-001
124  1.270000e+000
125  1.766000e+000
126  2.187000e+000
127  2.227000e+000
128  2.004000e+000
129  1.503000e+000
130  8.035000e-001
131  4.002000e-001
132  2.585000e-001
133  2.822000e-001
134  4.347000e-001
135  7.505000e-001
136  1.841000e-001
137  4.947000e-002
138  1.144000e-002
139  8.694000e-003
140  8.262000e-003
141  7.214000e-003
142  7.401000e-003
143  1.109000e-002
144  1.616000e-002
   2 
1  3.738000e-002
2  2.455000e-001
3  6.758000e-001
4  1.103000e+000
5  1.674000e+000
6  1.929000e+000
7  5.856000e-002
8  8.988000e-003
9  7.902000e-003
10  7.151000e-003
11  6.986000e-003
12  4.191000e-002
13  4.188000e-002
14  2.066000e-001
15  5.676000e-001
16  1.196000e+000
17  1.531000e+000
18  2.012000e+000
19  5.429000e-001
20  9.972000e-003
21  8.767000e-003
22  8.478000e-003
23  1.031000e-001
24  2.063000e-001
25  1.425000e-001
26  2.692000e-001
27  4.487000e-001
28  1.044000e+000
29  1.248000e+000
30  1.857000e+000
31  2.246000e+000
32  1.767000e+000
33  8.758000e-001
34  4.855000e-001
35  4.788000e-001
36  2.233000e-001
37  1.957000e-001
38  3.459000e-001
39  6.297000e-001
40  1.126000e+000
41  1.402000e+000
42  2.035000e+000
43  2.153000e+000
44  5.099000e-001
45  8.742000e-003
46  7.749000e-003
47  8.876000e-002
48  2.812000e-001
49  2.836000e-001
50  3.931000e-001
51  6.961000e-001
52  1.193000e+000
53  1.580000e+000
54  1.961000e+000
55  2.214000e+000
56  1.405000e+000
57  3.558000e-001
58  2.139000e-001
59  3.457000e-001
60  2.469000e-001
61  3.185000e-001
62  4.249000e-001
63  7.916000e-001
64  1.086000e+000
65  1.500000e+000
66  1.865000e+000
67  2.278000e+000
68  2.233000e+000
69  1.573000e+000
70  9.244000e-001
71  5.627000e-001
72  2.967000e-001
73  2.330000e-001
74  2.285000e-001
75  5.474000e-001
76  1.033000e+000
77  1.589000e+000
78  1.969000e+000
79  2.066000e+000
80  1.223000e+000
81  1.129000e-001
82  1.487000e-001
83  1.266000e-001
84  4.747000e-002
85  8.317000e-003
86  4.079000e-002
87  6.785000e-003
88  2.576000e-001
89  3.430000e-002
90  8.190000e-003
91  7.975000e-003
92  7.095000e-003
93  6.238000e-003
94  5.671000e-003
95  8.163000e-003
96  1.210000e-002
97  6.096000e-002
98  2.846000e-001
99  6.268000e-001
100  1.187000e+000
101  1.605000e+000
102  2.138000e+000
103  8.644000e-001
104  1.338000e-002
105  1.142000e-002
106  1.016000e-002
107  9.582000e-003
108  8.997000e-003
109  4.631000e-002
110  1.416000e-001
111  2.331000e-001
112  1.183000e+000
113  4.166000e-001
114  7.016000e-003
115  6.204000e-003
116  5.844000e-003
117  5.576000e-003
118  5.021000e-003
119  5.254000e-003
120  1.799000e-001
121  1.024000e-001
122  3.647000e-001
123  5.682000e-001
124  1.270000e+000
125  1.766000e+000
126  1.755000e+000
127  1.056000e-001
128  8.169000e-003
129  7.884000e-003
130  8.133000e-003
131  8.656000e-003
132  2.250000e-002
133  1.543000e-001
134  4.188000e-001
135  3.530000e-002
136  8.843000e-003
137  9.216000e-003
138  8.401000e-003
139  8.192000e-003
140  7.929000e-003
141  6.971000e-003
142  6.899000e-003
143  7.254000e-003
144  7.614000e-003
   3 
1  1.792000e-001
2  2.870000e-001
3  6.764000e-001
4  1.103000e+000
5  1.674000e+000
6  2.208000e+000
7  2.161000e+000
8  2.052000e+000
9  1.723000e+000
10  9.031000e-001
11  5.913000e-001
12  3.129000e-001
13  2.177000e-001
14  2.989000e-001
15  5.679000e-001
16  1.196000e+000
17  1.531000e+000
18  2.012000e+000
19  2.179000e+000
20  2.028000e+000
21  1.573000e+000
22  8.677000e-001
23  5.111000e-001
24  2.063000e-001
25  1.425000e-001
26  2.694000e-001
27  4.492000e-001
28  1.043000e+000
29  1.247000e+000
30  1.856000e+000
31  2.245000e+000
32  1.767000e+000
33  1.430000e+000
34  9.521000e-001
35  5.044000e-001
36  2.233000e-001
37  1.958000e-001
38  3.461000e-001
39  6.297000e-001
40  1.126000e+000
41  1.401000e+000
42  2.034000e+000
43  2.153000e+000
44  1.930000e+000
45  1.609000e+000
46  8.931000e-001
47  3.343000e-001
48  2.813000e-001
49  2.837000e-001
50  3.931000e-001
51  6.958000e-001
52  1.193000e+000
53  1.579000e+000
54  1.961000e+000
55  2.214000e+000
56  2.064000e+000
57  1.366000e+000
58  8.319000e-001
59  4.368000e-001
60  2.469000e-001
61  3.186000e-001
62  4.248000e-001
63  7.914000e-001
64  1.086000e+000
65  1.499000e+000
66  1.864000e+000
67  2.278000e+000
68  2.233000e+000
69  1.574000e+000
70  9.249000e-001
71  5.630000e-001
72  2.969000e-001
73  2.332000e-001
74  3.924000e-001
75  5.605000e-001
76  1.033000e+000
77  1.588000e+000
78  1.969000e+000
79  2.067000e+000
80  2.046000e+000
81  1.593000e+000
82  8.620000e-001
83  4.940000e-001
84  3.513000e-001
85  2.973000e-001
86  3.632000e-001
87  5.759000e-001
88  1.167000e+000
89  1.609000e+000
90  1.938000e+000
91  1.097000e+000
92  7.181000e-001
93  1.076000e+000
94  9.638000e-001
95  4.260000e-001
96  2.820000e-001
97  1.942000e-001
98  2.849000e-001
99  6.269000e-001
100  1.186000e+000
101  1.604000e+000
102  2.138000e+000
103  2.146000e+000
104  2.052000e+000
105  1.535000e+000
106  9.689000e-001
107  5.762000e-001
108  3.968000e-001
109  2.985000e-001
110  5.159000e-001
111  7.599000e-001
112  1.041000e+000
113  2.900000e-001
114  5.670000e-002
115  3.394000e-002
116  2.628000e-002
117  3.011000e-002
118  9.471000e-002
119  4.094000e-001
120  3.074000e-001
121  2.717000e-001
122  3.899000e-001
123  7.223000e-001
124  1.270000e+000
125  1.667000e+000
126  1.090000e+000
127  5.805000e-001
128  4.488000e-001
129  5.516000e-001
130  7.880000e-001
131  4.001000e-001
132  2.585000e-001
133  2.822000e-001
134  4.349000e-001
135  7.804000e-001
136  5.349000e-001
137  1.218000e-001
138  6.318000e-002
139  4.296000e-002
140  2.976000e-002
141  3.989000e-002
142  5.307000e-002
143  8.838000e-002
144  2.165000e-001
   4 
1  1.793000e-001
2  2.873000e-001
3  6.774000e-001
4  9.928000e-001
5  1.557000e+000
6  4.609000e-001
7  2.685000e-001
8  2.611000e-003
9  2.296000e-003
10  4.568000e-001
11  5.922000e-001
12  2.473000e-001
13  1.701000e-001
14  2.996000e-001
15  5.691000e-001
16  1.197000e+000
17  1.376000e+000
18  1.297000e+000
19  3.229000e-001
20  3.622000e-003
21  2.528000e-003
22  7.859000e-001
23  5.115000e-001
24  2.065000e-001
25  1.426000e-001
26  2.696000e-001
27  4.498000e-001
28  1.046000e+000
29  1.248000e+000
30  1.510000e+000
31  4.695000e-003
32  3.604000e-001
33  3.982000e-001
34  8.799000e-001
35  5.051000e-001
36  2.235000e-001
37  1.958000e-001
38  3.464000e-001
39  6.304000e-001
40  1.127000e+000
41  1.404000e+000
42  9.368000e-001
43  1.971000e-001
44  3.657000e-001
45  2.629000e-001
46  3.435000e-001
47  3.352000e-001
48  2.815000e-001
49  2.839000e-001
50  3.933000e-001
51  6.964000e-001
52  1.131000e+000
53  1.580000e+000
54  1.123000e+000
55  4.987000e-003
56  4.376000e-003
57  3.848000e-003
58  6.927000e-001
59  4.379000e-001
60  2.468000e-001
61  3.185000e-001
62  4.251000e-001
63  7.530000e-001
64  9.681000e-001
65  1.501000e+000
66  1.774000e+000
67  2.232000e-001
68  5.238000e-003
69  1.152000e-001
70  2.690000e-001
71  5.024000e-001
72  1.707000e-001
73  2.332000e-001
74  3.931000e-001
75  5.616000e-001
76  1.035000e+000
77  1.589000e+000
78  7.102000e-001
79  6.526000e-001
80  4.029000e-003
81  3.543000e-003
82  2.885000e-001
83  2.982000e-001
84  2.717000e-001
85  2.975000e-001
86  3.634000e-001
87  5.765000e-001
88  1.169000e+000
89  1.611000e+000
90  7.814000e-001
91  3.871000e-001
92  3.772000e-003
93  3.317000e-003
94  2.551000e-001
95  4.267000e-001
96  2.824000e-001
97  1.943000e-001
98  2.851000e-001
99  6.279000e-001
100  1.187000e+000
101  1.606000e+000
102  8.475000e-001
103  4.423000e-003
104  3.943000e-003
105  2.841000e-001
106  5.915000e-003
107  3.348000e-001
108  2.515000e-001
109  2.988000e-001
110  5.164000e-001
111  7.605000e-001
112  1.143000e+000
113  1.150000e+000
114  3.388000e-003
115  6.648000e-001
116  9.230000e-001
117  9.514000e-002
118  1.562000e-001
119  4.463000e-001
120  3.076000e-001
121  2.121000e-001
122  3.902000e-001
123  6.608000e-001
124  1.271000e+000
125  7.258000e-001
126  3.086000e-003
127  2.326000e-001
128  2.534000e-003
129  3.854000e-001
130  7.746000e-001
131  4.006000e-001
132  2.589000e-001
133  2.823000e-001
134  4.352000e-001
135  8.280000e-001
136  1.221000e+000
137  7.130000e-001
138  2.939000e-001
139  8.261000e-001
140  4.181000e-003
141  3.677000e-003
142  5.002000e-001
143  4.805000e-001
144  3.098000e-001
   5 
1  1.792000e-001
2  2.871000e-001
3  6.768000e-001
4  8.870000e-001
5  9.812000e-001
6  3.383000e-001
7  7.030000e-003
8  6.168000e-003
9  5.424000e-003
10  4.972000e-003
11  5.447000e-001
12  1.438000e-001
13  1.062000e-001
14  2.991000e-001
15  5.682000e-001
16  1.196000e+000
17  1.068000e+000
18  9.347000e-001
19  7.352000e-003
20  6.451000e-003
21  5.672000e-003
22  2.748000e-001
23  1.015000e-001
24  2.062000e-001
25  1.407000e-001
26  2.694000e-001
27  4.495000e-001
28  1.044000e+000
29  1.127000e+000
30  1.010000e+000
31  9.923000e-003
32  8.799000e-003
33  8.354000e-003
34  7.371000e-003
35  3.615000e-001
36  2.233000e-001
37  1.958000e-001
38  3.462000e-001
39  6.298000e-001
40  1.058000e+000
41  1.402000e+000
42  4.471000e-001
43  7.534000e-003
44  7.282000e-003
45  6.811000e-003
46  6.051000e-003
47  3.344000e-001
48  2.813000e-001
49  2.837000e-001
50  3.931000e-001
51  6.957000e-001
52  8.534000e-001
53  1.579000e+000
54  9.724000e-001
55  1.208000e-002
56  1.060000e-002
57  9.318000e-003
58  8.941000e-002
59  4.058000e-001
60  2.468000e-001
61  3.185000e-001
62  4.247000e-001
63  6.617000e-001
64  9.574000e-001
65  1.478000e+000
66  1.355000e+000
67  1.239000e-002
68  1.087000e-002
69  9.576000e-003
70  3.169000e-001
71  5.626000e-001
72  2.967000e-001
73  2.331000e-001
74  3.925000e-001
75  5.605000e-001
76  1.034000e+000
77  1.489000e+000
78  2.719000e-001
79  2.508000e-001
80  8.103000e-003
81  7.124000e-003
82  1.001000e-001
83  4.938000e-001
84  3.512000e-001
85  2.972000e-001
86  3.631000e-001
87  5.759000e-001
88  1.046000e+000
89  9.579000e-001
90  7.688000e-003
91  6.912000e-003
92  6.163000e-003
93  5.419000e-003
94  3.997000e-002
95  4.006000e-001
96  2.821000e-001
97  1.943000e-001
98  2.851000e-001
99  6.273000e-001
100  8.756000e-001
101  1.376000e+000
102  3.619000e-001
103  8.743000e-003
104  7.727000e-003
105  6.794000e-003
106  6.094000e-003
107  7.510000e-003
108  8.409000e-002
109  2.287000e-001
110  5.054000e-001
111  3.311000e-001
112  4.738000e-001
113  6.100000e-003
114  5.523000e-003
115  7.743000e-003
116  4.703000e-003
117  4.564000e-003
118  4.131000e-003
119  3.216000e-001
120  2.363000e-001
121  2.113000e-001
122  3.901000e-001
123  6.526000e-001
124  1.124000e+000
125  1.047000e-001
126  6.728000e-003
127  6.008000e-003
128  5.337000e-003
129  5.395000e-003
130  1.438000e-002
131  2.276000e-001
132  1.233000e-001
133  2.822000e-001
134  4.352000e-001
135  7.360000e-001
136  4.505000e-001
137  2.531000e-001
138  7.266000e-003
139  7.194000e-003
140  7.054000e-003
141  6.202000e-003
142  6.223000e-003
143  1.795000e-001
144  1.469000e-001
   6 
1  1.792000e-001
2  2.871000e-001
3  6.766000e-001
4  8.472000e-001
5  9.552000e-001
6  2.816000e-001
7  8.081000e-003
8  7.091000e-003
9  6.234000e-003
10  5.685000e-003
11  3.875000e-001
12  1.404000e-001
13  2.176000e-001
14  2.990000e-001
15  5.680000e-001
16  1.196000e+000
17  1.026000e+000
18  8.488000e-001
19  8.208000e-003
20  7.202000e-003
21  6.332000e-003
22  6.337000e-003
23  1.018000e-001
24  2.062000e-001
25  1.425000e-001
26  2.694000e-001
27  4.494000e-001
28  1.043000e+000
29  1.191000e+000
30  4.598000e-001
31  1.124000e-002
32  9.954000e-003
33  9.370000e-003
34  1.124000e-002
35  4.658000e-001
36  2.233000e-001
37  1.958000e-001
38  3.462000e-001
39  6.297000e-001
40  1.125000e+000
41  1.401000e+000
42  1.988000e-001
43  8.220000e-003
44  7.882000e-003
45  7.339000e-003
46  1.406000e-001
47  3.343000e-001
48  2.813000e-001
49  2.837000e-001
50  3.931000e-001
51  6.956000e-001
52  1.151000e+000
53  1.578000e+000
54  9.422000e-001
55  2.589000e-002
56  1.367000e-002
57  2.645000e-001
58  8.314000e-001
59  4.368000e-001
60  2.468000e-001
61  3.185000e-001
62  4.247000e-001
63  7.911000e-001
64  1.086000e+000
65  1.499000e+000
66  1.863000e+000
67  1.194000e+000
68  6.807000e-001
69  1.515000e+000
70  9.244000e-001
71  5.628000e-001
72  2.968000e-001
73  2.331000e-001
74  3.924000e-001
75  5.605000e-001
76  1.033000e+000
77  1.587000e+000
78  1.732000e+000
79  1.070000e+000
80  4.570000e-001
81  1.061000e+000
82  8.617000e-001
83  4.939000e-001
84  3.513000e-001
85  2.973000e-001
86  3.631000e-001
87  5.759000e-001
88  9.402000e-001
89  7.076000e-001
90  7.520000e-003
91  7.387000e-003
92  6.579000e-003
93  5.785000e-003
94  5.273000e-003
95  4.021000e-001
96  2.821000e-001
97  1.943000e-001
98  2.850000e-001
99  6.271000e-001
100  7.055000e-001
101  1.149000e+000
102  2.950000e-001
103  9.753000e-003
104  8.613000e-003
105  7.572000e-003
106  6.779000e-003
107  8.239000e-003
108  1.931000e-002
109  2.925000e-001
110  5.072000e-001
111  2.945000e-001
112  3.929000e-001
113  6.420000e-003
114  5.805000e-003
115  5.139000e-003
116  4.910000e-003
117  4.754000e-003
118  4.299000e-003
119  3.156000e-001
120  2.070000e-001
121  2.112000e-001
122  3.900000e-001
123  6.330000e-001
124  1.079000e+000
125  6.705000e-002
126  7.858000e-003
127  7.000000e-003
128  6.208000e-003
129  6.160000e-003
130  6.616000e-003
131  7.491000e-003
132  1.027000e-001
133  2.152000e-001
134  4.350000e-001
135  2.888000e-001
136  3.916000e-001
137  1.819000e-001
138  7.729000e-003
139  7.601000e-003
140  7.410000e-003
141  6.515000e-003
142  6.498000e-003
143  9.114000e-002
144  1.036000e-001
   7 
1  1.792000e-001
2  2.870000e-001
3  6.762000e-001
4  1.103000e+000
5  1.674000e+000
6  2.208000e+000
7  2.161000e+000
8  2.062000e+000
9  1.723000e+000
10  9.032000e-001
11  5.914000e-001
12  3.129000e-001
13  2.177000e-001
14  2.989000e-001
15  5.678000e-001
16  1.196000e+000
17  1.531000e+000
18  2.013000e+000
19  2.179000e+000
20  2.059000e+000
21  1.573000e+000
22  8.678000e-001
23  5.111000e-001
24  2.063000e-001
25  1.426000e-001
26  2.693000e-001
27  4.490000e-001
28  1.043000e+000
29  1.247000e+000
30  1.856000e+000
31  2.246000e+000
32  1.767000e+000
33  1.430000e+000
34  9.523000e-001
35  5.045000e-001
36  2.233000e-001
37  1.958000e-001
38  3.461000e-001
39  6.297000e-001
40  1.126000e+000
41  1.401000e+000
42  2.035000e+000
43  2.154000e+000
44  1.930000e+000
45  1.609000e+000
46  8.933000e-001
47  3.343000e-001
48  2.813000e-001
49  2.837000e-001
50  3.931000e-001
51  6.957000e-001
52  1.193000e+000
53  1.579000e+000
54  1.961000e+000
55  2.215000e+000
56  2.065000e+000
57  1.366000e+000
58  8.320000e-001
59  4.367000e-001
60  2.469000e-001
61  3.186000e-001
62  4.248000e-001
63  7.915000e-001
64  1.086000e+000
65  1.499000e+000
66  1.864000e+000
67  2.278000e+000
68  2.234000e+000
69  1.574000e+000
70  9.250000e-001
71  5.631000e-001
72  2.969000e-001
73  2.332000e-001
74  3.924000e-001
75  5.606000e-001
76  1.033000e+000
77  1.588000e+000
78  1.970000e+000
79  2.067000e+000
80  2.047000e+000
81  1.594000e+000
82  8.622000e-001
83  4.941000e-001
84  3.514000e-001
85  2.974000e-001
86  3.632000e-001
87  5.759000e-001
88  1.167000e+000
89  1.609000e+000
90  2.125000e+000
91  2.234000e+000
92  2.219000e+000
93  1.436000e+000
94  9.689000e-001
95  4.260000e-001
96  2.821000e-001
97  1.943000e-001
98  2.848000e-001
99  6.268000e-001
100  1.186000e+000
101  1.604000e+000
102  2.139000e+000
103  2.147000e+000
104  2.053000e+000
105  1.535000e+000
106  9.691000e-001
107  5.763000e-001
108  3.968000e-001
109  2.985000e-001
110  5.159000e-001
111  7.600000e-001
112  1.215000e+000
113  1.812000e+000
114  1.669000e+000
115  1.051000e+000
116  7.772000e-001
117  1.043000e+000
118  9.941000e-001
119  4.455000e-001
120  3.074000e-001
121  2.716000e-001
122  3.898000e-001
123  7.222000e-001
124  1.270000e+000
125  1.765000e+000
126  2.186000e+000
127  2.223000e+000
128  1.967000e+000
129  1.503000e+000
130  8.036000e-001
131  4.002000e-001
132  2.585000e-001
133  2.822000e-001
134  4.348000e-001
135  8.782000e-001
136  9.454000e-001
137  3.165000e-001
138  7.571000e-002
139  3.387000e-002
140  2.143000e-002
141  5.480000e-002
142  1.582000e-001
143  3.351000e-001
144  3.212000e-001
   8 
1  1.793000e-001
2  2.872000e-001
3  6.770000e-001
4  1.104000e+000
5  1.652000e+000
6  8.888000e-001
7  4.342000e-001
8  3.809000e-001
9  3.718000e-001
10  7.105000e-001
11  5.917000e-001
12  3.129000e-001
13  2.177000e-001
14  2.992000e-001
15  5.685000e-001
16  1.196000e+000
17  1.510000e+000
18  1.399000e+000
19  4.611000e-001
20  4.014000e-001
21  4.217000e-001
22  8.406000e-001
23  5.112000e-001
24  2.063000e-001
25  1.426000e-001
26  2.695000e-001
27  4.496000e-001
28  1.044000e+000
29  1.247000e+000
30  1.756000e+000
31  6.186000e-001
32  6.557000e-001
33  6.546000e-001
34  9.419000e-001
35  5.047000e-001
36  2.233000e-001
37  1.958000e-001
38  3.463000e-001
39  6.301000e-001
40  1.126000e+000
41  1.402000e+000
42  1.497000e+000
43  7.858000e-001
44  6.350000e-001
45  7.910000e-001
46  8.799000e-001
47  3.346000e-001
48  2.814000e-001
49  2.838000e-001
50  3.932000e-001
51  6.960000e-001
52  1.193000e+000
53  1.579000e+000
54  1.960000e+000
55  1.338000e+000
56  8.972000e-001
57  1.350000e+000
58  8.315000e-001
59  4.373000e-001
60  2.468000e-001
61  3.185000e-001
62  4.249000e-001
63  7.912000e-001
64  1.087000e+000
65  1.500000e+000
66  1.864000e+000
67  2.170000e+000
68  1.996000e+000
69  1.573000e+000
70  9.243000e-001
71  5.628000e-001
72  2.967000e-001
73  2.331000e-001
74  3.927000e-001
75  5.609000e-001
76  1.034000e+000
77  1.588000e+000
78  1.968000e+000
79  1.932000e+000
80  1.491000e+000
81  1.524000e+000
82  8.617000e-001
83  4.939000e-001
84  3.512000e-001
85  2.973000e-001
86  3.632000e-001
87  5.760000e-001
88  1.168000e+000
89  1.609000e+000
90  8.701000e-001
91  4.906000e-001
92  4.266000e-001
93  5.124000e-001
94  7.608000e-001
95  4.263000e-001
96  2.822000e-001
97  1.943000e-001
98  2.851000e-001
99  6.276000e-001
100  1.186000e+000
101  1.605000e+000
102  1.472000e+000
103  6.544000e-001
104  5.927000e-001
105  6.524000e-001
106  8.857000e-001
107  5.762000e-001
108  3.967000e-001
109  2.986000e-001
110  5.161000e-001
111  7.601000e-001
112  9.144000e-001
113  7.618000e-001
114  2.434000e-001
115  5.998000e-001
116  9.036000e-001
117  2.442000e-001
118  3.468000e-001
119  4.458000e-001
120  3.075000e-001
121  2.718000e-001
122  3.901000e-001
123  7.232000e-001
124  1.270000e+000
125  9.307000e-001
126  3.440000e-001
127  2.635000e-001
128  2.493000e-001
129  4.699000e-001
130  7.180000e-001
131  4.003000e-001
132  2.587000e-001
133  2.823000e-001
134  4.352000e-001
135  8.785000e-001
136  1.147000e+000
137  7.944000e-001
138  3.414000e-001
139  5.135000e-001
140  2.681000e-001
141  2.788000e-001
142  4.250000e-001
143  4.633000e-001
144  3.213000e-001
