   1 
1  1.101000e-002
2  1.266000e-002
3  2.855000e-002
4  4.751000e-002
5  6.573000e-002
6  8.182000e-002
7  6.544000e-002
8  5.037000e-002
9  3.866000e-002
10  2.912000e-002
11  1.973000e-002
12  1.159000e-002
13  1.019000e-002
14  1.358000e-002
15  2.981000e-002
16  5.443000e-002
17  7.011000e-002
18  7.755000e-002
19  6.845000e-002
20  5.323000e-002
21  4.125000e-002
22  3.165000e-002
23  2.039000e-002
24  1.146000e-002
25  1.107000e-002
26  1.805000e-002
27  2.774000e-002
28  3.854000e-002
29  5.909000e-002
30  8.837000e-002
31  9.543000e-002
32  8.775000e-002
33  7.000000e-002
34  3.876000e-002
35  1.521000e-002
36  1.211000e-002
37  1.057000e-002
38  1.536000e-002
39  3.046000e-002
40  4.752000e-002
41  7.302000e-002
42  8.297000e-002
43  9.324000e-002
44  8.991000e-002
45  6.051000e-002
46  4.189000e-002
47  1.853000e-002
48  1.625000e-002
49  9.936000e-003
50  1.353000e-002
51  2.808000e-002
52  4.953000e-002
53  6.488000e-002
54  8.395000e-002
55  9.483000e-002
56  8.112000e-002
57  5.810000e-002
58  3.370000e-002
59  1.816000e-002
60  9.274000e-003
61  1.071000e-002
62  1.706000e-002
63  3.215000e-002
64  4.376000e-002
65  6.011000e-002
66  7.525000e-002
67  9.709000e-002
68  9.200000e-002
69  6.386000e-002
70  3.726000e-002
71  2.186000e-002
72  1.127000e-002
73  8.909000e-003
74  1.575000e-002
75  2.187000e-002
76  4.249000e-002
77  6.725000e-002
78  8.534000e-002
79  8.724000e-002
80  8.681000e-002
81  6.700000e-002
82  3.677000e-002
83  2.068000e-002
84  1.408000e-002
85  1.302000e-002
86  1.536000e-002
87  2.338000e-002
88  4.617000e-002
89  6.671000e-002
90  8.667000e-002
91  8.944000e-002
92  7.058000e-002
93  5.402000e-002
94  3.805000e-002
95  1.787000e-002
96  1.168000e-002
97  7.805000e-003
98  1.171000e-002
99  2.435000e-002
100  5.009000e-002
101  6.578000e-002
102  9.015000e-002
103  9.529000e-002
104  8.813000e-002
105  6.567000e-002
106  4.151000e-002
107  2.451000e-002
108  1.684000e-002
109  1.150000e-002
110  1.955000e-002
111  3.150000e-002
112  5.149000e-002
113  7.430000e-002
114  8.557000e-002
115  6.691000e-002
116  5.184000e-002
117  4.034000e-002
118  3.070000e-002
119  1.912000e-002
120  1.286000e-002
121  1.019000e-002
122  1.385000e-002
123  2.951000e-002
124  5.271000e-002
125  7.228000e-002
126  9.309000e-002
127  9.566000e-002
128  8.498000e-002
129  6.536000e-002
130  3.418000e-002
131  1.740000e-002
132  9.913000e-003
133  1.077000e-002
134  1.594000e-002
135  3.120000e-002
136  2.658000e-002
137  2.097000e-002
138  1.627000e-002
139  1.308000e-002
140  1.073000e-002
141  8.576000e-003
142  7.062000e-003
143  6.816000e-003
144  8.250000e-003
   2 
1  7.290000e-003
2  7.294000e-003
3  1.199000e-002
4  6.939000e-003
5  7.595000e-003
6  7.631000e-003
7  6.681000e-003
8  5.857000e-003
9  5.066000e-003
10  4.758000e-003
11  8.379000e-003
12  1.040000e-002
13  8.411000e-003
14  1.095000e-002
15  1.177000e-002
16  1.090000e-002
17  2.007000e-002
18  1.268000e-002
19  1.094000e-002
20  9.390000e-003
21  8.223000e-003
22  7.062000e-003
23  9.478000e-003
24  1.141000e-002
25  1.060000e-002
26  1.784000e-002
27  2.066000e-002
28  3.856000e-002
29  5.919000e-002
30  8.840000e-002
31  9.536000e-002
32  8.762000e-002
33  6.423000e-002
34  3.523000e-002
35  1.519000e-002
36  1.209000e-002
37  1.056000e-002
38  1.534000e-002
39  3.047000e-002
40  4.753000e-002
41  7.306000e-002
42  8.294000e-002
43  9.029000e-002
44  2.568000e-002
45  1.056000e-002
46  9.523000e-003
47  9.064000e-003
48  8.633000e-003
49  7.675000e-003
50  8.283000e-003
51  1.322000e-002
52  1.050000e-002
53  1.385000e-002
54  1.262000e-002
55  1.084000e-002
56  9.316000e-003
57  8.044000e-003
58  7.797000e-003
59  1.447000e-002
60  9.280000e-003
61  1.072000e-002
62  1.708000e-002
63  3.218000e-002
64  4.375000e-002
65  6.015000e-002
66  7.528000e-002
67  9.703000e-002
68  9.188000e-002
69  6.376000e-002
70  3.720000e-002
71  2.184000e-002
72  1.126000e-002
73  8.899000e-003
74  1.258000e-002
75  1.387000e-002
76  3.660000e-002
77  6.729000e-002
78  8.531000e-002
79  8.714000e-002
80  2.996000e-002
81  1.172000e-002
82  1.055000e-002
83  9.466000e-003
84  8.492000e-003
85  7.635000e-003
86  6.888000e-003
87  6.431000e-003
88  9.812000e-003
89  1.060000e-002
90  1.022000e-002
91  8.834000e-003
92  7.629000e-003
93  6.620000e-003
94  5.947000e-003
95  7.244000e-003
96  8.065000e-003
97  7.074000e-003
98  8.347000e-003
99  2.186000e-002
100  5.014000e-002
101  6.579000e-002
102  9.006000e-002
103  3.313000e-002
104  9.700000e-003
105  8.513000e-003
106  7.502000e-003
107  6.856000e-003
108  6.821000e-003
109  6.024000e-003
110  6.543000e-003
111  8.447000e-003
112  1.011000e-002
113  8.953000e-003
114  7.759000e-003
115  7.127000e-003
116  6.865000e-003
117  6.383000e-003
118  5.650000e-003
119  6.230000e-003
120  7.775000e-003
121  7.243000e-003
122  1.206000e-002
123  9.904000e-003
124  3.403000e-002
125  3.454000e-002
126  9.334000e-003
127  8.192000e-003
128  7.104000e-003
129  6.140000e-003
130  6.249000e-003
131  6.158000e-003
132  6.393000e-003
133  6.310000e-003
134  5.478000e-003
135  5.610000e-003
136  5.863000e-003
137  5.350000e-003
138  4.619000e-003
139  4.293000e-003
140  4.135000e-003
141  3.598000e-003
142  3.307000e-003
143  3.986000e-003
144  6.055000e-003
   3 
1  1.102000e-002
2  1.267000e-002
3  2.857000e-002
4  4.751000e-002
5  6.575000e-002
6  8.707000e-002
7  9.248000e-002
8  8.750000e-002
9  6.539000e-002
10  3.418000e-002
11  1.973000e-002
12  1.159000e-002
13  1.019000e-002
14  1.360000e-002
15  2.982000e-002
16  5.445000e-002
17  7.070000e-002
18  7.992000e-002
19  9.734000e-002
20  8.688000e-002
21  6.633000e-002
22  3.968000e-002
23  2.170000e-002
24  1.146000e-002
25  1.108000e-002
26  1.809000e-002
27  2.775000e-002
28  3.851000e-002
29  5.898000e-002
30  8.820000e-002
31  9.528000e-002
32  8.767000e-002
33  6.994000e-002
34  3.874000e-002
35  1.521000e-002
36  1.212000e-002
37  1.059000e-002
38  1.538000e-002
39  3.045000e-002
40  4.750000e-002
41  7.293000e-002
42  8.286000e-002
43  9.316000e-002
44  8.984000e-002
45  6.047000e-002
46  4.187000e-002
47  1.852000e-002
48  1.625000e-002
49  9.940000e-003
50  1.354000e-002
51  2.809000e-002
52  4.954000e-002
53  6.490000e-002
54  8.395000e-002
55  9.625000e-002
56  9.119000e-002
57  5.838000e-002
58  3.371000e-002
59  1.818000e-002
60  9.269000e-003
61  1.071000e-002
62  1.705000e-002
63  3.211000e-002
64  4.374000e-002
65  6.006000e-002
66  7.513000e-002
67  9.694000e-002
68  9.190000e-002
69  6.381000e-002
70  3.725000e-002
71  2.186000e-002
72  1.127000e-002
73  8.912000e-003
74  1.576000e-002
75  2.188000e-002
76  4.253000e-002
77  6.719000e-002
78  8.526000e-002
79  8.721000e-002
80  8.678000e-002
81  6.698000e-002
82  3.677000e-002
83  2.069000e-002
84  1.408000e-002
85  1.302000e-002
86  1.536000e-002
87  2.339000e-002
88  4.619000e-002
89  6.674000e-002
90  8.671000e-002
91  9.863000e-002
92  9.315000e-002
93  6.160000e-002
94  4.014000e-002
95  1.788000e-002
96  1.169000e-002
97  7.813000e-003
98  1.173000e-002
99  2.437000e-002
100  5.001000e-002
101  6.568000e-002
102  9.005000e-002
103  9.521000e-002
104  8.809000e-002
105  6.565000e-002
106  4.150000e-002
107  2.450000e-002
108  1.683000e-002
109  1.150000e-002
110  1.955000e-002
111  3.150000e-002
112  5.149000e-002
113  7.431000e-002
114  9.463000e-002
115  9.303000e-002
116  8.596000e-002
117  6.590000e-002
118  4.120000e-002
119  1.912000e-002
120  1.287000e-002
121  1.020000e-002
122  1.389000e-002
123  2.952000e-002
124  5.270000e-002
125  7.225000e-002
126  9.308000e-002
127  9.560000e-002
128  8.457000e-002
129  6.532000e-002
130  3.417000e-002
131  1.739000e-002
132  9.912000e-003
133  1.077000e-002
134  1.595000e-002
135  3.587000e-002
136  4.418000e-002
137  3.904000e-002
138  3.382000e-002
139  2.961000e-002
140  2.595000e-002
141  2.251000e-002
142  1.970000e-002
143  1.643000e-002
144  1.366000e-002
   4 
1  8.480000e-003
2  1.122000e-002
3  1.047000e-002
4  3.150000e-002
5  4.721000e-002
6  1.705000e-002
7  1.480000e-002
8  1.182000e-003
9  1.011000e-003
10  1.519000e-002
11  1.989000e-002
12  1.048000e-002
13  7.977000e-003
14  1.323000e-002
15  2.378000e-002
16  5.444000e-002
17  6.085000e-002
18  5.520000e-002
19  1.511000e-002
20  1.258000e-002
21  2.636000e-003
22  1.513000e-003
23  1.863000e-002
24  1.117000e-002
25  1.110000e-002
26  1.806000e-002
27  2.630000e-002
28  3.879000e-002
29  4.396000e-002
30  1.905000e-002
31  1.787000e-003
32  1.483000e-002
33  1.442000e-003
34  3.741000e-002
35  1.508000e-002
36  1.214000e-002
37  1.059000e-002
38  1.539000e-002
39  2.943000e-002
40  1.649000e-002
41  5.384000e-002
42  1.947000e-002
43  2.667000e-003
44  5.846000e-003
45  1.112000e-002
46  1.577000e-002
47  1.689000e-002
48  1.545000e-002
49  9.957000e-003
50  1.361000e-002
51  2.690000e-002
52  3.253000e-002
53  4.962000e-002
54  2.313000e-002
55  1.425000e-003
56  1.222000e-003
57  1.055000e-003
58  2.598000e-002
59  1.789000e-002
60  9.262000e-003
61  1.070000e-002
62  1.708000e-002
63  1.692000e-002
64  3.894000e-002
65  5.757000e-002
66  5.305000e-002
67  2.288000e-003
68  1.763000e-003
69  1.511000e-003
70  1.321000e-002
71  1.357000e-002
72  5.554000e-003
73  7.606000e-003
74  1.583000e-002
75  2.200000e-002
76  4.278000e-002
77  5.281000e-002
78  1.782000e-002
79  1.283000e-002
80  1.499000e-003
81  1.296000e-003
82  1.106000e-002
83  5.301000e-003
84  6.481000e-003
85  8.293000e-003
86  9.793000e-003
87  2.350000e-002
88  3.394000e-002
89  4.136000e-002
90  3.807000e-002
91  1.327000e-003
92  1.136000e-003
93  9.756000e-004
94  8.979000e-003
95  1.546000e-002
96  1.173000e-002
97  7.819000e-003
98  1.176000e-002
99  2.352000e-002
100  3.836000e-002
101  4.915000e-002
102  2.566000e-002
103  1.251000e-003
104  1.082000e-003
105  1.458000e-002
106  1.261000e-003
107  1.462000e-002
108  9.031000e-003
109  1.012000e-002
110  1.884000e-002
111  2.064000e-002
112  3.622000e-002
113  3.748000e-002
114  1.090000e-003
115  2.509000e-002
116  2.607000e-002
117  1.400000e-003
118  6.869000e-003
119  1.697000e-002
120  9.815000e-003
121  7.308000e-003
122  1.393000e-002
123  2.365000e-002
124  4.576000e-002
125  1.828000e-002
126  1.181000e-003
127  2.573000e-002
128  1.096000e-003
129  3.777000e-003
130  2.770000e-002
131  1.443000e-002
132  9.957000e-003
133  6.162000e-003
134  1.380000e-002
135  2.712000e-002
136  3.110000e-002
137  1.810000e-002
138  1.225000e-003
139  3.202000e-002
140  1.346000e-003
141  1.915000e-003
142  1.120000e-002
143  1.392000e-002
144  1.213000e-002
   5 
1  8.395000e-003
2  1.223000e-002
3  1.193000e-002
4  2.111000e-002
5  8.664000e-003
6  1.481000e-002
7  5.375000e-003
8  4.716000e-003
9  4.066000e-003
10  3.879000e-003
11  1.275000e-002
12  9.759000e-003
13  8.852000e-003
14  1.363000e-002
15  1.966000e-002
16  3.459000e-002
17  4.129000e-002
18  3.788000e-002
19  8.345000e-003
20  7.193000e-003
21  6.358000e-003
22  5.472000e-003
23  8.502000e-003
24  1.146000e-002
25  1.110000e-002
26  1.812000e-002
27  1.492000e-002
28  3.851000e-002
29  4.096000e-002
30  2.121000e-002
31  9.676000e-003
32  8.365000e-003
33  7.301000e-003
34  7.379000e-003
35  1.166000e-002
36  1.212000e-002
37  1.059000e-002
38  1.539000e-002
39  2.557000e-002
40  2.140000e-002
41  4.211000e-002
42  1.919000e-002
43  8.540000e-003
44  7.434000e-003
45  6.634000e-003
46  6.087000e-003
47  6.080000e-003
48  6.069000e-003
49  8.484000e-003
50  1.284000e-002
51  1.949000e-002
52  2.086000e-002
53  4.298000e-002
54  1.162000e-002
55  8.025000e-003
56  6.882000e-003
57  5.932000e-003
58  5.960000e-003
59  1.453000e-002
60  9.260000e-003
61  1.070000e-002
62  1.653000e-002
63  1.854000e-002
64  3.934000e-002
65  5.411000e-002
66  5.142000e-002
67  1.138000e-002
68  9.743000e-003
69  8.385000e-003
70  7.363000e-003
71  7.034000e-003
72  8.566000e-003
73  8.907000e-003
74  1.272000e-002
75  1.997000e-002
76  3.852000e-002
77  4.471000e-002
78  1.808000e-002
79  1.676000e-002
80  8.143000e-003
81  7.023000e-003
82  6.413000e-003
83  5.821000e-003
84  5.270000e-003
85  4.784000e-003
86  4.349000e-003
87  9.164000e-003
88  2.330000e-002
89  2.131000e-002
90  7.812000e-003
91  6.718000e-003
92  5.766000e-003
93  4.972000e-003
94  4.485000e-003
95  9.425000e-003
96  1.154000e-002
97  7.276000e-003
98  9.695000e-003
99  2.101000e-002
100  2.397000e-002
101  3.331000e-002
102  9.484000e-003
103  7.614000e-003
104  6.540000e-003
105  5.759000e-003
106  5.096000e-003
107  4.749000e-003
108  4.969000e-003
109  7.994000e-003
110  1.573000e-002
111  1.371000e-002
112  1.673000e-002
113  6.874000e-003
114  5.958000e-003
115  6.568000e-003
116  5.504000e-003
117  5.194000e-003
118  4.609000e-003
119  5.315000e-003
120  7.495000e-003
121  8.213000e-003
122  1.302000e-002
123  2.445000e-002
124  2.905000e-002
125  8.401000e-003
126  7.229000e-003
127  6.386000e-003
128  5.556000e-003
129  4.805000e-003
130  5.095000e-003
131  5.157000e-003
132  6.572000e-003
133  5.584000e-003
134  1.450000e-002
135  5.112000e-003
136  5.169000e-003
137  4.744000e-003
138  4.089000e-003
139  3.828000e-003
140  3.727000e-003
141  3.238000e-003
142  2.989000e-003
143  7.794000e-003
144  7.164000e-003
   6 
1  8.483000e-003
2  1.131000e-002
3  1.212000e-002
4  6.791000e-003
5  6.411000e-003
6  6.580000e-003
7  5.746000e-003
8  5.035000e-003
9  4.339000e-003
10  4.114000e-003
11  1.158000e-002
12  1.005000e-002
13  9.042000e-003
14  1.362000e-002
15  1.340000e-002
16  2.654000e-002
17  3.517000e-002
18  2.664000e-002
19  9.534000e-003
20  8.199000e-003
21  7.216000e-003
22  6.202000e-003
23  8.955000e-003
24  1.146000e-002
25  1.056000e-002
26  1.773000e-002
27  1.569000e-002
28  3.850000e-002
29  3.845000e-002
30  1.504000e-002
31  1.136000e-002
32  9.827000e-003
33  8.573000e-003
34  8.489000e-003
35  9.810000e-003
36  1.212000e-002
37  1.059000e-002
38  1.538000e-002
39  2.412000e-002
40  2.218000e-002
41  4.176000e-002
42  1.300000e-002
43  9.889000e-003
44  8.595000e-003
45  7.641000e-003
46  6.962000e-003
47  6.839000e-003
48  6.731000e-003
49  8.397000e-003
50  1.351000e-002
51  1.457000e-002
52  1.430000e-002
53  3.585000e-002
54  1.156000e-002
55  9.136000e-003
56  7.829000e-003
57  6.744000e-003
58  6.659000e-003
59  1.463000e-002
60  9.260000e-003
61  1.070000e-002
62  1.704000e-002
63  3.208000e-002
64  3.923000e-002
65  6.002000e-002
66  7.501000e-002
67  3.345000e-002
68  1.210000e-002
69  3.578000e-002
70  3.720000e-002
71  2.184000e-002
72  1.126000e-002
73  8.909000e-003
74  1.577000e-002
75  2.186000e-002
76  4.252000e-002
77  4.399000e-002
78  1.987000e-002
79  1.613000e-002
80  9.689000e-003
81  8.373000e-003
82  7.597000e-003
83  1.109000e-002
84  1.407000e-002
85  1.301000e-002
86  1.535000e-002
87  1.717000e-002
88  1.726000e-002
89  1.447000e-002
90  8.797000e-003
91  7.571000e-003
92  6.504000e-003
93  5.615000e-003
94  5.046000e-003
95  6.502000e-003
96  8.326000e-003
97  7.434000e-003
98  9.942000e-003
99  2.084000e-002
100  2.504000e-002
101  2.028000e-002
102  1.017000e-002
103  8.786000e-003
104  7.537000e-003
105  6.611000e-003
106  5.826000e-003
107  5.376000e-003
108  5.509000e-003
109  7.631000e-003
110  1.215000e-002
111  1.313000e-002
112  1.644000e-002
113  7.769000e-003
114  6.719000e-003
115  6.211000e-003
116  6.059000e-003
117  5.669000e-003
118  5.017000e-003
119  5.666000e-003
120  7.680000e-003
121  8.188000e-003
122  1.305000e-002
123  2.385000e-002
124  2.800000e-002
125  9.586000e-003
126  8.233000e-003
127  7.237000e-003
128  6.275000e-003
129  5.417000e-003
130  5.617000e-003
131  5.604000e-003
132  5.916000e-003
133  5.895000e-003
134  1.401000e-002
135  5.178000e-003
136  5.440000e-003
137  4.979000e-003
138  4.292000e-003
139  4.005000e-003
140  3.881000e-003
141  3.373000e-003
142  3.107000e-003
143  7.131000e-003
144  5.889000e-003
   7 
1  1.102000e-002
2  1.267000e-002
3  2.857000e-002
4  4.752000e-002
5  6.575000e-002
6  8.708000e-002
7  9.338000e-002
8  9.117000e-002
9  6.546000e-002
10  3.420000e-002
11  1.974000e-002
12  1.159000e-002
13  1.019000e-002
14  1.359000e-002
15  2.982000e-002
16  5.444000e-002
17  7.069000e-002
18  7.992000e-002
19  9.735000e-002
20  8.692000e-002
21  6.636000e-002
22  3.969000e-002
23  2.170000e-002
24  1.146000e-002
25  1.108000e-002
26  1.807000e-002
27  2.774000e-002
28  3.851000e-002
29  5.898000e-002
30  8.823000e-002
31  9.532000e-002
32  8.768000e-002
33  6.997000e-002
34  3.875000e-002
35  1.521000e-002
36  1.211000e-002
37  1.058000e-002
38  1.537000e-002
39  3.046000e-002
40  4.751000e-002
41  7.295000e-002
42  8.290000e-002
43  9.320000e-002
44  8.989000e-002
45  6.049000e-002
46  4.189000e-002
47  1.853000e-002
48  1.625000e-002
49  9.940000e-003
50  1.354000e-002
51  2.809000e-002
52  4.955000e-002
53  6.492000e-002
54  8.399000e-002
55  9.629000e-002
56  9.123000e-002
57  5.841000e-002
58  3.372000e-002
59  1.817000e-002
60  9.267000e-003
61  1.071000e-002
62  1.705000e-002
63  3.211000e-002
64  4.372000e-002
65  6.005000e-002
66  7.514000e-002
67  9.698000e-002
68  9.192000e-002
69  6.384000e-002
70  3.725000e-002
71  2.187000e-002
72  1.128000e-002
73  8.913000e-003
74  1.576000e-002
75  2.188000e-002
76  4.252000e-002
77  6.720000e-002
78  8.530000e-002
79  8.724000e-002
80  8.681000e-002
81  6.701000e-002
82  3.679000e-002
83  2.069000e-002
84  1.409000e-002
85  1.302000e-002
86  1.537000e-002
87  2.340000e-002
88  4.620000e-002
89  6.674000e-002
90  8.672000e-002
91  9.867000e-002
92  9.319000e-002
93  6.163000e-002
94  4.016000e-002
95  1.789000e-002
96  1.169000e-002
97  7.810000e-003
98  1.172000e-002
99  2.436000e-002
100  5.003000e-002
101  6.571000e-002
102  9.009000e-002
103  9.525000e-002
104  8.813000e-002
105  6.566000e-002
106  4.151000e-002
107  2.451000e-002
108  1.684000e-002
109  1.150000e-002
110  1.956000e-002
111  3.151000e-002
112  5.151000e-002
113  7.432000e-002
114  9.463000e-002
115  9.305000e-002
116  8.600000e-002
117  6.593000e-002
118  4.122000e-002
119  1.913000e-002
120  1.287000e-002
121  1.019000e-002
122  1.387000e-002
123  2.951000e-002
124  5.270000e-002
125  7.225000e-002
126  9.309000e-002
127  9.566000e-002
128  8.498000e-002
129  6.534000e-002
130  3.417000e-002
131  1.739000e-002
132  9.912000e-003
133  1.077000e-002
134  1.595000e-002
135  3.601000e-002
136  5.065000e-002
137  4.727000e-002
138  4.206000e-002
139  3.768000e-002
140  3.385000e-002
141  3.009000e-002
142  2.679000e-002
143  1.935000e-002
144  1.366000e-002
   8 
1  1.104000e-002
2  1.268000e-002
3  2.859000e-002
4  4.756000e-002
5  6.578000e-002
6  8.709000e-002
7  9.338000e-002
8  9.117000e-002
9  6.546000e-002
10  3.420000e-002
11  1.978000e-002
12  1.160000e-002
13  1.020000e-002
14  1.364000e-002
15  2.987000e-002
16  5.459000e-002
17  7.081000e-002
18  8.002000e-002
19  9.735000e-002
20  8.692000e-002
21  6.636000e-002
22  3.969000e-002
23  2.175000e-002
24  1.147000e-002
25  1.110000e-002
26  1.813000e-002
27  2.778000e-002
28  3.860000e-002
29  5.893000e-002
30  8.809000e-002
31  9.515000e-002
32  8.755000e-002
33  6.987000e-002
34  3.871000e-002
35  1.525000e-002
36  1.213000e-002
37  1.059000e-002
38  1.539000e-002
39  3.046000e-002
40  4.755000e-002
41  7.298000e-002
42  8.280000e-002
43  9.308000e-002
44  8.979000e-002
45  6.044000e-002
46  4.185000e-002
47  1.851000e-002
48  1.624000e-002
49  9.945000e-003
50  1.356000e-002
51  2.813000e-002
52  4.964000e-002
53  6.505000e-002
54  8.396000e-002
55  9.625000e-002
56  9.119000e-002
57  5.838000e-002
58  3.372000e-002
59  1.827000e-002
60  9.263000e-003
61  1.070000e-002
62  1.705000e-002
63  3.209000e-002
64  4.378000e-002
65  6.012000e-002
66  7.511000e-002
67  9.677000e-002
68  9.175000e-002
69  6.370000e-002
70  3.719000e-002
71  2.183000e-002
72  1.126000e-002
73  8.913000e-003
74  1.579000e-002
75  2.190000e-002
76  4.266000e-002
77  6.721000e-002
78  8.523000e-002
79  8.712000e-002
80  8.670000e-002
81  6.693000e-002
82  3.674000e-002
83  2.067000e-002
84  1.407000e-002
85  1.301000e-002
86  1.536000e-002
87  2.341000e-002
88  4.628000e-002
89  6.678000e-002
90  8.668000e-002
91  9.863000e-002
92  9.315000e-002
93  6.160000e-002
94  4.014000e-002
95  1.790000e-002
96  1.170000e-002
97  7.819000e-003
98  1.176000e-002
99  2.446000e-002
100  5.003000e-002
101  6.570000e-002
102  9.001000e-002
103  9.516000e-002
104  8.805000e-002
105  6.562000e-002
106  4.149000e-002
107  2.450000e-002
108  1.684000e-002
109  1.152000e-002
110  1.958000e-002
111  3.155000e-002
112  5.153000e-002
113  7.431000e-002
114  9.463000e-002
115  9.308000e-002
116  8.601000e-002
117  6.593000e-002
118  4.122000e-002
119  1.913000e-002
120  1.288000e-002
121  1.022000e-002
122  1.393000e-002
123  2.961000e-002
124  5.279000e-002
125  7.225000e-002
126  9.309000e-002
127  9.566000e-002
128  8.498000e-002
129  6.536000e-002
130  3.419000e-002
131  1.740000e-002
132  9.923000e-003
133  1.077000e-002
134  1.598000e-002
135  3.605000e-002
136  5.510000e-002
137  7.237000e-002
138  9.509000e-002
139  9.556000e-002
140  9.176000e-002
141  6.503000e-002
142  3.921000e-002
143  2.056000e-002
144  1.367000e-002
