   1 
1  2.083000e-002
2  2.968000e-002
3  6.785000e-002
4  1.189000e-001
5  1.861000e-001
6  2.470000e-001
7  2.505000e-001
8  2.435000e-001
9  1.923000e-001
10  1.001000e-001
11  6.444000e-002
12  3.376000e-002
13  2.072000e-002
14  2.645000e-002
15  6.554000e-002
16  1.277000e-001
17  1.660000e-001
18  2.283000e-001
19  2.602000e-001
20  2.510000e-001
21  1.827000e-001
22  9.279000e-002
23  5.794000e-002
24  2.150000e-002
25  1.666000e-002
26  2.471000e-002
27  4.251000e-002
28  1.095000e-001
29  1.392000e-001
30  2.072000e-001
31  2.636000e-001
32  2.162000e-001
33  1.622000e-001
34  1.081000e-001
35  5.478000e-002
36  2.380000e-002
37  2.208000e-002
38  3.480000e-002
39  6.779000e-002
40  1.211000e-001
41  1.494000e-001
42  2.221000e-001
43  2.549000e-001
44  2.250000e-001
45  1.843000e-001
46  9.772000e-002
47  4.029000e-002
48  3.427000e-002
49  2.794000e-002
50  4.324000e-002
51  7.327000e-002
52  1.319000e-001
53  1.712000e-001
54  2.295000e-001
55  2.714000e-001
56  2.488000e-001
57  1.632000e-001
58  9.445000e-002
59  5.054000e-002
60  2.690000e-002
61  3.192000e-002
62  4.696000e-002
63  8.472000e-002
64  1.176000e-001
65  1.625000e-001
66  2.063000e-001
67  2.716000e-001
68  2.624000e-001
69  1.782000e-001
70  1.048000e-001
71  5.806000e-002
72  3.057000e-002
73  2.044000e-002
74  4.163000e-002
75  6.347000e-002
76  1.152000e-001
77  1.798000e-001
78  2.278000e-001
79  2.518000e-001
80  2.351000e-001
81  1.760000e-001
82  9.980000e-002
83  5.509000e-002
84  3.561000e-002
85  3.316000e-002
86  3.983000e-002
87  5.708000e-002
88  1.199000e-001
89  1.707000e-001
90  2.189000e-001
91  1.666000e-001
92  1.214000e-001
93  9.072000e-002
94  7.326000e-002
95  4.548000e-002
96  2.872000e-002
97  1.964000e-002
98  3.090000e-002
99  6.614000e-002
100  1.330000e-001
101  1.763000e-001
102  2.518000e-001
103  2.621000e-001
104  2.395000e-001
105  1.788000e-001
106  1.124000e-001
107  6.477000e-002
108  4.475000e-002
109  2.894000e-002
110  5.270000e-002
111  8.524000e-002
112  1.323000e-001
113  1.968000e-001
114  1.830000e-001
115  1.391000e-001
116  1.097000e-001
117  8.619000e-002
118  6.447000e-002
119  4.717000e-002
120  3.248000e-002
121  2.538000e-002
122  3.621000e-002
123  7.875000e-002
124  1.363000e-001
125  1.912000e-001
126  2.530000e-001
127  2.654000e-001
128  2.312000e-001
129  1.732000e-001
130  9.148000e-002
131  4.283000e-002
132  2.590000e-002
133  2.604000e-002
134  3.817000e-002
135  9.245000e-002
136  1.426000e-001
137  1.581000e-001
138  1.249000e-001
139  9.609000e-002
140  7.403000e-002
141  5.431000e-002
142  4.605000e-002
143  3.936000e-002
144  3.339000e-002
   2 
1  2.081000e-002
2  2.629000e-002
3  6.781000e-002
4  1.190000e-001
5  1.861000e-001
6  2.468000e-001
7  1.358000e-001
8  1.420000e-002
9  9.825000e-003
10  9.294000e-003
11  1.618000e-002
12  1.082000e-002
13  7.789000e-003
14  1.330000e-002
15  6.550000e-002
16  1.278000e-001
17  1.660000e-001
18  2.281000e-001
19  1.410000e-001
20  1.128000e-002
21  7.758000e-003
22  2.418000e-002
23  2.531000e-002
24  2.110000e-002
25  1.631000e-002
26  1.523000e-002
27  4.194000e-002
28  1.096000e-001
29  1.394000e-001
30  2.072000e-001
31  2.634000e-001
32  2.159000e-001
33  1.620000e-001
34  1.048000e-001
35  5.470000e-002
36  2.378000e-002
37  2.205000e-002
38  3.458000e-002
39  6.538000e-002
40  1.211000e-001
41  1.495000e-001
42  2.220000e-001
43  2.546000e-001
44  1.956000e-001
45  1.447000e-002
46  1.092000e-002
47  3.820000e-002
48  3.425000e-002
49  2.794000e-002
50  4.326000e-002
51  7.333000e-002
52  1.319000e-001
53  1.714000e-001
54  2.295000e-001
55  2.711000e-001
56  2.484000e-001
57  1.629000e-001
58  9.429000e-002
59  5.046000e-002
60  2.687000e-002
61  3.189000e-002
62  4.681000e-002
63  8.470000e-002
64  1.176000e-001
65  1.627000e-001
66  2.064000e-001
67  2.714000e-001
68  2.621000e-001
69  1.779000e-001
70  1.046000e-001
71  5.798000e-002
72  3.053000e-002
73  2.041000e-002
74  3.351000e-002
75  5.663000e-002
76  1.130000e-001
77  1.799000e-001
78  2.276000e-001
79  2.514000e-001
80  6.023000e-002
81  1.678000e-002
82  1.524000e-002
83  2.120000e-002
84  2.307000e-002
85  2.771000e-002
86  2.359000e-002
87  1.770000e-002
88  7.575000e-002
89  6.821000e-002
90  4.555000e-002
91  2.453000e-002
92  1.456000e-002
93  1.000000e-002
94  1.300000e-002
95  4.329000e-002
96  2.871000e-002
97  1.964000e-002
98  2.975000e-002
99  6.458000e-002
100  1.332000e-001
101  1.763000e-001
102  2.516000e-001
103  2.473000e-001
104  4.721000e-002
105  1.391000e-002
106  1.115000e-002
107  1.614000e-002
108  1.845000e-002
109  1.258000e-002
110  1.780000e-002
111  2.427000e-002
112  4.028000e-002
113  2.731000e-002
114  1.597000e-002
115  1.292000e-002
116  1.479000e-002
117  1.452000e-002
118  1.088000e-002
119  3.833000e-002
120  2.964000e-002
121  2.099000e-002
122  2.582000e-002
123  5.336000e-002
124  1.364000e-001
125  1.912000e-001
126  4.674000e-002
127  1.590000e-002
128  9.572000e-003
129  7.322000e-003
130  1.574000e-002
131  2.737000e-002
132  2.241000e-002
133  2.602000e-002
134  3.690000e-002
135  3.983000e-002
136  3.170000e-002
137  2.450000e-002
138  1.324000e-002
139  1.169000e-002
140  1.053000e-002
141  6.335000e-003
142  9.812000e-003
143  1.306000e-002
144  1.994000e-002
   3 
1  2.083000e-002
2  2.970000e-002
3  6.793000e-002
4  1.189000e-001
5  1.859000e-001
6  2.468000e-001
7  2.504000e-001
8  2.434000e-001
9  1.923000e-001
10  1.001000e-001
11  6.444000e-002
12  3.376000e-002
13  2.073000e-002
14  2.647000e-002
15  6.557000e-002
16  1.276000e-001
17  1.659000e-001
18  2.282000e-001
19  2.600000e-001
20  2.510000e-001
21  1.827000e-001
22  9.279000e-002
23  5.794000e-002
24  2.150000e-002
25  1.666000e-002
26  2.472000e-002
27  4.262000e-002
28  1.094000e-001
29  1.391000e-001
30  2.070000e-001
31  2.634000e-001
32  2.161000e-001
33  1.622000e-001
34  1.081000e-001
35  5.476000e-002
36  2.380000e-002
37  2.209000e-002
38  3.484000e-002
39  6.780000e-002
40  1.210000e-001
41  1.493000e-001
42  2.219000e-001
43  2.547000e-001
44  2.249000e-001
45  1.843000e-001
46  9.771000e-002
47  4.029000e-002
48  3.427000e-002
49  2.796000e-002
50  4.325000e-002
51  7.322000e-002
52  1.318000e-001
53  1.710000e-001
54  2.293000e-001
55  2.712000e-001
56  2.487000e-001
57  1.632000e-001
58  9.444000e-002
59  5.058000e-002
60  2.691000e-002
61  3.194000e-002
62  4.697000e-002
63  8.472000e-002
64  1.176000e-001
65  1.624000e-001
66  2.061000e-001
67  2.714000e-001
68  2.623000e-001
69  1.781000e-001
70  1.048000e-001
71  5.806000e-002
72  3.058000e-002
73  2.044000e-002
74  4.167000e-002
75  6.351000e-002
76  1.152000e-001
77  1.796000e-001
78  2.276000e-001
79  2.517000e-001
80  2.350000e-001
81  1.760000e-001
82  9.982000e-002
83  5.510000e-002
84  3.562000e-002
85  3.317000e-002
86  3.985000e-002
87  5.711000e-002
88  1.200000e-001
89  1.708000e-001
90  2.380000e-001
91  2.678000e-001
92  2.614000e-001
93  1.668000e-001
94  1.047000e-001
95  4.550000e-002
96  2.873000e-002
97  1.965000e-002
98  3.095000e-002
99  6.614000e-002
100  1.328000e-001
101  1.761000e-001
102  2.516000e-001
103  2.618000e-001
104  2.394000e-001
105  1.787000e-001
106  1.124000e-001
107  6.475000e-002
108  4.475000e-002
109  2.895000e-002
110  5.272000e-002
111  8.525000e-002
112  1.324000e-001
113  2.010000e-001
114  2.483000e-001
115  2.509000e-001
116  2.391000e-001
117  1.776000e-001
118  1.091000e-001
119  4.719000e-002
120  3.250000e-002
121  2.540000e-002
122  3.626000e-002
123  7.878000e-002
124  1.362000e-001
125  1.911000e-001
126  2.528000e-001
127  2.652000e-001
128  2.310000e-001
129  1.732000e-001
130  9.145000e-002
131  4.281000e-002
132  2.590000e-002
133  2.603000e-002
134  3.823000e-002
135  9.243000e-002
136  1.426000e-001
137  1.733000e-001
138  1.606000e-001
139  1.394000e-001
140  1.210000e-001
141  1.022000e-001
142  8.848000e-002
143  5.574000e-002
144  3.472000e-002
   4 
1  2.083000e-002
2  2.722000e-002
3  6.815000e-002
4  8.348000e-002
5  8.222000e-002
6  1.344000e-002
7  6.507000e-003
8  3.315000e-003
9  1.879000e-003
10  1.410000e-002
11  3.392000e-002
12  8.424000e-003
13  1.555000e-002
14  2.521000e-002
15  6.577000e-002
16  1.246000e-001
17  3.364000e-002
18  4.029000e-002
19  4.979000e-003
20  2.488000e-003
21  1.372000e-003
22  6.573000e-002
23  2.818000e-002
24  2.152000e-002
25  1.353000e-002
26  1.136000e-002
27  3.923000e-002
28  1.077000e-001
29  1.147000e-001
30  9.697000e-002
31  1.482000e-002
32  2.097000e-002
33  1.936000e-002
34  3.826000e-003
35  3.139000e-002
36  2.381000e-002
37  2.017000e-002
38  3.479000e-002
39  5.543000e-002
40  1.038000e-001
41  1.485000e-001
42  6.166000e-002
43  1.525000e-002
44  7.654000e-003
45  3.798000e-003
46  8.475000e-003
47  4.049000e-002
48  3.430000e-002
49  2.798000e-002
50  3.951000e-002
51  7.325000e-002
52  9.331000e-002
53  1.448000e-001
54  8.741000e-002
55  1.324000e-002
56  6.314000e-003
57  3.676000e-003
58  4.906000e-002
59  5.077000e-002
60  2.688000e-002
61  2.989000e-002
62  4.346000e-002
63  4.947000e-002
64  1.063000e-001
65  1.096000e-001
66  1.673000e-001
67  3.384000e-002
68  1.167000e-002
69  1.671000e-002
70  4.496000e-003
71  3.609000e-002
72  1.599000e-002
73  1.518000e-002
74  4.175000e-002
75  6.365000e-002
76  1.113000e-001
77  1.547000e-001
78  4.299000e-002
79  1.041000e-002
80  5.024000e-003
81  2.629000e-003
82  1.921000e-002
83  2.561000e-002
84  2.813000e-002
85  3.282000e-002
86  3.595000e-002
87  5.439000e-002
88  1.021000e-001
89  1.271000e-001
90  7.862000e-002
91  1.235000e-002
92  5.825000e-003
93  3.067000e-003
94  2.618000e-002
95  4.562000e-002
96  2.877000e-002
97  1.964000e-002
98  2.490000e-002
99  6.405000e-002
100  1.073000e-001
101  1.441000e-001
102  4.522000e-002
103  1.002000e-002
104  5.249000e-003
105  2.682000e-003
106  2.074000e-003
107  3.531000e-002
108  2.170000e-002
109  2.429000e-002
110  4.496000e-002
111  5.808000e-002
112  8.249000e-002
113  6.406000e-002
114  8.109000e-003
115  4.423000e-002
116  6.616000e-002
117  1.012000e-002
118  1.713000e-002
119  4.732000e-002
120  2.492000e-002
121  1.896000e-002
122  3.159000e-002
123  6.103000e-002
124  1.134000e-001
125  2.733000e-002
126  9.410000e-003
127  4.479000e-003
128  2.217000e-003
129  8.098000e-003
130  5.715000e-002
131  4.161000e-002
132  2.596000e-002
133  2.604000e-002
134  3.828000e-002
135  5.530000e-002
136  7.506000e-002
137  4.707000e-002
138  6.762000e-003
139  5.654000e-002
140  7.092000e-003
141  3.485000e-003
142  3.544000e-002
143  3.162000e-002
144  2.200000e-002
   5 
1  2.082000e-002
2  2.972000e-002
3  6.800000e-002
4  7.707000e-002
5  7.022000e-002
6  2.387000e-002
7  1.321000e-002
8  8.152000e-003
9  5.734000e-003
10  6.200000e-003
11  1.365000e-002
12  8.656000e-003
13  9.376000e-003
14  2.648000e-002
15  6.561000e-002
16  1.031000e-001
17  3.894000e-002
18  2.032000e-002
19  1.158000e-002
20  7.233000e-003
21  5.146000e-003
22  2.706000e-002
23  2.380000e-002
24  2.077000e-002
25  1.665000e-002
26  2.472000e-002
27  4.268000e-002
28  9.674000e-002
29  1.061000e-001
30  8.983000e-002
31  2.864000e-002
32  1.623000e-002
33  1.354000e-002
34  8.286000e-003
35  2.934000e-002
36  2.368000e-002
37  2.211000e-002
38  3.485000e-002
39  5.866000e-002
40  9.443000e-002
41  1.487000e-001
42  5.813000e-002
43  2.923000e-002
44  1.631000e-002
45  9.906000e-003
46  7.746000e-003
47  4.029000e-002
48  3.427000e-002
49  2.796000e-002
50  4.321000e-002
51  7.316000e-002
52  1.241000e-001
53  1.707000e-001
54  1.065000e-001
55  3.204000e-002
56  1.852000e-002
57  1.239000e-002
58  8.234000e-002
59  5.060000e-002
60  2.690000e-002
61  3.194000e-002
62  4.695000e-002
63  8.463000e-002
64  1.106000e-001
65  1.623000e-001
66  1.597000e-001
67  5.092000e-002
68  2.740000e-002
69  1.748000e-002
70  7.172000e-002
71  5.800000e-002
72  3.054000e-002
73  2.043000e-002
74  4.166000e-002
75  6.347000e-002
76  1.152000e-001
77  1.379000e-001
78  4.176000e-002
79  2.246000e-002
80  1.349000e-002
81  9.254000e-003
82  1.135000e-002
83  5.505000e-002
84  3.560000e-002
85  3.315000e-002
86  3.982000e-002
87  5.711000e-002
88  8.770000e-002
89  8.704000e-002
90  3.816000e-002
91  1.986000e-002
92  1.125000e-002
93  7.401000e-003
94  1.656000e-002
95  4.359000e-002
96  2.873000e-002
97  1.965000e-002
98  3.097000e-002
99  6.579000e-002
100  1.065000e-001
101  1.159000e-001
102  5.269000e-002
103  1.999000e-002
104  1.227000e-002
105  8.179000e-003
106  6.686000e-003
107  1.241000e-002
108  1.520000e-002
109  2.003000e-002
110  2.277000e-002
111  2.027000e-002
112  5.305000e-002
113  2.351000e-002
114  1.331000e-002
115  1.085000e-002
116  1.307000e-002
117  1.302000e-002
118  9.537000e-003
119  3.874000e-002
120  2.819000e-002
121  2.155000e-002
122  3.247000e-002
123  5.969000e-002
124  9.062000e-002
125  3.624000e-002
126  1.864000e-002
127  1.058000e-002
128  6.726000e-003
129  5.601000e-003
130  1.456000e-002
131  2.648000e-002
132  2.203000e-002
133  2.603000e-002
134  3.829000e-002
135  2.939000e-002
136  4.670000e-002
137  1.971000e-002
138  1.084000e-002
139  1.037000e-002
140  9.737000e-003
141  5.777000e-003
142  9.378000e-003
143  1.270000e-002
144  1.961000e-002
   6 
1  2.083000e-002
2  2.971000e-002
3  6.796000e-002
4  1.054000e-001
5  7.340000e-002
6  2.704000e-002
7  1.469000e-002
8  8.858000e-003
9  6.097000e-003
10  6.405000e-003
11  1.378000e-002
12  2.777000e-002
13  2.072000e-002
14  2.648000e-002
15  6.558000e-002
16  1.238000e-001
17  6.527000e-002
18  2.393000e-002
19  1.334000e-002
20  8.147000e-003
21  5.676000e-003
22  2.265000e-002
23  3.275000e-002
24  2.149000e-002
25  1.666000e-002
26  2.472000e-002
27  4.267000e-002
28  9.733000e-002
29  1.389000e-001
30  1.265000e-001
31  3.246000e-002
32  1.785000e-002
33  1.420000e-002
34  2.975000e-002
35  5.474000e-002
36  2.379000e-002
37  2.210000e-002
38  3.485000e-002
39  6.054000e-002
40  9.345000e-002
41  1.492000e-001
42  9.207000e-002
43  3.326000e-002
44  1.813000e-002
45  1.076000e-002
46  1.662000e-002
47  4.028000e-002
48  3.427000e-002
49  2.796000e-002
50  4.323000e-002
51  7.317000e-002
52  1.318000e-001
53  1.708000e-001
54  2.289000e-001
55  2.688000e-001
56  2.437000e-001
57  1.629000e-001
58  9.436000e-002
59  5.058000e-002
60  2.691000e-002
61  3.194000e-002
62  4.696000e-002
63  8.466000e-002
64  1.176000e-001
65  1.623000e-001
66  2.058000e-001
67  2.709000e-001
68  2.618000e-001
69  1.779000e-001
70  1.047000e-001
71  5.804000e-002
72  3.057000e-002
73  2.044000e-002
74  4.166000e-002
75  6.349000e-002
76  1.152000e-001
77  1.794000e-001
78  2.258000e-001
79  1.270000e-001
80  8.267000e-002
81  1.732000e-001
82  9.973000e-002
83  5.507000e-002
84  3.562000e-002
85  3.316000e-002
86  3.984000e-002
87  5.711000e-002
88  9.283000e-002
89  7.846000e-002
90  4.122000e-002
91  2.175000e-002
92  1.257000e-002
93  8.422000e-003
94  1.166000e-002
95  4.362000e-002
96  2.873000e-002
97  1.965000e-002
98  3.096000e-002
99  6.579000e-002
100  1.011000e-001
101  1.184000e-001
102  5.621000e-002
103  2.293000e-002
104  1.387000e-002
105  9.175000e-003
106  7.385000e-003
107  1.295000e-002
108  1.566000e-002
109  2.425000e-002
110  3.654000e-002
111  2.113000e-002
112  5.284000e-002
113  2.477000e-002
114  1.402000e-002
115  1.131000e-002
116  1.339000e-002
117  1.328000e-002
118  9.755000e-003
119  3.877000e-002
120  2.913000e-002
121  2.213000e-002
122  3.189000e-002
123  6.233000e-002
124  9.518000e-002
125  4.025000e-002
126  2.064000e-002
127  1.167000e-002
128  7.379000e-003
129  6.049000e-003
130  1.490000e-002
131  2.677000e-002
132  2.216000e-002
133  2.603000e-002
134  3.826000e-002
135  2.658000e-002
136  4.573000e-002
137  2.097000e-002
138  1.151000e-002
139  1.078000e-002
140  1.001000e-002
141  5.982000e-003
142  9.547000e-003
143  1.284000e-002
144  1.974000e-002
   7 
1  2.084000e-002
2  2.970000e-002
3  6.790000e-002
4  1.189000e-001
5  1.860000e-001
6  2.469000e-001
7  2.504000e-001
8  2.434000e-001
9  1.923000e-001
10  1.001000e-001
11  6.446000e-002
12  3.377000e-002
13  2.073000e-002
14  2.647000e-002
15  6.556000e-002
16  1.277000e-001
17  1.659000e-001
18  2.282000e-001
19  2.601000e-001
20  2.510000e-001
21  1.827000e-001
22  9.281000e-002
23  5.796000e-002
24  2.150000e-002
25  1.666000e-002
26  2.472000e-002
27  4.257000e-002
28  1.094000e-001
29  1.391000e-001
30  2.070000e-001
31  2.635000e-001
32  2.161000e-001
33  1.622000e-001
34  1.081000e-001
35  5.478000e-002
36  2.381000e-002
37  2.209000e-002
38  3.483000e-002
39  6.780000e-002
40  1.211000e-001
41  1.493000e-001
42  2.220000e-001
43  2.548000e-001
44  2.249000e-001
45  1.843000e-001
46  9.775000e-002
47  4.030000e-002
48  3.428000e-002
49  2.795000e-002
50  4.324000e-002
51  7.321000e-002
52  1.318000e-001
53  1.710000e-001
54  2.294000e-001
55  2.712000e-001
56  2.488000e-001
57  1.632000e-001
58  9.447000e-002
59  5.058000e-002
60  2.691000e-002
61  3.195000e-002
62  4.698000e-002
63  8.475000e-002
64  1.176000e-001
65  1.624000e-001
66  2.061000e-001
67  2.715000e-001
68  2.623000e-001
69  1.782000e-001
70  1.048000e-001
71  5.808000e-002
72  3.058000e-002
73  2.045000e-002
74  4.167000e-002
75  6.353000e-002
76  1.152000e-001
77  1.797000e-001
78  2.277000e-001
79  2.518000e-001
80  2.351000e-001
81  1.760000e-001
82  9.986000e-002
83  5.511000e-002
84  3.564000e-002
85  3.319000e-002
86  3.986000e-002
87  5.713000e-002
88  1.200000e-001
89  1.709000e-001
90  2.380000e-001
91  2.679000e-001
92  2.615000e-001
93  1.669000e-001
94  1.047000e-001
95  4.551000e-002
96  2.874000e-002
97  1.965000e-002
98  3.093000e-002
99  6.613000e-002
100  1.329000e-001
101  1.761000e-001
102  2.517000e-001
103  2.619000e-001
104  2.394000e-001
105  1.788000e-001
106  1.124000e-001
107  6.477000e-002
108  4.477000e-002
109  2.896000e-002
110  5.273000e-002
111  8.527000e-002
112  1.324000e-001
113  2.011000e-001
114  2.484000e-001
115  2.510000e-001
116  2.392000e-001
117  1.776000e-001
118  1.092000e-001
119  4.719000e-002
120  3.250000e-002
121  2.540000e-002
122  3.625000e-002
123  7.878000e-002
124  1.363000e-001
125  1.911000e-001
126  2.530000e-001
127  2.653000e-001
128  2.311000e-001
129  1.732000e-001
130  9.148000e-002
131  4.283000e-002
132  2.590000e-002
133  2.604000e-002
134  3.820000e-002
135  9.246000e-002
136  1.426000e-001
137  1.864000e-001
138  2.404000e-001
139  2.288000e-001
140  2.059000e-001
141  1.685000e-001
142  1.016000e-001
143  5.575000e-002
144  3.472000e-002
   8 
1  2.082000e-002
2  2.971000e-002
3  6.805000e-002
4  1.189000e-001
5  1.857000e-001
6  2.466000e-001
7  2.476000e-001
8  2.335000e-001
9  1.921000e-001
10  9.999000e-002
11  6.439000e-002
12  3.374000e-002
13  2.071000e-002
14  2.650000e-002
15  6.567000e-002
16  1.276000e-001
17  1.657000e-001
18  2.095000e-001
19  1.897000e-001
20  1.696000e-001
21  1.513000e-001
22  9.274000e-002
23  5.790000e-002
24  2.148000e-002
25  1.665000e-002
26  2.474000e-002
27  4.269000e-002
28  1.095000e-001
29  1.390000e-001
30  2.067000e-001
31  2.629000e-001
32  2.157000e-001
33  1.619000e-001
34  1.079000e-001
35  5.474000e-002
36  2.379000e-002
37  2.210000e-002
38  3.485000e-002
39  6.783000e-002
40  1.211000e-001
41  1.494000e-001
42  2.216000e-001
43  2.543000e-001
44  2.246000e-001
45  1.841000e-001
46  9.761000e-002
47  4.035000e-002
48  3.428000e-002
49  2.797000e-002
50  4.323000e-002
51  7.318000e-002
52  1.318000e-001
53  1.709000e-001
54  2.290000e-001
55  2.707000e-001
56  2.483000e-001
57  1.629000e-001
58  9.430000e-002
59  5.064000e-002
60  2.690000e-002
61  3.192000e-002
62  4.696000e-002
63  8.464000e-002
64  1.178000e-001
65  1.624000e-001
66  2.059000e-001
67  2.708000e-001
68  2.618000e-001
69  1.778000e-001
70  1.046000e-001
71  5.799000e-002
72  3.053000e-002
73  2.042000e-002
74  4.168000e-002
75  6.350000e-002
76  1.153000e-001
77  1.794000e-001
78  2.273000e-001
79  2.513000e-001
80  2.346000e-001
81  1.757000e-001
82  9.969000e-002
83  5.505000e-002
84  3.559000e-002
85  3.315000e-002
86  3.981000e-002
87  5.710000e-002
88  1.200000e-001
89  1.708000e-001
90  2.303000e-001
91  2.147000e-001
92  1.865000e-001
93  1.581000e-001
94  1.047000e-001
95  4.555000e-002
96  2.874000e-002
97  1.964000e-002
98  3.096000e-002
99  6.624000e-002
100  1.328000e-001
101  1.761000e-001
102  2.513000e-001
103  2.613000e-001
104  2.391000e-001
105  1.785000e-001
106  1.123000e-001
107  6.471000e-002
108  4.472000e-002
109  2.897000e-002
110  5.268000e-002
111  8.521000e-002
112  1.322000e-001
113  1.541000e-001
114  1.328000e-001
115  1.193000e-001
116  1.301000e-001
117  1.040000e-001
118  8.527000e-002
119  4.725000e-002
120  3.251000e-002
121  2.541000e-002
122  3.627000e-002
123  7.891000e-002
124  1.362000e-001
125  1.818000e-001
126  1.712000e-001
127  1.507000e-001
128  1.343000e-001
129  1.194000e-001
130  9.145000e-002
131  4.282000e-002
132  2.591000e-002
133  2.604000e-002
134  3.830000e-002
135  9.244000e-002
136  1.426000e-001
137  1.821000e-001
138  1.866000e-001
139  1.704000e-001
140  1.552000e-001
141  1.380000e-001
142  1.016000e-001
143  5.575000e-002
144  3.472000e-002
