   1 
1  3.344000e-008
2  8.387000e+004
3  4.936000e-008
4  7.505000e+004
5  4.936000e-008
6  4.777000e-008
7  4.936000e-008
8  4.936000e-008
9  4.777000e-008
10  4.936000e-008
11  4.777000e-008
12  4.936000e-008
13  4.936000e-008
14  1.433000e-008
15  1.846000e+004
16  2.707000e+004
17  1.982000e+003
18  4.777000e-008
19  4.936000e-008
20  4.936000e-008
21  4.777000e-008
22  4.936000e-008
23  4.777000e-008
24  4.936000e-008
25  1.014000e+005
26  8.166000e+004
27  4.936000e-008
28  2.583000e+004
29  2.172000e+003
30  4.777000e-008
31  4.936000e-008
32  4.936000e-008
33  4.777000e-008
34  4.936000e-008
35  4.777000e-008
36  4.936000e-008
37  4.936000e-008
38  4.458000e-008
39  6.881000e+002
40  4.777000e-008
41  1.595000e+003
42  4.777000e-008
43  1.751000e-008
44  0.000000e+000
45  0.000000e+000
46  0.000000e+000
47  4.777000e-008
48  6.843000e+002
49  2.496000e+004
50  9.638000e+003
51  3.340000e+003
52  4.777000e-008
53  4.936000e-008
54  4.777000e-008
55  4.936000e-008
56  4.936000e-008
57  4.777000e-008
58  4.936000e-008
59  4.777000e-008
60  4.936000e-008
61  4.936000e-008
62  4.458000e-008
63  4.936000e-008
64  4.777000e-008
65  4.936000e-008
66  4.777000e-008
67  4.936000e-008
68  2.548000e-008
69  0.000000e+000
70  0.000000e+000
71  0.000000e+000
72  0.000000e+000
73  0.000000e+000
74  0.000000e+000
75  1.433000e-008
76  3.662000e-008
77  6.369000e-009
78  0.000000e+000
79  0.000000e+000
80  0.000000e+000
81  0.000000e+000
82  1.592000e-009
83  0.000000e+000
84  0.000000e+000
85  0.000000e+000
86  2.779000e+004
87  0.000000e+000
88  0.000000e+000
89  3.184000e-009
90  0.000000e+000
91  4.777000e-009
92  0.000000e+000
93  0.000000e+000
94  0.000000e+000
95  0.000000e+000
96  0.000000e+000
97  0.000000e+000
98  1.516000e+004
99  4.612000e+004
100  5.605000e+003
101  4.936000e-008
102  4.777000e-008
103  4.936000e-008
104  4.936000e-008
105  4.777000e-008
106  4.936000e-008
107  4.777000e-008
108  4.936000e-008
109  4.936000e-008
110  4.458000e-008
111  4.936000e-008
112  4.777000e-008
113  1.274000e-008
114  0.000000e+000
115  0.000000e+000
116  0.000000e+000
117  0.000000e+000
118  0.000000e+000
119  0.000000e+000
120  0.000000e+000
121  0.000000e+000
122  0.000000e+000
123  5.742000e+004
124  4.777000e-008
125  2.707000e-008
126  0.000000e+000
127  1.592000e-009
128  1.592000e-009
129  0.000000e+000
130  0.000000e+000
131  0.000000e+000
132  4.777000e-009
133  0.000000e+000
134  0.000000e+000
135  0.000000e+000
136  0.000000e+000
137  0.000000e+000
138  1.592000e-009
139  0.000000e+000
140  0.000000e+000
141  0.000000e+000
142  1.592000e-009
143  0.000000e+000
144  0.000000e+000
   2 
1  3.184000e-009
2  4.166000e+004
3  0.000000e+000
4  4.483000e+004
5  3.184000e-009
6  1.592000e-009
7  0.000000e+000
8  0.000000e+000
9  0.000000e+000
10  0.000000e+000
11  0.000000e+000
12  0.000000e+000
13  0.000000e+000
14  0.000000e+000
15  7.912000e+003
16  9.736000e+003
17  4.936000e-008
18  3.344000e-008
19  0.000000e+000
20  0.000000e+000
21  0.000000e+000
22  0.000000e+000
23  0.000000e+000
24  3.662000e-008
25  6.665000e+004
26  5.250000e+004
27  4.936000e-008
28  1.331000e+004
29  3.344000e-008
30  0.000000e+000
31  1.592000e-009
32  3.184000e-009
33  1.592000e-009
34  1.592000e-009
35  1.592000e-009
36  0.000000e+000
37  0.000000e+000
38  0.000000e+000
39  3.503000e-008
40  6.369000e-009
41  3.821000e-008
42  1.274000e-008
43  0.000000e+000
44  4.777000e-009
45  0.000000e+000
46  0.000000e+000
47  4.777000e-008
48  1.885000e+002
49  1.231000e+004
50  4.974000e+002
51  4.936000e-008
52  4.777000e-008
53  4.936000e-008
54  7.961000e-009
55  1.592000e-009
56  0.000000e+000
57  0.000000e+000
58  0.000000e+000
59  3.981000e-008
60  1.274000e-008
61  0.000000e+000
62  0.000000e+000
63  0.000000e+000
64  0.000000e+000
65  0.000000e+000
66  0.000000e+000
67  0.000000e+000
68  0.000000e+000
69  1.592000e-009
70  0.000000e+000
71  0.000000e+000
72  0.000000e+000
73  0.000000e+000
74  0.000000e+000
75  1.592000e-009
76  3.184000e-008
77  1.592000e-009
78  0.000000e+000
79  0.000000e+000
80  0.000000e+000
81  0.000000e+000
82  0.000000e+000
83  0.000000e+000
84  0.000000e+000
85  0.000000e+000
86  8.979000e+003
87  0.000000e+000
88  0.000000e+000
89  1.592000e-009
90  0.000000e+000
91  1.592000e-009
92  1.592000e-009
93  1.592000e-009
94  1.592000e-009
95  0.000000e+000
96  0.000000e+000
97  0.000000e+000
98  1.038000e+003
99  2.435000e+004
100  4.777000e-008
101  2.707000e-008
102  0.000000e+000
103  1.592000e-009
104  1.592000e-009
105  1.592000e-009
106  0.000000e+000
107  0.000000e+000
108  0.000000e+000
109  0.000000e+000
110  0.000000e+000
111  0.000000e+000
112  0.000000e+000
113  0.000000e+000
114  0.000000e+000
115  0.000000e+000
116  0.000000e+000
117  0.000000e+000
118  0.000000e+000
119  0.000000e+000
120  0.000000e+000
121  0.000000e+000
122  0.000000e+000
123  1.621000e+004
124  3.503000e-008
125  0.000000e+000
126  0.000000e+000
127  0.000000e+000
128  0.000000e+000
129  0.000000e+000
130  1.592000e-009
131  0.000000e+000
132  3.184000e-009
133  0.000000e+000
134  0.000000e+000
135  0.000000e+000
136  0.000000e+000
137  0.000000e+000
138  0.000000e+000
139  0.000000e+000
140  0.000000e+000
141  0.000000e+000
142  3.184000e-009
143  1.592000e-009
144  0.000000e+000
   3 
1  4.936000e-008
2  2.481000e+005
3  1.012000e+004
4  1.656000e+005
5  4.936000e-008
6  4.777000e-008
7  4.936000e-008
8  4.936000e-008
9  4.777000e-008
10  4.936000e-008
11  4.777000e-008
12  4.936000e-008
13  4.140000e-008
14  1.592000e-008
15  6.098000e+004
16  8.354000e+004
17  3.021000e+004
18  4.777000e-008
19  4.936000e-008
20  4.936000e-008
21  4.777000e-008
22  4.936000e-008
23  4.777000e-008
24  1.515000e+003
25  1.910000e+005
26  1.658000e+005
27  4.936000e-008
28  5.535000e+004
29  1.720000e+004
30  4.777000e-008
31  4.936000e-008
32  4.936000e-008
33  4.777000e-008
34  4.936000e-008
35  4.777000e-008
36  4.936000e-008
37  6.017000e+002
38  9.920000e+003
39  2.073000e+004
40  8.157000e+003
41  2.015000e+004
42  1.664000e+003
43  4.936000e-008
44  4.936000e-008
45  4.777000e-008
46  3.503000e-008
47  2.876000e+003
48  2.455000e+003
49  8.270000e+004
50  5.670000e+004
51  4.625000e+004
52  4.777000e-008
53  4.936000e-008
54  4.777000e-008
55  4.936000e-008
56  4.936000e-008
57  4.777000e-008
58  4.936000e-008
59  1.630000e+003
60  4.936000e-008
61  4.936000e-008
62  4.458000e-008
63  4.936000e-008
64  1.715000e+004
65  4.936000e-008
66  4.777000e-008
67  4.936000e-008
68  4.936000e-008
69  4.777000e-008
70  4.936000e-008
71  4.777000e-008
72  4.936000e-008
73  4.936000e-008
74  4.617000e-008
75  4.936000e-008
76  7.888000e+002
77  3.256000e+002
78  4.777000e-008
79  4.936000e-008
80  3.821000e-008
81  0.000000e+000
82  1.592000e-009
83  1.592000e-009
84  0.000000e+000
85  0.000000e+000
86  1.179000e+005
87  1.751000e-008
88  0.000000e+000
89  2.229000e-008
90  4.617000e-008
91  2.563000e+002
92  4.777000e-009
93  0.000000e+000
94  0.000000e+000
95  2.548000e-008
96  0.000000e+000
97  0.000000e+000
98  1.083000e+005
99  1.191000e+005
100  3.747000e+004
101  4.936000e-008
102  4.777000e-008
103  4.936000e-008
104  4.936000e-008
105  4.777000e-008
106  4.936000e-008
107  4.777000e-008
108  4.936000e-008
109  4.936000e-008
110  4.458000e-008
111  4.936000e-008
112  4.777000e-008
113  4.936000e-008
114  4.299000e-008
115  0.000000e+000
116  0.000000e+000
117  0.000000e+000
118  0.000000e+000
119  0.000000e+000
120  0.000000e+000
121  0.000000e+000
122  2.651000e+003
123  2.730000e+005
124  4.777000e-008
125  3.821000e-008
126  1.592000e-009
127  0.000000e+000
128  0.000000e+000
129  0.000000e+000
130  0.000000e+000
131  0.000000e+000
132  9.553000e-009
133  6.369000e-009
134  0.000000e+000
135  0.000000e+000
136  0.000000e+000
137  0.000000e+000
138  1.592000e-009
139  0.000000e+000
140  0.000000e+000
141  0.000000e+000
142  0.000000e+000
143  0.000000e+000
144  0.000000e+000
   4 
1  3.824000e+005
2  1.049000e+006
3  5.349000e+005
4  1.666000e+006
5  5.250000e+004
6  0.000000e+000
7  0.000000e+000
8  0.000000e+000
9  0.000000e+000
10  2.990000e+004
11  1.077000e+005
12  2.827000e+005
13  1.686000e+005
14  4.765000e+005
15  1.177000e+006
16  8.478000e+005
17  5.736000e+005
18  0.000000e+000
19  0.000000e+000
20  0.000000e+000
21  0.000000e+000
22  7.455000e+004
23  8.083000e+003
24  5.381000e+005
25  6.582000e+005
26  8.294000e+005
27  1.956000e+005
28  1.000000e+006
29  6.583000e+005
30  1.265000e+005
31  0.000000e+000
32  0.000000e+000
33  0.000000e+000
34  0.000000e+000
35  2.419000e+004
36  1.389000e+005
37  1.416000e+005
38  1.992000e+005
39  7.126000e+005
40  6.677000e+005
41  7.170000e+005
42  1.144000e+005
43  0.000000e+000
44  0.000000e+000
45  0.000000e+000
46  2.821000e+004
47  2.636000e+005
48  5.305000e+004
49  6.497000e+005
50  3.597000e+005
51  1.021000e+006
52  3.527000e+005
53  2.360000e+005
54  0.000000e+000
55  0.000000e+000
56  0.000000e+000
57  0.000000e+000
58  1.127000e+004
59  3.786000e+005
60  4.059000e+003
61  2.938000e+005
62  1.199000e+005
63  1.098000e+005
64  1.050000e+006
65  1.742000e+005
66  2.952000e+003
67  0.000000e+000
68  0.000000e+000
69  3.817000e+004
70  1.592000e-009
71  1.592000e-009
72  4.777000e-009
73  2.217000e+005
74  1.106000e+005
75  7.206000e+005
76  9.216000e+005
77  4.876000e+005
78  0.000000e+000
79  0.000000e+000
80  0.000000e+000
81  5.937000e+003
82  2.998000e+004
83  5.939000e+004
84  3.841000e+004
85  1.533000e+004
86  5.715000e+005
87  3.877000e+005
88  9.620000e+004
89  7.320000e+005
90  4.765000e+004
91  1.153000e+005
92  0.000000e+000
93  0.000000e+000
94  0.000000e+000
95  1.019000e+005
96  2.040000e+004
97  3.516000e+004
98  1.386000e+006
99  6.730000e+005
100  6.241000e+005
101  1.720000e+005
102  2.478000e+003
103  4.437000e+003
104  1.049000e+004
105  0.000000e+000
106  5.122000e+003
107  5.242000e+003
108  4.503000e+003
109  3.195000e+005
110  8.262000e+004
111  4.263000e+004
112  2.248000e+005
113  1.320000e+004
114  0.000000e+000
115  3.184000e-009
116  7.344000e+003
117  0.000000e+000
118  4.733000e+004
119  1.244000e+005
120  5.389000e+003
121  1.150000e+005
122  9.004000e+004
123  2.486000e+006
124  4.006000e+005
125  2.087000e+005
126  6.677000e+003
127  0.000000e+000
128  0.000000e+000
129  1.170000e+004
130  1.778000e+004
131  1.516000e+005
132  1.251000e+005
133  2.675000e+004
134  3.184000e-009
135  4.718000e+005
136  1.678000e+005
137  5.282000e+004
138  0.000000e+000
139  0.000000e+000
140  0.000000e+000
141  1.403000e+003
142  1.517000e+003
143  1.165000e+005
144  2.137000e+005
   5 
1  9.008000e+003
2  5.335000e+005
3  4.509000e+004
4  3.640000e+005
5  4.777000e-009
6  4.777000e-009
7  0.000000e+000
8  0.000000e+000
9  0.000000e+000
10  0.000000e+000
11  0.000000e+000
12  4.777000e-009
13  5.189000e+003
14  1.371000e+004
15  1.862000e+005
16  1.957000e+005
17  1.010000e+005
18  0.000000e+000
19  1.592000e-009
20  0.000000e+000
21  0.000000e+000
22  0.000000e+000
23  0.000000e+000
24  8.195000e+003
25  3.085000e+005
26  3.025000e+005
27  2.557000e+003
28  1.193000e+005
29  4.720000e+004
30  4.777000e-009
31  1.592000e-009
32  0.000000e+000
33  0.000000e+000
34  0.000000e+000
35  1.592000e-009
36  5.809000e+002
37  1.222000e+004
38  4.992000e+004
39  7.272000e+004
40  5.228000e+004
41  5.857000e+004
42  1.213000e+004
43  1.592000e-009
44  0.000000e+000
45  0.000000e+000
46  1.592000e-009
47  1.541000e+004
48  4.567000e+003
49  1.566000e+005
50  1.286000e+005
51  1.680000e+005
52  1.820000e+004
53  6.273000e+003
54  0.000000e+000
55  0.000000e+000
56  0.000000e+000
57  0.000000e+000
58  0.000000e+000
59  1.262000e+004
60  4.299000e-008
61  1.611000e+004
62  2.128000e+003
63  0.000000e+000
64  9.676000e+004
65  0.000000e+000
66  0.000000e+000
67  0.000000e+000
68  0.000000e+000
69  1.592000e-009
70  0.000000e+000
71  0.000000e+000
72  0.000000e+000
73  0.000000e+000
74  0.000000e+000
75  1.437000e+004
76  5.762000e+004
77  3.488000e+004
78  0.000000e+000
79  1.592000e-009
80  0.000000e+000
81  0.000000e+000
82  1.592000e-009
83  0.000000e+000
84  0.000000e+000
85  0.000000e+000
86  3.055000e+005
87  2.317000e+004
88  0.000000e+000
89  7.261000e+004
90  1.592000e-009
91  8.161000e+003
92  1.592000e-009
93  0.000000e+000
94  1.592000e-009
95  7.674000e+002
96  0.000000e+000
97  9.119000e+002
98  3.793000e+005
99  2.318000e+005
100  9.841000e+004
101  1.022000e+004
102  1.592000e-009
103  1.592000e-009
104  0.000000e+000
105  0.000000e+000
106  0.000000e+000
107  0.000000e+000
108  0.000000e+000
109  4.387000e+003
110  0.000000e+000
111  0.000000e+000
112  0.000000e+000
113  0.000000e+000
114  0.000000e+000
115  0.000000e+000
116  0.000000e+000
117  0.000000e+000
118  0.000000e+000
119  3.184000e-009
120  0.000000e+000
121  0.000000e+000
122  4.439000e+004
123  7.857000e+005
124  6.369000e-009
125  1.393000e+003
126  4.777000e-009
127  0.000000e+000
128  0.000000e+000
129  0.000000e+000
130  0.000000e+000
131  7.589000e+002
132  4.699000e+003
133  0.000000e+000
134  0.000000e+000
135  1.809000e+003
136  0.000000e+000
137  0.000000e+000
138  0.000000e+000
139  0.000000e+000
140  0.000000e+000
141  0.000000e+000
142  3.184000e-009
143  0.000000e+000
144  3.511000e+001
   6 
1  2.082000e+003
2  3.658000e+005
3  2.234000e+004
4  2.420000e+005
5  4.777000e-009
6  1.592000e-009
7  1.592000e-009
8  0.000000e+000
9  0.000000e+000
10  0.000000e+000
11  0.000000e+000
12  0.000000e+000
13  3.184000e-009
14  1.994000e+003
15  1.072000e+005
16  1.266000e+005
17  5.845000e+004
18  0.000000e+000
19  1.592000e-009
20  0.000000e+000
21  0.000000e+000
22  0.000000e+000
23  0.000000e+000
24  3.673000e+003
25  2.441000e+005
26  2.271000e+005
27  3.108000e+002
28  7.193000e+004
29  2.638000e+004
30  0.000000e+000
31  0.000000e+000
32  0.000000e+000
33  1.592000e-009
34  0.000000e+000
35  0.000000e+000
36  3.959000e+000
37  4.967000e+003
38  2.536000e+004
39  4.135000e+004
40  2.541000e+004
41  3.590000e+004
42  6.005000e+003
43  1.592000e-009
44  0.000000e+000
45  0.000000e+000
46  0.000000e+000
47  8.139000e+003
48  3.568000e+003
49  1.262000e+005
50  1.027000e+005
51  9.158000e+004
52  3.444000e+003
53  1.274000e-008
54  0.000000e+000
55  0.000000e+000
56  0.000000e+000
57  0.000000e+000
58  0.000000e+000
59  5.329000e+003
60  4.936000e-008
61  5.520000e+003
62  3.503000e-008
63  0.000000e+000
64  4.719000e+004
65  0.000000e+000
66  1.592000e-009
67  1.592000e-009
68  0.000000e+000
69  0.000000e+000
70  0.000000e+000
71  0.000000e+000
72  0.000000e+000
73  0.000000e+000
74  0.000000e+000
75  1.349000e+003
76  1.708000e+004
77  1.132000e+004
78  0.000000e+000
79  3.184000e-009
80  0.000000e+000
81  0.000000e+000
82  1.592000e-009
83  0.000000e+000
84  0.000000e+000
85  0.000000e+000
86  1.955000e+005
87  1.365000e+003
88  0.000000e+000
89  1.854000e+004
90  0.000000e+000
91  2.101000e+003
92  1.592000e-009
93  0.000000e+000
94  3.184000e-009
95  0.000000e+000
96  0.000000e+000
97  1.592000e-009
98  2.113000e+005
99  1.776000e+005
100  6.472000e+004
101  4.103000e+003
102  0.000000e+000
103  1.592000e-009
104  0.000000e+000
105  1.592000e-009
106  0.000000e+000
107  0.000000e+000
108  0.000000e+000
109  0.000000e+000
110  0.000000e+000
111  0.000000e+000
112  0.000000e+000
113  0.000000e+000
114  0.000000e+000
115  0.000000e+000
116  0.000000e+000
117  0.000000e+000
118  0.000000e+000
119  0.000000e+000
120  0.000000e+000
121  0.000000e+000
122  1.507000e+004
123  4.777000e+005
124  7.961000e-009
125  0.000000e+000
126  3.184000e-009
127  0.000000e+000
128  0.000000e+000
129  0.000000e+000
130  0.000000e+000
131  0.000000e+000
132  1.126000e+003
133  0.000000e+000
134  0.000000e+000
135  0.000000e+000
136  0.000000e+000
137  0.000000e+000
138  0.000000e+000
139  0.000000e+000
140  0.000000e+000
141  0.000000e+000
142  1.592000e-009
143  1.592000e-009
144  0.000000e+000
   7 
1  4.936000e-008
2  1.509000e+005
3  2.818000e+003
4  1.118000e+005
5  4.936000e-008
6  4.777000e-008
7  4.936000e-008
8  4.936000e-008
9  4.777000e-008
10  4.936000e-008
11  4.777000e-008
12  4.936000e-008
13  4.936000e-008
14  4.458000e-008
15  3.421000e+004
16  5.080000e+004
17  1.210000e+004
18  4.777000e-008
19  4.936000e-008
20  4.936000e-008
21  4.777000e-008
22  4.936000e-008
23  4.777000e-008
24  3.621000e+002
25  1.395000e+005
26  1.142000e+005
27  1.330000e+003
28  4.139000e+004
29  9.126000e+003
30  4.777000e-008
31  4.936000e-008
32  4.936000e-008
33  4.777000e-008
34  4.936000e-008
35  4.777000e-008
36  4.936000e-008
37  4.936000e-008
38  1.683000e+003
39  6.404000e+003
40  4.777000e-008
41  8.528000e+003
42  4.777000e-008
43  4.936000e-008
44  4.936000e-008
45  4.777000e-008
46  4.936000e-008
47  3.472000e+002
48  1.417000e+003
49  4.777000e+004
50  2.471000e+004
51  1.722000e+004
52  4.777000e-008
53  4.936000e-008
54  4.777000e-008
55  4.936000e-008
56  4.936000e-008
57  4.777000e-008
58  4.936000e-008
59  3.748000e+002
60  4.936000e-008
61  4.936000e-008
62  4.458000e-008
63  4.936000e-008
64  3.319000e+003
65  4.936000e-008
66  4.777000e-008
67  4.936000e-008
68  4.936000e-008
69  4.777000e-008
70  4.936000e-008
71  4.777000e-008
72  4.936000e-008
73  4.936000e-008
74  4.617000e-008
75  4.936000e-008
76  4.777000e-008
77  4.936000e-008
78  4.777000e-008
79  4.936000e-008
80  4.936000e-008
81  4.777000e-008
82  4.936000e-008
83  4.777000e-008
84  4.936000e-008
85  4.936000e-008
86  6.244000e+004
87  4.936000e-008
88  4.458000e-008
89  2.548000e-008
90  4.777000e-008
91  4.936000e-008
92  6.369000e-009
93  0.000000e+000
94  0.000000e+000
95  3.025000e-008
96  0.000000e+000
97  0.000000e+000
98  4.687000e+004
99  7.777000e+004
100  1.774000e+004
101  4.936000e-008
102  4.777000e-008
103  4.936000e-008
104  4.936000e-008
105  4.777000e-008
106  4.936000e-008
107  4.777000e-008
108  4.936000e-008
109  4.936000e-008
110  4.458000e-008
111  4.936000e-008
112  4.777000e-008
113  4.936000e-008
114  4.777000e-008
115  4.936000e-008
116  4.936000e-008
117  4.777000e-008
118  4.936000e-008
119  4.777000e-008
120  4.936000e-008
121  4.936000e-008
122  1.592000e-009
123  1.392000e+005
124  4.777000e-008
125  4.936000e-008
126  3.025000e-008
127  0.000000e+000
128  0.000000e+000
129  0.000000e+000
130  0.000000e+000
131  0.000000e+000
132  9.553000e-009
133  1.433000e-008
134  0.000000e+000
135  0.000000e+000
136  0.000000e+000
137  0.000000e+000
138  0.000000e+000
139  0.000000e+000
140  0.000000e+000
141  0.000000e+000
142  0.000000e+000
143  0.000000e+000
144  1.592000e-009
   8 
1  2.541000e+004
2  6.296000e+005
3  9.689000e+004
4  5.954000e+005
5  4.936000e-008
6  4.777000e-008
7  4.936000e-008
8  4.936000e-008
9  4.777000e-008
10  4.936000e-008
11  2.285000e+002
12  3.348000e+003
13  1.494000e+004
14  5.440000e+004
15  3.657000e+005
16  3.537000e+005
17  1.924000e+005
18  4.777000e-008
19  4.936000e-008
20  4.936000e-008
21  4.777000e-008
22  4.936000e-008
23  4.777000e-008
24  1.922000e+004
25  3.483000e+005
26  2.961000e+005
27  9.842000e+003
28  2.406000e+005
29  1.076000e+005
30  3.393000e+003
31  4.936000e-008
32  4.936000e-008
33  4.777000e-008
34  4.936000e-008
35  4.777000e-008
36  4.159000e+003
37  1.761000e+004
38  5.071000e+004
39  1.530000e+005
40  1.305000e+005
41  1.366000e+005
42  2.773000e+004
43  4.936000e-008
44  4.936000e-008
45  4.777000e-008
46  3.248000e+002
47  2.444000e+004
48  5.887000e+003
49  1.990000e+005
50  1.462000e+005
51  3.054000e+005
52  5.950000e+004
53  2.628000e+004
54  4.777000e-008
55  4.936000e-008
56  4.936000e-008
57  4.777000e-008
58  4.936000e-008
59  2.494000e+004
60  4.936000e-008
61  3.833000e+004
62  8.588000e+003
63  4.936000e-008
64  2.044000e+005
65  4.936000e-008
66  4.777000e-008
67  4.936000e-008
68  4.936000e-008
69  4.777000e-008
70  4.936000e-008
71  4.777000e-008
72  4.936000e-008
73  4.936000e-008
74  4.617000e-008
75  6.658000e+004
76  1.718000e+005
77  9.532000e+004
78  4.777000e-008
79  4.936000e-008
80  4.936000e-008
81  4.777000e-008
82  4.936000e-008
83  4.777000e-008
84  4.936000e-008
85  4.936000e-008
86  3.767000e+005
87  6.738000e+004
88  4.777000e-008
89  2.075000e+005
90  2.493000e+003
91  2.264000e+004
92  4.936000e-008
93  4.777000e-008
94  4.936000e-008
95  8.919000e+003
96  4.936000e-008
97  2.368000e+003
98  6.249000e+005
99  3.260000e+005
100  1.857000e+005
101  2.224000e+004
102  4.777000e-008
103  4.936000e-008
104  2.619000e+002
105  4.777000e-008
106  4.936000e-008
107  1.660000e+002
108  4.936000e-008
109  3.957000e+004
110  4.458000e-008
111  4.936000e-008
112  4.777000e-008
113  4.936000e-008
114  4.777000e-008
115  4.936000e-008
116  4.936000e-008
117  3.184000e-008
118  1.592000e-009
119  3.225000e+003
120  4.936000e-008
121  4.777000e-008
122  4.919000e+004
123  1.286000e+006
124  1.527000e+004
125  1.587000e+004
126  4.777000e-008
127  4.936000e-008
128  2.388000e-008
129  0.000000e+000
130  0.000000e+000
131  1.139000e+004
132  1.709000e+004
133  4.936000e-008
134  9.553000e-009
135  3.676000e+004
136  3.662000e-008
137  3.821000e-008
138  0.000000e+000
139  0.000000e+000
140  0.000000e+000
141  0.000000e+000
142  0.000000e+000
143  3.099000e+003
144  4.023000e+003
