   1 
1  0.096000
2  3.378000
3  0.132000
4  3.219000
5  0.741000
6  0.528000
7  0.406000
8  0.303000
9  0.221000
10  0.179000
11  0.141000
12  0.122000
13  0.101000
14  0.076000
15  1.443000
16  5.803000
17  3.924000
18  2.780000
19  2.156000
20  1.616000
21  1.180000
22  0.931000
23  0.688000
24  0.627000
25  5.746000
26  6.847000
27  1.642000
28  2.783000
29  1.533000
30  1.052000
31  0.810000
32  0.605000
33  0.441000
34  0.345000
35  0.257000
36  0.224000
37  0.167000
38  0.128000
39  0.362000
40  0.158000
41  0.276000
42  0.129000
43  0.083000
44  0.057000
45  0.040000
46  0.032000
47  0.251000
48  1.750000
49  6.450000
50  4.987000
51  5.364000
52  6.254000
53  4.891000
54  3.563000
55  2.775000
56  2.085000
57  1.524000
58  1.198000
59  1.006000
60  0.768000
61  0.569000
62  0.392000
63  0.332000
64  0.267000
65  0.235000
66  0.161000
67  0.122000
68  0.089000
69  0.067000
70  0.057000
71  0.041000
72  0.032000
73  0.039000
74  0.027000
75  0.076000
76  0.093000
77  0.080000
78  0.046000
79  0.027000
80  0.017000
81  0.013000
82  0.020000
83  0.027000
84  0.025000
85  0.019000
86  0.795000
87  0.060000
88  0.043000
89  0.053000
90  0.062000
91  0.069000
92  0.039000
93  0.023000
94  0.016000
95  0.059000
96  0.046000
97  0.026000
98  0.937000
99  3.913000
100  2.426000
101  1.724000
102  1.255000
103  0.975000
104  0.736000
105  0.535000
106  0.419000
107  0.314000
108  0.247000
109  0.215000
110  0.153000
111  0.125000
112  0.103000
113  0.084000
114  0.058000
115  0.045000
116  0.037000
117  0.026000
118  0.022000
119  0.040000
120  0.030000
121  0.033000
122  0.020000
123  1.412000
124  0.121000
125  0.088000
126  0.056000
127  0.036000
128  0.023000
129  0.016000
130  0.020000
131  0.037000
132  0.050000
133  0.061000
134  0.031000
135  0.031000
136  0.034000
137  0.037000
138  0.020000
139  0.012000
140  0.008000
141  0.007000
142  0.008000
143  0.017000
144  0.059000
   2 
1  0.067000
2  1.751000
3  0.068000
4  1.580000
5  0.071000
6  0.038000
7  0.024000
8  0.015000
9  0.010000
10  0.014000
11  0.020000
12  0.029000
13  0.031000
14  0.028000
15  0.588000
16  6.445000
17  3.514000
18  0.653000
19  0.035000
20  0.021000
21  0.014000
22  0.020000
23  0.022000
24  0.093000
25  3.368000
26  3.839000
27  2.809000
28  1.872000
29  0.753000
30  0.058000
31  0.034000
32  0.021000
33  0.014000
34  0.011000
35  0.013000
36  0.034000
37  0.024000
38  0.026000
39  0.089000
40  0.074000
41  0.100000
42  0.074000
43  0.041000
44  0.025000
45  0.016000
46  0.014000
47  0.123000
48  1.523000
49  8.794000
50  6.544000
51  5.833000
52  5.367000
53  2.009000
54  0.100000
55  0.026000
56  0.018000
57  0.013000
58  0.019000
59  0.105000
60  0.077000
61  0.053000
62  0.040000
63  0.034000
64  0.047000
65  0.064000
66  0.037000
67  0.024000
68  0.015000
69  0.013000
70  0.015000
71  0.010000
72  0.008000
73  0.021000
74  0.015000
75  0.065000
76  0.086000
77  0.074000
78  0.042000
79  0.023000
80  0.014000
81  0.011000
82  0.019000
83  0.026000
84  0.025000
85  0.019000
86  0.269000
87  0.041000
88  0.029000
89  0.043000
90  0.054000
91  0.062000
92  0.034000
93  0.019000
94  0.013000
95  0.057000
96  0.045000
97  0.025000
98  0.150000
99  2.765000
100  2.438000
101  0.362000
102  0.049000
103  0.033000
104  0.028000
105  0.017000
106  0.015000
107  0.018000
108  0.016000
109  0.042000
110  0.033000
111  0.024000
112  0.029000
113  0.026000
114  0.016000
115  0.012000
116  0.012000
117  0.008000
118  0.008000
119  0.030000
120  0.022000
121  0.027000
122  0.016000
123  0.469000
124  0.092000
125  0.065000
126  0.039000
127  0.022000
128  0.013000
129  0.009000
130  0.014000
131  0.032000
132  0.047000
133  0.058000
134  0.029000
135  0.030000
136  0.033000
137  0.036000
138  0.020000
139  0.012000
140  0.008000
141  0.007000
142  0.008000
143  0.017000
144  0.058000
   3 
1  0.414000
2  8.971000
3  0.650000
4  5.276000
5  0.280000
6  0.205000
7  0.175000
8  0.146000
9  0.121000
10  0.113000
11  0.104000
12  0.103000
13  0.095000
14  0.079000
15  3.300000
16  6.995000
17  2.806000
18  1.489000
19  1.315000
20  1.129000
21  0.944000
22  0.854000
23  0.722000
24  2.150000
25  11.401000
26  14.792000
27  0.574000
28  3.534000
29  1.131000
30  0.403000
31  0.346000
32  0.292000
33  0.242000
34  0.216000
35  0.185000
36  0.188000
37  0.316000
38  0.991000
39  2.277000
40  0.532000
41  1.071000
42  0.337000
43  0.160000
44  0.128000
45  0.103000
46  0.091000
47  2.169000
48  2.078000
49  6.714000
50  5.011000
51  4.824000
52  3.440000
53  3.097000
54  2.548000
55  2.272000
56  1.961000
57  1.644000
58  1.480000
59  2.777000
60  1.210000
61  1.078000
62  0.815000
63  0.782000
64  1.221000
65  0.636000
66  0.517000
67  0.455000
68  0.386000
69  0.324000
70  0.293000
71  0.244000
72  0.217000
73  0.202000
74  0.162000
75  0.209000
76  0.281000
77  0.223000
78  0.143000
79  0.114000
80  0.093000
81  0.077000
82  0.078000
83  0.076000
84  0.069000
85  0.057000
86  3.732000
87  0.085000
88  0.066000
89  0.131000
90  0.094000
91  0.234000
92  0.076000
93  0.054000
94  0.044000
95  0.083000
96  0.068000
97  0.046000
98  5.858000
99  7.296000
100  1.858000
101  0.642000
102  0.468000
103  0.410000
104  0.354000
105  0.291000
106  0.261000
107  0.225000
108  0.201000
109  0.202000
110  0.159000
111  0.146000
112  0.131000
113  0.117000
114  0.093000
115  0.081000
116  0.071000
117  0.058000
118  0.052000
119  0.067000
120  0.056000
121  0.056000
122  0.142000
123  5.658000
124  0.124000
125  0.098000
126  0.068000
127  0.049000
128  0.037000
129  0.029000
130  0.032000
131  0.047000
132  0.083000
133  0.074000
134  0.041000
135  0.042000
136  0.043000
137  0.045000
138  0.027000
139  0.019000
140  0.014000
141  0.011000
142  0.012000
143  0.021000
144  0.062000
   4 
1  13.116000
2  23.725000
3  13.098000
4  33.289001
5  2.336000
6  0.018000
7  0.010000
8  0.005000
9  0.003000
10  1.471000
11  3.232000
12  9.592000
13  7.308000
14  15.191000
15  37.741001
16  32.176998
17  12.970000
18  0.026000
19  0.013000
20  0.007000
21  0.004000
22  3.939000
23  0.594000
24  33.613998
25  18.599001
26  30.363001
27  5.776000
28  23.966000
29  12.780000
30  4.284000
31  0.017000
32  0.010000
33  0.006000
34  0.004000
35  2.037000
36  10.676000
37  7.616000
38  7.261000
39  32.375999
40  15.610000
41  18.698999
42  7.045000
43  0.022000
44  0.012000
45  0.007000
46  3.650000
47  49.098999
48  13.713000
49  24.643999
50  9.493000
51  25.170000
52  9.452000
53  6.383000
54  0.016000
55  0.008000
56  0.005000
57  0.003000
58  0.909000
59  46.250999
60  0.739000
61  6.655000
62  3.661000
63  3.201000
64  20.249001
65  5.291000
66  0.129000
67  0.013000
68  0.007000
69  1.738000
70  0.020000
71  0.011000
72  0.003000
73  5.338000
74  2.559000
75  21.855000
76  21.198999
77  9.323000
78  0.025000
79  0.012000
80  0.006000
81  0.353000
82  3.094000
83  4.618000
84  2.577000
85  0.483000
86  16.021999
87  7.080000
88  2.440000
89  19.480000
90  2.469000
91  13.737000
92  0.022000
93  0.013000
94  0.007000
95  17.268999
96  2.979000
97  1.373000
98  44.205002
99  26.201000
100  16.443001
101  8.505000
102  0.224000
103  0.712000
104  1.123000
105  0.010000
106  0.693000
107  1.581000
108  0.961000
109  14.125000
110  2.202000
111  1.542000
112  5.104000
113  0.451000
114  0.011000
115  0.043000
116  0.312000
117  0.005000
118  1.321000
119  8.452000
120  0.253000
121  5.179000
122  2.333000
123  43.318001
124  7.426000
125  4.218000
126  0.370000
127  0.012000
128  0.006000
129  1.012000
130  1.252000
131  10.445000
132  14.767000
133  0.856000
134  0.042000
135  9.370000
136  3.266000
137  3.996000
138  0.014000
139  0.007000
140  0.004000
141  0.151000
142  0.122000
143  6.503000
144  12.354000
   5 
1  1.362000
2  17.746000
3  1.628000
4  10.044000
5  0.109000
6  0.031000
7  0.020000
8  0.013000
9  0.009000
10  0.013000
11  0.020000
12  0.060000
13  0.356000
14  0.710000
15  8.639000
16  11.389000
17  3.060000
18  0.047000
19  0.027000
20  0.017000
21  0.012000
22  0.019000
23  0.022000
24  7.214000
25  17.889000
26  25.871000
27  0.530000
28  5.873000
29  1.511000
30  0.058000
31  0.029000
32  0.018000
33  0.013000
34  0.010000
35  0.013000
36  0.486000
37  2.357000
38  4.056000
39  6.959000
40  1.937000
41  2.653000
42  0.884000
43  0.036000
44  0.022000
45  0.015000
46  0.013000
47  9.130000
48  3.183000
49  9.031000
50  5.966000
51  6.948000
52  0.961000
53  0.532000
54  0.033000
55  0.021000
56  0.014000
57  0.010000
58  0.016000
59  9.196000
60  0.364000
61  1.035000
62  0.260000
63  0.031000
64  2.726000
65  0.058000
66  0.033000
67  0.022000
68  0.014000
69  0.012000
70  0.014000
71  0.009000
72  0.007000
73  0.020000
74  0.014000
75  1.017000
76  2.053000
77  0.917000
78  0.039000
79  0.022000
80  0.013000
81  0.011000
82  0.018000
83  0.026000
84  0.024000
85  0.019000
86  9.825000
87  0.798000
88  0.027000
89  2.463000
90  0.052000
91  2.651000
92  0.032000
93  0.018000
94  0.012000
95  0.280000
96  0.044000
97  0.076000
98  18.027000
99  12.566000
100  3.280000
101  0.838000
102  0.040000
103  0.028000
104  0.025000
105  0.015000
106  0.014000
107  0.018000
108  0.015000
109  0.377000
110  0.032000
111  0.024000
112  0.029000
113  0.026000
114  0.016000
115  0.012000
116  0.012000
117  0.008000
118  0.007000
119  0.049000
120  0.022000
121  0.027000
122  1.299000
123  14.496000
124  0.094000
125  0.129000
126  0.034000
127  0.019000
128  0.012000
129  0.008000
130  0.014000
131  0.162000
132  1.246000
133  0.056000
134  0.027000
135  0.135000
136  0.032000
137  0.036000
138  0.019000
139  0.012000
140  0.008000
141  0.006000
142  0.008000
143  0.018000
144  0.106000
   6 
1  0.610000
2  12.793000
3  0.881000
4  7.076000
5  0.090000
6  0.033000
7  0.021000
8  0.013000
9  0.009000
10  0.014000
11  0.020000
12  0.028000
13  0.069000
14  0.125000
15  5.261000
16  7.819000
17  1.908000
18  0.053000
19  0.030000
20  0.019000
21  0.013000
22  0.020000
23  0.022000
24  3.568000
25  14.511000
26  20.082001
27  0.163000
28  4.025000
29  1.026000
30  0.050000
31  0.030000
32  0.019000
33  0.013000
34  0.011000
35  0.013000
36  0.046000
37  0.904000
38  2.062000
39  3.987000
40  0.994000
41  1.570000
42  0.462000
43  0.038000
44  0.023000
45  0.016000
46  0.013000
47  4.664000
48  2.219000
49  7.276000
50  5.298000
51  4.416000
52  0.574000
53  0.257000
54  0.036000
55  0.022000
56  0.015000
57  0.011000
58  0.017000
59  4.299000
60  0.719000
61  0.849000
62  0.253000
63  0.032000
64  1.410000
65  0.060000
66  0.034000
67  0.023000
68  0.014000
69  0.012000
70  0.014000
71  0.010000
72  0.008000
73  0.020000
74  0.014000
75  0.275000
76  0.722000
77  0.363000
78  0.041000
79  0.023000
80  0.014000
81  0.011000
82  0.018000
83  0.026000
84  0.024000
85  0.019000
86  6.255000
87  0.143000
88  0.028000
89  0.744000
90  0.052000
91  0.823000
92  0.033000
93  0.018000
94  0.012000
95  0.057000
96  0.045000
97  0.029000
98  10.836000
99  9.900000
100  2.152000
101  0.419000
102  0.043000
103  0.030000
104  0.026000
105  0.016000
106  0.014000
107  0.018000
108  0.016000
109  0.042000
110  0.033000
111  0.024000
112  0.029000
113  0.026000
114  0.016000
115  0.012000
116  0.012000
117  0.008000
118  0.007000
119  0.030000
120  0.022000
121  0.027000
122  0.524000
123  9.276000
124  0.078000
125  0.058000
126  0.036000
127  0.021000
128  0.012000
129  0.008000
130  0.014000
131  0.032000
132  0.404000
133  0.057000
134  0.028000
135  0.030000
136  0.033000
137  0.036000
138  0.020000
139  0.012000
140  0.008000
141  0.007000
142  0.008000
143  0.017000
144  0.058000
   7 
1  0.336000
2  5.870000
3  0.424000
4  3.898000
5  0.382000
6  0.306000
7  0.271000
8  0.236000
9  0.201000
10  0.190000
11  0.172000
12  0.169000
13  0.155000
14  0.129000
15  2.051000
16  5.220000
17  2.291000
18  1.566000
19  1.421000
20  1.255000
21  1.079000
22  1.002000
23  0.870000
24  1.242000
25  8.563000
26  10.419000
27  1.033000
28  3.008000
29  1.086000
30  0.610000
31  0.545000
32  0.476000
33  0.408000
34  0.374000
35  0.327000
36  0.322000
37  0.284000
38  0.432000
39  1.144000
40  0.310000
41  0.681000
42  0.259000
43  0.203000
44  0.169000
45  0.141000
46  0.129000
47  0.811000
48  1.587000
49  4.829000
50  3.569000
51  3.625000
52  3.409000
53  3.142000
54  2.686000
55  2.463000
56  2.187000
57  1.885000
58  1.744000
59  2.031000
60  1.465000
61  1.289000
62  1.039000
63  1.025000
64  1.033000
65  0.855000
66  0.719000
67  0.654000
68  0.576000
69  0.496000
70  0.460000
71  0.395000
72  0.362000
73  0.336000
74  0.278000
75  0.317000
76  0.303000
77  0.274000
78  0.215000
79  0.183000
80  0.156000
81  0.134000
82  0.131000
83  0.123000
84  0.114000
85  0.099000
86  1.957000
87  0.116000
88  0.094000
89  0.103000
90  0.106000
91  0.111000
92  0.077000
93  0.057000
94  0.047000
95  0.087000
96  0.072000
97  0.050000
98  2.689000
99  5.075000
100  1.487000
101  0.785000
102  0.659000
103  0.596000
104  0.529000
105  0.449000
106  0.414000
107  0.363000
108  0.333000
109  0.324000
110  0.261000
111  0.251000
112  0.224000
113  0.206000
114  0.171000
115  0.155000
116  0.139000
117  0.118000
118  0.109000
119  0.117000
120  0.103000
121  0.099000
122  0.076000
123  3.139000
124  0.152000
125  0.122000
126  0.090000
127  0.069000
128  0.055000
129  0.045000
130  0.048000
131  0.061000
132  0.074000
133  0.082000
134  0.048000
135  0.049000
136  0.049000
137  0.052000
138  0.033000
139  0.024000
140  0.019000
141  0.016000
142  0.016000
143  0.024000
144  0.065000
   8 
1  2.441000
2  19.372999
3  3.491000
4  15.757000
5  0.432000
6  0.265000
7  0.243000
8  0.216000
9  0.188000
10  0.182000
11  0.240000
12  1.187000
13  1.097000
14  2.740000
15  15.312000
16  18.061001
17  5.582000
18  0.340000
19  0.309000
20  0.275000
21  0.239000
22  0.243000
23  0.212000
24  13.878000
25  18.747000
26  24.827000
27  1.367000
28  10.636000
29  3.322000
30  0.542000
31  0.266000
32  0.236000
33  0.205000
34  0.191000
35  0.172000
36  2.575000
37  3.270000
38  3.330000
39  12.866000
40  4.272000
41  5.402000
42  1.954000
43  0.247000
44  0.216000
45  0.186000
46  0.464000
47  18.120001
48  5.526000
49  13.367000
50  7.193000
51  13.091000
52  3.238000
53  2.038000
54  0.568000
55  0.528000
56  0.476000
57  0.402000
58  0.384000
59  19.028000
60  0.407000
61  2.053000
62  0.882000
63  0.306000
64  5.838000
65  0.366000
66  0.263000
67  0.239000
68  0.211000
69  0.185000
70  0.177000
71  0.153000
72  0.142000
73  0.164000
74  0.120000
75  3.800000
76  5.477000
77  2.386000
78  0.194000
79  0.172000
80  0.151000
81  0.132000
82  0.133000
83  0.130000
84  0.118000
85  0.104000
86  12.280000
87  1.892000
88  0.177000
89  6.454000
90  0.454000
91  6.694000
92  0.178000
93  0.150000
94  0.136000
95  1.924000
96  0.174000
97  0.248000
98  23.268000
99  16.195999
100  5.960000
101  1.856000
102  0.266000
103  0.250000
104  0.304000
105  0.196000
106  0.183000
107  0.302000
108  0.162000
109  2.604000
110  0.176000
111  0.172000
112  0.161000
113  0.149000
114  0.125000
115  0.114000
116  0.105000
117  0.088000
118  0.082000
119  0.933000
120  0.098000
121  0.250000
122  0.967000
123  23.073999
124  0.495000
125  0.618000
126  0.121000
127  0.103000
128  0.088000
129  0.075000
130  0.075000
131  1.521000
132  3.407000
133  0.109000
134  0.074000
135  1.173000
136  0.095000
137  0.099000
138  0.073000
139  0.062000
140  0.053000
141  0.046000
142  0.044000
143  0.477000
144  0.891000
