   1 
1  3.017000e+000
2  2.524000e+000
3  2.578000e+000
4  2.297000e+000
5  2.187000e+000
6  1.947000e+000
7  1.843000e+000
8  1.687000e+000
9  1.496000e+000
10  1.416000e+000
11  1.275000e+000
12  1.216000e+000
13  1.122000e+000
14  9.810000e-001
15  1.086000e+000
16  1.035000e+000
17  1.036000e+000
18  9.550000e-001
19  9.100000e-001
20  8.330000e-001
21  7.380000e-001
22  6.990000e-001
23  6.260000e-001
24  6.200000e-001
25  5.890000e-001
26  5.350000e-001
27  5.840000e-001
28  2.365000e+000
29  5.311000e+000
30  4.793000e+000
31  4.538000e+000
32  4.153000e+000
33  3.683000e+000
34  3.487000e+000
35  3.157000e+000
36  4.406000e+000
37  4.433000e+000
38  3.732000e+000
39  4.760000e+000
40  4.864000e+000
41  6.028000e+000
42  5.388000e+000
43  5.102000e+000
44  4.669000e+000
45  4.140000e+000
46  3.920000e+000
47  3.477000e+000
48  3.292000e+000
49  3.018000e+000
50  2.526000e+000
51  2.750000e+000
52  2.715000e+000
53  4.246000e+000
54  3.856000e+000
55  3.652000e+000
56  3.342000e+000
57  2.963000e+000
58  2.806000e+000
59  3.273000e+000
60  6.565000e+000
61  6.068000e+000
62  5.751000e+000
63  6.464000e+000
64  6.218000e+000
65  9.215000e+000
66  9.589000e+000
67  9.244000e+000
68  8.459000e+000
69  7.501000e+000
70  7.103000e+000
71  6.299000e+000
72  5.965000e+000
73  5.459000e+000
74  4.737000e+000
75  4.915000e+000
76  7.748000e+000
77  9.005000e+000
78  7.999000e+000
79  7.587000e+000
80  6.943000e+000
81  6.157000e+000
82  5.830000e+000
83  5.170000e+000
84  4.896000e+000
85  4.480000e+000
86  3.718000e+000
87  3.784000e+000
88  3.377000e+000
89  3.222000e+000
90  2.874000e+000
91  2.721000e+000
92  2.490000e+000
93  2.208000e+000
94  2.091000e+000
95  1.854000e+000
96  1.768000e+000
97  1.632000e+000
98  1.401000e+000
99  2.014000e+000
100  3.672000e+000
101  3.596000e+000
102  3.196000e+000
103  3.026000e+000
104  2.769000e+000
105  2.455000e+000
106  2.325000e+000
107  2.062000e+000
108  1.952000e+000
109  1.793000e+000
110  1.525000e+000
111  1.567000e+000
112  1.433000e+000
113  1.359000e+000
114  1.205000e+000
115  1.141000e+000
116  1.044000e+000
117  9.260000e-001
118  8.770000e-001
119  7.770000e-001
120  7.450000e-001
121  7.020000e-001
122  6.400000e-001
123  8.350000e-001
124  1.712000e+000
125  1.802000e+000
126  1.598000e+000
127  1.513000e+000
128  1.384000e+000
129  1.228000e+000
130  1.163000e+000
131  1.031000e+000
132  9.760000e-001
133  8.930000e-001
134  7.570000e-001
135  7.780000e-001
136  6.910000e-001
137  6.540000e-001
138  5.800000e-001
139  5.500000e-001
140  5.030000e-001
141  4.460000e-001
142  4.220000e-001
143  3.740000e-001
144  3.550000e-001
   2 
1  4.207000e+000
2  3.395000e+000
3  3.353000e+000
4  2.871000e+000
5  2.625000e+000
6  2.251000e+000
7  2.058000e+000
8  1.816000e+000
9  1.554000e+000
10  1.420000e+000
11  1.228000e+000
12  1.128000e+000
13  1.009000e+000
14  8.750000e-001
15  1.452000e+000
16  2.492000e+000
17  3.129000e+000
18  3.126000e+000
19  2.863000e+000
20  2.527000e+000
21  2.163000e+000
22  1.977000e+000
23  1.763000e+000
24  2.212000e+000
25  1.970000e+000
26  1.672000e+000
27  2.663000e+000
28  7.092000e+000
29  1.157300e+001
30  1.002200e+001
31  9.159000e+000
32  8.084000e+000
33  6.919000e+000
34  6.323000e+000
35  5.579000e+000
36  8.255000e+000
37  8.138000e+000
38  6.860000e+000
39  9.273000e+000
40  9.080000e+000
41  1.115800e+001
42  9.620000e+000
43  8.792000e+000
44  7.760000e+000
45  6.641000e+000
46  6.069000e+000
47  5.194000e+000
48  4.747000e+000
49  4.196000e+000
50  3.376000e+000
51  4.207000e+000
52  4.460000e+000
53  7.292000e+000
54  6.371000e+000
55  5.823000e+000
56  5.139000e+000
57  4.398000e+000
58  4.020000e+000
59  5.116000e+000
60  1.145100e+001
61  1.017900e+001
62  1.024100e+001
63  1.125100e+001
64  1.059900e+001
65  1.567500e+001
66  1.611200e+001
67  1.502100e+001
68  1.325800e+001
69  1.134600e+001
70  1.037000e+001
71  8.875000e+000
72  8.111000e+000
73  7.159000e+000
74  5.968000e+000
75  6.523000e+000
76  1.243500e+001
77  1.437700e+001
78  1.232700e+001
79  1.126600e+001
80  9.943000e+000
81  8.510000e+000
82  7.777000e+000
83  6.656000e+000
84  6.083000e+000
85  5.369000e+000
86  4.305000e+000
87  4.233000e+000
88  3.638000e+000
89  3.341000e+000
90  2.869000e+000
91  2.622000e+000
92  2.314000e+000
93  1.980000e+000
94  1.810000e+000
95  1.549000e+000
96  1.420000e+000
97  1.269000e+000
98  1.078000e+000
99  3.035000e+000
100  7.140000e+000
101  6.695000e+000
102  5.730000e+000
103  5.236000e+000
104  4.622000e+000
105  3.955000e+000
106  3.615000e+000
107  3.094000e+000
108  2.827000e+000
109  2.499000e+000
110  2.054000e+000
111  2.152000e+000
112  2.901000e+000
113  2.709000e+000
114  2.318000e+000
115  2.118000e+000
116  1.870000e+000
117  1.600000e+000
118  1.462000e+000
119  1.252000e+000
120  1.155000e+000
121  1.035000e+000
122  9.050000e-001
123  1.718000e+000
124  4.974000e+000
125  5.016000e+000
126  4.292000e+000
127  3.923000e+000
128  3.462000e+000
129  2.963000e+000
130  2.708000e+000
131  2.318000e+000
132  2.118000e+000
133  1.870000e+000
134  1.518000e+000
135  1.499000e+000
136  1.283000e+000
137  1.173000e+000
138  1.004000e+000
139  9.170000e-001
140  8.090000e-001
141  6.930000e-001
142  6.330000e-001
143  5.420000e-001
144  4.950000e-001
   3 
1  1.885000e+000
2  1.388000e+000
3  1.236000e+000
4  9.520000e-001
5  7.890000e-001
6  6.150000e-001
7  4.960000e-001
8  3.860000e-001
9  2.910000e-001
10  2.350000e-001
11  2.150000e-001
12  1.890000e-001
13  1.720000e-001
14  2.540000e-001
15  4.480000e-001
16  1.223000e+000
17  1.671000e+000
18  1.596000e+000
19  1.302000e+000
20  1.012000e+000
21  7.640000e-001
22  6.170000e-001
23  4.840000e-001
24  4.590000e-001
25  4.020000e-001
26  3.710000e-001
27  5.320000e-001
28  7.157000e+000
29  1.428700e+001
30  1.100100e+001
31  8.875000e+000
32  6.899000e+000
33  5.210000e+000
34  4.203000e+000
35  3.394000e+000
36  7.144000e+000
37  6.683000e+000
38  4.918000e+000
39  7.392000e+000
40  7.396000e+000
41  1.024300e+001
42  7.847000e+000
43  6.330000e+000
44  4.921000e+000
45  3.717000e+000
46  2.998000e+000
47  2.264000e+000
48  1.827000e+000
49  1.435000e+000
50  1.057000e+000
51  1.806000e+000
52  2.388000e+000
53  6.909000e+000
54  5.451000e+000
55  4.397000e+000
56  3.418000e+000
57  2.582000e+000
58  2.083000e+000
59  4.122000e+000
60  1.348200e+001
61  1.063500e+001
62  9.888000e+000
63  1.040100e+001
64  9.366000e+000
65  1.718200e+001
66  1.711800e+001
67  1.425600e+001
68  1.108200e+001
69  8.370000e+000
70  6.752000e+000
71  5.099000e+000
72  4.114000e+000
73  3.200000e+000
74  2.468000e+000
75  3.096000e+000
76  1.271600e+001
77  1.489800e+001
78  1.128200e+001
79  9.113000e+000
80  7.084000e+000
81  5.350000e+000
82  4.316000e+000
83  3.260000e+000
84  2.630000e+000
85  2.044000e+000
86  1.452000e+000
87  1.266000e+000
88  9.980000e-001
89  8.540000e-001
90  6.770000e-001
91  5.460000e-001
92  4.240000e-001
93  3.200000e-001
94  2.590000e-001
95  1.950000e-001
96  1.690000e-001
97  1.640000e-001
98  2.380000e-001
99  2.496000e+000
100  7.932000e+000
101  6.703000e+000
102  5.068000e+000
103  4.089000e+000
104  3.178000e+000
105  2.400000e+000
106  1.936000e+000
107  1.462000e+000
108  1.180000e+000
109  9.240000e-001
110  7.660000e-001
111  7.120000e-001
112  1.125000e+000
113  9.430000e-001
114  7.120000e-001
115  5.740000e-001
116  4.460000e-001
117  3.370000e-001
118  2.720000e-001
119  2.050000e-001
120  1.890000e-001
121  1.970000e-001
122  2.420000e-001
123  1.072000e+000
124  4.564000e+000
125  4.269000e+000
126  3.224000e+000
127  2.601000e+000
128  2.022000e+000
129  1.527000e+000
130  1.232000e+000
131  9.300000e-001
132  7.500000e-001
133  5.830000e-001
134  4.540000e-001
135  4.140000e-001
136  3.130000e-001
137  2.520000e-001
138  1.910000e-001
139  1.540000e-001
140  1.190000e-001
141  9.000000e-002
142  7.300000e-002
143  5.500000e-002
144  4.400000e-002
   4 
1  2.709000e+000
2  1.896000e+000
3  1.636000e+000
4  1.204000e+000
5  9.470000e-001
6  6.970000e-001
7  5.480000e-001
8  4.150000e-001
9  3.060000e-001
10  2.400000e-001
11  1.770000e-001
12  1.480000e-001
13  1.330000e-001
14  2.030000e-001
15  4.758000e+000
16  7.762000e+000
17  8.597000e+000
18  7.931000e+000
19  6.244000e+000
20  4.729000e+000
21  3.481000e+000
22  2.737000e+000
23  2.546000e+000
24  5.498000e+000
25  4.436000e+000
26  4.390000e+000
27  9.422000e+000
28  1.976300e+001
29  2.694500e+001
30  2.006800e+001
31  1.577900e+001
32  1.195100e+001
33  8.797000e+000
34  6.917000e+000
35  5.627000e+000
36  1.324300e+001
37  1.243700e+001
38  1.073800e+001
39  1.709300e+001
40  1.525000e+001
41  1.933400e+001
42  1.437800e+001
43  1.130500e+001
44  8.562000e+000
45  6.302000e+000
46  4.955000e+000
47  3.648000e+000
48  2.868000e+000
49  2.172000e+000
50  1.506000e+000
51  4.252000e+000
52  5.451000e+000
53  1.240900e+001
54  9.397000e+000
55  7.389000e+000
56  5.596000e+000
57  4.119000e+000
58  3.239000e+000
59  7.201000e+000
60  2.315600e+001
61  1.763200e+001
62  1.959700e+001
63  1.939000e+001
64  1.661800e+001
65  2.770200e+001
66  2.692300e+001
67  2.182300e+001
68  1.652800e+001
69  1.216600e+001
70  9.565000e+000
71  7.041000e+000
72  5.536000e+000
73  4.193000e+000
74  3.013000e+000
75  6.003000e+000
76  2.177000e+001
77  2.432300e+001
78  1.807200e+001
79  1.421000e+001
80  1.076200e+001
81  7.921000e+000
82  6.228000e+000
83  4.585000e+000
84  3.605000e+000
85  2.730000e+000
86  1.892000e+000
87  1.609000e+000
88  1.207000e+000
89  9.620000e-001
90  7.210000e-001
91  5.670000e-001
92  4.290000e-001
93  3.160000e-001
94  2.480000e-001
95  1.830000e-001
96  1.440000e-001
97  1.150000e-001
98  1.680000e-001
99  7.413000e+000
100  1.842600e+001
101  1.483300e+001
102  1.091800e+001
103  8.585000e+000
104  6.502000e+000
105  4.786000e+000
106  3.763000e+000
107  2.770000e+000
108  2.178000e+000
109  1.650000e+000
110  1.146000e+000
111  1.715000e+000
112  4.825000e+000
113  3.941000e+000
114  2.901000e+000
115  2.281000e+000
116  1.728000e+000
117  1.272000e+000
118  1.000000e+000
119  7.360000e-001
120  5.970000e-001
121  4.720000e-001
122  4.050000e-001
123  4.391000e+000
124  1.440200e+001
125  1.250400e+001
126  9.204000e+000
127  7.237000e+000
128  5.481000e+000
129  4.034000e+000
130  3.172000e+000
131  2.335000e+000
132  1.836000e+000
133  1.390000e+000
134  9.770000e-001
135  8.320000e-001
136  6.120000e-001
137  4.810000e-001
138  3.540000e-001
139  2.790000e-001
140  2.110000e-001
141  1.550000e-001
142  1.220000e-001
143  9.000000e-002
144  7.100000e-002
   5 
1  2.669000e+000
2  2.213000e+000
3  2.239000e+000
4  1.979000e+000
5  1.868000e+000
6  1.647000e+000
7  1.542000e+000
8  1.395000e+000
9  1.224000e+000
10  1.146000e+000
11  1.032000e+000
12  9.800000e-001
13  8.970000e-001
14  7.930000e-001
15  8.960000e-001
16  8.550000e-001
17  8.520000e-001
18  7.750000e-001
19  7.320000e-001
20  6.620000e-001
21  5.810000e-001
22  5.440000e-001
23  4.840000e-001
24  4.830000e-001
25  4.510000e-001
26  4.170000e-001
27  4.720000e-001
28  2.089000e+000
29  5.201000e+000
30  4.650000e+000
31  4.354000e+000
32  3.939000e+000
33  3.454000e+000
34  3.235000e+000
35  2.900000e+000
36  4.119000e+000
37  4.159000e+000
38  3.472000e+000
39  4.525000e+000
40  4.639000e+000
41  5.778000e+000
42  5.113000e+000
43  4.789000e+000
44  4.333000e+000
45  3.799000e+000
46  3.558000e+000
47  3.120000e+000
48  2.921000e+000
49  2.650000e+000
50  2.206000e+000
51  2.350000e+000
52  2.266000e+000
53  3.828000e+000
54  3.454000e+000
55  3.234000e+000
56  2.926000e+000
57  2.566000e+000
58  2.403000e+000
59  2.902000e+000
60  6.256000e+000
61  5.728000e+000
62  5.446000e+000
63  6.125000e+000
64  5.865000e+000
65  8.974000e+000
66  9.313000e+000
67  8.889000e+000
68  8.042000e+000
69  7.052000e+000
70  6.604000e+000
71  5.791000e+000
72  5.422000e+000
73  4.907000e+000
74  4.226000e+000
75  4.752000e+000
76  8.560000e+000
77  9.752000e+000
78  8.567000e+000
79  8.042000e+000
80  7.276000e+000
81  6.380000e+000
82  5.974000e+000
83  5.239000e+000
84  4.906000e+000
85  4.438000e+000
86  3.644000e+000
87  3.669000e+000
88  3.247000e+000
89  3.075000e+000
90  2.717000e+000
91  2.544000e+000
92  2.302000e+000
93  2.018000e+000
94  1.890000e+000
95  1.659000e+000
96  1.574000e+000
97  1.442000e+000
98  1.236000e+000
99  1.723000e+000
100  3.287000e+000
101  3.207000e+000
102  2.825000e+000
103  2.645000e+000
104  2.393000e+000
105  2.099000e+000
106  1.965000e+000
107  1.723000e+000
108  1.614000e+000
109  1.472000e+000
110  1.253000e+000
111  1.280000e+000
112  1.146000e+000
113  1.073000e+000
114  9.410000e-001
115  8.810000e-001
116  7.970000e-001
117  6.990000e-001
118  6.550000e-001
119  5.740000e-001
120  5.480000e-001
121  5.200000e-001
122  4.840000e-001
123  6.230000e-001
124  1.264000e+000
125  1.347000e+000
126  1.181000e+000
127  1.106000e+000
128  1.001000e+000
129  8.770000e-001
130  8.220000e-001
131  7.200000e-001
132  6.750000e-001
133  6.110000e-001
134  5.190000e-001
135  5.340000e-001
136  4.740000e-001
137  4.440000e-001
138  3.890000e-001
139  3.640000e-001
140  3.300000e-001
141  2.890000e-001
142  2.710000e-001
143  2.370000e-001
144  2.250000e-001
   6 
1  2.066000e+000
2  1.582000e+000
3  1.470000e+000
4  1.196000e+000
5  1.040000e+000
6  8.430000e-001
7  7.150000e-001
8  5.850000e-001
9  4.650000e-001
10  3.940000e-001
11  3.590000e-001
12  3.250000e-001
13  2.870000e-001
14  3.220000e-001
15  4.820000e-001
16  5.120000e-001
17  5.290000e-001
18  4.730000e-001
19  4.140000e-001
20  3.390000e-001
21  2.690000e-001
22  2.280000e-001
23  1.960000e-001
24  2.220000e-001
25  2.090000e-001
26  2.260000e-001
27  3.260000e-001
28  3.869000e+000
29  9.608000e+000
30  7.798000e+000
31  6.616000e+000
32  5.413000e+000
33  4.300000e+000
34  3.648000e+000
35  3.035000e+000
36  5.435000e+000
37  5.276000e+000
38  4.047000e+000
39  5.750000e+000
40  5.874000e+000
41  7.864000e+000
42  6.332000e+000
43  5.373000e+000
44  4.396000e+000
45  3.492000e+000
46  2.962000e+000
47  2.353000e+000
48  1.996000e+000
49  1.646000e+000
50  1.281000e+000
51  1.466000e+000
52  1.650000e+000
53  4.823000e+000
54  4.015000e+000
55  3.406000e+000
56  2.787000e+000
57  2.214000e+000
58  1.878000e+000
59  3.155000e+000
60  9.690000e+000
61  8.058000e+000
62  7.509000e+000
63  8.126000e+000
64  7.464000e+000
65  1.323000e+001
66  1.337400e+001
67  1.166900e+001
68  9.548000e+000
69  7.584000e+000
70  6.434000e+000
71  5.111000e+000
72  4.336000e+000
73  3.549000e+000
74  2.847000e+000
75  3.028000e+000
76  9.358000e+000
77  1.129300e+001
78  8.999000e+000
79  7.667000e+000
80  6.274000e+000
81  4.983000e+000
82  4.228000e+000
83  3.358000e+000
84  2.849000e+000
85  2.331000e+000
86  1.739000e+000
87  1.592000e+000
88  1.316000e+000
89  1.176000e+000
90  9.700000e-001
91  8.230000e-001
92  6.740000e-001
93  5.350000e-001
94  4.540000e-001
95  3.610000e-001
96  3.400000e-001
97  3.100000e-001
98  3.320000e-001
99  1.419000e+000
100  4.815000e+000
101  4.327000e+000
102  3.456000e+000
103  2.932000e+000
104  2.399000e+000
105  1.906000e+000
106  1.617000e+000
107  1.284000e+000
108  1.089000e+000
109  9.110000e-001
110  7.620000e-001
111  7.310000e-001
112  6.260000e-001
113  5.310000e-001
114  4.220000e-001
115  3.580000e-001
116  2.930000e-001
117  2.330000e-001
118  1.970000e-001
119  1.570000e-001
120  1.530000e-001
121  1.710000e-001
122  2.120000e-001
123  5.630000e-001
124  2.165000e+000
125  2.172000e+000
126  1.726000e+000
127  1.464000e+000
128  1.198000e+000
129  9.510000e-001
130  8.070000e-001
131  6.410000e-001
132  5.440000e-001
133  4.450000e-001
134  3.650000e-001
135  3.530000e-001
136  2.860000e-001
137  2.430000e-001
138  1.930000e-001
139  1.640000e-001
140  1.340000e-001
141  1.060000e-001
142  9.000000e-002
143  7.200000e-002
144  6.200000e-002
