   1 
1  5.700000e-002
2  6.000000e-002
3  1.060000e-001
4  1.320000e-001
5  1.460000e-001
6  1.380000e-001
7  1.310000e-001
8  1.200000e-001
9  1.060000e-001
10  1.000000e-001
11  8.900000e-002
12  8.400000e-002
13  7.700000e-002
14  7.800000e-002
15  1.290000e-001
16  1.580000e-001
17  1.540000e-001
18  1.430000e-001
19  1.370000e-001
20  1.260000e-001
21  1.110000e-001
22  1.050000e-001
23  9.300000e-002
24  9.500000e-002
25  9.900000e-002
26  1.060000e-001
27  1.480000e-001
28  1.620000e-001
29  1.860000e-001
30  1.840000e-001
31  1.800000e-001
32  1.650000e-001
33  1.460000e-001
34  1.380000e-001
35  1.230000e-001
36  1.160000e-001
37  1.120000e-001
38  1.240000e-001
39  1.490000e-001
40  1.490000e-001
41  1.410000e-001
42  1.250000e-001
43  1.180000e-001
44  1.080000e-001
45  9.600000e-002
46  9.100000e-002
47  1.440000e-001
48  5.130000e-001
49  1.060000e+000
50  1.043000e+000
51  2.160000e+000
52  2.496000e+000
53  2.422000e+000
54  2.154000e+000
55  2.040000e+000
56  1.867000e+000
57  1.655000e+000
58  1.567000e+000
59  1.410000e+000
60  1.356000e+000
61  1.270000e+000
62  1.087000e+000
63  1.134000e+000
64  1.029000e+000
65  1.027000e+000
66  9.610000e-001
67  9.140000e-001
68  8.370000e-001
69  7.420000e-001
70  7.030000e-001
71  6.230000e-001
72  5.900000e-001
73  5.400000e-001
74  4.730000e-001
75  4.940000e-001
76  4.700000e-001
77  4.850000e-001
78  4.580000e-001
79  4.330000e-001
80  3.960000e-001
81  3.520000e-001
82  3.330000e-001
83  2.950000e-001
84  2.800000e-001
85  2.590000e-001
86  2.350000e-001
87  2.510000e-001
88  2.350000e-001
89  2.240000e-001
90  1.990000e-001
91  1.880000e-001
92  1.720000e-001
93  1.530000e-001
94  1.450000e-001
95  1.340000e-001
96  1.400000e-001
97  1.450000e-001
98  1.630000e-001
99  2.050000e-001
100  2.050000e-001
101  1.990000e-001
102  1.760000e-001
103  1.670000e-001
104  1.530000e-001
105  1.350000e-001
106  1.280000e-001
107  1.140000e-001
108  1.080000e-001
109  9.900000e-002
110  8.200000e-002
111  8.300000e-002
112  7.400000e-002
113  7.000000e-002
114  6.200000e-002
115  5.900000e-002
116  5.400000e-002
117  4.800000e-002
118  4.500000e-002
119  4.000000e-002
120  3.800000e-002
121  5.000000e-002
122  7.100000e-002
123  8.300000e-002
124  9.300000e-002
125  9.400000e-002
126  8.400000e-002
127  7.900000e-002
128  7.200000e-002
129  6.400000e-002
130  6.100000e-002
131  5.400000e-002
132  5.100000e-002
133  4.700000e-002
134  4.700000e-002
135  4.900000e-002
136  4.500000e-002
137  5.500000e-002
138  5.000000e-002
139  4.800000e-002
140  4.300000e-002
141  3.900000e-002
142  3.700000e-002
143  3.200000e-002
144  3.100000e-002
   2 
1  6.200000e-002
2  5.000000e-002
3  8.500000e-002
4  1.150000e-001
5  1.280000e-001
6  1.170000e-001
7  1.070000e-001
8  9.500000e-002
9  8.100000e-002
10  7.400000e-002
11  6.300000e-002
12  5.800000e-002
13  5.100000e-002
14  4.200000e-002
15  9.200000e-002
16  1.150000e-001
17  1.070000e-001
18  9.600000e-002
19  8.800000e-002
20  7.800000e-002
21  6.700000e-002
22  6.100000e-002
23  5.200000e-002
24  5.500000e-002
25  5.800000e-002
26  7.000000e-002
27  1.230000e-001
28  1.380000e-001
29  2.180000e-001
30  2.560000e-001
31  2.350000e-001
32  2.070000e-001
33  1.770000e-001
34  1.620000e-001
35  1.390000e-001
36  1.270000e-001
37  1.180000e-001
38  1.230000e-001
39  1.340000e-001
40  1.260000e-001
41  1.150000e-001
42  9.900000e-002
43  9.000000e-002
44  7.900000e-002
45  6.800000e-002
46  6.200000e-002
47  2.910000e-001
48  1.963000e+000
49  3.121000e+000
50  2.826000e+000
51  5.310000e+000
52  5.633000e+000
53  5.404000e+000
54  4.656000e+000
55  4.255000e+000
56  3.756000e+000
57  3.214000e+000
58  2.938000e+000
59  2.517000e+000
60  2.317000e+000
61  2.073000e+000
62  1.695000e+000
63  1.678000e+000
64  1.437000e+000
65  1.474000e+000
66  1.351000e+000
67  1.240000e+000
68  1.094000e+000
69  9.360000e-001
70  8.560000e-001
71  7.320000e-001
72  6.690000e-001
73  5.910000e-001
74  4.970000e-001
75  4.730000e-001
76  4.250000e-001
77  4.110000e-001
78  3.570000e-001
79  3.270000e-001
80  2.880000e-001
81  2.470000e-001
82  2.250000e-001
83  1.930000e-001
84  1.760000e-001
85  1.580000e-001
86  1.500000e-001
87  1.600000e-001
88  1.370000e-001
89  1.250000e-001
90  1.070000e-001
91  9.800000e-002
92  8.600000e-002
93  7.400000e-002
94  6.700000e-002
95  5.800000e-002
96  5.300000e-002
97  6.000000e-002
98  9.700000e-002
99  2.240000e-001
100  8.360000e-001
101  8.370000e-001
102  7.160000e-001
103  6.540000e-001
104  5.780000e-001
105  4.940000e-001
106  4.520000e-001
107  3.870000e-001
108  3.530000e-001
109  3.120000e-001
110  2.500000e-001
111  2.460000e-001
112  2.100000e-001
113  1.920000e-001
114  1.650000e-001
115  1.500000e-001
116  1.330000e-001
117  1.140000e-001
118  1.040000e-001
119  8.900000e-002
120  8.100000e-002
121  7.300000e-002
122  7.600000e-002
123  8.500000e-002
124  8.500000e-002
125  8.500000e-002
126  7.300000e-002
127  6.600000e-002
128  5.900000e-002
129  5.000000e-002
130  4.600000e-002
131  3.900000e-002
132  3.600000e-002
133  3.200000e-002
134  2.900000e-002
135  3.000000e-002
136  2.500000e-002
137  2.300000e-002
138  2.000000e-002
139  1.800000e-002
140  1.600000e-002
141  1.400000e-002
142  1.200000e-002
143  1.100000e-002
144  1.000000e-002
   3 
1  9.000000e-003
2  2.600000e-002
3  1.220000e-001
4  1.870000e-001
5  2.030000e-001
6  1.720000e-001
7  1.390000e-001
8  1.080000e-001
9  8.100000e-002
10  6.600000e-002
11  5.000000e-002
12  4.000000e-002
13  3.100000e-002
14  3.600000e-002
15  1.510000e-001
16  2.070000e-001
17  1.740000e-001
18  1.400000e-001
19  1.130000e-001
20  8.800000e-002
21  6.600000e-002
22  5.400000e-002
23  4.000000e-002
24  4.900000e-002
25  6.600000e-002
26  1.040000e-001
27  1.990000e-001
28  2.280000e-001
29  2.620000e-001
30  2.410000e-001
31  2.050000e-001
32  1.590000e-001
33  1.200000e-001
34  9.700000e-002
35  7.300000e-002
36  5.900000e-002
37  6.000000e-002
38  1.110000e-001
39  1.450000e-001
40  1.480000e-001
41  1.200000e-001
42  9.000000e-002
43  7.300000e-002
44  5.700000e-002
45  4.300000e-002
46  3.500000e-002
47  2.820000e-001
48  2.107000e+000
49  3.492000e+000
50  2.941000e+000
51  6.042000e+000
52  6.201000e+000
53  5.140000e+000
54  3.895000e+000
55  3.142000e+000
56  2.443000e+000
57  1.845000e+000
58  1.488000e+000
59  1.167000e+000
60  9.900000e-001
61  8.420000e-001
62  6.850000e-001
63  6.540000e-001
64  5.350000e-001
65  5.540000e-001
66  5.460000e-001
67  4.500000e-001
68  3.500000e-001
69  2.640000e-001
70  2.130000e-001
71  1.610000e-001
72  1.300000e-001
73  1.010000e-001
74  9.700000e-002
75  1.290000e-001
76  1.680000e-001
77  2.230000e-001
78  2.260000e-001
79  1.820000e-001
80  1.410000e-001
81  1.070000e-001
82  8.600000e-002
83  6.500000e-002
84  5.200000e-002
85  4.900000e-002
86  8.700000e-002
87  1.040000e-001
88  1.040000e-001
89  8.800000e-002
90  6.600000e-002
91  5.300000e-002
92  4.200000e-002
93  3.100000e-002
94  2.500000e-002
95  1.900000e-002
96  2.000000e-002
97  5.100000e-002
98  1.430000e-001
99  2.250000e-001
100  2.240000e-001
101  1.860000e-001
102  1.400000e-001
103  1.130000e-001
104  8.800000e-002
105  6.600000e-002
106  5.400000e-002
107  4.000000e-002
108  3.300000e-002
109  2.500000e-002
110  1.800000e-002
111  1.600000e-002
112  1.200000e-002
113  1.000000e-002
114  7.000000e-003
115  6.000000e-003
116  5.000000e-003
117  3.000000e-003
118  3.000000e-003
119  2.000000e-003
120  2.000000e-003
121  2.400000e-002
122  8.100000e-002
123  9.600000e-002
124  1.000000e-001
125  9.500000e-002
126  7.200000e-002
127  5.800000e-002
128  4.500000e-002
129  3.400000e-002
130  2.700000e-002
131  2.100000e-002
132  1.700000e-002
133  1.300000e-002
134  2.900000e-002
135  2.800000e-002
136  2.100000e-002
137  4.400000e-002
138  3.500000e-002
139  2.800000e-002
140  2.200000e-002
141  1.700000e-002
142  1.300000e-002
143  1.000000e-002
144  8.000000e-003
   4 
1  2.100000e-002
2  1.500000e-002
3  1.900000e-002
4  1.800000e-002
5  4.400000e-002
6  3.900000e-002
7  3.100000e-002
8  2.300000e-002
9  1.700000e-002
10  1.300000e-002
11  1.000000e-002
12  8.000000e-003
13  6.000000e-003
14  7.000000e-003
15  2.430000e-001
16  2.307000e+000
17  2.034000e+000
18  1.505000e+000
19  1.183000e+000
20  8.960000e-001
21  6.590000e-001
22  5.190000e-001
23  3.820000e-001
24  3.000000e-001
25  2.270000e-001
26  1.900000e-001
27  2.630000e-001
28  1.463000e+000
29  4.329000e+000
30  4.469000e+000
31  3.514000e+000
32  2.661000e+000
33  1.959000e+000
34  1.540000e+000
35  1.134000e+000
36  8.910000e-001
37  6.750000e-001
38  4.680000e-001
39  3.980000e-001
40  2.930000e-001
41  2.310000e-001
42  1.700000e-001
43  1.340000e-001
44  1.010000e-001
45  7.400000e-002
46  5.900000e-002
47  6.680000e-001
48  5.072000e+000
49  8.685000e+000
50  7.710000e+000
51  1.431300e+001
52  1.297800e+001
53  1.105900e+001
54  8.207000e+000
55  6.453000e+000
56  4.887000e+000
57  3.597000e+000
58  2.829000e+000
59  2.087000e+000
60  1.663000e+000
61  1.316000e+000
62  9.230000e-001
63  7.880000e-001
64  5.800000e-001
65  2.516000e+000
66  2.610000e+000
67  2.087000e+000
68  1.580000e+000
69  1.163000e+000
70  9.150000e-001
71  6.730000e-001
72  5.290000e-001
73  4.010000e-001
74  2.870000e-001
75  2.340000e-001
76  1.720000e-001
77  1.360000e-001
78  1.000000e-001
79  7.800000e-002
80  5.900000e-002
81  4.400000e-002
82  3.400000e-002
83  2.500000e-002
84  2.000000e-002
85  1.500000e-002
86  1.800000e-002
87  1.600000e-002
88  1.200000e-002
89  1.000000e-002
90  7.000000e-003
91  6.000000e-003
92  4.000000e-003
93  3.000000e-003
94  2.000000e-003
95  2.000000e-003
96  1.000000e-003
97  1.000000e-003
98  5.600000e-002
99  2.446000e+000
100  5.976000e+000
101  4.869000e+000
102  3.584000e+000
103  2.818000e+000
104  2.134000e+000
105  1.571000e+000
106  1.235000e+000
107  9.090000e-001
108  7.150000e-001
109  5.410000e-001
110  3.750000e-001
111  3.190000e-001
112  2.350000e-001
113  1.850000e-001
114  1.360000e-001
115  1.070000e-001
116  8.100000e-002
117  6.000000e-002
118  4.700000e-002
119  3.400000e-002
120  2.700000e-002
121  2.100000e-002
122  2.700000e-002
123  3.300000e-002
124  4.700000e-002
125  4.900000e-002
126  3.600000e-002
127  2.800000e-002
128  2.100000e-002
129  1.600000e-002
130  1.200000e-002
131  9.000000e-003
132  7.000000e-003
133  5.000000e-003
134  4.000000e-003
135  3.000000e-003
136  2.000000e-003
137  2.000000e-003
138  1.000000e-003
139  1.000000e-003
140  1.000000e-003
141  1.000000e-003
142  0.000000e+000
143  0.000000e+000
144  0.000000e+000
   5 
1  5.900000e-002
2  6.800000e-002
3  1.280000e-001
4  1.570000e-001
5  1.710000e-001
6  1.600000e-001
7  1.490000e-001
8  1.350000e-001
9  1.180000e-001
10  1.110000e-001
11  9.700000e-002
12  9.100000e-002
13  8.200000e-002
14  8.800000e-002
15  1.520000e-001
16  1.860000e-001
17  1.790000e-001
18  1.650000e-001
19  1.570000e-001
20  1.420000e-001
21  1.240000e-001
22  1.160000e-001
23  1.020000e-001
24  1.060000e-001
25  1.110000e-001
26  1.180000e-001
27  1.630000e-001
28  1.790000e-001
29  2.080000e-001
30  2.060000e-001
31  2.010000e-001
32  1.820000e-001
33  1.590000e-001
34  1.490000e-001
35  1.310000e-001
36  1.230000e-001
37  1.180000e-001
38  1.350000e-001
39  1.640000e-001
40  1.640000e-001
41  1.540000e-001
42  1.350000e-001
43  1.270000e-001
44  1.140000e-001
45  1.000000e-001
46  9.400000e-002
47  1.360000e-001
48  2.530000e-001
49  8.110000e-001
50  8.330000e-001
51  1.935000e+000
52  2.281000e+000
53  2.206000e+000
54  1.942000e+000
55  1.819000e+000
56  1.645000e+000
57  1.443000e+000
58  1.351000e+000
59  1.209000e+000
60  1.155000e+000
61  1.077000e+000
62  9.180000e-001
63  9.550000e-001
64  8.690000e-001
65  8.760000e-001
66  8.270000e-001
67  7.790000e-001
68  7.050000e-001
69  6.180000e-001
70  5.790000e-001
71  5.080000e-001
72  4.750000e-001
73  4.300000e-001
74  3.820000e-001
75  4.100000e-001
76  4.000000e-001
77  4.240000e-001
78  4.040000e-001
79  3.780000e-001
80  3.420000e-001
81  3.000000e-001
82  2.810000e-001
83  2.460000e-001
84  2.310000e-001
85  2.120000e-001
86  1.920000e-001
87  1.940000e-001
88  1.850000e-001
89  1.760000e-001
90  1.540000e-001
91  1.450000e-001
92  1.310000e-001
93  1.150000e-001
94  1.070000e-001
95  1.050000e-001
96  1.190000e-001
97  1.280000e-001
98  1.530000e-001
99  1.990000e-001
100  2.050000e-001
101  2.010000e-001
102  1.770000e-001
103  1.650000e-001
104  1.500000e-001
105  1.310000e-001
106  1.230000e-001
107  1.080000e-001
108  1.010000e-001
109  9.600000e-002
110  8.000000e-002
111  8.100000e-002
112  7.300000e-002
113  6.900000e-002
114  6.000000e-002
115  5.600000e-002
116  5.100000e-002
117  4.500000e-002
118  4.200000e-002
119  3.700000e-002
120  3.400000e-002
121  5.400000e-002
122  8.100000e-002
123  9.900000e-002
124  1.190000e-001
125  1.190000e-001
126  1.050000e-001
127  9.800000e-002
128  8.900000e-002
129  7.800000e-002
130  7.300000e-002
131  6.700000e-002
132  6.300000e-002
133  5.700000e-002
134  5.500000e-002
135  5.800000e-002
136  5.900000e-002
137  7.300000e-002
138  6.500000e-002
139  6.100000e-002
140  5.500000e-002
141  4.800000e-002
142  4.500000e-002
143  4.000000e-002
144  3.700000e-002
   6 
1  2.200000e-002
2  4.900000e-002
3  1.500000e-001
4  2.020000e-001
5  2.170000e-001
6  1.900000e-001
7  1.610000e-001
8  1.320000e-001
9  1.050000e-001
10  8.900000e-002
11  7.100000e-002
12  6.000000e-002
13  4.900000e-002
14  7.200000e-002
15  1.820000e-001
16  2.400000e-001
17  2.130000e-001
18  1.830000e-001
19  1.590000e-001
20  1.300000e-001
21  1.040000e-001
22  8.800000e-002
23  7.000000e-002
24  7.700000e-002
25  9.000000e-002
26  1.160000e-001
27  1.930000e-001
28  2.220000e-001
29  2.610000e-001
30  2.500000e-001
31  2.250000e-001
32  1.840000e-001
33  1.460000e-001
34  1.240000e-001
35  9.800000e-002
36  8.300000e-002
37  8.200000e-002
38  1.310000e-001
39  1.720000e-001
40  1.730000e-001
41  1.460000e-001
42  1.160000e-001
43  9.900000e-002
44  8.100000e-002
45  6.400000e-002
46  5.400000e-002
47  1.640000e-001
48  6.610000e-001
49  1.737000e+000
50  1.621000e+000
51  3.739000e+000
52  4.111000e+000
53  3.618000e+000
54  2.887000e+000
55  2.450000e+000
56  2.004000e+000
57  1.592000e+000
58  1.351000e+000
59  1.119000e+000
60  9.930000e-001
61  8.730000e-001
62  7.250000e-001
63  7.270000e-001
64  6.340000e-001
65  6.530000e-001
66  6.290000e-001
67  5.420000e-001
68  4.440000e-001
69  3.520000e-001
70  2.990000e-001
71  2.370000e-001
72  2.010000e-001
73  1.650000e-001
74  1.530000e-001
75  2.050000e-001
76  2.350000e-001
77  2.910000e-001
78  2.900000e-001
79  2.460000e-001
80  2.010000e-001
81  1.600000e-001
82  1.360000e-001
83  1.080000e-001
84  9.100000e-002
85  8.100000e-002
86  9.400000e-002
87  8.800000e-002
88  9.800000e-002
89  8.800000e-002
90  7.000000e-002
91  5.900000e-002
92  4.800000e-002
93  3.800000e-002
94  3.300000e-002
95  4.100000e-002
96  6.900000e-002
97  9.500000e-002
98  1.630000e-001
99  2.340000e-001
100  2.390000e-001
101  2.160000e-001
102  1.720000e-001
103  1.460000e-001
104  1.190000e-001
105  9.500000e-002
106  8.000000e-002
107  6.400000e-002
108  5.400000e-002
109  4.800000e-002
110  3.700000e-002
111  3.400000e-002
112  2.800000e-002
113  2.300000e-002
114  1.900000e-002
115  1.600000e-002
116  1.300000e-002
117  1.000000e-002
118  9.000000e-003
119  7.000000e-003
120  6.000000e-003
121  4.400000e-002
122  9.800000e-002
123  1.200000e-001
124  1.460000e-001
125  1.370000e-001
126  1.090000e-001
127  9.200000e-002
128  7.600000e-002
129  6.000000e-002
130  5.100000e-002
131  4.200000e-002
132  3.500000e-002
133  2.900000e-002
134  3.900000e-002
135  3.900000e-002
136  4.100000e-002
137  6.500000e-002
138  5.400000e-002
139  4.600000e-002
140  3.700000e-002
141  3.000000e-002
142  2.500000e-002
143  2.000000e-002
144  1.700000e-002
