   1 
1  1.120000e-001
2  1.020000e-001
3  1.130000e-001
4  1.010000e-001
5  9.600000e-002
6  8.500000e-002
7  8.000000e-002
8  7.400000e-002
9  6.500000e-002
10  6.200000e-002
11  6.600000e-002
12  6.700000e-002
13  6.900000e-002
14  1.050000e-001
15  1.860000e-001
16  1.940000e-001
17  2.110000e-001
18  2.040000e-001
19  1.960000e-001
20  1.800000e-001
21  1.590000e-001
22  1.510000e-001
23  1.400000e-001
24  1.560000e-001
25  1.530000e-001
26  1.580000e-001
27  2.110000e-001
28  2.180000e-001
29  5.010000e-001
30  5.560000e-001
31  5.270000e-001
32  4.820000e-001
33  4.280000e-001
34  4.050000e-001
35  3.620000e-001
36  3.780000e-001
37  3.630000e-001
38  3.470000e-001
39  4.010000e-001
40  3.720000e-001
41  3.970000e-001
42  3.590000e-001
43  3.400000e-001
44  3.110000e-001
45  2.760000e-001
46  2.610000e-001
47  2.320000e-001
48  2.190000e-001
49  2.050000e-001
50  1.790000e-001
51  2.100000e-001
52  1.890000e-001
53  2.110000e-001
54  2.030000e-001
55  1.920000e-001
56  1.760000e-001
57  1.560000e-001
58  1.480000e-001
59  1.670000e-001
60  2.110000e-001
61  2.470000e-001
62  2.940000e-001
63  5.830000e-001
64  6.620000e-001
65  1.501000e+000
66  2.093000e+000
67  2.100000e+000
68  1.922000e+000
69  1.704000e+000
70  1.614000e+000
71  1.431000e+000
72  1.355000e+000
73  1.241000e+000
74  1.105000e+000
75  1.098000e+000
76  1.087000e+000
77  1.330000e+000
78  1.211000e+000
79  1.164000e+000
80  1.065000e+000
81  9.440000e-001
82  8.940000e-001
83  7.930000e-001
84  7.510000e-001
85  6.870000e-001
86  5.700000e-001
87  5.800000e-001
88  5.240000e-001
89  5.020000e-001
90  4.490000e-001
91  4.250000e-001
92  3.890000e-001
93  3.450000e-001
94  3.270000e-001
95  2.900000e-001
96  2.780000e-001
97  2.660000e-001
98  2.570000e-001
99  3.070000e-001
100  3.130000e-001
101  3.080000e-001
102  2.760000e-001
103  2.610000e-001
104  2.390000e-001
105  2.120000e-001
106  2.010000e-001
107  1.780000e-001
108  1.680000e-001
109  1.580000e-001
110  1.620000e-001
111  1.740000e-001
112  1.710000e-001
113  1.620000e-001
114  1.440000e-001
115  1.360000e-001
116  1.250000e-001
117  1.110000e-001
118  1.050000e-001
119  9.300000e-002
120  9.600000e-002
121  9.800000e-002
122  1.180000e-001
123  1.650000e-001
124  1.880000e-001
125  1.980000e-001
126  1.750000e-001
127  1.660000e-001
128  1.520000e-001
129  1.350000e-001
130  1.280000e-001
131  1.130000e-001
132  1.070000e-001
133  9.800000e-002
134  9.400000e-002
135  1.020000e-001
136  9.000000e-002
137  8.600000e-002
138  7.600000e-002
139  7.200000e-002
140  6.600000e-002
141  5.800000e-002
142  5.500000e-002
143  5.000000e-002
144  4.900000e-002
   2 
1  4.510000e-001
2  3.730000e-001
3  3.800000e-001
4  3.250000e-001
5  2.970000e-001
6  2.540000e-001
7  2.330000e-001
8  2.050000e-001
9  1.760000e-001
10  1.610000e-001
11  1.370000e-001
12  1.290000e-001
13  1.230000e-001
14  1.490000e-001
15  2.360000e-001
16  2.280000e-001
17  2.250000e-001
18  2.100000e-001
19  1.960000e-001
20  1.730000e-001
21  1.480000e-001
22  1.350000e-001
23  1.240000e-001
24  1.430000e-001
25  1.350000e-001
26  1.460000e-001
27  2.140000e-001
28  5.950000e-001
29  2.951000e+000
30  3.673000e+000
31  3.431000e+000
32  3.028000e+000
33  2.592000e+000
34  2.369000e+000
35  2.030000e+000
36  1.894000e+000
37  1.695000e+000
38  1.419000e+000
39  1.529000e+000
40  1.519000e+000
41  2.311000e+000
42  2.345000e+000
43  2.145000e+000
44  1.893000e+000
45  1.620000e+000
46  1.481000e+000
47  1.267000e+000
48  1.158000e+000
49  1.027000e+000
50  8.290000e-001
51  8.240000e-001
52  7.060000e-001
53  6.690000e-001
54  5.790000e-001
55  5.300000e-001
56  4.670000e-001
57  4.000000e-001
58  3.660000e-001
59  3.960000e-001
60  1.470000e+000
61  2.061000e+000
62  2.309000e+000
63  3.414000e+000
64  3.527000e+000
65  5.263000e+000
66  6.458000e+000
67  6.518000e+000
68  5.764000e+000
69  4.933000e+000
70  4.509000e+000
71  3.859000e+000
72  3.526000e+000
73  3.113000e+000
74  2.590000e+000
75  2.463000e+000
76  2.634000e+000
77  4.096000e+000
78  3.873000e+000
79  3.541000e+000
80  3.126000e+000
81  2.675000e+000
82  2.445000e+000
83  2.092000e+000
84  1.912000e+000
85  1.688000e+000
86  1.353000e+000
87  1.331000e+000
88  1.143000e+000
89  1.045000e+000
90  8.950000e-001
91  8.180000e-001
92  7.220000e-001
93  6.180000e-001
94  5.640000e-001
95  4.830000e-001
96  4.420000e-001
97  3.940000e-001
98  3.580000e-001
99  4.120000e-001
100  9.210000e-001
101  1.200000e+000
102  1.032000e+000
103  9.430000e-001
104  8.320000e-001
105  7.120000e-001
106  6.510000e-001
107  5.570000e-001
108  5.090000e-001
109  4.520000e-001
110  3.960000e-001
111  3.890000e-001
112  3.330000e-001
113  3.050000e-001
114  2.610000e-001
115  2.380000e-001
116  2.100000e-001
117  1.800000e-001
118  1.640000e-001
119  1.410000e-001
120  1.390000e-001
121  1.340000e-001
122  1.440000e-001
123  1.900000e-001
124  2.070000e-001
125  2.150000e-001
126  1.840000e-001
127  1.680000e-001
128  1.480000e-001
129  1.270000e-001
130  1.160000e-001
131  9.900000e-002
132  9.100000e-002
133  8.000000e-002
134  7.500000e-002
135  7.400000e-002
136  6.300000e-002
137  5.800000e-002
138  5.000000e-002
139  4.500000e-002
140  4.000000e-002
141  3.400000e-002
142  3.100000e-002
143  2.700000e-002
144  2.400000e-002
   3 
1  4.100000e-002
2  5.200000e-002
3  7.100000e-002
4  5.300000e-002
5  4.300000e-002
6  3.200000e-002
7  2.600000e-002
8  2.000000e-002
9  1.500000e-002
10  1.200000e-002
11  2.600000e-002
12  3.100000e-002
13  4.500000e-002
14  1.530000e-001
15  3.360000e-001
16  3.210000e-001
17  3.080000e-001
18  2.720000e-001
19  2.270000e-001
20  1.770000e-001
21  1.330000e-001
22  1.080000e-001
23  9.900000e-002
24  1.390000e-001
25  1.340000e-001
26  1.680000e-001
27  2.860000e-001
28  3.200000e-001
29  2.195000e+000
30  2.649000e+000
31  2.153000e+000
32  1.674000e+000
33  1.264000e+000
34  1.020000e+000
35  7.770000e-001
36  7.150000e-001
37  6.000000e-001
38  5.450000e-001
39  5.900000e-001
40  4.850000e-001
41  5.430000e-001
42  4.290000e-001
43  3.460000e-001
44  2.690000e-001
45  2.030000e-001
46  1.640000e-001
47  1.240000e-001
48  1.000000e-001
49  9.000000e-002
50  8.200000e-002
51  1.260000e-001
52  1.020000e-001
53  1.530000e-001
54  1.440000e-001
55  1.160000e-001
56  9.000000e-002
57  6.800000e-002
58  5.500000e-002
59  1.460000e-001
60  6.330000e-001
61  8.220000e-001
62  1.193000e+000
63  2.439000e+000
64  2.514000e+000
65  4.892000e+000
66  6.252000e+000
67  5.596000e+000
68  4.351000e+000
69  3.286000e+000
70  2.651000e+000
71  2.002000e+000
72  1.615000e+000
73  1.257000e+000
74  1.001000e+000
75  8.710000e-001
76  1.212000e+000
77  2.609000e+000
78  2.193000e+000
79  1.785000e+000
80  1.388000e+000
81  1.048000e+000
82  8.460000e-001
83  6.390000e-001
84  5.150000e-001
85  4.000000e-001
86  2.840000e-001
87  2.480000e-001
88  2.120000e-001
89  1.790000e-001
90  1.390000e-001
91  1.120000e-001
92  8.700000e-002
93  6.600000e-002
94  5.300000e-002
95  4.000000e-002
96  4.200000e-002
97  6.100000e-002
98  1.460000e-001
99  2.510000e-001
100  2.930000e-001
101  2.650000e-001
102  2.050000e-001
103  1.650000e-001
104  1.280000e-001
105  9.700000e-002
106  7.800000e-002
107  5.900000e-002
108  4.800000e-002
109  4.400000e-002
110  1.040000e-001
111  1.100000e-001
112  1.240000e-001
113  1.010000e-001
114  7.600000e-002
115  6.100000e-002
116  4.800000e-002
117  3.600000e-002
118  2.900000e-002
119  2.200000e-002
120  3.800000e-002
121  5.600000e-002
122  1.280000e-001
123  2.270000e-001
124  2.730000e-001
125  2.700000e-001
126  2.040000e-001
127  1.640000e-001
128  1.280000e-001
129  9.600000e-002
130  7.800000e-002
131  5.900000e-002
132  4.700000e-002
133  3.700000e-002
134  5.900000e-002
135  6.400000e-002
136  4.800000e-002
137  3.900000e-002
138  2.900000e-002
139  2.400000e-002
140  1.800000e-002
141  1.400000e-002
142  1.100000e-002
143  8.000000e-003
144  7.000000e-003
   4 
1  5.370000e-001
2  3.720000e-001
3  3.320000e-001
4  2.440000e-001
5  1.920000e-001
6  1.410000e-001
7  1.110000e-001
8  8.400000e-002
9  6.200000e-002
10  4.900000e-002
11  3.600000e-002
12  3.100000e-002
13  3.000000e-002
14  5.400000e-002
15  1.230000e-001
16  1.000000e-001
17  9.500000e-002
18  9.000000e-002
19  7.100000e-002
20  5.400000e-002
21  4.000000e-002
22  3.100000e-002
23  2.500000e-002
24  2.900000e-002
25  3.300000e-002
26  8.700000e-002
27  2.670000e-001
28  3.702000e+000
29  1.073400e+001
30  1.133100e+001
31  9.268000e+000
32  7.019000e+000
33  5.167000e+000
34  4.063000e+000
35  2.990000e+000
36  2.385000e+000
37  1.845000e+000
38  1.395000e+000
39  3.028000e+000
40  4.997000e+000
41  7.563000e+000
42  7.132000e+000
43  5.666000e+000
44  4.291000e+000
45  3.159000e+000
46  2.483000e+000
47  1.828000e+000
48  1.437000e+000
49  1.089000e+000
50  7.550000e-001
51  6.580000e-001
52  4.840000e-001
53  3.810000e-001
54  2.800000e-001
55  2.200000e-001
56  1.670000e-001
57  1.230000e-001
58  9.700000e-002
59  3.100000e-001
60  4.422000e+000
61  6.128000e+000
62  7.012000e+000
63  9.874000e+000
64  9.282000e+000
65  1.294700e+001
66  1.500100e+001
67  1.381600e+001
68  1.052400e+001
69  7.747000e+000
70  6.091000e+000
71  4.483000e+000
72  3.525000e+000
73  2.670000e+000
74  1.915000e+000
75  1.597000e+000
76  2.733000e+000
77  7.092000e+000
78  6.525000e+000
79  5.158000e+000
80  3.906000e+000
81  2.875000e+000
82  2.261000e+000
83  1.664000e+000
84  1.308000e+000
85  9.910000e-001
86  6.870000e-001
87  5.840000e-001
88  4.300000e-001
89  3.380000e-001
90  2.490000e-001
91  1.960000e-001
92  1.480000e-001
93  1.090000e-001
94  8.600000e-002
95  6.300000e-002
96  5.000000e-002
97  3.800000e-002
98  4.800000e-002
99  5.320000e-001
100  4.133000e+000
101  5.366000e+000
102  4.115000e+000
103  3.235000e+000
104  2.450000e+000
105  1.804000e+000
106  1.418000e+000
107  1.044000e+000
108  8.210000e-001
109  6.220000e-001
110  4.310000e-001
111  3.660000e-001
112  2.700000e-001
113  2.120000e-001
114  1.560000e-001
115  1.230000e-001
116  9.300000e-002
117  6.800000e-002
118  5.400000e-002
119  4.000000e-002
120  4.800000e-002
121  4.100000e-002
122  5.100000e-002
123  9.800000e-002
124  6.270000e-001
125  1.198000e+000
126  8.950000e-001
127  7.040000e-001
128  5.330000e-001
129  3.920000e-001
130  3.080000e-001
131  2.270000e-001
132  1.790000e-001
133  1.350000e-001
134  9.400000e-002
135  8.000000e-002
136  5.900000e-002
137  4.600000e-002
138  3.400000e-002
139  2.700000e-002
140  2.000000e-002
141  1.500000e-002
142  1.200000e-002
143  9.000000e-003
144  7.000000e-003
   5 
1  1.200000e-001
2  1.110000e-001
3  1.220000e-001
4  1.110000e-001
5  1.090000e-001
6  9.700000e-002
7  9.000000e-002
8  8.200000e-002
9  7.200000e-002
10  6.700000e-002
11  7.500000e-002
12  7.500000e-002
13  7.800000e-002
14  1.170000e-001
15  2.100000e-001
16  2.200000e-001
17  2.400000e-001
18  2.320000e-001
19  2.220000e-001
20  2.010000e-001
21  1.760000e-001
22  1.650000e-001
23  1.520000e-001
24  1.680000e-001
25  1.640000e-001
26  1.690000e-001
27  2.270000e-001
28  2.350000e-001
29  2.990000e-001
30  2.850000e-001
31  2.690000e-001
32  2.440000e-001
33  2.140000e-001
34  2.000000e-001
35  1.790000e-001
36  2.100000e-001
37  2.120000e-001
38  2.260000e-001
39  2.870000e-001
40  2.720000e-001
41  3.060000e-001
42  2.770000e-001
43  2.610000e-001
44  2.360000e-001
45  2.070000e-001
46  1.940000e-001
47  1.700000e-001
48  1.590000e-001
49  1.490000e-001
50  1.340000e-001
51  1.710000e-001
52  1.600000e-001
53  1.900000e-001
54  1.870000e-001
55  1.750000e-001
56  1.580000e-001
57  1.390000e-001
58  1.300000e-001
59  1.560000e-001
60  2.100000e-001
61  2.510000e-001
62  2.430000e-001
63  2.910000e-001
64  3.160000e-001
65  1.090000e+000
66  1.617000e+000
67  1.583000e+000
68  1.432000e+000
69  1.256000e+000
70  1.176000e+000
71  1.031000e+000
72  9.660000e-001
73  8.740000e-001
74  7.940000e-001
75  7.920000e-001
76  7.760000e-001
77  8.380000e-001
78  7.530000e-001
79  7.290000e-001
80  6.600000e-001
81  5.790000e-001
82  5.420000e-001
83  4.750000e-001
84  4.450000e-001
85  4.020000e-001
86  3.300000e-001
87  3.330000e-001
88  3.030000e-001
89  2.940000e-001
90  2.630000e-001
91  2.470000e-001
92  2.230000e-001
93  1.960000e-001
94  1.830000e-001
95  1.660000e-001
96  1.600000e-001
97  1.580000e-001
98  1.700000e-001
99  2.230000e-001
100  2.410000e-001
101  2.400000e-001
102  2.150000e-001
103  2.020000e-001
104  1.820000e-001
105  1.600000e-001
106  1.500000e-001
107  1.310000e-001
108  1.230000e-001
109  1.220000e-001
110  1.390000e-001
111  1.510000e-001
112  1.530000e-001
113  1.440000e-001
114  1.260000e-001
115  1.180000e-001
116  1.070000e-001
117  9.400000e-002
118  8.800000e-002
119  7.700000e-002
120  8.100000e-002
121  8.900000e-002
122  1.140000e-001
123  1.670000e-001
124  1.950000e-001
125  2.050000e-001
126  1.800000e-001
127  1.680000e-001
128  1.520000e-001
129  1.330000e-001
130  1.250000e-001
131  1.100000e-001
132  1.030000e-001
133  9.300000e-002
134  9.100000e-002
135  9.900000e-002
136  8.700000e-002
137  8.100000e-002
138  7.100000e-002
139  6.700000e-002
140  6.000000e-002
141  5.300000e-002
142  4.900000e-002
143  4.800000e-002
144  4.700000e-002
   6 
1  6.900000e-002
2  7.100000e-002
3  8.600000e-002
4  7.200000e-002
5  6.500000e-002
6  5.200000e-002
7  4.400000e-002
8  3.600000e-002
9  2.800000e-002
10  2.400000e-002
11  4.700000e-002
12  5.000000e-002
13  5.900000e-002
14  1.470000e-001
15  3.070000e-001
16  3.090000e-001
17  3.250000e-001
18  2.960000e-001
19  2.580000e-001
20  2.110000e-001
21  1.680000e-001
22  1.420000e-001
23  1.270000e-001
24  1.580000e-001
25  1.510000e-001
26  1.740000e-001
27  2.720000e-001
28  2.850000e-001
29  5.710000e-001
30  5.470000e-001
31  4.670000e-001
32  3.820000e-001
33  3.040000e-001
34  2.580000e-001
35  2.110000e-001
36  2.580000e-001
37  2.500000e-001
38  2.850000e-001
39  3.680000e-001
40  3.280000e-001
41  3.760000e-001
42  3.130000e-001
43  2.670000e-001
44  2.180000e-001
45  1.730000e-001
46  1.470000e-001
47  1.170000e-001
48  9.900000e-002
49  9.200000e-002
50  8.800000e-002
51  1.440000e-001
52  1.250000e-001
53  1.790000e-001
54  1.780000e-001
55  1.510000e-001
56  1.240000e-001
57  9.800000e-002
58  8.300000e-002
59  1.460000e-001
60  2.400000e-001
61  3.130000e-001
62  3.290000e-001
63  6.380000e-001
64  7.140000e-001
65  2.333000e+000
66  3.290000e+000
67  2.974000e+000
68  2.434000e+000
69  1.933000e+000
70  1.640000e+000
71  1.303000e+000
72  1.105000e+000
73  9.060000e-001
74  7.900000e-001
75  7.310000e-001
76  7.660000e-001
77  1.051000e+000
78  8.770000e-001
79  7.860000e-001
80  6.430000e-001
81  5.110000e-001
82  4.340000e-001
83  3.440000e-001
84  2.920000e-001
85  2.390000e-001
86  1.780000e-001
87  1.630000e-001
88  1.510000e-001
89  1.450000e-001
90  1.250000e-001
91  1.060000e-001
92  8.600000e-002
93  6.900000e-002
94  5.800000e-002
95  4.900000e-002
96  5.000000e-002
97  6.700000e-002
98  1.270000e-001
99  2.150000e-001
100  2.570000e-001
101  2.440000e-001
102  2.010000e-001
103  1.700000e-001
104  1.390000e-001
105  1.110000e-001
106  9.400000e-002
107  7.500000e-002
108  6.300000e-002
109  6.700000e-002
110  1.200000e-001
111  1.290000e-001
112  1.400000e-001
113  1.190000e-001
114  9.400000e-002
115  8.000000e-002
116  6.600000e-002
117  5.200000e-002
118  4.400000e-002
119  3.500000e-002
120  4.600000e-002
121  6.600000e-002
122  1.240000e-001
123  2.150000e-001
124  2.620000e-001
125  2.640000e-001
126  2.100000e-001
127  1.780000e-001
128  1.460000e-001
129  1.160000e-001
130  9.800000e-002
131  7.800000e-002
132  6.600000e-002
133  5.400000e-002
134  6.900000e-002
135  7.600000e-002
136  6.000000e-002
137  5.100000e-002
138  4.100000e-002
139  3.400000e-002
140  2.800000e-002
141  2.200000e-002
142  1.900000e-002
143  2.200000e-002
144  2.200000e-002
