   1 
1  1.680000e-001
2  1.780000e-001
3  2.110000e-001
4  2.290000e-001
5  2.360000e-001
6  2.100000e-001
7  1.990000e-001
8  1.820000e-001
9  1.610000e-001
10  1.530000e-001
11  1.350000e-001
12  1.280000e-001
13  1.170000e-001
14  1.020000e-001
15  1.920000e-001
16  9.210000e-001
17  1.174000e+000
18  1.055000e+000
19  9.990000e-001
20  9.150000e-001
21  8.110000e-001
22  7.680000e-001
23  6.810000e-001
24  6.580000e-001
25  6.190000e-001
26  5.860000e-001
27  6.180000e-001
28  5.630000e-001
29  5.770000e-001
30  5.140000e-001
31  4.870000e-001
32  4.460000e-001
33  3.950000e-001
34  3.740000e-001
35  3.320000e-001
36  3.140000e-001
37  2.900000e-001
38  2.720000e-001
39  3.100000e-001
40  2.870000e-001
41  3.100000e-001
42  2.850000e-001
43  2.700000e-001
44  2.470000e-001
45  2.190000e-001
46  2.070000e-001
47  2.070000e-001
48  4.650000e-001
49  2.058000e+000
50  1.862000e+000
51  2.217000e+000
52  2.610000e+000
53  2.502000e+000
54  2.220000e+000
55  2.102000e+000
56  1.923000e+000
57  1.705000e+000
58  1.615000e+000
59  1.469000e+000
60  1.413000e+000
61  1.298000e+000
62  1.085000e+000
63  1.105000e+000
64  9.910000e-001
65  9.530000e-001
66  8.450000e-001
67  8.000000e-001
68  7.320000e-001
69  6.490000e-001
70  6.150000e-001
71  5.450000e-001
72  5.160000e-001
73  4.720000e-001
74  4.060000e-001
75  4.030000e-001
76  3.800000e-001
77  3.780000e-001
78  3.390000e-001
79  3.210000e-001
80  2.940000e-001
81  2.610000e-001
82  2.470000e-001
83  2.190000e-001
84  2.070000e-001
85  1.900000e-001
86  1.740000e-001
87  1.930000e-001
88  1.730000e-001
89  1.640000e-001
90  1.460000e-001
91  1.520000e-001
92  1.410000e-001
93  1.250000e-001
94  1.180000e-001
95  1.050000e-001
96  9.900000e-002
97  9.100000e-002
98  1.220000e-001
99  1.940000e-001
100  1.960000e-001
101  2.010000e-001
102  1.960000e-001
103  1.850000e-001
104  1.700000e-001
105  1.500000e-001
106  1.420000e-001
107  1.260000e-001
108  1.200000e-001
109  1.090000e-001
110  9.100000e-002
111  9.200000e-002
112  8.200000e-002
113  7.800000e-002
114  6.900000e-002
115  6.500000e-002
116  6.000000e-002
117  5.300000e-002
118  5.000000e-002
119  4.400000e-002
120  4.200000e-002
121  3.800000e-002
122  4.100000e-002
123  5.200000e-002
124  6.000000e-002
125  5.600000e-002
126  5.000000e-002
127  4.700000e-002
128  4.300000e-002
129  3.800000e-002
130  3.600000e-002
131  3.200000e-002
132  3.200000e-002
133  3.400000e-002
134  2.800000e-002
135  2.900000e-002
136  2.600000e-002
137  2.400000e-002
138  2.100000e-002
139  2.000000e-002
140  1.900000e-002
141  1.600000e-002
142  1.600000e-002
143  1.400000e-002
144  1.300000e-002
   2 
1  2.960000e-001
2  2.590000e-001
3  2.790000e-001
4  2.810000e-001
5  2.620000e-001
6  2.240000e-001
7  2.050000e-001
8  1.810000e-001
9  1.550000e-001
10  1.410000e-001
11  1.210000e-001
12  1.110000e-001
13  9.800000e-002
14  7.800000e-002
15  3.390000e-001
16  2.250000e+000
17  2.647000e+000
18  2.281000e+000
19  2.085000e+000
20  1.840000e+000
21  1.575000e+000
22  1.439000e+000
23  1.232000e+000
24  1.137000e+000
25  1.020000e+000
26  9.110000e-001
27  9.290000e-001
28  8.150000e-001
29  7.840000e-001
30  6.740000e-001
31  6.160000e-001
32  5.430000e-001
33  4.650000e-001
34  4.250000e-001
35  3.640000e-001
36  3.320000e-001
37  2.940000e-001
38  2.580000e-001
39  2.900000e-001
40  2.600000e-001
41  2.600000e-001
42  2.260000e-001
43  2.070000e-001
44  1.820000e-001
45  1.560000e-001
46  1.430000e-001
47  1.440000e-001
48  9.240000e-001
49  3.643000e+000
50  3.131000e+000
51  3.898000e+000
52  4.555000e+000
53  4.167000e+000
54  3.566000e+000
55  3.259000e+000
56  2.876000e+000
57  2.462000e+000
58  2.250000e+000
59  1.946000e+000
60  1.783000e+000
61  1.574000e+000
62  1.262000e+000
63  1.241000e+000
64  1.064000e+000
65  9.790000e-001
66  8.380000e-001
67  7.660000e-001
68  6.760000e-001
69  5.780000e-001
70  5.290000e-001
71  4.520000e-001
72  4.130000e-001
73  3.650000e-001
74  3.020000e-001
75  2.870000e-001
76  2.450000e-001
77  2.240000e-001
78  1.920000e-001
79  1.750000e-001
80  1.550000e-001
81  1.320000e-001
82  1.210000e-001
83  1.040000e-001
84  9.500000e-002
85  8.400000e-002
86  8.800000e-002
87  1.030000e-001
88  8.800000e-002
89  8.000000e-002
90  6.900000e-002
91  6.300000e-002
92  5.500000e-002
93  4.700000e-002
94  4.300000e-002
95  3.700000e-002
96  3.400000e-002
97  3.000000e-002
98  8.400000e-002
99  2.560000e-001
100  3.560000e-001
101  3.330000e-001
102  2.860000e-001
103  2.620000e-001
104  2.310000e-001
105  1.980000e-001
106  1.810000e-001
107  1.550000e-001
108  1.410000e-001
109  1.250000e-001
110  1.000000e-001
111  9.800000e-002
112  8.400000e-002
113  7.700000e-002
114  6.600000e-002
115  6.000000e-002
116  5.300000e-002
117  4.500000e-002
118  4.200000e-002
119  3.600000e-002
120  3.200000e-002
121  2.900000e-002
122  2.400000e-002
123  3.000000e-002
124  4.400000e-002
125  4.000000e-002
126  3.400000e-002
127  3.100000e-002
128  2.800000e-002
129  2.400000e-002
130  2.200000e-002
131  1.900000e-002
132  1.700000e-002
133  1.500000e-002
134  1.200000e-002
135  1.200000e-002
136  1.000000e-002
137  9.000000e-003
138  8.000000e-003
139  7.000000e-003
140  6.000000e-003
141  5.000000e-003
142  5.000000e-003
143  4.000000e-003
144  4.000000e-003
   3 
1  7.700000e-002
2  1.340000e-001
3  1.840000e-001
4  2.440000e-001
5  2.390000e-001
6  1.800000e-001
7  1.450000e-001
8  1.130000e-001
9  8.500000e-002
10  6.900000e-002
11  5.200000e-002
12  4.200000e-002
13  3.300000e-002
14  2.600000e-002
15  3.550000e-001
16  2.866000e+000
17  3.188000e+000
18  2.442000e+000
19  1.970000e+000
20  1.531000e+000
21  1.157000e+000
22  9.330000e-001
23  7.050000e-001
24  5.970000e-001
25  5.000000e-001
26  5.070000e-001
27  5.310000e-001
28  4.350000e-001
29  4.530000e-001
30  3.480000e-001
31  2.810000e-001
32  2.180000e-001
33  1.650000e-001
34  1.330000e-001
35  1.010000e-001
36  8.100000e-002
37  7.000000e-002
38  1.240000e-001
39  1.890000e-001
40  1.720000e-001
41  2.230000e-001
42  1.870000e-001
43  1.510000e-001
44  1.170000e-001
45  8.900000e-002
46  7.200000e-002
47  1.130000e-001
48  1.086000e+000
49  5.481000e+000
50  4.275000e+000
51  4.828000e+000
52  5.499000e+000
53  4.491000e+000
54  3.392000e+000
55  2.736000e+000
56  2.127000e+000
57  1.607000e+000
58  1.296000e+000
59  1.063000e+000
60  8.980000e-001
61  7.100000e-001
62  5.150000e-001
63  4.490000e-001
64  3.630000e-001
65  3.230000e-001
66  2.440000e-001
67  1.970000e-001
68  1.530000e-001
69  1.150000e-001
70  9.300000e-002
71  7.000000e-002
72  5.700000e-002
73  4.400000e-002
74  3.200000e-002
75  3.700000e-002
76  6.500000e-002
77  8.200000e-002
78  6.900000e-002
79  5.600000e-002
80  4.400000e-002
81  3.300000e-002
82  2.700000e-002
83  2.000000e-002
84  1.600000e-002
85  1.300000e-002
86  5.400000e-002
87  7.900000e-002
88  6.000000e-002
89  4.900000e-002
90  3.700000e-002
91  4.100000e-002
92  3.400000e-002
93  2.500000e-002
94  2.100000e-002
95  1.500000e-002
96  1.200000e-002
97  1.000000e-002
98  1.300000e-001
99  2.900000e-001
100  2.750000e-001
101  2.510000e-001
102  2.220000e-001
103  1.790000e-001
104  1.390000e-001
105  1.050000e-001
106  8.500000e-002
107  6.400000e-002
108  5.200000e-002
109  4.000000e-002
110  2.900000e-002
111  2.500000e-002
112  1.900000e-002
113  1.500000e-002
114  1.100000e-002
115  9.000000e-003
116  7.000000e-003
117  5.000000e-003
118  4.000000e-003
119  3.000000e-003
120  3.000000e-003
121  2.000000e-003
122  2.000000e-002
123  4.500000e-002
124  6.900000e-002
125  5.500000e-002
126  4.200000e-002
127  3.400000e-002
128  2.600000e-002
129  2.000000e-002
130  1.600000e-002
131  1.200000e-002
132  1.300000e-002
133  2.100000e-002
134  1.500000e-002
135  1.300000e-002
136  1.000000e-002
137  8.000000e-003
138  6.000000e-003
139  5.000000e-003
140  4.000000e-003
141  3.000000e-003
142  2.000000e-003
143  2.000000e-003
144  1.000000e-003
   4 
1  1.750000e-001
2  1.420000e-001
3  1.490000e-001
4  1.730000e-001
5  1.390000e-001
6  1.030000e-001
7  8.100000e-002
8  6.100000e-002
9  4.500000e-002
10  3.500000e-002
11  2.600000e-002
12  2.000000e-002
13  1.600000e-002
14  1.100000e-002
15  7.490000e-001
16  5.828000e+000
17  5.969000e+000
18  4.394000e+000
19  3.455000e+000
20  2.617000e+000
21  1.926000e+000
22  1.514000e+000
23  1.115000e+000
24  8.760000e-001
25  6.710000e-001
26  9.420000e-001
27  2.837000e+000
28  2.542000e+000
29  2.687000e+000
30  1.990000e+000
31  1.565000e+000
32  1.185000e+000
33  8.720000e-001
34  6.860000e-001
35  5.050000e-001
36  3.970000e-001
37  3.010000e-001
38  2.080000e-001
39  1.770000e-001
40  1.300000e-001
41  1.030000e-001
42  7.500000e-002
43  5.900000e-002
44  4.500000e-002
45  3.300000e-002
46  2.600000e-002
47  2.000000e-002
48  2.064000e+000
49  7.951000e+000
50  6.501000e+000
51  7.914000e+000
52  8.549000e+000
53  6.722000e+000
54  4.948000e+000
55  3.891000e+000
56  2.947000e+000
57  2.169000e+000
58  1.705000e+000
59  1.255000e+000
60  9.870000e-001
61  7.470000e-001
62  5.180000e-001
63  4.400000e-001
64  3.240000e-001
65  2.550000e-001
66  1.880000e-001
67  1.480000e-001
68  1.120000e-001
69  8.200000e-002
70  6.500000e-002
71  4.800000e-002
72  3.700000e-002
73  2.800000e-002
74  2.000000e-002
75  1.700000e-002
76  1.200000e-002
77  1.000000e-002
78  7.000000e-003
79  6.000000e-003
80  4.000000e-003
81  3.000000e-003
82  2.000000e-003
83  2.000000e-003
84  1.000000e-003
85  1.000000e-003
86  1.500000e-002
87  2.900000e-002
88  2.100000e-002
89  1.700000e-002
90  1.200000e-002
91  1.000000e-002
92  7.000000e-003
93  5.000000e-003
94  4.000000e-003
95  3.000000e-003
96  2.000000e-003
97  2.000000e-003
98  5.800000e-002
99  1.718000e+000
100  3.007000e+000
101  2.371000e+000
102  1.745000e+000
103  1.372000e+000
104  1.039000e+000
105  7.650000e-001
106  6.020000e-001
107  4.430000e-001
108  3.480000e-001
109  2.640000e-001
110  1.830000e-001
111  1.550000e-001
112  1.140000e-001
113  9.000000e-002
114  6.600000e-002
115  5.200000e-002
116  3.900000e-002
117  2.900000e-002
118  2.300000e-002
119  1.700000e-002
120  1.300000e-002
121  1.000000e-002
122  7.000000e-003
123  1.700000e-002
124  4.100000e-002
125  3.200000e-002
126  2.400000e-002
127  1.900000e-002
128  1.400000e-002
129  1.000000e-002
130  8.000000e-003
131  6.000000e-003
132  5.000000e-003
133  4.000000e-003
134  2.000000e-003
135  2.000000e-003
136  2.000000e-003
137  1.000000e-003
138  1.000000e-003
139  1.000000e-003
140  1.000000e-003
141  0.000000e+000
142  0.000000e+000
143  0.000000e+000
144  0.000000e+000
   5 
1  1.140000e-001
2  1.440000e-001
3  1.810000e-001
4  2.080000e-001
5  2.180000e-001
6  1.910000e-001
7  1.790000e-001
8  1.620000e-001
9  1.420000e-001
10  1.330000e-001
11  1.160000e-001
12  1.090000e-001
13  9.900000e-002
14  8.900000e-002
15  1.690000e-001
16  8.010000e-001
17  1.053000e+000
18  9.400000e-001
19  8.800000e-001
20  7.960000e-001
21  6.980000e-001
22  6.540000e-001
23  5.730000e-001
24  5.530000e-001
25  5.210000e-001
26  5.060000e-001
27  5.410000e-001
28  4.920000e-001
29  5.140000e-001
30  4.540000e-001
31  4.250000e-001
32  3.850000e-001
33  3.370000e-001
34  3.160000e-001
35  2.770000e-001
36  2.590000e-001
37  2.380000e-001
38  2.310000e-001
39  2.730000e-001
40  2.530000e-001
41  2.830000e-001
42  2.630000e-001
43  2.460000e-001
44  2.230000e-001
45  1.950000e-001
46  1.830000e-001
47  1.870000e-001
48  3.890000e-001
49  2.060000e+000
50  1.863000e+000
51  2.197000e+000
52  2.593000e+000
53  2.470000e+000
54  2.167000e+000
55  2.029000e+000
56  1.836000e+000
57  1.610000e+000
58  1.507000e+000
59  1.366000e+000
60  1.306000e+000
61  1.188000e+000
62  9.860000e-001
63  9.930000e-001
64  8.850000e-001
65  8.460000e-001
66  7.420000e-001
67  6.950000e-001
68  6.290000e-001
69  5.510000e-001
70  5.160000e-001
71  4.530000e-001
72  4.240000e-001
73  3.840000e-001
74  3.260000e-001
75  3.220000e-001
76  3.130000e-001
77  3.170000e-001
78  2.840000e-001
79  2.660000e-001
80  2.410000e-001
81  2.110000e-001
82  1.970000e-001
83  1.730000e-001
84  1.620000e-001
85  1.470000e-001
86  1.400000e-001
87  1.600000e-001
88  1.430000e-001
89  1.350000e-001
90  1.220000e-001
91  1.350000e-001
92  1.260000e-001
93  1.100000e-001
94  1.030000e-001
95  9.200000e-002
96  8.600000e-002
97  7.800000e-002
98  1.180000e-001
99  1.980000e-001
100  2.020000e-001
101  2.090000e-001
102  2.060000e-001
103  1.930000e-001
104  1.750000e-001
105  1.530000e-001
106  1.430000e-001
107  1.260000e-001
108  1.180000e-001
109  1.080000e-001
110  8.900000e-002
111  8.900000e-002
112  7.800000e-002
113  7.300000e-002
114  6.400000e-002
115  6.000000e-002
116  5.500000e-002
117  4.800000e-002
118  4.500000e-002
119  3.900000e-002
120  3.700000e-002
121  3.300000e-002
122  3.800000e-002
123  5.000000e-002
124  5.900000e-002
125  5.500000e-002
126  4.900000e-002
127  4.600000e-002
128  4.100000e-002
129  3.600000e-002
130  3.400000e-002
131  3.000000e-002
132  2.900000e-002
133  3.200000e-002
134  2.600000e-002
135  2.700000e-002
136  2.300000e-002
137  2.200000e-002
138  1.900000e-002
139  1.800000e-002
140  1.600000e-002
141  1.400000e-002
142  1.300000e-002
143  1.200000e-002
144  1.100000e-002
   6 
1  8.800000e-002
2  1.560000e-001
3  2.090000e-001
4  2.580000e-001
5  2.610000e-001
6  2.070000e-001
7  1.760000e-001
8  1.440000e-001
9  1.140000e-001
10  9.700000e-002
11  7.700000e-002
12  6.500000e-002
13  5.400000e-002
14  5.300000e-002
15  2.210000e-001
16  1.614000e+000
17  1.968000e+000
18  1.593000e+000
19  1.351000e+000
20  1.106000e+000
21  8.780000e-001
22  7.450000e-001
23  5.920000e-001
24  5.320000e-001
25  4.730000e-001
26  4.860000e-001
27  5.190000e-001
28  4.460000e-001
29  4.760000e-001
30  3.840000e-001
31  3.250000e-001
32  2.660000e-001
33  2.110000e-001
34  1.790000e-001
35  1.430000e-001
36  1.210000e-001
37  1.050000e-001
38  1.470000e-001
39  2.080000e-001
40  1.910000e-001
41  2.460000e-001
42  2.200000e-001
43  1.870000e-001
44  1.530000e-001
45  1.220000e-001
46  1.030000e-001
47  1.330000e-001
48  6.120000e-001
49  3.879000e+000
50  3.213000e+000
51  3.608000e+000
52  4.172000e+000
53  3.611000e+000
54  2.870000e+000
55  2.435000e+000
56  1.992000e+000
57  1.582000e+000
58  1.342000e+000
59  1.149000e+000
60  1.024000e+000
61  8.500000e-001
62  6.520000e-001
63  5.980000e-001
64  5.010000e-001
65  4.570000e-001
66  3.630000e-001
67  3.080000e-001
68  2.520000e-001
69  2.000000e-001
70  1.700000e-001
71  1.350000e-001
72  1.140000e-001
73  9.400000e-002
74  7.200000e-002
75  7.600000e-002
76  1.130000e-001
77  1.390000e-001
78  1.200000e-001
79  1.020000e-001
80  8.300000e-002
81  6.600000e-002
82  5.600000e-002
83  4.400000e-002
84  3.800000e-002
85  3.100000e-002
86  6.100000e-002
87  9.000000e-002
88  7.600000e-002
89  6.700000e-002
90  5.600000e-002
91  8.300000e-002
92  7.300000e-002
93  5.800000e-002
94  4.900000e-002
95  3.900000e-002
96  3.300000e-002
97  2.800000e-002
98  1.230000e-001
99  2.620000e-001
100  2.610000e-001
101  2.570000e-001
102  2.440000e-001
103  2.070000e-001
104  1.690000e-001
105  1.340000e-001
106  1.140000e-001
107  9.100000e-002
108  7.700000e-002
109  6.300000e-002
110  4.700000e-002
111  4.300000e-002
112  3.400000e-002
113  2.900000e-002
114  2.300000e-002
115  2.000000e-002
116  1.600000e-002
117  1.300000e-002
118  1.100000e-002
119  9.000000e-003
120  7.000000e-003
121  6.000000e-003
122  2.300000e-002
123  4.600000e-002
124  6.500000e-002
125  5.500000e-002
126  4.400000e-002
127  3.700000e-002
128  3.000000e-002
129  2.400000e-002
130  2.000000e-002
131  1.600000e-002
132  1.700000e-002
133  2.400000e-002
134  1.800000e-002
135  1.700000e-002
136  1.300000e-002
137  1.100000e-002
138  9.000000e-003
139  8.000000e-003
140  6.000000e-003
141  5.000000e-003
142  4.000000e-003
143  3.000000e-003
144  3.000000e-003
