   1 
1  5.000000e-002
2  6.500000e-002
3  7.500000e-002
4  7.600000e-002
5  7.200000e-002
6  6.400000e-002
7  6.100000e-002
8  5.600000e-002
9  4.900000e-002
10  4.700000e-002
11  4.100000e-002
12  3.900000e-002
13  3.600000e-002
14  3.000000e-002
15  3.800000e-002
16  4.500000e-002
17  4.400000e-002
18  3.900000e-002
19  3.700000e-002
20  3.400000e-002
21  3.000000e-002
22  2.800000e-002
23  2.500000e-002
24  3.100000e-002
25  3.600000e-002
26  6.300000e-002
27  8.900000e-002
28  8.400000e-002
29  8.200000e-002
30  7.200000e-002
31  6.900000e-002
32  6.300000e-002
33  5.600000e-002
34  5.300000e-002
35  4.700000e-002
36  4.600000e-002
37  4.600000e-002
38  6.500000e-002
39  8.000000e-002
40  7.300000e-002
41  7.000000e-002
42  6.200000e-002
43  5.800000e-002
44  5.300000e-002
45  4.700000e-002
46  4.500000e-002
47  4.900000e-002
48  4.700000e-002
49  4.300000e-002
50  5.000000e-002
51  9.200000e-002
52  1.650000e-001
53  1.570000e-001
54  1.390000e-001
55  1.310000e-001
56  1.200000e-001
57  1.070000e-001
58  1.010000e-001
59  1.120000e-001
60  1.110000e-001
61  1.010000e-001
62  8.400000e-002
63  8.500000e-002
64  7.600000e-002
65  7.200000e-002
66  6.400000e-002
67  6.000000e-002
68  5.500000e-002
69  4.900000e-002
70  4.600000e-002
71  4.100000e-002
72  3.900000e-002
73  3.600000e-002
74  3.100000e-002
75  3.000000e-002
76  2.700000e-002
77  2.500000e-002
78  2.200000e-002
79  2.100000e-002
80  1.900000e-002
81  1.700000e-002
82  1.600000e-002
83  1.400000e-002
84  1.400000e-002
85  1.200000e-002
86  2.400000e-002
87  3.900000e-002
88  3.400000e-002
89  3.400000e-002
90  3.100000e-002
91  5.000000e-002
92  4.900000e-002
93  4.400000e-002
94  4.200000e-002
95  3.700000e-002
96  3.500000e-002
97  3.200000e-002
98  5.900000e-002
99  9.200000e-002
100  8.300000e-002
101  7.900000e-002
102  7.000000e-002
103  6.600000e-002
104  6.100000e-002
105  5.400000e-002
106  5.100000e-002
107  4.500000e-002
108  4.300000e-002
109  3.900000e-002
110  3.300000e-002
111  3.300000e-002
112  2.900000e-002
113  2.800000e-002
114  2.500000e-002
115  2.300000e-002
116  2.100000e-002
117  1.900000e-002
118  1.800000e-002
119  1.600000e-002
120  1.500000e-002
121  1.400000e-002
122  1.600000e-002
123  2.300000e-002
124  3.000000e-002
125  2.800000e-002
126  2.500000e-002
127  2.300000e-002
128  2.100000e-002
129  1.900000e-002
130  1.800000e-002
131  1.600000e-002
132  1.500000e-002
133  1.400000e-002
134  1.100000e-002
135  1.200000e-002
136  1.000000e-002
137  1.000000e-002
138  9.000000e-003
139  8.000000e-003
140  8.000000e-003
141  7.000000e-003
142  6.000000e-003
143  6.000000e-003
144  5.000000e-003
   2 
1  2.400000e-002
2  2.700000e-002
3  3.500000e-002
4  3.000000e-002
5  2.700000e-002
6  2.400000e-002
7  2.200000e-002
8  1.900000e-002
9  1.600000e-002
10  1.500000e-002
11  1.300000e-002
12  1.200000e-002
13  1.000000e-002
14  8.000000e-003
15  1.000000e-002
16  1.000000e-002
17  9.000000e-003
18  8.000000e-003
19  7.000000e-003
20  6.000000e-003
21  5.000000e-003
22  5.000000e-003
23  4.000000e-003
24  8.000000e-003
25  1.100000e-002
26  3.700000e-002
27  5.100000e-002
28  4.400000e-002
29  4.000000e-002
30  3.400000e-002
31  3.100000e-002
32  2.800000e-002
33  2.400000e-002
34  2.200000e-002
35  1.800000e-002
36  1.700000e-002
37  1.500000e-002
38  2.500000e-002
39  2.900000e-002
40  2.500000e-002
41  2.200000e-002
42  1.900000e-002
43  1.800000e-002
44  1.500000e-002
45  1.300000e-002
46  1.200000e-002
47  1.500000e-002
48  1.400000e-002
49  1.300000e-002
50  2.700000e-002
51  2.740000e-001
52  8.580000e-001
53  7.840000e-001
54  6.710000e-001
55  6.130000e-001
56  5.410000e-001
57  4.630000e-001
58  4.230000e-001
59  3.620000e-001
60  3.310000e-001
61  2.920000e-001
62  2.340000e-001
63  2.300000e-001
64  1.970000e-001
65  1.800000e-001
66  1.540000e-001
67  1.410000e-001
68  1.240000e-001
69  1.060000e-001
70  9.700000e-002
71  8.300000e-002
72  7.600000e-002
73  6.700000e-002
74  5.600000e-002
75  5.300000e-002
76  4.500000e-002
77  4.100000e-002
78  3.500000e-002
79  3.200000e-002
80  2.800000e-002
81  2.400000e-002
82  2.200000e-002
83  1.900000e-002
84  1.700000e-002
85  1.500000e-002
86  3.100000e-002
87  4.800000e-002
88  4.100000e-002
89  3.800000e-002
90  3.200000e-002
91  3.300000e-002
92  3.000000e-002
93  2.600000e-002
94  2.300000e-002
95  2.000000e-002
96  1.800000e-002
97  1.600000e-002
98  4.900000e-002
99  8.700000e-002
100  7.700000e-002
101  7.000000e-002
102  6.000000e-002
103  5.500000e-002
104  4.800000e-002
105  4.100000e-002
106  3.800000e-002
107  3.200000e-002
108  3.000000e-002
109  2.600000e-002
110  2.100000e-002
111  2.100000e-002
112  1.800000e-002
113  1.600000e-002
114  1.400000e-002
115  1.300000e-002
116  1.100000e-002
117  1.000000e-002
118  9.000000e-003
119  7.000000e-003
120  7.000000e-003
121  6.000000e-003
122  5.000000e-003
123  9.000000e-003
124  1.800000e-002
125  1.700000e-002
126  1.400000e-002
127  1.300000e-002
128  1.200000e-002
129  1.000000e-002
130  9.000000e-003
131  8.000000e-003
132  7.000000e-003
133  6.000000e-003
134  5.000000e-003
135  5.000000e-003
136  4.000000e-003
137  4.000000e-003
138  3.000000e-003
139  3.000000e-003
140  3.000000e-003
141  2.000000e-003
142  2.000000e-003
143  2.000000e-003
144  2.000000e-003
   3 
1  3.100000e-002
2  6.200000e-002
3  7.500000e-002
4  7.200000e-002
5  5.900000e-002
6  4.400000e-002
7  3.600000e-002
8  2.800000e-002
9  2.100000e-002
10  1.700000e-002
11  1.300000e-002
12  1.000000e-002
13  8.000000e-003
14  6.000000e-003
15  1.900000e-002
16  2.200000e-002
17  1.800000e-002
18  1.400000e-002
19  1.100000e-002
20  9.000000e-003
21  6.000000e-003
22  5.000000e-003
23  4.000000e-003
24  2.100000e-002
25  3.700000e-002
26  1.040000e-001
27  1.470000e-001
28  1.150000e-001
29  9.300000e-002
30  7.000000e-002
31  5.600000e-002
32  4.400000e-002
33  3.300000e-002
34  2.700000e-002
35  2.000000e-002
36  1.600000e-002
37  1.900000e-002
38  7.100000e-002
39  8.300000e-002
40  6.400000e-002
41  5.200000e-002
42  3.900000e-002
43  3.200000e-002
44  2.500000e-002
45  1.900000e-002
46  1.500000e-002
47  3.400000e-002
48  2.800000e-002
49  2.300000e-002
50  5.400000e-002
51  3.090000e-001
52  8.200000e-001
53  6.620000e-001
54  5.000000e-001
55  4.030000e-001
56  3.130000e-001
57  2.370000e-001
58  1.910000e-001
59  1.940000e-001
60  1.660000e-001
61  1.290000e-001
62  9.200000e-002
63  8.000000e-002
64  6.000000e-002
65  4.900000e-002
66  3.700000e-002
67  3.000000e-002
68  2.300000e-002
69  1.700000e-002
70  1.400000e-002
71  1.100000e-002
72  9.000000e-003
73  7.000000e-003
74  5.000000e-003
75  4.000000e-003
76  3.000000e-003
77  2.000000e-003
78  2.000000e-003
79  2.000000e-003
80  1.000000e-003
81  1.000000e-003
82  1.000000e-003
83  1.000000e-003
84  0.000000e+000
85  0.000000e+000
86  3.800000e-002
87  6.800000e-002
88  5.100000e-002
89  4.100000e-002
90  3.100000e-002
91  7.600000e-002
92  6.600000e-002
93  5.000000e-002
94  4.000000e-002
95  3.100000e-002
96  2.500000e-002
97  1.900000e-002
98  9.800000e-002
99  1.660000e-001
100  1.290000e-001
101  1.040000e-001
102  7.900000e-002
103  6.400000e-002
104  4.900000e-002
105  3.700000e-002
106  3.000000e-002
107  2.300000e-002
108  1.800000e-002
109  1.400000e-002
110  1.000000e-002
111  9.000000e-003
112  7.000000e-003
113  5.000000e-003
114  4.000000e-003
115  3.000000e-003
116  3.000000e-003
117  2.000000e-003
118  2.000000e-003
119  1.000000e-003
120  1.000000e-003
121  1.000000e-003
122  1.200000e-002
123  2.800000e-002
124  4.400000e-002
125  3.500000e-002
126  2.700000e-002
127  2.100000e-002
128  1.700000e-002
129  1.300000e-002
130  1.000000e-002
131  8.000000e-003
132  6.000000e-003
133  5.000000e-003
134  3.000000e-003
135  3.000000e-003
136  2.000000e-003
137  2.000000e-003
138  1.000000e-003
139  1.000000e-003
140  1.000000e-003
141  1.000000e-003
142  1.000000e-003
143  0.000000e+000
144  0.000000e+000
   4 
1  1.000000e-002
2  1.700000e-002
3  2.600000e-002
4  1.900000e-002
5  1.500000e-002
6  1.100000e-002
7  9.000000e-003
8  7.000000e-003
9  5.000000e-003
10  4.000000e-003
11  3.000000e-003
12  2.000000e-003
13  2.000000e-003
14  1.000000e-003
15  1.000000e-003
16  1.000000e-003
17  1.000000e-003
18  0.000000e+000
19  0.000000e+000
20  0.000000e+000
21  0.000000e+000
22  0.000000e+000
23  0.000000e+000
24  0.000000e+000
25  4.000000e-003
26  9.000000e-003
27  7.000000e-003
28  5.000000e-003
29  4.000000e-003
30  3.000000e-003
31  2.000000e-003
32  2.000000e-003
33  1.000000e-003
34  1.000000e-003
35  1.000000e-003
36  1.000000e-003
37  0.000000e+000
38  0.000000e+000
39  0.000000e+000
40  0.000000e+000
41  0.000000e+000
42  0.000000e+000
43  0.000000e+000
44  0.000000e+000
45  0.000000e+000
46  0.000000e+000
47  0.000000e+000
48  0.000000e+000
49  0.000000e+000
50  0.000000e+000
51  6.150000e-001
52  1.937000e+000
53  1.523000e+000
54  1.121000e+000
55  8.810000e-001
56  6.670000e-001
57  4.910000e-001
58  3.860000e-001
59  2.840000e-001
60  2.240000e-001
61  1.690000e-001
62  1.170000e-001
63  1.000000e-001
64  7.300000e-002
65  5.800000e-002
66  4.300000e-002
67  3.300000e-002
68  2.500000e-002
69  1.900000e-002
70  1.500000e-002
71  1.100000e-002
72  8.000000e-003
73  6.000000e-003
74  5.000000e-003
75  4.000000e-003
76  3.000000e-003
77  2.000000e-003
78  2.000000e-003
79  1.000000e-003
80  1.000000e-003
81  1.000000e-003
82  1.000000e-003
83  0.000000e+000
84  0.000000e+000
85  0.000000e+000
86  1.200000e-002
87  2.400000e-002
88  1.800000e-002
89  1.400000e-002
90  1.000000e-002
91  8.000000e-003
92  6.000000e-003
93  5.000000e-003
94  4.000000e-003
95  3.000000e-003
96  2.000000e-003
97  2.000000e-003
98  2.200000e-002
99  3.700000e-002
100  2.700000e-002
101  2.100000e-002
102  1.600000e-002
103  1.200000e-002
104  9.000000e-003
105  7.000000e-003
106  5.000000e-003
107  4.000000e-003
108  3.000000e-003
109  2.000000e-003
110  2.000000e-003
111  1.000000e-003
112  1.000000e-003
113  1.000000e-003
114  1.000000e-003
115  0.000000e+000
116  0.000000e+000
117  0.000000e+000
118  0.000000e+000
119  0.000000e+000
120  0.000000e+000
121  0.000000e+000
122  0.000000e+000
123  0.000000e+000
124  0.000000e+000
125  0.000000e+000
126  0.000000e+000
127  0.000000e+000
128  0.000000e+000
129  0.000000e+000
130  0.000000e+000
131  0.000000e+000
132  0.000000e+000
133  0.000000e+000
134  0.000000e+000
135  0.000000e+000
136  0.000000e+000
137  0.000000e+000
138  0.000000e+000
139  0.000000e+000
140  0.000000e+000
141  0.000000e+000
142  0.000000e+000
143  0.000000e+000
144  0.000000e+000
   5 
1  5.500000e-002
2  7.800000e-002
3  9.000000e-002
4  9.200000e-002
5  8.700000e-002
6  7.600000e-002
7  7.100000e-002
8  6.400000e-002
9  5.600000e-002
10  5.300000e-002
11  4.600000e-002
12  4.300000e-002
13  3.900000e-002
14  3.400000e-002
15  4.400000e-002
16  6.400000e-002
17  6.200000e-002
18  5.400000e-002
19  5.100000e-002
20  4.600000e-002
21  4.000000e-002
22  3.800000e-002
23  3.300000e-002
24  3.900000e-002
25  4.400000e-002
26  7.500000e-002
27  1.070000e-001
28  1.000000e-001
29  9.900000e-002
30  8.700000e-002
31  8.100000e-002
32  7.400000e-002
33  6.400000e-002
34  6.000000e-002
35  5.300000e-002
36  5.400000e-002
37  5.300000e-002
38  7.700000e-002
39  9.600000e-002
40  8.700000e-002
41  8.200000e-002
42  7.200000e-002
43  6.700000e-002
44  6.100000e-002
45  5.300000e-002
46  5.000000e-002
47  5.500000e-002
48  5.400000e-002
49  5.000000e-002
50  5.700000e-002
51  7.800000e-002
52  9.300000e-002
53  8.700000e-002
54  7.600000e-002
55  7.100000e-002
56  6.500000e-002
57  5.700000e-002
58  5.300000e-002
59  7.300000e-002
60  7.300000e-002
61  6.600000e-002
62  5.500000e-002
63  5.500000e-002
64  4.800000e-002
65  4.500000e-002
66  4.000000e-002
67  3.700000e-002
68  3.400000e-002
69  2.900000e-002
70  2.800000e-002
71  2.400000e-002
72  2.300000e-002
73  2.000000e-002
74  1.700000e-002
75  1.700000e-002
76  1.500000e-002
77  1.400000e-002
78  1.200000e-002
79  1.100000e-002
80  1.000000e-002
81  9.000000e-003
82  8.000000e-003
83  7.000000e-003
84  7.000000e-003
85  6.000000e-003
86  2.100000e-002
87  3.900000e-002
88  3.600000e-002
89  3.800000e-002
90  3.800000e-002
91  6.000000e-002
92  5.800000e-002
93  5.100000e-002
94  4.800000e-002
95  4.200000e-002
96  3.900000e-002
97  3.600000e-002
98  6.700000e-002
99  1.040000e-001
100  9.300000e-002
101  8.700000e-002
102  7.600000e-002
103  7.100000e-002
104  6.500000e-002
105  5.700000e-002
106  5.300000e-002
107  4.700000e-002
108  4.400000e-002
109  4.100000e-002
110  3.500000e-002
111  3.500000e-002
112  3.100000e-002
113  2.900000e-002
114  2.500000e-002
115  2.400000e-002
116  2.100000e-002
117  1.900000e-002
118  1.700000e-002
119  1.500000e-002
120  1.400000e-002
121  1.300000e-002
122  1.600000e-002
123  2.400000e-002
124  3.100000e-002
125  2.900000e-002
126  2.600000e-002
127  2.400000e-002
128  2.200000e-002
129  1.900000e-002
130  1.800000e-002
131  1.600000e-002
132  1.500000e-002
133  1.300000e-002
134  1.100000e-002
135  1.100000e-002
136  1.000000e-002
137  9.000000e-003
138  8.000000e-003
139  7.000000e-003
140  7.000000e-003
141  6.000000e-003
142  5.000000e-003
143  5.000000e-003
144  4.000000e-003
   6 
1  4.500000e-002
2  9.000000e-002
3  1.020000e-001
4  1.040000e-001
5  8.900000e-002
6  7.100000e-002
7  6.000000e-002
8  4.900000e-002
9  3.900000e-002
10  3.300000e-002
11  2.600000e-002
12  2.200000e-002
13  1.800000e-002
14  1.500000e-002
15  3.100000e-002
16  6.100000e-002
17  5.500000e-002
18  4.400000e-002
19  3.700000e-002
20  3.000000e-002
21  2.400000e-002
22  2.000000e-002
23  1.600000e-002
24  2.900000e-002
25  4.100000e-002
26  1.020000e-001
27  1.520000e-001
28  1.320000e-001
29  1.200000e-001
30  9.500000e-002
31  8.100000e-002
32  6.600000e-002
33  5.200000e-002
34  4.400000e-002
35  3.500000e-002
36  3.600000e-002
37  3.800000e-002
38  9.000000e-002
39  1.160000e-001
40  9.700000e-002
41  8.200000e-002
42  6.500000e-002
43  5.500000e-002
44  4.500000e-002
45  3.600000e-002
46  3.000000e-002
47  4.500000e-002
48  3.900000e-002
49  3.300000e-002
50  5.600000e-002
51  9.600000e-002
52  1.360000e-001
53  1.150000e-001
54  9.200000e-002
55  7.800000e-002
56  6.400000e-002
57  5.100000e-002
58  4.300000e-002
59  8.400000e-002
60  8.100000e-002
61  6.600000e-002
62  4.900000e-002
63  4.500000e-002
64  3.600000e-002
65  3.000000e-002
66  2.400000e-002
67  2.000000e-002
68  1.700000e-002
69  1.300000e-002
70  1.100000e-002
71  9.000000e-003
72  8.000000e-003
73  6.000000e-003
74  5.000000e-003
75  4.000000e-003
76  3.000000e-003
77  3.000000e-003
78  2.000000e-003
79  2.000000e-003
80  2.000000e-003
81  1.000000e-003
82  1.000000e-003
83  1.000000e-003
84  1.000000e-003
85  1.000000e-003
86  3.100000e-002
87  6.000000e-002
88  4.900000e-002
89  4.600000e-002
90  4.300000e-002
91  8.300000e-002
92  7.500000e-002
93  5.900000e-002
94  5.000000e-002
95  4.000000e-002
96  3.400000e-002
97  2.800000e-002
98  9.300000e-002
99  1.530000e-001
100  1.250000e-001
101  1.060000e-001
102  8.400000e-002
103  7.100000e-002
104  5.800000e-002
105  4.600000e-002
106  3.900000e-002
107  3.100000e-002
108  2.700000e-002
109  2.200000e-002
110  1.700000e-002
111  1.500000e-002
112  1.200000e-002
113  1.000000e-002
114  8.000000e-003
115  7.000000e-003
116  6.000000e-003
117  5.000000e-003
118  4.000000e-003
119  3.000000e-003
120  3.000000e-003
121  2.000000e-003
122  1.200000e-002
123  2.600000e-002
124  3.900000e-002
125  3.300000e-002
126  2.700000e-002
127  2.300000e-002
128  1.800000e-002
129  1.500000e-002
130  1.200000e-002
131  1.000000e-002
132  8.000000e-003
133  7.000000e-003
134  5.000000e-003
135  5.000000e-003
136  4.000000e-003
137  3.000000e-003
138  3.000000e-003
139  2.000000e-003
140  2.000000e-003
141  1.000000e-003
142  1.000000e-003
143  1.000000e-003
144  1.000000e-003
