   1 
1  1.810000e-001
2  2.080000e-001
3  2.610000e-001
4  2.910000e-001
5  2.820000e-001
6  2.500000e-001
7  2.360000e-001
8  2.160000e-001
9  1.920000e-001
10  1.820000e-001
11  1.610000e-001
12  1.530000e-001
13  1.400000e-001
14  1.170000e-001
15  1.360000e-001
16  2.400000e-001
17  2.690000e-001
18  2.500000e-001
19  2.370000e-001
20  2.170000e-001
21  1.920000e-001
22  1.820000e-001
23  1.620000e-001
24  1.850000e-001
25  2.010000e-001
26  2.610000e-001
27  3.540000e-001
28  3.320000e-001
29  3.440000e-001
30  3.060000e-001
31  2.900000e-001
32  2.650000e-001
33  2.350000e-001
34  2.230000e-001
35  1.980000e-001
36  1.890000e-001
37  1.800000e-001
38  1.790000e-001
39  2.180000e-001
40  2.050000e-001
41  2.050000e-001
42  1.830000e-001
43  1.730000e-001
44  1.580000e-001
45  1.400000e-001
46  1.330000e-001
47  1.510000e-001
48  1.770000e-001
49  2.220000e-001
50  2.460000e-001
51  3.320000e-001
52  3.620000e-001
53  3.750000e-001
54  3.340000e-001
55  3.160000e-001
56  2.890000e-001
57  2.560000e-001
58  2.430000e-001
59  2.630000e-001
60  2.590000e-001
61  2.370000e-001
62  1.960000e-001
63  2.000000e-001
64  1.780000e-001
65  1.700000e-001
66  1.500000e-001
67  1.430000e-001
68  1.300000e-001
69  1.160000e-001
70  1.090000e-001
71  9.700000e-002
72  9.200000e-002
73  8.400000e-002
74  7.200000e-002
75  7.100000e-002
76  6.300000e-002
77  6.000000e-002
78  5.300000e-002
79  5.000000e-002
80  4.600000e-002
81  4.100000e-002
82  3.900000e-002
83  3.400000e-002
84  3.200000e-002
85  3.000000e-002
86  5.100000e-002
87  9.300000e-002
88  8.400000e-002
89  8.100000e-002
90  7.400000e-002
91  1.160000e-001
92  1.140000e-001
93  1.010000e-001
94  9.500000e-002
95  8.500000e-002
96  8.000000e-002
97  7.300000e-002
98  1.060000e-001
99  1.900000e-001
100  2.010000e-001
101  2.020000e-001
102  1.790000e-001
103  1.700000e-001
104  1.550000e-001
105  1.380000e-001
106  1.300000e-001
107  1.160000e-001
108  1.100000e-001
109  1.000000e-001
110  8.300000e-002
111  8.500000e-002
112  7.500000e-002
113  7.100000e-002
114  6.300000e-002
115  6.000000e-002
116  5.500000e-002
117  4.800000e-002
118  4.600000e-002
119  4.100000e-002
120  3.900000e-002
121  3.500000e-002
122  4.300000e-002
123  6.300000e-002
124  7.900000e-002
125  7.500000e-002
126  6.700000e-002
127  6.300000e-002
128  5.800000e-002
129  5.100000e-002
130  4.800000e-002
131  4.300000e-002
132  4.100000e-002
133  3.700000e-002
134  3.100000e-002
135  3.200000e-002
136  2.800000e-002
137  2.600000e-002
138  2.300000e-002
139  2.200000e-002
140  2.000000e-002
141  1.800000e-002
142  1.700000e-002
143  1.500000e-002
144  1.400000e-002
   2 
1  8.300000e-002
2  1.030000e-001
3  1.580000e-001
4  1.560000e-001
5  1.440000e-001
6  1.230000e-001
7  1.130000e-001
8  9.900000e-002
9  8.500000e-002
10  7.800000e-002
11  6.700000e-002
12  6.100000e-002
13  5.400000e-002
14  4.300000e-002
15  4.400000e-002
16  9.600000e-002
17  1.040000e-001
18  9.000000e-002
19  8.200000e-002
20  7.200000e-002
21  6.200000e-002
22  5.700000e-002
23  4.800000e-002
24  5.300000e-002
25  6.100000e-002
26  1.350000e-001
27  2.210000e-001
28  2.020000e-001
29  1.990000e-001
30  1.700000e-001
31  1.560000e-001
32  1.370000e-001
33  1.180000e-001
34  1.070000e-001
35  9.200000e-002
36  8.400000e-002
37  7.400000e-002
38  6.000000e-002
39  6.100000e-002
40  5.200000e-002
41  4.800000e-002
42  4.100000e-002
43  3.700000e-002
44  3.300000e-002
45  2.800000e-002
46  2.600000e-002
47  3.000000e-002
48  2.700000e-002
49  2.700000e-002
50  8.000000e-002
51  1.510000e-001
52  1.840000e-001
53  1.690000e-001
54  1.450000e-001
55  1.320000e-001
56  1.170000e-001
57  1.000000e-001
58  9.100000e-002
59  7.800000e-002
60  7.100000e-002
61  6.300000e-002
62  5.100000e-002
63  5.000000e-002
64  4.300000e-002
65  3.900000e-002
66  3.300000e-002
67  3.000000e-002
68  2.700000e-002
69  2.300000e-002
70  2.100000e-002
71  1.800000e-002
72  1.600000e-002
73  1.500000e-002
74  1.200000e-002
75  1.100000e-002
76  1.000000e-002
77  9.000000e-003
78  8.000000e-003
79  7.000000e-003
80  6.000000e-003
81  5.000000e-003
82  5.000000e-003
83  4.000000e-003
84  4.000000e-003
85  3.000000e-003
86  3.400000e-002
87  7.700000e-002
88  6.600000e-002
89  6.000000e-002
90  5.200000e-002
91  5.000000e-002
92  4.500000e-002
93  3.800000e-002
94  3.500000e-002
95  3.000000e-002
96  2.800000e-002
97  2.400000e-002
98  4.200000e-002
99  9.600000e-002
100  8.900000e-002
101  8.100000e-002
102  6.900000e-002
103  6.300000e-002
104  5.600000e-002
105  4.800000e-002
106  4.400000e-002
107  3.700000e-002
108  3.400000e-002
109  3.000000e-002
110  2.400000e-002
111  2.400000e-002
112  2.000000e-002
113  1.900000e-002
114  1.600000e-002
115  1.500000e-002
116  1.300000e-002
117  1.100000e-002
118  1.000000e-002
119  9.000000e-003
120  8.000000e-003
121  7.000000e-003
122  7.000000e-003
123  1.700000e-002
124  4.200000e-002
125  3.800000e-002
126  3.300000e-002
127  3.000000e-002
128  2.600000e-002
129  2.300000e-002
130  2.100000e-002
131  1.800000e-002
132  1.600000e-002
133  1.400000e-002
134  1.100000e-002
135  1.100000e-002
136  1.000000e-002
137  9.000000e-003
138  8.000000e-003
139  7.000000e-003
140  6.000000e-003
141  5.000000e-003
142  5.000000e-003
143  4.000000e-003
144  4.000000e-003
   3 
1  9.000000e-002
2  1.820000e-001
3  2.780000e-001
4  3.440000e-001
5  2.890000e-001
6  2.180000e-001
7  1.760000e-001
8  1.370000e-001
9  1.030000e-001
10  8.300000e-002
11  6.300000e-002
12  5.100000e-002
13  4.000000e-002
14  2.800000e-002
15  6.000000e-002
16  3.150000e-001
17  3.470000e-001
18  2.870000e-001
19  2.320000e-001
20  1.800000e-001
21  1.360000e-001
22  1.100000e-001
23  8.300000e-002
24  1.380000e-001
25  1.780000e-001
26  3.480000e-001
27  5.240000e-001
28  4.390000e-001
29  4.080000e-001
30  3.090000e-001
31  2.490000e-001
32  1.940000e-001
33  1.460000e-001
34  1.180000e-001
35  8.900000e-002
36  7.200000e-002
37  6.800000e-002
38  1.000000e-001
39  1.450000e-001
40  1.210000e-001
41  1.010000e-001
42  7.600000e-002
43  6.200000e-002
44  4.800000e-002
45  3.600000e-002
46  2.900000e-002
47  8.900000e-002
48  1.070000e-001
49  1.790000e-001
50  2.710000e-001
51  4.380000e-001
52  4.820000e-001
53  4.360000e-001
54  3.300000e-001
55  2.660000e-001
56  2.070000e-001
57  1.560000e-001
58  1.260000e-001
59  1.970000e-001
60  1.780000e-001
61  1.380000e-001
62  9.800000e-002
63  8.600000e-002
64  6.500000e-002
65  5.200000e-002
66  3.900000e-002
67  3.200000e-002
68  2.500000e-002
69  1.900000e-002
70  1.500000e-002
71  1.100000e-002
72  9.000000e-003
73  7.000000e-003
74  5.000000e-003
75  4.000000e-003
76  3.000000e-003
77  3.000000e-003
78  2.000000e-003
79  2.000000e-003
80  1.000000e-003
81  1.000000e-003
82  1.000000e-003
83  1.000000e-003
84  0.000000e+000
85  0.000000e+000
86  7.100000e-002
87  1.570000e-001
88  1.180000e-001
89  9.600000e-002
90  7.200000e-002
91  1.560000e-001
92  1.360000e-001
93  1.030000e-001
94  8.300000e-002
95  6.300000e-002
96  5.100000e-002
97  3.900000e-002
98  1.270000e-001
99  2.810000e-001
100  2.680000e-001
101  2.410000e-001
102  1.820000e-001
103  1.470000e-001
104  1.140000e-001
105  8.600000e-002
106  6.900000e-002
107  5.200000e-002
108  4.200000e-002
109  3.300000e-002
110  2.300000e-002
111  2.000000e-002
112  1.500000e-002
113  1.200000e-002
114  9.000000e-003
115  8.000000e-003
116  6.000000e-003
117  4.000000e-003
118  4.000000e-003
119  3.000000e-003
120  2.000000e-003
121  2.000000e-003
122  2.900000e-002
123  7.000000e-002
124  1.120000e-001
125  9.000000e-002
126  6.800000e-002
127  5.500000e-002
128  4.300000e-002
129  3.200000e-002
130  2.600000e-002
131  2.000000e-002
132  1.600000e-002
133  1.200000e-002
134  9.000000e-003
135  8.000000e-003
136  6.000000e-003
137  5.000000e-003
138  4.000000e-003
139  3.000000e-003
140  2.000000e-003
141  2.000000e-003
142  1.000000e-003
143  1.000000e-003
144  1.000000e-003
   4 
1  1.800000e-002
2  7.000000e-002
3  1.460000e-001
4  1.080000e-001
5  8.500000e-002
6  6.200000e-002
7  4.900000e-002
8  3.700000e-002
9  2.700000e-002
10  2.100000e-002
11  1.600000e-002
12  1.200000e-002
13  9.000000e-003
14  7.000000e-003
15  6.000000e-003
16  4.000000e-003
17  3.000000e-003
18  2.000000e-003
19  2.000000e-003
20  1.000000e-003
21  1.000000e-003
22  1.000000e-003
23  1.000000e-003
24  0.000000e+000
25  1.300000e-002
26  5.400000e-002
27  1.050000e-001
28  7.700000e-002
29  6.100000e-002
30  4.500000e-002
31  3.500000e-002
32  2.700000e-002
33  2.000000e-002
34  1.500000e-002
35  1.100000e-002
36  9.000000e-003
37  7.000000e-003
38  5.000000e-003
39  4.000000e-003
40  3.000000e-003
41  2.000000e-003
42  2.000000e-003
43  1.000000e-003
44  1.000000e-003
45  1.000000e-003
46  1.000000e-003
47  0.000000e+000
48  0.000000e+000
49  4.000000e-003
50  8.400000e-002
51  1.350000e-001
52  4.800000e-001
53  3.990000e-001
54  2.930000e-001
55  2.310000e-001
56  1.750000e-001
57  1.290000e-001
58  1.010000e-001
59  7.400000e-002
60  5.900000e-002
61  4.400000e-002
62  3.100000e-002
63  2.600000e-002
64  1.900000e-002
65  1.500000e-002
66  1.100000e-002
67  9.000000e-003
68  7.000000e-003
69  5.000000e-003
70  4.000000e-003
71  3.000000e-003
72  2.000000e-003
73  2.000000e-003
74  1.000000e-003
75  1.000000e-003
76  1.000000e-003
77  1.000000e-003
78  0.000000e+000
79  0.000000e+000
80  0.000000e+000
81  0.000000e+000
82  0.000000e+000
83  0.000000e+000
84  0.000000e+000
85  0.000000e+000
86  3.000000e-002
87  6.300000e-002
88  4.600000e-002
89  3.600000e-002
90  2.700000e-002
91  2.100000e-002
92  1.600000e-002
93  1.200000e-002
94  9.000000e-003
95  7.000000e-003
96  5.000000e-003
97  4.000000e-003
98  3.000000e-003
99  3.300000e-002
100  2.800000e-002
101  2.200000e-002
102  1.600000e-002
103  1.300000e-002
104  1.000000e-002
105  7.000000e-003
106  6.000000e-003
107  4.000000e-003
108  3.000000e-003
109  2.000000e-003
110  2.000000e-003
111  1.000000e-003
112  1.000000e-003
113  1.000000e-003
114  1.000000e-003
115  0.000000e+000
116  0.000000e+000
117  0.000000e+000
118  0.000000e+000
119  0.000000e+000
120  0.000000e+000
121  0.000000e+000
122  0.000000e+000
123  0.000000e+000
124  0.000000e+000
125  0.000000e+000
126  0.000000e+000
127  0.000000e+000
128  0.000000e+000
129  0.000000e+000
130  0.000000e+000
131  0.000000e+000
132  0.000000e+000
133  0.000000e+000
134  0.000000e+000
135  0.000000e+000
136  0.000000e+000
137  0.000000e+000
138  0.000000e+000
139  0.000000e+000
140  0.000000e+000
141  0.000000e+000
142  0.000000e+000
143  0.000000e+000
144  0.000000e+000
   5 
1  1.970000e-001
2  2.390000e-001
3  3.000000e-001
4  3.370000e-001
5  3.230000e-001
6  2.840000e-001
7  2.650000e-001
8  2.400000e-001
9  2.110000e-001
10  1.970000e-001
11  1.730000e-001
12  1.620000e-001
13  1.470000e-001
14  1.250000e-001
15  1.490000e-001
16  2.790000e-001
17  3.100000e-001
18  2.870000e-001
19  2.690000e-001
20  2.430000e-001
21  2.130000e-001
22  1.990000e-001
23  1.750000e-001
24  2.040000e-001
25  2.230000e-001
26  2.940000e-001
27  3.990000e-001
28  3.720000e-001
29  3.870000e-001
30  3.410000e-001
31  3.190000e-001
32  2.890000e-001
33  2.530000e-001
34  2.370000e-001
35  2.080000e-001
36  2.050000e-001
37  1.940000e-001
38  1.990000e-001
39  2.520000e-001
40  2.430000e-001
41  2.560000e-001
42  2.270000e-001
43  2.130000e-001
44  1.920000e-001
45  1.690000e-001
46  1.580000e-001
47  1.800000e-001
48  2.240000e-001
49  2.830000e-001
50  3.060000e-001
51  4.020000e-001
52  4.350000e-001
53  4.550000e-001
54  4.000000e-001
55  3.750000e-001
56  3.390000e-001
57  2.970000e-001
58  2.780000e-001
59  3.010000e-001
60  2.930000e-001
61  2.650000e-001
62  2.180000e-001
63  2.190000e-001
64  1.940000e-001
65  1.900000e-001
66  1.660000e-001
67  1.560000e-001
68  1.410000e-001
69  1.230000e-001
70  1.160000e-001
71  1.010000e-001
72  9.500000e-002
73  8.600000e-002
74  7.300000e-002
75  7.400000e-002
76  7.100000e-002
77  6.900000e-002
78  6.000000e-002
79  5.700000e-002
80  5.100000e-002
81  4.500000e-002
82  4.200000e-002
83  3.700000e-002
84  3.500000e-002
85  3.100000e-002
86  5.600000e-002
87  1.080000e-001
88  9.900000e-002
89  1.000000e-001
90  9.700000e-002
91  1.450000e-001
92  1.410000e-001
93  1.230000e-001
94  1.150000e-001
95  1.010000e-001
96  9.500000e-002
97  8.600000e-002
98  1.290000e-001
99  2.370000e-001
100  2.520000e-001
101  2.510000e-001
102  2.240000e-001
103  2.090000e-001
104  1.890000e-001
105  1.660000e-001
106  1.560000e-001
107  1.360000e-001
108  1.280000e-001
109  1.190000e-001
110  9.900000e-002
111  9.900000e-002
112  8.700000e-002
113  8.200000e-002
114  7.200000e-002
115  6.700000e-002
116  6.100000e-002
117  5.300000e-002
118  5.000000e-002
119  4.400000e-002
120  4.100000e-002
121  3.700000e-002
122  4.800000e-002
123  7.100000e-002
124  8.900000e-002
125  8.300000e-002
126  7.300000e-002
127  6.800000e-002
128  6.200000e-002
129  5.400000e-002
130  5.100000e-002
131  4.500000e-002
132  4.300000e-002
133  4.200000e-002
134  3.400000e-002
135  3.500000e-002
136  3.000000e-002
137  2.800000e-002
138  2.500000e-002
139  2.300000e-002
140  2.100000e-002
141  1.800000e-002
142  1.700000e-002
143  1.500000e-002
144  1.400000e-002
   6 
1  1.440000e-001
2  2.470000e-001
3  3.320000e-001
4  3.990000e-001
5  3.520000e-001
6  2.790000e-001
7  2.370000e-001
8  1.940000e-001
9  1.540000e-001
10  1.310000e-001
11  1.040000e-001
12  8.800000e-002
13  7.300000e-002
14  6.000000e-002
15  9.500000e-002
16  3.460000e-001
17  3.830000e-001
18  3.310000e-001
19  2.810000e-001
20  2.300000e-001
21  1.820000e-001
22  1.550000e-001
23  1.230000e-001
24  1.780000e-001
25  2.150000e-001
26  3.630000e-001
27  5.310000e-001
28  4.620000e-001
29  4.590000e-001
30  3.680000e-001
31  3.120000e-001
32  2.560000e-001
33  2.030000e-001
34  1.720000e-001
35  1.370000e-001
36  1.270000e-001
37  1.200000e-001
38  1.600000e-001
39  2.350000e-001
40  2.190000e-001
41  2.210000e-001
42  1.780000e-001
43  1.510000e-001
44  1.240000e-001
45  9.800000e-002
46  8.300000e-002
47  1.430000e-001
48  2.110000e-001
49  3.160000e-001
50  3.720000e-001
51  5.190000e-001
52  5.610000e-001
53  5.560000e-001
54  4.440000e-001
55  3.770000e-001
56  3.080000e-001
57  2.450000e-001
58  2.080000e-001
59  2.720000e-001
60  2.510000e-001
61  2.060000e-001
62  1.530000e-001
63  1.400000e-001
64  1.140000e-001
65  1.050000e-001
66  8.300000e-002
67  7.100000e-002
68  5.800000e-002
69  4.600000e-002
70  3.900000e-002
71  3.100000e-002
72  2.600000e-002
73  2.200000e-002
74  1.700000e-002
75  1.700000e-002
76  1.700000e-002
77  1.600000e-002
78  1.200000e-002
79  1.100000e-002
80  9.000000e-003
81  7.000000e-003
82  6.000000e-003
83  5.000000e-003
84  4.000000e-003
85  3.000000e-003
86  6.100000e-002
87  1.480000e-001
88  1.220000e-001
89  1.120000e-001
90  9.900000e-002
91  1.860000e-001
92  1.690000e-001
93  1.340000e-001
94  1.140000e-001
95  9.000000e-002
96  7.700000e-002
97  6.300000e-002
98  1.520000e-001
99  3.300000e-001
100  3.370000e-001
101  3.130000e-001
102  2.510000e-001
103  2.130000e-001
104  1.740000e-001
105  1.390000e-001
106  1.180000e-001
107  9.300000e-002
108  7.900000e-002
109  6.700000e-002
110  5.100000e-002
111  4.600000e-002
112  3.700000e-002
113  3.100000e-002
114  2.500000e-002
115  2.100000e-002
116  1.700000e-002
117  1.400000e-002
118  1.200000e-002
119  9.000000e-003
120  8.000000e-003
121  6.000000e-003
122  3.500000e-002
123  7.700000e-002
124  1.110000e-001
125  9.400000e-002
126  7.500000e-002
127  6.300000e-002
128  5.200000e-002
129  4.100000e-002
130  3.500000e-002
131  2.800000e-002
132  2.400000e-002
133  2.200000e-002
134  1.600000e-002
135  1.500000e-002
136  1.200000e-002
137  1.000000e-002
138  8.000000e-003
139  7.000000e-003
140  6.000000e-003
141  4.000000e-003
142  4.000000e-003
143  3.000000e-003
144  3.000000e-003
