   1 
1  1.720000e+000
2  1.436000e+000
3  1.640000e+000
4  2.651000e+000
5  2.608000e+000
6  2.312000e+000
7  2.190000e+000
8  2.004000e+000
9  1.777000e+000
10  1.682000e+000
11  1.492000e+000
12  1.413000e+000
13  1.293000e+000
14  1.074000e+000
15  1.463000e+000
16  2.922000e+000
17  2.840000e+000
18  2.518000e+000
19  2.385000e+000
20  2.182000e+000
21  1.935000e+000
22  1.832000e+000
23  1.625000e+000
24  1.539000e+000
25  1.408000e+000
26  1.210000e+000
27  1.248000e+000
28  1.844000e+000
29  3.642000e+000
30  3.694000e+000
31  3.498000e+000
32  3.201000e+000
33  2.839000e+000
34  2.688000e+000
35  2.384000e+000
36  2.257000e+000
37  2.079000e+000
38  1.759000e+000
39  1.818000e+000
40  1.808000e+000
41  3.307000e+000
42  3.511000e+000
43  3.324000e+000
44  3.042000e+000
45  2.698000e+000
46  2.554000e+000
47  2.283000e+000
48  2.213000e+000
49  2.917000e+000
50  2.619000e+000
51  4.660000e+000
52  5.019000e+000
53  6.825000e+000
54  6.076000e+000
55  5.755000e+000
56  5.266000e+000
57  4.670000e+000
58  4.422000e+000
59  3.953000e+000
60  3.795000e+000
61  3.540000e+000
62  2.981000e+000
63  3.046000e+000
64  3.829000e+000
65  6.551000e+000
66  6.761000e+000
67  6.492000e+000
68  5.940000e+000
69  5.268000e+000
70  4.988000e+000
71  4.423000e+000
72  4.189000e+000
73  3.833000e+000
74  3.306000e+000
75  3.279000e+000
76  4.743000e+000
77  5.313000e+000
78  4.712000e+000
79  4.462000e+000
80  4.083000e+000
81  3.620000e+000
82  3.428000e+000
83  3.040000e+000
84  2.879000e+000
85  2.634000e+000
86  2.186000e+000
87  2.225000e+000
88  1.989000e+000
89  1.902000e+000
90  1.693000e+000
91  1.603000e+000
92  1.467000e+000
93  1.301000e+000
94  1.232000e+000
95  1.112000e+000
96  1.058000e+000
97  9.690000e-001
98  8.320000e-001
99  1.132000e+000
100  1.897000e+000
101  2.059000e+000
102  1.858000e+000
103  1.759000e+000
104  1.610000e+000
105  1.428000e+000
106  1.352000e+000
107  1.199000e+000
108  1.135000e+000
109  1.040000e+000
110  8.720000e-001
111  8.870000e-001
112  7.930000e-001
113  7.520000e-001
114  6.670000e-001
115  6.310000e-001
116  5.780000e-001
117  5.120000e-001
118  4.850000e-001
119  4.370000e-001
120  4.310000e-001
121  4.030000e-001
122  3.770000e-001
123  4.320000e-001
124  4.180000e-001
125  3.990000e-001
126  3.540000e-001
127  3.350000e-001
128  3.070000e-001
129  2.720000e-001
130  2.580000e-001
131  2.280000e-001
132  2.170000e-001
133  2.100000e-001
134  2.520000e-001
135  3.040000e-001
136  2.800000e-001
137  2.690000e-001
138  2.390000e-001
139  2.260000e-001
140  2.070000e-001
141  1.830000e-001
142  1.740000e-001
143  1.540000e-001
144  1.460000e-001
   2 
1  2.479000e+000
2  1.988000e+000
3  3.089000e+000
4  5.526000e+000
5  5.282000e+000
6  4.521000e+000
7  4.131000e+000
8  3.646000e+000
9  3.121000e+000
10  2.852000e+000
11  2.441000e+000
12  2.231000e+000
13  1.969000e+000
14  1.580000e+000
15  2.449000e+000
16  5.883000e+000
17  5.521000e+000
18  4.725000e+000
19  4.319000e+000
20  3.812000e+000
21  3.262000e+000
22  2.981000e+000
23  2.551000e+000
24  2.332000e+000
25  2.058000e+000
26  1.708000e+000
27  1.833000e+000
28  5.015000e+000
29  7.972000e+000
30  7.579000e+000
31  6.926000e+000
32  6.113000e+000
33  5.232000e+000
34  4.781000e+000
35  4.092000e+000
36  3.740000e+000
37  3.309000e+000
38  2.687000e+000
39  2.864000e+000
40  3.772000e+000
41  6.369000e+000
42  6.404000e+000
43  5.852000e+000
44  5.165000e+000
45  4.421000e+000
46  4.040000e+000
47  3.459000e+000
48  3.438000e+000
49  5.133000e+000
50  4.768000e+000
51  8.506000e+000
52  8.753000e+000
53  1.209400e+001
54  1.043100e+001
55  9.534000e+000
56  8.415000e+000
57  7.202000e+000
58  6.582000e+000
59  5.671000e+000
60  5.243000e+000
61  4.710000e+000
62  4.159000e+000
63  4.181000e+000
64  6.560000e+000
65  1.147100e+001
66  1.181500e+001
67  1.097900e+001
68  9.690000e+000
69  8.293000e+000
70  7.579000e+000
71  6.487000e+000
72  5.928000e+000
73  5.232000e+000
74  4.352000e+000
75  4.144000e+000
76  7.522000e+000
77  8.477000e+000
78  7.255000e+000
79  6.630000e+000
80  5.852000e+000
81  5.008000e+000
82  4.577000e+000
83  3.917000e+000
84  3.580000e+000
85  3.160000e+000
86  2.534000e+000
87  2.491000e+000
88  2.145000e+000
89  1.963000e+000
90  1.680000e+000
91  1.535000e+000
92  1.355000e+000
93  1.160000e+000
94  1.060000e+000
95  9.070000e-001
96  8.290000e-001
97  7.320000e-001
98  6.210000e-001
99  2.256000e+000
100  4.807000e+000
101  5.017000e+000
102  4.333000e+000
103  3.960000e+000
104  3.495000e+000
105  2.991000e+000
106  2.734000e+000
107  2.340000e+000
108  2.138000e+000
109  1.889000e+000
110  1.525000e+000
111  1.500000e+000
112  1.284000e+000
113  1.173000e+000
114  1.004000e+000
115  9.180000e-001
116  8.100000e-001
117  6.930000e-001
118  6.330000e-001
119  5.440000e-001
120  5.140000e-001
121  4.580000e-001
122  3.950000e-001
123  7.560000e-001
124  1.771000e+000
125  1.624000e+000
126  1.390000e+000
127  1.270000e+000
128  1.121000e+000
129  9.590000e-001
130  8.770000e-001
131  7.500000e-001
132  6.860000e-001
133  6.210000e-001
134  5.940000e-001
135  6.380000e-001
136  5.530000e-001
137  5.080000e-001
138  4.340000e-001
139  3.970000e-001
140  3.500000e-001
141  3.000000e-001
142  2.740000e-001
143  2.350000e-001
144  2.140000e-001
   3 
1  8.410000e-001
2  6.090000e-001
3  1.513000e+000
4  4.981000e+000
5  4.270000e+000
6  3.225000e+000
7  2.601000e+000
8  2.022000e+000
9  1.527000e+000
10  1.232000e+000
11  9.300000e-001
12  7.510000e-001
13  5.830000e-001
14  4.160000e-001
15  1.639000e+000
16  6.439000e+000
17  5.399000e+000
18  4.078000e+000
19  3.289000e+000
20  2.557000e+000
21  1.931000e+000
22  1.558000e+000
23  1.177000e+000
24  9.490000e-001
25  7.380000e-001
26  5.440000e-001
27  7.000000e-001
28  3.957000e+000
29  8.689000e+000
30  7.791000e+000
31  6.285000e+000
32  4.886000e+000
33  3.690000e+000
34  2.977000e+000
35  2.248000e+000
36  1.814000e+000
37  1.442000e+000
38  1.103000e+000
39  1.032000e+000
40  1.977000e+000
41  6.372000e+000
42  6.353000e+000
43  5.125000e+000
44  3.984000e+000
45  3.009000e+000
46  2.427000e+000
47  1.867000e+000
48  1.665000e+000
49  4.307000e+000
50  3.637000e+000
51  9.200000e+000
52  9.368000e+000
53  1.366800e+001
54  1.037500e+001
55  8.372000e+000
56  6.508000e+000
57  4.915000e+000
58  3.965000e+000
59  3.079000e+000
60  2.614000e+000
61  2.206000e+000
62  1.676000e+000
63  1.485000e+000
64  5.227000e+000
65  1.283900e+001
66  1.262600e+001
67  1.044100e+001
68  8.117000e+000
69  6.130000e+000
70  4.945000e+000
71  3.735000e+000
72  3.013000e+000
73  2.342000e+000
74  1.756000e+000
75  1.543000e+000
76  6.996000e+000
77  7.980000e+000
78  6.027000e+000
79  4.862000e+000
80  3.780000e+000
81  2.854000e+000
82  2.303000e+000
83  1.739000e+000
84  1.403000e+000
85  1.091000e+000
86  7.750000e-001
87  6.750000e-001
88  5.430000e-001
89  4.560000e-001
90  3.490000e-001
91  2.810000e-001
92  2.190000e-001
93  1.650000e-001
94  1.330000e-001
95  1.330000e-001
96  1.150000e-001
97  8.900000e-002
98  1.340000e-001
99  1.614000e+000
100  4.517000e+000
101  4.499000e+000
102  3.486000e+000
103  2.812000e+000
104  2.186000e+000
105  1.651000e+000
106  1.332000e+000
107  1.006000e+000
108  8.110000e-001
109  6.340000e-001
110  4.730000e-001
111  4.120000e-001
112  3.270000e-001
113  2.650000e-001
114  2.000000e-001
115  1.610000e-001
116  1.250000e-001
117  9.500000e-002
118  7.600000e-002
119  6.900000e-002
120  9.700000e-002
121  9.300000e-002
122  1.390000e-001
123  3.210000e-001
124  4.610000e-001
125  3.820000e-001
126  2.880000e-001
127  2.330000e-001
128  1.810000e-001
129  1.370000e-001
130  1.100000e-001
131  8.300000e-002
132  6.800000e-002
133  8.200000e-002
134  2.650000e-001
135  3.460000e-001
136  2.850000e-001
137  2.390000e-001
138  1.800000e-001
139  1.450000e-001
140  1.130000e-001
141  8.500000e-002
142  6.900000e-002
143  5.200000e-002
144  4.200000e-002
   4 
1  1.492000e+000
2  1.034000e+000
3  5.524000e+000
4  1.232500e+001
5  1.094500e+001
6  8.056000e+000
7  6.334000e+000
8  4.797000e+000
9  3.531000e+000
10  2.777000e+000
11  2.044000e+000
12  1.607000e+000
13  1.217000e+000
14  8.450000e-001
15  3.597000e+000
16  1.252600e+001
17  1.021700e+001
18  7.520000e+000
19  5.913000e+000
20  4.478000e+000
21  3.296000e+000
22  2.592000e+000
23  1.908000e+000
24  1.500000e+000
25  1.136000e+000
26  8.130000e-001
27  1.483000e+000
28  1.252300e+001
29  1.765800e+001
30  1.463000e+001
31  1.150300e+001
32  8.712000e+000
33  6.413000e+000
34  5.042000e+000
35  3.711000e+000
36  2.918000e+000
37  2.210000e+000
38  1.543000e+000
39  2.943000e+000
40  6.504000e+000
41  1.173000e+001
42  1.075000e+001
43  8.453000e+000
44  6.402000e+000
45  4.712000e+000
46  3.705000e+000
47  2.727000e+000
48  3.159000e+000
49  8.044000e+000
50  8.315000e+000
51  1.677700e+001
52  1.573800e+001
53  2.320400e+001
54  1.746400e+001
55  1.373100e+001
56  1.040000e+001
57  7.655000e+000
58  6.019000e+000
59  4.442000e+000
60  3.535000e+000
61  2.809000e+000
62  4.956000e+000
63  4.829000e+000
64  1.100500e+001
65  2.093300e+001
66  2.022700e+001
67  1.630000e+001
68  1.234500e+001
69  9.087000e+000
70  7.145000e+000
71  5.259000e+000
72  4.135000e+000
73  3.132000e+000
74  2.238000e+000
75  1.850000e+000
76  1.200000e+001
77  1.338900e+001
78  9.855000e+000
79  7.749000e+000
80  5.869000e+000
81  4.320000e+000
82  3.397000e+000
83  2.500000e+000
84  1.966000e+000
85  1.489000e+000
86  1.032000e+000
87  8.770000e-001
88  6.590000e-001
89  5.200000e-001
90  3.830000e-001
91  3.010000e-001
92  2.280000e-001
93  1.680000e-001
94  1.320000e-001
95  9.700000e-002
96  7.600000e-002
97  5.800000e-002
98  1.100000e-001
99  6.738000e+000
100  1.394900e+001
101  1.245300e+001
102  9.252000e+000
103  7.275000e+000
104  5.509000e+000
105  4.055000e+000
106  3.189000e+000
107  2.347000e+000
108  1.845000e+000
109  1.398000e+000
110  9.680000e-001
111  8.240000e-001
112  6.060000e-001
113  4.770000e-001
114  3.510000e-001
115  2.760000e-001
116  2.090000e-001
117  1.540000e-001
118  1.210000e-001
119  8.900000e-002
120  7.000000e-002
121  5.300000e-002
122  5.600000e-002
123  1.693000e+000
124  5.970000e+000
125  4.704000e+000
126  3.462000e+000
127  2.722000e+000
128  2.062000e+000
129  1.518000e+000
130  1.193000e+000
131  8.780000e-001
132  6.910000e-001
133  5.500000e-001
134  5.260000e-001
135  5.090000e-001
136  3.750000e-001
137  2.950000e-001
138  2.170000e-001
139  1.700000e-001
140  1.290000e-001
141  9.500000e-002
142  7.500000e-002
143  5.500000e-002
144  4.300000e-002
   5 
1  1.480000e+000
2  1.229000e+000
3  1.364000e+000
4  2.327000e+000
5  2.282000e+000
6  2.001000e+000
7  1.874000e+000
8  1.696000e+000
9  1.487000e+000
10  1.392000e+000
11  1.221000e+000
12  1.143000e+000
13  1.034000e+000
14  8.500000e-001
15  1.203000e+000
16  2.591000e+000
17  2.499000e+000
18  2.192000e+000
19  2.052000e+000
20  1.857000e+000
21  1.628000e+000
22  1.525000e+000
23  1.337000e+000
24  1.252000e+000
25  1.133000e+000
26  9.630000e-001
27  9.960000e-001
28  1.359000e+000
29  3.182000e+000
30  3.285000e+000
31  3.076000e+000
32  2.783000e+000
33  2.440000e+000
34  2.285000e+000
35  2.004000e+000
36  1.876000e+000
37  1.713000e+000
38  1.446000e+000
39  1.489000e+000
40  1.389000e+000
41  2.880000e+000
42  3.141000e+000
43  2.941000e+000
44  2.661000e+000
45  2.333000e+000
46  2.185000e+000
47  1.942000e+000
48  1.881000e+000
49  2.495000e+000
50  2.240000e+000
51  4.364000e+000
52  4.771000e+000
53  6.592000e+000
54  5.811000e+000
55  5.442000e+000
56  4.923000e+000
57  4.317000e+000
58  4.043000e+000
59  3.581000e+000
60  3.412000e+000
61  3.164000e+000
62  2.647000e+000
63  2.680000e+000
64  3.340000e+000
65  6.088000e+000
66  6.267000e+000
67  5.955000e+000
68  5.388000e+000
69  4.725000e+000
70  4.424000e+000
71  3.880000e+000
72  3.633000e+000
73  3.287000e+000
74  2.809000e+000
75  2.773000e+000
76  4.230000e+000
77  4.796000e+000
78  4.206000e+000
79  3.938000e+000
80  3.563000e+000
81  3.124000e+000
82  2.926000e+000
83  2.566000e+000
84  2.402000e+000
85  2.173000e+000
86  1.785000e+000
87  1.796000e+000
88  1.595000e+000
89  1.523000e+000
90  1.346000e+000
91  1.260000e+000
92  1.140000e+000
93  1.000000e+000
94  9.360000e-001
95  8.460000e-001
96  8.030000e-001
97  7.280000e-001
98  6.290000e-001
99  7.640000e-001
100  1.391000e+000
101  1.545000e+000
102  1.387000e+000
103  1.299000e+000
104  1.175000e+000
105  1.031000e+000
106  9.650000e-001
107  8.460000e-001
108  7.930000e-001
109  7.210000e-001
110  6.030000e-001
111  6.070000e-001
112  5.400000e-001
113  5.060000e-001
114  4.440000e-001
115  4.150000e-001
116  3.760000e-001
117  3.300000e-001
118  3.090000e-001
119  2.800000e-001
120  2.830000e-001
121  2.670000e-001
122  2.660000e-001
123  3.310000e-001
124  3.290000e-001
125  3.130000e-001
126  2.740000e-001
127  2.570000e-001
128  2.320000e-001
129  2.040000e-001
130  1.910000e-001
131  1.670000e-001
132  1.570000e-001
133  1.560000e-001
134  2.170000e-001
135  2.730000e-001
136  2.510000e-001
137  2.400000e-001
138  2.100000e-001
139  1.970000e-001
140  1.780000e-001
141  1.560000e-001
142  1.460000e-001
143  1.280000e-001
144  1.200000e-001
   6 
1  1.048000e+000
2  8.050000e-001
3  1.004000e+000
4  3.200000e+000
5  2.912000e+000
6  2.313000e+000
7  1.962000e+000
8  1.605000e+000
9  1.275000e+000
10  1.082000e+000
11  8.590000e-001
12  7.290000e-001
13  5.970000e-001
14  4.460000e-001
15  1.163000e+000
16  4.109000e+000
17  3.626000e+000
18  2.881000e+000
19  2.444000e+000
20  2.000000e+000
21  1.588000e+000
22  1.347000e+000
23  1.070000e+000
24  9.080000e-001
25  7.430000e-001
26  5.750000e-001
27  6.280000e-001
28  1.702000e+000
29  5.361000e+000
30  5.193000e+000
31  4.405000e+000
32  3.605000e+000
33  2.863000e+000
34  2.429000e+000
35  1.929000e+000
36  1.637000e+000
37  1.369000e+000
38  1.096000e+000
39  1.064000e+000
40  1.096000e+000
41  4.210000e+000
42  4.511000e+000
43  3.827000e+000
44  3.131000e+000
45  2.487000e+000
46  2.110000e+000
47  1.722000e+000
48  1.575000e+000
49  3.013000e+000
50  2.632000e+000
51  6.610000e+000
52  7.060000e+000
53  1.021600e+001
54  8.167000e+000
55  6.930000e+000
56  5.671000e+000
57  4.504000e+000
58  3.821000e+000
59  3.105000e+000
60  2.745000e+000
61  2.392000e+000
62  1.877000e+000
63  1.745000e+000
64  3.592000e+000
65  8.966000e+000
66  9.010000e+000
67  7.815000e+000
68  6.394000e+000
69  5.079000e+000
70  4.309000e+000
71  3.423000e+000
72  2.904000e+000
73  2.376000e+000
74  1.865000e+000
75  1.727000e+000
76  5.101000e+000
77  5.951000e+000
78  4.727000e+000
79  4.010000e+000
80  3.281000e+000
81  2.607000e+000
82  2.211000e+000
83  1.757000e+000
84  1.490000e+000
85  1.219000e+000
86  9.100000e-001
87  8.320000e-001
88  6.970000e-001
89  6.390000e-001
90  5.240000e-001
91  4.450000e-001
92  3.640000e-001
93  2.890000e-001
94  2.450000e-001
95  2.410000e-001
96  2.190000e-001
97  1.810000e-001
98  1.960000e-001
99  6.130000e-001
100  2.125000e+000
101  2.309000e+000
102  1.898000e+000
103  1.610000e+000
104  1.317000e+000
105  1.046000e+000
106  8.880000e-001
107  7.050000e-001
108  5.980000e-001
109  4.950000e-001
110  3.890000e-001
111  3.560000e-001
112  2.970000e-001
113  2.520000e-001
114  2.010000e-001
115  1.700000e-001
116  1.390000e-001
117  1.110000e-001
118  9.400000e-002
119  9.200000e-002
120  1.160000e-001
121  1.140000e-001
122  1.610000e-001
123  2.780000e-001
124  2.930000e-001
125  2.570000e-001
126  2.040000e-001
127  1.730000e-001
128  1.420000e-001
129  1.130000e-001
130  9.500000e-002
131  7.600000e-002
132  6.500000e-002
133  7.900000e-002
134  2.300000e-001
135  3.110000e-001
136  2.690000e-001
137  2.370000e-001
138  1.880000e-001
139  1.600000e-001
140  1.310000e-001
141  1.040000e-001
142  8.800000e-002
143  7.000000e-002
144  5.900000e-002
