   1 
1  2.180000e-001
2  2.410000e-001
3  2.910000e-001
4  3.270000e-001
5  3.420000e-001
6  3.030000e-001
7  2.870000e-001
8  2.630000e-001
9  2.330000e-001
10  2.210000e-001
11  1.960000e-001
12  1.860000e-001
13  1.960000e-001
14  2.100000e-001
15  3.140000e-001
16  5.720000e-001
17  7.000000e-001
18  6.360000e-001
19  6.020000e-001
20  5.510000e-001
21  4.890000e-001
22  4.630000e-001
23  4.100000e-001
24  4.080000e-001
25  3.970000e-001
26  4.020000e-001
27  4.640000e-001
28  4.480000e-001
29  4.870000e-001
30  4.400000e-001
31  4.170000e-001
32  3.820000e-001
33  3.390000e-001
34  3.210000e-001
35  2.840000e-001
36  2.790000e-001
37  2.590000e-001
38  2.670000e-001
39  3.150000e-001
40  2.950000e-001
41  3.340000e-001
42  3.190000e-001
43  3.030000e-001
44  2.770000e-001
45  2.460000e-001
46  2.330000e-001
47  2.450000e-001
48  7.790000e-001
49  2.379000e+000
50  2.158000e+000
51  2.381000e+000
52  2.549000e+000
53  2.470000e+000
54  2.193000e+000
55  2.076000e+000
56  1.900000e+000
57  1.685000e+000
58  1.595000e+000
59  1.459000e+000
60  1.414000e+000
61  1.319000e+000
62  1.107000e+000
63  1.128000e+000
64  1.021000e+000
65  9.910000e-001
66  8.800000e-001
67  8.330000e-001
68  7.620000e-001
69  6.760000e-001
70  6.400000e-001
71  5.680000e-001
72  5.370000e-001
73  4.920000e-001
74  4.420000e-001
75  4.470000e-001
76  4.350000e-001
77  4.480000e-001
78  4.050000e-001
79  3.830000e-001
80  3.510000e-001
81  3.110000e-001
82  2.940000e-001
83  2.610000e-001
84  2.470000e-001
85  2.260000e-001
86  2.060000e-001
87  2.330000e-001
88  2.110000e-001
89  2.070000e-001
90  1.970000e-001
91  2.180000e-001
92  2.050000e-001
93  1.820000e-001
94  1.720000e-001
95  1.690000e-001
96  1.610000e-001
97  1.540000e-001
98  1.830000e-001
99  2.590000e-001
100  2.560000e-001
101  2.580000e-001
102  2.480000e-001
103  2.350000e-001
104  2.150000e-001
105  1.900000e-001
106  1.800000e-001
107  1.600000e-001
108  1.510000e-001
109  1.520000e-001
110  1.310000e-001
111  1.340000e-001
112  1.180000e-001
113  1.120000e-001
114  9.900000e-002
115  9.400000e-002
116  8.600000e-002
117  7.600000e-002
118  7.200000e-002
119  6.500000e-002
120  6.100000e-002
121  5.600000e-002
122  6.000000e-002
123  7.700000e-002
124  9.100000e-002
125  9.500000e-002
126  8.500000e-002
127  8.100000e-002
128  7.400000e-002
129  6.500000e-002
130  6.200000e-002
131  5.900000e-002
132  5.700000e-002
133  5.800000e-002
134  4.800000e-002
135  5.600000e-002
136  5.800000e-002
137  5.500000e-002
138  4.900000e-002
139  4.600000e-002
140  4.200000e-002
141  3.700000e-002
142  3.500000e-002
143  3.100000e-002
144  3.500000e-002
   2 
1  3.430000e-001
2  3.200000e-001
3  3.580000e-001
4  3.710000e-001
5  3.680000e-001
6  3.150000e-001
7  2.880000e-001
8  2.540000e-001
9  2.170000e-001
10  1.990000e-001
11  1.700000e-001
12  1.550000e-001
13  1.570000e-001
14  1.690000e-001
15  6.750000e-001
16  2.936000e+000
17  3.177000e+000
18  2.737000e+000
19  2.502000e+000
20  2.208000e+000
21  1.890000e+000
22  1.727000e+000
23  1.478000e+000
24  1.367000e+000
25  1.227000e+000
26  1.095000e+000
27  1.122000e+000
28  9.940000e-001
29  9.670000e-001
30  8.320000e-001
31  7.600000e-001
32  6.710000e-001
33  5.740000e-001
34  5.250000e-001
35  4.490000e-001
36  4.100000e-001
37  3.660000e-001
38  3.540000e-001
39  3.940000e-001
40  3.540000e-001
41  3.760000e-001
42  3.340000e-001
43  3.050000e-001
44  2.690000e-001
45  2.300000e-001
46  2.110000e-001
47  2.330000e-001
48  1.758000e+000
49  4.671000e+000
50  4.026000e+000
51  4.557000e+000
52  4.962000e+000
53  4.555000e+000
54  3.899000e+000
55  3.563000e+000
56  3.145000e+000
57  2.691000e+000
58  2.460000e+000
59  2.148000e+000
60  1.989000e+000
61  1.780000e+000
62  1.436000e+000
63  1.412000e+000
64  1.223000e+000
65  1.137000e+000
66  9.730000e-001
67  8.890000e-001
68  7.850000e-001
69  6.720000e-001
70  6.140000e-001
71  5.250000e-001
72  4.800000e-001
73  4.240000e-001
74  3.730000e-001
75  3.600000e-001
76  3.260000e-001
77  3.130000e-001
78  2.720000e-001
79  2.490000e-001
80  2.200000e-001
81  1.880000e-001
82  1.720000e-001
83  1.470000e-001
84  1.340000e-001
85  1.190000e-001
86  1.190000e-001
87  1.350000e-001
88  1.160000e-001
89  1.060000e-001
90  9.100000e-002
91  8.600000e-002
92  7.700000e-002
93  6.600000e-002
94  6.000000e-002
95  5.100000e-002
96  4.700000e-002
97  4.900000e-002
98  1.050000e-001
99  1.930000e-001
100  1.940000e-001
101  1.860000e-001
102  1.630000e-001
103  1.490000e-001
104  1.310000e-001
105  1.120000e-001
106  1.030000e-001
107  8.800000e-002
108  8.000000e-002
109  7.100000e-002
110  5.700000e-002
111  5.600000e-002
112  4.800000e-002
113  4.400000e-002
114  3.700000e-002
115  3.400000e-002
116  3.000000e-002
117  2.600000e-002
118  2.400000e-002
119  2.000000e-002
120  1.800000e-002
121  1.600000e-002
122  2.400000e-002
123  3.900000e-002
124  5.200000e-002
125  4.800000e-002
126  4.100000e-002
127  3.700000e-002
128  3.300000e-002
129  2.800000e-002
130  2.600000e-002
131  2.200000e-002
132  2.100000e-002
133  2.300000e-002
134  1.800000e-002
135  1.800000e-002
136  1.500000e-002
137  1.400000e-002
138  1.200000e-002
139  1.100000e-002
140  1.000000e-002
141  8.000000e-003
142  8.000000e-003
143  6.000000e-003
144  6.000000e-003
   3 
1  1.020000e-001
2  2.210000e-001
3  3.020000e-001
4  3.880000e-001
5  3.830000e-001
6  2.890000e-001
7  2.330000e-001
8  1.810000e-001
9  1.370000e-001
10  1.100000e-001
11  8.300000e-002
12  6.700000e-002
13  1.050000e-001
14  1.890000e-001
15  6.240000e-001
16  2.465000e+000
17  2.555000e+000
18  1.966000e+000
19  1.586000e+000
20  1.233000e+000
21  9.310000e-001
22  7.510000e-001
23  5.670000e-001
24  5.050000e-001
25  4.520000e-001
26  4.940000e-001
27  5.870000e-001
28  5.250000e-001
29  5.680000e-001
30  4.390000e-001
31  3.540000e-001
32  2.750000e-001
33  2.080000e-001
34  1.680000e-001
35  1.270000e-001
36  1.100000e-001
37  9.500000e-002
38  2.020000e-001
39  2.830000e-001
40  2.510000e-001
41  3.350000e-001
42  3.020000e-001
43  2.440000e-001
44  1.900000e-001
45  1.430000e-001
46  1.160000e-001
47  1.740000e-001
48  2.027000e+000
49  6.546000e+000
50  5.131000e+000
51  5.164000e+000
52  5.318000e+000
53  4.400000e+000
54  3.327000e+000
55  2.684000e+000
56  2.086000e+000
57  1.576000e+000
58  1.271000e+000
59  1.075000e+000
60  9.460000e-001
61  7.990000e-001
62  5.970000e-001
63  5.230000e-001
64  4.350000e-001
65  4.010000e-001
66  3.030000e-001
67  2.440000e-001
68  1.900000e-001
69  1.440000e-001
70  1.160000e-001
71  8.700000e-002
72  7.100000e-002
73  5.500000e-002
74  9.000000e-002
75  1.040000e-001
76  1.690000e-001
77  2.140000e-001
78  1.780000e-001
79  1.440000e-001
80  1.120000e-001
81  8.400000e-002
82  6.800000e-002
83  5.100000e-002
84  4.100000e-002
85  3.200000e-002
86  7.200000e-002
87  1.130000e-001
88  9.400000e-002
89  8.800000e-002
90  8.500000e-002
91  1.390000e-001
92  1.190000e-001
93  9.000000e-002
94  7.200000e-002
95  7.300000e-002
96  6.000000e-002
97  6.500000e-002
98  1.860000e-001
99  3.500000e-001
100  3.220000e-001
101  2.910000e-001
102  2.560000e-001
103  2.060000e-001
104  1.610000e-001
105  1.210000e-001
106  9.800000e-002
107  7.400000e-002
108  6.000000e-002
109  6.000000e-002
110  4.700000e-002
111  4.100000e-002
112  3.100000e-002
113  2.500000e-002
114  1.900000e-002
115  1.500000e-002
116  1.200000e-002
117  9.000000e-003
118  7.000000e-003
119  5.000000e-003
120  4.000000e-003
121  3.000000e-003
122  3.300000e-002
123  6.700000e-002
124  8.900000e-002
125  8.000000e-002
126  6.200000e-002
127  5.000000e-002
128  3.900000e-002
129  2.900000e-002
130  2.400000e-002
131  1.800000e-002
132  1.800000e-002
133  2.800000e-002
134  2.000000e-002
135  2.000000e-002
136  1.900000e-002
137  1.500000e-002
138  1.200000e-002
139  9.000000e-003
140  7.000000e-003
141  5.000000e-003
142  4.000000e-003
143  3.000000e-003
144  4.000000e-003
   4 
1  3.780000e-001
2  2.970000e-001
3  2.990000e-001
4  2.924000e+000
5  2.517000e+000
6  1.853000e+000
7  1.457000e+000
8  1.103000e+000
9  8.120000e-001
10  6.390000e-001
11  4.700000e-001
12  3.700000e-001
13  2.800000e-001
14  2.100000e-001
15  2.010000e+000
16  9.258000e+000
17  8.623000e+000
18  6.351000e+000
19  4.993000e+000
20  3.782000e+000
21  2.784000e+000
22  2.189000e+000
23  1.611000e+000
24  1.267000e+000
25  9.810000e-001
26  1.333000e+000
27  4.972000e+000
28  4.144000e+000
29  4.138000e+000
30  3.071000e+000
31  2.415000e+000
32  1.829000e+000
33  1.346000e+000
34  1.058000e+000
35  7.790000e-001
36  6.130000e-001
37  4.640000e-001
38  3.530000e-001
39  3.440000e-001
40  2.680000e-001
41  1.022000e+000
42  8.210000e-001
43  6.450000e-001
44  4.890000e-001
45  3.600000e-001
46  2.830000e-001
47  3.590000e-001
48  5.040000e+000
49  1.130200e+001
50  8.723000e+000
51  9.600000e+000
52  9.874000e+000
53  7.763000e+000
54  5.714000e+000
55  4.493000e+000
56  3.403000e+000
57  2.505000e+000
58  1.969000e+000
59  1.461000e+000
60  1.151000e+000
61  8.710000e-001
62  6.040000e-001
63  5.130000e-001
64  3.800000e-001
65  3.040000e-001
66  2.240000e-001
67  1.760000e-001
68  1.330000e-001
69  9.800000e-002
70  7.700000e-002
71  5.700000e-002
72  4.500000e-002
73  3.400000e-002
74  2.400000e-002
75  2.000000e-002
76  1.500000e-002
77  1.100000e-002
78  8.000000e-003
79  7.000000e-003
80  5.000000e-003
81  4.000000e-003
82  3.000000e-003
83  2.000000e-003
84  2.000000e-003
85  1.000000e-003
86  1.700000e-002
87  3.400000e-002
88  2.500000e-002
89  2.000000e-002
90  1.500000e-002
91  1.200000e-002
92  9.000000e-003
93  6.000000e-003
94  5.000000e-003
95  4.000000e-003
96  3.000000e-003
97  2.000000e-003
98  1.090000e-001
99  1.524000e+000
100  2.741000e+000
101  2.168000e+000
102  1.596000e+000
103  1.255000e+000
104  9.500000e-001
105  7.000000e-001
106  5.500000e-001
107  4.050000e-001
108  3.180000e-001
109  2.410000e-001
110  1.670000e-001
111  1.420000e-001
112  1.050000e-001
113  8.200000e-002
114  6.100000e-002
115  4.800000e-002
116  3.600000e-002
117  2.700000e-002
118  2.100000e-002
119  1.500000e-002
120  1.200000e-002
121  9.000000e-003
122  7.000000e-003
123  1.900000e-002
124  5.000000e-002
125  3.900000e-002
126  2.900000e-002
127  2.300000e-002
128  1.700000e-002
129  1.300000e-002
130  1.000000e-002
131  7.000000e-003
132  6.000000e-003
133  4.000000e-003
134  3.000000e-003
135  3.000000e-003
136  2.000000e-003
137  1.000000e-003
138  1.000000e-003
139  1.000000e-003
140  1.000000e-003
141  0.000000e+000
142  0.000000e+000
143  0.000000e+000
144  0.000000e+000
   5 
1  1.750000e-001
2  2.120000e-001
3  2.660000e-001
4  3.160000e-001
5  3.370000e-001
6  2.970000e-001
7  2.780000e-001
8  2.520000e-001
9  2.210000e-001
10  2.070000e-001
11  1.810000e-001
12  1.720000e-001
13  1.870000e-001
14  2.100000e-001
15  3.320000e-001
16  4.250000e-001
17  4.510000e-001
18  4.140000e-001
19  3.880000e-001
20  3.510000e-001
21  3.080000e-001
22  2.880000e-001
23  2.530000e-001
24  2.600000e-001
25  2.630000e-001
26  2.920000e-001
27  3.630000e-001
28  3.640000e-001
29  4.160000e-001
30  3.790000e-001
31  3.570000e-001
32  3.230000e-001
33  2.830000e-001
34  2.650000e-001
35  2.330000e-001
36  2.300000e-001
37  2.130000e-001
38  2.350000e-001
39  2.870000e-001
40  2.710000e-001
41  3.170000e-001
42  3.070000e-001
43  2.880000e-001
44  2.610000e-001
45  2.290000e-001
46  2.140000e-001
47  2.360000e-001
48  7.020000e-001
49  2.289000e+000
50  2.078000e+000
51  2.260000e+000
52  2.371000e+000
53  2.294000e+000
54  2.016000e+000
55  1.887000e+000
56  1.707000e+000
57  1.497000e+000
58  1.402000e+000
59  1.280000e+000
60  1.237000e+000
61  1.147000e+000
62  9.560000e-001
63  9.640000e-001
64  8.750000e-001
65  8.510000e-001
66  7.480000e-001
67  7.000000e-001
68  6.340000e-001
69  5.560000e-001
70  5.200000e-001
71  4.560000e-001
72  4.270000e-001
73  3.860000e-001
74  3.510000e-001
75  3.590000e-001
76  3.630000e-001
77  3.840000e-001
78  3.460000e-001
79  3.240000e-001
80  2.930000e-001
81  2.570000e-001
82  2.410000e-001
83  2.110000e-001
84  1.980000e-001
85  1.790000e-001
86  1.670000e-001
87  1.960000e-001
88  1.770000e-001
89  1.770000e-001
90  1.730000e-001
91  2.010000e-001
92  1.890000e-001
93  1.660000e-001
94  1.550000e-001
95  1.570000e-001
96  1.490000e-001
97  1.430000e-001
98  1.800000e-001
99  2.650000e-001
100  2.640000e-001
101  2.700000e-001
102  2.620000e-001
103  2.450000e-001
104  2.220000e-001
105  1.950000e-001
106  1.820000e-001
107  1.600000e-001
108  1.500000e-001
109  1.580000e-001
110  1.400000e-001
111  1.410000e-001
112  1.240000e-001
113  1.160000e-001
114  1.020000e-001
115  9.500000e-002
116  8.600000e-002
117  7.600000e-002
118  7.100000e-002
119  6.600000e-002
120  6.200000e-002
121  5.700000e-002
122  6.200000e-002
123  8.200000e-002
124  1.030000e-001
125  1.090000e-001
126  9.700000e-002
127  9.100000e-002
128  8.200000e-002
129  7.200000e-002
130  6.800000e-002
131  6.700000e-002
132  6.400000e-002
133  6.400000e-002
134  5.300000e-002
135  6.500000e-002
136  6.800000e-002
137  6.400000e-002
138  5.600000e-002
139  5.300000e-002
140  4.800000e-002
141  4.200000e-002
142  3.900000e-002
143  3.400000e-002
144  4.300000e-002
   6 
1  1.420000e-001
2  2.380000e-001
3  3.160000e-001
4  4.060000e-001
5  4.160000e-001
6  3.320000e-001
7  2.820000e-001
8  2.300000e-001
9  1.830000e-001
10  1.550000e-001
11  1.230000e-001
12  1.080000e-001
13  1.480000e-001
14  2.150000e-001
15  4.190000e-001
16  6.870000e-001
17  8.140000e-001
18  6.800000e-001
19  5.770000e-001
20  4.720000e-001
21  3.750000e-001
22  3.180000e-001
23  2.530000e-001
24  2.580000e-001
25  2.630000e-001
26  3.350000e-001
27  4.460000e-001
28  4.370000e-001
29  5.090000e-001
30  4.250000e-001
31  3.640000e-001
32  2.980000e-001
33  2.360000e-001
34  2.010000e-001
35  1.590000e-001
36  1.570000e-001
37  1.380000e-001
38  2.160000e-001
39  2.930000e-001
40  2.670000e-001
41  3.450000e-001
42  3.260000e-001
43  2.780000e-001
44  2.270000e-001
45  1.810000e-001
46  1.530000e-001
47  2.100000e-001
48  1.246000e+000
49  4.372000e+000
50  3.637000e+000
51  3.698000e+000
52  3.767000e+000
53  3.326000e+000
54  2.648000e+000
55  2.246000e+000
56  1.838000e+000
57  1.460000e+000
58  1.239000e+000
59  1.082000e+000
60  9.880000e-001
61  8.630000e-001
62  6.700000e-001
63  6.150000e-001
64  5.420000e-001
65  5.140000e-001
66  4.100000e-001
67  3.480000e-001
68  2.850000e-001
69  2.260000e-001
70  1.920000e-001
71  1.520000e-001
72  1.290000e-001
73  1.060000e-001
74  1.240000e-001
75  1.420000e-001
76  2.020000e-001
77  2.510000e-001
78  2.150000e-001
79  1.830000e-001
80  1.490000e-001
81  1.190000e-001
82  1.010000e-001
83  8.000000e-002
84  6.800000e-002
85  5.600000e-002
86  8.100000e-002
87  1.270000e-001
88  1.110000e-001
89  1.130000e-001
90  1.200000e-001
91  1.750000e-001
92  1.550000e-001
93  1.230000e-001
94  1.040000e-001
95  1.200000e-001
96  1.050000e-001
97  1.020000e-001
98  1.970000e-001
99  3.380000e-001
100  3.250000e-001
101  3.140000e-001
102  2.930000e-001
103  2.490000e-001
104  2.040000e-001
105  1.620000e-001
106  1.370000e-001
107  1.090000e-001
108  9.200000e-002
109  1.120000e-001
110  9.900000e-002
111  9.000000e-002
112  7.200000e-002
113  6.100000e-002
114  4.800000e-002
115  4.100000e-002
116  3.400000e-002
117  2.700000e-002
118  2.300000e-002
119  2.200000e-002
120  1.900000e-002
121  1.600000e-002
122  3.800000e-002
123  7.400000e-002
124  1.140000e-001
125  1.180000e-001
126  9.600000e-002
127  8.200000e-002
128  6.700000e-002
129  5.300000e-002
130  4.500000e-002
131  4.800000e-002
132  4.400000e-002
133  4.800000e-002
134  3.600000e-002
135  5.300000e-002
136  6.100000e-002
137  5.200000e-002
138  4.100000e-002
139  3.500000e-002
140  2.900000e-002
141  2.300000e-002
142  1.900000e-002
143  1.500000e-002
144  2.900000e-002
