   1 
1  3.560000e-001
2  3.780000e-001
3  4.680000e-001
4  5.220000e-001
5  5.370000e-001
6  4.770000e-001
7  4.510000e-001
8  4.130000e-001
9  3.660000e-001
10  3.470000e-001
11  3.070000e-001
12  2.920000e-001
13  2.760000e-001
14  2.500000e-001
15  6.050000e-001
16  1.714000e+000
17  1.802000e+000
18  1.611000e+000
19  1.526000e+000
20  1.396000e+000
21  1.238000e+000
22  1.172000e+000
23  1.040000e+000
24  1.026000e+000
25  9.790000e-001
26  9.280000e-001
27  1.019000e+000
28  9.470000e-001
29  9.860000e-001
30  8.890000e-001
31  8.440000e-001
32  7.720000e-001
33  6.840000e-001
34  6.480000e-001
35  5.750000e-001
36  5.560000e-001
37  5.180000e-001
38  4.690000e-001
39  5.420000e-001
40  5.200000e-001
41  6.000000e-001
42  5.850000e-001
43  5.560000e-001
44  5.090000e-001
45  4.510000e-001
46  4.270000e-001
47  4.340000e-001
48  1.377000e+000
49  3.321000e+000
50  3.088000e+000
51  3.435000e+000
52  3.585000e+000
53  3.461000e+000
54  3.072000e+000
55  2.909000e+000
56  2.662000e+000
57  2.360000e+000
58  2.235000e+000
59  2.037000e+000
60  1.959000e+000
61  1.799000e+000
62  1.510000e+000
63  1.538000e+000
64  1.384000e+000
65  1.352000e+000
66  1.199000e+000
67  1.136000e+000
68  1.039000e+000
69  9.220000e-001
70  8.730000e-001
71  7.740000e-001
72  7.330000e-001
73  6.710000e-001
74  5.760000e-001
75  5.930000e-001
76  5.780000e-001
77  6.000000e-001
78  5.480000e-001
79  5.190000e-001
80  4.750000e-001
81  4.210000e-001
82  3.990000e-001
83  3.530000e-001
84  3.350000e-001
85  3.060000e-001
86  2.770000e-001
87  3.320000e-001
88  3.020000e-001
89  3.110000e-001
90  3.200000e-001
91  3.430000e-001
92  3.210000e-001
93  2.850000e-001
94  2.700000e-001
95  2.610000e-001
96  2.500000e-001
97  2.300000e-001
98  2.620000e-001
99  3.770000e-001
100  4.130000e-001
101  4.470000e-001
102  4.350000e-001
103  4.120000e-001
104  3.770000e-001
105  3.340000e-001
106  3.170000e-001
107  2.810000e-001
108  2.660000e-001
109  2.610000e-001
110  2.230000e-001
111  2.270000e-001
112  2.010000e-001
113  1.910000e-001
114  1.690000e-001
115  1.600000e-001
116  1.460000e-001
117  1.300000e-001
118  1.230000e-001
119  1.090000e-001
120  1.040000e-001
121  9.500000e-002
122  8.100000e-002
123  8.900000e-002
124  1.090000e-001
125  1.140000e-001
126  1.030000e-001
127  9.800000e-002
128  8.900000e-002
129  7.900000e-002
130  7.500000e-002
131  7.000000e-002
132  6.900000e-002
133  7.400000e-002
134  6.200000e-002
135  7.000000e-002
136  7.000000e-002
137  6.600000e-002
138  5.900000e-002
139  5.600000e-002
140  5.100000e-002
141  4.500000e-002
142  4.300000e-002
143  3.800000e-002
144  4.100000e-002
   2 
1  4.210000e-001
2  4.090000e-001
3  4.850000e-001
4  5.230000e-001
5  5.150000e-001
6  4.410000e-001
7  4.030000e-001
8  3.550000e-001
9  3.040000e-001
10  2.780000e-001
11  2.380000e-001
12  2.170000e-001
13  1.920000e-001
14  1.550000e-001
15  8.740000e-001
16  3.800000e+000
17  3.978000e+000
18  3.420000e+000
19  3.125000e+000
20  2.758000e+000
21  2.361000e+000
22  2.157000e+000
23  1.846000e+000
24  1.725000e+000
25  1.560000e+000
26  1.481000e+000
27  2.064000e+000
28  1.841000e+000
29  1.825000e+000
30  1.568000e+000
31  1.433000e+000
32  1.265000e+000
33  1.083000e+000
34  9.900000e-001
35  8.470000e-001
36  7.740000e-001
37  6.890000e-001
38  5.790000e-001
39  6.340000e-001
40  5.850000e-001
41  6.390000e-001
42  5.760000e-001
43  5.280000e-001
44  4.660000e-001
45  3.990000e-001
46  3.640000e-001
47  3.820000e-001
48  2.716000e+000
49  5.878000e+000
50  5.309000e+000
51  6.000000e+000
52  6.316000e+000
53  5.793000e+000
54  4.958000e+000
55  4.531000e+000
56  3.999000e+000
57  3.423000e+000
58  3.128000e+000
59  2.731000e+000
60  2.517000e+000
61  2.227000e+000
62  1.792000e+000
63  1.762000e+000
64  1.521000e+000
65  1.423000e+000
66  1.218000e+000
67  1.113000e+000
68  9.820000e-001
69  8.410000e-001
70  7.680000e-001
71  6.570000e-001
72  6.010000e-001
73  5.300000e-001
74  4.400000e-001
75  4.180000e-001
76  3.790000e-001
77  3.670000e-001
78  3.210000e-001
79  2.930000e-001
80  2.590000e-001
81  2.210000e-001
82  2.020000e-001
83  1.730000e-001
84  1.580000e-001
85  1.400000e-001
86  1.420000e-001
87  1.820000e-001
88  1.560000e-001
89  1.450000e-001
90  1.270000e-001
91  1.190000e-001
92  1.060000e-001
93  9.000000e-002
94  8.300000e-002
95  7.100000e-002
96  6.500000e-002
97  5.700000e-002
98  1.360000e-001
99  7.440000e-001
100  1.319000e+000
101  1.227000e+000
102  1.064000e+000
103  9.730000e-001
104  8.580000e-001
105  7.350000e-001
106  6.710000e-001
107  5.750000e-001
108  5.250000e-001
109  4.640000e-001
110  3.720000e-001
111  3.650000e-001
112  3.130000e-001
113  2.860000e-001
114  2.450000e-001
115  2.240000e-001
116  1.970000e-001
117  1.690000e-001
118  1.540000e-001
119  1.320000e-001
120  1.210000e-001
121  1.070000e-001
122  8.800000e-002
123  9.300000e-002
124  1.080000e-001
125  9.900000e-002
126  8.500000e-002
127  7.700000e-002
128  6.800000e-002
129  5.800000e-002
130  5.300000e-002
131  4.600000e-002
132  4.300000e-002
133  4.100000e-002
134  3.300000e-002
135  3.200000e-002
136  2.800000e-002
137  2.500000e-002
138  2.200000e-002
139  2.000000e-002
140  1.800000e-002
141  1.500000e-002
142  1.400000e-002
143  1.200000e-002
144  1.100000e-002
   3 
1  1.610000e-001
2  3.210000e-001
3  4.810000e-001
4  6.160000e-001
5  5.910000e-001
6  4.460000e-001
7  3.600000e-001
8  2.800000e-001
9  2.110000e-001
10  1.700000e-001
11  1.290000e-001
12  1.040000e-001
13  8.400000e-002
14  8.800000e-002
15  1.200000e+000
16  4.918000e+000
17  4.565000e+000
18  3.479000e+000
19  2.807000e+000
20  2.182000e+000
21  1.648000e+000
22  1.329000e+000
23  1.004000e+000
24  9.140000e-001
25  8.090000e-001
26  8.260000e-001
27  9.620000e-001
28  8.210000e-001
29  8.660000e-001
30  6.760000e-001
31  5.460000e-001
32  4.240000e-001
33  3.210000e-001
34  2.590000e-001
35  1.950000e-001
36  1.630000e-001
37  1.460000e-001
38  1.970000e-001
39  3.300000e-001
40  3.430000e-001
41  5.400000e-001
42  5.200000e-001
43  4.240000e-001
44  3.300000e-001
45  2.490000e-001
46  2.010000e-001
47  2.750000e-001
48  3.571000e+000
49  8.626000e+000
50  7.070000e+000
51  7.177000e+000
52  7.070000e+000
53  5.831000e+000
54  4.408000e+000
55  3.556000e+000
56  2.764000e+000
57  2.088000e+000
58  1.684000e+000
59  1.412000e+000
60  1.207000e+000
61  9.540000e-001
62  7.140000e-001
63  6.260000e-001
64  5.100000e-001
65  5.020000e-001
66  3.790000e-001
67  3.060000e-001
68  2.380000e-001
69  1.800000e-001
70  1.450000e-001
71  1.090000e-001
72  8.800000e-002
73  6.900000e-002
74  5.000000e-002
75  9.900000e-002
76  1.890000e-001
77  2.640000e-001
78  2.330000e-001
79  1.880000e-001
80  1.460000e-001
81  1.100000e-001
82  8.900000e-002
83  6.700000e-002
84  5.400000e-002
85  4.200000e-002
86  9.200000e-002
87  2.010000e-001
88  1.700000e-001
89  1.910000e-001
90  2.260000e-001
91  2.720000e-001
92  2.250000e-001
93  1.700000e-001
94  1.370000e-001
95  1.220000e-001
96  1.000000e-001
97  8.000000e-002
98  2.400000e-001
99  8.900000e-001
100  1.355000e+000
101  1.209000e+000
102  9.950000e-001
103  8.030000e-001
104  6.240000e-001
105  4.710000e-001
106  3.800000e-001
107  2.870000e-001
108  2.320000e-001
109  1.930000e-001
110  1.410000e-001
111  1.230000e-001
112  9.300000e-002
113  7.500000e-002
114  5.700000e-002
115  4.600000e-002
116  3.500000e-002
117  2.700000e-002
118  2.200000e-002
119  1.600000e-002
120  1.300000e-002
121  1.000000e-002
122  7.000000e-003
123  2.700000e-002
124  7.800000e-002
125  7.200000e-002
126  5.600000e-002
127  4.500000e-002
128  3.500000e-002
129  2.700000e-002
130  2.200000e-002
131  1.600000e-002
132  2.000000e-002
133  4.300000e-002
134  3.000000e-002
135  2.800000e-002
136  2.500000e-002
137  2.000000e-002
138  1.500000e-002
139  1.200000e-002
140  1.000000e-002
141  7.000000e-003
142  6.000000e-003
143  4.000000e-003
144  5.000000e-003
   4 
1  3.860000e-001
2  3.370000e-001
3  3.910000e-001
4  3.173000e+000
5  2.730000e+000
6  2.009000e+000
7  1.580000e+000
8  1.197000e+000
9  8.810000e-001
10  6.930000e-001
11  5.100000e-001
12  4.010000e-001
13  3.040000e-001
14  2.100000e-001
15  2.222000e+000
16  9.783000e+000
17  9.055000e+000
18  6.670000e+000
19  5.245000e+000
20  3.972000e+000
21  2.924000e+000
22  2.299000e+000
23  1.692000e+000
24  1.331000e+000
25  1.036000e+000
26  1.788000e+000
27  6.541000e+000
28  5.310000e+000
29  5.083000e+000
30  3.768000e+000
31  2.963000e+000
32  2.244000e+000
33  1.652000e+000
34  1.299000e+000
35  9.560000e-001
36  7.520000e-001
37  5.690000e-001
38  4.140000e-001
39  3.990000e-001
40  3.160000e-001
41  1.464000e+000
42  1.183000e+000
43  9.300000e-001
44  7.040000e-001
45  5.180000e-001
46  4.080000e-001
47  4.570000e-001
48  6.280000e+000
49  1.239600e+001
50  1.012700e+001
51  1.103900e+001
52  1.096600e+001
53  8.622000e+000
54  6.347000e+000
55  4.990000e+000
56  3.779000e+000
57  2.782000e+000
58  2.187000e+000
59  1.617000e+000
60  1.273000e+000
61  9.640000e-001
62  6.680000e-001
63  5.680000e-001
64  4.190000e-001
65  3.330000e-001
66  2.450000e-001
67  1.930000e-001
68  1.460000e-001
69  1.080000e-001
70  8.500000e-002
71  6.200000e-002
72  4.900000e-002
73  3.700000e-002
74  2.600000e-002
75  2.200000e-002
76  1.600000e-002
77  1.300000e-002
78  9.000000e-003
79  7.000000e-003
80  5.000000e-003
81  4.000000e-003
82  3.000000e-003
83  2.000000e-003
84  2.000000e-003
85  1.000000e-003
86  4.300000e-002
87  9.000000e-002
88  6.600000e-002
89  5.200000e-002
90  3.800000e-002
91  3.000000e-002
92  2.300000e-002
93  1.700000e-002
94  1.300000e-002
95  1.000000e-002
96  8.000000e-003
97  6.000000e-003
98  1.330000e-001
99  3.878000e+000
100  5.943000e+000
101  4.691000e+000
102  3.453000e+000
103  2.715000e+000
104  2.056000e+000
105  1.514000e+000
106  1.190000e+000
107  8.760000e-001
108  6.890000e-001
109  5.220000e-001
110  3.610000e-001
111  3.070000e-001
112  2.260000e-001
113  1.780000e-001
114  1.310000e-001
115  1.030000e-001
116  7.800000e-002
117  5.700000e-002
118  4.500000e-002
119  3.300000e-002
120  2.600000e-002
121  2.000000e-002
122  1.400000e-002
123  3.000000e-002
124  7.200000e-002
125  5.700000e-002
126  4.200000e-002
127  3.300000e-002
128  2.500000e-002
129  1.800000e-002
130  1.400000e-002
131  1.100000e-002
132  8.000000e-003
133  6.000000e-003
134  4.000000e-003
135  4.000000e-003
136  3.000000e-003
137  2.000000e-003
138  2.000000e-003
139  1.000000e-003
140  1.000000e-003
141  1.000000e-003
142  1.000000e-003
143  0.000000e+000
144  0.000000e+000
   5 
1  3.150000e-001
2  3.520000e-001
3  4.510000e-001
4  5.240000e-001
5  5.440000e-001
6  4.790000e-001
7  4.480000e-001
8  4.060000e-001
9  3.560000e-001
10  3.330000e-001
11  2.920000e-001
12  2.760000e-001
13  2.680000e-001
14  2.520000e-001
15  6.010000e-001
16  1.548000e+000
17  1.610000e+000
18  1.428000e+000
19  1.337000e+000
20  1.210000e+000
21  1.061000e+000
22  9.940000e-001
23  8.710000e-001
24  8.640000e-001
25  8.280000e-001
26  8.020000e-001
27  9.030000e-001
28  8.460000e-001
29  9.020000e-001
30  8.130000e-001
31  7.640000e-001
32  6.910000e-001
33  6.060000e-001
34  5.680000e-001
35  4.980000e-001
36  4.850000e-001
37  4.490000e-001
38  4.160000e-001
39  4.960000e-001
40  4.810000e-001
41  5.770000e-001
42  5.700000e-001
43  5.370000e-001
44  4.850000e-001
45  4.260000e-001
46  3.990000e-001
47  4.170000e-001
48  1.273000e+000
49  3.263000e+000
50  3.015000e+000
51  3.301000e+000
52  3.409000e+000
53  3.281000e+000
54  2.882000e+000
55  2.698000e+000
56  2.441000e+000
57  2.141000e+000
58  2.005000e+000
59  1.821000e+000
60  1.742000e+000
61  1.584000e+000
62  1.321000e+000
63  1.331000e+000
64  1.198000e+000
65  1.175000e+000
66  1.032000e+000
67  9.660000e-001
68  8.740000e-001
69  7.660000e-001
70  7.180000e-001
71  6.290000e-001
72  5.890000e-001
73  5.330000e-001
74  4.530000e-001
75  4.780000e-001
76  4.860000e-001
77  5.210000e-001
78  4.750000e-001
79  4.450000e-001
80  4.020000e-001
81  3.530000e-001
82  3.300000e-001
83  2.900000e-001
84  2.710000e-001
85  2.460000e-001
86  2.280000e-001
87  2.890000e-001
88  2.630000e-001
89  2.780000e-001
90  2.990000e-001
91  3.290000e-001
92  3.060000e-001
93  2.680000e-001
94  2.510000e-001
95  2.550000e-001
96  2.420000e-001
97  2.210000e-001
98  2.630000e-001
99  3.900000e-001
100  4.350000e-001
101  4.740000e-001
102  4.630000e-001
103  4.340000e-001
104  3.920000e-001
105  3.440000e-001
106  3.220000e-001
107  2.820000e-001
108  2.650000e-001
109  2.700000e-001
110  2.350000e-001
111  2.360000e-001
112  2.070000e-001
113  1.940000e-001
114  1.700000e-001
115  1.590000e-001
116  1.440000e-001
117  1.260000e-001
118  1.180000e-001
119  1.080000e-001
120  1.010000e-001
121  9.200000e-002
122  7.900000e-002
123  8.800000e-002
124  1.180000e-001
125  1.290000e-001
126  1.150000e-001
127  1.080000e-001
128  9.800000e-002
129  8.600000e-002
130  8.000000e-002
131  7.800000e-002
132  7.600000e-002
133  8.200000e-002
134  6.700000e-002
135  8.200000e-002
136  8.500000e-002
137  8.000000e-002
138  7.000000e-002
139  6.600000e-002
140  5.900000e-002
141  5.200000e-002
142  4.900000e-002
143  4.300000e-002
144  5.100000e-002
   6 
1  2.390000e-001
2  3.570000e-001
3  5.080000e-001
4  6.420000e-001
5  6.390000e-001
6  5.100000e-001
7  4.320000e-001
8  3.540000e-001
9  2.810000e-001
10  2.380000e-001
11  1.890000e-001
12  1.650000e-001
13  1.620000e-001
14  1.750000e-001
15  8.890000e-001
16  2.930000e+000
17  2.822000e+000
18  2.271000e+000
19  1.926000e+000
20  1.576000e+000
21  1.252000e+000
22  1.062000e+000
23  8.440000e-001
24  8.080000e-001
25  7.470000e-001
26  7.660000e-001
27  9.090000e-001
28  8.200000e-001
29  8.960000e-001
30  7.480000e-001
31  6.380000e-001
32  5.220000e-001
33  4.150000e-001
34  3.520000e-001
35  2.800000e-001
36  2.690000e-001
37  2.390000e-001
38  2.650000e-001
39  3.870000e-001
40  3.920000e-001
41  5.690000e-001
42  5.690000e-001
43  4.880000e-001
44  3.990000e-001
45  3.170000e-001
46  2.690000e-001
47  3.400000e-001
48  2.198000e+000
49  6.002000e+000
50  5.137000e+000
51  5.283000e+000
52  5.251000e+000
53  4.610000e+000
54  3.669000e+000
55  3.113000e+000
56  2.547000e+000
57  2.023000e+000
58  1.716000e+000
59  1.483000e+000
60  1.325000e+000
61  1.100000e+000
62  8.570000e-001
63  7.880000e-001
64  6.770000e-001
65  6.680000e-001
66  5.320000e-001
67  4.510000e-001
68  3.690000e-001
69  2.930000e-001
70  2.490000e-001
71  1.980000e-001
72  1.680000e-001
73  1.370000e-001
74  1.060000e-001
75  1.610000e-001
76  2.480000e-001
77  3.290000e-001
78  2.950000e-001
79  2.500000e-001
80  2.050000e-001
81  1.630000e-001
82  1.380000e-001
83  1.100000e-001
84  9.300000e-002
85  7.600000e-002
86  1.070000e-001
87  2.090000e-001
88  1.830000e-001
89  2.150000e-001
90  2.690000e-001
91  3.190000e-001
92  2.760000e-001
93  2.190000e-001
94  1.860000e-001
95  2.050000e-001
96  1.800000e-001
97  1.500000e-001
98  2.680000e-001
99  4.840000e-001
100  5.560000e-001
101  5.940000e-001
102  5.590000e-001
103  4.740000e-001
104  3.880000e-001
105  3.080000e-001
106  2.610000e-001
107  2.080000e-001
108  1.760000e-001
109  1.930000e-001
110  1.630000e-001
111  1.490000e-001
112  1.180000e-001
113  1.010000e-001
114  8.000000e-002
115  6.800000e-002
116  5.500000e-002
117  4.400000e-002
118  3.700000e-002
119  3.300000e-002
120  2.800000e-002
121  2.300000e-002
122  1.800000e-002
123  3.900000e-002
124  1.020000e-001
125  1.160000e-001
126  9.600000e-002
127  8.200000e-002
128  6.700000e-002
129  5.300000e-002
130  4.500000e-002
131  4.700000e-002
132  4.600000e-002
133  6.200000e-002
134  4.600000e-002
135  6.500000e-002
136  7.300000e-002
137  6.200000e-002
138  4.900000e-002
139  4.200000e-002
140  3.400000e-002
141  2.700000e-002
142  2.300000e-002
143  1.800000e-002
144  3.000000e-002
