   1 
1  1.707000e+000
2  1.426000e+000
3  1.619000e+000
4  2.626000e+000
5  2.581000e+000
6  2.289000e+000
7  2.168000e+000
8  1.983000e+000
9  1.759000e+000
10  1.665000e+000
11  1.477000e+000
12  1.399000e+000
13  1.280000e+000
14  1.063000e+000
15  1.445000e+000
16  2.900000e+000
17  2.817000e+000
18  2.498000e+000
19  2.366000e+000
20  2.165000e+000
21  1.920000e+000
22  1.818000e+000
23  1.612000e+000
24  1.526000e+000
25  1.397000e+000
26  1.200000e+000
27  1.234000e+000
28  1.825000e+000
29  3.613000e+000
30  3.666000e+000
31  3.472000e+000
32  3.177000e+000
33  2.817000e+000
34  2.667000e+000
35  2.365000e+000
36  2.240000e+000
37  2.062000e+000
38  1.740000e+000
39  1.795000e+000
40  1.789000e+000
41  3.284000e+000
42  3.489000e+000
43  3.304000e+000
44  3.023000e+000
45  2.681000e+000
46  2.539000e+000
47  2.268000e+000
48  2.194000e+000
49  2.902000e+000
50  2.600000e+000
51  4.636000e+000
52  4.995000e+000
53  6.795000e+000
54  6.047000e+000
55  5.727000e+000
56  5.240000e+000
57  4.647000e+000
58  4.400000e+000
59  3.931000e+000
60  3.768000e+000
61  3.508000e+000
62  2.950000e+000
63  3.013000e+000
64  3.797000e+000
65  6.504000e+000
66  6.708000e+000
67  6.441000e+000
68  5.893000e+000
69  5.226000e+000
70  4.949000e+000
71  4.389000e+000
72  4.156000e+000
73  3.803000e+000
74  3.277000e+000
75  3.246000e+000
76  4.714000e+000
77  5.280000e+000
78  4.682000e+000
79  4.434000e+000
80  4.057000e+000
81  3.598000e+000
82  3.407000e+000
83  3.021000e+000
84  2.861000e+000
85  2.618000e+000
86  2.173000e+000
87  2.211000e+000
88  1.973000e+000
89  1.886000e+000
90  1.678000e+000
91  1.589000e+000
92  1.454000e+000
93  1.290000e+000
94  1.221000e+000
95  1.100000e+000
96  1.047000e+000
97  9.580000e-001
98  8.200000e-001
99  1.112000e+000
100  1.873000e+000
101  2.031000e+000
102  1.831000e+000
103  1.734000e+000
104  1.587000e+000
105  1.407000e+000
106  1.332000e+000
107  1.182000e+000
108  1.119000e+000
109  1.025000e+000
110  8.590000e-001
111  8.740000e-001
112  7.810000e-001
113  7.390000e-001
114  6.560000e-001
115  6.210000e-001
116  5.680000e-001
117  5.040000e-001
118  4.770000e-001
119  4.290000e-001
120  4.220000e-001
121  3.930000e-001
122  3.660000e-001
123  4.130000e-001
124  3.960000e-001
125  3.780000e-001
126  3.360000e-001
127  3.180000e-001
128  2.910000e-001
129  2.580000e-001
130  2.440000e-001
131  2.170000e-001
132  2.050000e-001
133  1.970000e-001
134  2.340000e-001
135  2.810000e-001
136  2.580000e-001
137  2.470000e-001
138  2.190000e-001
139  2.080000e-001
140  1.900000e-001
141  1.690000e-001
142  1.600000e-001
143  1.420000e-001
144  1.340000e-001
   2 
1  2.433000e+000
2  1.951000e+000
3  3.043000e+000
4  5.479000e+000
5  5.236000e+000
6  4.481000e+000
7  4.095000e+000
8  3.615000e+000
9  3.094000e+000
10  2.827000e+000
11  2.420000e+000
12  2.211000e+000
13  1.952000e+000
14  1.566000e+000
15  2.429000e+000
16  5.858000e+000
17  5.498000e+000
18  4.705000e+000
19  4.300000e+000
20  3.796000e+000
21  3.248000e+000
22  2.969000e+000
23  2.541000e+000
24  2.322000e+000
25  2.049000e+000
26  1.700000e+000
27  1.821000e+000
28  4.998000e+000
29  7.944000e+000
30  7.551000e+000
31  6.901000e+000
32  6.091000e+000
33  5.213000e+000
34  4.764000e+000
35  4.077000e+000
36  3.726000e+000
37  3.297000e+000
38  2.674000e+000
39  2.853000e+000
40  3.767000e+000
41  6.358000e+000
42  6.392000e+000
43  5.842000e+000
44  5.156000e+000
45  4.413000e+000
46  4.033000e+000
47  3.453000e+000
48  3.436000e+000
49  5.132000e+000
50  4.760000e+000
51  8.492000e+000
52  8.737000e+000
53  1.206900e+001
54  1.040800e+001
55  9.513000e+000
56  8.396000e+000
57  7.186000e+000
58  6.567000e+000
59  5.654000e+000
60  5.221000e+000
61  4.682000e+000
62  4.139000e+000
63  4.164000e+000
64  6.538000e+000
65  1.142900e+001
66  1.176400e+001
67  1.093100e+001
68  9.648000e+000
69  8.257000e+000
70  7.546000e+000
71  6.458000e+000
72  5.902000e+000
73  5.210000e+000
74  4.330000e+000
75  4.121000e+000
76  7.507000e+000
77  8.458000e+000
78  7.238000e+000
79  6.615000e+000
80  5.839000e+000
81  4.997000e+000
82  4.567000e+000
83  3.908000e+000
84  3.572000e+000
85  3.152000e+000
86  2.528000e+000
87  2.486000e+000
88  2.137000e+000
89  1.955000e+000
90  1.673000e+000
91  1.529000e+000
92  1.349000e+000
93  1.155000e+000
94  1.055000e+000
95  9.030000e-001
96  8.250000e-001
97  7.290000e-001
98  6.140000e-001
99  2.240000e+000
100  4.785000e+000
101  4.993000e+000
102  4.313000e+000
103  3.942000e+000
104  3.479000e+000
105  2.977000e+000
106  2.721000e+000
107  2.329000e+000
108  2.128000e+000
109  1.880000e+000
110  1.517000e+000
111  1.492000e+000
112  1.277000e+000
113  1.167000e+000
114  9.990000e-001
115  9.130000e-001
116  8.060000e-001
117  6.890000e-001
118  6.300000e-001
119  5.410000e-001
120  5.100000e-001
121  4.540000e-001
122  3.900000e-001
123  7.440000e-001
124  1.763000e+000
125  1.616000e+000
126  1.383000e+000
127  1.264000e+000
128  1.115000e+000
129  9.550000e-001
130  8.720000e-001
131  7.470000e-001
132  6.830000e-001
133  6.150000e-001
134  5.790000e-001
135  6.190000e-001
136  5.350000e-001
137  4.910000e-001
138  4.200000e-001
139  3.840000e-001
140  3.390000e-001
141  2.900000e-001
142  2.650000e-001
143  2.270000e-001
144  2.070000e-001
   3 
1  8.370000e-001
2  6.080000e-001
3  1.489000e+000
4  4.947000e+000
5  4.235000e+000
6  3.198000e+000
7  2.580000e+000
8  2.006000e+000
9  1.515000e+000
10  1.222000e+000
11  9.230000e-001
12  7.450000e-001
13  5.790000e-001
14  4.130000e-001
15  1.619000e+000
16  6.406000e+000
17  5.371000e+000
18  4.056000e+000
19  3.272000e+000
20  2.544000e+000
21  1.921000e+000
22  1.550000e+000
23  1.170000e+000
24  9.440000e-001
25  7.340000e-001
26  5.410000e-001
27  6.830000e-001
28  3.930000e+000
29  8.642000e+000
30  7.748000e+000
31  6.251000e+000
32  4.859000e+000
33  3.670000e+000
34  2.960000e+000
35  2.236000e+000
36  1.804000e+000
37  1.432000e+000
38  1.085000e+000
39  1.007000e+000
40  1.964000e+000
41  6.351000e+000
42  6.334000e+000
43  5.109000e+000
44  3.972000e+000
45  3.000000e+000
46  2.420000e+000
47  1.859000e+000
48  1.658000e+000
49  4.303000e+000
50  3.613000e+000
51  9.169000e+000
52  9.336000e+000
53  1.362100e+001
54  1.033500e+001
55  8.339000e+000
56  6.483000e+000
57  4.896000e+000
58  3.949000e+000
59  3.058000e+000
60  2.583000e+000
61  2.162000e+000
62  1.633000e+000
63  1.446000e+000
64  5.193000e+000
65  1.276800e+001
66  1.254400e+001
67  1.037300e+001
68  8.064000e+000
69  6.090000e+000
70  4.913000e+000
71  3.710000e+000
72  2.993000e+000
73  2.327000e+000
74  1.736000e+000
75  1.515000e+000
76  6.980000e+000
77  7.955000e+000
78  6.008000e+000
79  4.847000e+000
80  3.768000e+000
81  2.846000e+000
82  2.295000e+000
83  1.734000e+000
84  1.399000e+000
85  1.087000e+000
86  7.720000e-001
87  6.730000e-001
88  5.340000e-001
89  4.470000e-001
90  3.420000e-001
91  2.760000e-001
92  2.150000e-001
93  1.620000e-001
94  1.310000e-001
95  1.290000e-001
96  1.110000e-001
97  8.600000e-002
98  1.210000e-001
99  1.582000e+000
100  4.475000e+000
101  4.455000e+000
102  3.450000e+000
103  2.783000e+000
104  2.164000e+000
105  1.634000e+000
106  1.318000e+000
107  9.960000e-001
108  8.030000e-001
109  6.270000e-001
110  4.650000e-001
111  4.050000e-001
112  3.210000e-001
113  2.590000e-001
114  1.960000e-001
115  1.580000e-001
116  1.230000e-001
117  9.300000e-002
118  7.500000e-002
119  6.600000e-002
120  9.000000e-002
121  8.600000e-002
122  1.270000e-001
123  2.950000e-001
124  4.430000e-001
125  3.660000e-001
126  2.760000e-001
127  2.230000e-001
128  1.730000e-001
129  1.310000e-001
130  1.060000e-001
131  8.000000e-002
132  6.500000e-002
133  7.500000e-002
134  2.380000e-001
135  3.120000e-001
136  2.560000e-001
137  2.140000e-001
138  1.620000e-001
139  1.310000e-001
140  1.010000e-001
141  7.700000e-002
142  6.200000e-002
143  4.700000e-002
144  3.800000e-002
   4 
1  1.490000e+000
2  1.032000e+000
3  5.517000e+000
4  1.231200e+001
5  1.093000e+001
6  8.045000e+000
7  6.326000e+000
8  4.791000e+000
9  3.526000e+000
10  2.773000e+000
11  2.041000e+000
12  1.605000e+000
13  1.215000e+000
14  8.430000e-001
15  3.589000e+000
16  1.250600e+001
17  1.020000e+001
18  7.508000e+000
19  5.904000e+000
20  4.471000e+000
21  3.291000e+000
22  2.588000e+000
23  1.905000e+000
24  1.498000e+000
25  1.134000e+000
26  8.110000e-001
27  1.474000e+000
28  1.250900e+001
29  1.763300e+001
30  1.460800e+001
31  1.148600e+001
32  8.699000e+000
33  6.403000e+000
34  5.035000e+000
35  3.706000e+000
36  2.914000e+000
37  2.207000e+000
38  1.539000e+000
39  2.935000e+000
40  6.497000e+000
41  1.171900e+001
42  1.074000e+001
43  8.445000e+000
44  6.396000e+000
45  4.708000e+000
46  3.702000e+000
47  2.725000e+000
48  3.165000e+000
49  8.054000e+000
50  8.312000e+000
51  1.677000e+001
52  1.572800e+001
53  2.317800e+001
54  1.744300e+001
55  1.371500e+001
56  1.038700e+001
57  7.646000e+000
58  6.012000e+000
59  4.436000e+000
60  3.526000e+000
61  2.788000e+000
62  4.949000e+000
63  4.829000e+000
64  1.099600e+001
65  2.091000e+001
66  2.019600e+001
67  1.627400e+001
68  1.232500e+001
69  9.072000e+000
70  7.133000e+000
71  5.250000e+000
72  4.128000e+000
73  3.127000e+000
74  2.234000e+000
75  1.851000e+000
76  1.201900e+001
77  1.339600e+001
78  9.860000e+000
79  7.753000e+000
80  5.872000e+000
81  4.322000e+000
82  3.398000e+000
83  2.501000e+000
84  1.967000e+000
85  1.490000e+000
86  1.032000e+000
87  8.780000e-001
88  6.570000e-001
89  5.190000e-001
90  3.820000e-001
91  3.000000e-001
92  2.270000e-001
93  1.670000e-001
94  1.320000e-001
95  9.700000e-002
96  7.600000e-002
97  5.800000e-002
98  1.020000e-001
99  6.718000e+000
100  1.392100e+001
101  1.243100e+001
102  9.236000e+000
103  7.262000e+000
104  5.500000e+000
105  4.048000e+000
106  3.183000e+000
107  2.343000e+000
108  1.842000e+000
109  1.395000e+000
110  9.670000e-001
111  8.220000e-001
112  6.050000e-001
113  4.760000e-001
114  3.500000e-001
115  2.750000e-001
116  2.090000e-001
117  1.540000e-001
118  1.210000e-001
119  8.900000e-002
120  7.000000e-002
121  5.300000e-002
122  5.400000e-002
123  1.683000e+000
124  5.968000e+000
125  4.701000e+000
126  3.460000e+000
127  2.721000e+000
128  2.060000e+000
129  1.517000e+000
130  1.192000e+000
131  8.780000e-001
132  6.910000e-001
133  5.460000e-001
134  5.100000e-001
135  4.900000e-001
136  3.600000e-001
137  2.830000e-001
138  2.090000e-001
139  1.640000e-001
140  1.240000e-001
141  9.100000e-002
142  7.200000e-002
143  5.300000e-002
144  4.200000e-002
   5 
1  1.467000e+000
2  1.217000e+000
3  1.336000e+000
4  2.299000e+000
5  2.254000e+000
6  1.977000e+000
7  1.851000e+000
8  1.674000e+000
9  1.468000e+000
10  1.375000e+000
11  1.206000e+000
12  1.129000e+000
13  1.021000e+000
14  8.390000e-001
15  1.183000e+000
16  2.566000e+000
17  2.474000e+000
18  2.170000e+000
19  2.032000e+000
20  1.838000e+000
21  1.612000e+000
22  1.509000e+000
23  1.324000e+000
24  1.239000e+000
25  1.121000e+000
26  9.530000e-001
27  9.810000e-001
28  1.335000e+000
29  3.151000e+000
30  3.254000e+000
31  3.047000e+000
32  2.756000e+000
33  2.417000e+000
34  2.263000e+000
35  1.985000e+000
36  1.858000e+000
37  1.695000e+000
38  1.426000e+000
39  1.465000e+000
40  1.364000e+000
41  2.855000e+000
42  3.116000e+000
43  2.918000e+000
44  2.640000e+000
45  2.315000e+000
46  2.168000e+000
47  1.924000e+000
48  1.859000e+000
49  2.478000e+000
50  2.217000e+000
51  4.338000e+000
52  4.744000e+000
53  6.558000e+000
54  5.778000e+000
55  5.411000e+000
56  4.895000e+000
57  4.293000e+000
58  4.020000e+000
59  3.557000e+000
60  3.384000e+000
61  3.129000e+000
62  2.613000e+000
63  2.645000e+000
64  3.307000e+000
65  6.037000e+000
66  6.208000e+000
67  5.900000e+000
68  5.338000e+000
69  4.681000e+000
70  4.383000e+000
71  3.843000e+000
72  3.599000e+000
73  3.256000e+000
74  2.779000e+000
75  2.737000e+000
76  4.200000e+000
77  4.762000e+000
78  4.177000e+000
79  3.911000e+000
80  3.538000e+000
81  3.103000e+000
82  2.905000e+000
83  2.548000e+000
84  2.386000e+000
85  2.158000e+000
86  1.772000e+000
87  1.784000e+000
88  1.581000e+000
89  1.506000e+000
90  1.330000e+000
91  1.245000e+000
92  1.127000e+000
93  9.880000e-001
94  9.250000e-001
95  8.330000e-001
96  7.900000e-001
97  7.160000e-001
98  6.160000e-001
99  7.420000e-001
100  1.363000e+000
101  1.512000e+000
102  1.356000e+000
103  1.270000e+000
104  1.149000e+000
105  1.007000e+000
106  9.430000e-001
107  8.270000e-001
108  7.750000e-001
109  7.050000e-001
110  5.880000e-001
111  5.920000e-001
112  5.260000e-001
113  4.930000e-001
114  4.320000e-001
115  4.050000e-001
116  3.660000e-001
117  3.210000e-001
118  3.010000e-001
119  2.720000e-001
120  2.730000e-001
121  2.570000e-001
122  2.540000e-001
123  3.090000e-001
124  3.050000e-001
125  2.900000e-001
126  2.540000e-001
127  2.380000e-001
128  2.150000e-001
129  1.890000e-001
130  1.770000e-001
131  1.550000e-001
132  1.450000e-001
133  1.430000e-001
134  1.970000e-001
135  2.470000e-001
136  2.270000e-001
137  2.170000e-001
138  1.900000e-001
139  1.780000e-001
140  1.610000e-001
141  1.410000e-001
142  1.320000e-001
143  1.160000e-001
144  1.090000e-001
   6 
1  1.042000e+000
2  7.990000e-001
3  9.760000e-001
4  3.166000e+000
5  2.878000e+000
6  2.286000e+000
7  1.939000e+000
8  1.587000e+000
9  1.260000e+000
10  1.069000e+000
11  8.490000e-001
12  7.210000e-001
13  5.900000e-001
14  4.410000e-001
15  1.141000e+000
16  4.077000e+000
17  3.597000e+000
18  2.857000e+000
19  2.424000e+000
20  1.983000e+000
21  1.575000e+000
22  1.336000e+000
23  1.062000e+000
24  9.010000e-001
25  7.370000e-001
26  5.700000e-001
27  6.120000e-001
28  1.675000e+000
29  5.317000e+000
30  5.150000e+000
31  4.369000e+000
32  3.575000e+000
33  2.840000e+000
34  2.409000e+000
35  1.914000e+000
36  1.623000e+000
37  1.355000e+000
38  1.075000e+000
39  1.037000e+000
40  1.076000e+000
41  4.184000e+000
42  4.486000e+000
43  3.806000e+000
44  3.114000e+000
45  2.473000e+000
46  2.098000e+000
47  1.708000e+000
48  1.553000e+000
49  3.000000e+000
50  2.606000e+000
51  6.579000e+000
52  7.028000e+000
53  1.017200e+001
54  8.128000e+000
55  6.897000e+000
56  5.644000e+000
57  4.483000e+000
58  3.803000e+000
59  3.084000e+000
60  2.715000e+000
61  2.350000e+000
62  1.836000e+000
63  1.706000e+000
64  3.556000e+000
65  8.898000e+000
66  8.931000e+000
67  7.746000e+000
68  6.338000e+000
69  5.035000e+000
70  4.271000e+000
71  3.393000e+000
72  2.878000e+000
73  2.355000e+000
74  1.842000e+000
75  1.694000e+000
76  5.079000e+000
77  5.922000e+000
78  4.704000e+000
79  3.991000e+000
80  3.266000e+000
81  2.594000e+000
82  2.201000e+000
83  1.748000e+000
84  1.483000e+000
85  1.213000e+000
86  9.050000e-001
87  8.280000e-001
88  6.880000e-001
89  6.270000e-001
90  5.140000e-001
91  4.360000e-001
92  3.570000e-001
93  2.830000e-001
94  2.400000e-001
95  2.310000e-001
96  2.100000e-001
97  1.730000e-001
98  1.840000e-001
99  5.850000e-001
100  2.086000e+000
101  2.263000e+000
102  1.858000e+000
103  1.576000e+000
104  1.290000e+000
105  1.024000e+000
106  8.690000e-001
107  6.900000e-001
108  5.860000e-001
109  4.850000e-001
110  3.790000e-001
111  3.470000e-001
112  2.880000e-001
113  2.450000e-001
114  1.950000e-001
115  1.650000e-001
116  1.350000e-001
117  1.070000e-001
118  9.100000e-002
119  8.800000e-002
120  1.080000e-001
121  1.060000e-001
122  1.470000e-001
123  2.470000e-001
124  2.610000e-001
125  2.280000e-001
126  1.810000e-001
127  1.540000e-001
128  1.260000e-001
129  1.000000e-001
130  8.500000e-002
131  6.700000e-002
132  5.800000e-002
133  6.800000e-002
134  2.040000e-001
135  2.770000e-001
136  2.400000e-001
137  2.110000e-001
138  1.680000e-001
139  1.420000e-001
140  1.160000e-001
141  9.200000e-002
142  7.800000e-002
143  6.200000e-002
144  5.300000e-002
