   1 
1  2.118500e+001
2  2.202700e+001
3  5.508900e+001
4  8.889500e+001
5  1.272360e+002
6  1.631500e+002
7  1.807560e+002
8  1.763520e+002
9  1.223810e+002
10  6.596400e+001
11  3.676700e+001
12  2.228400e+001
13  1.960800e+001
14  2.356100e+001
15  5.754900e+001
16  1.018590e+002
17  1.367580e+002
18  1.497200e+002
19  1.884290e+002
20  1.681330e+002
21  1.240680e+002
22  7.655900e+001
23  4.042000e+001
24  2.204000e+001
25  2.126800e+001
26  3.238800e+001
27  5.352600e+001
28  7.181800e+001
29  1.138920e+002
30  1.650080e+002
31  1.841840e+002
32  1.693370e+002
33  1.306270e+002
34  7.464300e+001
35  2.829700e+001
36  2.325000e+001
37  2.029700e+001
38  2.662700e+001
39  5.868900e+001
40  8.871700e+001
41  1.409200e+002
42  1.551060e+002
43  1.801690e+002
44  1.736680e+002
45  1.129970e+002
46  8.072800e+001
47  3.448800e+001
48  3.122700e+001
49  1.911200e+001
50  2.354400e+001
51  5.421400e+001
52  9.266600e+001
53  1.255650e+002
54  1.572950e+002
55  1.863120e+002
56  1.763810e+002
57  1.091490e+002
58  6.502600e+001
59  3.376600e+001
60  1.778000e+001
61  2.053600e+001
62  2.960800e+001
63  6.191500e+001
64  8.160000e+001
65  1.156730e+002
66  1.403440e+002
67  1.872240e+002
68  1.774070e+002
69  1.190990e+002
70  7.172800e+001
71  4.067100e+001
72  2.165000e+001
73  1.712700e+001
74  2.835900e+001
75  4.216700e+001
76  7.921000e+001
77  1.297780e+002
78  1.595340e+002
79  1.685750e+002
80  1.676910e+002
81  1.251210e+002
82  7.086300e+001
83  3.850600e+001
84  2.706300e+001
85  2.503100e+001
86  2.672700e+001
87  4.514300e+001
88  8.638600e+001
89  1.290890e+002
90  1.624050e+002
91  1.909160e+002
92  1.801730e+002
93  1.151760e+002
94  7.743000e+001
95  3.331700e+001
96  2.247500e+001
97  1.502200e+001
98  2.037900e+001
99  4.688200e+001
100  9.350000e+001
101  1.270490e+002
102  1.686420e+002
103  1.842080e+002
104  1.703160e+002
105  1.226790e+002
106  8.003000e+001
107  4.565500e+001
108  3.236900e+001
109  2.212000e+001
110  3.403000e+001
111  6.081200e+001
112  9.633500e+001
113  1.438040e+002
114  1.772960e+002
115  1.801250e+002
116  1.663350e+002
117  1.232710e+002
118  7.951800e+001
119  3.563700e+001
120  2.472100e+001
121  1.960200e+001
122  2.492000e+001
123  5.697900e+001
124  9.857500e+001
125  1.398200e+002
126  1.744150e+002
127  1.851710e+002
128  1.643570e+002
129  1.221940e+002
130  6.592700e+001
131  3.241100e+001
132  1.906900e+001
133  2.073000e+001
134  2.776100e+001
135  6.956300e+001
136  1.030780e+002
137  1.400490e+002
138  1.781500e+002
139  1.849970e+002
140  1.775630e+002
141  1.216340e+002
142  7.567200e+001
143  3.829200e+001
144  2.542600e+001
   2 
1  2.118500e+001
2  2.202700e+001
3  5.508900e+001
4  8.889500e+001
5  1.272360e+002
6  1.631500e+002
7  1.807560e+002
8  1.763520e+002
9  1.223810e+002
10  6.596400e+001
11  3.676700e+001
12  2.228400e+001
13  1.960800e+001
14  2.356100e+001
15  5.754900e+001
16  1.018590e+002
17  1.367580e+002
18  1.497200e+002
19  1.884290e+002
20  1.681330e+002
21  1.240680e+002
22  7.655900e+001
23  4.042000e+001
24  2.204000e+001
25  2.126800e+001
26  3.238800e+001
27  5.352600e+001
28  7.181800e+001
29  1.138920e+002
30  1.650080e+002
31  1.841840e+002
32  1.693370e+002
33  1.306270e+002
34  7.464300e+001
35  2.829700e+001
36  2.325000e+001
37  2.029700e+001
38  2.662700e+001
39  5.868900e+001
40  8.871700e+001
41  1.409200e+002
42  1.551060e+002
43  1.801690e+002
44  1.736680e+002
45  1.129970e+002
46  8.072800e+001
47  3.448800e+001
48  3.122700e+001
49  1.911200e+001
50  2.354400e+001
51  5.421400e+001
52  9.266600e+001
53  1.255650e+002
54  1.572950e+002
55  1.863120e+002
56  1.763810e+002
57  1.091490e+002
58  6.502600e+001
59  3.376600e+001
60  1.778000e+001
61  2.053600e+001
62  2.960800e+001
63  6.191500e+001
64  8.160000e+001
65  1.156730e+002
66  1.403440e+002
67  1.872240e+002
68  1.774070e+002
69  1.190990e+002
70  7.172800e+001
71  4.067100e+001
72  2.165000e+001
73  1.712700e+001
74  2.835900e+001
75  4.216700e+001
76  7.921000e+001
77  1.297780e+002
78  1.595340e+002
79  1.685750e+002
80  1.676910e+002
81  1.251210e+002
82  7.086300e+001
83  3.850600e+001
84  2.706300e+001
85  2.503100e+001
86  2.672700e+001
87  4.514300e+001
88  8.638600e+001
89  1.290890e+002
90  1.624050e+002
91  1.909160e+002
92  1.801730e+002
93  1.151760e+002
94  7.743000e+001
95  3.331700e+001
96  2.247500e+001
97  1.502200e+001
98  2.037900e+001
99  4.688200e+001
100  9.350000e+001
101  1.270490e+002
102  1.686420e+002
103  1.842080e+002
104  1.703160e+002
105  1.226790e+002
106  8.003000e+001
107  4.565500e+001
108  3.236900e+001
109  2.212000e+001
110  3.403000e+001
111  6.081200e+001
112  9.633500e+001
113  1.438040e+002
114  1.772960e+002
115  1.801250e+002
116  1.663350e+002
117  1.232710e+002
118  7.951800e+001
119  3.563700e+001
120  2.472100e+001
121  1.960200e+001
122  2.492000e+001
123  5.697900e+001
124  9.857500e+001
125  1.398200e+002
126  1.744150e+002
127  1.851710e+002
128  1.643570e+002
129  1.221940e+002
130  6.592700e+001
131  3.241100e+001
132  1.906900e+001
133  2.073000e+001
134  2.776100e+001
135  6.956300e+001
136  1.030780e+002
137  1.400490e+002
138  1.781500e+002
139  1.849970e+002
140  1.775630e+002
141  1.216340e+002
142  7.567200e+001
143  3.829200e+001
144  2.542600e+001
   3 
1  2.118500e+001
2  2.202700e+001
3  5.508900e+001
4  8.889500e+001
5  1.272360e+002
6  1.631500e+002
7  1.807560e+002
8  1.763520e+002
9  1.223810e+002
10  6.596400e+001
11  3.676700e+001
12  2.228400e+001
13  1.960800e+001
14  2.356100e+001
15  5.754900e+001
16  1.018590e+002
17  1.367580e+002
18  1.497200e+002
19  1.884290e+002
20  1.681330e+002
21  1.240680e+002
22  7.655900e+001
23  4.042000e+001
24  2.204000e+001
25  2.126800e+001
26  3.238800e+001
27  5.352600e+001
28  7.181800e+001
29  1.138920e+002
30  1.650080e+002
31  1.841840e+002
32  1.693370e+002
33  1.306270e+002
34  7.464300e+001
35  2.829700e+001
36  2.325000e+001
37  2.029700e+001
38  2.662700e+001
39  5.868900e+001
40  8.871700e+001
41  1.409200e+002
42  1.551060e+002
43  1.801690e+002
44  1.736680e+002
45  1.129970e+002
46  8.072800e+001
47  3.448800e+001
48  3.122700e+001
49  1.911200e+001
50  2.354400e+001
51  5.421400e+001
52  9.266600e+001
53  1.255650e+002
54  1.572950e+002
55  1.863120e+002
56  1.763810e+002
57  1.091490e+002
58  6.502600e+001
59  3.376600e+001
60  1.778000e+001
61  2.053600e+001
62  2.960800e+001
63  6.191500e+001
64  8.160000e+001
65  1.156730e+002
66  1.403440e+002
67  1.872240e+002
68  1.774070e+002
69  1.190990e+002
70  7.172800e+001
71  4.067100e+001
72  2.165000e+001
73  1.712700e+001
74  2.835900e+001
75  4.216700e+001
76  7.921000e+001
77  1.297780e+002
78  1.595340e+002
79  1.685750e+002
80  1.676910e+002
81  1.251210e+002
82  7.086300e+001
83  3.850600e+001
84  2.706300e+001
85  2.503100e+001
86  2.672700e+001
87  4.514300e+001
88  8.638600e+001
89  1.290890e+002
90  1.624050e+002
91  1.909160e+002
92  1.801730e+002
93  1.151760e+002
94  7.743000e+001
95  3.331700e+001
96  2.247500e+001
97  1.502200e+001
98  2.037900e+001
99  4.688200e+001
100  9.350000e+001
101  1.270490e+002
102  1.686420e+002
103  1.842080e+002
104  1.703160e+002
105  1.226790e+002
106  8.003000e+001
107  4.565500e+001
108  3.236900e+001
109  2.212000e+001
110  3.403000e+001
111  6.081200e+001
112  9.633500e+001
113  1.438040e+002
114  1.772960e+002
115  1.801250e+002
116  1.663350e+002
117  1.232710e+002
118  7.951800e+001
119  3.563700e+001
120  2.472100e+001
121  1.960200e+001
122  2.492000e+001
123  5.697900e+001
124  9.857500e+001
125  1.398200e+002
126  1.744150e+002
127  1.851710e+002
128  1.643570e+002
129  1.221940e+002
130  6.592700e+001
131  3.241100e+001
132  1.906900e+001
133  2.073000e+001
134  2.776100e+001
135  6.956300e+001
136  1.030780e+002
137  1.400490e+002
138  1.781500e+002
139  1.849970e+002
140  1.775630e+002
141  1.216340e+002
142  7.567200e+001
143  3.829200e+001
144  2.542600e+001
   4 
1  2.118500e+001
2  2.202700e+001
3  5.508900e+001
4  8.889500e+001
5  1.272360e+002
6  1.631500e+002
7  1.807560e+002
8  1.763520e+002
9  1.223810e+002
10  6.596400e+001
11  3.676700e+001
12  2.228400e+001
13  1.960800e+001
14  2.356100e+001
15  5.754900e+001
16  1.018590e+002
17  1.367580e+002
18  1.497200e+002
19  1.884290e+002
20  1.681330e+002
21  1.240680e+002
22  7.655900e+001
23  4.042000e+001
24  2.204000e+001
25  2.126800e+001
26  3.238800e+001
27  5.352600e+001
28  7.181800e+001
29  1.138920e+002
30  1.650080e+002
31  1.841840e+002
32  1.693370e+002
33  1.306270e+002
34  7.464300e+001
35  2.829700e+001
36  2.325000e+001
37  2.029700e+001
38  2.662700e+001
39  5.868900e+001
40  8.871700e+001
41  1.409200e+002
42  1.551060e+002
43  1.801690e+002
44  1.736680e+002
45  1.129970e+002
46  8.072800e+001
47  3.448800e+001
48  3.122700e+001
49  1.911200e+001
50  2.354400e+001
51  5.421400e+001
52  9.266600e+001
53  1.255650e+002
54  1.572950e+002
55  1.863120e+002
56  1.763810e+002
57  1.091490e+002
58  6.502600e+001
59  3.376600e+001
60  1.778000e+001
61  2.053600e+001
62  2.960800e+001
63  6.191500e+001
64  8.160000e+001
65  1.156730e+002
66  1.403440e+002
67  1.872240e+002
68  1.774070e+002
69  1.190990e+002
70  7.172800e+001
71  4.067100e+001
72  2.165000e+001
73  1.712700e+001
74  2.835900e+001
75  4.216700e+001
76  7.921000e+001
77  1.297780e+002
78  1.595340e+002
79  1.685750e+002
80  1.676910e+002
81  1.251210e+002
82  7.086300e+001
83  3.850600e+001
84  2.706300e+001
85  2.503100e+001
86  2.672700e+001
87  4.514300e+001
88  8.638600e+001
89  1.290890e+002
90  1.624050e+002
91  1.909160e+002
92  1.801730e+002
93  1.151760e+002
94  7.743000e+001
95  3.331700e+001
96  2.247500e+001
97  1.502200e+001
98  2.037900e+001
99  4.688200e+001
100  9.350000e+001
101  1.270490e+002
102  1.686420e+002
103  1.842080e+002
104  1.703160e+002
105  1.226790e+002
106  8.003000e+001
107  4.565500e+001
108  3.236900e+001
109  2.212000e+001
110  3.403000e+001
111  6.081200e+001
112  9.633500e+001
113  1.438040e+002
114  1.772960e+002
115  1.801250e+002
116  1.663350e+002
117  1.232710e+002
118  7.951800e+001
119  3.563700e+001
120  2.472100e+001
121  1.960200e+001
122  2.492000e+001
123  5.697900e+001
124  9.857500e+001
125  1.398200e+002
126  1.744150e+002
127  1.851710e+002
128  1.643570e+002
129  1.221940e+002
130  6.592700e+001
131  3.241100e+001
132  1.906900e+001
133  2.073000e+001
134  2.776100e+001
135  6.956300e+001
136  1.030780e+002
137  1.400490e+002
138  1.781500e+002
139  1.849970e+002
140  1.775630e+002
141  1.216340e+002
142  7.567200e+001
143  3.829200e+001
144  2.542600e+001
   5 
1  2.118500e+001
2  2.202700e+001
3  5.508900e+001
4  8.889500e+001
5  1.272360e+002
6  1.631500e+002
7  1.807560e+002
8  1.763520e+002
9  1.223810e+002
10  6.596400e+001
11  3.676700e+001
12  2.228400e+001
13  1.960800e+001
14  2.356100e+001
15  5.754900e+001
16  1.018590e+002
17  1.367580e+002
18  1.497200e+002
19  1.884290e+002
20  1.681330e+002
21  1.240680e+002
22  7.655900e+001
23  4.042000e+001
24  2.204000e+001
25  2.126800e+001
26  3.238800e+001
27  5.352600e+001
28  7.181800e+001
29  1.138920e+002
30  1.650080e+002
31  1.841840e+002
32  1.693370e+002
33  1.306270e+002
34  7.464300e+001
35  2.829700e+001
36  2.325000e+001
37  2.029700e+001
38  2.662700e+001
39  5.868900e+001
40  8.871700e+001
41  1.409200e+002
42  1.551060e+002
43  1.801690e+002
44  1.736680e+002
45  1.129970e+002
46  8.072800e+001
47  3.448800e+001
48  3.122700e+001
49  1.911200e+001
50  2.354400e+001
51  5.421400e+001
52  9.266600e+001
53  1.255650e+002
54  1.572950e+002
55  1.863120e+002
56  1.763810e+002
57  1.091490e+002
58  6.502600e+001
59  3.376600e+001
60  1.778000e+001
61  2.053600e+001
62  2.960800e+001
63  6.191500e+001
64  8.160000e+001
65  1.156730e+002
66  1.403440e+002
67  1.872240e+002
68  1.774070e+002
69  1.190990e+002
70  7.172800e+001
71  4.067100e+001
72  2.165000e+001
73  1.712700e+001
74  2.835900e+001
75  4.216700e+001
76  7.921000e+001
77  1.297780e+002
78  1.595340e+002
79  1.685750e+002
80  1.676910e+002
81  1.251210e+002
82  7.086300e+001
83  3.850600e+001
84  2.706300e+001
85  2.503100e+001
86  2.672700e+001
87  4.514300e+001
88  8.638600e+001
89  1.290890e+002
90  1.624050e+002
91  1.909160e+002
92  1.801730e+002
93  1.151760e+002
94  7.743000e+001
95  3.331700e+001
96  2.247500e+001
97  1.502200e+001
98  2.037900e+001
99  4.688200e+001
100  9.350000e+001
101  1.270490e+002
102  1.686420e+002
103  1.842080e+002
104  1.703160e+002
105  1.226790e+002
106  8.003000e+001
107  4.565500e+001
108  3.236900e+001
109  2.212000e+001
110  3.403000e+001
111  6.081200e+001
112  9.633500e+001
113  1.438040e+002
114  1.772960e+002
115  1.801250e+002
116  1.663350e+002
117  1.232710e+002
118  7.951800e+001
119  3.563700e+001
120  2.472100e+001
121  1.960200e+001
122  2.492000e+001
123  5.697900e+001
124  9.857500e+001
125  1.398200e+002
126  1.744150e+002
127  1.851710e+002
128  1.643570e+002
129  1.221940e+002
130  6.592700e+001
131  3.241100e+001
132  1.906900e+001
133  2.073000e+001
134  2.776100e+001
135  6.956300e+001
136  1.030780e+002
137  1.400490e+002
138  1.781500e+002
139  1.849970e+002
140  1.775630e+002
141  1.216340e+002
142  7.567200e+001
143  3.829200e+001
144  2.542600e+001
   6 
1  2.118500e+001
2  2.202700e+001
3  5.508900e+001
4  8.889500e+001
5  1.272360e+002
6  1.631500e+002
7  1.807560e+002
8  1.763520e+002
9  1.223810e+002
10  6.596400e+001
11  3.676700e+001
12  2.228400e+001
13  1.960800e+001
14  2.356100e+001
15  5.754900e+001
16  1.018590e+002
17  1.367580e+002
18  1.497200e+002
19  1.884290e+002
20  1.681330e+002
21  1.240680e+002
22  7.655900e+001
23  4.042000e+001
24  2.204000e+001
25  2.126800e+001
26  3.238800e+001
27  5.352600e+001
28  7.181800e+001
29  1.138920e+002
30  1.650080e+002
31  1.841840e+002
32  1.693370e+002
33  1.306270e+002
34  7.464300e+001
35  2.829700e+001
36  2.325000e+001
37  2.029700e+001
38  2.662700e+001
39  5.868900e+001
40  8.871700e+001
41  1.409200e+002
42  1.551060e+002
43  1.801690e+002
44  1.736680e+002
45  1.129970e+002
46  8.072800e+001
47  3.448800e+001
48  3.122700e+001
49  1.911200e+001
50  2.354400e+001
51  5.421400e+001
52  9.266600e+001
53  1.255650e+002
54  1.572950e+002
55  1.863120e+002
56  1.763810e+002
57  1.091490e+002
58  6.502600e+001
59  3.376600e+001
60  1.778000e+001
61  2.053600e+001
62  2.960800e+001
63  6.191500e+001
64  8.160000e+001
65  1.156730e+002
66  1.403440e+002
67  1.872240e+002
68  1.774070e+002
69  1.190990e+002
70  7.172800e+001
71  4.067100e+001
72  2.165000e+001
73  1.712700e+001
74  2.835900e+001
75  4.216700e+001
76  7.921000e+001
77  1.297780e+002
78  1.595340e+002
79  1.685750e+002
80  1.676910e+002
81  1.251210e+002
82  7.086300e+001
83  3.850600e+001
84  2.706300e+001
85  2.503100e+001
86  2.672700e+001
87  4.514300e+001
88  8.638600e+001
89  1.290890e+002
90  1.624050e+002
91  1.909160e+002
92  1.801730e+002
93  1.151760e+002
94  7.743000e+001
95  3.331700e+001
96  2.247500e+001
97  1.502200e+001
98  2.037900e+001
99  4.688200e+001
100  9.350000e+001
101  1.270490e+002
102  1.686420e+002
103  1.842080e+002
104  1.703160e+002
105  1.226790e+002
106  8.003000e+001
107  4.565500e+001
108  3.236900e+001
109  2.212000e+001
110  3.403000e+001
111  6.081200e+001
112  9.633500e+001
113  1.438040e+002
114  1.772960e+002
115  1.801250e+002
116  1.663350e+002
117  1.232710e+002
118  7.951800e+001
119  3.563700e+001
120  2.472100e+001
121  1.960200e+001
122  2.492000e+001
123  5.697900e+001
124  9.857500e+001
125  1.398200e+002
126  1.744150e+002
127  1.851710e+002
128  1.643570e+002
129  1.221940e+002
130  6.592700e+001
131  3.241100e+001
132  1.906900e+001
133  2.073000e+001
134  2.776100e+001
135  6.956300e+001
136  1.030780e+002
137  1.400490e+002
138  1.781500e+002
139  1.849970e+002
140  1.775630e+002
141  1.216340e+002
142  7.567200e+001
143  3.829200e+001
144  2.542600e+001
