   1 
1  1.505000e+001
2  2.583500e+001
3  6.927400e+001
4  1.054660e+002
5  1.607270e+002
6  2.091380e+002
7  2.120190e+002
8  1.899270e+002
9  1.542470e+002
10  8.821200e+001
11  5.457300e+001
12  2.725500e+001
13  1.784600e+001
14  3.125300e+001
15  5.856600e+001
16  1.139910e+002
17  1.494030e+002
18  1.951210e+002
19  2.191060e+002
20  1.958580e+002
21  1.457360e+002
22  8.275300e+001
23  4.450800e+001
24  1.745800e+001
25  1.225200e+001
26  2.567500e+001
27  5.725600e+001
28  1.057120e+002
29  1.223870e+002
30  1.817560e+002
31  2.144160e+002
32  1.766670e+002
33  1.360320e+002
34  9.481100e+001
35  4.501100e+001
36  2.402300e+001
37  1.796100e+001
38  3.104400e+001
39  6.488800e+001
40  1.117610e+002
41  1.449800e+002
42  1.882910e+002
43  2.082620e+002
44  1.878190e+002
45  1.483400e+002
46  8.831600e+001
47  2.582800e+001
48  1.382800e+001
49  2.419100e+001
50  3.362300e+001
51  7.286700e+001
52  1.174840e+002
53  1.577480e+002
54  1.890360e+002
55  2.059980e+002
56  1.881450e+002
57  1.332360e+002
58  8.336600e+001
59  4.138400e+001
60  2.406000e+001
61  2.854100e+001
62  4.254800e+001
63  8.048500e+001
64  1.086620e+002
65  1.618360e+002
66  1.857040e+002
67  2.067580e+002
68  2.031080e+002
69  1.425850e+002
70  8.772000e+001
71  5.129500e+001
72  2.838600e+001
73  2.307400e+001
74  3.865200e+001
75  6.033100e+001
76  9.900400e+001
77  1.618940e+002
78  1.938660e+002
79  2.108870e+002
80  2.005930e+002
81  1.457720e+002
82  8.293800e+001
83  4.379600e+001
84  3.289000e+001
85  2.724300e+001
86  2.660800e+001
87  6.091400e+001
88  1.204750e+002
89  1.611570e+002
90  1.971640e+002
91  2.050150e+002
92  2.010490e+002
93  1.352110e+002
94  9.475100e+001
95  3.834300e+001
96  2.731000e+001
97  1.433100e+001
98  2.294800e+001
99  6.386200e+001
100  1.152520e+002
101  1.578830e+002
102  2.085300e+002
103  2.116460e+002
104  2.004750e+002
105  1.431860e+002
106  9.338500e+001
107  5.278100e+001
108  3.399700e+001
109  2.836700e+001
110  4.848800e+001
111  7.765300e+001
112  1.199160e+002
113  1.793070e+002
114  2.064550e+002
115  2.046920e+002
116  2.060960e+002
117  1.391350e+002
118  9.781400e+001
119  4.180000e+001
120  2.516500e+001
121  2.573600e+001
122  3.579400e+001
123  7.488800e+001
124  1.231280e+002
125  1.745140e+002
126  2.046180e+002
127  2.255350e+002
128  1.971670e+002
129  1.411520e+002
130  7.754200e+001
131  3.813400e+001
132  2.323000e+001
133  2.608200e+001
134  4.376200e+001
135  9.458600e+001
136  1.297800e+002
137  1.731810e+002
138  2.105550e+002
139  2.063700e+002
140  2.029900e+002
141  1.441470e+002
142  9.111500e+001
143  3.852700e+001
144  2.606600e+001
   2 
1  1.505000e+001
2  2.583500e+001
3  6.927400e+001
4  1.054660e+002
5  1.607270e+002
6  2.091380e+002
7  2.120190e+002
8  1.899270e+002
9  1.542470e+002
10  8.821200e+001
11  5.457300e+001
12  2.725500e+001
13  1.784600e+001
14  3.125300e+001
15  5.856600e+001
16  1.139910e+002
17  1.494030e+002
18  1.951210e+002
19  2.191060e+002
20  1.958580e+002
21  1.457360e+002
22  8.275300e+001
23  4.450800e+001
24  1.745800e+001
25  1.225200e+001
26  2.567500e+001
27  5.725600e+001
28  1.057120e+002
29  1.223870e+002
30  1.817560e+002
31  2.144160e+002
32  1.766670e+002
33  1.360320e+002
34  9.481100e+001
35  4.501100e+001
36  2.402300e+001
37  1.796100e+001
38  3.104400e+001
39  6.488800e+001
40  1.117610e+002
41  1.449800e+002
42  1.882910e+002
43  2.082620e+002
44  1.878190e+002
45  1.483400e+002
46  8.831600e+001
47  2.582800e+001
48  1.382800e+001
49  2.419100e+001
50  3.362300e+001
51  7.286700e+001
52  1.174840e+002
53  1.577480e+002
54  1.890360e+002
55  2.059980e+002
56  1.881450e+002
57  1.332360e+002
58  8.336600e+001
59  4.138400e+001
60  2.406000e+001
61  2.854100e+001
62  4.254800e+001
63  8.048500e+001
64  1.086620e+002
65  1.618360e+002
66  1.857040e+002
67  2.067580e+002
68  2.031080e+002
69  1.425850e+002
70  8.772000e+001
71  5.129500e+001
72  2.838600e+001
73  2.307400e+001
74  3.865200e+001
75  6.033100e+001
76  9.900400e+001
77  1.618940e+002
78  1.938660e+002
79  2.108870e+002
80  2.005930e+002
81  1.457720e+002
82  8.293800e+001
83  4.379600e+001
84  3.289000e+001
85  2.724300e+001
86  2.660800e+001
87  6.091400e+001
88  1.204750e+002
89  1.611570e+002
90  1.971640e+002
91  2.050150e+002
92  2.010490e+002
93  1.352110e+002
94  9.475100e+001
95  3.834300e+001
96  2.731000e+001
97  1.433100e+001
98  2.294800e+001
99  6.386200e+001
100  1.152520e+002
101  1.578830e+002
102  2.085300e+002
103  2.116460e+002
104  2.004750e+002
105  1.431860e+002
106  9.338500e+001
107  5.278100e+001
108  3.399700e+001
109  2.836700e+001
110  4.848800e+001
111  7.765300e+001
112  1.199160e+002
113  1.793070e+002
114  2.064550e+002
115  2.046920e+002
116  2.060960e+002
117  1.391350e+002
118  9.781400e+001
119  4.180000e+001
120  2.516500e+001
121  2.573600e+001
122  3.579400e+001
123  7.488800e+001
124  1.231280e+002
125  1.745140e+002
126  2.046180e+002
127  2.255350e+002
128  1.971670e+002
129  1.411520e+002
130  7.754200e+001
131  3.813400e+001
132  2.323000e+001
133  2.608200e+001
134  4.376200e+001
135  9.458600e+001
136  1.297800e+002
137  1.731810e+002
138  2.105550e+002
139  2.063700e+002
140  2.029900e+002
141  1.441470e+002
142  9.111500e+001
143  3.852700e+001
144  2.606600e+001
   3 
1  1.505000e+001
2  2.583500e+001
3  6.927400e+001
4  1.054660e+002
5  1.607270e+002
6  2.091380e+002
7  2.120190e+002
8  1.899270e+002
9  1.542470e+002
10  8.821200e+001
11  5.457300e+001
12  2.725500e+001
13  1.784600e+001
14  3.125300e+001
15  5.856600e+001
16  1.139910e+002
17  1.494030e+002
18  1.951210e+002
19  2.191060e+002
20  1.958580e+002
21  1.457360e+002
22  8.275300e+001
23  4.450800e+001
24  1.745800e+001
25  1.225200e+001
26  2.567500e+001
27  5.725600e+001
28  1.057120e+002
29  1.223870e+002
30  1.817560e+002
31  2.144160e+002
32  1.766670e+002
33  1.360320e+002
34  9.481100e+001
35  4.501100e+001
36  2.402300e+001
37  1.796100e+001
38  3.104400e+001
39  6.488800e+001
40  1.117610e+002
41  1.449800e+002
42  1.882910e+002
43  2.082620e+002
44  1.878190e+002
45  1.483400e+002
46  8.831600e+001
47  2.582800e+001
48  1.382800e+001
49  2.419100e+001
50  3.362300e+001
51  7.286700e+001
52  1.174840e+002
53  1.577480e+002
54  1.890360e+002
55  2.059980e+002
56  1.881450e+002
57  1.332360e+002
58  8.336600e+001
59  4.138400e+001
60  2.406000e+001
61  2.854100e+001
62  4.254800e+001
63  8.048500e+001
64  1.086620e+002
65  1.618360e+002
66  1.857040e+002
67  2.067580e+002
68  2.031080e+002
69  1.425850e+002
70  8.772000e+001
71  5.129500e+001
72  2.838600e+001
73  2.307400e+001
74  3.865200e+001
75  6.033100e+001
76  9.900400e+001
77  1.618940e+002
78  1.938660e+002
79  2.108870e+002
80  2.005930e+002
81  1.457720e+002
82  8.293800e+001
83  4.379600e+001
84  3.289000e+001
85  2.724300e+001
86  2.660800e+001
87  6.091400e+001
88  1.204750e+002
89  1.611570e+002
90  1.971640e+002
91  2.050150e+002
92  2.010490e+002
93  1.352110e+002
94  9.475100e+001
95  3.834300e+001
96  2.731000e+001
97  1.433100e+001
98  2.294800e+001
99  6.386200e+001
100  1.152520e+002
101  1.578830e+002
102  2.085300e+002
103  2.116460e+002
104  2.004750e+002
105  1.431860e+002
106  9.338500e+001
107  5.278100e+001
108  3.399700e+001
109  2.836700e+001
110  4.848800e+001
111  7.765300e+001
112  1.199160e+002
113  1.793070e+002
114  2.064550e+002
115  2.046920e+002
116  2.060960e+002
117  1.391350e+002
118  9.781400e+001
119  4.180000e+001
120  2.516500e+001
121  2.573600e+001
122  3.579400e+001
123  7.488800e+001
124  1.231280e+002
125  1.745140e+002
126  2.046180e+002
127  2.255350e+002
128  1.971670e+002
129  1.411520e+002
130  7.754200e+001
131  3.813400e+001
132  2.323000e+001
133  2.608200e+001
134  4.376200e+001
135  9.458600e+001
136  1.297800e+002
137  1.731810e+002
138  2.105550e+002
139  2.063700e+002
140  2.029900e+002
141  1.441470e+002
142  9.111500e+001
143  3.852700e+001
144  2.606600e+001
   4 
1  1.505000e+001
2  2.583500e+001
3  6.927400e+001
4  1.054660e+002
5  1.607270e+002
6  2.091380e+002
7  2.120190e+002
8  1.899270e+002
9  1.542470e+002
10  8.821200e+001
11  5.457300e+001
12  2.725500e+001
13  1.784600e+001
14  3.125300e+001
15  5.856600e+001
16  1.139910e+002
17  1.494030e+002
18  1.951210e+002
19  2.191060e+002
20  1.958580e+002
21  1.457360e+002
22  8.275300e+001
23  4.450800e+001
24  1.745800e+001
25  1.225200e+001
26  2.567500e+001
27  5.725600e+001
28  1.057120e+002
29  1.223870e+002
30  1.817560e+002
31  2.144160e+002
32  1.766670e+002
33  1.360320e+002
34  9.481100e+001
35  4.501100e+001
36  2.402300e+001
37  1.796100e+001
38  3.104400e+001
39  6.488800e+001
40  1.117610e+002
41  1.449800e+002
42  1.882910e+002
43  2.082620e+002
44  1.878190e+002
45  1.483400e+002
46  8.831600e+001
47  2.582800e+001
48  1.382800e+001
49  2.419100e+001
50  3.362300e+001
51  7.286700e+001
52  1.174840e+002
53  1.577480e+002
54  1.890360e+002
55  2.059980e+002
56  1.881450e+002
57  1.332360e+002
58  8.336600e+001
59  4.138400e+001
60  2.406000e+001
61  2.854100e+001
62  4.254800e+001
63  8.048500e+001
64  1.086620e+002
65  1.618360e+002
66  1.857040e+002
67  2.067580e+002
68  2.031080e+002
69  1.425850e+002
70  8.772000e+001
71  5.129500e+001
72  2.838600e+001
73  2.307400e+001
74  3.865200e+001
75  6.033100e+001
76  9.900400e+001
77  1.618940e+002
78  1.938660e+002
79  2.108870e+002
80  2.005930e+002
81  1.457720e+002
82  8.293800e+001
83  4.379600e+001
84  3.289000e+001
85  2.724300e+001
86  2.660800e+001
87  6.091400e+001
88  1.204750e+002
89  1.611570e+002
90  1.971640e+002
91  2.050150e+002
92  2.010490e+002
93  1.352110e+002
94  9.475100e+001
95  3.834300e+001
96  2.731000e+001
97  1.433100e+001
98  2.294800e+001
99  6.386200e+001
100  1.152520e+002
101  1.578830e+002
102  2.085300e+002
103  2.116460e+002
104  2.004750e+002
105  1.431860e+002
106  9.338500e+001
107  5.278100e+001
108  3.399700e+001
109  2.836700e+001
110  4.848800e+001
111  7.765300e+001
112  1.199160e+002
113  1.793070e+002
114  2.064550e+002
115  2.046920e+002
116  2.060960e+002
117  1.391350e+002
118  9.781400e+001
119  4.180000e+001
120  2.516500e+001
121  2.573600e+001
122  3.579400e+001
123  7.488800e+001
124  1.231280e+002
125  1.745140e+002
126  2.046180e+002
127  2.255350e+002
128  1.971670e+002
129  1.411520e+002
130  7.754200e+001
131  3.813400e+001
132  2.323000e+001
133  2.608200e+001
134  4.376200e+001
135  9.458600e+001
136  1.297800e+002
137  1.731810e+002
138  2.105550e+002
139  2.063700e+002
140  2.029900e+002
141  1.441470e+002
142  9.111500e+001
143  3.852700e+001
144  2.606600e+001
   5 
1  1.505000e+001
2  2.583500e+001
3  6.927400e+001
4  1.054660e+002
5  1.607270e+002
6  2.091380e+002
7  2.120190e+002
8  1.899270e+002
9  1.542470e+002
10  8.821200e+001
11  5.457300e+001
12  2.725500e+001
13  1.784600e+001
14  3.125300e+001
15  5.856600e+001
16  1.139910e+002
17  1.494030e+002
18  1.951210e+002
19  2.191060e+002
20  1.958580e+002
21  1.457360e+002
22  8.275300e+001
23  4.450800e+001
24  1.745800e+001
25  1.225200e+001
26  2.567500e+001
27  5.725600e+001
28  1.057120e+002
29  1.223870e+002
30  1.817560e+002
31  2.144160e+002
32  1.766670e+002
33  1.360320e+002
34  9.481100e+001
35  4.501100e+001
36  2.402300e+001
37  1.796100e+001
38  3.104400e+001
39  6.488800e+001
40  1.117610e+002
41  1.449800e+002
42  1.882910e+002
43  2.082620e+002
44  1.878190e+002
45  1.483400e+002
46  8.831600e+001
47  2.582800e+001
48  1.382800e+001
49  2.419100e+001
50  3.362300e+001
51  7.286700e+001
52  1.174840e+002
53  1.577480e+002
54  1.890360e+002
55  2.059980e+002
56  1.881450e+002
57  1.332360e+002
58  8.336600e+001
59  4.138400e+001
60  2.406000e+001
61  2.854100e+001
62  4.254800e+001
63  8.048500e+001
64  1.086620e+002
65  1.618360e+002
66  1.857040e+002
67  2.067580e+002
68  2.031080e+002
69  1.425850e+002
70  8.772000e+001
71  5.129500e+001
72  2.838600e+001
73  2.307400e+001
74  3.865200e+001
75  6.033100e+001
76  9.900400e+001
77  1.618940e+002
78  1.938660e+002
79  2.108870e+002
80  2.005930e+002
81  1.457720e+002
82  8.293800e+001
83  4.379600e+001
84  3.289000e+001
85  2.724300e+001
86  2.660800e+001
87  6.091400e+001
88  1.204750e+002
89  1.611570e+002
90  1.971640e+002
91  2.050150e+002
92  2.010490e+002
93  1.352110e+002
94  9.475100e+001
95  3.834300e+001
96  2.731000e+001
97  1.433100e+001
98  2.294800e+001
99  6.386200e+001
100  1.152520e+002
101  1.578830e+002
102  2.085300e+002
103  2.116460e+002
104  2.004750e+002
105  1.431860e+002
106  9.338500e+001
107  5.278100e+001
108  3.399700e+001
109  2.836700e+001
110  4.848800e+001
111  7.765300e+001
112  1.199160e+002
113  1.793070e+002
114  2.064550e+002
115  2.046920e+002
116  2.060960e+002
117  1.391350e+002
118  9.781400e+001
119  4.180000e+001
120  2.516500e+001
121  2.573600e+001
122  3.579400e+001
123  7.488800e+001
124  1.231280e+002
125  1.745140e+002
126  2.046180e+002
127  2.255350e+002
128  1.971670e+002
129  1.411520e+002
130  7.754200e+001
131  3.813400e+001
132  2.323000e+001
133  2.608200e+001
134  4.376200e+001
135  9.458600e+001
136  1.297800e+002
137  1.731810e+002
138  2.105550e+002
139  2.063700e+002
140  2.029900e+002
141  1.441470e+002
142  9.111500e+001
143  3.852700e+001
144  2.606600e+001
   6 
1  1.505000e+001
2  2.583500e+001
3  6.927400e+001
4  1.054660e+002
5  1.607270e+002
6  2.091380e+002
7  2.120190e+002
8  1.899270e+002
9  1.542470e+002
10  8.821200e+001
11  5.457300e+001
12  2.725500e+001
13  1.784600e+001
14  3.125300e+001
15  5.856600e+001
16  1.139910e+002
17  1.494030e+002
18  1.951210e+002
19  2.191060e+002
20  1.958580e+002
21  1.457360e+002
22  8.275300e+001
23  4.450800e+001
24  1.745800e+001
25  1.225200e+001
26  2.567500e+001
27  5.725600e+001
28  1.057120e+002
29  1.223870e+002
30  1.817560e+002
31  2.144160e+002
32  1.766670e+002
33  1.360320e+002
34  9.481100e+001
35  4.501100e+001
36  2.402300e+001
37  1.796100e+001
38  3.104400e+001
39  6.488800e+001
40  1.117610e+002
41  1.449800e+002
42  1.882910e+002
43  2.082620e+002
44  1.878190e+002
45  1.483400e+002
46  8.831600e+001
47  2.582800e+001
48  1.382800e+001
49  2.419100e+001
50  3.362300e+001
51  7.286700e+001
52  1.174840e+002
53  1.577480e+002
54  1.890360e+002
55  2.059980e+002
56  1.881450e+002
57  1.332360e+002
58  8.336600e+001
59  4.138400e+001
60  2.406000e+001
61  2.854100e+001
62  4.254800e+001
63  8.048500e+001
64  1.086620e+002
65  1.618360e+002
66  1.857040e+002
67  2.067580e+002
68  2.031080e+002
69  1.425850e+002
70  8.772000e+001
71  5.129500e+001
72  2.838600e+001
73  2.307400e+001
74  3.865200e+001
75  6.033100e+001
76  9.900400e+001
77  1.618940e+002
78  1.938660e+002
79  2.108870e+002
80  2.005930e+002
81  1.457720e+002
82  8.293800e+001
83  4.379600e+001
84  3.289000e+001
85  2.724300e+001
86  2.660800e+001
87  6.091400e+001
88  1.204750e+002
89  1.611570e+002
90  1.971640e+002
91  2.050150e+002
92  2.010490e+002
93  1.352110e+002
94  9.475100e+001
95  3.834300e+001
96  2.731000e+001
97  1.433100e+001
98  2.294800e+001
99  6.386200e+001
100  1.152520e+002
101  1.578830e+002
102  2.085300e+002
103  2.116460e+002
104  2.004750e+002
105  1.431860e+002
106  9.338500e+001
107  5.278100e+001
108  3.399700e+001
109  2.836700e+001
110  4.848800e+001
111  7.765300e+001
112  1.199160e+002
113  1.793070e+002
114  2.064550e+002
115  2.046920e+002
116  2.060960e+002
117  1.391350e+002
118  9.781400e+001
119  4.180000e+001
120  2.516500e+001
121  2.573600e+001
122  3.579400e+001
123  7.488800e+001
124  1.231280e+002
125  1.745140e+002
126  2.046180e+002
127  2.255350e+002
128  1.971670e+002
129  1.411520e+002
130  7.754200e+001
131  3.813400e+001
132  2.323000e+001
133  2.608200e+001
134  4.376200e+001
135  9.458600e+001
136  1.297800e+002
137  1.731810e+002
138  2.105550e+002
139  2.063700e+002
140  2.029900e+002
141  1.441470e+002
142  9.111500e+001
143  3.852700e+001
144  2.606600e+001
