   1 
1  4.407900e+001
2  3.654900e+001
3  2.552100e+001
4  4.732500e+001
5  5.690600e+001
6  9.597000e+000
7  0.000000e+000
8  0.000000e+000
9  0.000000e+000
10  6.604000e+000
11  8.120400e+001
12  7.889100e+001
13  7.501600e+001
14  7.995800e+001
15  8.017400e+001
16  8.682500e+001
17  7.413800e+001
18  5.727200e+001
19  0.000000e+000
20  0.000000e+000
21  0.000000e+000
22  0.000000e+000
23  8.093600e+001
24  7.327600e+001
25  7.363400e+001
26  7.601300e+001
27  8.277000e+001
28  1.054160e+002
29  8.063700e+001
30  5.087800e+001
31  0.000000e+000
32  0.000000e+000
33  0.000000e+000
34  1.418800e+001
35  1.030630e+002
36  9.936700e+001
37  9.885200e+001
38  9.997600e+001
39  8.940900e+001
40  1.035800e+002
41  7.566100e+001
42  3.853200e+001
43  0.000000e+000
44  3.329000e+000
45  0.000000e+000
46  6.865000e+000
47  1.411900e+001
48  2.334000e+001
49  3.432800e+001
50  8.055000e+001
51  8.877100e+001
52  1.017980e+002
53  8.276800e+001
54  4.071200e+001
55  0.000000e+000
56  0.000000e+000
57  0.000000e+000
58  1.311600e+001
59  9.893900e+001
60  9.891400e+001
61  9.403300e+001
62  9.642400e+001
63  8.803600e+001
64  9.302100e+001
65  9.081200e+001
66  6.765900e+001
67  0.000000e+000
68  0.000000e+000
69  0.000000e+000
70  3.196000e+000
71  5.074000e+000
72  5.947000e+000
73  3.420000e+001
74  5.951700e+001
75  9.556700e+001
76  9.136400e+001
77  7.913700e+001
78  5.230400e+001
79  0.000000e+000
80  7.400000e-002
81  0.000000e+000
82  6.534000e+000
83  0.000000e+000
84  4.119000e+000
85  1.015300e+001
86  3.428300e+001
87  6.029700e+001
88  7.077800e+001
89  7.034700e+001
90  2.921200e+001
91  0.000000e+000
92  0.000000e+000
93  0.000000e+000
94  7.482000e+000
95  3.696600e+001
96  5.930500e+001
97  5.938000e+001
98  6.301500e+001
99  1.003620e+002
100  9.118100e+001
101  7.868400e+001
102  3.377700e+001
103  0.000000e+000
104  0.000000e+000
105  0.000000e+000
106  0.000000e+000
107  1.048100e+001
108  1.471400e+001
109  4.414700e+001
110  6.626200e+001
111  7.632700e+001
112  7.007000e+001
113  5.308600e+001
114  0.000000e+000
115  0.000000e+000
116  0.000000e+000
117  0.000000e+000
118  1.758500e+001
119  2.795300e+001
120  3.967300e+001
121  5.882600e+001
122  6.381900e+001
123  8.918400e+001
124  8.475500e+001
125  6.372700e+001
126  1.361800e+001
127  0.000000e+000
128  0.000000e+000
129  1.029600e+001
130  1.061100e+001
131  2.807300e+001
132  6.337700e+001
133  5.688800e+001
134  5.294500e+001
135  5.867100e+001
136  4.801800e+001
137  3.329600e+001
138  0.000000e+000
139  0.000000e+000
140  0.000000e+000
141  0.000000e+000
142  6.149000e+000
143  3.016500e+001
144  5.259200e+001
   2 
1  4.778000e+001
2  4.187700e+001
3  2.929600e+001
4  5.291700e+001
5  6.379400e+001
6  1.580900e+001
7  0.000000e+000
8  0.000000e+000
9  0.000000e+000
10  6.439000e+000
11  8.602200e+001
12  8.484200e+001
13  8.098000e+001
14  8.986400e+001
15  9.236500e+001
16  9.563600e+001
17  8.374200e+001
18  6.812900e+001
19  0.000000e+000
20  0.000000e+000
21  0.000000e+000
22  0.000000e+000
23  9.802400e+001
24  9.056000e+001
25  9.224000e+001
26  9.836900e+001
27  9.796200e+001
28  1.072710e+002
29  8.135800e+001
30  5.133000e+001
31  0.000000e+000
32  0.000000e+000
33  0.000000e+000
34  1.569900e+001
35  1.057010e+002
36  9.964400e+001
37  1.012300e+002
38  1.015350e+002
39  8.950100e+001
40  1.072350e+002
41  7.681300e+001
42  3.953600e+001
43  0.000000e+000
44  3.555000e+000
45  0.000000e+000
46  7.006000e+000
47  1.464400e+001
48  2.385000e+001
49  3.768900e+001
50  8.796000e+001
51  9.103200e+001
52  1.071000e+002
53  8.447100e+001
54  4.132600e+001
55  0.000000e+000
56  0.000000e+000
57  0.000000e+000
58  1.366600e+001
59  9.952400e+001
60  1.015980e+002
61  9.759300e+001
62  9.650800e+001
63  8.813300e+001
64  9.330400e+001
65  9.342800e+001
66  6.801400e+001
67  0.000000e+000
68  0.000000e+000
69  0.000000e+000
70  3.503000e+000
71  6.163000e+000
72  7.456000e+000
73  3.814100e+001
74  7.264600e+001
75  9.563200e+001
76  9.163000e+001
77  8.271600e+001
78  5.647400e+001
79  0.000000e+000
80  8.200000e-002
81  0.000000e+000
82  6.861000e+000
83  8.400000e-002
84  4.302000e+000
85  1.031300e+001
86  3.440200e+001
87  6.168300e+001
88  7.922300e+001
89  8.001900e+001
90  3.769400e+001
91  0.000000e+000
92  0.000000e+000
93  0.000000e+000
94  7.470000e+000
95  3.732300e+001
96  6.222500e+001
97  6.473800e+001
98  7.583300e+001
99  1.024110e+002
100  9.204200e+001
101  7.938600e+001
102  3.450200e+001
103  0.000000e+000
104  0.000000e+000
105  0.000000e+000
106  0.000000e+000
107  1.065100e+001
108  1.499000e+001
109  5.109500e+001
110  7.391000e+001
111  8.843400e+001
112  7.874300e+001
113  6.030700e+001
114  3.020000e+000
115  0.000000e+000
116  0.000000e+000
117  0.000000e+000
118  1.757800e+001
119  2.792600e+001
120  4.373600e+001
121  7.003300e+001
122  8.457500e+001
123  9.357100e+001
124  8.699300e+001
125  6.534800e+001
126  1.577100e+001
127  0.000000e+000
128  0.000000e+000
129  1.033100e+001
130  1.089300e+001
131  2.833400e+001
132  6.398800e+001
133  5.748700e+001
134  5.704300e+001
135  6.202000e+001
136  5.111800e+001
137  3.616300e+001
138  0.000000e+000
139  0.000000e+000
140  0.000000e+000
141  0.000000e+000
142  6.134000e+000
143  3.020500e+001
144  5.305900e+001
   3 
1  4.365100e+001
2  3.659700e+001
3  2.499700e+001
4  4.806000e+001
5  5.833700e+001
6  1.082900e+001
7  0.000000e+000
8  0.000000e+000
9  0.000000e+000
10  6.525000e+000
11  8.335200e+001
12  8.097600e+001
13  7.707400e+001
14  8.198500e+001
15  8.282300e+001
16  9.117700e+001
17  7.922700e+001
18  6.245700e+001
19  0.000000e+000
20  0.000000e+000
21  0.000000e+000
22  0.000000e+000
23  8.653800e+001
24  7.878600e+001
25  7.904100e+001
26  8.128400e+001
27  8.886400e+001
28  1.060680e+002
29  8.092600e+001
30  5.108500e+001
31  0.000000e+000
32  0.000000e+000
33  0.000000e+000
34  1.488700e+001
35  1.041960e+002
36  9.950000e+001
37  9.890200e+001
38  1.001470e+002
39  8.944900e+001
40  1.047720e+002
41  7.601700e+001
42  3.886900e+001
43  0.000000e+000
44  3.468000e+000
45  0.000000e+000
46  6.952000e+000
47  1.444300e+001
48  2.365700e+001
49  3.554600e+001
50  8.264900e+001
51  9.088400e+001
52  1.043200e+002
53  8.342000e+001
54  4.087200e+001
55  0.000000e+000
56  0.000000e+000
57  0.000000e+000
58  1.325800e+001
59  9.913500e+001
60  9.900400e+001
61  9.408500e+001
62  9.645600e+001
63  8.807400e+001
64  9.311200e+001
65  9.166100e+001
66  6.783300e+001
67  0.000000e+000
68  0.000000e+000
69  0.000000e+000
70  3.318000e+000
71  5.508000e+000
72  6.550000e+000
73  3.572700e+001
74  6.394400e+001
75  9.560900e+001
76  9.147100e+001
77  8.025800e+001
78  5.382400e+001
79  0.000000e+000
80  7.900000e-002
81  0.000000e+000
82  6.719000e+000
83  0.000000e+000
84  4.223000e+000
85  1.024400e+001
86  3.435100e+001
87  6.108000e+001
88  7.401300e+001
89  7.402700e+001
90  3.249100e+001
91  0.000000e+000
92  0.000000e+000
93  0.000000e+000
94  7.480000e+000
95  3.729900e+001
96  6.072400e+001
97  6.136100e+001
98  6.603300e+001
99  1.010260e+002
100  9.153900e+001
101  7.906400e+001
102  3.402900e+001
103  0.000000e+000
104  0.000000e+000
105  0.000000e+000
106  0.000000e+000
107  1.053200e+001
108  1.479800e+001
109  4.658400e+001
110  6.964200e+001
111  8.109700e+001
112  7.490900e+001
113  5.716600e+001
114  0.000000e+000
115  0.000000e+000
116  0.000000e+000
117  0.000000e+000
118  1.758100e+001
119  2.793800e+001
120  4.089200e+001
121  6.205300e+001
122  6.880100e+001
123  9.321500e+001
124  8.622500e+001
125  6.485800e+001
126  1.476600e+001
127  0.000000e+000
128  0.000000e+000
129  1.030600e+001
130  1.069000e+001
131  2.814600e+001
132  6.372200e+001
133  5.722800e+001
134  5.423500e+001
135  5.998300e+001
136  4.922500e+001
137  3.441300e+001
138  0.000000e+000
139  0.000000e+000
140  0.000000e+000
141  0.000000e+000
142  6.146000e+000
143  3.026500e+001
144  5.307500e+001
   4 
1  5.150700e+001
2  4.807000e+001
3  3.881700e+001
4  6.204000e+001
5  7.243900e+001
6  2.377600e+001
7  0.000000e+000
8  0.000000e+000
9  0.000000e+000
10  6.684000e+000
11  8.739200e+001
12  8.934000e+001
13  8.492500e+001
14  1.060310e+002
15  9.546300e+001
16  9.608500e+001
17  8.426000e+001
18  7.062300e+001
19  0.000000e+000
20  0.000000e+000
21  0.000000e+000
22  0.000000e+000
23  1.004070e+002
24  9.280700e+001
25  9.771400e+001
26  1.178780e+002
27  9.906900e+001
28  1.083740e+002
29  8.155000e+001
30  5.158300e+001
31  0.000000e+000
32  0.000000e+000
33  0.000000e+000
34  1.637200e+001
35  1.068380e+002
36  9.969600e+001
37  1.094710e+002
38  1.058100e+002
39  8.955600e+001
40  1.104750e+002
41  7.750300e+001
42  4.036400e+001
43  0.000000e+000
44  3.655000e+000
45  0.000000e+000
46  7.068000e+000
47  1.487300e+001
48  2.397000e+001
49  3.966800e+001
50  9.473000e+001
51  9.105900e+001
52  1.101530e+002
53  8.535300e+001
54  4.182600e+001
55  0.000000e+000
56  0.000000e+000
57  0.000000e+000
58  1.404200e+001
59  1.000160e+002
60  1.091260e+002
61  1.109280e+002
62  9.652200e+001
63  8.814600e+001
64  9.354100e+001
65  9.491500e+001
66  6.806200e+001
67  4.138000e+000
68  0.000000e+000
69  0.000000e+000
70  3.683000e+000
71  6.780000e+000
72  8.306000e+000
73  3.944400e+001
74  8.166300e+001
75  9.565700e+001
76  9.176600e+001
77  8.412700e+001
78  5.806500e+001
79  9.190000e-001
80  8.900000e-002
81  0.000000e+000
82  7.094000e+000
83  5.480000e-001
84  4.433000e+000
85  1.042700e+001
86  3.448800e+001
87  6.175500e+001
88  8.345400e+001
89  8.485800e+001
90  4.179600e+001
91  0.000000e+000
92  0.000000e+000
93  0.000000e+000
94  7.492000e+000
95  3.736500e+001
96  6.307800e+001
97  6.820600e+001
98  8.896600e+001
99  1.041810e+002
100  9.217300e+001
101  7.941700e+001
102  3.507900e+001
103  0.000000e+000
104  0.000000e+000
105  0.000000e+000
106  0.000000e+000
107  1.083300e+001
108  1.528200e+001
109  5.553300e+001
110  7.974600e+001
111  9.029600e+001
112  7.891100e+001
113  6.042400e+001
114  3.755000e+000
115  0.000000e+000
116  0.000000e+000
117  0.000000e+000
118  1.758900e+001
119  2.796600e+001
120  4.777600e+001
121  7.985600e+001
122  1.078300e+002
123  9.378700e+001
124  8.735400e+001
125  6.552200e+001
126  1.712800e+001
127  0.000000e+000
128  0.000000e+000
129  1.036700e+001
130  1.117800e+001
131  2.859300e+001
132  6.431500e+001
133  5.780600e+001
134  5.970400e+001
135  6.380000e+001
136  5.277800e+001
137  3.769200e+001
138  0.000000e+000
139  0.000000e+000
140  0.000000e+000
141  0.000000e+000
142  6.131000e+000
143  3.019100e+001
144  5.304100e+001
   5 
1  4.301500e+001
2  3.519500e+001
3  2.440600e+001
4  4.535100e+001
5  5.456200e+001
6  7.479000e+000
7  0.000000e+000
8  0.000000e+000
9  0.000000e+000
10  6.716000e+000
11  7.945400e+001
12  7.720500e+001
13  7.334300e+001
14  7.829800e+001
15  7.803500e+001
16  8.353700e+001
17  7.051500e+001
18  5.354900e+001
19  0.000000e+000
20  0.000000e+000
21  0.000000e+000
22  0.000000e+000
23  7.712200e+001
24  6.952800e+001
25  6.994500e+001
26  7.240500e+001
27  7.853600e+001
28  1.049510e+002
29  8.040900e+001
30  5.081200e+001
31  0.000000e+000
32  0.000000e+000
33  0.000000e+000
34  1.392900e+001
35  1.019600e+002
36  9.927100e+001
37  9.881200e+001
38  9.983300e+001
39  8.935000e+001
40  1.027260e+002
41  7.538300e+001
42  3.841700e+001
43  0.000000e+000
44  3.194000e+000
45  0.000000e+000
46  6.780000e+000
47  1.379900e+001
48  2.302000e+001
49  3.348400e+001
50  7.895500e+001
51  8.637800e+001
52  9.957500e+001
53  8.226700e+001
54  4.049900e+001
55  0.000000e+000
56  0.000000e+000
57  0.000000e+000
58  1.304000e+001
59  9.879100e+001
60  9.885300e+001
61  9.399900e+001
62  9.639900e+001
63  8.799500e+001
64  9.294100e+001
65  9.020700e+001
66  6.751100e+001
67  0.000000e+000
68  0.000000e+000
69  0.000000e+000
70  3.098000e+000
71  4.718000e+000
72  5.450000e+000
73  3.298600e+001
74  5.642800e+001
75  9.552400e+001
76  9.129000e+001
77  7.882600e+001
78  5.160000e+001
79  0.000000e+000
80  6.900000e-002
81  0.000000e+000
82  6.357000e+000
83  0.000000e+000
84  4.020000e+000
85  1.006600e+001
86  3.421700e+001
87  5.957100e+001
88  6.835100e+001
89  6.763100e+001
90  2.680000e+001
91  0.000000e+000
92  0.000000e+000
93  0.000000e+000
94  7.491000e+000
95  3.652300e+001
96  5.805500e+001
97  5.813600e+001
98  6.177400e+001
99  9.940000e+001
100  9.088200e+001
101  7.834200e+001
102  3.356300e+001
103  0.000000e+000
104  0.000000e+000
105  0.000000e+000
106  0.000000e+000
107  1.045000e+001
108  1.466300e+001
109  4.256600e+001
110  6.386200e+001
111  7.293600e+001
112  6.657500e+001
113  5.007400e+001
114  0.000000e+000
115  0.000000e+000
116  0.000000e+000
117  0.000000e+000
118  1.758900e+001
119  2.796600e+001
120  3.887300e+001
121  5.739500e+001
122  6.579300e+001
123  8.858500e+001
124  8.288100e+001
125  6.223200e+001
126  1.227200e+001
127  0.000000e+000
128  0.000000e+000
129  1.029600e+001
130  1.060800e+001
131  2.807000e+001
132  6.298900e+001
133  5.650400e+001
134  5.256700e+001
135  5.787600e+001
136  4.728400e+001
137  3.262300e+001
138  0.000000e+000
139  0.000000e+000
140  0.000000e+000
141  0.000000e+000
142  6.162000e+000
143  3.004900e+001
144  5.200700e+001
   6 
1  4.348700e+001
2  3.583000e+001
3  2.495200e+001
4  4.634300e+001
5  5.574100e+001
6  8.546000e+000
7  0.000000e+000
8  0.000000e+000
9  0.000000e+000
10  6.639000e+000
11  8.033200e+001
12  7.804500e+001
13  7.417900e+001
14  7.912900e+001
15  7.910800e+001
16  8.516700e+001
17  7.230500e+001
18  5.539600e+001
19  0.000000e+000
20  0.000000e+000
21  0.000000e+000
22  0.000000e+000
23  7.899900e+001
24  7.136900e+001
25  7.176000e+001
26  7.418200e+001
27  8.063100e+001
28  1.051810e+002
29  8.052300e+001
30  5.084300e+001
31  0.000000e+000
32  0.000000e+000
33  0.000000e+000
34  1.402600e+001
35  1.025330e+002
36  9.931900e+001
37  9.883200e+001
38  9.990600e+001
39  8.938200e+001
40  1.031590e+002
41  7.552400e+001
42  3.848900e+001
43  0.000000e+000
44  3.261000e+000
45  0.000000e+000
46  6.822000e+000
47  1.395800e+001
48  2.317900e+001
49  3.389600e+001
50  7.975700e+001
51  8.757600e+001
52  1.007690e+002
53  8.251900e+001
54  4.062300e+001
55  0.000000e+000
56  0.000000e+000
57  0.000000e+000
58  1.309200e+001
59  9.887100e+001
60  9.889300e+001
61  9.402200e+001
62  9.641100e+001
63  8.801600e+001
64  9.298400e+001
65  9.051100e+001
66  6.758800e+001
67  0.000000e+000
68  0.000000e+000
69  0.000000e+000
70  3.140000e+000
71  4.871000e+000
72  5.664000e+000
73  3.356600e+001
74  5.793200e+001
75  9.554800e+001
76  9.132700e+001
77  7.898300e+001
78  5.196000e+001
79  0.000000e+000
80  7.200000e-002
81  0.000000e+000
82  6.463000e+000
83  0.000000e+000
84  4.080000e+000
85  1.011900e+001
86  3.425700e+001
87  5.995400e+001
88  6.957700e+001
89  6.900500e+001
90  2.802300e+001
91  0.000000e+000
92  0.000000e+000
93  0.000000e+000
94  7.498000e+000
95  3.678600e+001
96  5.873600e+001
97  5.881500e+001
98  6.245100e+001
99  1.000940e+002
100  9.103500e+001
101  7.851900e+001
102  3.367600e+001
103  0.000000e+000
104  0.000000e+000
105  0.000000e+000
106  0.000000e+000
107  1.046100e+001
108  1.468300e+001
109  4.328600e+001
110  6.500600e+001
111  7.458500e+001
112  6.828900e+001
113  5.155700e+001
114  0.000000e+000
115  0.000000e+000
116  0.000000e+000
117  0.000000e+000
118  1.758900e+001
119  2.796600e+001
120  3.927300e+001
121  5.811500e+001
122  6.310800e+001
123  8.746400e+001
124  8.282100e+001
125  6.216000e+001
126  1.221600e+001
127  0.000000e+000
128  0.000000e+000
129  1.029700e+001
130  1.061400e+001
131  2.807600e+001
132  6.321200e+001
133  5.672500e+001
134  5.278500e+001
135  5.831400e+001
136  4.768900e+001
137  3.299500e+001
138  0.000000e+000
139  0.000000e+000
140  0.000000e+000
141  0.000000e+000
142  6.157000e+000
143  3.012400e+001
144  5.233800e+001
