   1 
1  5.031500e+001
2  7.142800e+001
3  1.069380e+002
4  1.093390e+002
5  8.325300e+001
6  3.874300e+001
7  0.000000e+000
8  0.000000e+000
9  0.000000e+000
10  1.160000e+001
11  3.369000e+000
12  5.510000e-001
13  1.822000e+000
14  8.158500e+001
15  1.121090e+002
16  9.957500e+001
17  8.048500e+001
18  4.823600e+001
19  0.000000e+000
20  0.000000e+000
21  0.000000e+000
22  2.388300e+001
23  1.123300e+001
24  3.308400e+001
25  3.055500e+001
26  6.607200e+001
27  9.753000e+001
28  1.017040e+002
29  1.052000e+002
30  7.657800e+001
31  0.000000e+000
32  1.575000e+000
33  0.000000e+000
34  0.000000e+000
35  2.709800e+001
36  3.908200e+001
37  4.941900e+001
38  6.275000e+001
39  8.516600e+001
40  1.080420e+002
41  1.050890e+002
42  6.284700e+001
43  0.000000e+000
44  0.000000e+000
45  0.000000e+000
46  5.840000e+000
47  9.419900e+001
48  1.043010e+002
49  1.205160e+002
50  1.196290e+002
51  1.089680e+002
52  1.245870e+002
53  1.008500e+002
54  5.692900e+001
55  0.000000e+000
56  0.000000e+000
57  0.000000e+000
58  4.952000e+000
59  9.353800e+001
60  9.007300e+001
61  8.304600e+001
62  9.613500e+001
63  8.586500e+001
64  1.111650e+002
65  1.089620e+002
66  8.435400e+001
67  0.000000e+000
68  0.000000e+000
69  0.000000e+000
70  0.000000e+000
71  1.021900e+001
72  6.953000e+000
73  2.462300e+001
74  6.616000e+001
75  1.045520e+002
76  1.065240e+002
77  9.249000e+001
78  4.541400e+001
79  0.000000e+000
80  0.000000e+000
81  0.000000e+000
82  1.457300e+001
83  5.254000e+000
84  2.544800e+001
85  3.394700e+001
86  3.346100e+001
87  3.645300e+001
88  6.142800e+001
89  5.702700e+001
90  1.483600e+001
91  0.000000e+000
92  0.000000e+000
93  0.000000e+000
94  1.325000e+001
95  5.469900e+001
96  7.015500e+001
97  6.606000e+001
98  6.993000e+001
99  1.083700e+002
100  1.036740e+002
101  9.600700e+001
102  4.094100e+001
103  0.000000e+000
104  0.000000e+000
105  0.000000e+000
106  7.450000e-001
107  1.529800e+001
108  8.148000e+000
109  3.949800e+001
110  3.955900e+001
111  3.339400e+001
112  3.574000e+001
113  1.951600e+001
114  0.000000e+000
115  0.000000e+000
116  0.000000e+000
117  0.000000e+000
118  1.740400e+001
119  4.841900e+001
120  5.072500e+001
121  5.609000e+001
122  6.128000e+001
123  9.615900e+001
124  8.673300e+001
125  6.181700e+001
126  5.890000e+000
127  0.000000e+000
128  0.000000e+000
129  1.311200e+001
130  1.131900e+001
131  2.763400e+001
132  7.184100e+001
133  6.723200e+001
134  6.844200e+001
135  6.036400e+001
136  5.246900e+001
137  3.892200e+001
138  0.000000e+000
139  0.000000e+000
140  0.000000e+000
141  0.000000e+000
142  5.829000e+000
143  1.137700e+001
144  1.921300e+001
   2 
1  5.114800e+001
2  7.553100e+001
3  1.160500e+002
4  1.146010e+002
5  8.584200e+001
6  4.092400e+001
7  0.000000e+000
8  0.000000e+000
9  0.000000e+000
10  1.160000e+001
11  3.372000e+000
12  5.510000e-001
13  1.822000e+000
14  8.958800e+001
15  1.125340e+002
16  1.002020e+002
17  8.082800e+001
18  4.847000e+001
19  0.000000e+000
20  0.000000e+000
21  0.000000e+000
22  2.406600e+001
23  1.154100e+001
24  3.343200e+001
25  3.089100e+001
26  7.254500e+001
27  1.223560e+002
28  1.142600e+002
29  1.061970e+002
30  7.691200e+001
31  0.000000e+000
32  1.852000e+000
33  0.000000e+000
34  0.000000e+000
35  2.767300e+001
36  3.986100e+001
37  5.909600e+001
38  7.946400e+001
39  1.044570e+002
40  1.180380e+002
41  1.059870e+002
42  6.337600e+001
43  0.000000e+000
44  0.000000e+000
45  0.000000e+000
46  5.935000e+000
47  9.961500e+001
48  1.113030e+002
49  1.222190e+002
50  1.228990e+002
51  1.089500e+002
52  1.283900e+002
53  1.038880e+002
54  5.943000e+001
55  0.000000e+000
56  0.000000e+000
57  0.000000e+000
58  4.962000e+000
59  1.073290e+002
60  1.063960e+002
61  1.000430e+002
62  1.158130e+002
63  1.042750e+002
64  1.113210e+002
65  1.131610e+002
66  8.479600e+001
67  2.144000e+000
68  0.000000e+000
69  0.000000e+000
70  0.000000e+000
71  1.156000e+001
72  9.111000e+000
73  2.724600e+001
74  7.420800e+001
75  1.135830e+002
76  1.068270e+002
77  9.270400e+001
78  4.701200e+001
79  0.000000e+000
80  0.000000e+000
81  0.000000e+000
82  1.461700e+001
83  6.119000e+000
84  2.659700e+001
85  3.479500e+001
86  3.427500e+001
87  3.971700e+001
88  7.098500e+001
89  6.643600e+001
90  2.378900e+001
91  0.000000e+000
92  0.000000e+000
93  0.000000e+000
94  1.321300e+001
95  5.717600e+001
96  7.332000e+001
97  6.905200e+001
98  8.376300e+001
99  1.185680e+002
100  1.084990e+002
101  1.008740e+002
102  4.516100e+001
103  0.000000e+000
104  0.000000e+000
105  0.000000e+000
106  7.530000e-001
107  1.547300e+001
108  8.522000e+000
109  4.293100e+001
110  4.268500e+001
111  3.648000e+001
112  4.045800e+001
113  2.407100e+001
114  0.000000e+000
115  0.000000e+000
116  0.000000e+000
117  0.000000e+000
118  1.740500e+001
119  5.139900e+001
120  5.624100e+001
121  6.283800e+001
122  7.584300e+001
123  1.125670e+002
124  1.027300e+002
125  7.529500e+001
126  1.868000e+001
127  0.000000e+000
128  0.000000e+000
129  1.310600e+001
130  1.123900e+001
131  2.756600e+001
132  7.480600e+001
133  6.947600e+001
134  8.365100e+001
135  7.424100e+001
136  6.599300e+001
137  5.139700e+001
138  3.449000e+000
139  0.000000e+000
140  0.000000e+000
141  0.000000e+000
142  5.791000e+000
143  1.100800e+001
144  1.878800e+001
   3 
1  5.072200e+001
2  7.312200e+001
3  1.118350e+002
4  1.109090e+002
5  8.359300e+001
6  3.899900e+001
7  0.000000e+000
8  0.000000e+000
9  0.000000e+000
10  1.159700e+001
11  3.352000e+000
12  5.510000e-001
13  1.822000e+000
14  8.452300e+001
15  1.123120e+002
16  9.982100e+001
17  8.061100e+001
18  4.829600e+001
19  0.000000e+000
20  0.000000e+000
21  0.000000e+000
22  2.389100e+001
23  1.124600e+001
24  3.309900e+001
25  3.056900e+001
26  6.839400e+001
27  1.047960e+002
28  1.095490e+002
29  1.056790e+002
30  7.677700e+001
31  0.000000e+000
32  1.594000e+000
33  0.000000e+000
34  0.000000e+000
35  2.727200e+001
36  3.926500e+001
37  5.265900e+001
38  6.814100e+001
39  8.958200e+001
40  1.136370e+002
41  1.055290e+002
42  6.308100e+001
43  0.000000e+000
44  0.000000e+000
45  0.000000e+000
46  5.868000e+000
47  9.688100e+001
48  1.085960e+002
49  1.205560e+002
50  1.207630e+002
51  1.089730e+002
52  1.258070e+002
53  1.014610e+002
54  5.724300e+001
55  0.000000e+000
56  0.000000e+000
57  0.000000e+000
58  4.954000e+000
59  9.855000e+001
60  9.509900e+001
61  8.796700e+001
62  1.023130e+002
63  9.174400e+001
64  1.112210e+002
65  1.103090e+002
66  8.457500e+001
67  0.000000e+000
68  0.000000e+000
69  0.000000e+000
70  0.000000e+000
71  1.071900e+001
72  7.760000e+000
73  2.497300e+001
74  6.854600e+001
75  1.080070e+002
76  1.066310e+002
77  9.261000e+001
78  4.603800e+001
79  0.000000e+000
80  0.000000e+000
81  0.000000e+000
82  1.459300e+001
83  5.652000e+000
84  2.598000e+001
85  3.434300e+001
86  3.384300e+001
87  3.744100e+001
88  6.477800e+001
89  6.045300e+001
90  1.810300e+001
91  0.000000e+000
92  0.000000e+000
93  0.000000e+000
94  1.323400e+001
95  5.603300e+001
96  7.184200e+001
97  6.766200e+001
98  7.401400e+001
99  1.167450e+002
100  1.074170e+002
101  9.987100e+001
102  4.417200e+001
103  0.000000e+000
104  0.000000e+000
105  0.000000e+000
106  7.470000e-001
107  1.533200e+001
108  8.220000e+000
109  4.074200e+001
110  4.062300e+001
111  3.444500e+001
112  3.756600e+001
113  2.128100e+001
114  0.000000e+000
115  0.000000e+000
116  0.000000e+000
117  0.000000e+000
118  1.740400e+001
119  4.990900e+001
120  5.315100e+001
121  5.904200e+001
122  6.653700e+001
123  1.041690e+002
124  9.421100e+001
125  6.825400e+001
126  1.183800e+001
127  0.000000e+000
128  0.000000e+000
129  1.310600e+001
130  1.123300e+001
131  2.756200e+001
132  7.257800e+001
133  6.776800e+001
134  7.248300e+001
135  6.392900e+001
136  5.603300e+001
137  4.219500e+001
138  0.000000e+000
139  0.000000e+000
140  0.000000e+000
141  0.000000e+000
142  5.815000e+000
143  1.124200e+001
144  1.905800e+001
   4 
1  5.118100e+001
2  7.716900e+001
3  1.161700e+002
4  1.170950e+002
5  8.712300e+001
6  4.201500e+001
7  0.000000e+000
8  0.000000e+000
9  0.000000e+000
10  1.168300e+001
11  3.966000e+000
12  5.520000e-001
13  1.822000e+000
14  9.356900e+001
15  1.127010e+002
16  1.003490e+002
17  8.091600e+001
18  4.867500e+001
19  0.000000e+000
20  0.000000e+000
21  0.000000e+000
22  2.481900e+001
23  1.292600e+001
24  3.500800e+001
25  3.241400e+001
26  7.640600e+001
27  1.330010e+002
28  1.143200e+002
29  1.062400e+002
30  7.692500e+001
31  0.000000e+000
32  2.237000e+000
33  0.000000e+000
34  0.000000e+000
35  2.806500e+001
36  4.023600e+001
37  6.352900e+001
38  8.734900e+001
39  1.085810e+002
40  1.180860e+002
41  1.061410e+002
42  6.350600e+001
43  0.000000e+000
44  0.000000e+000
45  0.000000e+000
46  5.985000e+000
47  1.000390e+002
48  1.115150e+002
49  1.283660e+002
50  1.250390e+002
51  1.089370e+002
52  1.318040e+002
53  1.044380e+002
54  5.996300e+001
55  0.000000e+000
56  0.000000e+000
57  0.000000e+000
58  4.974000e+000
59  1.142600e+002
60  1.170850e+002
61  1.123220e+002
62  1.154500e+002
63  1.037710e+002
64  1.114280e+002
65  1.149060e+002
66  8.487100e+001
67  9.493000e+000
68  0.000000e+000
69  0.000000e+000
70  0.000000e+000
71  1.218100e+001
72  1.010300e+001
73  2.824900e+001
74  7.720300e+001
75  1.160310e+002
76  1.069700e+002
77  9.275000e+001
78  4.783200e+001
79  0.000000e+000
80  0.000000e+000
81  0.000000e+000
82  1.462900e+001
83  6.365000e+000
84  2.691900e+001
85  3.502400e+001
86  3.449200e+001
87  4.166600e+001
88  7.595300e+001
89  7.106000e+001
90  2.813900e+001
91  0.000000e+000
92  0.000000e+000
93  0.000000e+000
94  1.321400e+001
95  5.717900e+001
96  7.335500e+001
97  6.908100e+001
98  9.837400e+001
99  1.189610e+002
100  1.091040e+002
101  1.010370e+002
102  4.590200e+001
103  0.000000e+000
104  0.000000e+000
105  0.000000e+000
106  7.610000e-001
107  1.564700e+001
108  8.892000e+000
109  4.471200e+001
110  4.440600e+001
111  3.817600e+001
112  4.214900e+001
113  2.570300e+001
114  0.000000e+000
115  0.000000e+000
116  0.000000e+000
117  0.000000e+000
118  1.740500e+001
119  5.151900e+001
120  5.740600e+001
121  6.411600e+001
122  8.466900e+001
123  1.128270e+002
124  1.051450e+002
125  7.720800e+001
126  2.170100e+001
127  0.000000e+000
128  0.000000e+000
129  1.312300e+001
130  1.149100e+001
131  2.777600e+001
132  7.808800e+001
133  7.250700e+001
134  9.841700e+001
135  8.816400e+001
136  7.895600e+001
137  6.318600e+001
138  1.444800e+001
139  0.000000e+000
140  0.000000e+000
141  0.000000e+000
142  5.776000e+000
143  1.085700e+001
144  1.861300e+001
   5 
1  4.993700e+001
2  7.013600e+001
3  1.044020e+002
4  1.079260e+002
5  8.267800e+001
6  3.827100e+001
7  0.000000e+000
8  0.000000e+000
9  0.000000e+000
10  1.160500e+001
11  3.411000e+000
12  5.510000e-001
13  1.822000e+000
14  7.945300e+001
15  1.097560e+002
16  9.922000e+001
17  8.024900e+001
18  4.807000e+001
19  0.000000e+000
20  0.000000e+000
21  0.000000e+000
22  2.386000e+001
23  1.122200e+001
24  3.307600e+001
25  3.054600e+001
26  6.435900e+001
27  9.466900e+001
28  9.784900e+001
29  1.043780e+002
30  7.603500e+001
31  0.000000e+000
32  1.584000e+000
33  0.000000e+000
34  0.000000e+000
35  2.691600e+001
36  3.885100e+001
37  4.716600e+001
38  6.278500e+001
39  8.373200e+001
40  1.052200e+002
41  1.046300e+002
42  6.257700e+001
43  0.000000e+000
44  0.000000e+000
45  0.000000e+000
46  5.832000e+000
47  9.187900e+001
48  1.009340e+002
49  1.192400e+002
50  1.177360e+002
51  1.089390e+002
52  1.237470e+002
53  1.003680e+002
54  5.655000e+001
55  0.000000e+000
56  0.000000e+000
57  0.000000e+000
58  4.951000e+000
59  8.989400e+001
60  8.646200e+001
61  7.949500e+001
62  9.169000e+001
63  8.159600e+001
64  1.110650e+002
65  1.080100e+002
66  8.415000e+001
67  0.000000e+000
68  0.000000e+000
69  0.000000e+000
70  0.000000e+000
71  9.940000e+000
72  6.502000e+000
73  2.393300e+001
74  6.409100e+001
75  1.016340e+002
76  1.064370e+002
77  9.233000e+001
78  4.495000e+001
79  0.000000e+000
80  0.000000e+000
81  0.000000e+000
82  1.455500e+001
83  4.906000e+000
84  2.497900e+001
85  3.354800e+001
86  3.307400e+001
87  4.052600e+001
88  6.244600e+001
89  5.768300e+001
90  1.545800e+001
91  0.000000e+000
92  0.000000e+000
93  0.000000e+000
94  1.322000e+001
95  5.343600e+001
96  6.868100e+001
97  6.458600e+001
98  6.843100e+001
99  1.039390e+002
100  9.924000e+001
101  9.169600e+001
102  3.726400e+001
103  0.000000e+000
104  0.000000e+000
105  0.000000e+000
106  7.460000e-001
107  1.530400e+001
108  8.160000e+000
109  3.859200e+001
110  3.890000e+001
111  3.274300e+001
112  3.443400e+001
113  1.825200e+001
114  0.000000e+000
115  0.000000e+000
116  0.000000e+000
117  0.000000e+000
118  1.741200e+001
119  4.715700e+001
120  4.878700e+001
121  5.380000e+001
122  5.799500e+001
123  9.077500e+001
124  8.159500e+001
125  5.731600e+001
126  1.660000e+000
127  0.000000e+000
128  0.000000e+000
129  1.311900e+001
130  1.142700e+001
131  2.772300e+001
132  7.176800e+001
133  6.715800e+001
134  6.836500e+001
135  6.015600e+001
136  5.210000e+001
137  3.868300e+001
138  0.000000e+000
139  0.000000e+000
140  0.000000e+000
141  0.000000e+000
142  5.829000e+000
143  1.138000e+001
144  1.921600e+001
   6 
1  5.013900e+001
2  7.080300e+001
3  1.056960e+002
4  1.087740e+002
5  8.310100e+001
6  3.862700e+001
7  0.000000e+000
8  0.000000e+000
9  0.000000e+000
10  1.160100e+001
11  3.378000e+000
12  5.510000e-001
13  1.822000e+000
14  8.051800e+001
15  1.116880e+002
16  9.946500e+001
17  8.042600e+001
18  4.820500e+001
19  0.000000e+000
20  0.000000e+000
21  0.000000e+000
22  2.387800e+001
23  1.123100e+001
24  3.308200e+001
25  3.055300e+001
26  6.522400e+001
27  9.599100e+001
28  9.969300e+001
29  1.049920e+002
30  7.647800e+001
31  0.000000e+000
32  1.577000e+000
33  0.000000e+000
34  0.000000e+000
35  2.701100e+001
36  3.897900e+001
37  4.828300e+001
38  6.389000e+001
39  8.534500e+001
40  1.073200e+002
41  1.049210e+002
42  6.276400e+001
43  0.000000e+000
44  0.000000e+000
45  0.000000e+000
46  5.836000e+000
47  9.307600e+001
48  1.026440e+002
49  1.204790e+002
50  1.192150e+002
51  1.089550e+002
52  1.241660e+002
53  1.006130e+002
54  5.674200e+001
55  0.000000e+000
56  0.000000e+000
57  0.000000e+000
58  4.951000e+000
59  9.171300e+001
60  8.826000e+001
61  8.126700e+001
62  9.390700e+001
63  8.372900e+001
64  1.111430e+002
65  1.084780e+002
66  8.425300e+001
67  0.000000e+000
68  0.000000e+000
69  0.000000e+000
70  0.000000e+000
71  1.008200e+001
72  6.729000e+000
73  2.428200e+001
74  6.512900e+001
75  1.031030e+002
76  1.064850e+002
77  9.242100e+001
78  4.518900e+001
79  0.000000e+000
80  0.000000e+000
81  0.000000e+000
82  1.456500e+001
83  5.108000e+000
84  2.525200e+001
85  3.378700e+001
86  3.330500e+001
87  3.627300e+001
88  6.032000e+001
89  5.586000e+001
90  1.372200e+001
91  0.000000e+000
92  0.000000e+000
93  0.000000e+000
94  1.326000e+001
95  5.413600e+001
96  6.950800e+001
97  6.541500e+001
98  6.925600e+001
99  1.061800e+002
100  1.014860e+002
101  9.388400e+001
102  3.914800e+001
103  0.000000e+000
104  0.000000e+000
105  0.000000e+000
106  7.460000e-001
107  1.532000e+001
108  8.195000e+000
109  3.908000e+001
110  3.926300e+001
111  3.310100e+001
112  3.512300e+001
113  1.891900e+001
114  0.000000e+000
115  0.000000e+000
116  0.000000e+000
117  0.000000e+000
118  1.740700e+001
119  4.780100e+001
120  4.976700e+001
121  5.493100e+001
122  5.940900e+001
123  9.332500e+001
124  8.404700e+001
125  5.946600e+001
126  3.688000e+000
127  0.000000e+000
128  0.000000e+000
129  1.311500e+001
130  1.136500e+001
131  2.767200e+001
132  7.181200e+001
133  6.720300e+001
134  6.841100e+001
135  6.028000e+001
136  5.230600e+001
137  3.882100e+001
138  0.000000e+000
139  0.000000e+000
140  0.000000e+000
141  0.000000e+000
142  5.829000e+000
143  1.137800e+001
144  1.921500e+001
