   1 
1  4.147700e+001
2  3.406200e+001
3  2.302000e+001
4  4.526200e+001
5  5.509700e+001
6  7.845000e+000
7  0.000000e+000
8  0.000000e+000
9  0.000000e+000
10  6.719000e+000
11  8.145700e+001
12  7.925200e+001
13  7.537200e+001
14  8.029900e+001
15  8.045700e+001
16  8.701300e+001
17  7.426600e+001
18  5.735800e+001
19  0.000000e+000
20  0.000000e+000
21  0.000000e+000
22  0.000000e+000
23  8.098900e+001
24  7.342000e+001
25  7.378300e+001
26  7.615300e+001
27  8.289600e+001
28  1.054150e+002
29  8.063800e+001
30  5.087100e+001
31  0.000000e+000
32  0.000000e+000
33  0.000000e+000
34  1.425800e+001
35  1.030960e+002
36  9.939200e+001
37  9.892000e+001
38  1.000490e+002
39  8.943100e+001
40  1.035830e+002
41  7.566300e+001
42  3.852500e+001
43  0.000000e+000
44  3.335000e+000
45  0.000000e+000
46  6.889000e+000
47  1.419600e+001
48  2.347100e+001
49  3.452400e+001
50  8.077600e+001
51  8.902100e+001
52  1.018950e+002
53  8.276900e+001
54  4.070500e+001
55  0.000000e+000
56  0.000000e+000
57  0.000000e+000
58  1.317800e+001
59  9.895500e+001
60  9.900300e+001
61  9.416500e+001
62  9.644000e+001
63  8.805900e+001
64  9.302500e+001
65  9.081100e+001
66  6.765100e+001
67  0.000000e+000
68  0.000000e+000
69  0.000000e+000
70  3.228000e+000
71  5.201000e+000
72  6.128000e+000
73  3.439000e+001
74  5.975000e+001
75  9.557600e+001
76  9.136900e+001
77  7.913800e+001
78  5.233000e+001
79  0.000000e+000
80  7.500000e-002
81  0.000000e+000
82  6.614000e+000
83  0.000000e+000
84  4.179000e+000
85  1.022100e+001
86  3.438800e+001
87  6.044900e+001
88  7.090300e+001
89  7.044200e+001
90  2.932100e+001
91  0.000000e+000
92  0.000000e+000
93  0.000000e+000
94  7.518000e+000
95  3.710500e+001
96  5.955000e+001
97  5.962400e+001
98  6.329200e+001
99  1.003720e+002
100  9.119400e+001
101  7.868800e+001
102  3.379300e+001
103  0.000000e+000
104  0.000000e+000
105  0.000000e+000
106  0.000000e+000
107  1.054600e+001
108  1.484400e+001
109  4.431400e+001
110  6.647700e+001
111  7.652900e+001
112  7.024500e+001
113  5.323200e+001
114  0.000000e+000
115  0.000000e+000
116  0.000000e+000
117  0.000000e+000
118  1.760300e+001
119  2.804600e+001
120  3.984400e+001
121  5.902900e+001
122  6.406500e+001
123  8.937500e+001
124  8.490600e+001
125  6.384900e+001
126  1.374600e+001
127  0.000000e+000
128  0.000000e+000
129  1.030200e+001
130  1.069600e+001
131  2.819000e+001
132  6.356600e+001
133  5.710400e+001
134  5.317700e+001
135  5.891400e+001
136  4.824700e+001
137  3.350400e+001
138  0.000000e+000
139  0.000000e+000
140  0.000000e+000
141  0.000000e+000
142  6.156000e+000
143  3.024600e+001
144  5.275500e+001
   2 
1  4.790400e+001
2  4.203400e+001
3  2.947100e+001
4  5.309500e+001
5  6.394600e+001
6  1.594200e+001
7  0.000000e+000
8  0.000000e+000
9  0.000000e+000
10  6.490000e+000
11  8.621900e+001
12  8.511800e+001
13  8.126200e+001
14  9.012100e+001
15  9.262100e+001
16  9.564200e+001
17  8.374200e+001
18  6.811900e+001
19  0.000000e+000
20  0.000000e+000
21  0.000000e+000
22  0.000000e+000
23  9.808800e+001
24  9.072200e+001
25  9.239900e+001
26  9.850500e+001
27  9.797100e+001
28  1.072690e+002
29  8.135900e+001
30  5.132500e+001
31  0.000000e+000
32  0.000000e+000
33  0.000000e+000
34  1.580800e+001
35  1.057200e+002
36  9.967100e+001
37  1.012970e+002
38  1.015720e+002
39  8.952200e+001
40  1.072350e+002
41  7.681500e+001
42  3.953000e+001
43  0.000000e+000
44  3.563000e+000
45  0.000000e+000
46  7.031000e+000
47  1.472400e+001
48  2.398200e+001
49  3.788800e+001
50  8.819500e+001
51  9.105000e+001
52  1.071010e+002
53  8.447100e+001
54  4.132300e+001
55  0.000000e+000
56  0.000000e+000
57  0.000000e+000
58  1.377100e+001
59  9.953900e+001
60  1.016790e+002
61  9.775000e+001
62  9.652400e+001
63  8.815600e+001
64  9.330800e+001
65  9.342600e+001
66  6.800600e+001
67  0.000000e+000
68  0.000000e+000
69  0.000000e+000
70  3.529000e+000
71  6.268000e+000
72  7.606000e+000
73  3.831100e+001
74  7.286700e+001
75  9.564100e+001
76  9.163500e+001
77  8.271900e+001
78  5.649600e+001
79  0.000000e+000
80  8.300000e-002
81  0.000000e+000
82  6.922000e+000
83  2.050000e-001
84  4.350000e+000
85  1.037100e+001
86  3.449800e+001
87  6.183900e+001
88  7.935900e+001
89  8.012300e+001
90  3.777500e+001
91  0.000000e+000
92  0.000000e+000
93  0.000000e+000
94  7.491000e+000
95  3.743700e+001
96  6.245400e+001
97  6.495700e+001
98  7.605000e+001
99  1.024190e+002
100  9.205500e+001
101  7.939100e+001
102  3.452700e+001
103  0.000000e+000
104  0.000000e+000
105  0.000000e+000
106  0.000000e+000
107  1.070700e+001
108  1.510400e+001
109  5.125900e+001
110  7.413500e+001
111  8.864600e+001
112  7.876400e+001
113  6.032100e+001
114  3.081000e+000
115  0.000000e+000
116  0.000000e+000
117  0.000000e+000
118  1.759500e+001
119  2.801800e+001
120  4.390900e+001
121  7.022700e+001
122  8.476400e+001
123  9.358400e+001
124  8.700300e+001
125  6.535500e+001
126  1.581400e+001
127  0.000000e+000
128  0.000000e+000
129  1.033600e+001
130  1.097400e+001
131  2.844600e+001
132  6.417700e+001
133  5.770400e+001
134  5.726400e+001
135  6.227500e+001
136  5.135900e+001
137  3.637900e+001
138  0.000000e+000
139  0.000000e+000
140  0.000000e+000
141  0.000000e+000
142  6.144000e+000
143  3.029800e+001
144  5.324300e+001
   3 
1  4.376900e+001
2  3.673600e+001
3  2.513400e+001
4  4.819400e+001
5  5.844700e+001
6  1.092400e+001
7  0.000000e+000
8  0.000000e+000
9  0.000000e+000
10  6.565000e+000
11  8.352800e+001
12  8.123800e+001
13  7.734200e+001
14  8.225300e+001
15  8.307000e+001
16  9.136500e+001
17  7.934900e+001
18  6.253800e+001
19  0.000000e+000
20  0.000000e+000
21  0.000000e+000
22  0.000000e+000
23  8.660000e+001
24  7.894800e+001
25  7.920600e+001
26  8.144200e+001
27  8.900900e+001
28  1.060670e+002
29  8.092600e+001
30  5.107600e+001
31  0.000000e+000
32  0.000000e+000
33  0.000000e+000
34  1.504600e+001
35  1.042290e+002
36  9.952900e+001
37  9.897200e+001
38  1.002180e+002
39  8.946900e+001
40  1.047730e+002
41  7.601700e+001
42  3.886000e+001
43  0.000000e+000
44  3.473000e+000
45  0.000000e+000
46  6.975000e+000
47  1.451600e+001
48  2.378300e+001
49  3.573800e+001
50  8.287900e+001
51  9.092500e+001
52  1.043400e+002
53  8.342000e+001
54  4.086100e+001
55  0.000000e+000
56  0.000000e+000
57  0.000000e+000
58  1.337400e+001
59  9.915100e+001
60  9.909800e+001
61  9.422000e+001
62  9.647200e+001
63  8.809700e+001
64  9.311700e+001
65  9.165900e+001
66  6.782500e+001
67  0.000000e+000
68  0.000000e+000
69  0.000000e+000
70  3.347000e+000
71  5.626000e+000
72  6.718000e+000
73  3.590800e+001
74  6.416900e+001
75  9.561700e+001
76  9.147600e+001
77  8.026000e+001
78  5.385000e+001
79  0.000000e+000
80  7.900000e-002
81  0.000000e+000
82  6.782000e+000
83  0.000000e+000
84  4.272000e+000
85  1.030300e+001
86  3.444800e+001
87  6.123000e+001
88  7.413800e+001
89  7.412100e+001
90  3.256600e+001
91  0.000000e+000
92  0.000000e+000
93  0.000000e+000
94  7.509000e+000
95  3.743000e+001
96  6.096000e+001
97  6.158600e+001
98  6.625900e+001
99  1.010350e+002
100  9.155200e+001
101  7.906900e+001
102  3.404800e+001
103  0.000000e+000
104  0.000000e+000
105  0.000000e+000
106  0.000000e+000
107  1.059700e+001
108  1.492700e+001
109  4.675400e+001
110  6.986600e+001
111  8.130500e+001
112  7.508600e+001
113  5.730900e+001
114  0.000000e+000
115  0.000000e+000
116  0.000000e+000
117  0.000000e+000
118  1.759800e+001
119  2.803000e+001
120  4.106300e+001
121  6.224100e+001
122  6.899600e+001
123  9.323100e+001
124  8.624100e+001
125  6.486900e+001
126  1.480200e+001
127  0.000000e+000
128  0.000000e+000
129  1.031200e+001
130  1.077500e+001
131  2.826300e+001
132  6.391500e+001
133  5.744800e+001
134  5.445600e+001
135  6.022600e+001
136  4.945400e+001
137  3.461900e+001
138  0.000000e+000
139  0.000000e+000
140  0.000000e+000
141  0.000000e+000
142  6.156000e+000
143  3.035800e+001
144  5.325600e+001
   4 
1  5.163900e+001
2  4.824600e+001
3  3.901600e+001
4  6.224000e+001
5  7.261300e+001
6  2.392600e+001
7  0.000000e+000
8  0.000000e+000
9  0.000000e+000
10  6.733000e+000
11  8.759200e+001
12  8.962500e+001
13  8.523400e+001
14  1.063160e+002
15  9.549000e+001
16  9.609000e+001
17  8.425900e+001
18  7.061300e+001
19  0.000000e+000
20  0.000000e+000
21  0.000000e+000
22  0.000000e+000
23  1.004290e+002
24  9.291500e+001
25  9.774100e+001
26  1.179490e+002
27  9.907800e+001
28  1.083710e+002
29  8.155000e+001
30  5.158100e+001
31  0.000000e+000
32  0.000000e+000
33  0.000000e+000
34  1.645600e+001
35  1.068550e+002
36  9.972000e+001
37  1.095400e+002
38  1.058360e+002
39  8.957800e+001
40  1.104750e+002
41  7.750500e+001
42  4.036400e+001
43  0.000000e+000
44  3.661000e+000
45  0.000000e+000
46  7.092000e+000
47  1.494700e+001
48  2.409000e+001
49  3.986400e+001
50  9.496000e+001
51  9.107600e+001
52  1.101520e+002
53  8.535300e+001
54  4.181600e+001
55  0.000000e+000
56  0.000000e+000
57  0.000000e+000
58  1.413300e+001
59  1.000300e+002
60  1.092060e+002
61  1.110840e+002
62  9.653900e+001
63  8.816900e+001
64  9.354500e+001
65  9.491400e+001
66  6.805300e+001
67  4.235000e+000
68  0.000000e+000
69  0.000000e+000
70  3.701000e+000
71  6.862000e+000
72  8.423000e+000
73  3.958700e+001
74  8.187500e+001
75  9.566500e+001
76  9.177000e+001
77  8.412600e+001
78  5.806800e+001
79  1.017000e+000
80  8.900000e-002
81  0.000000e+000
82  7.140000e+000
83  6.390000e-001
84  4.472000e+000
85  1.047700e+001
86  3.457900e+001
87  6.190900e+001
88  8.360000e+001
89  8.497200e+001
90  4.188300e+001
91  0.000000e+000
92  0.000000e+000
93  0.000000e+000
94  7.518000e+000
95  3.748900e+001
96  6.332400e+001
97  6.844600e+001
98  8.920900e+001
99  1.041880e+002
100  9.218600e+001
101  7.942200e+001
102  3.510500e+001
103  0.000000e+000
104  0.000000e+000
105  0.000000e+000
106  0.000000e+000
107  1.088900e+001
108  1.539600e+001
109  5.570900e+001
110  7.999300e+001
111  9.031500e+001
112  7.892700e+001
113  6.043400e+001
114  3.791000e+000
115  0.000000e+000
116  0.000000e+000
117  0.000000e+000
118  1.760600e+001
119  2.805600e+001
120  4.795300e+001
121  8.006400e+001
122  1.080210e+002
123  9.379700e+001
124  8.736300e+001
125  6.552800e+001
126  1.716800e+001
127  0.000000e+000
128  0.000000e+000
129  1.037100e+001
130  1.125000e+001
131  2.869700e+001
132  6.449400e+001
133  5.801200e+001
134  5.993500e+001
135  6.405700e+001
136  5.301900e+001
137  3.790700e+001
138  0.000000e+000
139  0.000000e+000
140  0.000000e+000
141  0.000000e+000
142  6.136000e+000
143  3.026000e+001
144  5.319200e+001
   5 
1  3.987600e+001
2  3.223900e+001
3  2.149700e+001
4  4.302000e+001
5  5.253200e+001
6  5.497000e+000
7  0.000000e+000
8  0.000000e+000
9  0.000000e+000
10  6.864000e+000
11  7.973500e+001
12  7.760200e+001
13  7.373700e+001
14  7.868100e+001
15  7.837300e+001
16  8.379100e+001
17  7.069700e+001
18  5.368000e+001
19  0.000000e+000
20  0.000000e+000
21  0.000000e+000
22  0.000000e+000
23  7.717700e+001
24  6.967400e+001
25  7.009500e+001
26  7.254200e+001
27  7.866000e+001
28  1.049520e+002
29  8.041300e+001
30  5.080900e+001
31  0.000000e+000
32  0.000000e+000
33  0.000000e+000
34  1.403500e+001
35  1.020300e+002
36  9.929900e+001
37  9.888100e+001
38  9.990500e+001
39  8.937300e+001
40  1.027310e+002
41  7.538500e+001
42  3.840700e+001
43  0.000000e+000
44  3.217000e+000
45  0.000000e+000
46  6.816000e+000
47  1.391800e+001
48  2.319400e+001
49  3.371300e+001
50  7.920400e+001
51  8.663800e+001
52  9.975700e+001
53  8.226700e+001
54  4.049000e+001
55  0.000000e+000
56  0.000000e+000
57  0.000000e+000
58  1.312200e+001
59  9.880800e+001
60  9.895400e+001
61  9.413800e+001
62  9.641500e+001
63  8.801800e+001
64  9.294500e+001
65  9.020600e+001
66  6.750300e+001
67  0.000000e+000
68  0.000000e+000
69  0.000000e+000
70  3.127000e+000
71  4.837000e+000
72  5.621000e+000
73  3.316200e+001
74  5.664900e+001
75  9.553300e+001
76  9.129600e+001
77  7.882700e+001
78  5.163700e+001
79  0.000000e+000
80  7.100000e-002
81  0.000000e+000
82  6.458000e+000
83  0.000000e+000
84  4.093000e+000
85  1.014500e+001
86  3.433000e+001
87  5.972600e+001
88  6.847700e+001
89  6.772700e+001
90  2.687800e+001
91  0.000000e+000
92  0.000000e+000
93  0.000000e+000
94  7.521000e+000
95  3.665200e+001
96  5.828500e+001
97  5.836400e+001
98  6.203600e+001
99  9.946000e+001
100  9.089500e+001
101  7.834700e+001
102  3.358800e+001
103  0.000000e+000
104  0.000000e+000
105  0.000000e+000
106  0.000000e+000
107  1.051300e+001
108  1.478900e+001
109  4.273400e+001
110  6.407600e+001
111  7.313800e+001
112  6.675200e+001
113  5.022400e+001
114  0.000000e+000
115  0.000000e+000
116  0.000000e+000
117  0.000000e+000
118  1.760700e+001
119  2.806000e+001
120  3.904400e+001
121  5.759600e+001
122  6.603600e+001
123  8.877500e+001
124  8.303600e+001
125  6.235800e+001
126  1.240600e+001
127  0.000000e+000
128  0.000000e+000
129  1.030200e+001
130  1.069400e+001
131  2.818800e+001
132  6.317400e+001
133  5.671700e+001
134  5.279600e+001
135  5.811200e+001
136  4.750800e+001
137  3.282600e+001
138  0.000000e+000
139  0.000000e+000
140  0.000000e+000
141  0.000000e+000
142  6.172000e+000
143  3.013900e+001
144  5.218000e+001
   6 
1  4.066700e+001
2  3.313200e+001
3  2.224600e+001
4  4.414100e+001
5  5.381800e+001
6  6.673000e+000
7  0.000000e+000
8  0.000000e+000
9  0.000000e+000
10  6.800000e+000
11  8.062700e+001
12  7.846000e+001
13  7.458700e+001
14  7.952100e+001
15  7.944100e+001
16  8.539800e+001
17  7.247100e+001
18  5.551400e+001
19  0.000000e+000
20  0.000000e+000
21  0.000000e+000
22  0.000000e+000
23  7.905500e+001
24  7.151600e+001
25  7.191000e+001
26  7.432100e+001
27  8.075600e+001
28  1.051820e+002
29  8.052600e+001
30  5.084000e+001
31  0.000000e+000
32  0.000000e+000
33  0.000000e+000
34  1.411900e+001
35  1.025720e+002
36  9.934500e+001
37  9.890100e+001
38  9.997900e+001
39  8.940500e+001
40  1.031630e+002
41  7.552600e+001
42  3.848200e+001
43  0.000000e+000
44  3.276000e+000
45  0.000000e+000
46  6.852000e+000
47  1.405800e+001
48  2.333300e+001
49  3.410700e+001
50  7.999100e+001
51  8.783300e+001
52  1.008690e+002
53  8.252000e+001
54  4.061400e+001
55  0.000000e+000
56  0.000000e+000
57  0.000000e+000
58  1.315500e+001
59  9.888700e+001
60  9.898200e+001
61  9.415400e+001
62  9.642800e+001
63  8.804100e+001
64  9.298900e+001
65  9.051000e+001
66  6.758000e+001
67  0.000000e+000
68  0.000000e+000
69  0.000000e+000
70  3.177000e+000
71  5.014000e+000
72  5.868000e+000
73  3.377400e+001
74  5.817700e+001
75  9.555700e+001
76  9.133200e+001
77  7.898400e+001
78  5.198700e+001
79  0.000000e+000
80  7.300000e-002
81  0.000000e+000
82  6.538000e+000
83  0.000000e+000
84  4.137000e+000
85  1.018500e+001
86  3.436000e+001
87  6.010300e+001
88  6.969900e+001
89  6.909800e+001
90  2.809700e+001
91  0.000000e+000
92  0.000000e+000
93  0.000000e+000
94  7.528000e+000
95  3.691400e+001
96  5.896700e+001
97  5.904400e+001
98  6.271300e+001
99  1.001120e+002
100  9.104800e+001
101  7.852400e+001
102  3.369100e+001
103  0.000000e+000
104  0.000000e+000
105  0.000000e+000
106  0.000000e+000
107  1.052800e+001
108  1.481500e+001
109  4.345300e+001
110  6.521900e+001
111  7.478500e+001
112  6.846400e+001
113  5.170400e+001
114  0.000000e+000
115  0.000000e+000
116  0.000000e+000
117  0.000000e+000
118  1.760700e+001
119  2.805900e+001
120  3.944500e+001
121  5.831600e+001
122  6.335400e+001
123  8.765500e+001
124  8.297600e+001
125  6.228600e+001
126  1.235500e+001
127  0.000000e+000
128  0.000000e+000
129  1.030300e+001
130  1.070300e+001
131  2.819700e+001
132  6.340300e+001
133  5.694300e+001
134  5.301800e+001
135  5.855600e+001
136  4.791900e+001
137  3.320300e+001
138  0.000000e+000
139  0.000000e+000
140  0.000000e+000
141  0.000000e+000
142  6.160000e+000
143  3.018100e+001
144  5.247000e+001
