   1 
1  8.373000e-003
2  1.131000e-002
3  1.214000e-002
4  5.830000e-003
5  6.442000e-003
6  6.622000e-003
7  5.793000e-003
8  5.076000e-003
9  4.375000e-003
10  4.146000e-003
11  1.136000e-002
12  1.008000e-002
13  9.060000e-003
14  1.361000e-002
15  1.248000e-002
16  2.473000e-002
17  3.382000e-002
18  2.529000e-002
19  9.692000e-003
20  8.333000e-003
21  7.330000e-003
22  6.300000e-003
23  9.016000e-003
24  1.146000e-002
25  1.058000e-002
26  1.775000e-002
27  1.585000e-002
28  3.850000e-002
29  4.540000e-002
30  1.443000e-002
31  1.164000e-002
32  1.007000e-002
33  8.786000e-003
34  8.676000e-003
35  1.488000e-002
36  1.212000e-002
37  1.059000e-002
38  1.538000e-002
39  2.418000e-002
40  2.232000e-002
41  4.227000e-002
42  1.235000e-002
43  1.011000e-002
44  8.791000e-003
45  7.813000e-003
46  7.114000e-003
47  8.038000e-003
48  1.511000e-002
49  9.938000e-003
50  1.353000e-002
51  1.534000e-002
52  1.354000e-002
53  3.384000e-002
54  1.159000e-002
55  9.290000e-003
56  7.962000e-003
57  6.859000e-003
58  6.758000e-003
59  1.466000e-002
60  9.262000e-003
61  1.070000e-002
62  1.704000e-002
63  3.208000e-002
64  4.217000e-002
65  6.002000e-002
66  7.502000e-002
67  8.947000e-002
68  8.572000e-002
69  6.371000e-002
70  3.720000e-002
71  2.184000e-002
72  1.127000e-002
73  8.910000e-003
74  1.577000e-002
75  2.187000e-002
76  4.252000e-002
77  5.916000e-002
78  2.021000e-002
79  1.542000e-002
80  9.980000e-003
81  8.629000e-003
82  1.010000e-002
83  2.067000e-002
84  1.407000e-002
85  1.301000e-002
86  1.535000e-002
87  1.910000e-002
88  1.457000e-002
89  1.408000e-002
90  8.935000e-003
91  7.692000e-003
92  6.611000e-003
93  5.709000e-003
94  5.129000e-003
95  6.540000e-003
96  8.368000e-003
97  7.457000e-003
98  1.116000e-002
99  2.183000e-002
100  2.525000e-002
101  1.927000e-002
102  1.038000e-002
103  8.974000e-003
104  7.699000e-003
105  6.753000e-003
106  5.949000e-003
107  5.483000e-003
108  5.603000e-003
109  7.066000e-003
110  1.185000e-002
111  1.312000e-002
112  1.642000e-002
113  7.888000e-003
114  6.822000e-003
115  6.300000e-003
116  6.135000e-003
117  5.736000e-003
118  5.075000e-003
119  5.717000e-003
120  7.716000e-003
121  7.935000e-003
122  1.306000e-002
123  2.311000e-002
124  2.805000e-002
125  9.749000e-003
126  8.370000e-003
127  7.352000e-003
128  6.373000e-003
129  5.500000e-003
130  5.687000e-003
131  5.663000e-003
132  5.966000e-003
133  5.936000e-003
134  1.395000e-002
135  5.219000e-003
136  5.482000e-003
137  5.015000e-003
138  4.323000e-003
139  4.032000e-003
140  3.903000e-003
141  3.392000e-003
142  3.124000e-003
143  6.110000e-003
144  5.905000e-003
   2 
1  1.102000e-002
2  1.267000e-002
3  2.857000e-002
4  4.751000e-002
5  6.575000e-002
6  8.708000e-002
7  9.338000e-002
8  9.117000e-002
9  6.546000e-002
10  3.420000e-002
11  1.974000e-002
12  1.159000e-002
13  1.019000e-002
14  1.359000e-002
15  2.982000e-002
16  5.444000e-002
17  7.069000e-002
18  7.992000e-002
19  9.734000e-002
20  8.689000e-002
21  6.633000e-002
22  3.968000e-002
23  2.169000e-002
24  1.146000e-002
25  1.108000e-002
26  1.807000e-002
27  2.774000e-002
28  3.851000e-002
29  5.898000e-002
30  8.823000e-002
31  9.532000e-002
32  8.769000e-002
33  6.997000e-002
34  3.875000e-002
35  1.521000e-002
36  1.211000e-002
37  1.058000e-002
38  1.537000e-002
39  3.046000e-002
40  4.751000e-002
41  7.295000e-002
42  8.290000e-002
43  9.320000e-002
44  8.989000e-002
45  6.049000e-002
46  4.189000e-002
47  1.853000e-002
48  1.625000e-002
49  9.940000e-003
50  1.354000e-002
51  2.809000e-002
52  4.955000e-002
53  6.492000e-002
54  8.399000e-002
55  9.629000e-002
56  9.122000e-002
57  5.838000e-002
58  3.371000e-002
59  1.817000e-002
60  9.267000e-003
61  1.071000e-002
62  1.705000e-002
63  3.213000e-002
64  4.373000e-002
65  6.005000e-002
66  7.514000e-002
67  9.698000e-002
68  9.193000e-002
69  6.384000e-002
70  3.726000e-002
71  2.187000e-002
72  1.128000e-002
73  8.913000e-003
74  1.576000e-002
75  2.188000e-002
76  4.252000e-002
77  6.720000e-002
78  8.530000e-002
79  8.723000e-002
80  8.681000e-002
81  6.701000e-002
82  3.679000e-002
83  2.069000e-002
84  1.409000e-002
85  1.302000e-002
86  1.537000e-002
87  2.340000e-002
88  4.619000e-002
89  6.674000e-002
90  8.672000e-002
91  9.867000e-002
92  9.319000e-002
93  6.163000e-002
94  4.016000e-002
95  1.789000e-002
96  1.169000e-002
97  7.810000e-003
98  1.172000e-002
99  2.436000e-002
100  5.003000e-002
101  6.571000e-002
102  9.009000e-002
103  9.525000e-002
104  8.813000e-002
105  6.565000e-002
106  4.151000e-002
107  2.451000e-002
108  1.684000e-002
109  1.150000e-002
110  1.956000e-002
111  3.151000e-002
112  5.151000e-002
113  7.431000e-002
114  9.463000e-002
115  9.305000e-002
116  8.600000e-002
117  6.593000e-002
118  4.122000e-002
119  1.913000e-002
120  1.287000e-002
121  1.019000e-002
122  1.387000e-002
123  2.951000e-002
124  5.270000e-002
125  7.225000e-002
126  9.309000e-002
127  9.565000e-002
128  8.494000e-002
129  6.533000e-002
130  3.417000e-002
131  1.739000e-002
132  9.912000e-003
133  1.077000e-002
134  1.594000e-002
135  3.601000e-002
136  4.630000e-002
137  4.194000e-002
138  3.698000e-002
139  3.291000e-002
140  2.939000e-002
141  2.593000e-002
142  2.303000e-002
143  1.795000e-002
144  1.366000e-002
   3 
1  1.102000e-002
2  1.267000e-002
3  2.857000e-002
4  4.749000e-002
5  5.635000e-002
6  4.996000e-002
7  3.950000e-002
8  3.129000e-002
9  2.485000e-002
10  2.010000e-002
11  1.968000e-002
12  1.159000e-002
13  1.019000e-002
14  1.361000e-002
15  2.983000e-002
16  5.445000e-002
17  7.070000e-002
18  7.993000e-002
19  9.735000e-002
20  8.688000e-002
21  6.633000e-002
22  3.968000e-002
23  2.170000e-002
24  1.146000e-002
25  1.109000e-002
26  1.809000e-002
27  2.775000e-002
28  3.851000e-002
29  5.899000e-002
30  8.823000e-002
31  9.529000e-002
32  8.766000e-002
33  6.993000e-002
34  3.874000e-002
35  1.521000e-002
36  1.212000e-002
37  1.059000e-002
38  1.538000e-002
39  3.045000e-002
40  4.750000e-002
41  7.293000e-002
42  8.284000e-002
43  9.312000e-002
44  8.983000e-002
45  6.047000e-002
46  4.185000e-002
47  1.851000e-002
48  1.624000e-002
49  9.937000e-003
50  1.353000e-002
51  2.809000e-002
52  4.954000e-002
53  6.491000e-002
54  8.394000e-002
55  8.624000e-002
56  6.870000e-002
57  5.364000e-002
58  3.370000e-002
59  1.818000e-002
60  9.270000e-003
61  1.071000e-002
62  1.705000e-002
63  3.212000e-002
64  4.375000e-002
65  6.009000e-002
66  7.517000e-002
67  9.696000e-002
68  9.190000e-002
69  6.381000e-002
70  3.724000e-002
71  2.185000e-002
72  1.127000e-002
73  8.910000e-003
74  1.576000e-002
75  2.187000e-002
76  4.253000e-002
77  6.719000e-002
78  8.526000e-002
79  8.717000e-002
80  8.678000e-002
81  6.697000e-002
82  3.676000e-002
83  2.068000e-002
84  1.408000e-002
85  1.301000e-002
86  1.535000e-002
87  2.338000e-002
88  4.618000e-002
89  6.671000e-002
90  8.631000e-002
91  7.869000e-002
92  6.195000e-002
93  4.888000e-002
94  3.618000e-002
95  1.787000e-002
96  1.168000e-002
97  7.811000e-003
98  1.174000e-002
99  2.438000e-002
100  5.001000e-002
101  6.568000e-002
102  9.005000e-002
103  9.521000e-002
104  8.807000e-002
105  6.562000e-002
106  4.149000e-002
107  2.450000e-002
108  1.683000e-002
109  1.151000e-002
110  1.955000e-002
111  3.150000e-002
112  5.149000e-002
113  7.195000e-002
114  6.620000e-002
115  5.268000e-002
116  4.221000e-002
117  3.390000e-002
118  2.694000e-002
119  1.897000e-002
120  1.287000e-002
121  1.020000e-002
122  1.389000e-002
123  2.952000e-002
124  5.270000e-002
125  7.225000e-002
126  9.308000e-002
127  9.316000e-002
128  7.507000e-002
129  5.785000e-002
130  3.417000e-002
131  1.739000e-002
132  9.912000e-003
133  1.077000e-002
134  1.596000e-002
135  3.501000e-002
136  3.666000e-002
137  2.941000e-002
138  2.337000e-002
139  1.883000e-002
140  1.539000e-002
141  1.228000e-002
142  1.006000e-002
143  9.232000e-003
144  1.020000e-002
   4 
1  1.101000e-002
2  1.265000e-002
3  1.164000e-002
4  6.961000e-003
5  7.615000e-003
6  7.650000e-003
7  6.698000e-003
8  5.873000e-003
9  5.081000e-003
10  4.772000e-003
11  8.394000e-003
12  1.041000e-002
13  8.345000e-003
14  1.092000e-002
15  1.168000e-002
16  1.004000e-002
17  1.955000e-002
18  1.162000e-002
19  1.096000e-002
20  9.409000e-003
21  8.240000e-003
22  7.076000e-003
23  9.486000e-003
24  1.141000e-002
25  1.060000e-002
26  1.784000e-002
27  1.715000e-002
28  3.853000e-002
29  5.908000e-002
30  8.834000e-002
31  9.537000e-002
32  8.769000e-002
33  6.996000e-002
34  3.875000e-002
35  1.521000e-002
36  1.210000e-002
37  1.056000e-002
38  1.535000e-002
39  3.046000e-002
40  4.751000e-002
41  7.299000e-002
42  8.293000e-002
43  9.317000e-002
44  8.983000e-002
45  6.047000e-002
46  4.187000e-002
47  1.852000e-002
48  1.625000e-002
49  9.934000e-003
50  1.352000e-002
51  1.289000e-002
52  1.056000e-002
53  1.391000e-002
54  1.267000e-002
55  1.089000e-002
56  9.354000e-003
57  8.078000e-003
58  7.828000e-003
59  1.445000e-002
60  9.272000e-003
61  1.071000e-002
62  1.707000e-002
63  3.216000e-002
64  4.375000e-002
65  6.009000e-002
66  7.522000e-002
67  9.704000e-002
68  9.195000e-002
69  6.384000e-002
70  3.725000e-002
71  2.186000e-002
72  1.127000e-002
73  8.909000e-003
74  1.574000e-002
75  2.163000e-002
76  4.068000e-002
77  6.722000e-002
78  8.529000e-002
79  8.718000e-002
80  8.674000e-002
81  6.695000e-002
82  3.676000e-002
83  2.068000e-002
84  1.408000e-002
85  1.301000e-002
86  1.535000e-002
87  1.291000e-002
88  9.869000e-003
89  1.065000e-002
90  1.026000e-002
91  8.875000e-003
92  7.666000e-003
93  6.654000e-003
94  5.977000e-003
95  7.271000e-003
96  8.090000e-003
97  7.087000e-003
98  8.338000e-003
99  2.179000e-002
100  5.007000e-002
101  6.575000e-002
102  9.008000e-002
103  9.517000e-002
104  4.090000e-002
105  3.305000e-002
106  4.147000e-002
107  2.450000e-002
108  1.683000e-002
109  1.150000e-002
110  1.070000e-002
111  8.482000e-003
112  1.014000e-002
113  8.980000e-003
114  7.783000e-003
115  7.148000e-003
116  6.885000e-003
117  6.400000e-003
118  5.666000e-003
119  6.244000e-003
120  7.777000e-003
121  7.082000e-003
122  1.192000e-002
123  8.719000e-003
124  2.482000e-002
125  1.091000e-002
126  9.382000e-003
127  8.234000e-003
128  7.140000e-003
129  6.172000e-003
130  6.277000e-003
131  6.182000e-003
132  6.414000e-003
133  6.330000e-003
134  5.496000e-003
135  5.625000e-003
136  5.877000e-003
137  5.363000e-003
138  4.630000e-003
139  4.303000e-003
140  4.144000e-003
141  3.606000e-003
142  3.315000e-003
143  3.993000e-003
144  6.061000e-003
   5 
1  1.102000e-002
2  1.267000e-002
3  2.857000e-002
4  4.361000e-002
5  4.983000e-002
6  5.202000e-002
7  5.020000e-002
8  4.955000e-002
9  4.769000e-002
10  3.418000e-002
11  1.973000e-002
12  1.160000e-002
13  1.019000e-002
14  1.362000e-002
15  2.982000e-002
16  5.112000e-002
17  6.264000e-002
18  6.282000e-002
19  5.394000e-002
20  5.255000e-002
21  5.146000e-002
22  3.968000e-002
23  2.171000e-002
24  1.146000e-002
25  1.109000e-002
26  1.811000e-002
27  2.775000e-002
28  3.850000e-002
29  5.693000e-002
30  6.052000e-002
31  5.569000e-002
32  5.406000e-002
33  5.295000e-002
34  3.832000e-002
35  1.520000e-002
36  1.212000e-002
37  1.059000e-002
38  1.538000e-002
39  3.042000e-002
40  4.739000e-002
41  6.516000e-002
42  5.733000e-002
43  5.425000e-002
44  5.298000e-002
45  5.182000e-002
46  4.183000e-002
47  1.850000e-002
48  1.623000e-002
49  9.937000e-003
50  1.353000e-002
51  2.808000e-002
52  4.759000e-002
53  6.017000e-002
54  5.633000e-002
55  5.355000e-002
56  5.226000e-002
57  5.064000e-002
58  3.370000e-002
59  1.820000e-002
60  9.262000e-003
61  1.070000e-002
62  1.704000e-002
63  3.208000e-002
64  4.372000e-002
65  6.003000e-002
66  7.502000e-002
67  7.104000e-002
68  6.148000e-002
69  6.369000e-002
70  3.720000e-002
71  2.184000e-002
72  1.126000e-002
73  8.909000e-003
74  1.577000e-002
75  2.186000e-002
76  4.252000e-002
77  6.410000e-002
78  5.970000e-002
79  5.882000e-002
80  5.401000e-002
81  5.261000e-002
82  3.672000e-002
83  2.066000e-002
84  1.407000e-002
85  1.301000e-002
86  1.535000e-002
87  2.337000e-002
88  4.271000e-002
89  5.521000e-002
90  5.324000e-002
91  5.202000e-002
92  5.097000e-002
93  5.001000e-002
94  3.970000e-002
95  1.787000e-002
96  1.169000e-002
97  7.814000e-003
98  1.174000e-002
99  2.439000e-002
100  4.894000e-002
101  5.623000e-002
102  5.458000e-002
103  5.321000e-002
104  5.198000e-002
105  5.107000e-002
106  4.082000e-002
107  2.449000e-002
108  1.683000e-002
109  1.151000e-002
110  1.955000e-002
111  3.149000e-002
112  4.818000e-002
113  5.223000e-002
114  5.119000e-002
115  5.070000e-002
116  5.055000e-002
117  5.010000e-002
118  4.028000e-002
119  1.912000e-002
120  1.287000e-002
121  1.021000e-002
122  1.391000e-002
123  2.953000e-002
124  5.231000e-002
125  5.408000e-002
126  5.267000e-002
127  5.169000e-002
128  5.074000e-002
129  4.907000e-002
130  3.417000e-002
131  1.739000e-002
132  9.912000e-003
133  1.077000e-002
134  1.597000e-002
135  3.601000e-002
136  4.866000e-002
137  4.938000e-002
138  4.736000e-002
139  4.489000e-002
140  4.109000e-002
141  3.709000e-002
142  3.272000e-002
143  2.054000e-002
144  1.366000e-002
   6 
1  1.102000e-002
2  1.267000e-002
3  2.857000e-002
4  4.550000e-002
5  5.043000e-002
6  4.415000e-002
7  3.660000e-002
8  3.028000e-002
9  2.506000e-002
10  2.106000e-002
11  1.973000e-002
12  1.160000e-002
13  1.019000e-002
14  1.362000e-002
15  2.983000e-002
16  5.446000e-002
17  7.071000e-002
18  7.994000e-002
19  9.735000e-002
20  8.692000e-002
21  6.636000e-002
22  3.969000e-002
23  2.171000e-002
24  1.147000e-002
25  1.109000e-002
26  1.811000e-002
27  2.775000e-002
28  3.850000e-002
29  5.895000e-002
30  8.815000e-002
31  9.524000e-002
32  8.762000e-002
33  6.990000e-002
34  3.872000e-002
35  1.521000e-002
36  1.212000e-002
37  1.059000e-002
38  1.539000e-002
39  3.043000e-002
40  4.751000e-002
41  7.292000e-002
42  8.282000e-002
43  9.312000e-002
44  8.980000e-002
45  6.044000e-002
46  4.185000e-002
47  1.851000e-002
48  1.624000e-002
49  9.939000e-003
50  1.354000e-002
51  2.809000e-002
52  4.955000e-002
53  6.492000e-002
54  8.395000e-002
55  9.600000e-002
56  9.004000e-002
57  5.835000e-002
58  3.370000e-002
59  1.819000e-002
60  9.266000e-003
61  1.070000e-002
62  1.705000e-002
63  3.211000e-002
64  4.375000e-002
65  6.008000e-002
66  7.513000e-002
67  9.690000e-002
68  9.184000e-002
69  6.379000e-002
70  3.722000e-002
71  2.185000e-002
72  1.127000e-002
73  8.910000e-003
74  1.577000e-002
75  2.187000e-002
76  4.254000e-002
77  6.718000e-002
78  8.522000e-002
79  8.713000e-002
80  8.674000e-002
81  6.696000e-002
82  3.676000e-002
83  2.067000e-002
84  1.407000e-002
85  1.301000e-002
86  1.535000e-002
87  2.338000e-002
88  4.618000e-002
89  6.671000e-002
90  8.665000e-002
91  8.409000e-002
92  6.958000e-002
93  5.692000e-002
94  4.001000e-002
95  1.787000e-002
96  1.169000e-002
97  7.813000e-003
98  1.174000e-002
99  2.439000e-002
100  4.999000e-002
101  6.565000e-002
102  9.001000e-002
103  9.516000e-002
104  8.803000e-002
105  6.559000e-002
106  4.147000e-002
107  2.449000e-002
108  1.683000e-002
109  1.151000e-002
110  1.955000e-002
111  3.150000e-002
112  5.149000e-002
113  7.050000e-002
114  6.409000e-002
115  5.331000e-002
116  4.460000e-002
117  3.693000e-002
118  2.999000e-002
119  1.912000e-002
120  1.287000e-002
121  1.020000e-002
122  1.391000e-002
123  2.953000e-002
124  5.271000e-002
125  7.225000e-002
126  9.309000e-002
127  9.563000e-002
128  8.492000e-002
129  6.522000e-002
130  3.417000e-002
131  1.739000e-002
132  9.912000e-003
133  1.077000e-002
134  1.597000e-002
135  3.601000e-002
136  4.551000e-002
137  3.858000e-002
138  3.187000e-002
139  2.665000e-002
140  2.229000e-002
141  1.837000e-002
142  1.542000e-002
143  1.515000e-002
144  1.366000e-002
