   1 
1  1.723000e-002
2  2.458000e-002
3  5.628000e-002
4  9.177000e-002
5  8.375000e-002
6  3.202000e-002
7  1.814000e-002
8  1.134000e-002
9  7.921000e-003
10  7.868000e-003
11  3.653000e-002
12  2.790000e-002
13  1.714000e-002
14  2.191000e-002
15  5.434000e-002
16  1.058000e-001
17  1.024000e-001
18  2.780000e-002
19  1.591000e-002
20  9.892000e-003
21  6.883000e-003
22  2.833000e-002
23  4.792000e-002
24  1.777000e-002
25  1.378000e-002
26  2.047000e-002
27  3.530000e-002
28  8.414000e-002
29  1.153000e-001
30  1.412000e-001
31  3.769000e-002
32  2.140000e-002
33  3.308000e-002
34  8.944000e-002
35  4.529000e-002
36  1.967000e-002
37  1.827000e-002
38  2.883000e-002
39  5.154000e-002
40  8.094000e-002
41  1.239000e-001
42  1.174000e-001
43  3.862000e-002
44  2.178000e-002
45  1.335000e-002
46  5.654000e-002
47  3.333000e-002
48  2.832000e-002
49  2.311000e-002
50  3.578000e-002
51  6.063000e-002
52  1.093000e-001
53  1.417000e-001
54  1.901000e-001
55  2.248000e-001
56  2.061000e-001
57  1.351000e-001
58  7.815000e-002
59  4.183000e-002
60  2.223000e-002
61  2.641000e-002
62  3.887000e-002
63  7.018000e-002
64  9.751000e-002
65  1.347000e-001
66  1.709000e-001
67  2.249000e-001
68  2.173000e-001
69  1.475000e-001
70  8.668000e-002
71  4.800000e-002
72  2.526000e-002
73  1.690000e-002
74  3.448000e-002
75  5.262000e-002
76  9.552000e-002
77  1.489000e-001
78  1.888000e-001
79  1.901000e-001
80  1.388000e-001
81  1.458000e-001
82  8.263000e-002
83  4.556000e-002
84  2.944000e-002
85  2.742000e-002
86  3.298000e-002
87  4.734000e-002
88  8.045000e-002
89  7.398000e-002
90  4.435000e-002
91  2.345000e-002
92  1.343000e-002
93  8.781000e-003
94  1.205000e-002
95  3.637000e-002
96  2.375000e-002
97  1.625000e-002
98  2.561000e-002
99  5.479000e-002
100  9.324000e-002
101  1.056000e-001
102  5.536000e-002
103  2.678000e-002
104  1.645000e-002
105  1.092000e-002
106  8.576000e-003
107  1.419000e-002
108  3.463000e-002
109  2.394000e-002
110  3.350000e-002
111  2.249000e-002
112  4.907000e-002
113  2.670000e-002
114  1.516000e-002
115  1.215000e-002
116  1.428000e-002
117  1.415000e-002
118  1.033000e-002
119  3.334000e-002
120  2.577000e-002
121  1.940000e-002
122  2.774000e-002
123  5.195000e-002
124  8.896000e-002
125  4.576000e-002
126  2.432000e-002
127  1.425000e-002
128  9.232000e-003
129  7.441000e-003
130  1.665000e-002
131  2.872000e-002
132  2.068000e-002
133  2.153000e-002
134  3.165000e-002
135  2.999000e-002
136  4.212000e-002
137  2.403000e-002
138  1.362000e-002
139  1.253000e-002
140  1.150000e-002
141  7.007000e-003
142  1.065000e-002
143  1.407000e-002
144  2.093000e-002
   2 
1  1.723000e-002
2  2.458000e-002
3  5.623000e-002
4  9.856000e-002
5  1.543000e-001
6  2.050000e-001
7  2.079000e-001
8  2.020000e-001
9  1.595000e-001
10  8.291000e-002
11  5.332000e-002
12  2.791000e-002
13  1.714000e-002
14  2.191000e-002
15  5.432000e-002
16  1.059000e-001
17  1.377000e-001
18  1.894000e-001
19  2.159000e-001
20  2.083000e-001
21  1.515000e-001
22  7.687000e-002
23  4.795000e-002
24  1.777000e-002
25  1.378000e-002
26  2.046000e-002
27  3.524000e-002
28  9.076000e-002
29  1.154000e-001
30  1.718000e-001
31  2.187000e-001
32  1.793000e-001
33  1.345000e-001
34  8.953000e-002
35  4.532000e-002
36  1.968000e-002
37  1.826000e-002
38  2.882000e-002
39  5.618000e-002
40  1.004000e-001
41  1.240000e-001
42  1.842000e-001
43  2.114000e-001
44  1.866000e-001
45  1.528000e-001
46  8.094000e-002
47  3.333000e-002
48  2.832000e-002
49  2.310000e-002
50  3.579000e-002
51  6.065000e-002
52  1.093000e-001
53  1.419000e-001
54  1.903000e-001
55  2.251000e-001
56  2.063000e-001
57  1.353000e-001
58  7.822000e-002
59  4.182000e-002
60  2.224000e-002
61  2.641000e-002
62  3.888000e-002
63  7.022000e-002
64  9.751000e-002
65  1.347000e-001
66  1.711000e-001
67  2.253000e-001
68  2.176000e-001
69  1.477000e-001
70  8.676000e-002
71  4.803000e-002
72  2.527000e-002
73  1.691000e-002
74  3.448000e-002
75  5.264000e-002
76  9.553000e-002
77  1.491000e-001
78  1.890000e-001
79  2.090000e-001
80  1.950000e-001
81  1.459000e-001
82  8.268000e-002
83  4.559000e-002
84  2.945000e-002
85  2.743000e-002
86  3.299000e-002
87  4.735000e-002
88  9.953000e-002
89  1.418000e-001
90  1.976000e-001
91  2.225000e-001
92  2.170000e-001
93  1.384000e-001
94  8.677000e-002
95  3.765000e-002
96  2.376000e-002
97  1.626000e-002
98  2.559000e-002
99  5.478000e-002
100  1.102000e-001
101  1.462000e-001
102  2.089000e-001
103  2.174000e-001
104  1.987000e-001
105  1.482000e-001
106  9.310000e-002
107  5.358000e-002
108  3.701000e-002
109  2.395000e-002
110  4.365000e-002
111  7.068000e-002
112  1.098000e-001
113  1.669000e-001
114  2.063000e-001
115  2.085000e-001
116  1.985000e-001
117  1.473000e-001
118  9.044000e-002
119  3.905000e-002
120  2.686000e-002
121  2.101000e-002
122  3.000000e-002
123  6.528000e-002
124  1.130000e-001
125  1.587000e-001
126  2.101000e-001
127  2.204000e-001
128  1.918000e-001
129  1.436000e-001
130  7.578000e-002
131  3.543000e-002
132  2.141000e-002
133  2.153000e-002
134  3.162000e-002
135  7.664000e-002
136  1.183000e-001
137  1.548000e-001
138  2.077000e-001
139  2.089000e-001
140  1.921000e-001
141  1.428000e-001
142  8.419000e-002
143  4.615000e-002
144  2.871000e-002
   3 
1  1.722000e-002
2  2.457000e-002
3  5.627000e-002
4  9.858000e-002
5  1.543000e-001
6  2.049000e-001
7  2.078000e-001
8  2.019000e-001
9  1.594000e-001
10  8.289000e-002
11  5.331000e-002
12  2.790000e-002
13  1.714000e-002
14  2.191000e-002
15  5.434000e-002
16  1.059000e-001
17  1.377000e-001
18  1.894000e-001
19  2.159000e-001
20  2.082000e-001
21  1.514000e-001
22  7.685000e-002
23  4.794000e-002
24  1.777000e-002
25  1.378000e-002
26  2.046000e-002
27  3.528000e-002
28  9.077000e-002
29  1.154000e-001
30  1.718000e-001
31  2.186000e-001
32  1.793000e-001
33  1.344000e-001
34  8.950000e-002
35  4.530000e-002
36  1.967000e-002
37  1.827000e-002
38  2.882000e-002
39  5.618000e-002
40  1.004000e-001
41  1.240000e-001
42  1.842000e-001
43  2.114000e-001
44  1.866000e-001
45  1.528000e-001
46  8.092000e-002
47  3.332000e-002
48  2.832000e-002
49  2.311000e-002
50  3.579000e-002
51  6.068000e-002
52  1.093000e-001
53  1.419000e-001
54  1.904000e-001
55  2.251000e-001
56  2.063000e-001
57  1.352000e-001
58  7.819000e-002
59  4.183000e-002
60  2.223000e-002
61  2.640000e-002
62  3.887000e-002
63  7.018000e-002
64  9.753000e-002
65  1.348000e-001
66  1.711000e-001
67  2.252000e-001
68  2.176000e-001
69  1.476000e-001
70  8.672000e-002
71  4.801000e-002
72  2.526000e-002
73  1.690000e-002
74  3.448000e-002
75  5.261000e-002
76  9.555000e-002
77  1.491000e-001
78  1.889000e-001
79  2.089000e-001
80  1.949000e-001
81  1.459000e-001
82  8.264000e-002
83  4.556000e-002
84  2.944000e-002
85  2.742000e-002
86  3.297000e-002
87  4.733000e-002
88  9.949000e-002
89  1.418000e-001
90  1.956000e-001
91  1.719000e-001
92  1.292000e-001
93  9.911000e-002
94  7.449000e-002
95  3.764000e-002
96  2.375000e-002
97  1.625000e-002
98  2.560000e-002
99  5.479000e-002
100  1.102000e-001
101  1.462000e-001
102  2.088000e-001
103  2.174000e-001
104  1.986000e-001
105  1.481000e-001
106  9.307000e-002
107  5.357000e-002
108  3.698000e-002
109  2.394000e-002
110  4.363000e-002
111  7.065000e-002
112  1.098000e-001
113  1.484000e-001
114  1.173000e-001
115  9.184000e-002
116  7.608000e-002
117  6.237000e-002
118  4.750000e-002
119  3.904000e-002
120  2.686000e-002
121  2.100000e-002
122  3.002000e-002
123  6.529000e-002
124  1.130000e-001
125  1.586000e-001
126  1.912000e-001
127  1.516000e-001
128  1.159000e-001
129  9.006000e-002
130  7.196000e-002
131  3.542000e-002
132  2.141000e-002
133  2.154000e-002
134  3.164000e-002
135  7.664000e-002
136  1.183000e-001
137  1.530000e-001
138  1.472000e-001
139  1.167000e-001
140  9.244000e-002
141  7.016000e-002
142  5.943000e-002
143  4.303000e-002
144  2.870000e-002
   4 
1  1.722000e-002
2  2.457000e-002
3  5.617000e-002
4  9.856000e-002
5  1.543000e-001
6  2.050000e-001
7  2.078000e-001
8  2.011000e-001
9  1.582000e-001
10  8.287000e-002
11  5.330000e-002
12  2.790000e-002
13  1.714000e-002
14  2.189000e-002
15  5.429000e-002
16  1.059000e-001
17  1.377000e-001
18  1.894000e-001
19  2.158000e-001
20  1.704000e-001
21  1.156000e-001
22  7.684000e-002
23  4.792000e-002
24  1.777000e-002
25  1.378000e-002
26  2.045000e-002
27  3.517000e-002
28  9.079000e-002
29  1.155000e-001
30  1.719000e-001
31  2.187000e-001
32  1.793000e-001
33  1.344000e-001
34  8.950000e-002
35  4.531000e-002
36  1.968000e-002
37  1.826000e-002
38  2.880000e-002
39  5.615000e-002
40  1.004000e-001
41  1.239000e-001
42  1.842000e-001
43  2.114000e-001
44  1.865000e-001
45  1.527000e-001
46  8.091000e-002
47  3.332000e-002
48  2.832000e-002
49  2.309000e-002
50  3.578000e-002
51  6.069000e-002
52  1.093000e-001
53  1.420000e-001
54  1.904000e-001
55  2.251000e-001
56  2.063000e-001
57  1.352000e-001
58  7.819000e-002
59  4.179000e-002
60  2.223000e-002
61  2.639000e-002
62  3.887000e-002
63  7.019000e-002
64  9.746000e-002
65  1.348000e-001
66  1.711000e-001
67  2.253000e-001
68  2.175000e-001
69  1.476000e-001
70  8.672000e-002
71  4.801000e-002
72  2.526000e-002
73  1.690000e-002
74  3.446000e-002
75  5.260000e-002
76  9.549000e-002
77  1.491000e-001
78  1.889000e-001
79  2.088000e-001
80  1.949000e-001
81  1.458000e-001
82  8.263000e-002
83  4.556000e-002
84  2.944000e-002
85  2.742000e-002
86  3.297000e-002
87  3.365000e-002
88  7.215000e-002
89  7.161000e-002
90  4.778000e-002
91  2.541000e-002
92  1.467000e-002
93  9.651000e-003
94  1.271000e-002
95  3.640000e-002
96  2.375000e-002
97  1.625000e-002
98  2.555000e-002
99  5.441000e-002
100  1.103000e-001
101  1.462000e-001
102  2.089000e-001
103  2.173000e-001
104  1.986000e-001
105  1.481000e-001
106  9.306000e-002
107  5.357000e-002
108  3.699000e-002
109  2.393000e-002
110  3.813000e-002
111  2.448000e-002
112  4.177000e-002
113  2.816000e-002
114  1.613000e-002
115  1.286000e-002
116  1.484000e-002
117  1.461000e-002
118  1.072000e-002
119  3.341000e-002
120  2.620000e-002
121  1.951000e-002
122  2.399000e-002
123  4.494000e-002
124  1.131000e-001
125  1.587000e-001
126  5.511000e-002
127  1.854000e-002
128  1.137000e-002
129  8.601000e-003
130  1.734000e-002
131  2.912000e-002
132  2.077000e-002
133  2.152000e-002
134  3.025000e-002
135  4.399000e-002
136  3.533000e-002
137  2.747000e-002
138  1.525000e-002
139  1.334000e-002
140  1.192000e-002
141  7.259000e-003
142  1.082000e-002
143  1.419000e-002
144  2.102000e-002
   5 
1  1.722000e-002
2  2.458000e-002
3  5.629000e-002
4  9.852000e-002
5  1.325000e-001
6  1.125000e-001
7  9.918000e-002
8  9.265000e-002
9  8.936000e-002
10  7.490000e-002
11  5.329000e-002
12  2.790000e-002
13  1.714000e-002
14  2.192000e-002
15  5.435000e-002
16  1.058000e-001
17  1.299000e-001
18  1.082000e-001
19  9.690000e-002
20  9.117000e-002
21  8.829000e-002
22  7.608000e-002
23  4.792000e-002
24  1.776000e-002
25  1.378000e-002
26  2.047000e-002
27  3.531000e-002
28  9.072000e-002
29  1.153000e-001
30  1.538000e-001
31  1.179000e-001
32  1.041000e-001
33  1.057000e-001
34  8.944000e-002
35  4.529000e-002
36  1.967000e-002
37  1.828000e-002
38  2.883000e-002
39  5.618000e-002
40  1.004000e-001
41  1.239000e-001
42  1.513000e-001
43  1.190000e-001
44  1.028000e-001
45  9.519000e-002
46  7.992000e-002
47  3.333000e-002
48  2.832000e-002
49  2.311000e-002
50  3.578000e-002
51  6.063000e-002
52  1.093000e-001
53  1.418000e-001
54  1.901000e-001
55  2.247000e-001
56  2.060000e-001
57  1.351000e-001
58  7.815000e-002
59  4.183000e-002
60  2.224000e-002
61  2.641000e-002
62  3.886000e-002
63  7.017000e-002
64  9.752000e-002
65  1.347000e-001
66  1.709000e-001
67  2.249000e-001
68  2.173000e-001
69  1.475000e-001
70  8.667000e-002
71  4.800000e-002
72  2.526000e-002
73  1.690000e-002
74  3.448000e-002
75  5.261000e-002
76  9.553000e-002
77  1.489000e-001
78  1.863000e-001
79  1.279000e-001
80  1.104000e-001
81  1.330000e-001
82  8.261000e-002
83  4.556000e-002
84  2.944000e-002
85  2.742000e-002
86  3.298000e-002
87  4.733000e-002
88  9.933000e-002
89  1.331000e-001
90  1.252000e-001
91  1.047000e-001
92  9.485000e-002
93  9.027000e-002
94  7.894000e-002
95  3.765000e-002
96  2.375000e-002
97  1.625000e-002
98  2.562000e-002
99  5.480000e-002
100  1.101000e-001
101  1.420000e-001
102  1.313000e-001
103  1.075000e-001
104  9.763000e-002
105  9.230000e-002
106  8.462000e-002
107  5.354000e-002
108  3.697000e-002
109  2.394000e-002
110  4.362000e-002
111  7.063000e-002
112  1.027000e-001
113  1.081000e-001
114  9.665000e-002
115  9.256000e-002
116  9.087000e-002
117  8.718000e-002
118  7.285000e-002
119  3.905000e-002
120  2.687000e-002
121  2.101000e-002
122  3.003000e-002
123  6.530000e-002
124  1.130000e-001
125  1.259000e-001
126  1.053000e-001
127  9.551000e-002
128  9.063000e-002
129  8.764000e-002
130  7.567000e-002
131  3.542000e-002
132  2.141000e-002
133  2.154000e-002
134  3.166000e-002
135  7.662000e-002
136  1.056000e-001
137  1.045000e-001
138  9.496000e-002
139  9.398000e-002
140  9.301000e-002
141  8.855000e-002
142  8.007000e-002
143  4.613000e-002
144  2.870000e-002
   6 
1  1.723000e-002
2  2.458000e-002
3  5.629000e-002
4  9.857000e-002
5  1.543000e-001
6  2.049000e-001
7  2.078000e-001
8  2.019000e-001
9  1.594000e-001
10  8.289000e-002
11  5.330000e-002
12  2.790000e-002
13  1.714000e-002
14  2.192000e-002
15  5.435000e-002
16  1.059000e-001
17  1.377000e-001
18  1.894000e-001
19  2.159000e-001
20  2.082000e-001
21  1.514000e-001
22  7.685000e-002
23  4.794000e-002
24  1.777000e-002
25  1.378000e-002
26  2.047000e-002
27  3.531000e-002
28  9.076000e-002
29  1.154000e-001
30  1.718000e-001
31  2.186000e-001
32  1.792000e-001
33  1.344000e-001
34  8.948000e-002
35  4.529000e-002
36  1.967000e-002
37  1.827000e-002
38  2.883000e-002
39  5.619000e-002
40  1.004000e-001
41  1.239000e-001
42  1.842000e-001
43  2.114000e-001
44  1.866000e-001
45  1.528000e-001
46  8.091000e-002
47  3.333000e-002
48  2.832000e-002
49  2.311000e-002
50  3.579000e-002
51  6.066000e-002
52  1.093000e-001
53  1.419000e-001
54  1.903000e-001
55  2.250000e-001
56  2.063000e-001
57  1.352000e-001
58  7.819000e-002
59  4.183000e-002
60  2.224000e-002
61  2.641000e-002
62  3.887000e-002
63  7.019000e-002
64  9.754000e-002
65  1.348000e-001
66  1.710000e-001
67  2.251000e-001
68  2.175000e-001
69  1.476000e-001
70  8.671000e-002
71  4.801000e-002
72  2.526000e-002
73  1.690000e-002
74  3.448000e-002
75  5.261000e-002
76  9.555000e-002
77  1.490000e-001
78  1.889000e-001
79  2.088000e-001
80  1.949000e-001
81  1.458000e-001
82  8.263000e-002
83  4.556000e-002
84  2.944000e-002
85  2.742000e-002
86  3.298000e-002
87  4.733000e-002
88  9.951000e-002
89  1.418000e-001
90  1.975000e-001
91  2.184000e-001
92  1.918000e-001
93  1.383000e-001
94  8.671000e-002
95  3.765000e-002
96  2.375000e-002
97  1.625000e-002
98  2.561000e-002
99  5.480000e-002
100  1.101000e-001
101  1.461000e-001
102  2.088000e-001
103  2.173000e-001
104  1.986000e-001
105  1.481000e-001
106  9.304000e-002
107  5.355000e-002
108  3.698000e-002
109  2.394000e-002
110  4.363000e-002
111  7.065000e-002
112  1.098000e-001
113  1.504000e-001
114  1.248000e-001
115  1.021000e-001
116  8.559000e-002
117  7.266000e-002
118  5.691000e-002
119  3.905000e-002
120  2.687000e-002
121  2.101000e-002
122  3.003000e-002
123  6.531000e-002
124  1.130000e-001
125  1.586000e-001
126  1.780000e-001
127  1.416000e-001
128  1.134000e-001
129  9.204000e-002
130  7.426000e-002
131  3.542000e-002
132  2.141000e-002
133  2.154000e-002
134  3.166000e-002
135  7.664000e-002
136  1.183000e-001
137  1.543000e-001
138  1.604000e-001
139  1.332000e-001
140  1.103000e-001
141  8.810000e-002
142  7.362000e-002
143  4.613000e-002
144  2.870000e-002
