   1 
1  6.111000e-001
2  2.812000e+001
3  4.341000e-001
4  6.627000e+000
5  2.385000e-002
6  0.000000e+000
7  0.000000e+000
8  0.000000e+000
9  0.000000e+000
10  0.000000e+000
11  0.000000e+000
12  1.956000e-004
13  3.364000e-003
14  1.835000e-002
15  4.588000e+000
16  1.111000e+001
17  1.996000e+000
18  0.000000e+000
19  0.000000e+000
20  0.000000e+000
21  0.000000e+000
22  0.000000e+000
23  0.000000e+000
24  3.802000e+000
25  2.018000e+001
26  2.963000e+001
27  8.705000e-001
28  4.393000e+000
29  6.567000e-001
30  0.000000e+000
31  0.000000e+000
32  0.000000e+000
33  0.000000e+000
34  0.000000e+000
35  0.000000e+000
36  8.020000e-004
37  8.627000e-001
38  1.661000e+000
39  3.385000e+000
40  4.011000e-001
41  1.098000e+000
42  1.647000e-001
43  0.000000e+000
44  0.000000e+000
45  0.000000e+000
46  0.000000e+000
47  4.588000e+000
48  2.267000e+000
49  8.656000e+000
50  8.870000e+000
51  7.058000e+000
52  2.209000e-001
53  3.154000e-001
54  0.000000e+000
55  0.000000e+000
56  0.000000e+000
57  0.000000e+000
58  0.000000e+000
59  4.381000e+000
60  5.014000e-001
61  5.296000e-001
62  1.042000e-001
63  0.000000e+000
64  7.312000e-001
65  0.000000e+000
66  0.000000e+000
67  0.000000e+000
68  0.000000e+000
69  0.000000e+000
70  0.000000e+000
71  0.000000e+000
72  0.000000e+000
73  0.000000e+000
74  0.000000e+000
75  5.007000e-002
76  2.337000e-001
77  9.048000e-002
78  0.000000e+000
79  0.000000e+000
80  0.000000e+000
81  0.000000e+000
82  0.000000e+000
83  0.000000e+000
84  0.000000e+000
85  0.000000e+000
86  1.507000e+001
87  7.103000e-003
88  0.000000e+000
89  2.178000e-001
90  0.000000e+000
91  1.000000e+000
92  0.000000e+000
93  0.000000e+000
94  0.000000e+000
95  0.000000e+000
96  0.000000e+000
97  6.733000e-004
98  1.097000e+001
99  1.287000e+001
100  1.971000e+000
101  2.078000e-001
102  0.000000e+000
103  0.000000e+000
104  0.000000e+000
105  0.000000e+000
106  0.000000e+000
107  0.000000e+000
108  0.000000e+000
109  0.000000e+000
110  0.000000e+000
111  0.000000e+000
112  0.000000e+000
113  0.000000e+000
114  0.000000e+000
115  0.000000e+000
116  0.000000e+000
117  0.000000e+000
118  0.000000e+000
119  0.000000e+000
120  0.000000e+000
121  0.000000e+000
122  6.085000e-001
123  1.128000e+001
124  1.179000e-002
125  0.000000e+000
126  0.000000e+000
127  0.000000e+000
128  0.000000e+000
129  0.000000e+000
130  0.000000e+000
131  0.000000e+000
132  1.660000e-001
133  6.851000e-003
134  0.000000e+000
135  0.000000e+000
136  0.000000e+000
137  0.000000e+000
138  0.000000e+000
139  0.000000e+000
140  0.000000e+000
141  0.000000e+000
142  0.000000e+000
143  0.000000e+000
144  9.990000e-005
   2 
1  2.475000e-001
2  1.484000e+001
3  1.552000e-001
4  2.619000e+000
5  0.000000e+000
6  0.000000e+000
7  0.000000e+000
8  0.000000e+000
9  0.000000e+000
10  0.000000e+000
11  0.000000e+000
12  3.958000e-002
13  8.381000e-002
14  1.559000e-002
15  1.239000e+000
16  4.185000e+000
17  1.220000e+000
18  4.750000e-001
19  2.168000e-001
20  1.597000e-001
21  2.286000e-001
22  4.280000e-001
23  5.118000e-001
24  9.084000e-001
25  1.076000e+001
26  1.416000e+001
27  8.307000e-001
28  2.127000e+000
29  4.483000e-001
30  0.000000e+000
31  0.000000e+000
32  1.722000e-004
33  1.354000e-004
34  2.124000e-003
35  9.073000e-002
36  1.924000e-001
37  1.859000e-001
38  2.017000e-001
39  6.064000e-001
40  2.912000e-003
41  2.297000e-001
42  0.000000e+000
43  0.000000e+000
44  0.000000e+000
45  0.000000e+000
46  0.000000e+000
47  5.036000e-001
48  1.162000e+000
49  5.525000e+000
50  5.495000e+000
51  3.218000e+000
52  2.154000e+000
53  1.709000e+000
54  1.218000e+000
55  9.256000e-001
56  7.803000e-001
57  8.049000e-001
58  8.871000e-001
59  1.310000e+000
60  9.661000e-001
61  8.114000e-001
62  6.264000e-001
63  3.898000e-001
64  2.645000e-001
65  1.224000e-002
66  0.000000e+000
67  0.000000e+000
68  0.000000e+000
69  0.000000e+000
70  2.253000e-003
71  2.835000e-002
72  1.147000e-001
73  1.197000e-001
74  4.003000e-002
75  8.207000e-003
76  8.651000e-005
77  0.000000e+000
78  0.000000e+000
79  0.000000e+000
80  0.000000e+000
81  0.000000e+000
82  0.000000e+000
83  0.000000e+000
84  2.393000e-005
85  9.199000e-005
86  5.337000e+000
87  1.821000e-003
88  0.000000e+000
89  0.000000e+000
90  0.000000e+000
91  0.000000e+000
92  0.000000e+000
93  0.000000e+000
94  0.000000e+000
95  3.855000e-005
96  5.287000e-004
97  6.063000e-003
98  1.914000e+000
99  5.664000e+000
100  6.817000e-001
101  8.228000e-002
102  0.000000e+000
103  0.000000e+000
104  0.000000e+000
105  0.000000e+000
106  4.621000e-003
107  5.690000e-002
108  1.170000e-001
109  1.469000e-001
110  3.185000e-002
111  8.064000e-005
112  0.000000e+000
113  0.000000e+000
114  0.000000e+000
115  0.000000e+000
116  0.000000e+000
117  0.000000e+000
118  0.000000e+000
119  1.166000e-004
120  2.005000e-003
121  4.554000e-004
122  8.693000e-006
123  3.096000e+000
124  8.790000e-004
125  0.000000e+000
126  0.000000e+000
127  0.000000e+000
128  0.000000e+000
129  0.000000e+000
130  0.000000e+000
131  0.000000e+000
132  3.798000e-003
133  1.950000e-003
134  0.000000e+000
135  0.000000e+000
136  0.000000e+000
137  0.000000e+000
138  0.000000e+000
139  0.000000e+000
140  0.000000e+000
141  0.000000e+000
142  0.000000e+000
143  0.000000e+000
144  1.658000e-004
   3 
1  3.880000e-001
2  2.404000e+001
3  4.389000e-001
4  5.117000e+000
5  3.639000e-002
6  0.000000e+000
7  0.000000e+000
8  0.000000e+000
9  0.000000e+000
10  0.000000e+000
11  0.000000e+000
12  9.800000e-003
13  1.622000e-002
14  0.000000e+000
15  3.132000e+000
16  9.807000e+000
17  2.752000e+000
18  8.129000e-001
19  3.440000e-001
20  1.468000e-001
21  1.110000e-001
22  2.521000e-001
23  2.881000e-001
24  2.568000e+000
25  1.715000e+001
26  2.473000e+001
27  1.086000e+000
28  3.694000e+000
29  6.457000e-001
30  0.000000e+000
31  0.000000e+000
32  0.000000e+000
33  0.000000e+000
34  0.000000e+000
35  1.736000e-004
36  2.234000e-002
37  3.352000e-001
38  1.020000e+000
39  2.106000e+000
40  2.242000e-001
41  7.239000e-001
42  8.650000e-002
43  0.000000e+000
44  0.000000e+000
45  0.000000e+000
46  0.000000e+000
47  2.753000e+000
48  2.126000e+000
49  9.377000e+000
50  9.993000e+000
51  7.338000e+000
52  3.073000e+000
53  2.332000e+000
54  1.357000e+000
55  8.345000e-001
56  5.071000e-001
57  4.179000e-001
58  4.394000e-001
59  2.637000e+000
60  5.927000e-001
61  4.897000e-001
62  2.373000e-001
63  3.129000e-002
64  4.625000e-001
65  0.000000e+000
66  0.000000e+000
67  0.000000e+000
68  0.000000e+000
69  0.000000e+000
70  0.000000e+000
71  0.000000e+000
72  0.000000e+000
73  2.667000e-005
74  0.000000e+000
75  2.788000e-003
76  4.826000e-002
77  1.502000e-002
78  0.000000e+000
79  0.000000e+000
80  0.000000e+000
81  0.000000e+000
82  0.000000e+000
83  0.000000e+000
84  0.000000e+000
85  0.000000e+000
86  1.174000e+001
87  7.713000e-003
88  0.000000e+000
89  2.354000e-002
90  0.000000e+000
91  3.302000e-001
92  0.000000e+000
93  0.000000e+000
94  0.000000e+000
95  2.886000e-004
96  2.327000e-003
97  1.196000e-002
98  7.172000e+000
99  1.064000e+001
100  1.534000e+000
101  1.985000e-001
102  0.000000e+000
103  0.000000e+000
104  0.000000e+000
105  0.000000e+000
106  0.000000e+000
107  4.741000e-004
108  2.069000e-003
109  1.013000e-002
110  0.000000e+000
111  0.000000e+000
112  0.000000e+000
113  0.000000e+000
114  0.000000e+000
115  0.000000e+000
116  0.000000e+000
117  0.000000e+000
118  0.000000e+000
119  0.000000e+000
120  0.000000e+000
121  0.000000e+000
122  2.493000e-001
123  8.167000e+000
124  1.304000e-002
125  0.000000e+000
126  0.000000e+000
127  0.000000e+000
128  0.000000e+000
129  0.000000e+000
130  0.000000e+000
131  0.000000e+000
132  4.183000e-002
133  7.510000e-003
134  0.000000e+000
135  0.000000e+000
136  0.000000e+000
137  0.000000e+000
138  0.000000e+000
139  0.000000e+000
140  0.000000e+000
141  0.000000e+000
142  0.000000e+000
143  0.000000e+000
144  1.109000e-004
   4 
1  1.310000e-002
2  4.234000e+000
3  0.000000e+000
4  8.591000e-001
5  0.000000e+000
6  0.000000e+000
7  0.000000e+000
8  0.000000e+000
9  0.000000e+000
10  0.000000e+000
11  0.000000e+000
12  2.272000e-004
13  4.632000e-005
14  0.000000e+000
15  1.735000e-001
16  1.810000e+000
17  9.789000e-001
18  1.600000e-002
19  0.000000e+000
20  0.000000e+000
21  0.000000e+000
22  0.000000e+000
23  0.000000e+000
24  3.622000e-002
25  3.093000e+000
26  3.137000e+000
27  1.193000e+000
28  6.511000e-001
29  1.878000e-001
30  0.000000e+000
31  0.000000e+000
32  0.000000e+000
33  0.000000e+000
34  0.000000e+000
35  0.000000e+000
36  0.000000e+000
37  0.000000e+000
38  0.000000e+000
39  0.000000e+000
40  0.000000e+000
41  0.000000e+000
42  0.000000e+000
43  0.000000e+000
44  0.000000e+000
45  0.000000e+000
46  0.000000e+000
47  3.004000e-002
48  5.123000e-001
49  4.422000e+000
50  3.430000e+000
51  2.945000e+000
52  2.656000e+000
53  1.164000e+000
54  5.385000e-002
55  0.000000e+000
56  0.000000e+000
57  0.000000e+000
58  0.000000e+000
59  9.643000e-004
60  4.931000e-002
61  7.324000e-002
62  0.000000e+000
63  0.000000e+000
64  0.000000e+000
65  0.000000e+000
66  0.000000e+000
67  0.000000e+000
68  0.000000e+000
69  0.000000e+000
70  0.000000e+000
71  0.000000e+000
72  0.000000e+000
73  0.000000e+000
74  0.000000e+000
75  0.000000e+000
76  0.000000e+000
77  0.000000e+000
78  0.000000e+000
79  0.000000e+000
80  0.000000e+000
81  0.000000e+000
82  0.000000e+000
83  0.000000e+000
84  0.000000e+000
85  0.000000e+000
86  3.606000e-001
87  0.000000e+000
88  0.000000e+000
89  0.000000e+000
90  0.000000e+000
91  0.000000e+000
92  0.000000e+000
93  0.000000e+000
94  0.000000e+000
95  0.000000e+000
96  0.000000e+000
97  4.768000e-004
98  5.735000e-004
99  9.320000e-001
100  3.264000e-001
101  6.969000e-003
102  0.000000e+000
103  0.000000e+000
104  0.000000e+000
105  0.000000e+000
106  0.000000e+000
107  0.000000e+000
108  0.000000e+000
109  0.000000e+000
110  0.000000e+000
111  0.000000e+000
112  0.000000e+000
113  0.000000e+000
114  0.000000e+000
115  0.000000e+000
116  0.000000e+000
117  0.000000e+000
118  0.000000e+000
119  0.000000e+000
120  0.000000e+000
121  0.000000e+000
122  0.000000e+000
123  1.345000e-001
124  0.000000e+000
125  0.000000e+000
126  0.000000e+000
127  0.000000e+000
128  0.000000e+000
129  0.000000e+000
130  0.000000e+000
131  0.000000e+000
132  1.038000e-003
133  0.000000e+000
134  0.000000e+000
135  0.000000e+000
136  0.000000e+000
137  0.000000e+000
138  0.000000e+000
139  0.000000e+000
140  0.000000e+000
141  0.000000e+000
142  0.000000e+000
143  0.000000e+000
144  1.006000e-004
   5 
1  1.039000e+000
2  2.805000e+001
3  5.818000e-001
4  8.194000e+000
5  4.148000e-002
6  0.000000e+000
7  0.000000e+000
8  0.000000e+000
9  0.000000e+000
10  0.000000e+000
11  0.000000e+000
12  3.060000e-002
13  1.205000e-001
14  1.471000e-001
15  6.119000e+000
16  1.337000e+001
17  2.686000e+000
18  0.000000e+000
19  0.000000e+000
20  0.000000e+000
21  0.000000e+000
22  0.000000e+000
23  0.000000e+000
24  5.259000e+000
25  2.229000e+001
26  3.333000e+001
27  1.155000e+000
28  5.204000e+000
29  8.540000e-001
30  0.000000e+000
31  0.000000e+000
32  0.000000e+000
33  0.000000e+000
34  0.000000e+000
35  8.564000e-004
36  1.012000e-001
37  1.522000e+000
38  2.344000e+000
39  4.735000e+000
40  5.974000e-001
41  1.548000e+000
42  2.562000e-001
43  0.000000e+000
44  0.000000e+000
45  0.000000e+000
46  0.000000e+000
47  6.434000e+000
48  3.104000e+000
49  9.792000e+000
50  9.337000e+000
51  8.639000e+000
52  4.596000e-001
53  4.711000e-001
54  0.000000e+000
55  0.000000e+000
56  0.000000e+000
57  0.000000e+000
58  5.190000e-003
59  6.318000e+000
60  5.279000e-001
61  6.312000e-001
62  1.338000e-001
63  7.257000e-005
64  1.088000e+000
65  0.000000e+000
66  0.000000e+000
67  0.000000e+000
68  0.000000e+000
69  0.000000e+000
70  0.000000e+000
71  0.000000e+000
72  1.188000e-002
73  3.455000e-002
74  7.898000e-003
75  1.810000e-001
76  4.740000e-001
77  1.727000e-001
78  0.000000e+000
79  0.000000e+000
80  0.000000e+000
81  0.000000e+000
82  0.000000e+000
83  0.000000e+000
84  1.265000e-004
85  2.441000e-003
86  1.743000e+001
87  1.331000e-001
88  0.000000e+000
89  4.966000e-001
90  0.000000e+000
91  1.701000e+000
92  0.000000e+000
93  0.000000e+000
94  0.000000e+000
95  9.772000e-003
96  4.370000e-002
97  8.589000e-002
98  1.434000e+001
99  1.477000e+001
100  2.489000e+000
101  3.405000e-001
102  0.000000e+000
103  0.000000e+000
104  0.000000e+000
105  0.000000e+000
106  0.000000e+000
107  3.590000e-004
108  5.721000e-003
109  5.973000e-002
110  8.895000e-004
111  0.000000e+000
112  0.000000e+000
113  0.000000e+000
114  0.000000e+000
115  0.000000e+000
116  0.000000e+000
117  0.000000e+000
118  0.000000e+000
119  3.337000e-005
120  1.359000e-003
121  1.844000e-004
122  9.326000e-001
123  1.370000e+001
124  1.703000e-002
125  0.000000e+000
126  0.000000e+000
127  0.000000e+000
128  0.000000e+000
129  0.000000e+000
130  0.000000e+000
131  0.000000e+000
132  3.308000e-001
133  2.640000e-002
134  0.000000e+000
135  0.000000e+000
136  0.000000e+000
137  0.000000e+000
138  0.000000e+000
139  0.000000e+000
140  0.000000e+000
141  0.000000e+000
142  0.000000e+000
143  0.000000e+000
144  3.673000e-004
   6 
1  9.316000e-001
2  2.985000e+001
3  7.246000e-001
4  7.528000e+000
5  7.162000e-002
6  0.000000e+000
7  0.000000e+000
8  0.000000e+000
9  0.000000e+000
10  0.000000e+000
11  0.000000e+000
12  2.634000e-002
13  7.096000e-002
14  7.554000e-002
15  5.414000e+000
16  1.327000e+001
17  3.404000e+000
18  4.587000e-001
19  1.303000e-001
20  3.318000e-002
21  5.264000e-002
22  2.276000e-001
23  2.927000e-001
24  4.778000e+000
25  2.142000e+001
26  3.189000e+001
27  1.518000e+000
28  5.141000e+000
29  9.654000e-001
30  0.000000e+000
31  0.000000e+000
32  0.000000e+000
33  0.000000e+000
34  0.000000e+000
35  9.874000e-003
36  1.024000e-001
37  1.253000e+000
38  2.110000e+000
39  4.173000e+000
40  5.421000e-001
41  1.359000e+000
42  2.345000e-001
43  0.000000e+000
44  0.000000e+000
45  0.000000e+000
46  0.000000e+000
47  5.573000e+000
48  3.021000e+000
49  1.036000e+001
50  1.071000e+001
51  9.522000e+000
52  2.667000e+000
53  2.241000e+000
54  1.214000e+000
55  8.041000e-001
56  5.507000e-001
57  5.220000e-001
58  5.567000e-001
59  5.762000e+000
60  7.122000e-001
61  7.371000e-001
62  3.776000e-001
63  1.221000e-001
64  9.727000e-001
65  0.000000e+000
66  0.000000e+000
67  0.000000e+000
68  0.000000e+000
69  0.000000e+000
70  0.000000e+000
71  0.000000e+000
72  1.890000e-004
73  3.997000e-003
74  2.169000e-004
75  1.037000e-001
76  3.532000e-001
77  1.344000e-001
78  0.000000e+000
79  0.000000e+000
80  0.000000e+000
81  0.000000e+000
82  0.000000e+000
83  0.000000e+000
84  0.000000e+000
85  0.000000e+000
86  1.626000e+001
87  8.031000e-002
88  0.000000e+000
89  3.527000e-001
90  0.000000e+000
91  1.355000e+000
92  0.000000e+000
93  0.000000e+000
94  0.000000e+000
95  4.188000e-003
96  1.962000e-002
97  4.713000e-002
98  1.271000e+001
99  1.406000e+001
100  2.303000e+000
101  3.492000e-001
102  0.000000e+000
103  0.000000e+000
104  0.000000e+000
105  0.000000e+000
106  0.000000e+000
107  5.271000e-004
108  2.829000e-003
109  2.224000e-002
110  0.000000e+000
111  0.000000e+000
112  0.000000e+000
113  0.000000e+000
114  0.000000e+000
115  0.000000e+000
116  0.000000e+000
117  0.000000e+000
118  0.000000e+000
119  0.000000e+000
120  0.000000e+000
121  0.000000e+000
122  7.648000e-001
123  1.249000e+001
124  1.585000e-002
125  0.000000e+000
126  0.000000e+000
127  0.000000e+000
128  0.000000e+000
129  0.000000e+000
130  0.000000e+000
131  0.000000e+000
132  2.397000e-001
133  1.449000e-002
134  0.000000e+000
135  0.000000e+000
136  0.000000e+000
137  0.000000e+000
138  0.000000e+000
139  0.000000e+000
140  0.000000e+000
141  0.000000e+000
142  0.000000e+000
143  0.000000e+000
144  1.316000e-004
