   1 
1  0.000000e+000
2  3.530000e+005
3  6.570000e+004
4  2.137000e+005
5  7.154000e+004
6  0.000000e+000
7  0.000000e+000
8  0.000000e+000
9  0.000000e+000
10  0.000000e+000
11  0.000000e+000
12  0.000000e+000
13  0.000000e+000
14  3.275000e+005
15  1.400000e+005
16  1.680000e+005
17  1.392000e+005
18  0.000000e+000
19  0.000000e+000
20  0.000000e+000
21  0.000000e+000
22  0.000000e+000
23  0.000000e+000
24  8.290000e+003
25  4.338000e+003
26  4.921000e+005
27  3.729000e+004
28  9.411000e+003
29  8.799000e+004
30  0.000000e+000
31  0.000000e+000
32  0.000000e+000
33  0.000000e+000
34  0.000000e+000
35  0.000000e+000
36  0.000000e+000
37  2.408000e+003
38  1.260000e-005
39  5.257000e+003
40  0.000000e+000
41  0.000000e+000
42  0.000000e+000
43  0.000000e+000
44  0.000000e+000
45  0.000000e+000
46  0.000000e+000
47  1.312000e+004
48  6.232000e+004
49  2.400000e+005
50  1.523000e+005
51  6.735000e+004
52  8.302000e+004
53  2.437000e+004
54  0.000000e+000
55  0.000000e+000
56  0.000000e+000
57  0.000000e+000
58  0.000000e+000
59  1.577000e+004
60  3.471000e+004
61  4.517000e+001
62  2.142000e+003
63  0.000000e+000
64  0.000000e+000
65  1.264000e+005
66  8.938000e+004
67  0.000000e+000
68  0.000000e+000
69  0.000000e+000
70  0.000000e+000
71  0.000000e+000
72  0.000000e+000
73  0.000000e+000
74  0.000000e+000
75  5.195000e+004
76  5.464000e+003
77  2.724000e+004
78  0.000000e+000
79  0.000000e+000
80  0.000000e+000
81  0.000000e+000
82  0.000000e+000
83  0.000000e+000
84  0.000000e+000
85  2.387000e+002
86  2.960000e+004
87  0.000000e+000
88  0.000000e+000
89  0.000000e+000
90  0.000000e+000
91  0.000000e+000
92  0.000000e+000
93  0.000000e+000
94  0.000000e+000
95  0.000000e+000
96  0.000000e+000
97  2.759000e+004
98  7.551000e+005
99  3.877000e+005
100  5.535000e+003
101  0.000000e+000
102  0.000000e+000
103  0.000000e+000
104  0.000000e+000
105  0.000000e+000
106  0.000000e+000
107  0.000000e+000
108  0.000000e+000
109  0.000000e+000
110  0.000000e+000
111  0.000000e+000
112  0.000000e+000
113  0.000000e+000
114  0.000000e+000
115  0.000000e+000
116  0.000000e+000
117  0.000000e+000
118  0.000000e+000
119  0.000000e+000
120  0.000000e+000
121  0.000000e+000
122  5.617000e+005
123  6.297000e+005
124  1.884000e+005
125  0.000000e+000
126  0.000000e+000
127  0.000000e+000
128  0.000000e+000
129  0.000000e+000
130  0.000000e+000
131  0.000000e+000
132  0.000000e+000
133  0.000000e+000
134  0.000000e+000
135  0.000000e+000
136  0.000000e+000
137  0.000000e+000
138  0.000000e+000
139  0.000000e+000
140  0.000000e+000
141  0.000000e+000
142  0.000000e+000
143  0.000000e+000
144  0.000000e+000
   2 
1  0.000000e+000
2  0.000000e+000
3  0.000000e+000
4  4.488000e+004
5  4.097000e+003
6  0.000000e+000
7  0.000000e+000
8  0.000000e+000
9  0.000000e+000
10  0.000000e+000
11  0.000000e+000
12  0.000000e+000
13  0.000000e+000
14  6.390000e+004
15  1.814000e+004
16  5.951000e+004
17  3.444000e+004
18  0.000000e+000
19  0.000000e+000
20  0.000000e+000
21  0.000000e+000
22  0.000000e+000
23  0.000000e+000
24  7.051000e+001
25  0.000000e+000
26  2.404000e+005
27  8.367000e+003
28  2.108000e+003
29  3.598000e+004
30  0.000000e+000
31  0.000000e+000
32  0.000000e+000
33  0.000000e+000
34  0.000000e+000
35  0.000000e+000
36  0.000000e+000
37  0.000000e+000
38  0.000000e+000
39  0.000000e+000
40  0.000000e+000
41  0.000000e+000
42  0.000000e+000
43  0.000000e+000
44  0.000000e+000
45  0.000000e+000
46  0.000000e+000
47  4.371000e+001
48  2.539000e+004
49  1.065000e+005
50  6.402000e+004
51  1.790000e+004
52  1.115000e+004
53  1.231000e+003
54  0.000000e+000
55  0.000000e+000
56  0.000000e+000
57  0.000000e+000
58  0.000000e+000
59  2.274000e+003
60  1.383000e+004
61  3.838000e+000
62  0.000000e+000
63  0.000000e+000
64  0.000000e+000
65  4.553000e+004
66  2.872000e+004
67  0.000000e+000
68  0.000000e+000
69  0.000000e+000
70  0.000000e+000
71  0.000000e+000
72  0.000000e+000
73  0.000000e+000
74  0.000000e+000
75  1.308000e+004
76  0.000000e+000
77  0.000000e+000
78  0.000000e+000
79  0.000000e+000
80  0.000000e+000
81  0.000000e+000
82  0.000000e+000
83  0.000000e+000
84  0.000000e+000
85  0.000000e+000
86  3.039000e+003
87  0.000000e+000
88  0.000000e+000
89  0.000000e+000
90  0.000000e+000
91  0.000000e+000
92  0.000000e+000
93  0.000000e+000
94  0.000000e+000
95  0.000000e+000
96  0.000000e+000
97  0.000000e+000
98  3.477000e+005
99  1.774000e+005
100  0.000000e+000
101  0.000000e+000
102  0.000000e+000
103  0.000000e+000
104  0.000000e+000
105  0.000000e+000
106  0.000000e+000
107  0.000000e+000
108  0.000000e+000
109  0.000000e+000
110  0.000000e+000
111  0.000000e+000
112  0.000000e+000
113  0.000000e+000
114  0.000000e+000
115  0.000000e+000
116  0.000000e+000
117  0.000000e+000
118  0.000000e+000
119  0.000000e+000
120  0.000000e+000
121  0.000000e+000
122  1.407000e+005
123  2.023000e+005
124  4.084000e+004
125  0.000000e+000
126  0.000000e+000
127  0.000000e+000
128  0.000000e+000
129  0.000000e+000
130  0.000000e+000
131  0.000000e+000
132  0.000000e+000
133  0.000000e+000
134  0.000000e+000
135  0.000000e+000
136  0.000000e+000
137  0.000000e+000
138  0.000000e+000
139  0.000000e+000
140  0.000000e+000
141  0.000000e+000
142  0.000000e+000
143  0.000000e+000
144  0.000000e+000
   3 
1  0.000000e+000
2  2.253000e+005
3  3.081000e+004
4  1.459000e+005
5  3.845000e+004
6  0.000000e+000
7  0.000000e+000
8  0.000000e+000
9  0.000000e+000
10  0.000000e+000
11  0.000000e+000
12  0.000000e+000
13  0.000000e+000
14  2.033000e+005
15  7.915000e+004
16  1.213000e+005
17  9.717000e+004
18  0.000000e+000
19  0.000000e+000
20  0.000000e+000
21  0.000000e+000
22  0.000000e+000
23  0.000000e+000
24  3.536000e+003
25  1.833000e+003
26  4.107000e+005
27  2.602000e+004
28  6.672000e+003
29  7.086000e+004
30  0.000000e+000
31  0.000000e+000
32  0.000000e+000
33  0.000000e+000
34  0.000000e+000
35  0.000000e+000
36  0.000000e+000
37  5.655000e+002
38  0.000000e+000
39  1.165000e+003
40  0.000000e+000
41  0.000000e+000
42  0.000000e+000
43  0.000000e+000
44  0.000000e+000
45  0.000000e+000
46  0.000000e+000
47  5.972000e+003
48  4.846000e+004
49  1.978000e+005
50  1.223000e+005
51  5.141000e+004
52  5.006000e+004
53  1.655000e+004
54  0.000000e+000
55  0.000000e+000
56  0.000000e+000
57  0.000000e+000
58  0.000000e+000
59  9.912000e+003
60  2.805000e+004
61  2.792000e+001
62  5.715000e+002
63  0.000000e+000
64  0.000000e+000
65  9.527000e+004
66  6.695000e+004
67  0.000000e+000
68  0.000000e+000
69  0.000000e+000
70  0.000000e+000
71  0.000000e+000
72  0.000000e+000
73  0.000000e+000
74  0.000000e+000
75  3.756000e+004
76  4.503000e+002
77  1.315000e+004
78  0.000000e+000
79  0.000000e+000
80  0.000000e+000
81  0.000000e+000
82  0.000000e+000
83  0.000000e+000
84  0.000000e+000
85  0.000000e+000
86  1.855000e+004
87  0.000000e+000
88  0.000000e+000
89  0.000000e+000
90  0.000000e+000
91  0.000000e+000
92  0.000000e+000
93  0.000000e+000
94  0.000000e+000
95  0.000000e+000
96  0.000000e+000
97  9.849000e+003
98  6.137000e+005
99  3.308000e+005
100  2.464000e+003
101  0.000000e+000
102  0.000000e+000
103  0.000000e+000
104  0.000000e+000
105  0.000000e+000
106  0.000000e+000
107  0.000000e+000
108  0.000000e+000
109  0.000000e+000
110  0.000000e+000
111  0.000000e+000
112  0.000000e+000
113  0.000000e+000
114  0.000000e+000
115  0.000000e+000
116  0.000000e+000
117  0.000000e+000
118  0.000000e+000
119  0.000000e+000
120  0.000000e+000
121  0.000000e+000
122  4.167000e+005
123  4.810000e+005
124  1.299000e+005
125  0.000000e+000
126  0.000000e+000
127  0.000000e+000
128  0.000000e+000
129  0.000000e+000
130  0.000000e+000
131  0.000000e+000
132  0.000000e+000
133  0.000000e+000
134  0.000000e+000
135  0.000000e+000
136  0.000000e+000
137  0.000000e+000
138  0.000000e+000
139  0.000000e+000
140  0.000000e+000
141  0.000000e+000
142  0.000000e+000
143  0.000000e+000
144  0.000000e+000
   4 
1  0.000000e+000
2  0.000000e+000
3  0.000000e+000
4  0.000000e+000
5  0.000000e+000
6  0.000000e+000
7  0.000000e+000
8  0.000000e+000
9  0.000000e+000
10  0.000000e+000
11  0.000000e+000
12  0.000000e+000
13  0.000000e+000
14  6.838000e+003
15  8.678000e+000
16  7.336000e+003
17  0.000000e+000
18  0.000000e+000
19  0.000000e+000
20  0.000000e+000
21  0.000000e+000
22  0.000000e+000
23  0.000000e+000
24  0.000000e+000
25  0.000000e+000
26  8.284000e+004
27  7.841000e+002
28  0.000000e+000
29  4.610000e+003
30  0.000000e+000
31  0.000000e+000
32  0.000000e+000
33  0.000000e+000
34  0.000000e+000
35  0.000000e+000
36  0.000000e+000
37  0.000000e+000
38  0.000000e+000
39  0.000000e+000
40  0.000000e+000
41  0.000000e+000
42  0.000000e+000
43  0.000000e+000
44  0.000000e+000
45  0.000000e+000
46  0.000000e+000
47  0.000000e+000
48  5.715000e+003
49  1.977000e+004
50  8.670000e+003
51  0.000000e+000
52  0.000000e+000
53  0.000000e+000
54  0.000000e+000
55  0.000000e+000
56  0.000000e+000
57  0.000000e+000
58  0.000000e+000
59  0.000000e+000
60  1.266000e+003
61  0.000000e+000
62  0.000000e+000
63  0.000000e+000
64  0.000000e+000
65  1.695000e+003
66  0.000000e+000
67  0.000000e+000
68  0.000000e+000
69  0.000000e+000
70  0.000000e+000
71  0.000000e+000
72  0.000000e+000
73  0.000000e+000
74  0.000000e+000
75  0.000000e+000
76  0.000000e+000
77  0.000000e+000
78  0.000000e+000
79  0.000000e+000
80  0.000000e+000
81  0.000000e+000
82  0.000000e+000
83  0.000000e+000
84  0.000000e+000
85  0.000000e+000
86  0.000000e+000
87  0.000000e+000
88  0.000000e+000
89  0.000000e+000
90  0.000000e+000
91  0.000000e+000
92  0.000000e+000
93  0.000000e+000
94  0.000000e+000
95  0.000000e+000
96  0.000000e+000
97  0.000000e+000
98  8.419000e+004
99  4.546000e+004
100  0.000000e+000
101  0.000000e+000
102  0.000000e+000
103  0.000000e+000
104  0.000000e+000
105  0.000000e+000
106  0.000000e+000
107  0.000000e+000
108  0.000000e+000
109  0.000000e+000
110  0.000000e+000
111  0.000000e+000
112  0.000000e+000
113  0.000000e+000
114  0.000000e+000
115  0.000000e+000
116  0.000000e+000
117  0.000000e+000
118  0.000000e+000
119  0.000000e+000
120  0.000000e+000
121  0.000000e+000
122  0.000000e+000
123  1.307000e+004
124  0.000000e+000
125  0.000000e+000
126  0.000000e+000
127  0.000000e+000
128  0.000000e+000
129  0.000000e+000
130  0.000000e+000
131  0.000000e+000
132  0.000000e+000
133  0.000000e+000
134  0.000000e+000
135  0.000000e+000
136  0.000000e+000
137  0.000000e+000
138  0.000000e+000
139  0.000000e+000
140  0.000000e+000
141  0.000000e+000
142  0.000000e+000
143  0.000000e+000
144  0.000000e+000
   5 
1  0.000000e+000
2  4.190000e+005
3  9.412000e+004
4  2.695000e+005
5  9.021000e+004
6  0.000000e+000
7  0.000000e+000
8  0.000000e+000
9  0.000000e+000
10  0.000000e+000
11  0.000000e+000
12  0.000000e+000
13  0.000000e+000
14  3.898000e+005
15  1.751000e+005
16  1.977000e+005
17  1.732000e+005
18  0.000000e+000
19  0.000000e+000
20  0.000000e+000
21  0.000000e+000
22  0.000000e+000
23  0.000000e+000
24  1.303000e+004
25  6.958000e+003
26  3.912000e+005
27  5.213000e+004
28  2.142000e+004
29  1.302000e+005
30  0.000000e+000
31  0.000000e+000
32  0.000000e+000
33  0.000000e+000
34  0.000000e+000
35  0.000000e+000
36  0.000000e+000
37  3.775000e+003
38  4.696000e-005
39  9.621000e+003
40  0.000000e+000
41  0.000000e+000
42  0.000000e+000
43  0.000000e+000
44  0.000000e+000
45  0.000000e+000
46  0.000000e+000
47  2.021000e+004
48  6.833000e+004
49  2.573000e+005
50  1.654000e+005
51  7.953000e+004
52  1.176000e+005
53  3.672000e+004
54  0.000000e+000
55  0.000000e+000
56  0.000000e+000
57  0.000000e+000
58  0.000000e+000
59  2.138000e+004
60  3.952000e+004
61  5.926000e+001
62  3.332000e+003
63  0.000000e+000
64  0.000000e+000
65  1.471000e+005
66  1.067000e+005
67  0.000000e+000
68  0.000000e+000
69  0.000000e+000
70  0.000000e+000
71  0.000000e+000
72  0.000000e+000
73  0.000000e+000
74  8.385000e+002
75  6.183000e+004
76  9.310000e+003
77  4.103000e+004
78  0.000000e+000
79  0.000000e+000
80  0.000000e+000
81  0.000000e+000
82  0.000000e+000
83  0.000000e+000
84  0.000000e+000
85  7.587000e+002
86  3.817000e+004
87  0.000000e+000
88  0.000000e+000
89  0.000000e+000
90  0.000000e+000
91  0.000000e+000
92  0.000000e+000
93  0.000000e+000
94  0.000000e+000
95  0.000000e+000
96  0.000000e+000
97  4.496000e+004
98  8.591000e+005
99  4.445000e+005
100  7.282000e+003
101  0.000000e+000
102  0.000000e+000
103  0.000000e+000
104  0.000000e+000
105  0.000000e+000
106  0.000000e+000
107  0.000000e+000
108  0.000000e+000
109  0.000000e+000
110  0.000000e+000
111  0.000000e+000
112  0.000000e+000
113  0.000000e+000
114  0.000000e+000
115  0.000000e+000
116  0.000000e+000
117  0.000000e+000
118  0.000000e+000
119  0.000000e+000
120  0.000000e+000
121  0.000000e+000
122  6.594000e+005
123  7.414000e+005
124  2.361000e+005
125  0.000000e+000
126  0.000000e+000
127  0.000000e+000
128  0.000000e+000
129  0.000000e+000
130  0.000000e+000
131  0.000000e+000
132  0.000000e+000
133  0.000000e+000
134  0.000000e+000
135  0.000000e+000
136  0.000000e+000
137  0.000000e+000
138  0.000000e+000
139  0.000000e+000
140  0.000000e+000
141  0.000000e+000
142  0.000000e+000
143  0.000000e+000
144  0.000000e+000
   6 
1  0.000000e+000
2  3.872000e+005
3  7.920000e+004
4  2.447000e+005
5  8.143000e+004
6  0.000000e+000
7  0.000000e+000
8  0.000000e+000
9  0.000000e+000
10  0.000000e+000
11  0.000000e+000
12  0.000000e+000
13  0.000000e+000
14  3.584000e+005
15  1.578000e+005
16  1.835000e+005
17  1.603000e+005
18  0.000000e+000
19  0.000000e+000
20  0.000000e+000
21  0.000000e+000
22  0.000000e+000
23  0.000000e+000
24  1.074000e+004
25  5.660000e+003
26  3.658000e+005
27  4.765000e+004
28  1.943000e+004
29  1.268000e+005
30  0.000000e+000
31  0.000000e+000
32  0.000000e+000
33  0.000000e+000
34  0.000000e+000
35  0.000000e+000
36  0.000000e+000
37  2.705000e+003
38  2.796000e-005
39  6.812000e+003
40  0.000000e+000
41  0.000000e+000
42  0.000000e+000
43  0.000000e+000
44  0.000000e+000
45  0.000000e+000
46  0.000000e+000
47  1.625000e+004
48  6.524000e+004
49  2.484000e+005
50  1.588000e+005
51  7.313000e+004
52  1.077000e+005
53  3.444000e+004
54  0.000000e+000
55  0.000000e+000
56  0.000000e+000
57  0.000000e+000
58  0.000000e+000
59  1.864000e+004
60  3.708000e+004
61  5.304000e+001
62  2.867000e+003
63  0.000000e+000
64  0.000000e+000
65  1.373000e+005
66  9.678000e+004
67  0.000000e+000
68  0.000000e+000
69  0.000000e+000
70  0.000000e+000
71  0.000000e+000
72  0.000000e+000
73  0.000000e+000
74  4.035000e+002
75  5.740000e+004
76  7.429000e+003
77  3.296000e+004
78  0.000000e+000
79  0.000000e+000
80  0.000000e+000
81  0.000000e+000
82  0.000000e+000
83  0.000000e+000
84  0.000000e+000
85  4.916000e+002
86  3.360000e+004
87  0.000000e+000
88  0.000000e+000
89  0.000000e+000
90  0.000000e+000
91  0.000000e+000
92  0.000000e+000
93  0.000000e+000
94  0.000000e+000
95  0.000000e+000
96  0.000000e+000
97  3.603000e+004
98  8.083000e+005
99  4.173000e+005
100  6.495000e+003
101  0.000000e+000
102  0.000000e+000
103  0.000000e+000
104  0.000000e+000
105  0.000000e+000
106  0.000000e+000
107  0.000000e+000
108  0.000000e+000
109  0.000000e+000
110  0.000000e+000
111  0.000000e+000
112  0.000000e+000
113  0.000000e+000
114  0.000000e+000
115  0.000000e+000
116  0.000000e+000
117  0.000000e+000
118  0.000000e+000
119  0.000000e+000
120  0.000000e+000
121  0.000000e+000
122  6.094000e+005
123  6.855000e+005
124  2.118000e+005
125  0.000000e+000
126  0.000000e+000
127  0.000000e+000
128  0.000000e+000
129  0.000000e+000
130  0.000000e+000
131  0.000000e+000
132  0.000000e+000
133  0.000000e+000
134  0.000000e+000
135  0.000000e+000
136  0.000000e+000
137  0.000000e+000
138  0.000000e+000
139  0.000000e+000
140  0.000000e+000
141  0.000000e+000
142  0.000000e+000
143  0.000000e+000
144  0.000000e+000
