   1 
1  6.957000e+002
2  2.110000e+004
3  8.584000e+005
4  2.714000e+005
5  1.402000e+003
6  0.000000e+000
7  0.000000e+000
8  0.000000e+000
9  0.000000e+000
10  0.000000e+000
11  0.000000e+000
12  0.000000e+000
13  0.000000e+000
14  1.224000e+005
15  3.210000e+005
16  1.744000e+005
17  0.000000e+000
18  0.000000e+000
19  0.000000e+000
20  0.000000e+000
21  0.000000e+000
22  0.000000e+000
23  0.000000e+000
24  0.000000e+000
25  0.000000e+000
26  4.040000e+004
27  5.068000e+005
28  4.053000e+004
29  1.246000e+005
30  7.175000e+001
31  0.000000e+000
32  0.000000e+000
33  0.000000e+000
34  0.000000e+000
35  0.000000e+000
36  0.000000e+000
37  2.414000e+004
38  3.255000e+004
39  5.472000e+004
40  8.527000e+003
41  8.544000e+004
42  0.000000e+000
43  0.000000e+000
44  0.000000e+000
45  0.000000e+000
46  0.000000e+000
47  1.165000e+003
48  1.009000e+004
49  5.554000e+004
50  8.292000e+004
51  7.857000e+004
52  6.780000e+005
53  2.012000e+005
54  9.397000e+003
55  0.000000e+000
56  0.000000e+000
57  0.000000e+000
58  0.000000e+000
59  3.343000e+004
60  9.225000e+003
61  4.401000e+004
62  5.212000e+004
63  0.000000e+000
64  3.100000e+005
65  2.764000e+005
66  2.054000e+005
67  0.000000e+000
68  0.000000e+000
69  0.000000e+000
70  0.000000e+000
71  0.000000e+000
72  0.000000e+000
73  7.805000e+002
74  2.924000e+004
75  9.011000e+003
76  6.688000e+005
77  9.280000e-004
78  0.000000e+000
79  0.000000e+000
80  0.000000e+000
81  0.000000e+000
82  0.000000e+000
83  0.000000e+000
84  0.000000e+000
85  0.000000e+000
86  0.000000e+000
87  6.296000e+004
88  1.525000e+005
89  0.000000e+000
90  0.000000e+000
91  0.000000e+000
92  0.000000e+000
93  0.000000e+000
94  0.000000e+000
95  1.889000e+003
96  0.000000e+000
97  0.000000e+000
98  9.725000e+005
99  1.268000e+006
100  2.660000e+004
101  7.803000e+004
102  1.752000e+000
103  0.000000e+000
104  0.000000e+000
105  0.000000e+000
106  0.000000e+000
107  0.000000e+000
108  0.000000e+000
109  4.830000e+004
110  1.108000e+002
111  0.000000e+000
112  1.654000e+004
113  0.000000e+000
114  0.000000e+000
115  0.000000e+000
116  0.000000e+000
117  0.000000e+000
118  0.000000e+000
119  3.318000e+003
120  3.842000e+003
121  4.337000e+003
122  4.301000e+005
123  5.123000e+005
124  1.059000e+005
125  0.000000e+000
126  0.000000e+000
127  0.000000e+000
128  0.000000e+000
129  0.000000e+000
130  0.000000e+000
131  0.000000e+000
132  2.583000e+004
133  3.101000e+003
134  4.045000e+005
135  9.036000e-004
136  1.114000e+004
137  0.000000e+000
138  0.000000e+000
139  0.000000e+000
140  0.000000e+000
141  0.000000e+000
142  0.000000e+000
143  0.000000e+000
144  0.000000e+000
   2 
1  0.000000e+000
2  1.486000e+003
3  4.795000e+005
4  1.140000e+005
5  4.117000e+002
6  0.000000e+000
7  0.000000e+000
8  0.000000e+000
9  0.000000e+000
10  0.000000e+000
11  0.000000e+000
12  0.000000e+000
13  0.000000e+000
14  2.392000e+004
15  1.759000e+005
16  7.338000e+004
17  0.000000e+000
18  0.000000e+000
19  0.000000e+000
20  0.000000e+000
21  0.000000e+000
22  0.000000e+000
23  0.000000e+000
24  0.000000e+000
25  0.000000e+000
26  6.198000e+003
27  3.706000e+005
28  2.174000e+004
29  6.099000e+004
30  0.000000e+000
31  0.000000e+000
32  0.000000e+000
33  0.000000e+000
34  0.000000e+000
35  0.000000e+000
36  0.000000e+000
37  6.750000e+003
38  2.037000e+004
39  5.600000e+004
40  2.801000e+003
41  4.135000e+004
42  0.000000e+000
43  0.000000e+000
44  0.000000e+000
45  0.000000e+000
46  0.000000e+000
47  0.000000e+000
48  9.290000e+003
49  5.647000e+004
50  1.016000e+005
51  4.813000e+004
52  5.127000e+005
53  9.750000e+004
54  0.000000e+000
55  0.000000e+000
56  0.000000e+000
57  0.000000e+000
58  0.000000e+000
59  8.008000e+003
60  5.734000e+003
61  3.091000e+004
62  3.509000e+004
63  0.000000e+000
64  1.589000e+005
65  5.571000e+004
66  6.141000e+004
67  0.000000e+000
68  0.000000e+000
69  0.000000e+000
70  0.000000e+000
71  0.000000e+000
72  0.000000e+000
73  0.000000e+000
74  5.642000e+003
75  1.072000e+004
76  5.610000e+005
77  0.000000e+000
78  0.000000e+000
79  0.000000e+000
80  0.000000e+000
81  0.000000e+000
82  0.000000e+000
83  0.000000e+000
84  0.000000e+000
85  0.000000e+000
86  0.000000e+000
87  1.597000e+004
88  4.106000e+004
89  0.000000e+000
90  0.000000e+000
91  0.000000e+000
92  0.000000e+000
93  0.000000e+000
94  0.000000e+000
95  0.000000e+000
96  0.000000e+000
97  0.000000e+000
98  5.953000e+005
99  8.826000e+005
100  4.232000e+003
101  1.630000e+004
102  0.000000e+000
103  0.000000e+000
104  0.000000e+000
105  0.000000e+000
106  0.000000e+000
107  0.000000e+000
108  0.000000e+000
109  6.850000e+003
110  4.458000e+000
111  0.000000e+000
112  0.000000e+000
113  0.000000e+000
114  0.000000e+000
115  0.000000e+000
116  0.000000e+000
117  0.000000e+000
118  0.000000e+000
119  0.000000e+000
120  2.350000e+002
121  0.000000e+000
122  1.802000e+005
123  2.809000e+005
124  4.674000e+004
125  0.000000e+000
126  0.000000e+000
127  0.000000e+000
128  0.000000e+000
129  0.000000e+000
130  0.000000e+000
131  0.000000e+000
132  8.985000e+003
133  9.075000e+002
134  1.287000e+005
135  0.000000e+000
136  0.000000e+000
137  0.000000e+000
138  0.000000e+000
139  0.000000e+000
140  0.000000e+000
141  0.000000e+000
142  0.000000e+000
143  0.000000e+000
144  0.000000e+000
   3 
1  0.000000e+000
2  1.081000e+004
3  7.396000e+005
4  2.157000e+005
5  1.017000e+003
6  0.000000e+000
7  0.000000e+000
8  0.000000e+000
9  0.000000e+000
10  0.000000e+000
11  0.000000e+000
12  0.000000e+000
13  0.000000e+000
14  8.053000e+004
15  2.749000e+005
16  1.419000e+005
17  0.000000e+000
18  0.000000e+000
19  0.000000e+000
20  0.000000e+000
21  0.000000e+000
22  0.000000e+000
23  0.000000e+000
24  0.000000e+000
25  0.000000e+000
26  2.522000e+004
27  4.588000e+005
28  3.424000e+004
29  1.124000e+005
30  0.000000e+000
31  0.000000e+000
32  0.000000e+000
33  0.000000e+000
34  0.000000e+000
35  0.000000e+000
36  0.000000e+000
37  1.683000e+004
38  2.665000e+004
39  6.013000e+004
40  5.370000e+003
41  6.260000e+004
42  0.000000e+000
43  0.000000e+000
44  0.000000e+000
45  0.000000e+000
46  0.000000e+000
47  4.017000e+002
48  9.712000e+003
49  5.529000e+004
50  8.434000e+004
51  6.714000e+004
52  6.137000e+005
53  1.649000e+005
54  6.794000e+003
55  0.000000e+000
56  0.000000e+000
57  0.000000e+000
58  0.000000e+000
59  2.330000e+004
60  8.983000e+003
61  4.269000e+004
62  4.429000e+004
63  0.000000e+000
64  2.454000e+005
65  1.833000e+005
66  1.455000e+005
67  0.000000e+000
68  0.000000e+000
69  0.000000e+000
70  0.000000e+000
71  0.000000e+000
72  0.000000e+000
73  1.082000e+003
74  2.148000e+004
75  6.057000e+003
76  6.508000e+005
77  1.132000e-003
78  0.000000e+000
79  0.000000e+000
80  0.000000e+000
81  0.000000e+000
82  0.000000e+000
83  0.000000e+000
84  0.000000e+000
85  0.000000e+000
86  0.000000e+000
87  4.911000e+004
88  1.132000e+005
89  8.410000e-010
90  0.000000e+000
91  0.000000e+000
92  0.000000e+000
93  0.000000e+000
94  0.000000e+000
95  1.022000e+002
96  0.000000e+000
97  0.000000e+000
98  8.543000e+005
99  1.118000e+006
100  2.212000e+004
101  5.958000e+004
102  0.000000e+000
103  0.000000e+000
104  0.000000e+000
105  0.000000e+000
106  0.000000e+000
107  0.000000e+000
108  0.000000e+000
109  3.182000e+004
110  6.233000e+001
111  0.000000e+000
112  4.968000e+003
113  0.000000e+000
114  0.000000e+000
115  0.000000e+000
116  0.000000e+000
117  0.000000e+000
118  0.000000e+000
119  1.239000e+003
120  2.000000e+003
121  1.046000e+003
122  3.472000e+005
123  4.228000e+005
124  8.981000e+004
125  0.000000e+000
126  0.000000e+000
127  0.000000e+000
128  0.000000e+000
129  0.000000e+000
130  0.000000e+000
131  0.000000e+000
132  1.990000e+004
133  2.306000e+003
134  3.041000e+005
135  4.771000e-006
136  4.912000e+003
137  0.000000e+000
138  0.000000e+000
139  0.000000e+000
140  0.000000e+000
141  0.000000e+000
142  0.000000e+000
143  0.000000e+000
144  0.000000e+000
   4 
1  0.000000e+000
2  0.000000e+000
3  1.573000e+005
4  1.946000e+004
5  6.736000e+001
6  0.000000e+000
7  0.000000e+000
8  0.000000e+000
9  0.000000e+000
10  0.000000e+000
11  0.000000e+000
12  0.000000e+000
13  0.000000e+000
14  0.000000e+000
15  8.155000e+004
16  2.634000e+004
17  0.000000e+000
18  0.000000e+000
19  0.000000e+000
20  0.000000e+000
21  0.000000e+000
22  0.000000e+000
23  0.000000e+000
24  0.000000e+000
25  0.000000e+000
26  0.000000e+000
27  4.769000e+005
28  3.489000e+003
29  8.710000e+003
30  0.000000e+000
31  0.000000e+000
32  0.000000e+000
33  0.000000e+000
34  0.000000e+000
35  0.000000e+000
36  0.000000e+000
37  0.000000e+000
38  1.335000e+004
39  2.686000e+004
40  0.000000e+000
41  8.331000e+003
42  0.000000e+000
43  0.000000e+000
44  0.000000e+000
45  0.000000e+000
46  0.000000e+000
47  0.000000e+000
48  3.411000e+003
49  2.384000e+004
50  7.305000e+004
51  7.527000e+003
52  2.228000e+005
53  2.656000e+004
54  0.000000e+000
55  0.000000e+000
56  0.000000e+000
57  0.000000e+000
58  0.000000e+000
59  0.000000e+000
60  1.686000e+003
61  1.198000e+004
62  1.908000e+004
63  0.000000e+000
64  3.023000e+004
65  9.646000e-002
66  6.478000e+003
67  0.000000e+000
68  0.000000e+000
69  0.000000e+000
70  0.000000e+000
71  0.000000e+000
72  0.000000e+000
73  0.000000e+000
74  0.000000e+000
75  0.000000e+000
76  2.799000e+005
77  0.000000e+000
78  0.000000e+000
79  0.000000e+000
80  0.000000e+000
81  0.000000e+000
82  0.000000e+000
83  0.000000e+000
84  0.000000e+000
85  0.000000e+000
86  0.000000e+000
87  0.000000e+000
88  0.000000e+000
89  0.000000e+000
90  0.000000e+000
91  0.000000e+000
92  0.000000e+000
93  0.000000e+000
94  0.000000e+000
95  0.000000e+000
96  0.000000e+000
97  0.000000e+000
98  2.076000e+005
99  6.381000e+005
100  5.865000e-005
101  0.000000e+000
102  0.000000e+000
103  0.000000e+000
104  0.000000e+000
105  0.000000e+000
106  0.000000e+000
107  0.000000e+000
108  0.000000e+000
109  0.000000e+000
110  0.000000e+000
111  0.000000e+000
112  0.000000e+000
113  0.000000e+000
114  0.000000e+000
115  0.000000e+000
116  0.000000e+000
117  0.000000e+000
118  0.000000e+000
119  0.000000e+000
120  0.000000e+000
121  0.000000e+000
122  2.347000e+004
123  1.216000e+005
124  2.429000e+003
125  0.000000e+000
126  0.000000e+000
127  0.000000e+000
128  0.000000e+000
129  0.000000e+000
130  0.000000e+000
131  0.000000e+000
132  4.963000e+002
133  5.102000e+001
134  1.029000e+004
135  0.000000e+000
136  0.000000e+000
137  0.000000e+000
138  0.000000e+000
139  0.000000e+000
140  0.000000e+000
141  0.000000e+000
142  0.000000e+000
143  0.000000e+000
144  0.000000e+000
   5 
1  1.756000e+003
2  3.049000e+004
3  9.348000e+005
4  3.167000e+005
5  1.762000e+003
6  0.000000e+000
7  0.000000e+000
8  0.000000e+000
9  0.000000e+000
10  0.000000e+000
11  0.000000e+000
12  0.000000e+000
13  0.000000e+000
14  1.551000e+005
15  3.581000e+005
16  1.959000e+005
17  0.000000e+000
18  0.000000e+000
19  0.000000e+000
20  0.000000e+000
21  0.000000e+000
22  0.000000e+000
23  0.000000e+000
24  0.000000e+000
25  0.000000e+000
26  5.353000e+004
27  5.303000e+005
28  4.924000e+004
29  1.396000e+005
30  2.149000e+002
31  0.000000e+000
32  0.000000e+000
33  0.000000e+000
34  0.000000e+000
35  0.000000e+000
36  0.000000e+000
37  3.119000e+004
38  3.449000e+004
39  6.515000e+004
40  1.333000e+004
41  1.055000e+005
42  0.000000e+000
43  0.000000e+000
44  0.000000e+000
45  0.000000e+000
46  0.000000e+000
47  2.145000e+003
48  1.100000e+004
49  5.791000e+004
50  8.507000e+004
51  8.914000e+004
52  7.835000e+005
53  2.557000e+005
54  1.521000e+004
55  0.000000e+000
56  0.000000e+000
57  0.000000e+000
58  0.000000e+000
59  4.264000e+004
60  9.728000e+003
61  4.607000e+004
62  5.947000e+004
63  0.000000e+000
64  3.600000e+005
65  3.733000e+005
66  2.722000e+005
67  0.000000e+000
68  0.000000e+000
69  0.000000e+000
70  0.000000e+000
71  0.000000e+000
72  0.000000e+000
73  1.172000e+003
74  3.274000e+004
75  1.029000e+004
76  6.647000e+005
77  7.974000e-004
78  0.000000e+000
79  0.000000e+000
80  0.000000e+000
81  0.000000e+000
82  0.000000e+000
83  0.000000e+000
84  0.000000e+000
85  0.000000e+000
86  0.000000e+000
87  1.417000e+004
88  1.961000e+005
89  7.650000e+002
90  0.000000e+000
91  0.000000e+000
92  0.000000e+000
93  0.000000e+000
94  0.000000e+000
95  4.003000e+003
96  0.000000e+000
97  0.000000e+000
98  9.811000e+005
99  1.329000e+006
100  3.083000e+004
101  8.677000e+004
102  2.799000e+000
103  0.000000e+000
104  0.000000e+000
105  0.000000e+000
106  0.000000e+000
107  0.000000e+000
108  0.000000e+000
109  6.128000e+004
110  1.510000e+002
111  0.000000e+000
112  2.848000e+004
113  0.000000e+000
114  0.000000e+000
115  0.000000e+000
116  0.000000e+000
117  0.000000e+000
118  0.000000e+000
119  6.302000e+003
120  5.879000e+003
121  7.198000e+003
122  5.023000e+005
123  6.163000e+005
124  1.265000e+005
125  0.000000e+000
126  0.000000e+000
127  0.000000e+000
128  0.000000e+000
129  0.000000e+000
130  0.000000e+000
131  0.000000e+000
132  2.767000e+004
133  3.490000e+003
134  4.374000e+005
135  2.387000e-003
136  2.107000e+004
137  0.000000e+000
138  0.000000e+000
139  0.000000e+000
140  0.000000e+000
141  0.000000e+000
142  0.000000e+000
143  0.000000e+000
144  0.000000e+000
   6 
1  1.192000e+003
2  2.569000e+004
3  9.023000e+005
4  2.964000e+005
5  1.588000e+003
6  0.000000e+000
7  0.000000e+000
8  0.000000e+000
9  0.000000e+000
10  0.000000e+000
11  0.000000e+000
12  0.000000e+000
13  0.000000e+000
14  1.389000e+005
15  3.386000e+005
16  1.870000e+005
17  0.000000e+000
18  0.000000e+000
19  0.000000e+000
20  0.000000e+000
21  0.000000e+000
22  0.000000e+000
23  0.000000e+000
24  0.000000e+000
25  0.000000e+000
26  4.724000e+004
27  5.189000e+005
28  4.582000e+004
29  1.330000e+005
30  1.562000e+002
31  0.000000e+000
32  0.000000e+000
33  0.000000e+000
34  0.000000e+000
35  0.000000e+000
36  0.000000e+000
37  2.738000e+004
38  3.223000e+004
39  5.996000e+004
40  1.147000e+004
41  9.710000e+004
42  0.000000e+000
43  0.000000e+000
44  0.000000e+000
45  0.000000e+000
46  0.000000e+000
47  1.648000e+003
48  1.051000e+004
49  5.711000e+004
50  8.415000e+004
51  8.389000e+004
52  7.336000e+005
53  2.305000e+005
54  1.429000e+004
55  0.000000e+000
56  0.000000e+000
57  0.000000e+000
58  0.000000e+000
59  3.795000e+004
60  9.438000e+003
61  4.521000e+004
62  5.546000e+004
63  0.000000e+000
64  3.405000e+005
65  3.318000e+005
66  2.406000e+005
67  0.000000e+000
68  0.000000e+000
69  0.000000e+000
70  0.000000e+000
71  0.000000e+000
72  0.000000e+000
73  9.543000e+002
74  3.179000e+004
75  9.774000e+003
76  6.723000e+005
77  1.304000e-003
78  0.000000e+000
79  0.000000e+000
80  0.000000e+000
81  0.000000e+000
82  0.000000e+000
83  0.000000e+000
84  0.000000e+000
85  0.000000e+000
86  0.000000e+000
87  6.694000e+004
88  1.672000e+005
89  0.000000e+000
90  0.000000e+000
91  0.000000e+000
92  0.000000e+000
93  0.000000e+000
94  0.000000e+000
95  2.917000e+003
96  0.000000e+000
97  0.000000e+000
98  9.819000e+005
99  1.305000e+006
100  2.974000e+004
101  8.385000e+004
102  2.414000e+000
103  0.000000e+000
104  0.000000e+000
105  0.000000e+000
106  0.000000e+000
107  0.000000e+000
108  0.000000e+000
109  5.535000e+004
110  1.336000e+002
111  0.000000e+000
112  2.192000e+004
113  0.000000e+000
114  0.000000e+000
115  0.000000e+000
116  0.000000e+000
117  0.000000e+000
118  0.000000e+000
119  4.622000e+003
120  4.867000e+003
121  5.954000e+003
122  4.698000e+005
123  5.623000e+005
124  1.150000e+005
125  1.088000e-006
126  0.000000e+000
127  0.000000e+000
128  0.000000e+000
129  0.000000e+000
130  0.000000e+000
131  0.000000e+000
132  2.682000e+004
133  3.279000e+003
134  4.219000e+005
135  1.967000e-003
136  1.581000e+004
137  0.000000e+000
138  0.000000e+000
139  0.000000e+000
140  0.000000e+000
141  0.000000e+000
142  0.000000e+000
143  0.000000e+000
144  0.000000e+000
