   1 
1  5.275000e+001
2  4.299000e+003
3  8.731000e+005
4  2.741000e+005
5  3.153000e+002
6  0.000000e+000
7  0.000000e+000
8  0.000000e+000
9  0.000000e+000
10  0.000000e+000
11  1.011000e+000
12  1.159000e+001
13  1.515000e+001
14  1.394000e+005
15  2.091000e+005
16  1.687000e+005
17  3.594000e-002
18  0.000000e+000
19  0.000000e+000
20  0.000000e+000
21  0.000000e+000
22  0.000000e+000
23  4.993000e+000
24  2.622000e+001
25  2.542000e+001
26  5.688000e+004
27  5.064000e+005
28  4.390000e+004
29  1.043000e+005
30  5.102000e+000
31  0.000000e+000
32  0.000000e+000
33  2.831000e-003
34  3.242000e+000
35  4.029000e+001
36  5.462000e+001
37  4.765000e+003
38  4.711000e+004
39  9.741000e+004
40  2.489000e+003
41  6.037000e+004
42  6.933000e-002
43  0.000000e+000
44  0.000000e+000
45  0.000000e+000
46  3.872000e+000
47  2.114000e+002
48  1.729000e+004
49  8.906000e+004
50  1.337000e+005
51  8.976000e+004
52  8.962000e+005
53  2.101000e+005
54  6.208000e+002
55  3.105000e+000
56  2.745000e-002
57  2.655000e+001
58  1.030000e+002
59  4.046000e+004
60  1.226000e+004
61  6.515000e+004
62  6.877000e+004
63  5.138000e+001
64  2.628000e+005
65  1.767000e+005
66  1.258000e+005
67  1.740000e+001
68  1.462000e+000
69  4.024000e+001
70  1.357000e+002
71  2.946000e+002
72  3.820000e+002
73  4.140000e+002
74  2.582000e+004
75  9.676000e+002
76  9.411000e+005
77  5.117000e+001
78  1.107000e+000
79  0.000000e+000
80  0.000000e+000
81  5.404000e-001
82  2.815000e+001
83  6.680000e+001
84  8.187000e+001
85  7.877000e+001
86  7.451000e+001
87  1.539000e+004
88  2.272000e+005
89  0.000000e+000
90  0.000000e+000
91  0.000000e+000
92  0.000000e+000
93  0.000000e+000
94  0.000000e+000
95  3.841000e+001
96  8.911000e+000
97  1.063000e+001
98  1.017000e+006
99  1.191000e+006
100  5.590000e+003
101  4.308000e+004
102  1.481000e-001
103  0.000000e+000
104  0.000000e+000
105  0.000000e+000
106  0.000000e+000
107  0.000000e+000
108  4.996000e-001
109  4.567000e+004
110  5.912000e+001
111  0.000000e+000
112  3.796000e+001
113  0.000000e+000
114  0.000000e+000
115  0.000000e+000
116  0.000000e+000
117  0.000000e+000
118  0.000000e+000
119  1.266000e+002
120  3.237000e+003
121  1.792000e+001
122  4.384000e+005
123  4.212000e+005
124  1.015000e+005
125  0.000000e+000
126  0.000000e+000
127  0.000000e+000
128  0.000000e+000
129  0.000000e+000
130  0.000000e+000
131  0.000000e+000
132  3.582000e+004
133  7.704000e+002
134  3.069000e+005
135  9.424000e-002
136  3.537000e+001
137  0.000000e+000
138  0.000000e+000
139  0.000000e+000
140  0.000000e+000
141  0.000000e+000
142  0.000000e+000
143  0.000000e+000
144  0.000000e+000
   2 
1  1.400000e+002
2  1.980000e+002
3  4.450000e+005
4  9.416000e+004
5  4.920000e+002
6  1.874000e+002
7  1.386000e+002
8  1.058000e+002
9  8.819000e+001
10  1.025000e+002
11  9.051000e+001
12  8.220000e+001
13  7.498000e+001
14  2.270000e+004
15  8.363000e+004
16  7.450000e+004
17  2.789000e+002
18  1.797000e+002
19  1.262000e+002
20  8.926000e+001
21  8.201000e+001
22  1.003000e+002
23  8.749000e+001
24  8.455000e+001
25  7.563000e+001
26  3.127000e+003
27  2.876000e+005
28  6.959000e+003
29  4.641000e+004
30  9.819000e+002
31  7.719000e+002
32  6.323000e+002
33  5.338000e+002
34  4.586000e+002
35  4.038000e+002
36  3.671000e+002
37  6.527000e+002
38  2.516000e+004
39  6.488000e+004
40  3.462000e+002
41  2.110000e+004
42  4.987000e+002
43  3.775000e+002
44  3.006000e+002
45  2.360000e+002
46  2.584000e+002
47  2.438000e+002
48  8.511000e+003
49  5.618000e+004
50  1.136000e+005
51  4.426000e+004
52  5.667000e+005
53  7.282000e+004
54  2.687000e+003
55  2.215000e+003
56  1.784000e+003
57  1.509000e+003
58  1.313000e+003
59  8.782000e+003
60  6.754000e+003
61  3.224000e+004
62  3.917000e+004
63  5.950000e+002
64  1.132000e+005
65  1.883000e+004
66  3.544000e+004
67  2.641000e+003
68  2.148000e+003
69  1.745000e+003
70  1.582000e+003
71  1.281000e+003
72  1.113000e+003
73  9.238000e+002
74  1.496000e+003
75  6.332000e+002
76  6.065000e+005
77  1.406000e+003
78  1.060000e+003
79  8.549000e+002
80  6.678000e+002
81  5.751000e+002
82  5.201000e+002
83  4.298000e+002
84  3.953000e+002
85  3.088000e+002
86  2.341000e+002
87  3.893000e+002
88  3.047000e+004
89  9.484000e+001
90  4.563000e+001
91  2.087000e+001
92  9.196000e+000
93  2.151000e+001
94  3.157000e+001
95  3.836000e+001
96  3.519000e+001
97  3.143000e+001
98  5.833000e+005
99  8.086000e+005
100  1.150000e+003
101  3.225000e+003
102  4.876000e+002
103  3.878000e+002
104  3.049000e+002
105  2.470000e+002
106  2.582000e+002
107  2.194000e+002
108  1.857000e+002
109  6.374000e+002
110  1.358000e+002
111  8.636000e+001
112  5.712000e+001
113  2.217000e+001
114  4.028000e+000
115  6.085000e-001
116  6.721000e-003
117  1.170000e+000
118  6.724000e+000
119  1.731000e+001
120  8.286000e+001
121  1.314000e+001
122  1.865000e+005
123  2.006000e+005
124  1.471000e+004
125  1.913000e+001
126  1.810000e+000
127  0.000000e+000
128  6.729000e-003
129  3.465000e-001
130  7.553000e+000
131  1.142000e+001
132  7.738000e+003
133  2.434000e+002
134  6.530000e+004
135  7.969000e+000
136  1.649000e+000
137  4.118000e-003
138  0.000000e+000
139  0.000000e+000
140  0.000000e+000
141  0.000000e+000
142  0.000000e+000
143  1.721000e-001
144  1.229000e+000
   3 
1  2.064000e+001
2  1.416000e+003
3  7.299000e+005
4  2.129000e+005
5  5.257000e+002
6  9.065000e+001
7  4.461000e+001
8  1.516000e+001
9  9.494000e+000
10  1.446000e+001
11  1.256000e+001
12  1.286000e+001
13  9.902000e+000
14  9.534000e+004
15  1.592000e+005
16  1.339000e+005
17  2.802000e+002
18  1.372000e+002
19  6.120000e+001
20  2.593000e+001
21  2.006000e+001
22  2.836000e+001
23  2.080000e+001
24  2.017000e+001
25  1.204000e+001
26  3.114000e+004
27  4.287000e+005
28  3.035000e+004
29  8.435000e+004
30  7.564000e+002
31  4.514000e+002
32  2.759000e+002
33  1.929000e+002
34  1.406000e+002
35  1.055000e+002
36  7.998000e+001
37  2.479000e+003
38  3.936000e+004
39  8.750000e+004
40  1.297000e+003
41  4.842000e+004
42  3.527000e+002
43  1.979000e+002
44  1.201000e+002
45  6.897000e+001
46  6.804000e+001
47  1.160000e+002
48  1.466000e+004
49  7.994000e+004
50  1.280000e+005
51  7.696000e+004
52  7.961000e+005
53  1.704000e+005
54  4.463000e+003
55  1.883000e+003
56  1.205000e+003
57  8.090000e+002
58  5.949000e+002
59  2.706000e+004
60  1.001000e+004
61  5.156000e+004
62  5.532000e+004
63  1.174000e+002
64  2.119000e+005
65  1.135000e+005
66  9.736000e+004
67  2.280000e+003
68  1.482000e+003
69  9.944000e+002
70  7.169000e+002
71  4.855000e+002
72  3.594000e+002
73  2.570000e+002
74  1.236000e+004
75  2.163000e+002
76  8.468000e+005
77  8.711000e+002
78  5.016000e+002
79  3.066000e+002
80  1.748000e+002
81  1.189000e+002
82  9.359000e+001
83  7.128000e+001
84  5.320000e+001
85  3.417000e+001
86  2.912000e+001
87  8.313000e+003
88  1.538000e+005
89  6.627000e-002
90  0.000000e+000
91  0.000000e+000
92  0.000000e+000
93  0.000000e+000
94  0.000000e+000
95  3.277000e+000
96  1.095000e+000
97  6.975000e-001
98  8.889000e+005
99  1.068000e+006
100  6.939000e+003
101  3.214000e+004
102  1.557000e+002
103  7.784000e+001
104  4.129000e+001
105  2.691000e+001
106  2.676000e+001
107  2.320000e+001
108  1.680000e+001
109  2.380000e+004
110  5.132000e+001
111  1.044000e+000
112  1.135000e+001
113  0.000000e+000
114  0.000000e+000
115  0.000000e+000
116  0.000000e+000
117  0.000000e+000
118  0.000000e+000
119  4.386000e+001
120  1.320000e+003
121  4.292000e+000
122  3.554000e+005
123  3.210000e+005
124  6.403000e+004
125  2.901000e-002
126  0.000000e+000
127  0.000000e+000
128  0.000000e+000
129  0.000000e+000
130  0.000000e+000
131  4.285000e-004
132  2.638000e+004
133  5.147000e+002
134  2.182000e+005
135  8.070000e+000
136  2.160000e+001
137  2.882000e-004
138  0.000000e+000
139  0.000000e+000
140  0.000000e+000
141  0.000000e+000
142  0.000000e+000
143  0.000000e+000
144  1.842000e-003
   4 
1  3.930000e+001
2  1.496000e+001
3  1.181000e+005
4  6.665000e+003
5  5.976000e+002
6  1.272000e+002
7  2.518000e+001
8  1.665000e-001
9  0.000000e+000
10  8.102000e+000
11  1.176000e+001
12  1.728000e+001
13  1.484000e+001
14  1.372000e+001
15  1.850000e+004
16  1.261000e+004
17  4.556000e+002
18  1.194000e+002
19  5.724000e+000
20  0.000000e+000
21  1.788000e-002
22  8.968000e+000
23  1.094000e+001
24  2.575000e+001
25  1.556000e+001
26  4.855000e+000
27  9.170000e+004
28  1.340000e+003
29  6.693000e+003
30  2.231000e+003
31  7.244000e+002
32  3.733000e+002
33  2.452000e+002
34  2.276000e+002
35  2.515000e+002
36  2.416000e+002
37  1.485000e+002
38  2.226000e+003
39  1.078000e+004
40  2.133000e+002
41  1.051000e+003
42  4.178000e+002
43  1.182000e+002
44  4.332000e+001
45  1.381000e+001
46  4.133000e+001
47  7.427000e+001
48  9.377000e+002
49  1.468000e+004
50  6.668000e+004
51  6.365000e+003
52  2.075000e+005
53  1.617000e+004
54  4.289000e+003
55  2.263000e+003
56  1.123000e+003
57  8.740000e+002
58  7.779000e+002
59  6.666000e+002
60  1.112000e+003
61  3.302000e+003
62  9.969000e+003
63  1.429000e+002
64  8.247000e+003
65  4.961000e+003
66  6.088000e+003
67  2.460000e+003
68  1.151000e+003
69  8.631000e+002
70  7.667000e+002
71  6.134000e+002
72  4.900000e+002
73  3.256000e+002
74  1.206000e+002
75  2.621000e+001
76  2.460000e+005
77  1.426000e+003
78  3.714000e+002
79  8.509000e+001
80  1.287000e+001
81  8.017000e+000
82  2.830000e+001
83  3.710000e+001
84  3.139000e+001
85  1.497000e+001
86  5.384000e+000
87  1.255000e-002
88  1.422000e+000
89  0.000000e+000
90  0.000000e+000
91  0.000000e+000
92  0.000000e+000
93  0.000000e+000
94  0.000000e+000
95  0.000000e+000
96  1.267000e-003
97  1.528000e-004
98  1.928000e+005
99  5.271000e+005
100  2.893000e+003
101  1.717000e+003
102  4.012000e+002
103  4.868000e+001
104  8.636000e+000
105  1.449000e+000
106  1.208000e+001
107  2.118000e+001
108  1.813000e+001
109  1.477000e+001
110  9.999000e-001
111  0.000000e+000
112  0.000000e+000
113  0.000000e+000
114  0.000000e+000
115  0.000000e+000
116  0.000000e+000
117  0.000000e+000
118  0.000000e+000
119  0.000000e+000
120  2.653000e-005
121  0.000000e+000
122  4.264000e+003
123  7.624000e+004
124  1.888000e+002
125  2.017000e+001
126  0.000000e+000
127  0.000000e+000
128  0.000000e+000
129  0.000000e+000
130  0.000000e+000
131  0.000000e+000
132  5.057000e+000
133  6.490000e+000
134  1.282000e+002
135  0.000000e+000
136  0.000000e+000
137  0.000000e+000
138  0.000000e+000
139  0.000000e+000
140  0.000000e+000
141  0.000000e+000
142  0.000000e+000
143  0.000000e+000
144  0.000000e+000
   5 
1  7.487000e+001
2  6.942000e+003
3  9.655000e+005
4  3.276000e+005
5  3.633000e+002
6  0.000000e+000
7  0.000000e+000
8  0.000000e+000
9  0.000000e+000
10  7.610000e-003
11  5.772000e-001
12  8.847000e+000
13  1.372000e+001
14  1.706000e+005
15  2.447000e+005
16  1.904000e+005
17  3.365000e-004
18  0.000000e+000
19  0.000000e+000
20  0.000000e+000
21  0.000000e+000
22  2.457000e-001
23  2.587000e+000
24  2.093000e+001
25  2.012000e+001
26  7.322000e+004
27  5.604000e+005
28  5.856000e+004
29  1.252000e+005
30  7.525000e+000
31  0.000000e+000
32  0.000000e+000
33  0.000000e+000
34  5.361000e-001
35  5.963000e+001
36  4.259000e+001
37  6.940000e+003
38  4.828000e+004
39  1.059000e+005
40  4.097000e+003
41  7.358000e+004
42  1.378000e-004
43  0.000000e+000
44  0.000000e+000
45  0.000000e+000
46  1.818000e+000
47  4.036000e+002
48  1.903000e+004
49  9.192000e+004
50  1.380000e+005
51  9.890000e+004
52  9.642000e+005
53  2.468000e+005
54  2.815000e+003
55  2.137000e+000
56  1.395000e-003
57  2.006000e+001
58  9.297000e+001
59  5.048000e+004
60  1.358000e+004
61  7.347000e+004
62  7.778000e+004
63  3.460000e+001
64  3.029000e+005
65  2.456000e+005
66  1.531000e+005
67  1.034000e+001
68  3.948000e-002
69  2.541000e+001
70  9.765000e+001
71  1.813000e+002
72  2.459000e+002
73  3.431000e+002
74  3.756000e+004
75  2.089000e+003
76  1.002000e+006
77  3.519000e+001
78  5.451000e-002
79  0.000000e+000
80  0.000000e+000
81  5.535000e-002
82  1.658000e+001
83  4.679000e+001
84  6.246000e+001
85  5.080000e+001
86  6.364000e+001
87  2.146000e+004
88  2.771000e+005
89  3.708000e-001
90  0.000000e+000
91  0.000000e+000
92  0.000000e+000
93  0.000000e+000
94  0.000000e+000
95  1.760000e+002
96  8.771000e+000
97  8.911000e+000
98  1.095000e+006
99  1.289000e+006
100  7.944000e+003
101  5.309000e+004
102  7.873000e-001
103  0.000000e+000
104  0.000000e+000
105  0.000000e+000
106  3.188000e-004
107  1.108000e-002
108  2.222000e-001
109  6.293000e+004
110  7.992000e+001
111  5.845000e-004
112  9.251000e+001
113  0.000000e+000
114  0.000000e+000
115  0.000000e+000
116  0.000000e+000
117  0.000000e+000
118  0.000000e+000
119  1.007000e+003
120  5.494000e+003
121  6.375000e+001
122  5.045000e+005
123  4.810000e+005
124  1.275000e+005
125  0.000000e+000
126  0.000000e+000
127  0.000000e+000
128  0.000000e+000
129  0.000000e+000
130  9.186000e-005
131  5.169000e-002
132  4.257000e+004
133  1.019000e+003
134  3.715000e+005
135  4.772000e-001
136  5.740000e+001
137  0.000000e+000
138  0.000000e+000
139  0.000000e+000
140  0.000000e+000
141  0.000000e+000
142  0.000000e+000
143  1.577000e-002
144  2.249000e-001
   6 
1  5.623000e+001
2  5.489000e+003
3  9.239000e+005
4  3.071000e+005
5  5.360000e+002
6  4.539000e+001
7  1.997000e+001
8  6.322000e+000
9  5.979000e+000
10  1.369000e+001
11  1.286000e+001
12  1.163000e+001
13  1.058000e+001
14  1.535000e+005
15  2.276000e+005
16  1.815000e+005
17  1.441000e+002
18  6.693000e+001
19  2.754000e+001
20  9.692000e+000
21  1.064000e+001
22  2.223000e+001
23  1.982000e+001
24  2.159000e+001
25  1.435000e+001
26  6.494000e+004
27  5.351000e+005
28  5.481000e+004
29  1.173000e+005
30  2.984000e+002
31  1.572000e+002
32  1.180000e+002
33  8.348000e+001
34  7.359000e+001
35  9.065000e+001
36  5.677000e+001
37  5.815000e+003
38  4.962000e+004
39  1.018000e+005
40  3.853000e+003
41  6.854000e+004
42  1.870000e+002
43  1.097000e+002
44  7.142000e+001
45  4.894000e+001
46  5.260000e+001
47  3.458000e+002
48  1.816000e+004
49  9.114000e+004
50  1.364000e+005
51  9.515000e+004
52  9.355000e+005
53  2.360000e+005
54  5.868000e+003
55  1.119000e+003
56  7.891000e+002
57  5.880000e+002
58  4.640000e+002
59  4.581000e+004
60  1.293000e+004
61  6.941000e+004
62  7.292000e+004
63  1.443000e+002
64  2.877000e+005
65  2.267000e+005
66  1.449000e+005
67  1.190000e+003
68  8.170000e+002
69  5.969000e+002
70  4.729000e+002
71  3.673000e+002
72  2.794000e+002
73  2.701000e+002
74  3.130000e+004
75  2.144000e+003
76  9.730000e+005
77  4.720000e+002
78  2.837000e+002
79  1.747000e+002
80  1.180000e+002
81  7.993000e+001
82  7.524000e+001
83  6.854000e+001
84  5.191000e+001
85  3.479000e+001
86  4.832000e+001
87  1.844000e+004
88  2.503000e+005
89  2.018000e+000
90  0.000000e+000
91  0.000000e+000
92  0.000000e+000
93  0.000000e+000
94  0.000000e+000
95  1.013000e+002
96  4.352000e+000
97  2.811000e+000
98  1.055000e+006
99  1.238000e+006
100  8.703000e+003
101  5.097000e+004
102  3.192000e+001
103  7.974000e+000
104  2.751000e+000
105  2.352000e+000
106  6.991000e+000
107  1.076000e+001
108  9.840000e+000
109  5.496000e+004
110  8.243000e+001
111  5.460000e-001
112  6.860000e+001
113  0.000000e+000
114  0.000000e+000
115  0.000000e+000
116  0.000000e+000
117  0.000000e+000
118  0.000000e+000
119  4.663000e+002
120  4.301000e+003
121  3.983000e+001
122  4.726000e+005
123  4.511000e+005
124  1.163000e+005
125  3.264000e-002
126  0.000000e+000
127  0.000000e+000
128  0.000000e+000
129  0.000000e+000
130  8.476000e-005
131  1.142000e-002
132  3.924000e+004
133  8.924000e+002
134  3.404000e+005
135  7.748000e+000
136  5.833000e+001
137  6.590000e-004
138  0.000000e+000
139  0.000000e+000
140  0.000000e+000
141  0.000000e+000
142  0.000000e+000
143  4.148000e-004
144  4.768000e-002
