   1 
1  1.590000e+004
2  1.957000e+004
3  2.461000e+005
4  9.075000e+004
5  6.265000e+002
6  1.632000e-001
7  0.000000e+000
8  0.000000e+000
9  0.000000e+000
10  0.000000e+000
11  3.768000e+002
12  8.553000e+003
13  1.307000e+002
14  2.735000e+005
15  1.525000e+005
16  7.321000e+004
17  8.051000e+004
18  1.052000e+004
19  0.000000e+000
20  0.000000e+000
21  0.000000e+000
22  0.000000e+000
23  7.262000e+003
24  2.903000e+002
25  3.367000e+004
26  1.593000e+005
27  1.699000e+005
28  1.132000e+005
29  6.213000e+004
30  3.471000e+001
31  0.000000e+000
32  4.249000e-003
33  0.000000e+000
34  1.311000e-001
35  5.030000e+003
36  4.418000e+003
37  3.607000e+004
38  5.316000e+004
39  3.861000e+004
40  1.021000e+005
41  5.209000e+004
42  1.723000e-001
43  0.000000e+000
44  0.000000e+000
45  3.269000e-004
46  4.140000e-001
47  1.701000e+003
48  5.622000e+003
49  2.781000e+004
50  6.521000e+004
51  3.069000e+004
52  2.163000e+005
53  5.636000e+004
54  3.528000e+003
55  1.526000e+000
56  3.267000e-002
57  1.779000e+001
58  5.682000e+001
59  9.027000e+004
60  2.185000e+004
61  3.733000e+004
62  5.093000e+004
63  2.330000e+003
64  1.992000e+005
65  2.904000e+005
66  1.098000e+005
67  2.812000e+001
68  1.123000e+001
69  6.440000e+001
70  1.338000e+002
71  1.786000e+002
72  2.052000e+002
73  3.559000e+003
74  6.810000e+004
75  5.886000e+004
76  4.305000e+005
77  2.776000e+004
78  2.486000e+001
79  2.569000e+000
80  7.933000e-001
81  1.278000e+001
82  5.510000e+001
83  9.495000e+001
84  1.065000e+002
85  9.611000e+001
86  6.712000e+001
87  1.937000e+004
88  9.626000e+004
89  5.835000e+003
90  0.000000e+000
91  0.000000e+000
92  0.000000e+000
93  0.000000e+000
94  0.000000e+000
95  1.568000e+003
96  4.564000e+002
97  2.159000e+004
98  2.893000e+005
99  7.842000e+005
100  1.652000e+004
101  2.365000e+004
102  3.707000e+000
103  0.000000e+000
104  0.000000e+000
105  0.000000e+000
106  0.000000e+000
107  1.892000e-002
108  1.063000e+000
109  3.500000e+004
110  4.031000e+002
111  6.485000e+003
112  3.548000e+004
113  0.000000e+000
114  0.000000e+000
115  0.000000e+000
116  0.000000e+000
117  0.000000e+000
118  0.000000e+000
119  2.273000e+003
120  8.262000e+003
121  3.598000e+004
122  3.051000e+005
123  2.009000e+005
124  6.147000e+004
125  1.833000e-004
126  0.000000e+000
127  0.000000e+000
128  0.000000e+000
129  0.000000e+000
130  0.000000e+000
131  4.608000e-006
132  6.555000e+003
133  6.357000e+002
134  1.308000e+005
135  2.525000e-001
136  8.858000e+003
137  0.000000e+000
138  0.000000e+000
139  0.000000e+000
140  0.000000e+000
141  0.000000e+000
142  0.000000e+000
143  1.565000e-003
144  2.974000e-002
   2 
1  3.729000e+003
2  3.767000e+003
3  1.715000e+005
4  4.029000e+004
5  4.553000e+002
6  1.712000e+002
7  1.414000e+002
8  1.077000e+002
9  1.005000e+002
10  9.365000e+001
11  8.471000e+001
12  2.534000e+003
13  6.048000e+001
14  1.408000e+005
15  7.640000e+004
16  2.987000e+004
17  3.016000e+004
18  2.791000e+003
19  1.553000e+002
20  1.227000e+002
21  1.054000e+002
22  1.043000e+002
23  4.083000e+003
24  1.198000e+002
25  2.436000e+004
26  1.403000e+005
27  1.527000e+005
28  8.950000e+004
29  2.503000e+004
30  5.789000e+002
31  5.034000e+002
32  4.359000e+002
33  3.631000e+002
34  3.378000e+002
35  3.453000e+003
36  3.815000e+003
37  2.494000e+004
38  5.537000e+004
39  4.300000e+004
40  8.708000e+004
41  1.875000e+004
42  4.849000e+002
43  4.233000e+002
44  3.607000e+002
45  3.060000e+002
46  2.819000e+002
47  3.637000e+002
48  5.607000e+003
49  2.323000e+004
50  5.438000e+004
51  1.700000e+004
52  1.520000e+005
53  2.835000e+004
54  5.688000e+002
55  4.766000e+002
56  4.045000e+002
57  3.513000e+002
58  3.181000e+002
59  6.054000e+004
60  2.190000e+004
61  3.743000e+004
62  3.697000e+004
63  6.642000e+002
64  1.043000e+005
65  1.726000e+005
66  5.078000e+004
67  1.027000e+003
68  8.881000e+002
69  7.547000e+002
70  6.864000e+002
71  5.847000e+002
72  5.225000e+002
73  4.930000e+002
74  3.847000e+004
75  6.269000e+004
76  3.457000e+005
77  9.522000e+003
78  6.831000e+002
79  6.022000e+002
80  5.102000e+002
81  4.391000e+002
82  3.932000e+002
83  3.420000e+002
84  2.978000e+002
85  2.600000e+002
86  1.955000e+002
87  7.470000e+003
88  3.898000e+004
89  9.141000e+002
90  7.993000e+001
91  5.655000e+001
92  4.798000e+001
93  4.476000e+001
94  4.146000e+001
95  4.341000e+001
96  4.237000e+001
97  4.782000e+003
98  1.991000e+005
99  5.707000e+005
100  2.535000e+003
101  6.062000e+003
102  2.576000e+002
103  2.213000e+002
104  1.834000e+002
105  1.615000e+002
106  1.449000e+002
107  1.175000e+002
108  1.098000e+002
109  7.606000e+003
110  2.033000e+002
111  2.367000e+003
112  6.439000e+003
113  2.787000e+001
114  1.652000e+001
115  1.048000e+001
116  7.532000e+000
117  9.452000e+000
118  9.206000e+000
119  4.891000e+001
120  5.134000e+003
121  8.162000e+003
122  1.654000e+005
123  1.240000e+005
124  2.286000e+004
125  6.776000e+001
126  4.780000e+001
127  3.290000e+001
128  2.556000e+001
129  2.634000e+001
130  3.090000e+001
131  2.801000e+001
132  4.367000e+003
133  4.225000e+002
134  6.447000e+004
135  1.369000e+001
136  3.584000e+002
137  3.463000e+000
138  5.248000e-001
139  2.926000e-002
140  8.943000e-005
141  9.621000e-002
142  1.201000e+000
143  2.095000e+000
144  2.003000e+000
   3 
1  1.123000e+004
2  1.304000e+004
3  2.321000e+005
4  7.394000e+004
5  7.513000e+002
6  9.234000e+001
7  5.652000e+001
8  3.225000e+001
9  2.267000e+001
10  1.975000e+001
11  1.203000e+002
12  5.909000e+003
13  1.510000e+001
14  2.220000e+005
15  1.293000e+005
16  5.927000e+004
17  6.245000e+004
18  7.753000e+003
19  7.142000e+001
20  4.522000e+001
21  2.673000e+001
22  2.449000e+001
23  5.800000e+003
24  1.831000e+002
25  2.959000e+004
26  1.436000e+005
27  1.626000e+005
28  1.023000e+005
29  4.766000e+004
30  5.100000e+002
31  3.627000e+002
32  2.589000e+002
33  1.826000e+002
34  1.371000e+002
35  4.783000e+003
36  4.675000e+003
37  3.443000e+004
38  5.677000e+004
39  4.579000e+004
40  9.961000e+004
41  3.562000e+004
42  3.131000e+002
43  2.236000e+002
44  1.534000e+002
45  1.048000e+002
46  7.570000e+001
47  9.947000e+002
48  5.702000e+003
49  2.708000e+004
50  6.393000e+004
51  2.670000e+004
52  1.987000e+005
53  4.783000e+004
54  2.857000e+003
55  3.205000e+002
56  2.279000e+002
57  1.641000e+002
58  1.218000e+002
59  8.075000e+004
60  2.322000e+004
61  3.935000e+004
62  4.668000e+004
63  1.524000e+003
64  1.703000e+005
65  2.514000e+005
66  9.030000e+004
67  8.804000e+002
68  6.455000e+002
69  4.706000e+002
70  3.665000e+002
71  2.638000e+002
72  2.003000e+002
73  1.602000e+003
74  6.074000e+004
75  5.358000e+004
76  4.090000e+005
77  2.164000e+004
78  5.079000e+002
79  3.709000e+002
80  2.620000e+002
81  1.835000e+002
82  1.418000e+002
83  1.007000e+002
84  6.795000e+001
85  4.747000e+001
86  2.715000e+001
87  1.671000e+004
88  7.684000e+004
89  3.331000e+003
90  1.169000e+000
91  0.000000e+000
92  0.000000e+000
93  0.000000e+000
94  2.448000e-002
95  3.687000e+002
96  1.475000e+002
97  1.552000e+004
98  2.723000e+005
99  7.096000e+005
100  1.077000e+004
101  1.687000e+004
102  1.424000e+002
103  8.792000e+001
104  5.352000e+001
105  3.492000e+001
106  2.631000e+001
107  2.085000e+001
108  1.383000e+001
109  2.538000e+004
110  2.679000e+002
111  4.209000e+003
112  2.250000e+004
113  0.000000e+000
114  0.000000e+000
115  0.000000e+000
116  0.000000e+000
117  0.000000e+000
118  0.000000e+000
119  1.186000e+003
120  6.396000e+003
121  2.508000e+004
122  2.644000e+005
123  1.742000e+005
124  5.017000e+004
125  2.042000e+001
126  6.034000e+000
127  8.979000e-001
128  3.409000e-002
129  8.029000e-002
130  1.255000e+000
131  1.884000e+000
132  6.337000e+003
133  6.167000e+002
134  1.158000e+005
135  5.073000e+000
136  4.035000e+003
137  5.357000e-002
138  0.000000e+000
139  0.000000e+000
140  0.000000e+000
141  0.000000e+000
142  0.000000e+000
143  6.991000e-005
144  4.170000e-003
   4 
1  2.843000e+001
2  1.143000e+001
3  6.994000e+004
4  8.347000e+003
5  4.596000e+002
6  1.770000e+002
7  6.969000e+001
8  1.417000e+001
9  5.985000e+000
10  2.435000e+001
11  2.241000e+001
12  3.508000e+002
13  1.541000e+001
14  7.928000e+004
15  3.626000e+004
16  1.242000e+004
17  9.012000e+003
18  3.303000e+002
19  6.772000e+001
20  1.082000e+001
21  8.626000e+000
22  2.943000e+001
23  1.862000e+003
24  6.200000e+001
25  8.308000e+003
26  1.057000e+005
27  1.930000e+005
28  6.026000e+004
29  9.851000e+003
30  1.068000e+003
31  6.408000e+002
32  4.061000e+002
33  2.711000e+002
34  2.498000e+002
35  1.331000e+003
36  1.006000e+003
37  4.482000e+003
38  3.375000e+004
39  2.374000e+004
40  3.587000e+004
41  4.908000e+003
42  6.961000e+002
43  3.607000e+002
44  1.784000e+002
45  1.246000e+002
46  1.327000e+002
47  1.459000e+002
48  2.937000e+003
49  1.024000e+004
50  2.652000e+004
51  4.648000e+003
52  7.012000e+004
53  7.963000e+003
54  7.370000e+002
55  4.396000e+002
56  2.610000e+002
57  2.060000e+002
58  1.824000e+002
59  3.120000e+004
60  1.277000e+004
61  2.176000e+004
62  2.038000e+004
63  8.639000e+002
64  3.344000e+004
65  9.776000e+004
66  1.438000e+004
67  1.343000e+003
68  8.795000e+002
69  6.589000e+002
70  5.553000e+002
71  4.218000e+002
72  3.430000e+002
73  2.439000e+002
74  8.249000e+003
75  4.693000e+004
76  1.945000e+005
77  1.981000e+003
78  7.236000e+002
79  4.068000e+002
80  1.977000e+002
81  1.331000e+002
82  1.560000e+002
83  1.354000e+002
84  1.022000e+002
85  5.895000e+001
86  2.135000e+001
87  3.469000e+000
88  1.865000e+003
89  0.000000e+000
90  0.000000e+000
91  0.000000e+000
92  0.000000e+000
93  0.000000e+000
94  0.000000e+000
95  0.000000e+000
96  0.000000e+000
97  9.346000e-001
98  8.976000e+004
99  3.483000e+005
100  1.457000e+003
101  7.871000e+002
102  3.460000e+002
103  1.390000e+002
104  5.041000e+001
105  2.963000e+001
106  4.076000e+001
107  4.442000e+001
108  3.684000e+001
109  2.878000e+001
110  4.653000e+000
111  7.996000e+001
112  1.440000e+002
113  8.731000e-005
114  0.000000e+000
115  0.000000e+000
116  0.000000e+000
117  0.000000e+000
118  0.000000e+000
119  0.000000e+000
120  1.856000e+002
121  1.838000e+002
122  5.089000e+004
123  7.215000e+004
124  1.589000e+003
125  1.832000e+002
126  3.341000e+001
127  4.626000e-001
128  2.520000e-004
129  2.136000e-002
130  7.188000e-001
131  1.442000e+000
132  6.508000e+002
133  6.598000e+001
134  1.116000e+004
135  3.308000e-003
136  0.000000e+000
137  0.000000e+000
138  0.000000e+000
139  0.000000e+000
140  0.000000e+000
141  0.000000e+000
142  0.000000e+000
143  0.000000e+000
144  0.000000e+000
   5 
1  1.915000e+004
2  2.329000e+004
3  2.564000e+005
4  1.031000e+005
5  7.660000e+002
6  2.436000e-001
7  0.000000e+000
8  0.000000e+000
9  0.000000e+000
10  7.547000e-004
11  9.266000e+002
12  1.034000e+004
13  4.853000e+002
14  3.051000e+005
15  1.672000e+005
16  8.619000e+004
17  9.836000e+004
18  1.350000e+004
19  0.000000e+000
20  0.000000e+000
21  0.000000e+000
22  2.868000e-001
23  8.511000e+003
24  3.591000e+002
25  3.742000e+004
26  1.760000e+005
27  1.750000e+005
28  1.265000e+005
29  7.224000e+004
30  9.806000e+001
31  0.000000e+000
32  3.496000e-002
33  0.000000e+000
34  3.511000e-001
35  5.412000e+003
36  4.240000e+003
37  3.650000e+004
38  4.902000e+004
39  4.216000e+004
40  1.019000e+005
41  6.449000e+004
42  1.987000e-001
43  0.000000e+000
44  0.000000e+000
45  0.000000e+000
46  8.116000e-001
47  2.306000e+003
48  5.579000e+003
49  2.856000e+004
50  6.646000e+004
51  3.522000e+004
52  2.406000e+005
53  6.775000e+004
54  5.160000e+003
55  4.090000e-001
56  0.000000e+000
57  6.433000e+000
58  3.443000e+001
59  9.808000e+004
60  2.123000e+004
61  3.651000e+004
62  5.428000e+004
63  3.328000e+003
64  2.355000e+005
65  3.370000e+005
66  1.359000e+005
67  7.597000e+000
68  5.270000e-001
69  2.711000e+001
70  8.415000e+001
71  1.184000e+002
72  1.443000e+002
73  2.968000e+003
74  7.148000e+004
75  4.889000e+004
76  4.354000e+005
77  3.329000e+004
78  1.956000e+001
79  1.694000e+000
80  1.754000e-001
81  3.213000e+000
82  3.388000e+001
83  5.759000e+001
84  6.513000e+001
85  6.385000e+001
86  4.370000e+001
87  2.072000e+004
88  1.091000e+005
89  1.061000e+004
90  0.000000e+000
91  0.000000e+000
92  0.000000e+000
93  0.000000e+000
94  1.276000e-003
95  3.010000e+003
96  7.719000e+002
97  2.524000e+004
98  3.017000e+005
99  8.337000e+005
100  2.084000e+004
101  3.088000e+004
102  5.392000e+000
103  0.000000e+000
104  0.000000e+000
105  0.000000e+000
106  4.466000e-003
107  1.438000e-001
108  8.622000e-001
109  4.259000e+004
110  7.700000e+002
111  8.758000e+003
112  4.581000e+004
113  0.000000e+000
114  0.000000e+000
115  0.000000e+000
116  0.000000e+000
117  0.000000e+000
118  0.000000e+000
119  3.250000e+003
120  9.453000e+003
121  4.332000e+004
122  3.246000e+005
123  2.258000e+005
124  6.943000e+004
125  1.947000e-002
126  0.000000e+000
127  0.000000e+000
128  0.000000e+000
129  0.000000e+000
130  2.432000e-004
131  8.010000e-002
132  6.516000e+003
133  6.397000e+002
134  1.404000e+005
135  4.033000e+000
136  1.286000e+004
137  0.000000e+000
138  0.000000e+000
139  0.000000e+000
140  0.000000e+000
141  0.000000e+000
142  0.000000e+000
143  8.488000e-001
144  7.142000e-001
   6 
1  1.769000e+004
2  2.166000e+004
3  2.514000e+005
4  9.719000e+004
5  1.323000e+003
6  4.986000e+001
7  2.962000e+001
8  2.036000e+001
9  1.481000e+001
10  1.420000e+001
11  6.758000e+002
12  9.447000e+003
13  2.280000e+002
14  2.900000e+005
15  1.599000e+005
16  8.186000e+004
17  9.031000e+004
18  1.243000e+004
19  3.077000e+001
20  2.167000e+001
21  1.562000e+001
22  1.672000e+001
23  7.837000e+003
24  3.281000e+002
25  3.520000e+004
26  1.664000e+005
27  1.725000e+005
28  1.200000e+005
29  6.890000e+004
30  3.210000e+002
31  1.645000e+002
32  1.195000e+002
33  8.869000e+001
34  6.879000e+001
35  5.251000e+003
36  4.382000e+003
37  3.655000e+004
38  5.200000e+004
39  3.975000e+004
40  1.012000e+005
41  5.994000e+004
42  1.556000e+002
43  1.080000e+002
44  7.145000e+001
45  5.376000e+001
46  4.605000e+001
47  2.043000e+003
48  5.584000e+003
49  2.829000e+004
50  6.630000e+004
51  3.313000e+004
52  2.265000e+005
53  6.226000e+004
54  4.813000e+003
55  2.282000e+002
56  1.641000e+002
57  1.210000e+002
58  1.045000e+002
59  9.353000e+004
60  2.137000e+004
61  3.673000e+004
62  5.233000e+004
63  2.952000e+003
64  2.154000e+005
65  3.122000e+005
66  1.227000e+005
67  5.429000e+002
68  4.186000e+002
69  3.212000e+002
70  2.603000e+002
71  1.981000e+002
72  1.632000e+002
73  2.555000e+003
74  7.046000e+004
75  6.005000e+004
76  4.359000e+005
77  3.142000e+004
78  3.220000e+002
79  2.383000e+002
80  1.757000e+002
81  1.250000e+002
82  1.066000e+002
83  7.653000e+001
84  5.956000e+001
85  4.690000e+001
86  3.027000e+001
87  1.988000e+004
88  1.025000e+005
89  8.809000e+003
90  4.107000e+000
91  3.823000e-001
92  0.000000e+000
93  2.133000e-001
94  1.043000e+000
95  2.215000e+003
96  6.054000e+002
97  2.353000e+004
98  2.918000e+005
99  8.034000e+005
100  1.950000e+004
101  2.796000e+004
102  4.341000e+001
103  1.960000e+001
104  1.145000e+001
105  8.389000e+000
106  8.308000e+000
107  8.211000e+000
108  7.608000e+000
109  3.890000e+004
110  5.413000e+002
111  7.685000e+003
112  4.048000e+004
113  0.000000e+000
114  0.000000e+000
115  0.000000e+000
116  0.000000e+000
117  0.000000e+000
118  0.000000e+000
119  2.759000e+003
120  8.934000e+003
121  3.964000e+004
122  3.165000e+005
123  2.136000e+005
124  6.555000e+004
125  3.788000e+000
126  8.656000e-002
127  0.000000e+000
128  0.000000e+000
129  2.302000e-003
130  9.935000e-002
131  7.457000e-001
132  6.584000e+003
133  6.418000e+002
134  1.362000e+005
135  8.363000e+000
136  1.088000e+004
137  8.842000e-002
138  0.000000e+000
139  0.000000e+000
140  0.000000e+000
141  0.000000e+000
142  0.000000e+000
143  2.314000e-001
144  4.372000e-001
