   1 
1  1.157000e+003
2  1.015000e+006
3  3.836000e+003
4  1.594000e+005
5  0.000000e+000
6  0.000000e+000
7  0.000000e+000
8  0.000000e+000
9  0.000000e+000
10  0.000000e+000
11  0.000000e+000
12  0.000000e+000
13  6.104000e+002
14  2.563000e+003
15  2.159000e+005
16  2.248000e+005
17  8.039000e+004
18  0.000000e+000
19  0.000000e+000
20  0.000000e+000
21  0.000000e+000
22  0.000000e+000
23  0.000000e+000
24  7.080000e+004
25  4.814000e+005
26  4.603000e+005
27  8.142000e+003
28  1.013000e+005
29  2.689000e+004
30  0.000000e+000
31  0.000000e+000
32  0.000000e+000
33  0.000000e+000
34  0.000000e+000
35  0.000000e+000
36  0.000000e+000
37  4.680000e+003
38  2.696000e+004
39  3.851000e+004
40  1.210000e+004
41  2.304000e+004
42  3.595000e+003
43  0.000000e+000
44  0.000000e+000
45  0.000000e+000
46  0.000000e+000
47  7.765000e+004
48  6.280000e+004
49  1.838000e+005
50  1.404000e+005
51  1.667000e+005
52  3.403000e+003
53  6.264000e+002
54  0.000000e+000
55  0.000000e+000
56  0.000000e+000
57  0.000000e+000
58  0.000000e+000
59  4.261000e+004
60  0.000000e+000
61  5.459000e+003
62  0.000000e+000
63  0.000000e+000
64  3.134000e+004
65  0.000000e+000
66  0.000000e+000
67  0.000000e+000
68  0.000000e+000
69  0.000000e+000
70  0.000000e+000
71  0.000000e+000
72  0.000000e+000
73  0.000000e+000
74  0.000000e+000
75  0.000000e+000
76  1.008000e+004
77  7.038000e+003
78  0.000000e+000
79  0.000000e+000
80  0.000000e+000
81  0.000000e+000
82  0.000000e+000
83  0.000000e+000
84  0.000000e+000
85  0.000000e+000
86  5.963000e+005
87  0.000000e+000
88  0.000000e+000
89  0.000000e+000
90  0.000000e+000
91  7.906000e+003
92  0.000000e+000
93  0.000000e+000
94  0.000000e+000
95  0.000000e+000
96  1.398000e-009
97  0.000000e+000
98  2.915000e+005
99  2.415000e+005
100  5.459000e+004
101  6.954000e-002
102  0.000000e+000
103  0.000000e+000
104  0.000000e+000
105  0.000000e+000
106  0.000000e+000
107  0.000000e+000
108  0.000000e+000
109  0.000000e+000
110  0.000000e+000
111  0.000000e+000
112  0.000000e+000
113  0.000000e+000
114  0.000000e+000
115  0.000000e+000
116  0.000000e+000
117  0.000000e+000
118  0.000000e+000
119  0.000000e+000
120  0.000000e+000
121  0.000000e+000
122  1.193000e+004
123  5.842000e+005
124  0.000000e+000
125  0.000000e+000
126  0.000000e+000
127  0.000000e+000
128  0.000000e+000
129  0.000000e+000
130  0.000000e+000
131  0.000000e+000
132  3.163000e+003
133  0.000000e+000
134  0.000000e+000
135  0.000000e+000
136  0.000000e+000
137  0.000000e+000
138  0.000000e+000
139  0.000000e+000
140  0.000000e+000
141  0.000000e+000
142  0.000000e+000
143  0.000000e+000
144  0.000000e+000
   2 
1  0.000000e+000
2  5.843000e+005
3  0.000000e+000
4  4.707000e+004
5  0.000000e+000
6  0.000000e+000
7  0.000000e+000
8  0.000000e+000
9  0.000000e+000
10  0.000000e+000
11  0.000000e+000
12  0.000000e+000
13  0.000000e+000
14  0.000000e+000
15  7.857000e+004
16  7.144000e+004
17  8.823000e+003
18  0.000000e+000
19  0.000000e+000
20  0.000000e+000
21  0.000000e+000
22  0.000000e+000
23  0.000000e+000
24  3.671000e+003
25  2.725000e+005
26  2.243000e+005
27  2.407000e+003
28  4.930000e+004
29  9.180000e+003
30  0.000000e+000
31  0.000000e+000
32  0.000000e+000
33  0.000000e+000
34  0.000000e+000
35  0.000000e+000
36  0.000000e+000
37  0.000000e+000
38  1.197000e+003
39  1.843000e+003
40  0.000000e+000
41  3.389000e+003
42  0.000000e+000
43  0.000000e+000
44  0.000000e+000
45  0.000000e+000
46  0.000000e+000
47  1.635000e+003
48  2.670000e+004
49  9.357000e+004
50  5.705000e+004
51  2.411000e+004
52  0.000000e+000
53  0.000000e+000
54  0.000000e+000
55  0.000000e+000
56  0.000000e+000
57  0.000000e+000
58  0.000000e+000
59  6.300000e+002
60  0.000000e+000
61  0.000000e+000
62  0.000000e+000
63  0.000000e+000
64  6.137000e+002
65  0.000000e+000
66  0.000000e+000
67  0.000000e+000
68  0.000000e+000
69  0.000000e+000
70  0.000000e+000
71  0.000000e+000
72  0.000000e+000
73  0.000000e+000
74  0.000000e+000
75  0.000000e+000
76  0.000000e+000
77  0.000000e+000
78  0.000000e+000
79  0.000000e+000
80  0.000000e+000
81  0.000000e+000
82  0.000000e+000
83  0.000000e+000
84  0.000000e+000
85  0.000000e+000
86  2.192000e+005
87  0.000000e+000
88  0.000000e+000
89  0.000000e+000
90  0.000000e+000
91  0.000000e+000
92  0.000000e+000
93  0.000000e+000
94  0.000000e+000
95  0.000000e+000
96  0.000000e+000
97  0.000000e+000
98  4.394000e+004
99  1.032000e+005
100  1.204000e+004
101  0.000000e+000
102  0.000000e+000
103  0.000000e+000
104  0.000000e+000
105  0.000000e+000
106  0.000000e+000
107  0.000000e+000
108  0.000000e+000
109  0.000000e+000
110  1.398000e-009
111  0.000000e+000
112  0.000000e+000
113  0.000000e+000
114  0.000000e+000
115  0.000000e+000
116  0.000000e+000
117  0.000000e+000
118  0.000000e+000
119  0.000000e+000
120  0.000000e+000
121  0.000000e+000
122  0.000000e+000
123  1.351000e+005
124  0.000000e+000
125  0.000000e+000
126  0.000000e+000
127  0.000000e+000
128  0.000000e+000
129  0.000000e+000
130  0.000000e+000
131  0.000000e+000
132  0.000000e+000
133  0.000000e+000
134  0.000000e+000
135  0.000000e+000
136  0.000000e+000
137  0.000000e+000
138  0.000000e+000
139  0.000000e+000
140  0.000000e+000
141  0.000000e+000
142  0.000000e+000
143  0.000000e+000
144  0.000000e+000
   3 
1  0.000000e+000
2  8.709000e+005
3  1.492000e+003
4  1.108000e+005
5  0.000000e+000
6  0.000000e+000
7  0.000000e+000
8  0.000000e+000
9  0.000000e+000
10  0.000000e+000
11  0.000000e+000
12  0.000000e+000
13  0.000000e+000
14  0.000000e+000
15  1.595000e+005
16  1.622000e+005
17  4.501000e+004
18  0.000000e+000
19  0.000000e+000
20  0.000000e+000
21  0.000000e+000
22  0.000000e+000
23  0.000000e+000
24  4.224000e+004
25  4.142000e+005
26  3.823000e+005
27  6.773000e+003
28  7.993000e+004
29  1.991000e+004
30  0.000000e+000
31  0.000000e+000
32  0.000000e+000
33  0.000000e+000
34  0.000000e+000
35  0.000000e+000
36  0.000000e+000
37  1.613000e+003
38  1.319000e+004
39  1.953000e+004
40  5.165000e+003
41  1.498000e+004
42  1.406000e+003
43  0.000000e+000
44  0.000000e+000
45  0.000000e+000
46  0.000000e+000
47  4.280000e+004
48  5.187000e+004
49  1.571000e+005
50  1.223000e+005
51  1.091000e+005
52  0.000000e+000
53  0.000000e+000
54  0.000000e+000
55  0.000000e+000
56  0.000000e+000
57  0.000000e+000
58  0.000000e+000
59  2.118000e+004
60  0.000000e+000
61  1.243000e+003
62  0.000000e+000
63  0.000000e+000
64  1.537000e+004
65  0.000000e+000
66  0.000000e+000
67  0.000000e+000
68  0.000000e+000
69  0.000000e+000
70  0.000000e+000
71  0.000000e+000
72  0.000000e+000
73  0.000000e+000
74  0.000000e+000
75  0.000000e+000
76  1.895000e+003
77  1.025000e+003
78  0.000000e+000
79  0.000000e+000
80  0.000000e+000
81  0.000000e+000
82  0.000000e+000
83  0.000000e+000
84  0.000000e+000
85  0.000000e+000
86  4.687000e+005
87  0.000000e+000
88  0.000000e+000
89  0.000000e+000
90  0.000000e+000
91  0.000000e+000
92  0.000000e+000
93  0.000000e+000
94  0.000000e+000
95  0.000000e+000
96  0.000000e+000
97  0.000000e+000
98  1.893000e+005
99  1.910000e+005
100  3.340000e+004
101  0.000000e+000
102  0.000000e+000
103  0.000000e+000
104  0.000000e+000
105  0.000000e+000
106  0.000000e+000
107  0.000000e+000
108  0.000000e+000
109  0.000000e+000
110  0.000000e+000
111  0.000000e+000
112  0.000000e+000
113  0.000000e+000
114  0.000000e+000
115  0.000000e+000
116  0.000000e+000
117  0.000000e+000
118  0.000000e+000
119  0.000000e+000
120  0.000000e+000
121  0.000000e+000
122  9.451000e+002
123  4.061000e+005
124  0.000000e+000
125  0.000000e+000
126  0.000000e+000
127  0.000000e+000
128  0.000000e+000
129  0.000000e+000
130  0.000000e+000
131  0.000000e+000
132  0.000000e+000
133  0.000000e+000
134  0.000000e+000
135  0.000000e+000
136  0.000000e+000
137  0.000000e+000
138  0.000000e+000
139  0.000000e+000
140  0.000000e+000
141  0.000000e+000
142  0.000000e+000
143  0.000000e+000
144  0.000000e+000
   4 
1  0.000000e+000
2  2.032000e+005
3  0.000000e+000
4  7.746000e+003
5  0.000000e+000
6  0.000000e+000
7  0.000000e+000
8  0.000000e+000
9  0.000000e+000
10  0.000000e+000
11  0.000000e+000
12  0.000000e+000
13  0.000000e+000
14  0.000000e+000
15  6.047000e+003
16  6.503000e+003
17  0.000000e+000
18  0.000000e+000
19  0.000000e+000
20  0.000000e+000
21  0.000000e+000
22  0.000000e+000
23  0.000000e+000
24  0.000000e+000
25  1.091000e+005
26  8.311000e+004
27  0.000000e+000
28  1.019000e+004
29  0.000000e+000
30  0.000000e+000
31  0.000000e+000
32  0.000000e+000
33  0.000000e+000
34  0.000000e+000
35  0.000000e+000
36  0.000000e+000
37  0.000000e+000
38  0.000000e+000
39  0.000000e+000
40  0.000000e+000
41  0.000000e+000
42  0.000000e+000
43  0.000000e+000
44  0.000000e+000
45  0.000000e+000
46  0.000000e+000
47  0.000000e+000
48  2.783000e+003
49  1.920000e+004
50  1.171000e+003
51  0.000000e+000
52  0.000000e+000
53  0.000000e+000
54  0.000000e+000
55  0.000000e+000
56  0.000000e+000
57  0.000000e+000
58  0.000000e+000
59  0.000000e+000
60  0.000000e+000
61  0.000000e+000
62  0.000000e+000
63  0.000000e+000
64  0.000000e+000
65  0.000000e+000
66  0.000000e+000
67  0.000000e+000
68  0.000000e+000
69  0.000000e+000
70  0.000000e+000
71  0.000000e+000
72  0.000000e+000
73  0.000000e+000
74  0.000000e+000
75  0.000000e+000
76  0.000000e+000
77  0.000000e+000
78  0.000000e+000
79  0.000000e+000
80  0.000000e+000
81  0.000000e+000
82  0.000000e+000
83  0.000000e+000
84  0.000000e+000
85  0.000000e+000
86  1.716000e+004
87  0.000000e+000
88  0.000000e+000
89  0.000000e+000
90  0.000000e+000
91  0.000000e+000
92  0.000000e+000
93  0.000000e+000
94  0.000000e+000
95  0.000000e+000
96  0.000000e+000
97  0.000000e+000
98  1.808000e+004
99  1.668000e+004
100  0.000000e+000
101  0.000000e+000
102  0.000000e+000
103  0.000000e+000
104  0.000000e+000
105  0.000000e+000
106  0.000000e+000
107  0.000000e+000
108  0.000000e+000
109  0.000000e+000
110  0.000000e+000
111  0.000000e+000
112  0.000000e+000
113  0.000000e+000
114  0.000000e+000
115  0.000000e+000
116  0.000000e+000
117  0.000000e+000
118  0.000000e+000
119  0.000000e+000
120  0.000000e+000
121  0.000000e+000
122  0.000000e+000
123  4.000000e+001
124  0.000000e+000
125  0.000000e+000
126  0.000000e+000
127  0.000000e+000
128  0.000000e+000
129  0.000000e+000
130  0.000000e+000
131  0.000000e+000
132  0.000000e+000
133  0.000000e+000
134  0.000000e+000
135  0.000000e+000
136  0.000000e+000
137  0.000000e+000
138  0.000000e+000
139  0.000000e+000
140  0.000000e+000
141  0.000000e+000
142  0.000000e+000
143  0.000000e+000
144  0.000000e+000
   5 
1  2.852000e+003
2  9.903000e+005
3  9.238000e+003
4  2.172000e+005
5  0.000000e+000
6  0.000000e+000
7  0.000000e+000
8  0.000000e+000
9  0.000000e+000
10  0.000000e+000
11  0.000000e+000
12  0.000000e+000
13  2.063000e+003
14  7.470000e+003
15  2.515000e+005
16  2.672000e+005
17  1.059000e+005
18  0.000000e+000
19  0.000000e+000
20  0.000000e+000
21  0.000000e+000
22  0.000000e+000
23  0.000000e+000
24  9.581000e+004
25  5.150000e+005
26  5.012000e+005
27  9.667000e+003
28  1.217000e+005
29  3.501000e+004
30  0.000000e+000
31  0.000000e+000
32  0.000000e+000
33  0.000000e+000
34  0.000000e+000
35  0.000000e+000
36  0.000000e+000
37  9.437000e+003
38  3.625000e+004
39  5.566000e+004
40  1.847000e+004
41  3.269000e+004
42  6.361000e+003
43  0.000000e+000
44  0.000000e+000
45  0.000000e+000
46  0.000000e+000
47  9.647000e+004
48  5.112000e+004
49  1.922000e+005
50  1.397000e+005
51  1.929000e+005
52  6.668000e+003
53  1.636000e+003
54  0.000000e+000
55  0.000000e+000
56  0.000000e+000
57  0.000000e+000
58  0.000000e+000
59  6.222000e+004
60  0.000000e+000
61  9.611000e+003
62  0.000000e+000
63  0.000000e+000
64  4.529000e+004
65  0.000000e+000
66  0.000000e+000
67  0.000000e+000
68  0.000000e+000
69  0.000000e+000
70  0.000000e+000
71  0.000000e+000
72  0.000000e+000
73  0.000000e+000
74  0.000000e+000
75  3.064000e+003
76  2.131000e+004
77  1.379000e+004
78  0.000000e+000
79  0.000000e+000
80  0.000000e+000
81  0.000000e+000
82  0.000000e+000
83  0.000000e+000
84  0.000000e+000
85  0.000000e+000
86  6.810000e+005
87  4.694000e+002
88  0.000000e+000
89  1.199000e+002
90  0.000000e+000
91  1.542000e+004
92  0.000000e+000
93  0.000000e+000
94  0.000000e+000
95  1.807000e+002
96  0.000000e+000
97  0.000000e+000
98  3.720000e+005
99  2.751000e+005
100  6.941000e+004
101  1.560000e-001
102  0.000000e+000
103  0.000000e+000
104  0.000000e+000
105  0.000000e+000
106  0.000000e+000
107  0.000000e+000
108  0.000000e+000
109  0.000000e+000
110  0.000000e+000
111  0.000000e+000
112  0.000000e+000
113  0.000000e+000
114  0.000000e+000
115  0.000000e+000
116  0.000000e+000
117  0.000000e+000
118  0.000000e+000
119  0.000000e+000
120  0.000000e+000
121  0.000000e+000
122  2.171000e+004
123  7.223000e+005
124  0.000000e+000
125  0.000000e+000
126  0.000000e+000
127  0.000000e+000
128  0.000000e+000
129  0.000000e+000
130  0.000000e+000
131  0.000000e+000
132  8.642000e+003
133  0.000000e+000
134  0.000000e+000
135  0.000000e+000
136  0.000000e+000
137  0.000000e+000
138  0.000000e+000
139  0.000000e+000
140  0.000000e+000
141  0.000000e+000
142  0.000000e+000
143  0.000000e+000
144  0.000000e+000
   6 
1  1.919000e+003
2  9.550000e+005
3  6.251000e+003
4  1.854000e+005
5  0.000000e+000
6  0.000000e+000
7  0.000000e+000
8  0.000000e+000
9  0.000000e+000
10  0.000000e+000
11  0.000000e+000
12  0.000000e+000
13  1.564000e+003
14  4.165000e+003
15  2.357000e+005
16  2.480000e+005
17  9.347000e+004
18  0.000000e+000
19  0.000000e+000
20  0.000000e+000
21  0.000000e+000
22  1.398000e-009
23  0.000000e+000
24  8.291000e+004
25  5.031000e+005
26  4.825000e+005
27  8.318000e+003
28  1.110000e+005
29  3.053000e+004
30  0.000000e+000
31  0.000000e+000
32  0.000000e+000
33  0.000000e+000
34  0.000000e+000
35  0.000000e+000
36  0.000000e+000
37  7.049000e+003
38  3.165000e+004
39  4.667000e+004
40  1.585000e+004
41  2.686000e+004
42  5.090000e+003
43  0.000000e+000
44  0.000000e+000
45  0.000000e+000
46  0.000000e+000
47  8.879000e+004
48  6.406000e+004
49  1.897000e+005
50  1.410000e+005
51  1.817000e+005
52  5.739000e+003
53  1.427000e+003
54  0.000000e+000
55  0.000000e+000
56  0.000000e+000
57  0.000000e+000
58  0.000000e+000
59  5.303000e+004
60  0.000000e+000
61  7.308000e+003
62  0.000000e+000
63  0.000000e+000
64  3.635000e+004
65  0.000000e+000
66  0.000000e+000
67  0.000000e+000
68  0.000000e+000
69  0.000000e+000
70  0.000000e+000
71  0.000000e+000
72  0.000000e+000
73  0.000000e+000
74  0.000000e+000
75  1.589000e+003
76  1.477000e+004
77  9.319000e+003
78  0.000000e+000
79  0.000000e+000
80  0.000000e+000
81  0.000000e+000
82  0.000000e+000
83  0.000000e+000
84  0.000000e+000
85  1.398000e-009
86  6.395000e+005
87  1.606000e+002
88  0.000000e+000
89  0.000000e+000
90  0.000000e+000
91  1.173000e+004
92  0.000000e+000
93  0.000000e+000
94  0.000000e+000
95  0.000000e+000
96  0.000000e+000
97  0.000000e+000
98  3.308000e+005
99  2.581000e+005
100  6.182000e+004
101  1.133000e-001
102  0.000000e+000
103  0.000000e+000
104  0.000000e+000
105  0.000000e+000
106  0.000000e+000
107  0.000000e+000
108  0.000000e+000
109  0.000000e+000
110  0.000000e+000
111  0.000000e+000
112  0.000000e+000
113  0.000000e+000
114  0.000000e+000
115  0.000000e+000
116  0.000000e+000
117  0.000000e+000
118  0.000000e+000
119  0.000000e+000
120  0.000000e+000
121  0.000000e+000
122  1.661000e+004
123  6.527000e+005
124  0.000000e+000
125  0.000000e+000
126  0.000000e+000
127  0.000000e+000
128  0.000000e+000
129  0.000000e+000
130  0.000000e+000
131  0.000000e+000
132  5.061000e+003
133  1.398000e-009
134  0.000000e+000
135  0.000000e+000
136  0.000000e+000
137  0.000000e+000
138  0.000000e+000
139  0.000000e+000
140  0.000000e+000
141  0.000000e+000
142  0.000000e+000
143  0.000000e+000
144  0.000000e+000
