   1 
1  8.243000e+000
2  1.042700e+001
3  2.113100e+001
4  3.846100e+001
5  3.702200e+001
6  5.037800e+001
7  1.708700e+001
8  0.000000e+000
9  1.380000e+000
10  1.291000e+001
11  3.056100e+001
12  1.740900e+001
13  7.419000e+000
14  1.458500e+001
15  3.362900e+001
16  5.558100e+001
17  5.886000e+001
18  6.625700e+001
19  1.001140e+002
20  6.476000e+000
21  5.120000e+000
22  1.000000e-001
23  1.910300e+001
24  1.823500e+001
25  1.236100e+001
26  2.005000e+001
27  3.782800e+001
28  5.073500e+001
29  5.542000e+001
30  4.578100e+001
31  9.251800e+001
32  3.261200e+001
33  0.000000e+000
34  3.465900e+001
35  1.844300e+001
36  1.912700e+001
37  1.123400e+001
38  1.934900e+001
39  3.463500e+001
40  3.319900e+001
41  6.163500e+001
42  5.110800e+001
43  9.112400e+001
44  1.914600e+001
45  2.601000e+000
46  1.669200e+001
47  1.316400e+001
48  1.573700e+001
49  9.880000e+000
50  1.569000e+001
51  3.843700e+001
52  4.759700e+001
53  6.100200e+001
54  5.049000e+001
55  8.171200e+001
56  0.000000e+000
57  3.593000e+000
58  2.795900e+001
59  2.638000e+001
60  1.386700e+001
61  1.510900e+001
62  2.500000e+001
63  3.446200e+001
64  5.536400e+001
65  7.037100e+001
66  7.044300e+001
67  8.470600e+001
68  5.732700e+001
69  3.000000e-001
70  9.206000e+000
71  1.494200e+001
72  8.049000e+000
73  4.382000e+000
74  2.033400e+001
75  3.242900e+001
76  5.726200e+001
77  5.620700e+001
78  5.074100e+001
79  7.201800e+001
80  5.085200e+001
81  2.223000e+000
82  1.256000e+001
83  9.232000e+000
84  7.979000e+000
85  4.205000e+000
86  1.072300e+001
87  3.176800e+001
88  4.647000e+001
89  5.947800e+001
90  5.511000e+001
91  4.147400e+001
92  0.000000e+000
93  0.000000e+000
94  6.605000e+000
95  1.942200e+001
96  1.862000e+001
97  5.261000e+000
98  9.798000e+000
99  2.988200e+001
100  4.939300e+001
101  4.586700e+001
102  5.558500e+001
103  9.483500e+001
104  9.230000e-001
105  7.997000e+000
106  3.599000e+000
107  1.101100e+001
108  1.155700e+001
109  1.037800e+001
110  2.370800e+001
111  3.088100e+001
112  3.878200e+001
113  3.171800e+001
114  5.803600e+001
115  3.419000e+001
116  2.258900e+001
117  0.000000e+000
118  5.247000e+000
119  1.351300e+001
120  1.498900e+001
121  9.381000e+000
122  1.437900e+001
123  3.642100e+001
124  5.013800e+001
125  3.694800e+001
126  5.305200e+001
127  6.423400e+001
128  0.000000e+000
129  4.618000e+000
130  2.169700e+001
131  1.359300e+001
132  1.169700e+001
133  8.715000e+000
134  1.739700e+001
135  3.604700e+001
136  3.547900e+001
137  2.723000e+001
138  2.732300e+001
139  2.349000e+001
140  0.000000e+000
141  3.099000e+000
142  1.060000e+001
143  1.219700e+001
144  1.878600e+001
   2 
1  8.343000e+000
2  1.166500e+001
3  2.499500e+001
4  3.919800e+001
5  3.710600e+001
6  5.047500e+001
7  2.216700e+001
8  0.000000e+000
9  1.380000e+000
10  1.313200e+001
11  3.063200e+001
12  1.773700e+001
13  8.087000e+000
14  1.480700e+001
15  3.409200e+001
16  5.634800e+001
17  6.032500e+001
18  6.805200e+001
19  1.079480e+002
20  2.284300e+001
21  5.120000e+000
22  1.000000e-001
23  1.871700e+001
24  1.823600e+001
25  1.284000e+001
26  2.120800e+001
27  3.866900e+001
28  5.158000e+001
29  5.580100e+001
30  4.624300e+001
31  8.019000e+001
32  4.830000e+001
33  0.000000e+000
34  3.220100e+001
35  1.821900e+001
36  1.868500e+001
37  1.155300e+001
38  1.982500e+001
39  3.568600e+001
40  3.448700e+001
41  6.314200e+001
42  5.220200e+001
43  8.534400e+001
44  3.243800e+001
45  2.798000e+000
46  1.655000e+001
47  1.265800e+001
48  1.543100e+001
49  1.032800e+001
50  1.579000e+001
51  3.864100e+001
52  4.785000e+001
53  6.207800e+001
54  5.147800e+001
55  9.045900e+001
56  9.740000e-001
57  3.599000e+000
58  2.777400e+001
59  2.629800e+001
60  1.386200e+001
61  1.582100e+001
62  2.526900e+001
63  3.457700e+001
64  5.636700e+001
65  7.099400e+001
66  7.083900e+001
67  7.858200e+001
68  6.527300e+001
69  7.550000e-001
70  8.914000e+000
71  1.408400e+001
72  7.789000e+000
73  4.485000e+000
74  2.060000e+001
75  3.288500e+001
76  5.751700e+001
77  5.836400e+001
78  5.125200e+001
79  6.639800e+001
80  5.831300e+001
81  4.277000e+000
82  1.204500e+001
83  9.747000e+000
84  7.708000e+000
85  4.213000e+000
86  1.069200e+001
87  3.185900e+001
88  4.645900e+001
89  5.954100e+001
90  5.510100e+001
91  4.359100e+001
92  0.000000e+000
93  0.000000e+000
94  6.539000e+000
95  1.938900e+001
96  1.861300e+001
97  5.289000e+000
98  9.981000e+000
99  3.034400e+001
100  5.021300e+001
101  4.721100e+001
102  5.628100e+001
103  9.808500e+001
104  7.524000e+000
105  7.997000e+000
106  3.599000e+000
107  1.083500e+001
108  1.135300e+001
109  1.047100e+001
110  2.393400e+001
111  3.096000e+001
112  3.898700e+001
113  3.198500e+001
114  5.809100e+001
115  4.039200e+001
116  2.258900e+001
117  0.000000e+000
118  5.256000e+000
119  1.354200e+001
120  1.532700e+001
121  9.390000e+000
122  1.441100e+001
123  3.772300e+001
124  5.178700e+001
125  3.922800e+001
126  5.473500e+001
127  8.628800e+001
128  0.000000e+000
129  4.622000e+000
130  2.177700e+001
131  1.361500e+001
132  1.170700e+001
133  8.710000e+000
134  1.891200e+001
135  3.675300e+001
136  3.550200e+001
137  2.726700e+001
138  2.921500e+001
139  2.349000e+001
140  0.000000e+000
141  3.099000e+000
142  1.061600e+001
143  1.229700e+001
144  1.881600e+001
   3 
1  8.278000e+000
2  1.086300e+001
3  2.300900e+001
4  3.876800e+001
5  3.704000e+001
6  5.039800e+001
7  1.821100e+001
8  0.000000e+000
9  1.380000e+000
10  1.300300e+001
11  3.059100e+001
12  1.755900e+001
13  7.670000e+000
14  1.474700e+001
15  3.382400e+001
16  5.581700e+001
17  5.932200e+001
18  6.686700e+001
19  1.071250e+002
20  8.152000e+000
21  5.120000e+000
22  1.000000e-001
23  1.904900e+001
24  1.827400e+001
25  1.263200e+001
26  2.072800e+001
27  3.804300e+001
28  5.111400e+001
29  5.556500e+001
30  4.606500e+001
31  8.843000e+001
32  3.836100e+001
33  0.000000e+000
34  3.376000e+001
35  1.834900e+001
36  1.896300e+001
37  1.135900e+001
38  1.962200e+001
39  3.497300e+001
40  3.357900e+001
41  6.254100e+001
42  5.162700e+001
43  8.947000e+001
44  2.491100e+001
45  2.662000e+000
46  1.664900e+001
47  1.300900e+001
48  1.564200e+001
49  1.003200e+001
50  1.572500e+001
51  3.853300e+001
52  4.768500e+001
53  6.143800e+001
54  5.088100e+001
55  8.562800e+001
56  0.000000e+000
57  3.595000e+000
58  2.790000e+001
59  2.635800e+001
60  1.386000e+001
61  1.516900e+001
62  2.502800e+001
63  3.451500e+001
64  5.582300e+001
65  7.069300e+001
66  7.063400e+001
67  8.272700e+001
68  6.022000e+001
69  3.000000e-001
70  9.104000e+000
71  1.464200e+001
72  8.078000e+000
73  4.411000e+000
74  2.049200e+001
75  3.246900e+001
76  5.736200e+001
77  5.714700e+001
78  5.100300e+001
79  6.994100e+001
80  5.451900e+001
81  2.227000e+000
82  1.236400e+001
83  9.428000e+000
84  7.876000e+000
85  4.209000e+000
86  1.068000e+001
87  3.182500e+001
88  4.648400e+001
89  5.952100e+001
90  5.512800e+001
91  4.257100e+001
92  0.000000e+000
93  0.000000e+000
94  6.591000e+000
95  1.941500e+001
96  1.862000e+001
97  5.276000e+000
98  9.969000e+000
99  3.015600e+001
100  4.978800e+001
101  4.641400e+001
102  5.593600e+001
103  9.792000e+001
104  2.114000e+000
105  7.997000e+000
106  3.599000e+000
107  1.096400e+001
108  1.150300e+001
109  1.040700e+001
110  2.388200e+001
111  3.091000e+001
112  3.886300e+001
113  3.182400e+001
114  5.808500e+001
115  3.671700e+001
116  2.258900e+001
117  0.000000e+000
118  5.251000e+000
119  1.352700e+001
120  1.510000e+001
121  9.384000e+000
122  1.438300e+001
123  3.663400e+001
124  5.063200e+001
125  3.765100e+001
126  5.359700e+001
127  7.238000e+001
128  0.000000e+000
129  4.620000e+000
130  2.173300e+001
131  1.360300e+001
132  1.170100e+001
133  8.712000e+000
134  1.803000e+001
135  3.634200e+001
136  3.548900e+001
137  2.724700e+001
138  2.814700e+001
139  2.349000e+001
140  0.000000e+000
141  3.099000e+000
142  1.060200e+001
143  1.221300e+001
144  1.879100e+001
   4 
1  8.388000e+000
2  1.202300e+001
3  2.539400e+001
4  3.932700e+001
5  3.719300e+001
6  5.051900e+001
7  2.714600e+001
8  0.000000e+000
9  1.380000e+000
10  1.284600e+001
11  3.054200e+001
12  1.766700e+001
13  8.120000e+000
14  1.484300e+001
15  3.451900e+001
16  5.733200e+001
17  6.184700e+001
18  6.955900e+001
19  1.018920e+002
20  4.529200e+001
21  5.120000e+000
22  1.000000e-001
23  1.836100e+001
24  1.813300e+001
25  1.292000e+001
26  2.139700e+001
27  3.930900e+001
28  5.165100e+001
29  5.598400e+001
30  4.627100e+001
31  7.326200e+001
32  5.648000e+001
33  0.000000e+000
34  3.114200e+001
35  1.814300e+001
36  1.850100e+001
37  1.162700e+001
38  1.993900e+001
39  3.592600e+001
40  3.456400e+001
41  6.347200e+001
42  5.227300e+001
43  8.136000e+001
44  3.781600e+001
45  2.912000e+000
46  1.646700e+001
47  1.236300e+001
48  1.525600e+001
49  1.051000e+001
50  1.583100e+001
51  3.872800e+001
52  4.799500e+001
53  6.247700e+001
54  5.184100e+001
55  9.069200e+001
56  4.533000e+000
57  3.602000e+000
58  2.768500e+001
59  2.625800e+001
60  1.384100e+001
61  1.594100e+001
62  2.536100e+001
63  3.459900e+001
64  5.657500e+001
65  7.116500e+001
66  7.094700e+001
67  7.453900e+001
68  6.663200e+001
69  4.786000e+000
70  8.746000e+000
71  1.359000e+001
72  7.529000e+000
73  4.550000e+000
74  2.065300e+001
75  3.291800e+001
76  5.760000e+001
77  5.927200e+001
78  5.127000e+001
79  6.367500e+001
80  5.701500e+001
81  9.955000e+000
82  1.178900e+001
83  1.000300e+001
84  7.573000e+000
85  4.218000e+000
86  1.071000e+001
87  3.190400e+001
88  4.646000e+001
89  5.954400e+001
90  5.500500e+001
91  4.377500e+001
92  0.000000e+000
93  0.000000e+000
94  6.468000e+000
95  1.935300e+001
96  1.861000e+001
97  5.289000e+000
98  9.986000e+000
99  3.043300e+001
100  5.023200e+001
101  4.733400e+001
102  5.604900e+001
103  9.378500e+001
104  1.374400e+001
105  7.997000e+000
106  3.599000e+000
107  1.066000e+001
108  1.115000e+001
109  1.054400e+001
110  2.397600e+001
111  3.098600e+001
112  3.904000e+001
113  3.204800e+001
114  5.795100e+001
115  4.192300e+001
116  2.258900e+001
117  0.000000e+000
118  5.254000e+000
119  1.353700e+001
120  1.554800e+001
121  9.393000e+000
122  1.441900e+001
123  3.808700e+001
124  5.256200e+001
125  4.022600e+001
126  5.515700e+001
127  8.946400e+001
128  4.106000e+000
129  4.615000e+000
130  2.162200e+001
131  1.357100e+001
132  1.168800e+001
133  8.712000e+000
134  1.915700e+001
135  3.689600e+001
136  3.551100e+001
137  2.727500e+001
138  2.977600e+001
139  2.349000e+001
140  0.000000e+000
141  3.099000e+000
142  1.061400e+001
143  1.228600e+001
144  1.881300e+001
   5 
1  8.207000e+000
2  1.013500e+001
3  1.988900e+001
4  3.804200e+001
5  3.701000e+001
6  5.035900e+001
7  1.644100e+001
8  0.000000e+000
9  1.380000e+000
10  1.287000e+001
11  3.054600e+001
12  1.731400e+001
13  7.220000e+000
14  1.418900e+001
15  3.356900e+001
16  5.541600e+001
17  5.855100e+001
18  6.582000e+001
19  9.372500e+001
20  6.476000e+000
21  5.120000e+000
22  1.000000e-001
23  1.907500e+001
24  1.817800e+001
25  1.216000e+001
26  1.960900e+001
27  3.771300e+001
28  5.053400e+001
29  5.519100e+001
30  4.538000e+001
31  9.396600e+001
32  2.891100e+001
33  0.000000e+000
34  3.510400e+001
35  1.849000e+001
36  1.920400e+001
37  1.116600e+001
38  1.916700e+001
39  3.439500e+001
40  3.283900e+001
41  6.099900e+001
42  5.072300e+001
43  9.248700e+001
44  1.524800e+001
45  2.551000e+000
46  1.672900e+001
47  1.329600e+001
48  1.581700e+001
49  9.768000e+000
50  1.566100e+001
51  3.838900e+001
52  4.751500e+001
53  6.064700e+001
54  5.016400e+001
55  7.855800e+001
56  0.000000e+000
57  3.592000e+000
58  2.799400e+001
59  2.639000e+001
60  1.385800e+001
61  1.506100e+001
62  2.496100e+001
63  3.440600e+001
64  5.491600e+001
65  7.011600e+001
66  7.026300e+001
67  8.605900e+001
68  5.516000e+001
69  3.000000e-001
70  9.280000e+000
71  1.516300e+001
72  8.045000e+000
73  4.359000e+000
74  2.013900e+001
75  3.240100e+001
76  5.717100e+001
77  5.543500e+001
78  5.042900e+001
79  7.387900e+001
80  4.744800e+001
81  2.218000e+000
82  1.273500e+001
83  9.057000e+000
84  8.071000e+000
85  4.202000e+000
86  1.065500e+001
87  3.175400e+001
88  4.645000e+001
89  5.941200e+001
90  5.510000e+001
91  4.046600e+001
92  0.000000e+000
93  0.000000e+000
94  6.620000e+000
95  1.941500e+001
96  1.859900e+001
97  5.237000e+000
98  9.783000e+000
99  2.979700e+001
100  4.899000e+001
101  4.533000e+001
102  5.516300e+001
103  9.029900e+001
104  7.660000e-001
105  7.997000e+000
106  3.599000e+000
107  1.102300e+001
108  1.157100e+001
109  1.033500e+001
110  2.354500e+001
111  3.086200e+001
112  3.871700e+001
113  3.163300e+001
114  5.797300e+001
115  3.209600e+001
116  2.258900e+001
117  0.000000e+000
118  5.243000e+000
119  1.350000e+001
120  1.483000e+001
121  9.364000e+000
122  1.437600e+001
123  3.627600e+001
124  4.983900e+001
125  3.651600e+001
126  5.269300e+001
127  5.833900e+001
128  0.000000e+000
129  4.615000e+000
130  2.164000e+001
131  1.357600e+001
132  1.169000e+001
133  8.718000e+000
134  1.692900e+001
135  3.576100e+001
136  3.547200e+001
137  2.721900e+001
138  2.676500e+001
139  2.349000e+001
140  0.000000e+000
141  3.099000e+000
142  1.059500e+001
143  1.214800e+001
144  1.877400e+001
   6 
1  8.227000e+000
2  1.027900e+001
3  2.049500e+001
4  3.828600e+001
5  3.701600e+001
6  5.037100e+001
7  1.673900e+001
8  0.000000e+000
9  1.380000e+000
10  1.288300e+001
11  3.055200e+001
12  1.735900e+001
13  7.320000e+000
14  1.440200e+001
15  3.359900e+001
16  5.549800e+001
17  5.870300e+001
18  6.603800e+001
19  9.693300e+001
20  6.476000e+000
21  5.120000e+000
22  1.000000e-001
23  1.909600e+001
24  1.820900e+001
25  1.225900e+001
26  1.983500e+001
27  3.777600e+001
28  5.062600e+001
29  5.534800e+001
30  4.561100e+001
31  9.340000e+001
32  3.084300e+001
33  0.000000e+000
34  3.490400e+001
35  1.846800e+001
36  1.917000e+001
37  1.119300e+001
38  1.921900e+001
39  3.450400e+001
40  3.300000e+001
41  6.130700e+001
42  5.090600e+001
43  9.179300e+001
44  1.705500e+001
45  2.577000e+000
46  1.671000e+001
47  1.322800e+001
48  1.577600e+001
49  9.824000e+000
50  1.567600e+001
51  3.841300e+001
52  4.755900e+001
53  6.082800e+001
54  5.033100e+001
55  8.016800e+001
56  0.000000e+000
57  3.593000e+000
58  2.797400e+001
59  2.638400e+001
60  1.386100e+001
61  1.508400e+001
62  2.498200e+001
63  3.444100e+001
64  5.514900e+001
65  7.023900e+001
66  7.035700e+001
67  8.538100e+001
68  5.627000e+001
69  3.000000e-001
70  9.242000e+000
71  1.505000e+001
72  8.050000e+000
73  4.371000e+000
74  2.024600e+001
75  3.241800e+001
76  5.723200e+001
77  5.583300e+001
78  5.059300e+001
79  7.310100e+001
80  4.909500e+001
81  2.220000e+000
82  1.266000e+001
83  9.131000e+000
84  8.032000e+000
85  4.203000e+000
86  1.071500e+001
87  3.174600e+001
88  4.645900e+001
89  5.944900e+001
90  5.510400e+001
91  4.098700e+001
92  0.000000e+000
93  0.000000e+000
94  6.609000e+000
95  1.942100e+001
96  1.861400e+001
97  5.250000e+000
98  9.792000e+000
99  2.983800e+001
100  4.923100e+001
101  4.564100e+001
102  5.542800e+001
103  9.311200e+001
104  7.660000e-001
105  7.997000e+000
106  3.599000e+000
107  1.102400e+001
108  1.157200e+001
109  1.035600e+001
110  2.362700e+001
111  3.087100e+001
112  3.875000e+001
113  3.167600e+001
114  5.801400e+001
115  3.316100e+001
116  2.258900e+001
117  0.000000e+000
118  5.247000e+000
119  1.351300e+001
120  1.495500e+001
121  9.379000e+000
122  1.437700e+001
123  3.634600e+001
124  4.998100e+001
125  3.672300e+001
126  5.286900e+001
127  6.125700e+001
128  0.000000e+000
129  4.618000e+000
130  2.168100e+001
131  1.358800e+001
132  1.169500e+001
133  8.717000e+000
134  1.716200e+001
135  3.591200e+001
136  3.547600e+001
137  2.722400e+001
138  2.702400e+001
139  2.349000e+001
140  0.000000e+000
141  3.099000e+000
142  1.059500e+001
143  1.216100e+001
144  1.877600e+001
