   1 
1  7.751000e+000
2  1.693500e+001
3  3.992300e+001
4  5.157600e+001
5  4.337400e+001
6  6.448700e+001
7  0.000000e+000
8  0.000000e+000
9  0.000000e+000
10  9.343000e+000
11  7.277000e+000
12  6.940000e+000
13  8.171000e+000
14  1.904300e+001
15  3.976000e+001
16  5.610300e+001
17  5.089900e+001
18  7.256600e+001
19  3.340000e+001
20  0.000000e+000
21  0.000000e+000
22  9.531000e+000
23  7.347000e+000
24  9.976000e+000
25  5.013000e+000
26  1.703000e+001
27  3.370800e+001
28  4.337400e+001
29  5.935500e+001
30  6.623200e+001
31  3.857600e+001
32  3.997000e+000
33  3.597000e+000
34  0.000000e+000
35  1.074200e+001
36  1.166100e+001
37  8.813000e+000
38  1.906500e+001
39  3.730700e+001
40  3.603700e+001
41  6.182600e+001
42  8.768100e+001
43  1.974000e+001
44  5.595000e+000
45  0.000000e+000
46  4.416000e+000
47  1.801700e+001
48  1.038300e+001
49  1.984300e+001
50  2.195200e+001
51  4.452000e+001
52  4.315200e+001
53  5.607100e+001
54  7.195800e+001
55  3.336200e+001
56  0.000000e+000
57  2.174000e+000
58  1.327800e+001
59  2.265500e+001
60  1.114800e+001
61  1.647600e+001
62  1.917100e+001
63  2.676700e+001
64  4.703200e+001
65  6.385700e+001
66  3.331600e+001
67  2.000000e+000
68  0.000000e+000
69  7.154000e+000
70  5.929000e+000
71  4.673000e+000
72  5.240000e-001
73  8.086000e+000
74  1.259800e+001
75  3.687800e+001
76  4.966100e+001
77  5.988100e+001
78  3.454300e+001
79  0.000000e+000
80  0.000000e+000
81  3.949000e+000
82  9.601000e+000
83  8.580000e+000
84  8.699000e+000
85  6.937000e+000
86  1.501600e+001
87  2.976900e+001
88  2.851600e+001
89  5.346800e+001
90  5.338700e+001
91  3.561800e+001
92  0.000000e+000
93  4.296000e+000
94  2.832000e+000
95  1.914400e+001
96  1.504500e+001
97  6.098000e+000
98  1.106600e+001
99  3.698700e+001
100  4.180800e+001
101  6.184000e+001
102  7.602400e+001
103  2.687000e+001
104  1.297500e+001
105  3.200000e+000
106  6.210000e+000
107  7.155000e+000
108  4.405000e+000
109  1.320200e+001
110  1.963900e+001
111  2.136500e+001
112  3.062000e+001
113  3.636700e+001
114  3.000000e-001
115  4.992000e+000
116  7.891000e+000
117  1.994000e+000
118  5.070000e+000
119  1.214200e+001
120  7.744000e+000
121  1.192300e+001
122  1.425600e+001
123  3.195100e+001
124  4.156200e+001
125  5.479300e+001
126  3.274900e+001
127  2.300000e+000
128  1.000000e-001
129  3.067000e+000
130  9.981000e+000
131  1.274100e+001
132  1.275100e+001
133  1.395100e+001
134  1.363800e+001
135  3.037700e+001
136  3.427100e+001
137  5.346900e+001
138  6.880000e-001
139  1.000000e+000
140  1.000000e+000
141  5.289000e+000
142  6.044000e+000
143  9.567000e+000
144  1.729100e+001
   2 
1  7.778000e+000
2  1.699900e+001
3  4.009400e+001
4  5.215200e+001
5  4.415000e+001
6  7.785900e+001
7  0.000000e+000
8  0.000000e+000
9  0.000000e+000
10  9.332000e+000
11  7.270000e+000
12  6.933000e+000
13  8.173000e+000
14  1.906300e+001
15  3.977900e+001
16  5.659200e+001
17  5.223200e+001
18  7.328000e+001
19  3.943000e+001
20  0.000000e+000
21  0.000000e+000
22  9.519000e+000
23  7.337000e+000
24  9.962000e+000
25  5.023000e+000
26  1.704900e+001
27  3.487500e+001
28  4.453700e+001
29  6.057600e+001
30  7.000100e+001
31  5.617400e+001
32  3.997000e+000
33  3.597000e+000
34  0.000000e+000
35  1.070400e+001
36  1.164500e+001
37  8.909000e+000
38  1.938300e+001
39  3.754100e+001
40  3.623100e+001
41  6.211000e+001
42  8.880600e+001
43  2.289500e+001
44  5.595000e+000
45  0.000000e+000
46  4.417000e+000
47  1.809200e+001
48  1.039600e+001
49  1.988800e+001
50  2.287400e+001
51  4.583800e+001
52  4.424500e+001
53  5.762500e+001
54  7.225400e+001
55  4.101400e+001
56  0.000000e+000
57  2.174000e+000
58  1.326600e+001
59  2.268100e+001
60  1.116100e+001
61  1.649900e+001
62  1.920600e+001
63  2.682800e+001
64  4.713600e+001
65  6.397200e+001
66  3.662800e+001
67  2.000000e+000
68  0.000000e+000
69  7.156000e+000
70  5.929000e+000
71  4.671000e+000
72  5.240000e-001
73  8.086000e+000
74  1.259800e+001
75  3.687800e+001
76  4.967300e+001
77  5.996900e+001
78  3.486600e+001
79  0.000000e+000
80  0.000000e+000
81  3.949000e+000
82  9.601000e+000
83  8.581000e+000
84  8.699000e+000
85  6.937000e+000
86  1.656000e+001
87  3.053300e+001
88  2.864000e+001
89  5.362800e+001
90  6.045600e+001
91  3.728000e+001
92  0.000000e+000
93  4.296000e+000
94  2.832000e+000
95  1.913700e+001
96  1.504100e+001
97  6.099000e+000
98  1.113800e+001
99  3.738000e+001
100  4.277100e+001
101  6.312100e+001
102  7.829200e+001
103  3.477100e+001
104  1.297500e+001
105  3.200000e+000
106  6.226000e+000
107  7.149000e+000
108  4.401000e+000
109  1.320000e+001
110  1.963600e+001
111  2.136400e+001
112  3.062100e+001
113  3.637400e+001
114  3.000000e-001
115  4.992000e+000
116  7.891000e+000
117  1.994000e+000
118  5.070000e+000
119  1.214100e+001
120  7.744000e+000
121  1.192300e+001
122  1.443800e+001
123  3.225700e+001
124  4.173700e+001
125  5.612100e+001
126  3.753600e+001
127  2.300000e+000
128  1.000000e-001
129  3.066000e+000
130  9.980000e+000
131  1.273900e+001
132  1.274900e+001
133  1.395200e+001
134  1.363900e+001
135  3.037900e+001
136  3.427400e+001
137  5.360000e+001
138  6.500000e-001
139  1.000000e+000
140  1.000000e+000
141  5.288000e+000
142  6.044000e+000
143  9.566000e+000
144  1.729000e+001
   3 
1  7.766000e+000
2  1.696700e+001
3  3.997200e+001
4  5.176200e+001
5  4.363000e+001
6  6.926100e+001
7  0.000000e+000
8  0.000000e+000
9  0.000000e+000
10  9.339000e+000
11  7.275000e+000
12  6.938000e+000
13  8.173000e+000
14  1.906100e+001
15  3.976900e+001
16  5.630300e+001
17  5.146500e+001
18  7.285700e+001
19  3.594600e+001
20  0.000000e+000
21  0.000000e+000
22  9.529000e+000
23  7.345000e+000
24  9.974000e+000
25  5.018000e+000
26  1.703600e+001
27  3.408000e+001
28  4.373800e+001
29  5.975200e+001
30  6.753300e+001
31  4.497300e+001
32  3.997000e+000
33  3.597000e+000
34  0.000000e+000
35  1.074800e+001
36  1.166600e+001
37  8.857000e+000
38  1.921100e+001
39  3.739600e+001
40  3.612100e+001
41  6.198200e+001
42  8.815600e+001
43  2.151600e+001
44  5.595000e+000
45  0.000000e+000
46  4.417000e+000
47  1.805200e+001
48  1.039000e+001
49  1.986500e+001
50  2.204700e+001
51  4.490200e+001
52  4.358000e+001
53  5.672300e+001
54  7.201100e+001
55  3.646400e+001
56  0.000000e+000
57  2.174000e+000
58  1.327000e+001
59  2.266800e+001
60  1.115400e+001
61  1.648700e+001
62  1.918900e+001
63  2.679700e+001
64  4.708300e+001
65  6.391200e+001
66  3.503300e+001
67  2.000000e+000
68  0.000000e+000
69  7.156000e+000
70  5.929000e+000
71  4.671000e+000
72  5.240000e-001
73  8.086000e+000
74  1.259800e+001
75  3.687800e+001
76  4.966900e+001
77  5.993500e+001
78  3.474600e+001
79  0.000000e+000
80  0.000000e+000
81  3.949000e+000
82  9.601000e+000
83  8.580000e+000
84  8.699000e+000
85  6.937000e+000
86  1.574400e+001
87  3.012700e+001
88  2.856500e+001
89  5.354500e+001
90  5.554300e+001
91  3.641400e+001
92  0.000000e+000
93  4.296000e+000
94  2.832000e+000
95  1.914100e+001
96  1.504400e+001
97  6.098000e+000
98  1.109600e+001
99  3.713500e+001
100  4.219900e+001
101  6.240000e+001
102  7.688200e+001
103  3.018400e+001
104  1.297500e+001
105  3.200000e+000
106  6.221000e+000
107  7.151000e+000
108  4.402000e+000
109  1.320100e+001
110  1.963700e+001
111  2.136400e+001
112  3.062100e+001
113  3.637300e+001
114  3.000000e-001
115  4.992000e+000
116  7.891000e+000
117  1.994000e+000
118  5.070000e+000
119  1.214100e+001
120  7.744000e+000
121  1.192300e+001
122  1.434000e+001
123  3.209000e+001
124  4.162700e+001
125  5.528100e+001
126  3.470400e+001
127  2.300000e+000
128  1.000000e-001
129  3.066000e+000
130  9.981000e+000
131  1.274000e+001
132  1.275000e+001
133  1.395200e+001
134  1.363900e+001
135  3.037900e+001
136  3.427300e+001
137  5.356400e+001
138  6.580000e-001
139  1.000000e+000
140  1.000000e+000
141  5.289000e+000
142  6.044000e+000
143  9.567000e+000
144  1.729000e+001
   4 
1  7.774000e+000
2  1.700800e+001
3  4.025700e+001
4  5.263400e+001
5  4.478600e+001
6  8.309700e+001
7  3.362000e+000
8  0.000000e+000
9  0.000000e+000
10  9.314000e+000
11  7.257000e+000
12  6.922000e+000
13  8.173000e+000
14  1.904400e+001
15  3.974400e+001
16  5.666000e+001
17  5.243500e+001
18  7.342000e+001
19  4.036100e+001
20  0.000000e+000
21  0.000000e+000
22  9.521000e+000
23  7.339000e+000
24  9.965000e+000
25  5.023000e+000
26  1.707200e+001
27  3.545900e+001
28  4.521200e+001
29  6.126600e+001
30  7.102500e+001
31  6.492600e+001
32  3.997000e+000
33  3.597000e+000
34  0.000000e+000
35  1.058900e+001
36  1.158700e+001
37  8.943000e+000
38  1.941900e+001
39  3.759200e+001
40  3.626100e+001
41  6.218100e+001
42  8.876200e+001
43  2.332200e+001
44  5.595000e+000
45  0.000000e+000
46  4.418000e+000
47  1.810600e+001
48  1.040100e+001
49  1.989400e+001
50  2.334000e+001
51  4.605400e+001
52  4.454200e+001
53  5.798400e+001
54  7.216700e+001
55  4.348300e+001
56  0.000000e+000
57  2.174000e+000
58  1.325400e+001
59  2.267900e+001
60  1.116000e+001
61  1.650200e+001
62  1.920900e+001
63  2.683300e+001
64  4.714300e+001
65  6.398100e+001
66  3.677400e+001
67  2.000000e+000
68  0.000000e+000
69  7.156000e+000
70  5.929000e+000
71  4.671000e+000
72  5.240000e-001
73  8.086000e+000
74  1.259800e+001
75  3.687800e+001
76  4.967300e+001
77  5.996900e+001
78  3.486500e+001
79  0.000000e+000
80  0.000000e+000
81  3.949000e+000
82  9.602000e+000
83  8.581000e+000
84  8.699000e+000
85  6.937000e+000
86  1.658600e+001
87  3.058100e+001
88  2.872400e+001
89  5.372300e+001
90  6.550100e+001
91  3.731100e+001
92  0.000000e+000
93  4.296000e+000
94  2.832000e+000
95  1.913300e+001
96  1.503900e+001
97  6.099000e+000
98  1.115100e+001
99  3.749900e+001
100  4.295700e+001
101  6.334900e+001
102  7.874700e+001
103  3.709200e+001
104  1.297500e+001
105  3.200000e+000
106  6.232000e+000
107  7.147000e+000
108  4.400000e+000
109  1.319800e+001
110  1.963500e+001
111  2.136300e+001
112  3.062100e+001
113  3.637500e+001
114  3.000000e-001
115  4.992000e+000
116  7.891000e+000
117  1.994000e+000
118  5.070000e+000
119  1.214100e+001
120  7.744000e+000
121  1.192300e+001
122  1.444100e+001
123  3.227700e+001
124  4.180300e+001
125  5.673300e+001
126  3.873100e+001
127  2.300000e+000
128  1.000000e-001
129  3.066000e+000
130  9.979000e+000
131  1.273900e+001
132  1.274900e+001
133  1.395200e+001
134  1.363900e+001
135  3.037900e+001
136  3.427400e+001
137  5.360600e+001
138  6.440000e-001
139  1.000000e+000
140  1.000000e+000
141  5.288000e+000
142  6.044000e+000
143  9.566000e+000
144  1.729000e+001
   5 
1  7.738000e+000
2  1.690700e+001
3  3.992700e+001
4  5.151100e+001
5  4.329400e+001
6  6.354400e+001
7  0.000000e+000
8  0.000000e+000
9  0.000000e+000
10  9.343000e+000
11  7.277000e+000
12  6.941000e+000
13  8.167000e+000
14  1.901100e+001
15  3.974300e+001
16  5.593500e+001
17  5.045800e+001
18  7.232800e+001
19  3.128600e+001
20  0.000000e+000
21  0.000000e+000
22  9.533000e+000
23  7.349000e+000
24  9.978000e+000
25  5.006000e+000
26  1.702700e+001
27  3.348000e+001
28  4.314500e+001
29  5.903400e+001
30  6.552400e+001
31  3.396700e+001
32  3.997000e+000
33  3.597000e+000
34  0.000000e+000
35  1.070800e+001
36  1.162900e+001
37  8.772000e+000
38  1.893500e+001
39  3.723900e+001
40  3.595400e+001
41  6.167500e+001
42  8.731500e+001
43  1.789100e+001
44  5.595000e+000
45  0.000000e+000
46  4.412000e+000
47  1.797300e+001
48  1.037700e+001
49  1.981300e+001
50  2.188600e+001
51  4.426900e+001
52  4.281200e+001
53  5.554800e+001
54  7.203600e+001
55  3.073200e+001
56  0.000000e+000
57  2.174000e+000
58  1.328900e+001
59  2.264600e+001
60  1.114400e+001
61  1.646600e+001
62  1.915600e+001
63  2.674200e+001
64  4.697200e+001
65  6.380700e+001
66  3.173000e+001
67  2.000000e+000
68  0.000000e+000
69  7.153000e+000
70  5.930000e+000
71  4.673000e+000
72  5.230000e-001
73  8.086000e+000
74  1.259800e+001
75  3.687700e+001
76  4.964600e+001
77  5.982600e+001
78  3.421900e+001
79  0.000000e+000
80  0.000000e+000
81  3.949000e+000
82  9.601000e+000
83  8.580000e+000
84  8.699000e+000
85  6.938000e+000
86  1.455700e+001
87  2.948900e+001
88  2.824300e+001
89  5.219400e+001
90  5.321600e+001
91  3.494500e+001
92  0.000000e+000
93  4.296000e+000
94  2.832000e+000
95  1.914700e+001
96  1.504700e+001
97  6.096000e+000
98  1.104500e+001
99  3.671100e+001
100  4.151100e+001
101  6.139100e+001
102  7.524600e+001
103  2.426000e+001
104  1.297500e+001
105  3.200000e+000
106  6.205000e+000
107  7.157000e+000
108  4.406000e+000
109  1.318400e+001
110  1.962200e+001
111  2.135500e+001
112  3.061400e+001
113  3.634500e+001
114  3.000000e-001
115  4.992000e+000
116  7.891000e+000
117  1.994000e+000
118  5.070000e+000
119  1.214200e+001
120  7.744000e+000
121  1.192300e+001
122  1.418800e+001
123  3.183900e+001
124  4.151200e+001
125  5.442500e+001
126  3.119700e+001
127  2.300000e+000
128  1.000000e-001
129  3.067000e+000
130  9.981000e+000
131  1.274200e+001
132  1.275100e+001
133  1.395000e+001
134  1.363700e+001
135  3.037400e+001
136  3.426700e+001
137  5.339900e+001
138  6.250000e-001
139  1.000000e+000
140  1.000000e+000
141  5.289000e+000
142  6.044000e+000
143  9.567000e+000
144  1.729100e+001
   6 
1  7.744000e+000
2  1.692300e+001
3  3.993100e+001
4  5.156100e+001
5  4.335600e+001
6  6.468900e+001
7  0.000000e+000
8  0.000000e+000
9  0.000000e+000
10  9.342000e+000
11  7.277000e+000
12  6.940000e+000
13  8.170000e+000
14  1.902800e+001
15  3.975400e+001
16  5.602300e+001
17  5.068100e+001
18  7.245100e+001
19  3.237400e+001
20  0.000000e+000
21  0.000000e+000
22  9.532000e+000
23  7.348000e+000
24  9.977000e+000
25  5.009000e+000
26  1.702800e+001
27  3.359000e+001
28  4.325800e+001
29  5.919200e+001
30  6.583000e+001
31  3.626900e+001
32  3.997000e+000
33  3.597000e+000
34  0.000000e+000
35  1.072800e+001
36  1.164800e+001
37  8.794000e+000
38  1.900400e+001
39  3.727500e+001
40  3.599900e+001
41  6.175500e+001
42  8.753800e+001
43  1.883400e+001
44  5.595000e+000
45  0.000000e+000
46  4.414000e+000
47  1.799600e+001
48  1.038400e+001
49  1.982800e+001
50  2.192000e+001
51  4.439700e+001
52  4.298500e+001
53  5.581500e+001
54  7.204900e+001
55  3.202800e+001
56  0.000000e+000
57  2.174000e+000
58  1.328600e+001
59  2.264900e+001
60  1.114600e+001
61  1.647000e+001
62  1.916300e+001
63  2.675400e+001
64  4.700700e+001
65  6.383300e+001
66  3.255400e+001
67  2.000000e+000
68  0.000000e+000
69  7.154000e+000
70  5.929000e+000
71  4.673000e+000
72  5.240000e-001
73  8.086000e+000
74  1.259800e+001
75  3.687800e+001
76  4.965400e+001
77  5.985600e+001
78  3.441100e+001
79  0.000000e+000
80  0.000000e+000
81  3.949000e+000
82  9.601000e+000
83  8.580000e+000
84  8.699000e+000
85  6.938000e+000
86  1.477800e+001
87  2.963000e+001
88  2.849000e+001
89  5.278500e+001
90  5.324500e+001
91  3.529000e+001
92  0.000000e+000
93  4.296000e+000
94  2.832000e+000
95  1.914500e+001
96  1.504600e+001
97  6.097000e+000
98  1.105600e+001
99  3.692800e+001
100  4.165700e+001
101  6.161800e+001
102  7.564100e+001
103  2.553000e+001
104  1.297500e+001
105  3.200000e+000
106  6.204000e+000
107  7.156000e+000
108  4.405000e+000
109  1.319600e+001
110  1.963500e+001
111  2.136200e+001
112  3.061900e+001
113  3.635900e+001
114  3.000000e-001
115  4.992000e+000
116  7.891000e+000
117  1.994000e+000
118  5.070000e+000
119  1.214200e+001
120  7.744000e+000
121  1.192300e+001
122  1.422200e+001
123  3.189600e+001
124  4.153700e+001
125  5.461100e+001
126  3.198600e+001
127  2.300000e+000
128  1.000000e-001
129  3.067000e+000
130  9.981000e+000
131  1.274100e+001
132  1.275100e+001
133  1.395000e+001
134  1.363800e+001
135  3.037600e+001
136  3.427000e+001
137  5.343600e+001
138  6.690000e-001
139  1.000000e+000
140  1.000000e+000
141  5.289000e+000
142  6.044000e+000
143  9.567000e+000
144  1.729100e+001
