   1 
1  7.490000e+000
2  1.742800e+001
3  3.936800e+001
4  5.106000e+001
5  4.219300e+001
6  7.519300e+001
7  0.000000e+000
8  0.000000e+000
9  0.000000e+000
10  9.207000e+000
11  7.428000e+000
12  7.382000e+000
13  8.390000e+000
14  1.890900e+001
15  3.953200e+001
16  5.465700e+001
17  4.669100e+001
18  7.390100e+001
19  3.209900e+001
20  0.000000e+000
21  0.000000e+000
22  9.583000e+000
23  7.608000e+000
24  9.780000e+000
25  4.871000e+000
26  1.698600e+001
27  3.459200e+001
28  4.252500e+001
29  5.803600e+001
30  6.010400e+001
31  5.060000e+001
32  3.997000e+000
33  3.597000e+000
34  0.000000e+000
35  9.779000e+000
36  1.180000e+001
37  9.571000e+000
38  2.026400e+001
39  3.634400e+001
40  3.454300e+001
41  5.986600e+001
42  8.465100e+001
43  2.352800e+001
44  5.595000e+000
45  0.000000e+000
46  4.458000e+000
47  1.757700e+001
48  1.040300e+001
49  1.993900e+001
50  2.319600e+001
51  4.381300e+001
52  4.169100e+001
53  5.109000e+001
54  7.540200e+001
55  2.516600e+001
56  0.000000e+000
57  2.223000e+000
58  1.314000e+001
59  2.209600e+001
60  1.059300e+001
61  1.577800e+001
62  1.841800e+001
63  2.587200e+001
64  4.627500e+001
65  5.715900e+001
66  4.351900e+001
67  1.999000e+000
68  0.000000e+000
69  6.854000e+000
70  5.918000e+000
71  5.049000e+000
72  4.620000e-001
73  8.361000e+000
74  1.370100e+001
75  3.650200e+001
76  4.797400e+001
77  5.496600e+001
78  3.966700e+001
79  0.000000e+000
80  0.000000e+000
81  3.666000e+000
82  9.567000e+000
83  9.253000e+000
84  9.326000e+000
85  7.180000e+000
86  1.585000e+001
87  2.893900e+001
88  2.691700e+001
89  4.756200e+001
90  6.688500e+001
91  3.634400e+001
92  0.000000e+000
93  4.296000e+000
94  2.918000e+000
95  1.972300e+001
96  1.509700e+001
97  6.058000e+000
98  1.107100e+001
99  3.661000e+001
100  4.143200e+001
101  5.476100e+001
102  8.278700e+001
103  2.546400e+001
104  1.298000e+001
105  3.199000e+000
106  5.770000e+000
107  7.166000e+000
108  4.321000e+000
109  1.410000e+001
110  1.971800e+001
111  2.057100e+001
112  3.053600e+001
113  3.682100e+001
114  3.000000e-001
115  4.994000e+000
116  7.892000e+000
117  1.996000e+000
118  4.875000e+000
119  1.300700e+001
120  8.201000e+000
121  1.277800e+001
122  1.540200e+001
123  3.207800e+001
124  4.007700e+001
125  4.979500e+001
126  3.627300e+001
127  2.299000e+000
128  1.000000e-001
129  2.695000e+000
130  9.357000e+000
131  1.398200e+001
132  1.354500e+001
133  1.331500e+001
134  1.293200e+001
135  2.960800e+001
136  3.315000e+001
137  5.240000e+001
138  3.848000e+000
139  1.000000e+000
140  1.000000e+000
141  4.683000e+000
142  6.567000e+000
143  9.365000e+000
144  1.716200e+001
   2 
1  7.495000e+000
2  1.749300e+001
3  3.966200e+001
4  5.207800e+001
5  4.337700e+001
6  8.331300e+001
7  0.000000e+000
8  0.000000e+000
9  0.000000e+000
10  9.197000e+000
11  7.421000e+000
12  7.376000e+000
13  8.393000e+000
14  1.892200e+001
15  3.954000e+001
16  5.474500e+001
17  4.742500e+001
18  7.389300e+001
19  3.288700e+001
20  0.000000e+000
21  0.000000e+000
22  9.588000e+000
23  7.613000e+000
24  9.794000e+000
25  4.890000e+000
26  1.701400e+001
27  3.510600e+001
28  4.396800e+001
29  5.957100e+001
30  6.142500e+001
31  6.398800e+001
32  3.997000e+000
33  3.597000e+000
34  0.000000e+000
35  9.733000e+000
36  1.177300e+001
37  9.622000e+000
38  2.056400e+001
39  3.657800e+001
40  3.491200e+001
41  6.044800e+001
42  8.497300e+001
43  2.853100e+001
44  5.595000e+000
45  0.000000e+000
46  4.459000e+000
47  1.761400e+001
48  1.040100e+001
49  1.995400e+001
50  2.398300e+001
51  4.447800e+001
52  4.175300e+001
53  5.140900e+001
54  7.459500e+001
55  2.602800e+001
56  0.000000e+000
57  2.223000e+000
58  1.311000e+001
59  2.211500e+001
60  1.061000e+001
61  1.581300e+001
62  1.846900e+001
63  2.596400e+001
64  4.641500e+001
65  5.738400e+001
66  4.706800e+001
67  1.999000e+000
68  0.000000e+000
69  6.857000e+000
70  5.921000e+000
71  5.043000e+000
72  4.620000e-001
73  8.361000e+000
74  1.370100e+001
75  3.650500e+001
76  4.800000e+001
77  5.520000e+001
78  4.038300e+001
79  0.000000e+000
80  0.000000e+000
81  3.666000e+000
82  9.571000e+000
83  9.252000e+000
84  9.325000e+000
85  7.180000e+000
86  1.686500e+001
87  2.946700e+001
88  2.697300e+001
89  4.776700e+001
90  7.090100e+001
91  3.731600e+001
92  0.000000e+000
93  4.296000e+000
94  2.917000e+000
95  1.971800e+001
96  1.509400e+001
97  6.059000e+000
98  1.110800e+001
99  3.738600e+001
100  4.194900e+001
101  5.560500e+001
102  8.310500e+001
103  3.079800e+001
104  1.298000e+001
105  3.199000e+000
106  5.768000e+000
107  7.165000e+000
108  4.321000e+000
109  1.410000e+001
110  1.972000e+001
111  2.057100e+001
112  3.053700e+001
113  3.682200e+001
114  3.000000e-001
115  4.994000e+000
116  7.892000e+000
117  1.996000e+000
118  4.875000e+000
119  1.300700e+001
120  8.201000e+000
121  1.277800e+001
122  1.555000e+001
123  3.235900e+001
124  4.030600e+001
125  5.003700e+001
126  4.108600e+001
127  2.299000e+000
128  1.000000e-001
129  2.695000e+000
130  9.355000e+000
131  1.398000e+001
132  1.354300e+001
133  1.331800e+001
134  1.293600e+001
135  2.961500e+001
136  3.315800e+001
137  5.242900e+001
138  4.060000e+000
139  1.000000e+000
140  1.000000e+000
141  4.683000e+000
142  6.567000e+000
143  9.365000e+000
144  1.716000e+001
   3 
1  7.494000e+000
2  1.745900e+001
3  3.947700e+001
4  5.144300e+001
5  4.263900e+001
6  7.833500e+001
7  0.000000e+000
8  0.000000e+000
9  0.000000e+000
10  9.205000e+000
11  7.426000e+000
12  7.381000e+000
13  8.392000e+000
14  1.892200e+001
15  3.953800e+001
16  5.470200e+001
17  4.695400e+001
18  7.388700e+001
19  3.245200e+001
20  0.000000e+000
21  0.000000e+000
22  9.584000e+000
23  7.610000e+000
24  9.785000e+000
25  4.884000e+000
26  1.699700e+001
27  3.488100e+001
28  4.297700e+001
29  5.853000e+001
30  6.053800e+001
31  5.568800e+001
32  3.997000e+000
33  3.597000e+000
34  0.000000e+000
35  9.758000e+000
36  1.179100e+001
37  9.598000e+000
38  2.039200e+001
39  3.644200e+001
40  3.468500e+001
41  6.008700e+001
42  8.478300e+001
43  2.557600e+001
44  5.595000e+000
45  0.000000e+000
46  4.459000e+000
47  1.759500e+001
48  1.040600e+001
49  1.994700e+001
50  2.344600e+001
51  4.411100e+001
52  4.172700e+001
53  5.124100e+001
54  7.509700e+001
55  2.549700e+001
56  0.000000e+000
57  2.223000e+000
58  1.312800e+001
59  2.210600e+001
60  1.060100e+001
61  1.579300e+001
62  1.844000e+001
63  2.591200e+001
64  4.633500e+001
65  5.725400e+001
66  4.516500e+001
67  1.999000e+000
68  0.000000e+000
69  6.856000e+000
70  5.921000e+000
71  5.043000e+000
72  4.620000e-001
73  8.361000e+000
74  1.370100e+001
75  3.650400e+001
76  4.798900e+001
77  5.509400e+001
78  4.008000e+001
79  0.000000e+000
80  0.000000e+000
81  3.666000e+000
82  9.571000e+000
83  9.252000e+000
84  9.325000e+000
85  7.180000e+000
86  1.632000e+001
87  2.919000e+001
88  2.693800e+001
89  4.766500e+001
90  6.828500e+001
91  3.685200e+001
92  0.000000e+000
93  4.296000e+000
94  2.917000e+000
95  1.972100e+001
96  1.509600e+001
97  6.058000e+000
98  1.108500e+001
99  3.685900e+001
100  4.172400e+001
101  5.518900e+001
102  8.295400e+001
103  2.736600e+001
104  1.298000e+001
105  3.199000e+000
106  5.769000e+000
107  7.166000e+000
108  4.321000e+000
109  1.410000e+001
110  1.971900e+001
111  2.057100e+001
112  3.053600e+001
113  3.682200e+001
114  3.000000e-001
115  4.994000e+000
116  7.892000e+000
117  1.996000e+000
118  4.875000e+000
119  1.300700e+001
120  8.201000e+000
121  1.277800e+001
122  1.547500e+001
123  3.221000e+001
124  4.015700e+001
125  4.988000e+001
126  3.804900e+001
127  2.299000e+000
128  1.000000e-001
129  2.695000e+000
130  9.356000e+000
131  1.398100e+001
132  1.354400e+001
133  1.331700e+001
134  1.293400e+001
135  2.961300e+001
136  3.315500e+001
137  5.241200e+001
138  3.984000e+000
139  1.000000e+000
140  1.000000e+000
141  4.683000e+000
142  6.567000e+000
143  9.365000e+000
144  1.716100e+001
   4 
1  7.493000e+000
2  1.751100e+001
3  3.982200e+001
4  5.226400e+001
5  4.362100e+001
6  8.361800e+001
7  2.962000e+000
8  0.000000e+000
9  0.000000e+000
10  9.192000e+000
11  7.417000e+000
12  7.373000e+000
13  8.393000e+000
14  1.891800e+001
15  3.953100e+001
16  5.476200e+001
17  4.775500e+001
18  7.327100e+001
19  3.367900e+001
20  0.000000e+000
21  0.000000e+000
22  9.615000e+000
23  7.639000e+000
24  9.841000e+000
25  4.892000e+000
26  1.703300e+001
27  3.558600e+001
28  4.418400e+001
29  5.979400e+001
30  6.148700e+001
31  6.685200e+001
32  3.997000e+000
33  3.597000e+000
34  0.000000e+000
35  9.587000e+000
36  1.172600e+001
37  9.647000e+000
38  2.061600e+001
39  3.664900e+001
40  3.501200e+001
41  6.064900e+001
42  8.474800e+001
43  3.014900e+001
44  5.595000e+000
45  0.000000e+000
46  4.460000e+000
47  1.762200e+001
48  1.039500e+001
49  1.995900e+001
50  2.420400e+001
51  4.452200e+001
52  4.175900e+001
53  5.142800e+001
54  7.415500e+001
55  2.647400e+001
56  0.000000e+000
57  2.223000e+000
58  1.309500e+001
59  2.211400e+001
60  1.061300e+001
61  1.582200e+001
62  1.848000e+001
63  2.598400e+001
64  4.644400e+001
65  5.743000e+001
66  4.760700e+001
67  1.999000e+000
68  0.000000e+000
69  6.857000e+000
70  5.921000e+000
71  5.043000e+000
72  4.620000e-001
73  8.361000e+000
74  1.370100e+001
75  3.650500e+001
76  4.800100e+001
77  5.520000e+001
78  4.038200e+001
79  0.000000e+000
80  0.000000e+000
81  3.666000e+000
82  9.571000e+000
83  9.252000e+000
84  9.325000e+000
85  7.180000e+000
86  1.688700e+001
87  2.948800e+001
88  2.700500e+001
89  4.780600e+001
90  7.320800e+001
91  3.733300e+001
92  0.000000e+000
93  4.296000e+000
94  2.917000e+000
95  1.971600e+001
96  1.509300e+001
97  6.059000e+000
98  1.111600e+001
99  3.752400e+001
100  4.207200e+001
101  5.583300e+001
102  8.302800e+001
103  3.300700e+001
104  1.298000e+001
105  3.199000e+000
106  5.768000e+000
107  7.165000e+000
108  4.321000e+000
109  1.410100e+001
110  1.972000e+001
111  2.057200e+001
112  3.053700e+001
113  3.682000e+001
114  3.000000e-001
115  4.994000e+000
116  7.892000e+000
117  1.996000e+000
118  4.875000e+000
119  1.300700e+001
120  8.201000e+000
121  1.277800e+001
122  1.555100e+001
123  3.239400e+001
124  4.043800e+001
125  5.017400e+001
126  4.330300e+001
127  2.299000e+000
128  1.000000e-001
129  2.695000e+000
130  9.355000e+000
131  1.397900e+001
132  1.354300e+001
133  1.331800e+001
134  1.293600e+001
135  2.961500e+001
136  3.315800e+001
137  5.243900e+001
138  4.052000e+000
139  1.000000e+000
140  1.000000e+000
141  4.683000e+000
142  6.567000e+000
143  9.365000e+000
144  1.716000e+001
   5 
1  7.487000e+000
2  1.740300e+001
3  3.929200e+001
4  5.079700e+001
5  4.188600e+001
6  7.289600e+001
7  0.000000e+000
8  0.000000e+000
9  0.000000e+000
10  9.209000e+000
11  7.430000e+000
12  7.383000e+000
13  8.389000e+000
14  1.889200e+001
15  3.952700e+001
16  5.461500e+001
17  4.650100e+001
18  7.386600e+001
19  3.181100e+001
20  0.000000e+000
21  0.000000e+000
22  9.583000e+000
23  7.608000e+000
24  9.779000e+000
25  4.860000e+000
26  1.697900e+001
27  3.439700e+001
28  4.224400e+001
29  5.773000e+001
30  5.986100e+001
31  4.682500e+001
32  3.997000e+000
33  3.597000e+000
34  0.000000e+000
35  9.844000e+000
36  1.181700e+001
37  9.535000e+000
38  2.015700e+001
39  3.626300e+001
40  3.443600e+001
41  5.970000e+001
42  8.469700e+001
43  2.172500e+001
44  5.595000e+000
45  0.000000e+000
46  4.457000e+000
47  1.755700e+001
48  1.040400e+001
49  1.993200e+001
50  2.298500e+001
51  4.370900e+001
52  4.161400e+001
53  5.092300e+001
54  7.566000e+001
55  2.460100e+001
56  0.000000e+000
57  2.223000e+000
58  1.315000e+001
59  2.208800e+001
60  1.058600e+001
61  1.576600e+001
62  1.840100e+001
63  2.584000e+001
64  4.621400e+001
65  5.708900e+001
66  4.218400e+001
67  1.999000e+000
68  0.000000e+000
69  6.853000e+000
70  5.918000e+000
71  5.050000e+000
72  4.620000e-001
73  8.361000e+000
74  1.370100e+001
75  3.650000e+001
76  4.795600e+001
77  5.485800e+001
78  3.930800e+001
79  0.000000e+000
80  0.000000e+000
81  3.666000e+000
82  9.567000e+000
83  9.253000e+000
84  9.326000e+000
85  7.180000e+000
86  1.556200e+001
87  2.875200e+001
88  2.671000e+001
89  4.691500e+001
90  6.648000e+001
91  3.589200e+001
92  0.000000e+000
93  4.296000e+000
94  2.918000e+000
95  1.972500e+001
96  1.509800e+001
97  6.057000e+000
98  1.105900e+001
99  3.639500e+001
100  4.108100e+001
101  5.434500e+001
102  8.250700e+001
103  2.336400e+001
104  1.298000e+001
105  3.199000e+000
106  5.771000e+000
107  7.167000e+000
108  4.322000e+000
109  1.409600e+001
110  1.971300e+001
111  2.056800e+001
112  3.053400e+001
113  3.680800e+001
114  3.000000e-001
115  4.994000e+000
116  7.892000e+000
117  1.996000e+000
118  4.875000e+000
119  1.300700e+001
120  8.201000e+000
121  1.277800e+001
122  1.534200e+001
123  3.197300e+001
124  4.002200e+001
125  4.973500e+001
126  3.497000e+001
127  2.299000e+000
128  1.000000e-001
129  2.695000e+000
130  9.357000e+000
131  1.398200e+001
132  1.354600e+001
133  1.331400e+001
134  1.293000e+001
135  2.960500e+001
136  3.314500e+001
137  5.239100e+001
138  3.729000e+000
139  1.000000e+000
140  1.000000e+000
141  4.683000e+000
142  6.567000e+000
143  9.366000e+000
144  1.716200e+001
   6 
1  7.489000e+000
2  1.741500e+001
3  3.933000e+001
4  5.092700e+001
5  4.203700e+001
6  7.404300e+001
7  0.000000e+000
8  0.000000e+000
9  0.000000e+000
10  9.208000e+000
11  7.429000e+000
12  7.383000e+000
13  8.390000e+000
14  1.890100e+001
15  3.953000e+001
16  5.463700e+001
17  4.659600e+001
18  7.388600e+001
19  3.196200e+001
20  0.000000e+000
21  0.000000e+000
22  9.583000e+000
23  7.608000e+000
24  9.780000e+000
25  4.865000e+000
26  1.698200e+001
27  3.449400e+001
28  4.238100e+001
29  5.787900e+001
30  5.999000e+001
31  4.870000e+001
32  3.997000e+000
33  3.597000e+000
34  0.000000e+000
35  9.820000e+000
36  1.181200e+001
37  9.552000e+000
38  2.021100e+001
39  3.630300e+001
40  3.448900e+001
41  5.978200e+001
42  8.468300e+001
43  2.262500e+001
44  5.595000e+000
45  0.000000e+000
46  4.458000e+000
47  1.756800e+001
48  1.040700e+001
49  1.993600e+001
50  2.306700e+001
51  4.376000e+001
52  4.167300e+001
53  5.102800e+001
54  7.558200e+001
55  2.497400e+001
56  0.000000e+000
57  2.223000e+000
58  1.314700e+001
59  2.209300e+001
60  1.059000e+001
61  1.577200e+001
62  1.840900e+001
63  2.585600e+001
64  4.625200e+001
65  5.712400e+001
66  4.285700e+001
67  1.999000e+000
68  0.000000e+000
69  6.854000e+000
70  5.918000e+000
71  5.049000e+000
72  4.620000e-001
73  8.361000e+000
74  1.370100e+001
75  3.650100e+001
76  4.796600e+001
77  5.491400e+001
78  3.949200e+001
79  0.000000e+000
80  0.000000e+000
81  3.666000e+000
82  9.567000e+000
83  9.253000e+000
84  9.326000e+000
85  7.180000e+000
86  1.570100e+001
87  2.884600e+001
88  2.690700e+001
89  4.717600e+001
90  6.666500e+001
91  3.612500e+001
92  0.000000e+000
93  4.296000e+000
94  2.918000e+000
95  1.972400e+001
96  1.509700e+001
97  6.058000e+000
98  1.106600e+001
99  3.649000e+001
100  4.125200e+001
101  5.454900e+001
102  8.264100e+001
103  2.441400e+001
104  1.298000e+001
105  3.199000e+000
106  5.770000e+000
107  7.167000e+000
108  4.322000e+000
109  1.409900e+001
110  1.971800e+001
111  2.057000e+001
112  3.053500e+001
113  3.681800e+001
114  3.000000e-001
115  4.994000e+000
116  7.892000e+000
117  1.996000e+000
118  4.875000e+000
119  1.300700e+001
120  8.201000e+000
121  1.277800e+001
122  1.537200e+001
123  3.202600e+001
124  4.004900e+001
125  4.976600e+001
126  3.562300e+001
127  2.299000e+000
128  1.000000e-001
129  2.695000e+000
130  9.357000e+000
131  1.398200e+001
132  1.354600e+001
133  1.331500e+001
134  1.293100e+001
135  2.960700e+001
136  3.314800e+001
137  5.239600e+001
138  3.790000e+000
139  1.000000e+000
140  1.000000e+000
141  4.683000e+000
142  6.567000e+000
143  9.365000e+000
144  1.716200e+001
