   1 
1  4.125000e+000
2  3.262500e+001
3  6.747000e+001
4  0.000000e+000
5  0.000000e+000
6  0.000000e+000
7  0.000000e+000
8  0.000000e+000
9  0.000000e+000
10  0.000000e+000
11  0.000000e+000
12  1.500000e+000
13  3.825000e+000
14  6.862500e+001
15  1.890200e+001
16  0.000000e+000
17  0.000000e+000
18  0.000000e+000
19  0.000000e+000
20  0.000000e+000
21  0.000000e+000
22  0.000000e+000
23  0.000000e+000
24  7.625000e+000
25  0.000000e+000
26  1.282500e+001
27  1.091880e+002
28  0.000000e+000
29  0.000000e+000
30  0.000000e+000
31  0.000000e+000
32  0.000000e+000
33  0.000000e+000
34  0.000000e+000
35  1.457600e+001
36  1.897400e+001
37  2.947500e+001
38  2.918900e+001
39  1.378100e+001
40  0.000000e+000
41  0.000000e+000
42  0.000000e+000
43  0.000000e+000
44  0.000000e+000
45  0.000000e+000
46  0.000000e+000
47  6.100000e+000
48  1.574000e+001
49  2.147700e+001
50  1.800000e+000
51  7.100000e+000
52  0.000000e+000
53  0.000000e+000
54  0.000000e+000
55  0.000000e+000
56  0.000000e+000
57  0.000000e+000
58  0.000000e+000
59  0.000000e+000
60  6.500000e+000
61  3.200000e+000
62  4.200000e+000
63  0.000000e+000
64  0.000000e+000
65  0.000000e+000
66  0.000000e+000
67  0.000000e+000
68  0.000000e+000
69  0.000000e+000
70  0.000000e+000
71  4.000000e-001
72  6.300000e+000
73  9.575000e+000
74  3.686200e+001
75  3.268200e+001
76  5.100000e+000
77  0.000000e+000
78  0.000000e+000
79  0.000000e+000
80  0.000000e+000
81  0.000000e+000
82  0.000000e+000
83  0.000000e+000
84  1.071400e+001
85  0.000000e+000
86  7.945000e+000
87  2.457600e+001
88  6.200000e+000
89  0.000000e+000
90  0.000000e+000
91  0.000000e+000
92  0.000000e+000
93  0.000000e+000
94  0.000000e+000
95  0.000000e+000
96  1.272900e+001
97  0.000000e+000
98  4.987800e+001
99  3.047800e+001
100  0.000000e+000
101  0.000000e+000
102  0.000000e+000
103  0.000000e+000
104  0.000000e+000
105  0.000000e+000
106  0.000000e+000
107  0.000000e+000
108  0.000000e+000
109  2.328200e+001
110  1.500000e+000
111  4.765000e+000
112  0.000000e+000
113  0.000000e+000
114  0.000000e+000
115  0.000000e+000
116  0.000000e+000
117  0.000000e+000
118  0.000000e+000
119  2.400000e+001
120  2.039900e+001
121  9.156000e+000
122  3.370000e+001
123  2.100000e+000
124  0.000000e+000
125  0.000000e+000
126  0.000000e+000
127  0.000000e+000
128  0.000000e+000
129  0.000000e+000
130  0.000000e+000
131  0.000000e+000
132  5.850000e+001
133  8.229000e+000
134  4.863200e+001
135  2.000000e-001
136  0.000000e+000
137  0.000000e+000
138  0.000000e+000
139  0.000000e+000
140  0.000000e+000
141  0.000000e+000
142  0.000000e+000
143  2.000000e+000
144  3.471000e+000
   2 
1  4.125000e+000
2  3.262500e+001
3  6.747000e+001
4  0.000000e+000
5  0.000000e+000
6  0.000000e+000
7  0.000000e+000
8  0.000000e+000
9  0.000000e+000
10  0.000000e+000
11  0.000000e+000
12  1.500000e+000
13  3.825000e+000
14  6.862500e+001
15  1.890200e+001
16  0.000000e+000
17  0.000000e+000
18  0.000000e+000
19  0.000000e+000
20  0.000000e+000
21  0.000000e+000
22  0.000000e+000
23  0.000000e+000
24  7.625000e+000
25  0.000000e+000
26  1.282500e+001
27  1.091880e+002
28  0.000000e+000
29  0.000000e+000
30  0.000000e+000
31  0.000000e+000
32  0.000000e+000
33  0.000000e+000
34  0.000000e+000
35  1.457600e+001
36  1.897400e+001
37  2.947500e+001
38  2.918900e+001
39  1.378100e+001
40  0.000000e+000
41  0.000000e+000
42  0.000000e+000
43  0.000000e+000
44  0.000000e+000
45  0.000000e+000
46  0.000000e+000
47  6.100000e+000
48  1.574000e+001
49  2.147700e+001
50  1.800000e+000
51  7.100000e+000
52  0.000000e+000
53  0.000000e+000
54  0.000000e+000
55  0.000000e+000
56  0.000000e+000
57  0.000000e+000
58  0.000000e+000
59  0.000000e+000
60  6.500000e+000
61  3.200000e+000
62  4.200000e+000
63  0.000000e+000
64  0.000000e+000
65  0.000000e+000
66  0.000000e+000
67  0.000000e+000
68  0.000000e+000
69  0.000000e+000
70  0.000000e+000
71  4.000000e-001
72  6.300000e+000
73  9.575000e+000
74  3.686200e+001
75  3.268200e+001
76  5.100000e+000
77  0.000000e+000
78  0.000000e+000
79  0.000000e+000
80  0.000000e+000
81  0.000000e+000
82  0.000000e+000
83  0.000000e+000
84  1.071400e+001
85  0.000000e+000
86  7.945000e+000
87  2.457600e+001
88  6.200000e+000
89  0.000000e+000
90  0.000000e+000
91  0.000000e+000
92  0.000000e+000
93  0.000000e+000
94  0.000000e+000
95  0.000000e+000
96  1.272900e+001
97  0.000000e+000
98  4.987800e+001
99  3.047800e+001
100  0.000000e+000
101  0.000000e+000
102  0.000000e+000
103  0.000000e+000
104  0.000000e+000
105  0.000000e+000
106  0.000000e+000
107  0.000000e+000
108  0.000000e+000
109  2.328200e+001
110  1.500000e+000
111  4.765000e+000
112  0.000000e+000
113  0.000000e+000
114  0.000000e+000
115  0.000000e+000
116  0.000000e+000
117  0.000000e+000
118  0.000000e+000
119  2.400000e+001
120  2.039900e+001
121  9.156000e+000
122  3.370000e+001
123  2.100000e+000
124  0.000000e+000
125  0.000000e+000
126  0.000000e+000
127  0.000000e+000
128  0.000000e+000
129  0.000000e+000
130  0.000000e+000
131  0.000000e+000
132  5.850000e+001
133  8.229000e+000
134  4.863200e+001
135  2.000000e-001
136  0.000000e+000
137  0.000000e+000
138  0.000000e+000
139  0.000000e+000
140  0.000000e+000
141  0.000000e+000
142  0.000000e+000
143  2.000000e+000
144  3.471000e+000
   3 
1  4.125000e+000
2  3.262500e+001
3  6.747000e+001
4  0.000000e+000
5  0.000000e+000
6  0.000000e+000
7  0.000000e+000
8  0.000000e+000
9  0.000000e+000
10  0.000000e+000
11  0.000000e+000
12  1.500000e+000
13  3.825000e+000
14  6.862500e+001
15  1.890200e+001
16  0.000000e+000
17  0.000000e+000
18  0.000000e+000
19  0.000000e+000
20  0.000000e+000
21  0.000000e+000
22  0.000000e+000
23  0.000000e+000
24  7.625000e+000
25  0.000000e+000
26  1.282500e+001
27  1.091880e+002
28  0.000000e+000
29  0.000000e+000
30  0.000000e+000
31  0.000000e+000
32  0.000000e+000
33  0.000000e+000
34  0.000000e+000
35  1.457600e+001
36  1.897400e+001
37  2.947500e+001
38  2.918900e+001
39  1.378100e+001
40  0.000000e+000
41  0.000000e+000
42  0.000000e+000
43  0.000000e+000
44  0.000000e+000
45  0.000000e+000
46  0.000000e+000
47  6.100000e+000
48  1.574000e+001
49  2.147700e+001
50  1.800000e+000
51  7.100000e+000
52  0.000000e+000
53  0.000000e+000
54  0.000000e+000
55  0.000000e+000
56  0.000000e+000
57  0.000000e+000
58  0.000000e+000
59  0.000000e+000
60  6.500000e+000
61  3.200000e+000
62  4.200000e+000
63  0.000000e+000
64  0.000000e+000
65  0.000000e+000
66  0.000000e+000
67  0.000000e+000
68  0.000000e+000
69  0.000000e+000
70  0.000000e+000
71  4.000000e-001
72  6.300000e+000
73  9.575000e+000
74  3.686200e+001
75  3.268200e+001
76  5.100000e+000
77  0.000000e+000
78  0.000000e+000
79  0.000000e+000
80  0.000000e+000
81  0.000000e+000
82  0.000000e+000
83  0.000000e+000
84  1.071400e+001
85  0.000000e+000
86  7.945000e+000
87  2.457600e+001
88  6.200000e+000
89  0.000000e+000
90  0.000000e+000
91  0.000000e+000
92  0.000000e+000
93  0.000000e+000
94  0.000000e+000
95  0.000000e+000
96  1.272900e+001
97  0.000000e+000
98  4.987800e+001
99  3.047800e+001
100  0.000000e+000
101  0.000000e+000
102  0.000000e+000
103  0.000000e+000
104  0.000000e+000
105  0.000000e+000
106  0.000000e+000
107  0.000000e+000
108  0.000000e+000
109  2.328200e+001
110  1.500000e+000
111  4.765000e+000
112  0.000000e+000
113  0.000000e+000
114  0.000000e+000
115  0.000000e+000
116  0.000000e+000
117  0.000000e+000
118  0.000000e+000
119  2.400000e+001
120  2.039900e+001
121  9.156000e+000
122  3.370000e+001
123  2.100000e+000
124  0.000000e+000
125  0.000000e+000
126  0.000000e+000
127  0.000000e+000
128  0.000000e+000
129  0.000000e+000
130  0.000000e+000
131  0.000000e+000
132  5.850000e+001
133  8.229000e+000
134  4.863200e+001
135  2.000000e-001
136  0.000000e+000
137  0.000000e+000
138  0.000000e+000
139  0.000000e+000
140  0.000000e+000
141  0.000000e+000
142  0.000000e+000
143  2.000000e+000
144  3.471000e+000
   4 
1  4.125000e+000
2  3.262500e+001
3  6.747000e+001
4  0.000000e+000
5  0.000000e+000
6  0.000000e+000
7  0.000000e+000
8  0.000000e+000
9  0.000000e+000
10  0.000000e+000
11  0.000000e+000
12  1.500000e+000
13  3.825000e+000
14  6.862500e+001
15  1.890200e+001
16  0.000000e+000
17  0.000000e+000
18  0.000000e+000
19  0.000000e+000
20  0.000000e+000
21  0.000000e+000
22  0.000000e+000
23  0.000000e+000
24  7.625000e+000
25  0.000000e+000
26  1.282500e+001
27  1.091880e+002
28  0.000000e+000
29  0.000000e+000
30  0.000000e+000
31  0.000000e+000
32  0.000000e+000
33  0.000000e+000
34  0.000000e+000
35  1.457600e+001
36  1.897400e+001
37  2.947500e+001
38  2.918900e+001
39  1.378100e+001
40  0.000000e+000
41  0.000000e+000
42  0.000000e+000
43  0.000000e+000
44  0.000000e+000
45  0.000000e+000
46  0.000000e+000
47  6.100000e+000
48  1.574000e+001
49  2.147700e+001
50  1.800000e+000
51  7.100000e+000
52  0.000000e+000
53  0.000000e+000
54  0.000000e+000
55  0.000000e+000
56  0.000000e+000
57  0.000000e+000
58  0.000000e+000
59  0.000000e+000
60  6.500000e+000
61  3.200000e+000
62  4.200000e+000
63  0.000000e+000
64  0.000000e+000
65  0.000000e+000
66  0.000000e+000
67  0.000000e+000
68  0.000000e+000
69  0.000000e+000
70  0.000000e+000
71  4.000000e-001
72  6.300000e+000
73  9.575000e+000
74  3.686200e+001
75  3.268200e+001
76  5.100000e+000
77  0.000000e+000
78  0.000000e+000
79  0.000000e+000
80  0.000000e+000
81  0.000000e+000
82  0.000000e+000
83  0.000000e+000
84  1.071400e+001
85  0.000000e+000
86  7.945000e+000
87  2.457600e+001
88  6.200000e+000
89  0.000000e+000
90  0.000000e+000
91  0.000000e+000
92  0.000000e+000
93  0.000000e+000
94  0.000000e+000
95  0.000000e+000
96  1.272900e+001
97  0.000000e+000
98  4.987800e+001
99  3.047800e+001
100  0.000000e+000
101  0.000000e+000
102  0.000000e+000
103  0.000000e+000
104  0.000000e+000
105  0.000000e+000
106  0.000000e+000
107  0.000000e+000
108  0.000000e+000
109  2.328200e+001
110  1.500000e+000
111  4.765000e+000
112  0.000000e+000
113  0.000000e+000
114  0.000000e+000
115  0.000000e+000
116  0.000000e+000
117  0.000000e+000
118  0.000000e+000
119  2.400000e+001
120  2.039900e+001
121  9.156000e+000
122  3.370000e+001
123  2.100000e+000
124  0.000000e+000
125  0.000000e+000
126  0.000000e+000
127  0.000000e+000
128  0.000000e+000
129  0.000000e+000
130  0.000000e+000
131  0.000000e+000
132  5.850000e+001
133  8.229000e+000
134  4.863200e+001
135  2.000000e-001
136  0.000000e+000
137  0.000000e+000
138  0.000000e+000
139  0.000000e+000
140  0.000000e+000
141  0.000000e+000
142  0.000000e+000
143  2.000000e+000
144  3.471000e+000
   5 
1  4.125000e+000
2  3.262500e+001
3  6.747000e+001
4  0.000000e+000
5  0.000000e+000
6  0.000000e+000
7  0.000000e+000
8  0.000000e+000
9  0.000000e+000
10  0.000000e+000
11  0.000000e+000
12  1.500000e+000
13  3.825000e+000
14  6.862500e+001
15  1.890200e+001
16  0.000000e+000
17  0.000000e+000
18  0.000000e+000
19  0.000000e+000
20  0.000000e+000
21  0.000000e+000
22  0.000000e+000
23  0.000000e+000
24  7.625000e+000
25  0.000000e+000
26  1.282500e+001
27  1.091880e+002
28  0.000000e+000
29  0.000000e+000
30  0.000000e+000
31  0.000000e+000
32  0.000000e+000
33  0.000000e+000
34  0.000000e+000
35  1.457600e+001
36  1.897400e+001
37  2.947500e+001
38  2.918900e+001
39  1.378100e+001
40  0.000000e+000
41  0.000000e+000
42  0.000000e+000
43  0.000000e+000
44  0.000000e+000
45  0.000000e+000
46  0.000000e+000
47  6.100000e+000
48  1.574000e+001
49  2.147700e+001
50  1.800000e+000
51  7.100000e+000
52  0.000000e+000
53  0.000000e+000
54  0.000000e+000
55  0.000000e+000
56  0.000000e+000
57  0.000000e+000
58  0.000000e+000
59  0.000000e+000
60  6.500000e+000
61  3.200000e+000
62  4.200000e+000
63  0.000000e+000
64  0.000000e+000
65  0.000000e+000
66  0.000000e+000
67  0.000000e+000
68  0.000000e+000
69  0.000000e+000
70  0.000000e+000
71  4.000000e-001
72  6.300000e+000
73  9.575000e+000
74  3.686200e+001
75  3.268200e+001
76  5.100000e+000
77  0.000000e+000
78  0.000000e+000
79  0.000000e+000
80  0.000000e+000
81  0.000000e+000
82  0.000000e+000
83  0.000000e+000
84  1.071400e+001
85  0.000000e+000
86  7.945000e+000
87  2.457600e+001
88  6.200000e+000
89  0.000000e+000
90  0.000000e+000
91  0.000000e+000
92  0.000000e+000
93  0.000000e+000
94  0.000000e+000
95  0.000000e+000
96  1.272900e+001
97  0.000000e+000
98  4.987800e+001
99  3.047800e+001
100  0.000000e+000
101  0.000000e+000
102  0.000000e+000
103  0.000000e+000
104  0.000000e+000
105  0.000000e+000
106  0.000000e+000
107  0.000000e+000
108  0.000000e+000
109  2.328200e+001
110  1.500000e+000
111  4.765000e+000
112  0.000000e+000
113  0.000000e+000
114  0.000000e+000
115  0.000000e+000
116  0.000000e+000
117  0.000000e+000
118  0.000000e+000
119  2.400000e+001
120  2.039900e+001
121  9.156000e+000
122  3.370000e+001
123  2.100000e+000
124  0.000000e+000
125  0.000000e+000
126  0.000000e+000
127  0.000000e+000
128  0.000000e+000
129  0.000000e+000
130  0.000000e+000
131  0.000000e+000
132  5.850000e+001
133  8.229000e+000
134  4.863200e+001
135  2.000000e-001
136  0.000000e+000
137  0.000000e+000
138  0.000000e+000
139  0.000000e+000
140  0.000000e+000
141  0.000000e+000
142  0.000000e+000
143  2.000000e+000
144  3.471000e+000
   6 
1  4.125000e+000
2  3.262500e+001
3  6.747000e+001
4  0.000000e+000
5  0.000000e+000
6  0.000000e+000
7  0.000000e+000
8  0.000000e+000
9  0.000000e+000
10  0.000000e+000
11  0.000000e+000
12  1.500000e+000
13  3.825000e+000
14  6.862500e+001
15  1.890200e+001
16  0.000000e+000
17  0.000000e+000
18  0.000000e+000
19  0.000000e+000
20  0.000000e+000
21  0.000000e+000
22  0.000000e+000
23  0.000000e+000
24  7.625000e+000
25  0.000000e+000
26  1.282500e+001
27  1.091880e+002
28  0.000000e+000
29  0.000000e+000
30  0.000000e+000
31  0.000000e+000
32  0.000000e+000
33  0.000000e+000
34  0.000000e+000
35  1.457600e+001
36  1.897400e+001
37  2.947500e+001
38  2.918900e+001
39  1.378100e+001
40  0.000000e+000
41  0.000000e+000
42  0.000000e+000
43  0.000000e+000
44  0.000000e+000
45  0.000000e+000
46  0.000000e+000
47  6.100000e+000
48  1.574000e+001
49  2.147700e+001
50  1.800000e+000
51  7.100000e+000
52  0.000000e+000
53  0.000000e+000
54  0.000000e+000
55  0.000000e+000
56  0.000000e+000
57  0.000000e+000
58  0.000000e+000
59  0.000000e+000
60  6.500000e+000
61  3.200000e+000
62  4.200000e+000
63  0.000000e+000
64  0.000000e+000
65  0.000000e+000
66  0.000000e+000
67  0.000000e+000
68  0.000000e+000
69  0.000000e+000
70  0.000000e+000
71  4.000000e-001
72  6.300000e+000
73  9.575000e+000
74  3.686200e+001
75  3.268200e+001
76  5.100000e+000
77  0.000000e+000
78  0.000000e+000
79  0.000000e+000
80  0.000000e+000
81  0.000000e+000
82  0.000000e+000
83  0.000000e+000
84  1.071400e+001
85  0.000000e+000
86  7.945000e+000
87  2.457600e+001
88  6.200000e+000
89  0.000000e+000
90  0.000000e+000
91  0.000000e+000
92  0.000000e+000
93  0.000000e+000
94  0.000000e+000
95  0.000000e+000
96  1.272900e+001
97  0.000000e+000
98  4.987800e+001
99  3.047800e+001
100  0.000000e+000
101  0.000000e+000
102  0.000000e+000
103  0.000000e+000
104  0.000000e+000
105  0.000000e+000
106  0.000000e+000
107  0.000000e+000
108  0.000000e+000
109  2.328200e+001
110  1.500000e+000
111  4.765000e+000
112  0.000000e+000
113  0.000000e+000
114  0.000000e+000
115  0.000000e+000
116  0.000000e+000
117  0.000000e+000
118  0.000000e+000
119  2.400000e+001
120  2.039900e+001
121  9.156000e+000
122  3.370000e+001
123  2.100000e+000
124  0.000000e+000
125  0.000000e+000
126  0.000000e+000
127  0.000000e+000
128  0.000000e+000
129  0.000000e+000
130  0.000000e+000
131  0.000000e+000
132  5.850000e+001
133  8.229000e+000
134  4.863200e+001
135  2.000000e-001
136  0.000000e+000
137  0.000000e+000
138  0.000000e+000
139  0.000000e+000
140  0.000000e+000
141  0.000000e+000
142  0.000000e+000
143  2.000000e+000
144  3.471000e+000
