   1 
1  7.520000e-001
2  1.343200e+001
3  9.550000e-001
4  6.128000e+000
5  2.260000e-001
6  6.300000e-002
7  3.700000e-002
8  2.100000e-002
9  1.700000e-002
10  7.200000e-002
11  1.070000e-001
12  1.620000e-001
13  1.680000e-001
14  1.810000e-001
15  4.846000e+000
16  7.215000e+000
17  1.744000e+000
18  1.080000e-001
19  4.200000e-002
20  2.800000e-002
21  2.100000e-002
22  1.130000e-001
23  9.100000e-002
24  3.525000e+000
25  1.365900e+001
26  1.845600e+001
27  3.570000e-001
28  3.484000e+000
29  1.114000e+000
30  1.940000e-001
31  5.700000e-002
32  3.600000e-002
33  3.100000e-002
34  2.200000e-002
35  6.400000e-002
36  2.130000e-001
37  7.220000e-001
38  2.017000e+000
39  3.540000e+000
40  1.050000e+000
41  1.531000e+000
42  5.550000e-001
43  7.100000e-002
44  4.200000e-002
45  3.100000e-002
46  4.400000e-002
47  4.560000e+000
48  2.221000e+000
49  7.694000e+000
50  5.229000e+000
51  4.375000e+000
52  7.180000e-001
53  3.290000e-001
54  7.100000e-002
55  3.200000e-002
56  2.400000e-002
57  2.000000e-002
58  8.400000e-002
59  4.072000e+000
60  7.530000e-001
61  7.440000e-001
62  2.700000e-001
63  1.160000e-001
64  1.217000e+000
65  3.030000e-001
66  8.200000e-002
67  4.600000e-002
68  2.200000e-002
69  4.100000e-002
70  5.300000e-002
71  2.100000e-002
72  1.500000e-002
73  1.290000e-001
74  4.700000e-002
75  5.830000e-001
76  8.960000e-001
77  5.000000e-001
78  8.200000e-002
79  2.700000e-002
80  1.700000e-002
81  3.400000e-002
82  1.030000e-001
83  1.410000e-001
84  1.040000e-001
85  5.800000e-002
86  7.276000e+000
87  2.820000e-001
88  9.800000e-002
89  7.330000e-001
90  2.630000e-001
91  1.012000e+000
92  6.500000e-002
93  3.200000e-002
94  2.200000e-002
95  4.120000e-001
96  1.800000e-001
97  4.600000e-002
98  1.040800e+001
99  9.030000e+000
100  1.900000e+000
101  5.110000e-001
102  1.470000e-001
103  8.300000e-002
104  9.800000e-002
105  3.400000e-002
106  4.900000e-002
107  9.300000e-002
108  5.200000e-002
109  2.960000e-001
110  1.220000e-001
111  7.200000e-002
112  1.490000e-001
113  1.010000e-001
114  3.200000e-002
115  3.300000e-002
116  4.500000e-002
117  1.800000e-002
118  2.600000e-002
119  2.090000e-001
120  8.200000e-002
121  1.370000e-001
122  5.580000e-001
123  8.228000e+000
124  4.620000e-001
125  2.160000e-001
126  9.400000e-002
127  3.100000e-002
128  1.700000e-002
129  1.600000e-002
130  7.800000e-002
131  2.120000e-001
132  5.180000e-001
133  2.730000e-001
134  5.600000e-002
135  1.350000e-001
136  1.560000e-001
137  1.720000e-001
138  3.800000e-002
139  1.600000e-002
140  1.200000e-002
141  2.000000e-002
142  2.800000e-002
143  1.210000e-001
144  4.120000e-001
   2 
1  5.850000e-001
2  6.816000e+000
3  6.290000e-001
4  3.596000e+000
5  3.920000e-001
6  1.960000e-001
7  1.570000e-001
8  1.270000e-001
9  1.080000e-001
10  1.550000e-001
11  1.780000e-001
12  2.270000e-001
13  2.060000e-001
14  1.730000e-001
15  2.377000e+000
16  5.070000e+000
17  2.155000e+000
18  1.304000e+000
19  1.129000e+000
20  9.860000e-001
21  8.410000e-001
22  8.620000e-001
23  7.320000e-001
24  1.628000e+000
25  8.055000e+000
26  9.630000e+000
27  9.960000e-001
28  2.664000e+000
29  1.115000e+000
30  5.450000e-001
31  3.750000e-001
32  3.160000e-001
33  2.700000e-001
34  2.410000e-001
35  2.510000e-001
36  3.830000e-001
37  2.330000e-001
38  4.580000e-001
39  1.441000e+000
40  4.700000e-001
41  9.520000e-001
42  3.990000e-001
43  1.750000e-001
44  1.330000e-001
45  1.090000e-001
46  1.150000e-001
47  1.501000e+000
48  1.813000e+000
49  5.359000e+000
50  3.339000e+000
51  3.444000e+000
52  3.032000e+000
53  2.725000e+000
54  2.177000e+000
55  1.956000e+000
56  1.722000e+000
57  1.473000e+000
58  1.412000e+000
59  2.289000e+000
60  1.303000e+000
61  1.102000e+000
62  8.800000e-001
63  8.510000e-001
64  9.990000e-001
65  8.930000e-001
66  5.780000e-001
67  4.980000e-001
68  4.200000e-001
69  3.830000e-001
70  3.650000e-001
71  2.880000e-001
72  2.590000e-001
73  3.450000e-001
74  2.250000e-001
75  6.560000e-001
76  6.480000e-001
77  4.300000e-001
78  1.960000e-001
79  1.310000e-001
80  1.090000e-001
81  1.130000e-001
82  1.750000e-001
83  2.020000e-001
84  1.590000e-001
85  1.070000e-001
86  2.542000e+000
87  2.920000e-001
88  1.480000e-001
89  3.240000e-001
90  3.070000e-001
91  3.520000e-001
92  9.800000e-002
93  6.000000e-002
94  4.800000e-002
95  4.340000e-001
96  2.000000e-001
97  6.300000e-002
98  3.061000e+000
99  4.834000e+000
100  1.458000e+000
101  8.190000e-001
102  6.140000e-001
103  5.060000e-001
104  4.710000e-001
105  3.530000e-001
106  3.400000e-001
107  3.420000e-001
108  2.800000e-001
109  4.970000e-001
110  2.830000e-001
111  2.310000e-001
112  2.850000e-001
113  2.250000e-001
114  1.390000e-001
115  1.300000e-001
116  1.310000e-001
117  9.100000e-002
118  9.300000e-002
119  2.670000e-001
120  1.350000e-001
121  1.830000e-001
122  7.700000e-002
123  3.128000e+000
124  5.580000e-001
125  2.660000e-001
126  1.320000e-001
127  6.500000e-002
128  4.700000e-002
129  4.200000e-002
130  1.010000e-001
131  2.320000e-001
132  3.260000e-001
133  2.930000e-001
134  7.000000e-002
135  1.480000e-001
136  1.670000e-001
137  1.820000e-001
138  4.700000e-002
139  2.400000e-002
140  1.900000e-002
141  2.600000e-002
142  3.400000e-002
143  1.260000e-001
144  4.160000e-001
   3 
1  6.220000e-001
2  1.127600e+001
3  8.920000e-001
4  5.276000e+000
5  3.590000e-001
6  1.610000e-001
7  1.150000e-001
8  8.300000e-002
9  6.300000e-002
10  1.090000e-001
11  1.360000e-001
12  1.850000e-001
13  1.670000e-001
14  1.430000e-001
15  3.980000e+000
16  7.490000e+000
17  3.191000e+000
18  1.476000e+000
19  1.144000e+000
20  8.840000e-001
21  6.680000e-001
22  6.340000e-001
23  4.850000e-001
24  2.809000e+000
25  1.179200e+001
26  1.557600e+001
27  5.880000e-001
28  3.263000e+000
29  1.211000e+000
30  3.720000e-001
31  1.990000e-001
32  1.470000e-001
33  1.140000e-001
34  8.900000e-002
35  1.150000e-001
36  2.520000e-001
37  3.900000e-001
38  1.398000e+000
39  2.796000e+000
40  8.540000e-001
41  1.395000e+000
42  5.300000e-001
43  1.450000e-001
44  9.900000e-002
45  7.400000e-002
46  7.900000e-002
47  3.332000e+000
48  2.443000e+000
49  8.654000e+000
50  6.089000e+000
51  5.588000e+000
52  3.647000e+000
53  2.911000e+000
54  2.066000e+000
55  1.641000e+000
56  1.275000e+000
57  9.650000e-001
58  8.450000e-001
59  3.115000e+000
60  7.650000e-001
61  6.460000e-001
62  4.260000e-001
63  3.720000e-001
64  1.053000e+000
65  4.780000e-001
66  2.110000e-001
67  1.500000e-001
68  1.020000e-001
69  1.020000e-001
70  1.020000e-001
71  5.800000e-002
72  4.500000e-002
73  1.530000e-001
74  6.400000e-002
75  5.170000e-001
76  6.720000e-001
77  4.090000e-001
78  1.130000e-001
79  5.200000e-002
80  3.600000e-002
81  4.900000e-002
82  1.150000e-001
83  1.500000e-001
84  1.110000e-001
85  6.300000e-002
86  5.611000e+000
87  2.750000e-001
88  1.300000e-001
89  4.510000e-001
90  3.060000e-001
91  6.690000e-001
92  1.180000e-001
93  7.100000e-002
94  5.400000e-002
95  4.370000e-001
96  1.990000e-001
97  6.100000e-002
98  7.672000e+000
99  7.779000e+000
100  1.914000e+000
101  7.020000e-001
102  4.000000e-001
103  2.870000e-001
104  2.570000e-001
105  1.530000e-001
106  1.450000e-001
107  1.660000e-001
108  1.110000e-001
109  3.410000e-001
110  1.550000e-001
111  1.000000e-001
112  1.710000e-001
113  1.180000e-001
114  4.600000e-002
115  4.400000e-002
116  5.400000e-002
117  2.400000e-002
118  3.100000e-002
119  2.130000e-001
120  8.500000e-002
121  1.390000e-001
122  2.840000e-001
123  6.386000e+000
124  5.180000e-001
125  2.510000e-001
126  1.190000e-001
127  5.100000e-002
128  3.200000e-002
129  2.800000e-002
130  8.700000e-002
131  2.190000e-001
132  3.710000e-001
133  2.880000e-001
134  6.600000e-002
135  1.430000e-001
136  1.620000e-001
137  1.770000e-001
138  4.200000e-002
139  1.900000e-002
140  1.400000e-002
141  2.200000e-002
142  3.000000e-002
143  1.220000e-001
144  4.120000e-001
   4 
1  4.000000e-001
2  1.957000e+000
3  3.530000e-001
4  1.601000e+000
5  2.530000e-001
6  6.800000e-002
7  3.800000e-002
8  2.200000e-002
9  1.800000e-002
10  7.300000e-002
11  1.080000e-001
12  1.620000e-001
13  1.500000e-001
14  1.280000e-001
15  1.070000e+000
16  3.041000e+000
17  1.811000e+000
18  3.310000e-001
19  4.500000e-002
20  2.900000e-002
21  2.200000e-002
22  1.130000e-001
23  9.100000e-002
24  7.130000e-001
25  2.761000e+000
26  3.207000e+000
27  1.619000e+000
28  1.253000e+000
29  7.140000e-001
30  2.030000e-001
31  5.800000e-002
32  3.600000e-002
33  3.100000e-002
34  2.200000e-002
35  6.400000e-002
36  2.110000e-001
37  8.100000e-002
38  1.290000e-001
39  6.410000e-001
40  3.130000e-001
41  5.240000e-001
42  2.840000e-001
43  7.300000e-002
44  4.300000e-002
45  3.200000e-002
46  4.500000e-002
47  9.410000e-001
48  1.059000e+000
49  5.053000e+000
50  3.350000e+000
51  3.919000e+000
52  3.553000e+000
53  2.056000e+000
54  5.840000e-001
55  4.100000e-002
56  2.700000e-002
57  2.200000e-002
58  8.600000e-002
59  8.050000e-001
60  2.510000e-001
61  2.530000e-001
62  1.350000e-001
63  1.180000e-001
64  2.790000e-001
65  3.190000e-001
66  8.500000e-002
67  4.700000e-002
68  2.200000e-002
69  4.200000e-002
70  5.300000e-002
71  2.200000e-002
72  1.500000e-002
73  1.300000e-001
74  4.700000e-002
75  4.880000e-001
76  5.040000e-001
77  2.980000e-001
78  8.300000e-002
79  2.700000e-002
80  1.800000e-002
81  3.500000e-002
82  1.040000e-001
83  1.410000e-001
84  1.040000e-001
85  5.800000e-002
86  3.410000e-001
87  2.360000e-001
88  1.000000e-001
89  2.800000e-001
90  2.700000e-001
91  3.170000e-001
92  6.700000e-002
93  3.200000e-002
94  2.300000e-002
95  4.130000e-001
96  1.800000e-001
97  4.600000e-002
98  4.350000e-001
99  1.587000e+000
100  8.750000e-001
101  3.360000e-001
102  1.560000e-001
103  8.500000e-002
104  1.000000e-001
105  3.500000e-002
106  4.900000e-002
107  9.400000e-002
108  5.300000e-002
109  2.960000e-001
110  1.230000e-001
111  7.300000e-002
112  1.500000e-001
113  1.020000e-001
114  3.300000e-002
115  3.400000e-002
116  4.600000e-002
117  1.800000e-002
118  2.600000e-002
119  2.100000e-001
120  8.300000e-002
121  1.370000e-001
122  3.900000e-002
123  6.190000e-001
124  5.420000e-001
125  2.280000e-001
126  9.700000e-002
127  3.200000e-002
128  1.800000e-002
129  1.700000e-002
130  7.800000e-002
131  2.130000e-001
132  3.080000e-001
133  2.770000e-001
134  5.700000e-002
135  1.350000e-001
136  1.560000e-001
137  1.720000e-001
138  3.800000e-002
139  1.600000e-002
140  1.200000e-002
141  2.000000e-002
142  2.800000e-002
143  1.210000e-001
144  4.120000e-001
   5 
1  1.000000e+000
2  1.503200e+001
3  1.189000e+000
4  6.948000e+000
5  3.090000e-001
6  1.440000e-001
7  1.170000e-001
8  9.900000e-002
9  9.000000e-002
10  1.440000e-001
11  1.750000e-001
12  2.300000e-001
13  2.660000e-001
14  3.070000e-001
15  5.769000e+000
16  8.389000e+000
17  2.097000e+000
18  1.880000e-001
19  1.280000e-001
20  1.120000e-001
21  9.900000e-002
22  1.900000e-001
23  1.630000e-001
24  4.516000e+000
25  1.492300e+001
26  2.063600e+001
27  5.270000e-001
28  3.961000e+000
29  1.293000e+000
30  2.760000e-001
31  1.430000e-001
32  1.220000e-001
33  1.120000e-001
34  1.030000e-001
35  1.390000e-001
36  3.290000e-001
37  1.134000e+000
38  2.630000e+000
39  4.302000e+000
40  1.359000e+000
41  1.806000e+000
42  7.240000e-001
43  1.520000e-001
44  1.200000e-001
45  1.040000e-001
46  1.170000e-001
47  5.624000e+000
48  2.556000e+000
49  8.269000e+000
50  5.867000e+000
51  5.273000e+000
52  9.400000e-001
53  4.500000e-001
54  1.540000e-001
55  1.180000e-001
56  1.100000e-001
57  1.030000e-001
58  1.940000e-001
59  5.305000e+000
60  7.250000e-001
61  8.050000e-001
62  2.860000e-001
63  1.960000e-001
64  1.565000e+000
65  3.740000e-001
66  1.510000e-001
67  1.160000e-001
68  8.900000e-002
69  1.050000e-001
70  1.170000e-001
71  8.200000e-002
72  7.600000e-002
73  1.920000e-001
74  1.020000e-001
75  7.530000e-001
76  1.181000e+000
77  6.640000e-001
78  1.350000e-001
79  8.100000e-002
80  7.100000e-002
81  8.600000e-002
82  1.560000e-001
83  1.920000e-001
84  1.550000e-001
85  1.090000e-001
86  8.534000e+000
87  4.340000e-001
88  1.620000e-001
89  1.098000e+000
90  3.240000e-001
91  1.490000e+000
92  1.400000e-001
93  1.020000e-001
94  9.200000e-002
95  4.780000e-001
96  2.420000e-001
97  1.030000e-001
98  1.252900e+001
99  1.012800e+001
100  2.211000e+000
101  6.820000e-001
102  2.280000e-001
103  1.650000e-001
104  1.780000e-001
105  1.080000e-001
106  1.220000e-001
107  1.620000e-001
108  1.210000e-001
109  3.630000e-001
110  1.790000e-001
111  1.290000e-001
112  1.990000e-001
113  1.480000e-001
114  7.400000e-002
115  7.200000e-002
116  8.000000e-002
117  4.900000e-002
118  5.400000e-002
119  2.340000e-001
120  1.060000e-001
121  1.580000e-001
122  8.120000e-001
123  9.603000e+000
124  4.830000e-001
125  2.460000e-001
126  1.210000e-001
127  5.700000e-002
128  4.000000e-002
129  3.700000e-002
130  9.700000e-002
131  2.290000e-001
132  6.780000e-001
133  2.890000e-001
134  7.100000e-002
135  1.500000e-001
136  1.700000e-001
137  1.850000e-001
138  4.900000e-002
139  2.700000e-002
140  2.100000e-002
141  2.800000e-002
142  3.600000e-002
143  1.280000e-001
144  4.180000e-001
   6 
1  9.140000e-001
2  1.432800e+001
3  1.182000e+000
4  6.661000e+000
5  3.880000e-001
6  1.940000e-001
7  1.470000e-001
8  1.120000e-001
9  8.900000e-002
10  1.330000e-001
11  1.560000e-001
12  2.030000e-001
13  2.160000e-001
14  2.420000e-001
15  5.372000e+000
16  8.653000e+000
17  3.086000e+000
18  1.090000e+000
19  8.760000e-001
20  7.100000e-001
21  5.630000e-001
22  5.730000e-001
23  4.560000e-001
24  4.251000e+000
25  1.438300e+001
26  1.978500e+001
27  7.290000e-001
28  3.959000e+000
29  1.428000e+000
30  4.070000e-001
31  2.380000e-001
32  1.840000e-001
33  1.490000e-001
34  1.220000e-001
35  1.430000e-001
36  2.960000e-001
37  9.470000e-001
38  2.378000e+000
39  4.007000e+000
40  1.293000e+000
41  1.760000e+000
42  7.190000e-001
43  1.740000e-001
44  1.270000e-001
45  9.800000e-002
46  1.010000e-001
47  5.117000e+000
48  2.591000e+000
49  9.029000e+000
50  6.852000e+000
51  6.413000e+000
52  3.095000e+000
53  2.484000e+000
54  1.807000e+000
55  1.505000e+000
56  1.229000e+000
57  9.770000e-001
58  8.960000e-001
59  5.071000e+000
60  8.470000e-001
61  8.740000e-001
62  5.060000e-001
63  4.560000e-001
64  1.629000e+000
65  5.440000e-001
66  2.740000e-001
67  2.090000e-001
68  1.550000e-001
69  1.470000e-001
70  1.430000e-001
71  9.300000e-002
72  7.500000e-002
73  1.790000e-001
74  8.500000e-002
75  6.820000e-001
76  1.063000e+000
77  6.140000e-001
78  1.340000e-001
79  7.100000e-002
80  5.300000e-002
81  6.200000e-002
82  1.270000e-001
83  1.600000e-001
84  1.190000e-001
85  7.100000e-002
86  7.904000e+000
87  3.690000e-001
88  1.420000e-001
89  9.180000e-001
90  3.180000e-001
91  1.285000e+000
92  1.450000e-001
93  9.500000e-002
94  7.500000e-002
95  4.550000e-001
96  2.160000e-001
97  7.500000e-002
98  1.150500e+001
99  9.716000e+000
100  2.184000e+000
101  7.240000e-001
102  2.990000e-001
103  2.130000e-001
104  2.050000e-001
105  1.190000e-001
106  1.200000e-001
107  1.500000e-001
108  1.010000e-001
109  3.360000e-001
110  1.520000e-001
111  1.000000e-001
112  1.710000e-001
113  1.200000e-001
114  4.700000e-002
115  4.500000e-002
116  5.500000e-002
117  2.600000e-002
118  3.300000e-002
119  2.150000e-001
120  8.700000e-002
121  1.400000e-001
122  6.790000e-001
123  8.918000e+000
124  4.900000e-001
125  2.450000e-001
126  1.180000e-001
127  5.100000e-002
128  3.400000e-002
129  3.000000e-002
130  8.900000e-002
131  2.210000e-001
132  5.960000e-001
133  2.850000e-001
134  6.700000e-002
135  1.450000e-001
136  1.640000e-001
137  1.790000e-001
138  4.300000e-002
139  2.100000e-002
140  1.500000e-002
141  2.300000e-002
142  3.100000e-002
143  1.230000e-001
144  4.130000e-001
