   1 
1  9.000000e-003
2  5.600000e-001
3  7.362000e+000
4  8.873000e+000
5  3.364000e+000
6  1.800000e-002
7  1.600000e-002
8  1.400000e-002
9  1.200000e-002
10  1.200000e-002
11  1.100000e-002
12  1.000000e-002
13  9.000000e-003
14  2.086200e+001
15  7.369000e+000
16  7.458000e+000
17  4.312000e+000
18  7.400000e-002
19  1.700000e-002
20  1.500000e-002
21  1.200000e-002
22  1.300000e-002
23  1.200000e-002
24  4.800000e+000
25  1.982000e+000
26  4.720400e+001
27  7.775000e+000
28  2.585000e+000
29  8.824000e+000
30  1.010000e-001
31  2.300000e-002
32  2.000000e-002
33  1.800000e-002
34  1.700000e-002
35  1.500000e-002
36  1.600000e-002
37  2.945000e+000
38  1.940000e-001
39  4.995000e+000
40  1.700000e-002
41  2.000000e-002
42  1.800000e-002
43  1.700000e-002
44  1.600000e-002
45  1.400000e-002
46  1.300000e-002
47  1.361900e+001
48  1.136400e+001
49  2.524600e+001
50  1.307400e+001
51  1.226300e+001
52  6.118000e+000
53  3.370000e+000
54  3.600000e-002
55  3.200000e-002
56  2.800000e-002
57  2.400000e-002
58  1.150000e-001
59  8.794000e+000
60  1.322600e+001
61  2.137000e+000
62  4.201000e+000
63  3.890000e-001
64  4.120000e-001
65  1.018400e+001
66  7.813000e+000
67  2.900000e-002
68  2.600000e-002
69  2.200000e-002
70  2.000000e-002
71  1.700000e-002
72  1.600000e-002
73  4.400000e-002
74  9.860000e-001
75  7.680000e-001
76  3.131000e+000
77  3.436000e+000
78  2.300000e-002
79  2.100000e-002
80  1.900000e-002
81  1.600000e-002
82  1.600000e-002
83  1.500000e-002
84  1.500000e-002
85  1.299000e+000
86  7.637000e+000
87  1.200000e-002
88  4.610000e-001
89  1.500000e-002
90  1.500000e-002
91  1.500000e-002
92  1.300000e-002
93  1.100000e-002
94  1.100000e-002
95  5.700000e-002
96  1.110000e-001
97  4.781000e+000
98  3.149400e+001
99  2.010200e+001
100  1.499000e+000
101  2.500000e-002
102  2.100000e-002
103  2.000000e-002
104  1.700000e-002
105  1.500000e-002
106  1.400000e-002
107  1.300000e-002
108  1.300000e-002
109  1.300000e-002
110  1.000000e-002
111  1.200000e-002
112  1.300000e-002
113  1.300000e-002
114  1.100000e-002
115  1.000000e-002
116  1.000000e-002
117  9.000000e-003
118  9.000000e-003
119  9.000000e-003
120  9.000000e-003
121  6.440000e-001
122  1.037000e+001
123  1.507500e+001
124  5.323000e+000
125  1.800000e-002
126  1.600000e-002
127  1.400000e-002
128  1.300000e-002
129  1.200000e-002
130  1.300000e-002
131  1.400000e-002
132  1.600000e-002
133  1.600000e-002
134  6.690000e-001
135  1.500000e-002
136  1.600000e-002
137  4.230000e-001
138  1.500000e-002
139  1.500000e-002
140  1.500000e-002
141  1.300000e-002
142  1.300000e-002
143  1.300000e-002
144  1.400000e-002
   2 
1  9.100000e-002
2  7.500000e-002
3  1.938000e+000
4  3.703000e+000
5  1.440000e+000
6  1.340000e-001
7  1.220000e-001
8  1.080000e-001
9  9.200000e-002
10  8.500000e-002
11  7.400000e-002
12  6.700000e-002
13  6.000000e-002
14  1.294100e+001
15  1.012400e+001
16  3.974000e+000
17  1.727000e+000
18  1.380000e-001
19  1.260000e-001
20  1.110000e-001
21  9.500000e-002
22  8.800000e-002
23  7.700000e-002
24  9.020000e-001
25  5.780000e-001
26  3.352700e+001
27  4.791000e+000
28  1.388000e+000
29  6.314000e+000
30  5.570000e-001
31  5.100000e-001
32  4.500000e-001
33  3.870000e-001
34  3.530000e-001
35  3.030000e-001
36  2.790000e-001
37  9.340000e-001
38  2.290000e-001
39  1.043000e+000
40  2.160000e-001
41  2.030000e-001
42  1.740000e-001
43  1.590000e-001
44  1.420000e-001
45  1.220000e-001
46  1.120000e-001
47  3.693000e+000
48  1.079900e+001
49  2.072600e+001
50  1.119800e+001
51  9.943000e+000
52  7.150000e+000
53  6.188000e+000
54  4.793000e+000
55  4.381000e+000
56  3.866000e+000
57  3.309000e+000
58  3.026000e+000
59  5.271000e+000
60  1.049700e+001
61  2.886000e+000
62  2.891000e+000
63  1.734000e+000
64  1.488000e+000
65  7.638000e+000
66  5.679000e+000
67  1.408000e+000
68  1.242000e+000
69  1.063000e+000
70  9.720000e-001
71  8.320000e-001
72  7.600000e-001
73  6.710000e-001
74  6.080000e-001
75  5.370000e-001
76  1.115000e+000
77  1.206000e+000
78  4.070000e-001
79  3.730000e-001
80  3.290000e-001
81  2.820000e-001
82  2.580000e-001
83  2.230000e-001
84  2.050000e-001
85  2.700000e-001
86  2.627000e+000
87  1.740000e-001
88  1.530000e-001
89  1.430000e-001
90  1.230000e-001
91  1.140000e-001
92  1.010000e-001
93  8.600000e-002
94  7.900000e-002
95  7.400000e-002
96  7.200000e-002
97  1.000000e+000
98  1.961900e+001
99  1.316600e+001
100  1.766000e+000
101  1.108000e+000
102  9.490000e-001
103  8.670000e-001
104  7.660000e-001
105  6.550000e-001
106  5.990000e-001
107  5.140000e-001
108  4.710000e-001
109  4.160000e-001
110  3.340000e-001
111  3.300000e-001
112  2.850000e-001
113  2.620000e-001
114  2.240000e-001
115  2.050000e-001
116  1.820000e-001
117  1.560000e-001
118  1.430000e-001
119  1.240000e-001
120  1.140000e-001
121  1.040000e-001
122  4.647000e+000
123  7.736000e+000
124  2.563000e+000
125  1.130000e-001
126  9.600000e-002
127  8.800000e-002
128  7.800000e-002
129  6.800000e-002
130  6.400000e-002
131  5.800000e-002
132  5.600000e-002
133  5.200000e-002
134  5.600000e-002
135  4.500000e-002
136  4.200000e-002
137  4.100000e-002
138  3.600000e-002
139  3.400000e-002
140  3.200000e-002
141  2.700000e-002
142  2.600000e-002
143  2.500000e-002
144  2.400000e-002
   3 
1  1.700000e-002
2  1.980000e-001
3  5.464000e+000
4  7.192000e+000
5  2.821000e+000
6  1.650000e-001
7  1.350000e-001
8  1.070000e-001
9  8.200000e-002
10  6.800000e-002
11  5.400000e-002
12  4.500000e-002
13  3.600000e-002
14  1.843300e+001
15  1.277900e+001
16  5.779000e+000
17  3.146000e+000
18  1.380000e-001
19  1.130000e-001
20  9.000000e-002
21  6.900000e-002
22  5.900000e-002
23  4.700000e-002
24  3.276000e+000
25  1.504000e+000
26  4.334800e+001
27  6.950000e+000
28  2.274000e+000
29  8.132000e+000
30  2.650000e-001
31  2.030000e-001
32  1.610000e-001
33  1.250000e-001
34  1.020000e-001
35  8.000000e-002
36  6.800000e-002
37  2.211000e+000
38  1.580000e-001
39  3.343000e+000
40  1.450000e-001
41  1.240000e-001
42  9.600000e-002
43  8.000000e-002
44  6.500000e-002
45  5.100000e-002
46  4.300000e-002
47  9.830000e+000
48  1.340100e+001
49  2.664700e+001
50  1.469600e+001
51  1.489300e+001
52  1.050500e+001
53  7.675000e+000
54  4.165000e+000
55  3.359000e+000
56  2.599000e+000
57  1.957000e+000
58  1.584000e+000
59  7.191000e+000
60  1.255900e+001
61  2.115000e+000
62  3.632000e+000
63  7.750000e-001
64  6.560000e-001
65  9.323000e+000
66  7.223000e+000
67  4.720000e-001
68  3.680000e-001
69  2.810000e-001
70  2.290000e-001
71  1.750000e-001
72  1.430000e-001
73  1.140000e-001
74  6.690000e-001
75  3.410000e-001
76  2.350000e+000
77  2.511000e+000
78  2.070000e-001
79  1.710000e-001
80  1.350000e-001
81  1.040000e-001
82  8.600000e-002
83  6.800000e-002
84  5.700000e-002
85  8.300000e-001
86  5.985000e+000
87  1.020000e-001
88  2.200000e-001
89  8.700000e-002
90  6.900000e-002
91  5.900000e-002
92  4.700000e-002
93  3.700000e-002
94  3.100000e-002
95  3.100000e-002
96  3.400000e-002
97  3.427000e+000
98  2.805000e+001
99  1.784700e+001
100  1.597000e+000
101  3.640000e-001
102  2.780000e-001
103  2.270000e-001
104  1.790000e-001
105  1.370000e-001
106  1.120000e-001
107  8.700000e-002
108  7.300000e-002
109  5.900000e-002
110  4.400000e-002
111  4.100000e-002
112  3.400000e-002
113  3.100000e-002
114  2.500000e-002
115  2.100000e-002
116  1.800000e-002
117  1.600000e-002
118  1.400000e-002
119  1.300000e-002
120  1.200000e-002
121  2.790000e-001
122  8.624000e+000
123  1.260600e+001
124  4.402000e+000
125  9.900000e-002
126  7.700000e-002
127  6.400000e-002
128  5.100000e-002
129  4.100000e-002
130  3.700000e-002
131  3.200000e-002
132  3.100000e-002
133  2.800000e-002
134  3.850000e-001
135  3.900000e-002
136  3.400000e-002
137  1.460000e-001
138  4.100000e-002
139  3.600000e-002
140  3.100000e-002
141  2.500000e-002
142  2.300000e-002
143  2.100000e-002
144  2.000000e-002
   4 
1  1.100000e-002
2  1.100000e-002
3  1.900000e-002
4  6.160000e-001
5  1.010000e-001
6  2.300000e-002
7  2.100000e-002
8  1.800000e-002
9  1.500000e-002
10  1.400000e-002
11  1.400000e-002
12  1.200000e-002
13  1.100000e-002
14  4.691000e+000
15  3.914000e+000
16  1.690000e+000
17  1.430000e-001
18  2.500000e-002
19  2.300000e-002
20  2.000000e-002
21  1.700000e-002
22  1.700000e-002
23  1.600000e-002
24  2.200000e-002
25  2.300000e-002
26  1.781800e+001
27  1.949000e+000
28  4.460000e-001
29  3.630000e+000
30  1.334000e+000
31  8.700000e-002
32  3.200000e-002
33  2.800000e-002
34  2.600000e-002
35  2.200000e-002
36  2.010000e-001
37  1.800000e-001
38  6.000000e-002
39  2.200000e-002
40  2.200000e-002
41  2.500000e-002
42  2.200000e-002
43  2.000000e-002
44  1.900000e-002
45  1.700000e-002
46  1.600000e-002
47  1.660000e-001
48  7.345000e+000
49  1.530800e+001
50  9.933000e+000
51  1.337800e+001
52  1.058500e+001
53  7.919000e+000
54  4.563000e+000
55  2.281000e+000
56  1.030000e+000
57  1.122000e+000
58  1.266000e+000
59  1.421000e+000
60  4.028000e+000
61  9.930000e-001
62  2.570000e-001
63  3.600000e-002
64  3.500000e-002
65  2.660000e+000
66  8.760000e-001
67  4.100000e-002
68  3.600000e-002
69  3.000000e-002
70  2.800000e-002
71  2.400000e-002
72  2.200000e-002
73  2.000000e-002
74  1.700000e-002
75  2.000000e-002
76  2.400000e-002
77  2.800000e-002
78  2.600000e-002
79  2.500000e-002
80  2.200000e-002
81  1.900000e-002
82  1.800000e-002
83  1.700000e-002
84  1.700000e-002
85  1.600000e-002
86  2.900000e-002
87  1.300000e-002
88  1.600000e-002
89  1.700000e-002
90  1.600000e-002
91  1.600000e-002
92  1.400000e-002
93  1.200000e-002
94  1.100000e-002
95  1.600000e-002
96  1.900000e-002
97  1.700000e-002
98  7.577000e+000
99  7.373000e+000
100  4.033000e+000
101  1.998000e+000
102  1.830000e-001
103  3.000000e-002
104  2.600000e-002
105  2.300000e-002
106  2.100000e-002
107  1.900000e-002
108  1.800000e-002
109  1.700000e-002
110  1.400000e-002
111  1.600000e-002
112  1.600000e-002
113  1.600000e-002
114  1.400000e-002
115  1.300000e-002
116  1.200000e-002
117  1.100000e-002
118  1.000000e-002
119  1.000000e-002
120  1.000000e-002
121  1.100000e-002
122  4.990000e-001
123  2.101000e+000
124  5.060000e-001
125  2.400000e-002
126  2.000000e-002
127  1.900000e-002
128  1.600000e-002
129  1.500000e-002
130  1.600000e-002
131  1.700000e-002
132  1.800000e-002
133  1.900000e-002
134  1.500000e-002
135  1.600000e-002
136  1.700000e-002
137  1.800000e-002
138  1.600000e-002
139  1.600000e-002
140  1.600000e-002
141  1.400000e-002
142  1.400000e-002
143  1.400000e-002
144  1.500000e-002
   5 
1  5.700000e-002
2  1.056000e+000
3  8.840000e+000
4  1.025000e+001
5  3.946000e+000
6  1.010000e-001
7  1.000000e-001
8  9.500000e-002
9  8.900000e-002
10  8.900000e-002
11  8.400000e-002
12  8.300000e-002
13  7.600000e-002
14  2.256400e+001
15  8.477000e+000
16  8.278000e+000
17  4.988000e+000
18  2.230000e-001
19  9.900000e-002
20  9.500000e-002
21  8.800000e-002
22  9.000000e-002
23  8.500000e-002
24  6.084000e+000
25  2.288000e+000
26  4.861400e+001
27  8.079000e+000
28  3.298000e+000
29  9.813000e+000
30  2.470000e-001
31  1.080000e-001
32  1.060000e-001
33  1.010000e-001
34  1.020000e-001
35  9.800000e-002
36  9.900000e-002
37  3.574000e+000
38  4.340000e-001
39  6.425000e+000
40  1.000000e-001
41  1.060000e-001
42  1.010000e-001
43  1.010000e-001
44  9.800000e-002
45  9.100000e-002
46  9.100000e-002
47  1.675300e+001
48  1.148800e+001
49  2.630600e+001
50  1.349200e+001
51  1.378100e+001
52  7.253000e+000
53  4.132000e+000
54  1.390000e-001
55  1.160000e-001
56  1.130000e-001
57  1.130000e-001
58  2.340000e-001
59  1.054900e+001
60  1.332200e+001
61  2.000000e+000
62  3.949000e+000
63  6.810000e-001
64  7.860000e-001
65  1.125800e+001
66  8.668000e+000
67  1.140000e-001
68  1.110000e-001
69  1.040000e-001
70  1.060000e-001
71  1.010000e-001
72  1.210000e-001
73  1.530000e-001
74  1.360000e+000
75  1.445000e+000
76  3.891000e+000
77  4.379000e+000
78  1.060000e-001
79  1.060000e-001
80  1.040000e-001
81  9.900000e-002
82  1.010000e-001
83  9.800000e-002
84  1.000000e-001
85  1.760000e+000
86  6.094000e+000
87  9.700000e-002
88  9.390000e-001
89  1.010000e-001
90  9.800000e-002
91  1.010000e-001
92  9.900000e-002
93  9.500000e-002
94  9.700000e-002
95  2.540000e-001
96  4.180000e-001
97  5.541000e+000
98  3.251600e+001
99  2.191100e+001
100  1.858000e+000
101  1.130000e-001
102  1.040000e-001
103  1.050000e-001
104  1.030000e-001
105  9.800000e-002
106  9.800000e-002
107  9.200000e-002
108  9.300000e-002
109  1.060000e-001
110  7.800000e-002
111  8.000000e-002
112  7.600000e-002
113  7.000000e-002
114  6.200000e-002
115  5.800000e-002
116  5.300000e-002
117  4.700000e-002
118  4.400000e-002
119  4.000000e-002
120  3.700000e-002
121  1.093000e+000
122  1.156600e+001
123  1.693900e+001
124  6.119000e+000
125  9.300000e-002
126  8.600000e-002
127  8.600000e-002
128  8.200000e-002
129  7.300000e-002
130  7.000000e-002
131  6.900000e-002
132  6.500000e-002
133  6.000000e-002
134  9.520000e-001
135  9.300000e-002
136  7.800000e-002
137  8.110000e-001
138  6.600000e-002
139  6.300000e-002
140  5.800000e-002
141  5.000000e-002
142  4.800000e-002
143  4.400000e-002
144  4.300000e-002
   6 
1  2.700000e-002
2  7.870000e-001
3  8.171000e+000
4  9.685000e+000
5  3.791000e+000
6  1.800000e-001
7  1.540000e-001
8  1.270000e-001
9  1.010000e-001
10  8.700000e-002
11  7.100000e-002
12  6.100000e-002
13  5.100000e-002
14  2.174900e+001
15  8.003000e+000
16  8.024000e+000
17  4.788000e+000
18  2.560000e-001
19  1.490000e-001
20  1.230000e-001
21  9.800000e-002
22  8.600000e-002
23  7.000000e-002
24  5.454000e+000
25  2.238000e+000
26  4.818700e+001
27  8.068000e+000
28  3.055000e+000
29  9.473000e+000
30  3.470000e-001
31  2.230000e-001
32  1.840000e-001
33  1.480000e-001
34  1.270000e-001
35  1.020000e-001
36  9.000000e-002
37  3.285000e+000
38  3.780000e-001
39  5.828000e+000
40  1.680000e-001
41  1.490000e-001
42  1.210000e-001
43  1.040000e-001
44  8.700000e-002
45  7.100000e-002
46  6.100000e-002
47  1.525000e+001
48  1.224300e+001
49  2.717100e+001
50  1.476400e+001
51  1.562000e+001
52  1.067400e+001
53  7.556000e+000
54  3.248000e+000
55  2.757000e+000
56  2.230000e+000
57  1.773000e+000
58  1.508000e+000
59  1.029700e+001
60  1.343700e+001
61  2.312000e+000
62  4.782000e+000
63  1.204000e+000
64  1.175000e+000
65  1.130100e+001
66  8.795000e+000
67  5.470000e-001
68  4.490000e-001
69  3.580000e-001
70  3.060000e-001
71  2.440000e-001
72  2.080000e-001
73  1.770000e-001
74  1.267000e+000
75  1.217000e+000
76  3.666000e+000
77  4.101000e+000
78  2.750000e-001
79  2.370000e-001
80  1.950000e-001
81  1.550000e-001
82  1.310000e-001
83  1.070000e-001
84  9.200000e-002
85  1.552000e+000
86  5.725000e+000
87  9.700000e-002
88  7.520000e-001
89  9.700000e-002
90  7.900000e-002
91  6.900000e-002
92  5.700000e-002
93  4.600000e-002
94  4.000000e-002
95  1.380000e-001
96  2.540000e-001
97  5.329000e+000
98  3.223500e+001
99  2.114600e+001
100  1.827000e+000
101  2.110000e-001
102  1.690000e-001
103  1.450000e-001
104  1.200000e-001
105  9.600000e-002
106  8.300000e-002
107  6.800000e-002
108  5.900000e-002
109  5.800000e-002
110  4.100000e-002
111  4.000000e-002
112  3.500000e-002
113  3.200000e-002
114  2.600000e-002
115  2.300000e-002
116  2.000000e-002
117  1.800000e-002
118  1.600000e-002
119  1.500000e-002
120  1.300000e-002
121  8.570000e-001
122  1.102400e+001
123  1.605200e+001
124  5.790000e+000
125  1.280000e-001
126  1.030000e-001
127  8.900000e-002
128  7.400000e-002
129  6.100000e-002
130  5.400000e-002
131  4.800000e-002
132  4.400000e-002
133  4.000000e-002
134  8.190000e-001
135  5.500000e-002
136  5.100000e-002
137  6.300000e-001
138  5.900000e-002
139  5.200000e-002
140  4.500000e-002
141  3.700000e-002
142  3.400000e-002
143  3.000000e-002
144  2.800000e-002
