   1 
1  1.036000e+000
2  4.333000e+000
3  3.890600e+001
4  1.003000e+001
5  7.510000e-001
6  3.600000e-002
7  2.000000e-002
8  1.200000e-002
9  8.000000e-003
10  9.000000e-003
11  2.710000e-001
12  5.490000e-001
13  5.930000e-001
14  6.534000e+000
15  1.460500e+001
16  7.549000e+000
17  2.500000e-001
18  3.200000e-002
19  1.800000e-002
20  1.100000e-002
21  8.000000e-003
22  5.600000e-002
23  4.840000e-001
24  7.700000e-001
25  7.210000e-001
26  4.885000e+000
27  4.764800e+001
28  5.880000e+000
29  6.546000e+000
30  4.980000e-001
31  4.500000e-002
32  2.500000e-002
33  1.010000e-001
34  6.150000e-001
35  1.006000e+000
36  1.184000e+000
37  4.214000e+000
38  1.454600e+001
39  1.301800e+001
40  2.415000e+000
41  5.844000e+000
42  2.660000e-001
43  4.600000e-002
44  2.500000e-002
45  1.400000e-002
46  4.900000e-001
47  2.123000e+000
48  6.590000e+000
49  2.139500e+001
50  1.545800e+001
51  1.230600e+001
52  2.551900e+001
53  1.071200e+001
54  2.286000e+000
55  9.700000e-001
56  8.640000e-001
57  1.356000e+000
58  2.092000e+000
59  1.336200e+001
60  9.093000e+000
61  1.009000e+001
62  7.457000e+000
63  1.246000e+000
64  1.573000e+001
65  1.143700e+001
66  7.528000e+000
67  1.462000e+000
68  1.162000e+000
69  1.591000e+000
70  2.445000e+000
71  2.737000e+000
72  2.921000e+000
73  3.074000e+000
74  5.795000e+000
75  2.731000e+000
76  2.855300e+001
77  1.638000e+000
78  8.310000e-001
79  3.500000e-001
80  2.640000e-001
81  5.930000e-001
82  1.148000e+000
83  1.450000e+000
84  1.677000e+000
85  1.540000e+000
86  1.559000e+000
87  2.122000e+000
88  5.891000e+000
89  1.080000e-001
90  5.500000e-002
91  3.000000e-002
92  1.700000e-002
93  1.100000e-002
94  1.600000e-002
95  6.240000e-001
96  4.500000e-001
97  4.440000e-001
98  3.169100e+001
99  4.064000e+001
100  1.907000e+000
101  2.229000e+000
102  6.600000e-002
103  3.200000e-002
104  1.900000e-002
105  1.200000e-002
106  1.000000e-002
107  1.700000e-002
108  2.180000e-001
109  2.911000e+000
110  1.770000e-001
111  2.900000e-002
112  5.230000e-001
113  3.400000e-002
114  1.800000e-002
115  1.500000e-002
116  1.800000e-002
117  1.700000e-002
118  1.300000e-002
119  9.400000e-001
120  3.265000e+000
121  3.000000e-001
122  9.559000e+000
123  1.633400e+001
124  3.002000e+000
125  5.500000e-002
126  2.700000e-002
127  1.600000e-002
128  1.000000e-002
129  8.000000e-003
130  2.000000e-002
131  3.500000e-002
132  3.387000e+000
133  1.323000e+000
134  1.774200e+001
135  3.500000e-002
136  4.640000e-001
137  2.900000e-002
138  1.500000e-002
139  1.500000e-002
140  1.400000e-002
141  8.000000e-003
142  1.300000e-002
143  1.700000e-002
144  2.600000e-002
   2 
1  1.705000e+000
2  2.330000e+000
3  2.433900e+001
4  8.580000e+000
5  3.873000e+000
6  2.979000e+000
7  2.707000e+000
8  2.382000e+000
9  2.035000e+000
10  1.861000e+000
11  1.603000e+000
12  1.460000e+000
13  1.287000e+000
14  3.159000e+000
15  8.677000e+000
16  7.571000e+000
17  3.566000e+000
18  3.023000e+000
19  2.749000e+000
20  2.420000e+000
21  2.069000e+000
22  1.914000e+000
23  1.643000e+000
24  1.513000e+000
25  1.324000e+000
26  2.285000e+000
27  2.870700e+001
28  5.606000e+000
29  8.193000e+000
30  5.435000e+000
31  4.925000e+000
32  4.329000e+000
33  3.701000e+000
34  3.377000e+000
35  2.907000e+000
36  2.670000e+000
37  2.856000e+000
38  8.541000e+000
39  9.220000e+000
40  3.105000e+000
41  6.564000e+000
42  4.248000e+000
43  3.841000e+000
44  3.373000e+000
45  2.878000e+000
46  2.628000e+000
47  2.349000e+000
48  5.371000e+000
49  1.491700e+001
50  1.364000e+001
51  1.118600e+001
52  2.033000e+001
53  1.405600e+001
54  8.908000e+000
55  8.051000e+000
56  7.086000e+000
57  6.056000e+000
58  5.538000e+000
59  8.115000e+000
60  7.856000e+000
61  8.031000e+000
62  7.126000e+000
63  3.443000e+000
64  1.229000e+001
65  1.130000e+001
66  1.139800e+001
67  9.036000e+000
68  7.939000e+000
69  6.780000e+000
70  6.191000e+000
71  5.313000e+000
72  4.848000e+000
73  4.283000e+000
74  5.096000e+000
75  3.526000e+000
76  2.231600e+001
77  6.679000e+000
78  5.671000e+000
79  5.157000e+000
80  4.540000e+000
81  3.881000e+000
82  3.547000e+000
83  3.046000e+000
84  2.790000e+000
85  2.477000e+000
86  1.994000e+000
87  2.198000e+000
88  3.611000e+000
89  1.607000e+000
90  1.355000e+000
91  1.216000e+000
92  1.064000e+000
93  9.070000e-001
94  8.340000e-001
95  7.850000e-001
96  7.170000e-001
97  6.080000e-001
98  2.060000e+001
99  2.962200e+001
100  4.404000e+000
101  4.736000e+000
102  3.612000e+000
103  3.277000e+000
104  2.881000e+000
105  2.461000e+000
106  2.248000e+000
107  1.932000e+000
108  1.772000e+000
109  2.159000e+000
110  1.285000e+000
111  1.259000e+000
112  1.102000e+000
113  9.960000e-001
114  8.420000e-001
115  7.680000e-001
116  6.820000e-001
117  5.860000e-001
118  5.320000e-001
119  5.210000e-001
120  1.211000e+000
121  4.120000e-001
122  6.232000e+000
123  1.003200e+001
124  2.598000e+000
125  1.136000e+000
126  9.480000e-001
127  8.550000e-001
128  7.490000e-001
129  6.400000e-001
130  5.980000e-001
131  5.290000e-001
132  1.942000e+000
133  1.040000e+000
134  7.910000e+000
135  4.910000e-001
136  4.690000e-001
137  3.850000e-001
138  3.190000e-001
139  2.910000e-001
140  2.570000e-001
141  2.160000e-001
142  2.030000e-001
143  1.800000e-001
144  1.750000e-001
   3 
1  6.180000e-001
2  3.124000e+000
3  3.444000e+001
4  1.102700e+001
5  3.339000e+000
6  2.098000e+000
7  1.683000e+000
8  1.304000e+000
9  9.840000e-001
10  7.960000e-001
11  6.130000e-001
12  4.910000e-001
13  3.770000e-001
14  4.917000e+000
15  1.266900e+001
16  9.769000e+000
17  3.453000e+000
18  2.590000e+000
19  2.081000e+000
20  1.614000e+000
21  1.218000e+000
22  1.000000e+000
23  7.570000e-001
24  6.250000e-001
25  4.790000e-001
26  3.492000e+000
27  4.142900e+001
28  6.995000e+000
29  9.749000e+000
30  5.028000e+000
31  3.997000e+000
32  3.055000e+000
33  2.307000e+000
34  1.858000e+000
35  1.423000e+000
36  1.164000e+000
37  2.843000e+000
38  1.214100e+001
39  1.152400e+001
40  2.925000e+000
41  8.035000e+000
42  4.067000e+000
43  3.253000e+000
44  2.518000e+000
45  1.893000e+000
46  1.504000e+000
47  1.659000e+000
48  5.782000e+000
49  1.987800e+001
50  1.556000e+001
51  1.533400e+001
52  2.782600e+001
53  1.812000e+001
54  9.508000e+000
55  7.307000e+000
56  5.668000e+000
57  4.278000e+000
58  3.457000e+000
59  1.079100e+001
60  7.737000e+000
61  8.415000e+000
62  6.452000e+000
63  1.309000e+000
64  1.582200e+001
65  1.609400e+001
66  1.408300e+001
67  8.676000e+000
68  6.713000e+000
69  5.060000e+000
70  4.065000e+000
71  3.087000e+000
72  2.487000e+000
73  2.055000e+000
74  4.537000e+000
75  1.923000e+000
76  2.785400e+001
77  6.173000e+000
78  4.637000e+000
79  3.702000e+000
80  2.849000e+000
81  2.150000e+000
82  1.737000e+000
83  1.321000e+000
84  1.073000e+000
85  8.520000e-001
86  8.450000e-001
87  1.366000e+000
88  4.719000e+000
89  4.410000e-001
90  3.270000e-001
91  2.490000e-001
92  1.880000e-001
93  1.400000e-001
94  1.200000e-001
95  2.820000e-001
96  1.660000e-001
97  1.110000e-001
98  2.820400e+001
99  3.729100e+001
100  4.904000e+000
101  4.908000e+000
102  2.756000e+000
103  2.204000e+000
104  1.708000e+000
105  1.288000e+000
106  1.039000e+000
107  7.940000e-001
108  6.480000e-001
109  2.356000e+000
110  4.310000e-001
111  3.510000e-001
112  5.190000e-001
113  2.390000e-001
114  1.730000e-001
115  1.400000e-001
116  1.150000e-001
117  9.100000e-002
118  7.200000e-002
119  5.760000e-001
120  2.453000e+000
121  2.230000e-001
122  1.031700e+001
123  1.372600e+001
124  2.863000e+000
125  3.420000e-001
126  2.430000e-001
127  1.900000e-001
128  1.450000e-001
129  1.100000e-001
130  1.020000e-001
131  9.700000e-002
132  2.830000e+000
133  1.168000e+000
134  1.443800e+001
135  3.430000e-001
136  5.500000e-001
137  2.320000e-001
138  1.690000e-001
139  1.380000e-001
140  1.100000e-001
141  8.000000e-002
142  7.200000e-002
143  6.100000e-002
144  6.100000e-002
   4 
1  8.360000e-001
2  4.320000e-001
3  1.085100e+001
4  8.260000e+000
5  5.267000e+000
6  2.676000e+000
7  1.494000e+000
8  6.140000e-001
9  3.840000e-001
10  7.460000e-001
11  6.690000e-001
12  6.700000e-001
13  5.470000e-001
14  4.690000e-001
15  3.721000e+000
16  8.275000e+000
17  4.721000e+000
18  2.511000e+000
19  1.139000e+000
20  3.450000e-001
21  3.250000e-001
22  7.230000e-001
23  6.580000e-001
24  7.490000e-001
25  5.580000e-001
26  2.990000e-001
27  1.080900e+001
28  7.436000e+000
29  1.177000e+001
30  8.487000e+000
31  5.063000e+000
32  3.575000e+000
33  2.662000e+000
34  2.319000e+000
35  2.122000e+000
36  1.953000e+000
37  1.417000e+000
38  2.352000e+000
39  4.044000e+000
40  2.948000e+000
41  6.340000e+000
42  4.601000e+000
43  2.768000e+000
44  1.779000e+000
45  1.182000e+000
46  1.335000e+000
47  1.390000e+000
48  2.790000e+000
49  9.283000e+000
50  1.067700e+001
51  1.317000e+001
52  1.610600e+001
53  1.942200e+001
54  1.201800e+001
55  7.979000e+000
56  5.384000e+000
57  4.335000e+000
58  3.857000e+000
59  3.343000e+000
60  3.889000e+000
61  3.345000e+000
62  4.720000e+000
63  2.209000e+000
64  7.677000e+000
65  1.442700e+001
66  1.374100e+001
67  9.149000e+000
68  6.059000e+000
69  4.761000e+000
70  4.201000e+000
71  3.421000e+000
72  2.891000e+000
73  2.238000e+000
74  1.262000e+000
75  6.600000e-001
76  1.596400e+001
77  7.443000e+000
78  4.147000e+000
79  2.362000e+000
80  1.359000e+000
81  1.024000e+000
82  1.134000e+000
83  1.039000e+000
84  8.870000e-001
85  6.310000e-001
86  3.120000e-001
87  8.600000e-002
88  2.070000e-001
89  9.200000e-002
90  6.000000e-002
91  3.300000e-002
92  2.000000e-002
93  1.300000e-002
94  1.800000e-002
95  8.600000e-002
96  7.800000e-002
97  4.400000e-002
98  8.423000e+000
99  2.281600e+001
100  9.654000e+000
101  7.263000e+000
102  3.688000e+000
103  1.970000e+000
104  1.093000e+000
105  8.340000e-001
106  8.810000e-001
107  8.500000e-001
108  7.200000e-001
109  5.910000e-001
110  1.770000e-001
111  3.300000e-002
112  5.300000e-002
113  3.700000e-002
114  2.100000e-002
115  1.800000e-002
116  2.000000e-002
117  1.900000e-002
118  1.500000e-002
119  6.700000e-002
120  5.400000e-002
121  3.400000e-002
122  1.218000e+000
123  4.708000e+000
124  2.774000e+000
125  1.115000e+000
126  7.400000e-002
127  2.200000e-002
128  1.300000e-002
129  1.000000e-002
130  2.100000e-002
131  3.600000e-002
132  2.180000e-001
133  1.310000e-001
134  1.194000e+000
135  5.500000e-002
136  4.200000e-002
137  3.300000e-002
138  1.700000e-002
139  1.600000e-002
140  1.400000e-002
141  8.000000e-003
142  1.300000e-002
143  1.700000e-002
144  2.600000e-002
   5 
1  1.028000e+000
2  4.977000e+000
3  4.170200e+001
4  1.095000e+001
5  8.530000e-001
6  1.180000e-001
7  1.060000e-001
8  9.800000e-002
9  9.100000e-002
10  1.290000e-001
11  2.190000e-001
12  4.160000e-001
13  4.670000e-001
14  7.482000e+000
15  1.633200e+001
16  8.176000e+000
17  2.110000e-001
18  1.140000e-001
19  1.040000e-001
20  9.700000e-002
21  9.100000e-002
22  1.920000e-001
23  3.350000e-001
24  6.210000e-001
25  5.760000e-001
26  5.655000e+000
27  5.165300e+001
28  6.609000e+000
29  7.123000e+000
30  3.840000e-001
31  1.290000e-001
32  1.260000e-001
33  1.440000e-001
34  4.030000e-001
35  8.810000e-001
36  9.830000e-001
37  4.954000e+000
38  1.266500e+001
39  1.407600e+001
40  3.009000e+000
41  6.489000e+000
42  2.270000e-001
43  1.310000e-001
44  1.100000e-001
45  9.800000e-002
46  4.400000e-001
47  2.518000e+000
48  7.010000e+000
49  2.234300e+001
50  1.571600e+001
51  1.338700e+001
52  2.773600e+001
53  1.159800e+001
54  2.297000e+000
55  8.080000e-001
56  6.850000e-001
57  1.187000e+000
58  1.844000e+000
59  1.513100e+001
60  9.439000e+000
61  1.061800e+001
62  7.682000e+000
63  1.004000e+000
64  1.672700e+001
65  1.313300e+001
66  8.130000e+000
67  1.152000e+000
68  8.540000e-001
69  1.321000e+000
70  1.966000e+000
71  2.269000e+000
72  2.445000e+000
73  2.757000e+000
74  6.234000e+000
75  2.660000e+000
76  3.049200e+001
77  1.351000e+000
78  5.530000e-001
79  1.570000e-001
80  1.310000e-001
81  3.300000e-001
82  8.730000e-001
83  1.131000e+000
84  1.255000e+000
85  1.136000e+000
86  1.371000e+000
87  2.176000e+000
88  6.848000e+000
89  2.560000e-001
90  1.370000e-001
91  1.150000e-001
92  1.030000e-001
93  9.400000e-002
94  1.020000e-001
95  1.133000e+000
96  3.430000e-001
97  3.310000e-001
98  3.369800e+001
99  4.367200e+001
100  2.318000e+000
101  2.683000e+000
102  1.500000e-001
103  1.170000e-001
104  1.050000e-001
105  9.500000e-002
106  1.020000e-001
107  1.160000e-001
108  1.470000e-001
109  3.256000e+000
110  1.760000e-001
111  1.170000e-001
112  8.280000e-001
113  1.190000e-001
114  1.020000e-001
115  1.010000e-001
116  1.020000e-001
117  9.600000e-002
118  9.200000e-002
119  1.445000e+000
120  3.978000e+000
121  5.540000e-001
122  1.079900e+001
123  1.791500e+001
124  3.314000e+000
125  1.400000e-001
126  1.100000e-001
127  1.020000e-001
128  9.600000e-002
129  9.100000e-002
130  1.060000e-001
131  1.170000e-001
132  3.866000e+000
133  1.548000e+000
134  2.022700e+001
135  1.190000e-001
136  6.700000e-001
137  1.140000e-001
138  9.800000e-002
139  1.010000e-001
140  1.000000e-001
141  9.100000e-002
142  9.900000e-002
143  9.900000e-002
144  1.080000e-001
   6 
1  8.990000e-001
2  4.603000e+000
3  4.071600e+001
4  1.187400e+001
5  2.640000e+000
6  1.563000e+000
7  1.316000e+000
8  1.072000e+000
9  8.500000e-001
10  7.230000e-001
11  5.840000e-001
12  4.780000e-001
13  3.900000e-001
14  6.920000e+000
15  1.576900e+001
16  9.751000e+000
17  2.394000e+000
18  1.884000e+000
19  1.590000e+000
20  1.297000e+000
21  1.029000e+000
22  8.970000e-001
23  7.200000e-001
24  6.240000e-001
25  5.020000e-001
26  5.189000e+000
27  4.979200e+001
28  7.100000e+000
29  9.093000e+000
30  3.468000e+000
31  2.871000e+000
32  2.337000e+000
33  1.856000e+000
34  1.564000e+000
35  1.299000e+000
36  1.062000e+000
37  4.486000e+000
38  1.532200e+001
39  1.387200e+001
40  3.369000e+000
41  7.912000e+000
42  2.960000e+000
43  2.492000e+000
44  2.027000e+000
45  1.605000e+000
46  1.360000e+000
47  2.470000e+000
48  6.864000e+000
49  2.219200e+001
50  1.619800e+001
51  1.498900e+001
52  3.034100e+001
53  1.664700e+001
54  7.825000e+000
55  5.961000e+000
56  4.828000e+000
57  3.807000e+000
58  3.226000e+000
59  1.456700e+001
60  9.079000e+000
61  1.015700e+001
62  7.517000e+000
63  1.534000e+000
64  1.722900e+001
65  1.626300e+001
66  1.281600e+001
67  6.583000e+000
68  5.307000e+000
69  4.150000e+000
70  3.518000e+000
71  2.811000e+000
72  2.378000e+000
73  2.295000e+000
74  5.666000e+000
75  2.611000e+000
76  3.085800e+001
77  4.506000e+000
78  3.576000e+000
79  3.016000e+000
80  2.460000e+000
81  1.915000e+000
82  1.605000e+000
83  1.286000e+000
84  1.098000e+000
85  9.150000e-001
86  1.160000e+000
87  2.034000e+000
88  6.708000e+000
89  6.090000e-001
90  4.410000e-001
91  3.580000e-001
92  2.860000e-001
93  2.250000e-001
94  1.970000e-001
95  9.410000e-001
96  2.540000e-001
97  1.790000e-001
98  3.267600e+001
99  4.245700e+001
100  3.319000e+000
101  3.895000e+000
102  1.327000e+000
103  1.103000e+000
104  8.960000e-001
105  7.090000e-001
106  6.010000e-001
107  4.860000e-001
108  4.190000e-001
109  3.133000e+000
110  3.450000e-001
111  2.730000e-001
112  8.310000e-001
113  2.070000e-001
114  1.560000e-001
115  1.320000e-001
116  1.110000e-001
117  9.100000e-002
118  7.600000e-002
119  1.199000e+000
120  3.670000e+000
121  4.730000e-001
122  1.026600e+001
123  1.730900e+001
124  3.369000e+000
125  2.760000e-001
126  2.030000e-001
127  1.650000e-001
128  1.320000e-001
129  1.050000e-001
130  1.020000e-001
131  1.000000e-001
132  3.644000e+000
133  1.460000e+000
134  1.912800e+001
135  3.160000e-001
136  7.620000e-001
137  2.380000e-001
138  1.820000e-001
139  1.560000e-001
140  1.290000e-001
141  1.000000e-001
142  9.100000e-002
143  7.900000e-002
144  7.800000e-002
