Stname           observed       L95PPU         U95PPU         Best_Sim
FLOW_OUT_1     1.380000        0.038748        1.116511        0.194900       
FLOW_OUT_1     1.890000        0.494494        9.256528        2.007000       
FLOW_OUT_1     5.200000        0.035206        1.588217        0.176600       
FLOW_OUT_1     6.730000        0.697873        7.295152        1.486000       
FLOW_OUT_1     2.710000        0.029136        0.490781        0.270800       
FLOW_OUT_1     0.140000        0.010479        0.424437        0.227700       
FLOW_OUT_1     0.030000        0.006200        0.379177        0.198000       
FLOW_OUT_1     0.000000        0.005433        0.341917        0.174600       
FLOW_OUT_1     0.000000        0.004920        0.309632        0.156300       
FLOW_OUT_1     0.190000        0.006489        0.286520        0.146200       
FLOW_OUT_1     0.840000        0.009967        0.260781        0.135300       
FLOW_OUT_1     1.420000        0.016096        0.591090        0.126900       
FLOW_OUT_1     1.040000        0.017054        0.507870        0.116500       
FLOW_OUT_1     1.020000        0.017874        1.448122        0.105200       
FLOW_OUT_1     9.850000        0.267750        6.972984        0.637700       
FLOW_OUT_1     11.070000       0.747052        8.362440        1.891000       
FLOW_OUT_1     1.770000        0.087506        2.495168        0.988100       
FLOW_OUT_1     0.160000        0.031673        0.951550        0.811800       
FLOW_OUT_1     0.080000        0.015628        0.839252        0.715700       
FLOW_OUT_1     0.000000        0.011846        0.745477        0.636700       
FLOW_OUT_1     0.000000        0.010601        0.667125        0.571100       
FLOW_OUT_1     0.190000        0.013757        0.604396        0.519700       
FLOW_OUT_1     0.560000        0.016126        0.546060        0.470700       
FLOW_OUT_1     2.200000        0.052213        6.232688        0.471200       
FLOW_OUT_1     1.510000        0.959482        8.151668        2.997000       
FLOW_OUT_1     1.730000        1.040173        11.921515       3.716000       
FLOW_OUT_1     6.920000        0.054258        0.896360        0.598700       
FLOW_OUT_1     28.280001       0.509305        4.957119        1.268000       
FLOW_OUT_1     18.370001       0.061291        1.509942        0.608700       
FLOW_OUT_1     4.150000        0.027984        0.843163        0.483500       
FLOW_OUT_1     0.110000        0.013830        0.742996        0.422400       
FLOW_OUT_1     0.010000        0.010583        0.660885        0.375400       
FLOW_OUT_1     0.160000        0.009426        0.591325        0.336500       
FLOW_OUT_1     0.920000        0.008472        0.530629        0.303200       
FLOW_OUT_1     1.850000        0.010764        0.480391        0.276700       
FLOW_OUT_1     2.040000        0.023696        1.211834        0.257600       
FLOW_OUT_1     1.800000        0.021300        1.405633        0.226400       
FLOW_OUT_1     2.170000        0.020931        1.871226        0.209200       
FLOW_OUT_1     10.310000       0.052617        5.806818        0.324600       
FLOW_OUT_1     32.169998       0.038706        2.028986        0.191900       
FLOW_OUT_1     17.639999       0.047488        2.462508        0.247500       
FLOW_OUT_1     2.860000        0.029628        0.916359        0.156400       
FLOW_OUT_1     0.150000        0.009042        0.251472        0.125500       
FLOW_OUT_1     0.100000        0.003861        0.227873        0.106800       
FLOW_OUT_1     0.110000        0.003378        0.210562        0.094500       
FLOW_OUT_1     0.690000        0.004545        0.221795        0.087400       
FLOW_OUT_1     3.670000        0.075978        8.463463        0.206800       
FLOW_OUT_1     4.090000        0.184657        2.522256        0.545700       
FLOW_OUT_1     12.840000       0.461076        6.001585        1.709000       
FLOW_OUT_1     5.680000        0.222293        3.449704        1.522000       
FLOW_OUT_1     30.340000       0.144685        5.836826        1.392000       
FLOW_OUT_1     21.820000       0.062099        1.734206        1.685000       
FLOW_OUT_1     4.240000        0.048351        1.585352        1.519000       
FLOW_OUT_1     0.670000        0.029271        1.406661        1.350000       
FLOW_OUT_1     0.160000        0.020118        1.251194        1.204000       
FLOW_OUT_1     0.080000        0.017715        1.116045        1.063000       
FLOW_OUT_1     0.270000        0.015888        1.000755        0.953400       
FLOW_OUT_1     0.970000        0.017201        0.902786        0.861600       
FLOW_OUT_1     6.450000        0.061812        8.844076        0.844700       
FLOW_OUT_1     1.110000        0.045150        0.760322        0.730500       
FLOW_OUT_1     0.890000        0.037030        0.922708        0.646800       
FLOW_OUT_1     2.050000        0.027344        0.645729        0.579900       
FLOW_OUT_1     6.180000        0.019838        0.595688        0.517400       
FLOW_OUT_1     10.860000       0.059521        2.728103        0.472300       
FLOW_OUT_1     5.540000        0.026912        0.520152        0.427900       
FLOW_OUT_1     7.060000        0.012353        0.471930        0.371900       
FLOW_OUT_1     0.200000        0.007051        0.434033        0.327300       
FLOW_OUT_1     0.000000        0.006434        0.401022        0.289100       
FLOW_OUT_1     0.090000        0.006198        0.376628        0.261700       
FLOW_OUT_1     1.070000        0.006864        0.355937        0.239200       
FLOW_OUT_1     1.650000        0.006628        0.332758        0.215200       
FLOW_OUT_1     1.980000        0.006928        0.311296        0.193800       
FLOW_OUT_1     1.930000        0.012606        0.295979        0.180100       
FLOW_OUT_1     2.980000        0.008798        0.270696        0.159200       
FLOW_OUT_1     4.750000        0.029861        1.812658        0.165200       
FLOW_OUT_1     17.879999       0.038488        2.627500        0.159100       
FLOW_OUT_1     9.790000        0.026753        1.088382        0.135500       
FLOW_OUT_1     0.850000        0.010013        0.209319        0.107300       
FLOW_OUT_1     1.090000        0.003077        0.186258        0.087200       
FLOW_OUT_1     0.050000        0.002730        0.170170        0.074200       
FLOW_OUT_1     0.000000        0.002636        0.160543        0.068100       
FLOW_OUT_1     1.040000        0.005735        0.157012        0.068400       
FLOW_OUT_1     1.980000        0.011683        0.153108        0.068000       
FLOW_OUT_1     1.950000        0.011317        0.143370        0.061800       
FLOW_OUT_1     1.840000        0.008875        0.132001        0.054000       
FLOW_OUT_1     2.770000        0.061908        5.857151        0.503700       
FLOW_OUT_1     3.580000        0.016653        0.870133        0.057300       
FLOW_OUT_1     10.160000       0.007413        0.109395        0.043700       
FLOW_OUT_1     2.840000        0.013944        2.950252        0.043200       
FLOW_OUT_1     0.320000        0.014133        0.223725        0.043200       
FLOW_OUT_1     2.050000        0.020173        3.034460        0.042900       
FLOW_OUT_1     0.000000        0.003981        0.080028        0.027100       
FLOW_OUT_1     0.000000        0.001631        0.072404        0.022100       
FLOW_OUT_1     0.230000        0.001274        0.067395        0.019600       
FLOW_OUT_1     0.700000        0.026150        0.968889        0.042800       
FLOW_OUT_1     0.880000        0.019361        0.078879        0.034900       
FLOW_OUT_1     2.070000        0.011496        0.105922        0.025100       
FLOW_OUT_1     1.800000        0.059525        11.457105       0.574000       
FLOW_OUT_1     11.490000       0.335561        7.122616        1.598000       
FLOW_OUT_1     8.530000        0.112299        2.782004        0.614900       
FLOW_OUT_1     2.710000        0.035818        0.844145        0.429100       
FLOW_OUT_1     0.540000        0.016457        0.465153        0.373200       
FLOW_OUT_1     0.000000        0.008148        0.409412        0.328100       
FLOW_OUT_1     0.000000        0.006621        0.364525        0.292500       
FLOW_OUT_1     0.000000        0.005176        0.325114        0.261300       
FLOW_OUT_1     0.250000        0.005743        0.294683        0.236900       
FLOW_OUT_1     0.770000        0.009218        0.271679        0.217200       
FLOW_OUT_1     1.050000        0.008861        0.246921        0.195500       
FLOW_OUT_1     1.190000        0.027569        1.256278        0.188100       
FLOW_OUT_1     1.440000        0.016473        0.209634        0.167100       
FLOW_OUT_1     1.330000        0.009047        0.184522        0.144700       
FLOW_OUT_1     1.380000        0.008358        0.171549        0.130000       
FLOW_OUT_1     0.230000        0.003532        0.154068        0.111800       
FLOW_OUT_1     0.210000        0.002180        0.135856        0.093700       
FLOW_OUT_1     0.090000        0.001998        0.124542        0.082000       
FLOW_OUT_1     0.080000        0.001845        0.115005        0.072500       
FLOW_OUT_1     0.000000        0.001746        0.108834        0.066900       
FLOW_OUT_1     0.020000        0.001736        0.103229        0.062000       
FLOW_OUT_1     0.720000        0.013888        0.481974        0.069800       
FLOW_OUT_1     1.220000        0.010169        0.100704        0.061100       
FLOW_OUT_1     1.330000        0.012739        0.136371        0.057700       
FLOW_OUT_1     0.980000        0.006530        0.565758        0.047400       
FLOW_OUT_1     3.270000        0.082979        10.226363       0.771700       
FLOW_OUT_1     2.240000        0.036485        0.251593        0.074500       
FLOW_OUT_1     0.330000        0.020600        0.290718        0.054100       
FLOW_OUT_1     0.130000        0.006053        0.068134        0.036900       
FLOW_OUT_1     0.000000        0.000890        0.054801        0.024200       
FLOW_OUT_1     0.000000        0.000781        0.048676        0.019000       
FLOW_OUT_1     0.000000        0.000745        0.046451        0.017900       
FLOW_OUT_1     0.290000        0.002367        0.049285        0.022500       
FLOW_OUT_1     0.430000        0.013945        0.758555        0.031800       
FLOW_OUT_1     0.650000        0.022840        1.572065        0.037100       
FLOW_OUT_1     1.230000        0.025711        0.063808        0.040300       
FLOW_OUT_1     1.030000        0.012119        0.047640        0.025100       
FLOW_OUT_1     2.350000        0.008477        0.579842        0.019900       
FLOW_OUT_1     0.730000        0.007470        0.039974        0.017800       
FLOW_OUT_1     0.480000        0.005962        0.036446        0.015200       
FLOW_OUT_1     0.110000        0.000183        0.022955        0.003900       
FLOW_OUT_1     0.000000        0.000058        0.017820        0.000600       
FLOW_OUT_1     0.000000        0.000030        0.014582        0.000000       
FLOW_OUT_1     0.000000        0.000052        0.015879        0.000400       
FLOW_OUT_3     46.270000       0.988634        59.644913       17.629999      
FLOW_OUT_3     59.360001       40.393986       238.029129      79.540001      
FLOW_OUT_3     143.550003      45.054573       411.096008      116.800003     
FLOW_OUT_3     233.869995      18.623238       304.215210      49.860001      
FLOW_OUT_3     91.639999       3.056060        50.119682       18.510000      
FLOW_OUT_3     6.960000        0.093450        23.424803       8.287000       
FLOW_OUT_3     0.970000        0.078038        19.561398       5.885000       
FLOW_OUT_3     0.480000        0.066525        16.675602       4.634000       
FLOW_OUT_3     0.850000        0.063337        15.918825       5.146000       
FLOW_OUT_3     10.820000       0.094400        17.822720       8.230000       
FLOW_OUT_3     28.090000       0.456675        56.018803       9.146000       
FLOW_OUT_3     40.009998       4.508950        29.785597       16.280001      
FLOW_OUT_3     48.169998       0.421402        17.895424       9.446000       
FLOW_OUT_3     56.700001       58.131382       332.855194      103.699997     
FLOW_OUT_3     213.419998      29.838017       441.995178      71.389999      
FLOW_OUT_3     329.299988      24.030407       308.235992      60.950001      
FLOW_OUT_3     72.669998       8.270170        107.709755      33.330002      
FLOW_OUT_3     10.330000       0.714059        31.765146       17.510000      
FLOW_OUT_3     2.970000        0.108400        20.379198       9.705000       
FLOW_OUT_3     0.720000        0.093450        17.568604       8.109000       
FLOW_OUT_3     3.100000        0.092300        17.398548       9.026000       
FLOW_OUT_3     22.889999       0.169050        21.074900       11.880000      
FLOW_OUT_3     36.410000       16.075701       146.617569      35.980000      
FLOW_OUT_3     72.680000       1.346590        141.266541      15.560000      
FLOW_OUT_3     66.180000       33.803974       143.456665      69.500000      
FLOW_OUT_3     97.110001       85.651947       501.077637      192.100006     
FLOW_OUT_3     150.589996      98.979019       411.989838      181.800003     
FLOW_OUT_3     458.170013      54.839970       343.727997      92.779999      
FLOW_OUT_3     423.709991      12.464025       193.405182      57.110001      
FLOW_OUT_3     241.699997      0.470175        57.674805       35.669998      
FLOW_OUT_3     43.450001       0.263250        49.227749       28.549999      
FLOW_OUT_3     15.970000       0.238550        44.966675       26.330000      
FLOW_OUT_3     23.639999       0.219300        41.338055       24.840000      
FLOW_OUT_3     40.430000       0.209350        39.462475       24.620001      
FLOW_OUT_3     57.029999       8.989010        137.077255      35.950001      
FLOW_OUT_3     72.389999       9.463060        72.635681       39.389999      
FLOW_OUT_3     61.619999       12.946100       128.626892      46.230000      
FLOW_OUT_3     77.900002       50.079727       222.468796      90.489998      
FLOW_OUT_3     173.649994      24.991838       305.001587      59.759998      
FLOW_OUT_3     415.100006      16.698050       195.770401      44.700001      
FLOW_OUT_3     277.350006      9.528550        196.474380      43.689999      
FLOW_OUT_3     73.370003       0.648900        40.664402       25.809999      
FLOW_OUT_3     10.470000       0.181600        34.231598       20.559999      
FLOW_OUT_3     13.220000       0.160700        30.291952       18.100000      
FLOW_OUT_3     10.850000       0.148550        28.001677       17.280001      
FLOW_OUT_3     23.260000       0.148350        28.008476       18.580000      
FLOW_OUT_3     129.690002      1.329529        357.663757      23.430000      
FLOW_OUT_3     138.770004      19.180201       173.645584      49.630001      
FLOW_OUT_3     201.979996      52.893459       341.357574      117.599998     
FLOW_OUT_3     155.270004      68.492256       237.631943      127.099998     
FLOW_OUT_3     448.420013      22.539850       313.940826      86.309998      
FLOW_OUT_3     459.179993      52.164650       340.235138      132.100006     
FLOW_OUT_3     226.210007      23.165300       239.478394      107.699997     
FLOW_OUT_3     59.330002       1.348050        84.702477       64.889999      
FLOW_OUT_3     16.129999       0.382950        72.186073       54.869999      
FLOW_OUT_3     4.810000        0.337150        63.552776       48.270000      
FLOW_OUT_3     16.580000       0.314950        59.462559       46.400002      
FLOW_OUT_3     62.240002       0.447150        56.281273       44.889999      
FLOW_OUT_3     256.359985      74.100853       741.279175      142.800003     
FLOW_OUT_3     122.720001      26.984400       103.307579      87.570000      
FLOW_OUT_3     115.000000      35.847252       121.545265      91.400002      
FLOW_OUT_3     146.210007      23.386148       173.987213      74.110001      
FLOW_OUT_3     225.839996      0.877650        55.145672       41.689999      
FLOW_OUT_3     340.769989      28.192400       363.187134      87.690002      
FLOW_OUT_3     326.320007      36.624001       309.571991      115.000000     
FLOW_OUT_3     197.050003      9.460835        163.300873      85.830002      
FLOW_OUT_3     31.150000       0.412500        77.756248       62.009998      
FLOW_OUT_3     11.440000       0.360050        67.869423       55.169998      
FLOW_OUT_3     19.100000       0.335050        63.156925       52.209999      
FLOW_OUT_3     44.599998       0.473700        59.686207       50.029999      
FLOW_OUT_3     50.490002       0.877950        55.352657       47.130001      
FLOW_OUT_3     55.730000       0.413175        52.099396       43.500000      
FLOW_OUT_3     69.220001       0.771150        48.582443       39.450001      
FLOW_OUT_3     111.110001      11.507306       180.097015      50.880001      
FLOW_OUT_3     155.419998      31.400450       178.037613      68.839996      
FLOW_OUT_3     631.669983      95.072891       576.363098      168.399994     
FLOW_OUT_3     255.000000      1.308435        75.804680       49.480000      
FLOW_OUT_3     26.420000       0.405225        50.923275       38.750000      
FLOW_OUT_3     17.910000       0.230100        43.442890       32.820000      
FLOW_OUT_3     6.510000        0.201000        37.989002       28.370001      
FLOW_OUT_3     17.540001       0.192250        36.335251       27.400000      
FLOW_OUT_3     36.080002       0.295950        37.289696       27.650000      
FLOW_OUT_3     52.349998       0.585150        36.766922       26.760000      
FLOW_OUT_3     59.099998       0.558600        34.819408       24.680000      
FLOW_OUT_3     55.590000       0.519900        32.407097       22.209999      
FLOW_OUT_3     60.889999       9.811180        143.943024      37.169998      
FLOW_OUT_3     88.389999       1.003200        61.529594       17.540001      
FLOW_OUT_3     219.330002      2.311942        210.469727      18.580000      
FLOW_OUT_3     134.919998      0.348563        85.513992       7.219000       
FLOW_OUT_3     31.590000       0.063200        11.818401       2.047000       
FLOW_OUT_3     14.520000       0.089006        43.672405       0.340100       
FLOW_OUT_3     0.420000        0.021338        7.980225        0.000000       
FLOW_OUT_3     2.000000        0.042188        10.518750       1.299000       
FLOW_OUT_3     14.250000       0.064500        12.061501       3.294000       
FLOW_OUT_3     58.400002       0.272625        133.768005      6.054000       
FLOW_OUT_3     53.360001       0.363900        44.638409       6.325000       
FLOW_OUT_3     52.180000       1.104041        29.867386       8.336000       
FLOW_OUT_3     83.910004       47.364651       541.459106      181.600006     
FLOW_OUT_3     305.769989      138.830429      794.363892      261.600006     
FLOW_OUT_3     497.130005      3.588930        121.295044      33.349998      
FLOW_OUT_3     184.199997      1.314386        79.792694       28.209999      
FLOW_OUT_3     30.969999       0.197050        36.848351       19.230000      
FLOW_OUT_3     4.650000        0.167250        31.275749       15.420000      
FLOW_OUT_3     5.040000        0.145850        27.419800       13.340000      
FLOW_OUT_3     5.600000        0.138650        26.066202       13.720000      
FLOW_OUT_3     20.709999       0.137950        26.003578       14.850000      
FLOW_OUT_3     38.689999       0.202125        25.440800       15.370000      
FLOW_OUT_3     40.400002       0.189000        23.788803       14.850000      
FLOW_OUT_3     48.580002       1.924718        117.944122      16.290001      
FLOW_OUT_3     56.580002       0.880153        42.730522       12.590000      
FLOW_OUT_3     57.889999       2.340145        45.366558       11.830000      
FLOW_OUT_3     60.840000       1.456520        71.091675       8.499000       
FLOW_OUT_3     13.460000       0.031414        7.706840        0.966900       
FLOW_OUT_3     1.590000        0.012921        3.962440        0.000000       
FLOW_OUT_3     2.690000        0.010404        3.190560        0.000000       
FLOW_OUT_3     4.980000        0.007331        3.147320        0.000000       
FLOW_OUT_3     2.630000        0.011828        4.352520        0.000000       
FLOW_OUT_3     6.330000        0.021183        6.496120        0.454200       
FLOW_OUT_3     19.650000       0.171750        105.339989      3.191000       
FLOW_OUT_3     26.809999       2.777225        56.808796       11.400000      
FLOW_OUT_3     29.209999       2.865102        63.824715       9.396000       
FLOW_OUT_3     32.029999       22.544500       225.642990      72.769997      
FLOW_OUT_3     111.699997      20.720482       522.396790      61.110001      
FLOW_OUT_3     127.099998      2.279120        121.326881      15.450000      
FLOW_OUT_3     23.690001       0.055700        10.248802       2.574000       
FLOW_OUT_3     2.260000        0.018873        5.787719        0.036800       
FLOW_OUT_3     0.550000        0.008298        3.053480        0.000000       
FLOW_OUT_3     0.270000        0.008937        2.740680        0.000000       
FLOW_OUT_3     0.220000        0.012759        3.997819        0.006500       
FLOW_OUT_3     0.770000        0.037230        7.017855        2.178000       
FLOW_OUT_3     10.320000       0.179150        32.963600       4.030000       
FLOW_OUT_3     25.840000       0.189810        89.694283       6.689000       
FLOW_OUT_3     30.219999       2.523070        23.100960       8.051000       
FLOW_OUT_3     39.669998       7.262719        196.236389      33.040001      
FLOW_OUT_3     70.370003       0.065181        38.584969       0.711200       
FLOW_OUT_3     47.970001       0.051690        31.703194       0.000000       
FLOW_OUT_3     13.910000       0.012007        8.100600        0.000000       
FLOW_OUT_3     0.350000        0.000000        0.000000        0.000000       
FLOW_OUT_3     0.250000        0.000000        0.000000        0.000000       
FLOW_OUT_3     0.200000        0.000000        0.000000        0.000000       
FLOW_OUT_3     0.190000        0.000000        0.000000        0.000000       
FLOW_OUT_7     2.080000        0.447825        54.933205       9.313000       
FLOW_OUT_7     12.510000       4.456905        21.869745       16.129999      
FLOW_OUT_7     22.180000       0.355694        16.289515       9.129000       
FLOW_OUT_7     44.610001       57.760727       315.072754      103.500000     
FLOW_OUT_7     35.090000       29.470512       377.384827      69.540001      
FLOW_OUT_7     53.520000       21.773193       238.790375      54.669998      
FLOW_OUT_7     85.519997       8.206930        87.179031       31.330000      
FLOW_OUT_7     373.470001      0.944886        32.353542       16.980000      
FLOW_OUT_7     306.000000      0.105750        19.880999       9.789000       
FLOW_OUT_7     113.190002      0.091350        17.173800       8.234000       
FLOW_OUT_7     23.120001       0.088700        16.719950       8.839000       
FLOW_OUT_7     5.820000        0.168000        20.608000       10.930000      
FLOW_OUT_7     20.209999       16.244026       146.171204      34.689999      
FLOW_OUT_7     28.910000       1.828045        82.737747       13.750000      
FLOW_OUT_7     37.340000       29.831539       83.123299       51.520000      
FLOW_OUT_7     50.110001       81.530518       408.752655      171.199997     
FLOW_OUT_7     54.509998       95.812805       406.447235      179.899994     
FLOW_OUT_7     60.209999       53.774807       300.961609      88.910004      
FLOW_OUT_7     125.029999      12.561299       180.366379      56.270000      
FLOW_OUT_7     192.000000      0.462900        56.782402       36.160000      
FLOW_OUT_7     157.570007      0.262350        49.059456       29.520000      
FLOW_OUT_7     52.119999       0.237000        44.674503       27.070000      
FLOW_OUT_7     7.700000        0.216800        40.866798       25.330000      
FLOW_OUT_7     10.060000       0.204850        38.614227       24.690001      
FLOW_OUT_7     8.250000        9.141126        136.813995      35.439999      
FLOW_OUT_7     14.400000       9.275305        59.491028       38.570000      
FLOW_OUT_7     66.620003       12.979600       118.448395      45.360001      
FLOW_OUT_7     88.949997       50.271400       208.595154      90.059998      
FLOW_OUT_7     138.669998      25.629087       250.192810      59.439999      
FLOW_OUT_7     122.690002      16.591850       178.396774      45.130001      
FLOW_OUT_7     285.640015      9.719320        173.060944      44.430000      
FLOW_OUT_7     254.139999      0.667500        41.830002       27.170000      
FLOW_OUT_7     151.619995      0.188400        35.513401       22.020000      
FLOW_OUT_7     48.040001       0.167000        31.479502       19.459999      
FLOW_OUT_7     14.620000       0.153600        28.953602       18.379999      
FLOW_OUT_7     5.410000        0.150650        28.442722       19.160000      
FLOW_OUT_7     12.660000       1.179906        276.978333      22.950001      
FLOW_OUT_7     37.650002       18.002199       149.661636      47.259998      
FLOW_OUT_7     109.150002      49.971836       290.624756      108.300003     
FLOW_OUT_7     67.889999       67.158859       211.037613      119.000000     
FLOW_OUT_7     77.660004       22.027901       262.631195      81.089996      
FLOW_OUT_7     112.949997      52.102200       328.561584      126.500000     
FLOW_OUT_7     146.029999      23.658350       231.708786      103.400002     
FLOW_OUT_7     244.229996      1.293600        81.281197       61.939999      
FLOW_OUT_7     272.320007      0.369200        69.594193       52.720001      
FLOW_OUT_7     184.839996      0.325350        61.328472       46.520000      
FLOW_OUT_7     25.330000       0.302050        57.027039       44.349998      
FLOW_OUT_7     14.940000       0.425025        53.496479       42.419998      
FLOW_OUT_7     13.710000       74.343719       658.867981      139.699997     
FLOW_OUT_7     34.990002       26.908150       101.621368      84.660004      
FLOW_OUT_7     42.610001       35.991753       118.285759      88.980003      
FLOW_OUT_7     46.639999       23.511150       169.587189      72.279999      
FLOW_OUT_7     51.619999       0.858600        53.948696       40.599998      
FLOW_OUT_7     75.379997       28.570051       338.686371      87.160004      
FLOW_OUT_7     105.970001      37.264252       309.623993      115.400002     
FLOW_OUT_7     353.000000      9.809795        164.431717      86.639999      
FLOW_OUT_7     175.979996      0.417650        78.727028       63.080002      
FLOW_OUT_7     27.830000       0.365500        68.896759       56.330002      
FLOW_OUT_7     24.930000       0.338400        63.788406       52.860001      
FLOW_OUT_7     3.530000        0.474750        59.818501       50.259998      
FLOW_OUT_7     8.890000        0.872700        55.021660       46.950001      
FLOW_OUT_7     30.360001       0.405675        51.153687       43.150002      
FLOW_OUT_7     37.720001       0.756600        47.665791       39.020000      
FLOW_OUT_7     40.000000       11.652010       179.741272      50.740002      
FLOW_OUT_7     43.650002       31.352652       155.799210      68.959999      
FLOW_OUT_7     42.340000       95.706474       549.370361      168.800003     
FLOW_OUT_7     52.340000       1.361224        67.494011       50.610001      
FLOW_OUT_7     139.320007      0.416025        52.280476       40.230000      
FLOW_OUT_7     74.980003       0.237800        44.896645       34.340000      
FLOW_OUT_7     18.090000       0.208350        39.378147       29.860001      
FLOW_OUT_7     8.580000        0.197150        37.261353       28.450001      
FLOW_OUT_7     0.320000        0.597150        37.620453       28.200001      
FLOW_OUT_7     2.390000        0.585300        36.776352       27.010000      
FLOW_OUT_7     8.920000        0.555750        34.827003       24.830000      
FLOW_OUT_7     34.740002       0.517800        32.276199       22.330000      
FLOW_OUT_7     33.070000       6.401120        81.161354       30.830000      
FLOW_OUT_7     34.290001       0.871950        53.479599       17.900000      
FLOW_OUT_7     55.840000       2.569680        210.671326      19.469999      
FLOW_OUT_7     198.839996      0.494625        60.674004       8.366000       
FLOW_OUT_7     308.329987      0.052800        13.164801       3.467000       
FLOW_OUT_7     125.529999      0.079100        14.554399       1.255000       
FLOW_OUT_7     38.580002       0.029976        9.342520        0.055700       
FLOW_OUT_7     5.960000        0.045975        11.463099       2.282000       
FLOW_OUT_7     4.310000        0.067700        12.659901       4.022000       
FLOW_OUT_7     5.180000        0.247875        121.624008      6.284000       
FLOW_OUT_7     15.410000       0.356850        43.773598       6.462000       
FLOW_OUT_7     23.180000       1.178225        28.522799       8.394000       
FLOW_OUT_7     25.400000       47.281532       448.516815      178.600006     
FLOW_OUT_7     30.809999       138.326492      735.251892      254.100006     
FLOW_OUT_7     32.810001       3.322995        97.201355       32.529999      
FLOW_OUT_7     35.470001       1.200020        72.515831       28.540001      
FLOW_OUT_7     33.680000       0.201150        37.816196       20.290001      
FLOW_OUT_7     10.440000       0.171850        32.135952       16.590000      
FLOW_OUT_7     0.750000        0.150500        28.294001       14.440000      
FLOW_OUT_7     3.830000        0.141400        26.653898       14.440000      
FLOW_OUT_7     2.030000        0.138200        26.050699       15.120000      
FLOW_OUT_7     1.580000        0.199350        25.091524       15.270000      
FLOW_OUT_7     4.550000        0.185025        23.288477       14.490000      
FLOW_OUT_7     9.700000        1.702217        103.225548      15.850000      
FLOW_OUT_7     14.480000       0.963787        41.965534       12.620000      
FLOW_OUT_7     16.940001       2.525755        45.528645       12.200000      
FLOW_OUT_7     23.990000       1.856365        71.007439       9.229000       
FLOW_OUT_7     69.919998       0.035775        8.776800        1.903000       
FLOW_OUT_7     63.209999       0.017490        5.363600        0.000000       
FLOW_OUT_7     15.770000       0.018491        4.536520        0.000000       
FLOW_OUT_7     3.850000        0.012054        3.756830        0.000000       
FLOW_OUT_7     1.260000        0.017322        5.312080        0.001200       
FLOW_OUT_7     0.340000        0.028838        7.190150        0.855500       
FLOW_OUT_7     0.400000        0.162150        99.451973       3.437000       
FLOW_OUT_7     0.620000        2.893432        56.634155       11.430000      
FLOW_OUT_7     7.900000        3.024710        61.271275       9.531000       
FLOW_OUT_7     0.980000        22.730501       220.607010      73.019997      
FLOW_OUT_7     3.270000        21.053984       430.988831      58.459999      
FLOW_OUT_7     2.240000        2.728828        118.695351      16.309999      
FLOW_OUT_7     0.330000        0.062050        11.417201       3.723000       
FLOW_OUT_7     0.130000        0.023469        7.314505        0.468000       
FLOW_OUT_7     0.000000        0.014943        4.582520        0.000000       
FLOW_OUT_7     0.000000        0.013461        4.195345        0.000000       
FLOW_OUT_7     0.000000        0.016137        5.069708        0.111000       
FLOW_OUT_7     0.290000        0.039970        7.546335        2.800000       
FLOW_OUT_7     0.430000        0.132900        24.453604       4.322000       
NO3_OUT_7     17000.000000    643.782227      37258.664063    6725.000000    
NO3_OUT_7     510000.000000   2315.683838     302816.156250   45920.000000   
NO3_OUT_7     56000.000000    160.736282      88910.062500    1520.000000    
NO3_OUT_7     61000.000000    110.519997      67785.593750    0.000000       
NO3_OUT_7     1100.000000     21.709091       14646.400391    0.000000       
NO3_OUT_7     14.000000       0.000000        0.000000        0.000000       
NO3_OUT_7     0.230000        0.000000        0.000000        0.000000       
NO3_OUT_7     5.800000        0.000000        0.000000        0.000000       
NO3_OUT_7     6.400000        0.000000        0.000000        0.000000       
NO3_OUT_7     3.200000        0.443833        244.996017      0.000000       
NO3_OUT_7     5800.000000     23.730000       14554.398438    13.880000      
NO3_OUT_7     7400.000000     40.634998       24922.796875    115.099998     
