 H-PET_1.txt
L95PPU             U95PPU         M95PPU
15.052001        15.052001        15.052001      
25.836000        25.836000        25.836000      
69.276001        69.276001        69.276001      
105.468010       105.468010       105.468010     
160.727020       160.727020       160.727020     
209.137955       209.137955       209.137955     
212.019028       212.019028       212.019028     
189.928970       189.928970       189.928970     
154.251984       154.251984       154.251984     
88.216003        88.216003        88.216003      
54.577999        54.577999        54.577999      
27.256998        27.256998        27.256998      
17.847998        17.847998        17.847998      
31.255003        31.255003        31.255003      
58.567997        58.567997        58.567997      
113.993004       113.993004       113.993004     
149.402985       149.402985       149.402985     
195.120987       195.120987       195.120987     
219.105972       219.105972       219.105972     
195.860001       195.860001       195.860001     
145.740005       145.740005       145.740005     
82.757011        82.757011        82.757011      
44.511997        44.511997        44.511997      
17.459000        17.459000        17.459000      
12.252999        12.252999        12.252999      
25.675997        25.675997        25.675997      
57.257999        57.257999        57.257999      
105.713005       105.713005       105.713005     
122.386993       122.386993       122.386993     
181.755997       181.755997       181.755997     
214.416000       214.416000       214.416000     
176.668991       176.668991       176.668991     
136.035995       136.035995       136.035995     
94.815002        94.815002        94.815002      
45.015003        45.015003        45.015003      
24.024996        24.024996        24.024996      
17.962999        17.962999        17.962999      
31.045998        31.045998        31.045998      
64.890007        64.890007        64.890007      
111.763000       111.763000       111.763000     
144.979996       144.979996       144.979996     
188.291000       188.291000       188.291000     
208.261978       208.261978       208.261978     
187.821030       187.821030       187.821030     
148.343994       148.343994       148.343994     
88.320992        88.320992        88.320992      
25.829000        25.829000        25.829000      
13.829000        13.829000        13.829000      
24.192999        24.192999        24.192999      
33.625000        33.625000        33.625000      
72.869011        72.869011        72.869011      
117.485992       117.485992       117.485992     
157.749008       157.749008       157.749008     
189.035995       189.035995       189.035995     
205.998032       205.998032       205.998032     
188.146988       188.146988       188.146988     
133.238998       133.238998       133.238998     
83.370003        83.370003        83.370003      
41.386997        41.386997        41.386997      
24.061998        24.061998        24.061998      
28.544004        28.544004        28.544004      
42.550999        42.550999        42.550999      
80.487991        80.487991        80.487991      
108.664001       108.664001       108.664001     
161.837021       161.837021       161.837021     
185.703995       185.703995       185.703995     
206.758041       206.758041       206.758041     
203.110977       203.110977       203.110977     
142.589005       142.589005       142.589005     
87.724983        87.724983        87.724983      
51.299007        51.299007        51.299007      
28.389006        28.389006        28.389006      
23.076002        23.076002        23.076002      
38.653996        38.653996        38.653996      
60.333004        60.333004        60.333004      
99.005989        99.005989        99.005989      
161.894012       161.894012       161.894012     
193.865005       193.865005       193.865005     
210.886978       210.886978       210.886978     
200.594986       200.594986       200.594986     
145.776001       145.776001       145.776001     
82.942009        82.942009        82.942009      
43.799007        43.799007        43.799007      
32.893002        32.893002        32.893002      
27.244997        27.244997        27.244997      
26.608999        26.608999        26.608999      
60.916012        60.916012        60.916012      
120.477013       120.477013       120.477013     
161.156998       161.156998       161.156998     
197.164017       197.164017       197.164017     
205.014969       205.014969       205.014969     
201.051010       201.051010       201.051010     
135.214981       135.214981       135.214981     
94.755989        94.755989        94.755989      
38.346004        38.346004        38.346004      
27.312998        27.312998        27.312998      
14.332000        14.332000        14.332000      
22.949999        22.949999        22.949999      
63.864994        63.864994        63.864994      
115.254021       115.254021       115.254021     
157.884018       157.884018       157.884018     
208.529037       208.529037       208.529037     
211.645996       211.645996       211.645996     
200.477036       200.477036       200.477036     
143.188980       143.188980       143.188980     
93.390007        93.390007        93.390007      
52.784992        52.784992        52.784992      
34.000000        34.000000        34.000000      
28.368998        28.368998        28.368998      
48.489994        48.489994        48.489994      
77.655998        77.655998        77.655998      
119.917976       119.917976       119.917976     
179.307999       179.307999       179.307999     
206.455002       206.455002       206.455002     
204.692993       204.692993       204.692993     
206.097977       206.097977       206.097977     
139.137985       139.137985       139.137985     
97.818993        97.818993        97.818993      
41.803005        41.803005        41.803005      
25.166998        25.166998        25.166998      
25.739004        25.739004        25.739004      
35.795998        35.795998        35.795998      
74.890007        74.890007        74.890007      
123.129997       123.129997       123.129997     
174.514023       174.514023       174.514023     
204.616989       204.616989       204.616989     
225.534988       225.534988       225.534988     
197.168991       197.168991       197.168991     
141.156006       141.156006       141.156006     
77.546005        77.546005        77.546005      
38.136997        38.136997        38.136997      
23.231997        23.231997        23.231997      
26.084000        26.084000        26.084000      
43.764004        43.764004        43.764004      
94.589989        94.589989        94.589989      
129.781998       129.781998       129.781998     
173.181015       173.181015       173.181015     
210.554947       210.554947       210.554947     
206.369995       206.369995       206.369995     
202.991989       202.991989       202.991989     
144.151001       144.151001       144.151001     
91.119011        91.119011        91.119011      
38.529999        38.529999        38.529999      
26.069000        26.069000        26.069000      

 H-SW_1.txt
L95PPU             U95PPU         M95PPU
56.103737        64.972641        64.325996      
77.006805        98.360603        95.861664      
74.509926        99.163712        96.428406      
76.784103        106.117874       103.606911     
53.933868        77.660721        75.656418      
0.000000         0.000000         0.000000       
0.000000         0.000000         0.000000       
0.000000         0.000000         0.000000       
0.000000         0.000000         0.000000       
8.664854         8.717979         8.714168       
13.874605        13.974331        13.968081      
32.781769        33.824062        33.780998      
52.606106        54.849426        54.729248      
70.686546        76.996208        76.650833      
98.363693        109.469849       109.080421     
88.859985        98.927620        98.555489      
76.422432        87.074249        86.548332      
6.490350         17.734047        16.285002      
0.000000         0.000000         0.000000       
0.000000         0.000000         0.000000       
0.000000         0.000000         0.000000       
13.610325        13.669802        13.635750      
12.580650        12.699604        12.632667      
61.653923        75.442863        74.257256      
66.681664        96.172867        90.818245      
85.734978        116.427582       112.891174     
77.189865        106.695145       103.347084     
73.188904        105.927292       102.492332     
65.852913        96.603317        93.418251      
25.636230        53.672668        50.693920      
0.000000         0.000000         0.000000       
0.000000         0.000000         0.000000       
0.000000         0.000000         0.000000       
0.000000         0.000000         0.000000       
6.708695         6.998220         6.898583       
23.470779        24.822960        24.657667      
37.920410        42.481609        42.008247      
42.203705        49.144318        48.427750      
63.487637        84.466026        82.374580      
73.046028        98.025482        95.647003      
61.757706        89.575142        86.953667      
0.418065         26.393837        23.772081      
0.000000         0.000000         0.000000       
0.000000         0.000000         0.000000       
0.000000         0.000000         0.000000       
15.432037        15.454997        15.435750      
86.729019        105.867615       104.168427     
106.855614       117.397743       117.046509     
118.831390       124.049500       122.726349     
111.172882       118.494888       117.649254     
109.014748       109.247765       109.232574     
101.010300       104.756943       104.484489     
75.095924        76.147217        76.083260      
0.046185         2.913503         2.534750       
0.000000         0.000000         0.000000       
0.000000         0.000000         0.000000       
0.004045         0.006840         0.006500       
3.699815         3.812546         3.799750       
55.699001        73.779816        72.239922      
52.730858        70.678375        69.150085      
53.981178        73.937149        72.264259      
47.584866        68.080475        66.383247      
43.389648        63.250572        61.610249      
49.744057        74.476555        72.400253      
23.355335        46.738281        44.791920      
0.000000         0.000000         0.000000       
0.000000         0.000000         0.000000       
0.000000         0.000000         0.000000       
6.371049         6.401361         6.375416       
1.459057         1.493960         1.463833       
0.244045         0.246805         0.246000       
0.000000         0.000000         0.000000       
23.820030        23.821896        23.821753      
24.595045        24.597836        24.597664      
46.551395        51.111668        50.838161      
48.755501        59.659885        58.939167      
29.439276        40.329689        39.603672      
0.000000         0.000000         0.000000       
0.000000         0.000000         0.000000       
0.000000         0.000000         0.000000       
3.472012         3.479361         3.472833       
10.245031        10.264319        10.247750      
19.422009        19.425747        19.422832      
23.575090        23.580662        23.579996      
22.214075        22.218733        22.218498      
49.356686        52.505901        52.334248      
42.229324        47.220181        46.935917      
31.011766        35.905701        35.629326      
35.880791        46.492538        45.806583      
0.000000         0.000000         0.000000       
0.000000         0.000000         0.000000       
0.000000         0.000000         0.000000       
0.000000         0.000000         0.000000       
0.460015         0.460947         0.460917       
34.280125        36.214027        36.122585      
37.504440        39.457901        39.365749      
40.736366        42.685169        42.593166      
88.549637        113.433510       110.903679     
86.845222        107.673576       106.268166     
83.306778        107.400826       105.468498     
67.831345        87.797607        86.213509      
0.072360         9.133440         7.785750       
0.000000         0.000000         0.000000       
0.000000         0.000000         0.000000       
0.000000         0.000000         0.000000       
1.622020         1.635800         1.623416       
10.815060        10.822360        10.816669      
14.445009        14.448685        14.446000      
36.672943        38.906025        38.798084      
28.213865        30.442272        30.334333      
23.569281        25.761335        25.655413      
21.016560        23.163889        23.060835      
0.000000         0.000000         0.000000       
0.000000         0.000000         0.000000       
0.000000         0.000000         0.000000       
0.000000         0.000000         0.000000       
0.002000         0.002000         0.002000       
8.612031         8.613897         8.613832       
25.353577        25.637922        25.628578      
21.606031        21.794355        21.788080      
28.508001        29.067360        29.049002      
27.055925        27.610626        27.592417      
47.099270        70.221367        67.310165      
39.874439        62.137535        59.374249      
11.218430        32.425022        29.816086      
0.000000         0.000000         0.000000       
0.000000         0.000000         0.000000       
0.000000         0.000000         0.000000       
5.908000         5.908000         5.908000       
8.994150         9.003467         9.002582       
29.037561        29.507423        29.488581      
53.743404        58.055767        57.769836      
47.893627        52.157528        51.875000      
37.658710        41.865765        41.587006      
39.784348        44.652187        44.346340      
29.811722        33.957260        33.687080      
2.411395         6.226070         5.970167       
0.000000         0.000000         0.000000       
0.000000         0.000000         0.000000       
0.000000         0.000000         0.000000       
1.807030         1.808893         1.808583       
1.431030         1.432893         1.432583       
21.856936        21.977194        21.972998      
48.089451        49.609074        49.551586      

 H-GW_RCHG_1.txt
L95PPU             U95PPU         M95PPU
0.187020         1.129776         0.817167       
0.202875         0.930600         0.686167       
0.253740         0.954990         0.705750       
0.297380         1.677440         1.152000       
0.308930         1.604840         1.120167       
0.275965         1.394403         0.987000       
0.262490         1.291865         0.928500       
0.241870         1.156456         0.844167       
0.216190         1.003072         0.744333       
0.203925         0.941040         0.700917       
0.173580         0.844830         0.618083       
0.156495         0.810060         0.583083       
0.136290         0.748230         0.532833       
0.109207         0.621120         0.443667       
0.234303         0.896408         0.724083       
0.386815         3.235648         2.448833       
0.406740         3.620808         2.769750       
0.369185         3.139352         2.431417       
0.347490         2.906008         2.277667       
0.333570         2.598472         2.062167       
0.293635         2.252896         1.810667       
0.276220         2.085912         1.698417       
0.243260         1.809380         1.492250       
0.251055         1.680465         1.405833       
0.249565         1.526309         1.282167       
0.254190         1.652940         1.314000       
0.309955         3.272391         2.168417       
0.302238         3.067100         2.042250       
0.333017         3.194860         2.141833       
0.316792         2.784258         1.890833       
0.301262         2.577988         1.777333       
0.273297         2.305053         1.614334       
0.241093         1.997957         1.421833       
0.227020         1.850180         1.337500       
0.200257         1.605944         1.178750       
0.197350         1.489720         1.111000       
0.188190         1.350672         1.012583       
0.191045         1.138496         0.841583       
0.241985         1.174180         0.863083       
0.231415         1.052605         0.767500       
0.237170         1.012790         0.734750       
0.204795         0.910665         0.653250       
0.186565         0.874770         0.616667       
0.162250         0.815000         0.562167       
0.136800         0.733600         0.497250       
0.127360         0.704560         0.469667       
0.129190         0.634240         0.423167       
0.277845         1.258470         1.054250       
0.593790         4.280840         3.304417       
0.557490         3.873870         3.145750       
0.655010         4.871630         3.941250       
0.729450         5.407351         4.416167       
0.749700         5.009100         4.143500       
0.664340         4.343420         3.635333       
0.624765         4.020195         3.406833       
0.567825         3.594975         3.086000       
0.499225         3.119186         2.710750       
0.469955         2.888412         2.543750       
0.446600         2.533533         2.245500       
0.438500         2.394125         2.112334       
0.402340         2.222817         1.918167       
0.342645         1.870635         1.582250       
0.351470         1.926365         1.599917       
0.335635         1.731460         1.412583       
0.343675         1.680300         1.333333       
0.306800         1.527800         1.176083       
0.289335         1.481660         1.108000       
0.264255         1.389980         1.009250       
0.233695         1.263220         0.891083       
0.220305         1.225780         0.840583       
0.194895         1.113420         0.742917       
0.183550         1.080800         0.701333       
0.167725         1.009525         0.640250       
0.144120         0.887480         0.548583       
0.165887         0.893975         0.541000       
0.190055         0.805080         0.484833       
0.182920         0.781520         0.463333       
0.154560         0.709360         0.412083       
0.139500         0.687000         0.390083       
0.121298         0.644160         0.357000       
0.101967         0.584680         0.316917       
0.091908         0.567320         0.300167       
0.077592         0.514680         0.266750       
0.069532         0.499320         0.253000       
0.064690         0.468320         0.232083       
0.050745         0.397360         0.194250       
0.050045         0.414760         0.201917       
0.042535         0.376480         0.181250       
0.038415         0.365120         0.175083       
0.032950         0.331600         0.161417       
0.029845         0.322160         0.157750       
0.026560         0.301680         0.145500       
0.022170         0.273760         0.129500       
0.020080         0.266240         0.123250       
0.017720         0.242160         0.112833       
0.015630         0.234640         0.107833       
0.014405         0.219840         0.099333       
0.034516         0.192240         0.091917       
0.195240         0.966920         0.735667       
0.223507         1.902940         1.382000       
0.244217         1.763260         1.303000       
0.237395         1.535384         1.147917       
0.226570         1.421544         1.076333       
0.208512         1.271440         0.975167       
0.185343         1.102176         0.856750       
0.176757         1.020544         0.804417       
0.156835         0.885432         0.707250       
0.149362         0.819675         0.664417       
0.148687         0.735406         0.606583       
0.127840         0.608480         0.501750       
0.130968         0.627283         0.507167       
0.116577         0.563765         0.446833       
0.111443         0.540607         0.420667       
0.099113         0.486100         0.371083       
0.095015         0.469880         0.349750       
0.086842         0.440260         0.318333       
0.077595         0.400240         0.281083       
0.074527         0.388780         0.265167       
0.066303         0.352580         0.235500       
0.062500         0.343000         0.222500       
0.058115         0.321080         0.204167       
0.049875         0.283000         0.175083       
0.054860         0.286120         0.174250       
0.063643         0.263480         0.162917       
0.062583         0.255120         0.155667       
0.053470         0.232320         0.138083       
0.047455         0.224480         0.130667       
0.041395         0.211120         0.119500       
0.035283         0.191320         0.105917       
0.031267         0.185480         0.100500       
0.027340         0.168520         0.089583       
0.025295         0.163760         0.085250       
0.022175         0.153400         0.079417       
0.017860         0.130080         0.066000       
0.016965         0.135520         0.068417       
0.014800         0.123400         0.062083       
0.012770         0.119560         0.059583       
0.011605         0.108440         0.053000       
0.010575         0.105600         0.050417       
0.008500         0.099000         0.046417       
0.007365         0.089720         0.041250       
0.007320         0.086960         0.039250       
0.006200         0.078600         0.035083       
0.005185         0.076680         0.035083       

 S-SNOW_1.txt
L95PPU             U95PPU         M95PPU
11.224999        11.224999        11.224999      
43.799992        43.799992        43.799992      
3.000000         3.000000         3.000000       
3.799999         3.799999         3.799999       
0.000000         0.000000         0.000000       
0.000000         0.000000         0.000000       
0.000000         0.000000         0.000000       
0.000000         0.000000         0.000000       
0.000000         0.000000         0.000000       
0.000000         0.000000         0.000000       
0.000000         0.000000         0.000000       
0.000000         0.000000         0.000000       
26.211000        26.211000        26.211000      
22.300001        22.300001        22.300001      
10.510001        10.510001        10.510001      
0.000000         0.000000         0.000000       
0.000000         0.000000         0.000000       
0.000000         0.000000         0.000000       
0.000000         0.000000         0.000000       
0.000000         0.000000         0.000000       
0.000000         0.000000         0.000000       
0.000000         0.000000         0.000000       
0.000000         0.000000         0.000000       
7.893000         7.893000         7.893000       
24.863005        24.863005        24.863005      
43.054996        43.054996        43.054996      
0.000000         0.000000         0.000000       
0.000000         0.000000         0.000000       
0.000000         0.000000         0.000000       
0.000000         0.000000         0.000000       
0.000000         0.000000         0.000000       
0.000000         0.000000         0.000000       
0.000000         0.000000         0.000000       
0.000000         0.000000         0.000000       
0.000000         0.000000         0.000000       
0.000000         0.000000         0.000000       
28.129000        28.129000        28.129000      
25.875000        25.875000        25.875000      
0.000000         0.000000         0.000000       
0.000000         0.000000         0.000000       
0.000000         0.000000         0.000000       
0.000000         0.000000         0.000000       
0.000000         0.000000         0.000000       
0.000000         0.000000         0.000000       
0.000000         0.000000         0.000000       
0.000000         0.000000         0.000000       
18.025999        18.025999        18.025999      
37.527004        37.527004        37.527004      
15.000000        15.000000        15.000000      
6.200000         6.200000         6.200000       
0.000000         0.000000         0.000000       
0.000000         0.000000         0.000000       
0.000000         0.000000         0.000000       
0.000000         0.000000         0.000000       
0.000000         0.000000         0.000000       
0.000000         0.000000         0.000000       
0.000000         0.000000         0.000000       
0.000000         0.000000         0.000000       
0.000000         0.000000         0.000000       
3.500000         3.500000         3.500000       
12.699998        12.699998        12.699998      
0.000000         0.000000         0.000000       
0.000000         0.000000         0.000000       
0.000000         0.000000         0.000000       
0.000000         0.000000         0.000000       
0.000000         0.000000         0.000000       
0.000000         0.000000         0.000000       
0.000000         0.000000         0.000000       
0.000000         0.000000         0.000000       
0.000000         0.000000         0.000000       
0.000000         0.000000         0.000000       
0.000000         0.000000         0.000000       
6.000000         6.000000         6.000000       
12.025001        12.025001        12.025001      
6.775001         6.775001         6.775001       
0.000000         0.000000         0.000000       
0.000000         0.000000         0.000000       
0.000000         0.000000         0.000000       
0.000000         0.000000         0.000000       
0.000000         0.000000         0.000000       
0.000000         0.000000         0.000000       
0.000000         0.000000         0.000000       
0.000000         0.000000         0.000000       
0.000000         0.000000         0.000000       
2.924999         2.924999         2.924999       
40.666004        40.666004        40.666004      
5.000000         5.000000         5.000000       
0.000000         0.000000         0.000000       
0.000000         0.000000         0.000000       
0.000000         0.000000         0.000000       
0.000000         0.000000         0.000000       
0.000000         0.000000         0.000000       
0.000000         0.000000         0.000000       
0.000000         0.000000         0.000000       
0.000000         0.000000         0.000000       
2.000000         2.000000         2.000000       
9.300001         9.300001         9.300001       
81.338005        81.338005        81.338005      
13.801000        13.801000        13.801000      
0.000000         0.000000         0.000000       
0.000000         0.000000         0.000000       
0.000000         0.000000         0.000000       
0.000000         0.000000         0.000000       
0.000000         0.000000         0.000000       
0.000000         0.000000         0.000000       
0.000000         0.000000         0.000000       
0.000000         0.000000         0.000000       
5.765000         5.765000         5.765000       
0.000000         0.000000         0.000000       
0.000000         0.000000         0.000000       
0.000000         0.000000         0.000000       
0.000000         0.000000         0.000000       
0.000000         0.000000         0.000000       
0.000000         0.000000         0.000000       
0.000000         0.000000         0.000000       
0.000000         0.000000         0.000000       
0.000000         0.000000         0.000000       
0.000000         0.000000         0.000000       
0.000000         0.000000         0.000000       
0.000000         0.000000         0.000000       
3.500000         3.500000         3.500000       
9.982001         9.982001         9.982001       
8.886001         8.886001         8.886001       
0.000000         0.000000         0.000000       
0.000000         0.000000         0.000000       
0.000000         0.000000         0.000000       
0.000000         0.000000         0.000000       
0.000000         0.000000         0.000000       
0.000000         0.000000         0.000000       
0.000000         0.000000         0.000000       
0.000000         0.000000         0.000000       
0.000000         0.000000         0.000000       
2.200000         2.200000         2.200000       
0.000000         0.000000         0.000000       
0.000000         0.000000         0.000000       
0.000000         0.000000         0.000000       
0.000000         0.000000         0.000000       
0.000000         0.000000         0.000000       
0.000000         0.000000         0.000000       
0.000000         0.000000         0.000000       
0.000000         0.000000         0.000000       
0.000000         0.000000         0.000000       
5.400001         5.400001         5.400001       
0.000000         0.000000         0.000000       

 S-PET_1.txt
L95PPU             U95PPU         M95PPU
15.052001        15.052001        15.052001      
25.836000        25.836000        25.836000      
69.276001        69.276001        69.276001      
105.468010       105.468010       105.468010     
160.727020       160.727020       160.727020     
209.137955       209.137955       209.137955     
212.019028       212.019028       212.019028     
189.928970       189.928970       189.928970     
154.251984       154.251984       154.251984     
88.216003        88.216003        88.216003      
54.577999        54.577999        54.577999      
27.256998        27.256998        27.256998      
17.847998        17.847998        17.847998      
31.255003        31.255003        31.255003      
58.567997        58.567997        58.567997      
113.993004       113.993004       113.993004     
149.402985       149.402985       149.402985     
195.120987       195.120987       195.120987     
219.105972       219.105972       219.105972     
195.860001       195.860001       195.860001     
145.740005       145.740005       145.740005     
82.757011        82.757011        82.757011      
44.511997        44.511997        44.511997      
17.459000        17.459000        17.459000      
12.252999        12.252999        12.252999      
25.675997        25.675997        25.675997      
57.257999        57.257999        57.257999      
105.713005       105.713005       105.713005     
122.386993       122.386993       122.386993     
181.755997       181.755997       181.755997     
214.416000       214.416000       214.416000     
176.668991       176.668991       176.668991     
136.035995       136.035995       136.035995     
94.815002        94.815002        94.815002      
45.015003        45.015003        45.015003      
24.024996        24.024996        24.024996      
17.962999        17.962999        17.962999      
31.045998        31.045998        31.045998      
64.890007        64.890007        64.890007      
111.763000       111.763000       111.763000     
144.979996       144.979996       144.979996     
188.291000       188.291000       188.291000     
208.261978       208.261978       208.261978     
187.821030       187.821030       187.821030     
148.343994       148.343994       148.343994     
88.320992        88.320992        88.320992      
25.829000        25.829000        25.829000      
13.829000        13.829000        13.829000      
24.192999        24.192999        24.192999      
33.625000        33.625000        33.625000      
72.869011        72.869011        72.869011      
117.485992       117.485992       117.485992     
157.749008       157.749008       157.749008     
189.035995       189.035995       189.035995     
205.998032       205.998032       205.998032     
188.146988       188.146988       188.146988     
133.238998       133.238998       133.238998     
83.370003        83.370003        83.370003      
41.386997        41.386997        41.386997      
24.061998        24.061998        24.061998      
28.544004        28.544004        28.544004      
42.550999        42.550999        42.550999      
80.487991        80.487991        80.487991      
108.664001       108.664001       108.664001     
161.837021       161.837021       161.837021     
185.703995       185.703995       185.703995     
206.758041       206.758041       206.758041     
203.110977       203.110977       203.110977     
142.589005       142.589005       142.589005     
87.724983        87.724983        87.724983      
51.299007        51.299007        51.299007      
28.389006        28.389006        28.389006      
23.076002        23.076002        23.076002      
38.653996        38.653996        38.653996      
60.333004        60.333004        60.333004      
99.005989        99.005989        99.005989      
161.894012       161.894012       161.894012     
193.865005       193.865005       193.865005     
210.886978       210.886978       210.886978     
200.594986       200.594986       200.594986     
145.776001       145.776001       145.776001     
82.942009        82.942009        82.942009      
43.799007        43.799007        43.799007      
32.893002        32.893002        32.893002      
27.244997        27.244997        27.244997      
26.608999        26.608999        26.608999      
60.916012        60.916012        60.916012      
120.477013       120.477013       120.477013     
161.156998       161.156998       161.156998     
197.164017       197.164017       197.164017     
205.014969       205.014969       205.014969     
201.051010       201.051010       201.051010     
135.214981       135.214981       135.214981     
94.755989        94.755989        94.755989      
38.346004        38.346004        38.346004      
27.312998        27.312998        27.312998      
14.332000        14.332000        14.332000      
22.949999        22.949999        22.949999      
63.864994        63.864994        63.864994      
115.254021       115.254021       115.254021     
157.884018       157.884018       157.884018     
208.529037       208.529037       208.529037     
211.645996       211.645996       211.645996     
200.477036       200.477036       200.477036     
143.188980       143.188980       143.188980     
93.390007        93.390007        93.390007      
52.784992        52.784992        52.784992      
34.000000        34.000000        34.000000      
28.368998        28.368998        28.368998      
48.489994        48.489994        48.489994      
77.655998        77.655998        77.655998      
119.917976       119.917976       119.917976     
179.307999       179.307999       179.307999     
206.455002       206.455002       206.455002     
204.692993       204.692993       204.692993     
206.097977       206.097977       206.097977     
139.137985       139.137985       139.137985     
97.818993        97.818993        97.818993      
41.803005        41.803005        41.803005      
25.166998        25.166998        25.166998      
25.739004        25.739004        25.739004      
35.795998        35.795998        35.795998      
74.890007        74.890007        74.890007      
123.129997       123.129997       123.129997     
174.514023       174.514023       174.514023     
204.616989       204.616989       204.616989     
225.534988       225.534988       225.534988     
197.168991       197.168991       197.168991     
141.156006       141.156006       141.156006     
77.546005        77.546005        77.546005      
38.136997        38.136997        38.136997      
23.231997        23.231997        23.231997      
26.084000        26.084000        26.084000      
43.764004        43.764004        43.764004      
94.589989        94.589989        94.589989      
129.781998       129.781998       129.781998     
173.181015       173.181015       173.181015     
210.554947       210.554947       210.554947     
206.369995       206.369995       206.369995     
202.991989       202.991989       202.991989     
144.151001       144.151001       144.151001     
91.119011        91.119011        91.119011      
38.529999        38.529999        38.529999      
26.069000        26.069000        26.069000      

 S-AET_1.txt
L95PPU             U95PPU         M95PPU
7.390230         7.466655         7.461334       
17.571180        17.768694        17.744499      
38.420742        39.646809        39.494747      
48.119576        51.945431        51.564835      
38.783573        43.355049        42.899502      
54.594162        81.756355        79.410255      
0.015480         2.910240         1.733833       
0.000000         0.000000         0.000000       
0.000000         0.000000         0.000000       
9.181112         9.249997         9.189500       
7.492062         7.529719         7.497167       
7.485005         7.545640         7.537333       
8.281855         8.521376         8.509667       
18.829374        19.039066        19.017416      
39.293472        39.571213        39.548832      
52.154293        54.098438        54.001251      
42.113033        47.147690        46.738586      
72.018211        73.504700        72.808083      
13.545876        29.879181        28.428251      
0.000000         0.000000         0.000000       
0.000000         0.000000         0.000000       
9.639367         9.684080         9.663834       
7.725360         7.769158         7.750250       
9.735115         9.865892         9.827666       
4.771590         4.870383         4.859583       
17.071817        17.174007        17.154083      
33.391758        35.611855        35.292835      
39.684177        43.609764        43.206585      
54.167870        59.068317        58.625828      
58.013187        61.069214        60.724079      
24.171776        61.997013        57.904331      
3.997000         3.997000         3.997000       
3.597000         3.597000         3.597000       
0.000000         0.000000         0.000000       
9.427230         9.727757         9.531417       
11.449070        11.950080        11.898750      
9.590940         9.960015         9.923333       
20.000139        21.002966        20.890417      
35.497292        36.322750        36.225086      
32.827805        34.493286        34.335339      
57.265850        60.052528        59.785252      
82.519287        84.892670        84.621254      
4.410350         29.099031        26.714333      
5.595001         5.595001         5.595001       
0.000000         0.000000         0.000000       
4.444495         4.475252         4.473167       
16.585190        17.466867        17.424168      
10.429246        10.506600        10.499251      
19.993460        20.146301        20.135500      
22.724949        24.523073        24.280167      
41.384598        43.782642        43.583744      
38.996044        40.862858        40.755329      
46.724220        50.962952        50.706501      
73.972740        76.292847        74.455841      
6.947320         19.890934        19.021997      
0.000000         0.000000         0.000000       
2.241003         2.242840         2.241250       
13.058225        13.182201        13.079333      
21.800137        21.994930        21.982084      
10.354560        10.451487        10.443001      
15.470805        15.645086        15.629250      
17.893520        18.236500        18.210833      
25.120729        25.663162        25.619667      
44.013706        46.107918        45.981750      
55.292828        56.897728        56.785248      
25.488531        47.951580        46.256668      
1.999000         1.999000         1.999000       
0.000000         0.000000         0.000000       
6.763465         6.792356         6.789833       
5.967030         5.968893         5.968834       
5.087051         5.118279         5.091083       
0.431030         0.432895         0.432833       
8.551060         8.554793         8.554667       
14.147270        14.164048        14.163499      
36.271057        36.398727        36.393253      
46.877571        47.472191        47.438335      
52.333286        54.587807        54.440750      
30.733286        40.257393        39.701004      
0.000000         0.000000         0.000000       
0.000000         0.000000         0.000000       
3.621090         3.626683         3.626416       
9.610254         9.626102         9.624999       
9.484136         9.492283         9.487916       
9.517165         9.527117         9.524584       
7.241135         7.249524         7.249250       
15.431545        17.018736        16.841831      
26.354870        29.018534        28.761503      
25.039120        26.351379        26.236334      
44.072422        47.143353        46.920334      
60.893555        73.412331        72.053337      
30.133635        36.945621        36.499588      
0.000000         0.000000         0.000000       
4.296000         4.296000         4.296000       
2.948001         2.948919         2.948084       
19.579165        19.962324        19.947584      
14.937195        15.135772        15.128585      
6.067900         6.123837         6.121583       
11.074904        11.193269        11.181416      
35.545162        37.543381        37.306587      
37.766533        41.589581        41.279251      
49.558868        55.204929        54.744663      
74.766800        83.266663        82.736671      
12.347955        29.115158        27.020584      
12.851951        12.973142        12.969165      
3.199000         3.199000         3.199000       
5.713120         5.720361         5.716166       
7.152285         7.169482         7.166083       
4.310315         4.329893         4.327583       
13.789360        14.371098        14.346835      
19.185421        19.770712        19.745668      
19.903521        20.246500        20.232002      
30.199110        30.454485        30.443581      
35.237526        36.761330        36.689251      
0.300000         0.300000         0.300000       
4.994000         4.994000         4.994000       
7.891999         7.891999         7.891999       
1.997000         1.997000         1.997000       
4.822001         4.822921         4.822083       
12.981355        13.314175        13.302585      
8.201475         8.355305         8.349833       
12.985519        13.142141        13.136584      
15.562595        15.910233        15.873665      
31.562929        32.366318        32.277664      
38.657612        39.937733        39.804916      
48.272297        49.719173        49.576000      
20.529879        41.950748        39.666164      
2.299000         2.299000         2.299000       
0.100000         0.100000         0.100000       
2.589001         2.589919         2.589083       
9.311013         9.318360         9.312083       
13.843310        14.359789        14.339752      
13.590630        13.816244        13.807083      
13.084704        13.128506        13.125998      
12.644795        12.694187        12.691250      
28.511631        29.296373        29.262253      
32.159424        32.807163        32.778496      
50.906029        52.213089        52.159588      
1.560505         4.512149         4.321833       
1.000000         1.000000         1.000000       
1.000000         1.000000         1.000000       
4.556002         4.556936         4.556167       
6.695000         6.695000         6.695000       
9.396405         9.421576         9.419166       
16.977091        17.169132        17.161165      

 S-WYLD_1.txt
L95PPU             U95PPU         M95PPU
0.086185         2.420360         0.847083       
0.972025         18.122599        4.995667       
0.086390         3.451760         0.907417       
1.478253         15.312558        4.009333       
0.086185         1.086958         0.741500       
0.052040         0.920180         0.624083       
0.036185         0.851457         0.575833       
0.026955         0.767368         0.516333       
0.020500         0.670800         0.450583       
0.023840         0.633264         0.427250       
0.028490         0.554304         0.389167       
0.039237         1.284800         0.464500       
0.039738         1.102800         0.442000       
0.039456         2.838600         0.572083       
0.588728         15.118479        2.824250       
1.582614         17.552479        4.663250       
0.211475         5.428800         2.416917       
0.094170         2.024632         1.481083       
0.063845         1.850312         1.367833       
0.046770         1.642792         1.223833       
0.036335         1.419616         1.062917       
0.040685         1.321776         0.991417       
0.039925         1.151275         0.870750       
0.114874         13.509356        2.683417       
2.080787         17.667526        6.464250       
2.113150         24.176098        8.039416       
0.126240         1.950720         1.395167       
1.082975         10.411398        3.216500       
0.150035         3.289480         1.737667       
0.084645         1.794027         1.182000       
0.058590         1.640905         1.067750       
0.043860         1.457370         0.958417       
0.033815         1.259043         0.834333       
0.029345         1.163677         0.772000       
0.028900         1.013640         0.678917       
0.055165         2.630240         0.910250       
0.048660         3.048960         1.032833       
0.045785         3.666440         1.098750       
0.123363         12.591999        2.326333       
0.096810         4.271040         1.017333       
0.123221         5.357760         1.214500       
0.089285         1.948960         0.654083       
0.049565         0.574885         0.383583       
0.032950         0.520550         0.336917       
0.023170         0.462930         0.291500       
0.021815         0.493320         0.302083       
0.162725         17.751999        2.706417       
0.401829         5.468400         1.456250       
1.002615         13.010158        4.076833       
0.439700         6.756599         3.073750       
0.323450         12.658598        3.936917       
0.146610         3.652656         3.048250       
0.127685         3.458711         2.826583       
0.088545         2.976551         2.317583       
0.069080         2.740040         2.130000       
0.056520         2.444760         1.914417       
0.046390         2.116570         1.673583       
0.049900         1.968275         1.565750       
0.135078         18.552837        3.858917       
0.101960         1.651560         1.348167       
0.084815         2.004320         1.414833       
0.059515         1.269445         1.054667       
0.054160         1.302736         0.989583       
0.139760         5.736280         1.606417       
0.081430         1.150470         0.858667       
0.052705         1.015945         0.730917       
0.039180         0.970220         0.676333       
0.029160         0.897640         0.607000       
0.025780         0.809620         0.533167       
0.027330         0.783570         0.503500       
0.021145         0.704705         0.440333       
0.018755         0.678395         0.412500       
0.031005         0.644645         0.391917       
0.023655         0.554495         0.327667       
0.072892         3.937280         0.783750       
0.094865         5.523200         0.991250       
0.081527         2.382280         0.596833       
0.048810         0.466490         0.274667       
0.029585         0.433465         0.243250       
0.020135         0.396415         0.214333       
0.016550         0.356950         0.188167       
0.024340         0.351860         0.186333       
0.030830         0.327070         0.175667       
0.029665         0.315785         0.164583       
0.023350         0.290150         0.146333       
0.124585         11.466918        2.261417       
0.044778         1.894800         0.369333       
0.032495         0.246855         0.137417       
0.053390         6.415839         0.892750       
0.057615         0.497440         0.174750       
0.072668         6.605039         0.928750       
0.036745         0.205105         0.118583       
0.021475         0.170800         0.094667       
0.015385         0.159280         0.084750       
0.060229         2.037760         0.305417       
0.046043         0.174965         0.107833       
0.026688         0.232000         0.094917       
0.119495         22.432236        3.914500       
0.736036         15.443480        4.005500       
0.251805         5.851040         1.683833       
0.100040         1.852120         1.036917       
0.064195         1.005272         0.727250       
0.047055         0.917528         0.669500       
0.040555         0.818128         0.613167       
0.027890         0.702344         0.521917       
0.025125         0.652200         0.487750       
0.026880         0.576848         0.448250       
0.024310         0.539530         0.403917       
0.063885         2.726560         0.646250       
0.039090         0.416960         0.324583       
0.030135         0.410505         0.316417       
0.034520         0.376760         0.284750       
0.031310         0.359645         0.265000       
0.020770         0.313330         0.225833       
0.016590         0.298110         0.209083       
0.016260         0.277540         0.190333       
0.011840         0.247360         0.164667       
0.011675         0.237075         0.154333       
0.035360         1.016240         0.243500       
0.025210         0.222090         0.145250       
0.031440         0.299320         0.157167       
0.018646         1.152200         0.285250       
0.190883         22.166597        3.822750       
0.094465         0.545560         0.215417       
0.069807         0.654720         0.201083       
0.041130         0.171770         0.115667       
0.024055         0.150095         0.094667       
0.014920         0.132680         0.079333       
0.010725         0.116525         0.067417       
0.015665         0.117785         0.069583       
0.034318         1.596000         0.225417       
0.052484         3.410520         0.483333       
0.059350         0.142150         0.101000       
0.030125         0.099125         0.064417       
0.031838         1.270160         0.181000       
0.034110         0.102190         0.067833       
0.037080         0.103320         0.069833       
0.020915         0.077340         0.048750       
0.012450         0.068100         0.039250       
0.008420         0.060360         0.033000       
0.007375         0.053750         0.028750       
0.008360         0.052880         0.028667       
0.017776         0.540480         0.080000       
0.059396         1.000080         0.161000       

 R-FLOW_1.txt
L95PPU             U95PPU         M95PPU
0.038748         1.116511         0.389924       
0.494494         9.256528         2.550375       
0.035206         1.588217         0.414127       
0.697873         7.295152         1.904692       
0.029136         0.490781         0.331573       
0.010479         0.424437         0.283315       
0.006200         0.379177         0.251979       
0.005433         0.341917         0.226101       
0.004920         0.309632         0.204780       
0.006489         0.286520         0.191544       
0.009967         0.260781         0.181820       
0.016096         0.591090         0.212612       
0.017054         0.507870         0.202812       
0.017874         1.448122         0.290050       
0.267750         6.972984         1.299433       
0.747052         8.362440         2.215808       
0.087506         2.495168         1.105433       
0.031673         0.951550         0.692893       
0.015628         0.839252         0.616752       
0.011846         0.745477         0.552083       
0.010601         0.667125         0.497158       
0.013757         0.604396         0.452043       
0.016126         0.546060         0.412175       
0.052213         6.232688         1.237202       
0.959482         8.151668         2.982350       
1.040173         11.921515        3.964083       
0.054258         0.896360         0.640075       
0.509305         4.957119         1.526558       
0.061291         1.509942         0.793773       
0.027984         0.843163         0.551242       
0.013830         0.742996         0.478595       
0.010583         0.660885         0.430670       
0.009426         0.591325         0.388743       
0.008472         0.530629         0.350056       
0.010764         0.480391         0.320654       
0.023696         1.211834         0.418386       
0.021300         1.405633         0.475379       
0.020931         1.871226         0.559168       
0.052617         5.806818         1.069327       
0.038706         2.028986         0.477436       
0.047488         2.462508         0.550804       
0.029628         0.916359         0.299011       
0.009042         0.251472         0.163254       
0.003861         0.227873         0.143140       
0.003378         0.210562         0.129060       
0.004545         0.221795         0.133520       
0.075978         8.463463         1.288865       
0.184657         2.522256         0.671117       
0.461076         6.001585         1.879725       
0.222293         3.449704         1.568067       
0.144685         5.836826         1.811945       
0.062099         1.734206         1.445425       
0.048351         1.585352         1.293790       
0.029271         1.406661         1.092114       
0.020118         1.251194         0.969338       
0.017715         1.116045         0.871367       
0.015888         1.000755         0.789250       
0.017201         0.902786         0.717028       
0.061812         8.844076         1.837389       
0.045150         0.760322         0.620536       
0.037030         0.922708         0.650921       
0.027344         0.645729         0.535831       
0.019838         0.595688         0.451328       
0.059521         2.728103         0.758666       
0.026912         0.520152         0.385564       
0.012353         0.471930         0.335847       
0.007051         0.434033         0.298665       
0.006434         0.401022         0.267128       
0.006198         0.376628         0.244818       
0.006864         0.355937         0.226669       
0.006628         0.332758         0.206518       
0.006928         0.311296         0.188525       
0.012606         0.295979         0.179302       
0.008798         0.270696         0.158950       
0.029861         1.812658         0.357656       
0.038488         2.627500         0.465997       
0.026753         1.088382         0.264689       
0.010013         0.209319         0.117765       
0.003077         0.186258         0.098534       
0.002730         0.170170         0.086251       
0.002636         0.160543         0.080198       
0.005735         0.157012         0.080491       
0.011683         0.153108         0.080781       
0.011317         0.143370         0.073676       
0.008875         0.132001         0.065733       
0.061908         5.857151         1.153563       
0.016653         0.870133         0.166378       
0.007413         0.109395         0.057297       
0.013944         2.950252         0.401433       
0.014133         0.223725         0.069888       
0.020173         3.034460         0.415008       
0.003981         0.080028         0.041347       
0.001631         0.072404         0.035939       
0.001274         0.067395         0.032868       
0.026150         0.968889         0.143108       
0.019361         0.078879         0.047902       
0.011496         0.105922         0.042776       
0.059525         11.457105        1.998286       
0.335561         7.122616         1.844267       
0.112299         2.782004         0.795038       
0.035818         0.844145         0.468093       
0.016457         0.465153         0.332539       
0.008148         0.409412         0.295027       
0.006621         0.364525         0.269803       
0.005176         0.325114         0.239249       
0.005743         0.294683         0.218925       
0.009218         0.271679         0.210202       
0.008861         0.246921         0.184213       
0.027569         1.256278         0.296306       
0.016473         0.209634         0.162239       
0.009047         0.184522         0.140991       
0.008358         0.171549         0.127542       
0.003532         0.154068         0.110472       
0.002180         0.135856         0.094133       
0.001998         0.124542         0.083606       
0.001845         0.115005         0.074902       
0.001746         0.108834         0.069491       
0.001736         0.103229         0.065070       
0.013888         0.481974         0.113270       
0.010169         0.100704         0.065312       
0.012739         0.136371         0.070815       
0.006530         0.565758         0.138080       
0.082979         10.226363        1.759393       
0.036485         0.251593         0.094260       
0.020600         0.290718         0.081309       
0.006053         0.068134         0.041208       
0.000890         0.054801         0.029172       
0.000781         0.048676         0.024182       
0.000745         0.046451         0.022970       
0.002367         0.049285         0.027015       
0.013945         0.758555         0.104926       
0.022840         1.572065         0.221547       
0.025711         0.063808         0.044782       
0.012119         0.047640         0.029658       
0.008477         0.579842         0.077210       
0.007470         0.039974         0.023543       
0.005962         0.036446         0.020755       
0.000183         0.022955         0.009441       
0.000058         0.017820         0.005837       
0.000030         0.014582         0.003900       
0.000052         0.015879         0.004952       
0.000155         0.018569         0.007393       
0.005858         0.255095         0.035504       
0.026816         0.475156         0.075065       

 R-EVAP_1.txt
L95PPU             U95PPU         M95PPU
0.000995         0.000996         0.000996       
0.001892         0.001896         0.001893       
0.004580         0.004583         0.004582       
0.007207         0.007215         0.007210       
0.010630         0.010630         0.010630       
0.014241         0.014297         0.014292       
0.010711         0.013852         0.013746       
0.006816         0.012253         0.012074       
0.004871         0.010237         0.010060       
0.004445         0.005762         0.005717       
0.003729         0.003730         0.003729       
0.001802         0.001803         0.001802       
0.001180         0.001180         0.001180       
0.002288         0.002290         0.002288       
0.003873         0.003878         0.003874       
0.007790         0.007800         0.007795       
0.009878         0.009887         0.009886       
0.013330         0.013339         0.013337       
0.014037         0.014475         0.014456       
0.009745         0.012788         0.012686       
0.006518         0.009778         0.009670       
0.004965         0.005447         0.005431       
0.003041         0.003043         0.003042       
0.001154         0.001156         0.001155       
0.000811         0.000813         0.000811       
0.001816         0.001821         0.001817       
0.003786         0.003789         0.003788       
0.007224         0.007230         0.007227       
0.008092         0.008100         0.008097       
0.012420         0.012429         0.012422       
0.013481         0.014143         0.014121       
0.009432         0.011569         0.011497       
0.006762         0.009163         0.009083       
0.005042         0.006206         0.006167       
0.003047         0.003075         0.003074       
0.001589         0.001589         0.001589       
0.001188         0.001189         0.001188       
0.002273         0.002275         0.002274       
0.004290         0.004296         0.004293       
0.007636         0.007640         0.007639       
0.009586         0.009593         0.009590       
0.012860         0.012869         0.012867       
0.013770         0.013770         0.013770       
0.011199         0.012355         0.012317       
0.007768         0.010013         0.009939       
0.005157         0.005803         0.005782       
0.001765         0.001768         0.001765       
0.000914         0.000915         0.000915       
0.001600         0.001603         0.001601       
0.002462         0.002465         0.002464       
0.004818         0.004824         0.004823       
0.008027         0.008037         0.008035       
0.010430         0.010439         0.010438       
0.012920         0.012929         0.012927       
0.011906         0.013538         0.013483       
0.008251         0.012225         0.012094       
0.006281         0.008960         0.008871       
0.005512         0.005518         0.005516       
0.002828         0.002831         0.002830       
0.001591         0.001592         0.001592       
0.001887         0.001888         0.001888       
0.003115         0.003116         0.003116       
0.005322         0.005324         0.005324       
0.007424         0.007430         0.007428       
0.010700         0.010709         0.010708       
0.012651         0.012688         0.012687       
0.011237         0.013549         0.013471       
0.007199         0.013106         0.012909       
0.006014         0.009547         0.009429       
0.005799         0.005803         0.005801       
0.003505         0.003507         0.003505       
0.001877         0.001878         0.001877       
0.001526         0.001526         0.001526       
0.002732         0.002733         0.002732       
0.003989         0.003991         0.003990       
0.006764         0.006770         0.006765       
0.010700         0.010709         0.010702       
0.013230         0.013249         0.013248       
0.010798         0.013772         0.013674       
0.006609         0.012904         0.012697       
0.005385         0.009715         0.009573       
0.005201         0.005469         0.005460       
0.002992         0.002992         0.002992       
0.002175         0.002175         0.002175       
0.001801         0.001801         0.001801       
0.001948         0.001952         0.001949       
0.004028         0.004029         0.004028       
0.008108         0.008224         0.008221       
0.010443         0.010648         0.010642       
0.013470         0.013470         0.013470       
0.013560         0.013560         0.013560       
0.013044         0.013277         0.013269       
0.008674         0.009208         0.009190       
0.005702         0.006235         0.006217       
0.002620         0.002621         0.002620       
0.001806         0.001806         0.001806       
0.000948         0.000948         0.000948       
0.001680         0.001686         0.001681       
0.004223         0.004228         0.004225       
0.007875         0.007881         0.007878       
0.010440         0.010440         0.010440       
0.014250         0.014250         0.014250       
0.013547         0.013976         0.013960       
0.011891         0.013187         0.013144       
0.007978         0.009691         0.009633       
0.005714         0.006153         0.006137       
0.003606         0.003608         0.003607       
0.002248         0.002248         0.002248       
0.001876         0.001876         0.001876       
0.003550         0.003550         0.003550       
0.005135         0.005135         0.005135       
0.008193         0.008193         0.008193       
0.010954         0.011811         0.011783       
0.007679         0.013766         0.013566       
0.005693         0.013111         0.012867       
0.005624         0.013201         0.012953       
0.004048         0.009214         0.009044       
0.003324         0.006300         0.006202       
0.002856         0.002857         0.002856       
0.001664         0.001664         0.001664       
0.001702         0.001702         0.001702       
0.002530         0.002531         0.002530       
0.004952         0.004958         0.004953       
0.008413         0.008414         0.008413       
0.011540         0.011540         0.011540       
0.013753         0.013968         0.013961       
0.010290         0.014663         0.014519       
0.006171         0.012672         0.012459       
0.004289         0.009357         0.009191       
0.004917         0.005116         0.005109       
0.002606         0.002606         0.002606       
0.001536         0.001537         0.001536       
0.001725         0.001725         0.001725       
0.003204         0.003204         0.003204       
0.006254         0.006256         0.006254       
0.008867         0.008867         0.008867       
0.011430         0.011449         0.011448       
0.009489         0.014126         0.013778       
0.005662         0.013211         0.012341       
0.003811         0.012890         0.011258       
0.003273         0.009487         0.008726       
0.003591         0.005894         0.005742       
0.002443         0.002623         0.002616       
0.001781         0.001781         0.001781       

 R-SED_OUT_1.txt
L95PPU             U95PPU         M95PPU
43.575001        26725.998047     3111.416748    
6894.066406      592567.750000    134362.328125  
158.399994       97151.992188     12600.833008   
11625.387695     582276.812500    118011.664063  
0.000000         0.000000         0.000000       
0.000000         0.000000         0.000000       
0.000000         0.000000         0.000000       
0.000000         0.000000         0.000000       
0.000000         0.000000         0.000000       
0.000000         0.000000         0.000000       
0.643636         434.240051       39.333332      
6.685909         4510.760254      408.583344     
25.500000        15639.999023     1780.166626    
95.489998        58567.195313     6315.833496    
599.249939       367539.968750    55266.808594   
634.833313       350427.968750    57937.183594   
310.350006       190347.984375    26572.333984   
0.000000         0.000000         0.000000       
0.000000         0.000000         0.000000       
0.000000         0.000000         0.000000       
0.000000         0.000000         0.000000       
0.000000         0.000000         0.000000       
0.000000         0.000000         0.000000       
31.019999        19025.597656     2395.199951    
21206.550781     324550.375000    106738.335938  
18129.949219     282941.312500    91951.664063   
17.900002        9880.798828      1207.000000    
968.482361       235559.171875    41791.199219   
174.899994       107271.992188    14534.750000   
5.423182         3658.839844      331.416656     
0.000000         0.000000         0.000000       
0.000000         0.000000         0.000000       
0.000000         0.000000         0.000000       
0.000000         0.000000         0.000000       
0.000000         0.000000         0.000000       
6.507273         4390.239746      436.291656     
27.255001        16716.398438     2469.166748    
76.904999        47937.449219     8385.500000    
246.449997       151155.984375    20214.166016   
216.300003       132663.984375    16178.284180   
224.699982       137815.984375    18111.166016   
45.719997        28041.597656     3498.333252    
0.000000         0.000000         0.000000       
0.000000         0.000000         0.000000       
0.000000         0.000000         0.000000       
0.593182         400.200012       36.250000      
39.945000        24499.597656     3509.483398    
11.971875        5874.199219      1147.557495    
796.611023       194612.046875    41755.902344   
253.166672       139747.984375    26997.000000   
490.800018       301023.968750    42483.667969   
100.439995       61603.195313     6928.333496    
45.224998        27737.998047     2964.000000    
0.000000         0.000000         0.000000       
0.000000         0.000000         0.000000       
0.000000         0.000000         0.000000       
0.000000         0.000000         0.000000       
0.000000         0.000000         0.000000       
38.760002        23772.798828     3179.541748    
0.000000         0.000000         0.000000       
62.700001        38455.996094     4723.333496    
14.697000        9014.159180      958.666687     
0.000000         0.000000         0.000000       
329.850006       202307.984375    26223.000000   
0.000000         0.000000         0.000000       
0.000000         0.000000         0.000000       
0.000000         0.000000         0.000000       
0.000000         0.000000         0.000000       
0.000000         0.000000         0.000000       
0.000000         0.000000         0.000000       
0.000000         0.000000         0.000000       
0.000000         0.000000         0.000000       
1.031455         695.888062       63.033337      
0.000000         0.000000         0.000000       
115.980003       71134.390625     7497.500000    
285.599976       175167.984375    20253.333984   
157.499985       96599.992188     11419.166992   
0.000000         0.000000         0.000000       
0.000000         0.000000         0.000000       
0.000000         0.000000         0.000000       
0.000000         0.000000         0.000000       
0.000000         0.000000         0.000000       
0.000000         0.000000         0.000000       
0.000000         0.000000         0.000000       
0.000000         0.000000         0.000000       
635.166626       350611.968750    67222.000000   
111.644997       68475.593750     7870.833496    
0.549136         370.483978       33.558334      
339.449982       208195.984375    24312.500000   
4.575000         3086.600098      279.583344     
36.750000        22539.998047     2654.416748    
0.000000         0.000000         0.000000       
0.000000         0.000000         0.000000       
0.000000         0.000000         0.000000       
14.263637        9623.200195      916.516663     
0.000000         0.000000         0.000000       
3.555000         2180.399902      248.349991     
987.150024       605451.937500    91169.250000   
3632.068115      314603.718750    68018.500000   
299.999969       183999.984375    26807.166016   
36.855000        22604.398438     2840.750000    
0.000000         0.000000         0.000000       
0.000000         0.000000         0.000000       
0.590182         398.175995       36.066666      
0.000000         0.000000         0.000000       
0.000000         0.000000         0.000000       
0.357818         241.408020       21.866667      
0.000000         0.000000         0.000000       
62.877274        42421.199219     4100.083496    
0.000000         0.000000         0.000000       
0.000000         0.000000         0.000000       
0.000000         0.000000         0.000000       
0.000000         0.000000         0.000000       
0.000000         0.000000         0.000000       
0.000000         0.000000         0.000000       
0.000000         0.000000         0.000000       
0.000000         0.000000         0.000000       
0.000000         0.000000         0.000000       
5.560909         3751.760010      339.833344     
0.000000         0.000000         0.000000       
0.000000         0.000000         0.000000       
73.904999        45328.394531     7510.000000    
2245.000000      1239239.875000   197835.671875  
26.331820        17765.199219     1609.166626    
26.209093        17682.400391     1666.375000    
0.000000         0.000000         0.000000       
0.000000         0.000000         0.000000       
0.000000         0.000000         0.000000       
0.000000         0.000000         0.000000       
0.000000         0.000000         0.000000       
18.150000        12245.200195     1152.516724    
28.514999        17489.199219     1928.666626    
0.000000         0.000000         0.000000       
0.000000         0.000000         0.000000       
60.872726        41068.800781     3803.833252    
0.000000         0.000000         0.000000       
0.000000         0.000000         0.000000       
0.000000         0.000000         0.000000       
0.000000         0.000000         0.000000       
0.000000         0.000000         0.000000       
0.000000         0.000000         0.000000       
0.000000         0.000000         0.000000       
5.270455         3555.800049      322.083344     
7.277728         4910.040039      444.750000     

