  1 
11  14.920000
12  17.360001
13  13.290000
14  73.129997
15  40.310001
16  42.389999
17  32.759998
18  22.430000
19  16.940001
20  14.470000
21  14.440000
22  15.930000
23  28.090000
24  17.299999
25  37.470001
26  113.599998
27  118.400002
28  75.529999
29  57.250000
30  49.299999
31  42.509998
32  39.560001
33  37.070000
34  35.290001
35  39.240002
36  40.470001
37  40.419998
38  67.070000
39  51.680000
40  42.080002
41  41.450001
42  35.480000
43  30.400000
44  27.920000
45  26.270000
46  26.209999
47  26.780001
48  39.820000
49  73.580002
50  92.089996
51  69.480003
52  102.199997
53  96.480003
54  69.629997
55  61.029999
56  56.380001
57  54.709999
58  52.049999
59  110.500000
60  77.139999
61  78.250000
62  70.750000
63  49.610001
64  67.230003
65  101.400002
66  80.570000
67  64.010002
68  58.279999
69  57.889999
70  57.119999
71  53.610001
72  49.700001
73  45.009998
74  44.860001
75  61.070000
76  124.800003
77  53.610001
78  45.360001
79  38.900002
80  34.840000
81  33.599998
82  33.880001
83  32.110001
84  29.389999
85  26.240000
86  25.730000
87  19.559999
88  15.370000
89  9.935000
90  5.379000
91  2.849000
92  1.384000
93  3.646000
94  5.185000
95  7.312000
96  7.160000
97  7.142000
98  88.830002
99  188.000000
100  43.939999
101  40.509998
102  32.299999
103  27.389999
104  23.889999
105  22.930000
106  22.680000
107  22.020000
108  20.570000
109  18.910000
110  15.580000
111  14.110000
112  11.360000
113  5.590000
114  1.735000
115  0.503700
116  0.004745
117  1.084000
118  3.014000
119  5.359000
120  6.706000
121  6.763000
122  36.810001
123  32.580002
124  13.990000
125  9.345000
126  4.900000
127  2.293000
128  2.095000
129  3.287000
130  5.981000
131  7.205000
  2 
11  59.709999
12  23.100000
13  12.990000
14  337.500000
15  407.700012
16  257.700012
17  94.160004
18  35.130001
19  0.000000
20  0.000000
21  0.000000
22  22.400000
23  157.500000
24  89.889999
25  86.839996
26  437.299988
27  428.100006
28  322.500000
29  195.199997
30  17.840000
31  0.000000
32  0.494500
33  0.069280
34  0.662500
35  148.100006
36  63.930000
37  124.699997
38  222.399994
39  269.799988
40  192.699997
41  187.500000
42  11.610000
43  0.018770
44  0.005714
45  0.000000
46  1.046000
47  301.000000
48  161.300003
49  311.600006
50  223.600006
51  283.899994
52  353.000000
53  250.100006
54  27.090000
55  0.000000
56  0.000000
57  0.000000
58  3.240000
59  709.799988
60  106.400002
61  117.800003
62  182.500000
63  28.260000
64  366.100006
65  333.700012
66  178.100006
67  0.000000
68  0.000000
69  0.025220
70  1.536000
71  19.240000
72  4.435000
73  29.049999
74  194.600006
75  166.800003
76  588.900024
77  73.339996
78  8.254000
79  0.663500
80  0.000000
81  0.000000
82  6.179000
83  9.407000
84  5.032000
85  20.719999
86  87.769997
87  58.130001
88  228.800003
89  65.949997
90  0.255500
91  15.820000
92  0.000000
93  0.000000
94  8.803000
95  132.199997
96  47.580002
97  30.940001
98  467.899994
99  787.299988
100  105.500000
101  78.820000
102  2.926000
103  0.000000
104  0.018500
105  0.000000
106  0.000083
107  7.678000
108  6.175000
109  112.199997
110  45.590000
111  49.330002
112  77.070000
113  0.330600
114  0.000000
115  1.938000
116  3.955000
117  0.000000
118  0.145800
119  108.099998
120  61.320000
121  66.349998
122  224.600006
123  466.700012
124  128.800003
125  3.043000
126  0.000000
127  0.000000
128  0.000000
129  0.490500
130  3.993000
131  26.580000
  3 
11  15.870000
12  20.400000
13  15.520000
14  89.379997
15  53.220001
16  42.759998
17  28.450001
18  18.000000
19  13.210000
20  12.280000
21  13.380000
22  15.770000
23  32.660000
24  18.090000
25  45.930000
26  139.600006
27  143.699997
28  76.959999
29  45.360001
30  34.930000
31  30.090000
32  29.250000
33  28.790001
34  29.010000
35  36.950001
36  38.779999
37  42.209999
38  77.059998
39  51.650002
40  42.910000
41  39.389999
42  29.820000
43  25.940001
44  24.530001
45  24.139999
46  25.500000
47  27.920000
48  44.160000
49  84.260002
50  101.099998
51  62.320000
52  100.199997
53  82.720001
54  57.130001
55  51.029999
56  47.590000
57  47.250000
58  46.959999
59  120.199997
60  77.870003
61  82.010002
62  70.339996
63  46.490002
64  73.230003
65  97.699997
66  75.720001
67  62.240002
68  57.279999
69  56.189999
70  55.450001
71  53.750000
72  51.400002
73  48.349998
74  53.160000
75  70.940002
76  143.100006
77  52.880001
78  45.950001
79  41.360001
80  38.040001
81  37.290001
82  37.950001
83  37.360001
84  35.570000
85  33.340000
86  35.980000
87  27.620001
88  25.440001
89  18.360001
90  13.790000
91  11.360000
92  9.878000
93  12.260000
94  13.540000
95  15.540000
96  15.340000
97  15.680000
98  131.300003
99  221.000000
100  31.940001
101  29.790001
102  23.910000
103  21.170000
104  19.799999
105  20.389999
106  21.559999
107  22.040001
108  21.510000
109  21.110001
110  18.280001
111  17.770000
112  14.600000
113  8.335000
114  4.906000
115  3.941000
116  3.149000
117  5.058000
118  6.998000
119  9.400000
120  12.600000
121  12.380000
122  54.470001
123  46.320000
124  14.170000
125  7.115000
126  3.605000
127  1.704000
128  2.121000
129  3.811000
130  7.026000
131  8.471000
  4 
11  17.379999
12  18.930000
13  15.640000
14  66.410004
15  34.240002
16  36.080002
17  32.759998
18  24.049999
19  18.910000
20  16.389999
21  16.260000
22  17.799999
23  27.469999
24  18.910000
25  34.279999
26  98.120003
27  101.800003
28  68.180000
29  55.220001
30  54.709999
31  46.919998
32  43.009998
33  39.889999
34  37.779999
35  40.459999
36  40.790001
37  40.779999
38  60.509998
39  49.849998
40  43.240002
41  42.480000
42  40.380001
43  34.810001
44  30.879999
45  28.969999
46  28.860001
47  29.190001
48  37.799999
49  63.320000
50  82.980003
51  62.230000
52  95.800003
53  94.050003
54  78.949997
55  67.739998
56  60.450001
57  57.419998
58  54.410000
59  105.199997
60  73.570000
61  75.769997
62  69.459999
63  54.099998
64  64.870003
65  100.000000
66  86.349998
67  77.550003
68  69.120003
69  64.800003
70  61.380001
71  57.250000
72  52.959999
73  48.060001
74  45.820000
75  59.580002
76  111.900002
77  59.799999
78  52.610001
79  45.740002
80  40.389999
81  37.660000
82  37.130001
83  35.090000
84  32.360001
85  29.379999
86  27.110001
87  22.469999
88  17.260000
89  12.580000
90  7.861000
91  5.208000
92  3.640000
93  5.866000
94  7.308000
95  9.289000
96  8.970000
97  8.641000
98  68.379997
99  161.600006
100  41.529999
101  42.430000
102  35.139999
103  30.010000
104  26.510000
105  25.459999
106  25.209999
107  24.639999
108  22.959999
109  21.240000
110  17.790001
111  15.680000
112  12.670000
113  7.594000
114  3.683000
115  2.464000
116  1.308000
117  2.810000
118  4.646000
119  6.915000
120  7.369000
121  7.330000
122  30.129999
123  26.430000
124  12.120000
125  10.530000
126  6.477000
127  3.723000
128  3.490000
129  4.610000
130  7.279000
131  8.375000
  5 
11  4.869000
12  14.240000
13  5.520000
14  125.800003
15  95.199997
16  66.660004
17  34.360001
18  15.400000
19  5.401000
20  3.700000
21  4.262000
22  6.581000
23  40.689999
24  12.340000
25  59.549999
26  210.899994
27  213.000000
28  95.769997
29  61.830002
30  31.190001
31  24.240000
32  21.270000
33  19.049999
34  18.320000
35  33.990002
36  37.880001
37  53.259998
38  112.099998
39  70.529999
40  47.549999
41  46.299999
42  20.870001
43  15.190000
44  12.650000
45  11.610000
46  12.420000
47  21.299999
48  52.270000
49  136.500000
50  137.699997
51  94.940002
52  151.000000
53  113.300003
54  57.970001
55  46.650002
56  39.480000
57  36.730000
58  34.150002
59  168.699997
60  90.070000
61  97.209999
62  72.220001
63  31.290001
64  103.800003
65  129.399994
66  91.269997
67  55.150002
68  48.070000
69  44.520000
70  41.180000
71  37.380001
72  33.570000
73  29.620001
74  52.930000
75  57.049999
76  203.000000
77  45.820000
78  32.299999
79  26.360001
80  21.670000
81  19.959999
82  19.950001
83  18.930000
84  16.840000
85  14.770000
86  33.580002
87  14.400000
88  20.889999
89  3.607000
90  0.000000
91  0.000000
92  0.000000
93  0.000000
94  0.146500
95  2.249000
96  3.286000
97  7.712000
98  240.100006
99  297.600006
100  29.170000
101  25.620001
102  14.540000
103  10.490000
104  8.106000
105  8.149000
106  9.072000
107  9.399000
108  8.835000
109  16.020000
110  9.964000
111  9.376000
112  6.387000
113  0.000000
114  0.000000
115  0.000000
116  0.000000
117  0.000000
118  0.000000
119  0.806900
120  16.280001
121  11.490000
122  103.800003
123  78.980003
124  19.660000
125  1.058000
126  0.000000
127  0.000000
128  0.000000
129  0.000000
130  0.246500
131  1.774000
  6 
11  18.200001
12  21.129999
13  17.250000
14  78.080002
15  44.049999
16  39.820000
17  29.610001
18  20.299999
19  16.010000
20  14.780000
21  15.600000
22  17.799999
23  30.650000
24  19.730000
25  40.570000
26  117.599998
27  121.099998
28  72.739998
29  48.799999
30  41.070000
31  35.689999
32  34.110001
33  33.200001
34  32.980000
35  38.590000
36  40.020000
37  41.220001
38  69.180000
39  52.509998
40  43.099998
41  40.529999
42  33.959999
43  29.639999
44  27.700001
45  27.090000
46  28.200001
47  29.700001
48  42.049999
49  72.750000
50  90.669998
51  61.820000
52  93.050003
53  84.440002
54  63.389999
55  56.520000
56  52.180000
57  51.590000
58  50.790001
59  111.699997
60  76.000000
61  78.339996
62  70.440002
63  50.570000
64  68.769997
65  98.150002
66  78.480003
67  67.080002
68  61.630001
69  59.980000
70  59.049999
71  56.689999
72  54.090000
73  50.439999
74  51.689999
75  67.889999
76  129.100006
77  56.119999
78  49.160000
79  44.060001
80  40.599998
81  39.430000
82  39.810001
83  39.020000
84  37.049999
85  34.520000
86  34.189999
87  28.209999
88  24.090000
89  18.680000
90  14.080000
91  11.550000
92  9.992000
93  12.240000
94  13.510000
95  15.420000
96  15.070000
97  14.870000
98  97.779999
99  193.800003
100  36.880001
101  33.709999
102  27.770000
103  24.620001
104  22.809999
105  23.160000
106  23.940001
107  24.260000
108  23.490000
109  22.320000
110  19.520000
111  18.209999
112  15.310000
113  9.540000
114  5.830000
115  4.931000
116  4.018000
117  5.774000
118  7.690000
119  9.922000
120  11.240000
121  11.360000
122  41.770000
123  36.869999
124  13.960000
125  8.887000
126  5.130000
127  3.124000
128  3.372000
129  4.956000
130  7.994000
131  9.404000
  7 
11  18.080000
12  19.400000
13  16.270000
14  64.589996
15  32.520000
16  32.790001
17  32.029999
18  24.690001
19  19.620001
20  16.959999
21  16.799999
22  18.309999
23  27.290001
24  19.260000
25  33.470001
26  93.779999
27  106.900002
28  64.180000
29  50.709999
30  53.169998
31  47.200001
32  43.160000
33  40.020000
34  38.000000
35  40.279999
36  40.169998
37  40.200001
38  58.259998
39  48.400002
40  42.080002
41  41.080002
42  40.250000
43  35.619999
44  31.500000
45  29.530001
46  29.459999
47  29.850000
48  36.830002
49  59.480000
50  79.769997
51  58.119999
52  91.430000
53  89.849998
54  79.209999
55  68.540001
56  60.779999
57  57.990002
58  55.009998
59  103.599998
60  71.610001
61  74.779999
62  68.430000
63  54.470001
64  63.610001
65  95.809998
66  85.989998
67  78.820000
68  69.839996
69  65.320000
70  61.970001
71  57.950001
72  53.709999
73  48.810001
74  46.180000
75  59.060001
76  106.400002
77  58.540001
78  53.720001
79  46.590000
80  41.270000
81  38.439999
82  37.840000
83  36.029999
84  33.209999
85  30.260000
86  27.610001
87  23.219999
88  17.920000
89  13.340000
90  8.582000
91  5.923000
92  4.285000
93  6.559000
94  7.917000
95  9.849000
96  9.592000
97  9.060000
98  63.080002
99  153.199997
100  37.410000
101  42.000000
102  36.209999
103  30.809999
104  27.490000
105  26.100000
106  25.820000
107  25.299999
108  23.690001
109  21.879999
110  18.480000
111  16.080000
112  12.980000
113  8.155000
114  4.309000
115  3.030000
116  1.793000
117  3.332000
118  5.114000
119  7.335000
120  7.694000
121  7.544000
122  28.469999
123  24.900000
124  10.610000
125  10.420000
126  6.984000
127  4.235000
128  3.952000
129  4.976000
130  7.608000
131  8.723000
  8 
11  9.313000
12  16.129999
13  9.129000
14  103.500000
15  69.540001
16  54.669998
17  31.330000
18  16.980000
19  9.789000
20  8.234000
21  8.839000
22  10.930000
23  34.689999
24  13.750000
25  51.520000
26  171.199997
27  179.899994
28  88.910004
29  56.270000
30  36.160000
31  29.520000
32  27.070000
33  25.330000
34  24.690001
35  35.439999
36  38.570000
37  45.360001
38  90.059998
39  59.439999
40  45.130001
41  44.430000
42  27.170000
43  22.020000
44  19.459999
45  18.379999
46  19.160000
47  22.950001
48  47.259998
49  108.300003
50  119.000000
51  81.089996
52  126.500000
53  103.400002
54  61.939999
55  52.720001
56  46.520000
57  44.349998
58  42.419998
59  139.699997
60  84.660004
61  88.980003
62  72.279999
63  40.599998
64  87.160004
65  115.400002
66  86.639999
67  63.080002
68  56.330002
69  52.860001
70  50.259998
71  46.950001
72  43.150002
73  39.020000
74  50.740002
75  68.959999
76  168.800003
77  50.610001
78  40.230000
79  34.340000
80  29.860001
81  28.450001
82  28.200001
83  27.010000
84  24.830000
85  22.330000
86  30.830000
87  17.900000
88  19.469999
89  8.366000
90  3.467000
91  1.255000
92  0.055730
93  2.282000
94  4.022000
95  6.284000
96  6.462000
97  8.394000
98  178.600006
99  254.100006
100  32.529999
101  28.540001
102  20.290001
103  16.590000
104  14.440000
105  14.440000
106  15.120000
107  15.270000
108  14.490000
109  15.850000
110  12.620000
111  12.200000
112  9.229000
113  1.903000
114  0.000000
115  0.000000
116  0.000000
117  0.001153
118  0.855500
119  3.437000
120  11.430000
121  9.531000
122  73.019997
123  58.459999
124  16.309999
125  3.723000
126  0.468000
127  0.000000
128  0.000000
129  0.111000
130  2.800000
131  4.322000
  9 
11  18.160000
12  18.570000
13  15.940000
14  57.160000
15  28.760000
16  36.660000
17  34.520000
18  26.490000
19  21.150000
20  18.270000
21  17.740000
22  18.900000
23  25.900000
24  19.830000
25  29.660000
26  80.459999
27  94.980003
28  68.019997
29  63.439999
30  61.720001
31  52.470001
32  47.400002
33  43.360001
34  40.970001
35  41.430000
36  41.919998
37  40.470001
38  52.220001
39  47.509998
40  43.759998
41  46.570000
42  44.500000
43  37.680000
44  33.400002
45  30.719999
46  30.129999
47  30.020000
48  36.310001
49  57.630001
50  74.830002
51  67.769997
52  93.750000
53  99.980003
54  86.239998
55  73.839996
56  65.070000
57  60.410000
58  56.669998
59  99.389999
60  72.620003
61  72.470001
62  69.410004
63  57.240002
64  63.810001
65  105.400002
66  93.980003
67  83.529999
68  73.099998
69  67.680000
70  63.299999
71  58.130001
72  53.270000
73  47.900002
74  43.480000
75  54.310001
76  102.699997
77  64.070000
78  55.470001
79  47.560001
80  41.669998
81  38.540001
82  37.450001
83  34.950001
84  31.879999
85  28.719999
86  25.450001
87  21.450001
88  15.950000
89  11.430000
90  6.706000
91  4.066000
92  2.405000
93  4.700000
94  6.098000
95  8.094000
96  7.869000
97  7.391000
98  45.990002
99  136.699997
100  50.990002
101  48.790001
102  40.230000
103  34.369999
104  30.100000
105  28.280001
106  27.639999
107  26.580000
108  24.670000
109  22.430000
110  18.740000
111  15.810000
112  13.060000
113  8.023000
114  3.896000
115  2.544000
116  1.331000
117  2.713000
118  4.452000
119  6.613000
120  6.743000
121  6.304000
122  22.200001
123  20.309999
124  14.580000
125  12.410000
126  7.823000
127  4.981000
128  4.487000
129  5.379000
130  7.914000
131  8.877000
  10 
11  18.320000
12  19.549999
13  16.500000
14  63.919998
15  31.920000
16  31.250000
17  31.350000
18  24.879999
19  19.920000
20  17.209999
21  16.950001
22  18.490000
23  27.280001
24  19.350000
25  33.169998
26  92.300003
27  105.000000
28  62.549999
29  48.529999
30  52.410000
31  47.490002
32  43.450001
33  40.380001
34  38.240002
35  40.360001
36  40.080002
37  40.090000
38  57.639999
39  47.880001
40  41.580002
41  40.450001
42  39.930000
43  35.939999
44  31.860001
45  29.809999
46  29.760000
47  30.100000
48  36.509998
49  57.939999
50  78.080002
51  56.480000
52  89.029999
53  87.750000
54  79.010002
55  68.930000
56  60.939999
57  58.220001
58  55.169998
59  103.000000
60  70.720001
61  74.260002
62  67.930000
63  54.419998
64  63.060001
65  93.510002
66  84.440002
67  78.870003
68  70.199997
69  65.510002
70  62.160000
71  58.180000
72  53.970001
73  49.090000
74  46.290001
75  58.840000
76  104.199997
77  57.320000
78  54.029999
79  47.020000
80  41.580002
81  38.700001
82  38.119999
83  36.320000
84  33.500000
85  30.469999
86  27.900000
87  23.490000
88  18.180000
89  13.600000
90  8.819000
91  6.156000
92  4.552000
93  6.788000
94  8.134000
95  10.050000
96  9.786000
97  9.238000
98  61.330002
99  150.100006
100  35.080002
101  41.099998
102  36.490002
103  31.299999
104  27.790001
105  26.400000
106  26.040001
107  25.459999
108  24.010000
109  22.100000
110  18.700001
111  16.230000
112  13.060000
113  8.303000
114  4.536000
115  3.213000
116  1.979000
117  3.513000
118  5.261000
119  7.515000
120  7.774000
121  7.651000
122  27.920000
123  24.340000
124  9.870000
125  10.110000
126  7.108000
127  4.464000
128  4.130000
129  5.121000
130  7.736000
131  8.848000
  11 
11  18.530001
12  21.370001
13  10.800000
14  247.199997
15  256.299988
16  152.500000
17  55.709999
18  18.000000
19  0.000000
20  0.000000
21  0.000000
22  0.813300
23  98.230003
24  42.369999
25  84.970001
26  364.399994
27  408.700012
28  177.500000
29  89.029999
30  3.231000
31  0.000000
32  0.000000
33  0.000000
34  0.430000
35  62.919998
36  40.630001
37  125.900002
38  190.100006
39  155.100006
40  93.000000
41  93.519997
42  4.554000
43  0.000000
44  0.000000
45  0.000000
46  0.515000
47  97.150002
48  103.199997
49  240.800003
50  181.399994
51  176.199997
52  255.100006
53  173.399994
54  17.879999
55  1.550000
56  1.346000
57  4.113000
58  6.529000
59  401.600006
60  106.900002
61  124.099998
62  109.500000
63  16.150000
64  210.300003
65  231.899994
66  123.599998
67  2.222000
68  1.913000
69  4.396000
70  7.001000
71  9.212000
72  8.753000
73  20.809999
74  118.699997
75  72.930000
76  395.500000
77  37.939999
78  4.025000
79  0.969600
80  0.114200
81  1.657000
82  4.240000
83  5.816000
84  5.969000
85  9.938000
86  75.989998
87  29.139999
88  99.629997
89  18.730000
90  0.000000
91  5.055000
92  0.000000
93  0.000000
94  0.083900
95  31.190001
96  16.049999
97  27.620001
98  476.500000
99  564.200012
100  42.220001
101  29.750000
102  1.102000
103  0.000000
104  0.000000
105  0.000000
106  0.000000
107  0.705200
108  1.705000
109  59.720001
110  17.270000
111  20.969999
112  27.410000
113  0.000000
114  0.000000
115  0.000000
116  0.000000
117  0.000000
118  0.000000
119  27.430000
120  53.040001
121  42.549999
122  234.399994
123  244.899994
124  59.250000
125  0.537300
126  0.000000
127  0.000000
128  0.000000
129  0.000000
130  0.000000
131  1.730000
  12 
11  0.000000
12  4.173000
13  0.098420
14  75.099998
15  39.509998
16  21.330000
17  6.898000
18  0.424300
19  0.000000
20  0.000000
21  0.000000
22  0.000000
23  15.890000
24  0.487000
25  29.709999
26  125.800003
27  129.500000
28  53.270000
29  9.780000
30  0.000000
31  0.000000
32  0.000000
33  0.000000
34  0.000000
35  7.025000
36  8.443000
37  11.260000
38  49.840000
39  24.709999
40  13.910000
41  7.012000
42  0.000000
43  0.000000
44  0.000000
45  0.000000
46  0.000000
47  0.729500
48  15.820000
49  49.410000
50  66.570000
51  18.040001
52  47.520000
53  20.209999
54  0.000000
55  0.000000
56  0.000000
57  0.000000
58  0.000000
59  73.150002
60  25.690001
61  34.650002
62  21.090000
63  0.000000
64  23.430000
65  32.750000
66  7.247000
67  0.000000
68  0.000000
69  0.000000
70  0.000000
71  0.000000
72  0.000000
73  0.000000
74  8.866000
75  29.290001
76  94.779999
77  0.265100
78  0.000000
79  0.000000
80  0.000000
81  0.000000
82  0.000000
83  0.000000
84  0.000000
85  0.000000
86  5.162000
87  0.000000
88  2.192000
89  0.000000
90  0.000000
91  0.000000
92  0.000000
93  0.000000
94  0.000000
95  0.000000
96  0.000000
97  0.725000
98  121.800003
99  205.100006
100  1.767000
101  0.017990
102  0.000000
103  0.000000
104  0.000000
105  0.000000
106  0.000000
107  0.000000
108  0.000000
109  0.019510
110  0.284200
111  1.813000
112  1.288000
113  0.000000
114  0.000000
115  0.000000
116  0.000000
117  0.000000
118  0.000000
119  0.000000
120  2.747000
121  2.866000
122  46.970001
123  39.270000
124  2.492000
125  0.000000
126  0.000000
127  0.000000
128  0.000000
129  0.000000
130  0.000000
131  0.000000
