11  0.000000e+000
12  4.173000e+000
13  9.842000e-002
14  7.510000e+001
15  3.951000e+001
16  2.133000e+001
17  6.898000e+000
18  4.243000e-001
19  0.000000e+000
20  0.000000e+000
21  0.000000e+000
22  0.000000e+000
23  1.589000e+001
24  4.870000e-001
25  2.971000e+001
26  1.258000e+002
27  1.295000e+002
28  5.327000e+001
29  9.780000e+000
30  0.000000e+000
31  0.000000e+000
32  0.000000e+000
33  0.000000e+000
34  0.000000e+000
35  7.025000e+000
36  8.443000e+000
37  1.126000e+001
38  4.984000e+001
39  2.471000e+001
40  1.391000e+001
41  7.012000e+000
42  0.000000e+000
43  0.000000e+000
44  0.000000e+000
45  0.000000e+000
46  0.000000e+000
47  7.295000e-001
48  1.582000e+001
49  4.941000e+001
50  6.657000e+001
51  1.804000e+001
52  4.752000e+001
53  2.021000e+001
54  0.000000e+000
55  0.000000e+000
56  0.000000e+000
57  0.000000e+000
58  0.000000e+000
59  7.315000e+001
60  2.569000e+001
61  3.465000e+001
62  2.109000e+001
63  0.000000e+000
64  2.343000e+001
65  3.275000e+001
66  7.247000e+000
67  0.000000e+000
68  0.000000e+000
69  0.000000e+000
70  0.000000e+000
71  0.000000e+000
72  0.000000e+000
73  0.000000e+000
74  8.866000e+000
75  2.929000e+001
76  9.478000e+001
77  2.651000e-001
78  0.000000e+000
79  0.000000e+000
80  0.000000e+000
81  0.000000e+000
82  0.000000e+000
83  0.000000e+000
84  0.000000e+000
85  0.000000e+000
86  5.162000e+000
87  0.000000e+000
88  2.192000e+000
89  0.000000e+000
90  0.000000e+000
91  0.000000e+000
92  0.000000e+000
93  0.000000e+000
94  0.000000e+000
95  0.000000e+000
96  0.000000e+000
97  7.250000e-001
98  1.218000e+002
99  2.051000e+002
100  1.767000e+000
101  1.799000e-002
102  0.000000e+000
103  0.000000e+000
104  0.000000e+000
105  0.000000e+000
106  0.000000e+000
107  0.000000e+000
108  0.000000e+000
109  1.951000e-002
110  2.842000e-001
111  1.813000e+000
112  1.288000e+000
113  0.000000e+000
114  0.000000e+000
115  0.000000e+000
116  0.000000e+000
117  0.000000e+000
118  0.000000e+000
119  0.000000e+000
120  2.747000e+000
121  2.866000e+000
122  4.697000e+001
123  3.927000e+001
124  2.492000e+000
125  0.000000e+000
126  0.000000e+000
127  0.000000e+000
128  0.000000e+000
129  0.000000e+000
130  0.000000e+000
131  0.000000e+000
