   1 
1  8.760000e-001
2  7.140000e-001
3  7.130000e-001
4  1.416000e+000
5  1.356000e+000
6  1.175000e+000
7  1.087000e+000
8  9.710000e-001
9  8.420000e-001
10  7.790000e-001
11  6.750000e-001
12  6.240000e-001
13  5.580000e-001
14  4.530000e-001
15  8.100000e-001
16  3.189000e+000
17  3.596000e+000
18  3.115000e+000
19  2.882000e+000
20  2.576000e+000
21  2.232000e+000
22  2.064000e+000
23  1.789000e+000
24  1.655000e+000
25  1.480000e+000
26  1.579000e+000
27  2.899000e+000
28  2.712000e+000
29  2.842000e+000
30  2.469000e+000
31  2.284000e+000
32  2.041000e+000
33  1.769000e+000
34  1.636000e+000
35  1.418000e+000
36  1.312000e+000
37  1.172000e+000
38  9.510000e-001
39  9.460000e-001
40  8.200000e-001
41  7.580000e-001
42  6.570000e-001
43  6.080000e-001
44  5.430000e-001
45  4.710000e-001
46  4.350000e-001
47  3.770000e-001
48  1.239000e+000
49  4.147000e+000
50  3.955000e+000
51  5.002000e+000
52  5.582000e+000
53  5.164000e+000
54  4.474000e+000
55  4.139000e+000
56  3.699000e+000
57  3.205000e+000
58  2.965000e+000
59  2.569000e+000
60  2.376000e+000
61  2.124000e+000
62  1.723000e+000
63  1.714000e+000
64  1.485000e+000
65  1.374000e+000
66  1.191000e+000
67  1.101000e+000
68  9.840000e-001
69  8.530000e-001
70  7.890000e-001
71  6.840000e-001
72  6.320000e-001
73  5.650000e-001
74  4.740000e-001
75  4.550000e-001
76  3.940000e-001
77  3.640000e-001
78  3.160000e-001
79  2.920000e-001
80  2.610000e-001
81  2.260000e-001
82  2.090000e-001
83  1.810000e-001
84  1.680000e-001
85  1.500000e-001
86  1.220000e-001
87  1.210000e-001
88  1.050000e-001
89  9.700000e-002
90  8.400000e-002
91  7.800000e-002
92  6.900000e-002
93  6.000000e-002
94  5.600000e-002
95  4.800000e-002
96  4.500000e-002
97  4.000000e-002
98  3.400000e-002
99  9.560000e-001
100  1.889000e+000
101  1.750000e+000
102  1.516000e+000
103  1.402000e+000
104  1.253000e+000
105  1.086000e+000
106  1.004000e+000
107  8.700000e-001
108  8.050000e-001
109  7.190000e-001
110  5.840000e-001
111  5.810000e-001
112  5.030000e-001
113  4.660000e-001
114  4.030000e-001
115  3.730000e-001
116  3.330000e-001
117  2.890000e-001
118  2.670000e-001
119  2.320000e-001
120  2.140000e-001
121  1.910000e-001
122  1.610000e-001
123  1.570000e-001
124  1.430000e-001
125  1.320000e-001
126  1.140000e-001
127  1.060000e-001
128  9.400000e-002
129  8.200000e-002
130  7.600000e-002
131  6.600000e-002
132  6.100000e-002
133  5.400000e-002
134  4.400000e-002
135  4.400000e-002
136  3.800000e-002
137  3.500000e-002
138  3.000000e-002
139  2.800000e-002
140  2.500000e-002
141  2.200000e-002
142  2.000000e-002
143  1.700000e-002
144  1.600000e-002
   2 
1  1.520000e-001
2  1.710000e-001
3  2.100000e-001
4  2.360000e-001
5  2.520000e-001
6  2.270000e-001
7  2.140000e-001
8  1.940000e-001
9  1.710000e-001
10  1.610000e-001
11  1.420000e-001
12  1.380000e-001
13  1.400000e-001
14  1.390000e-001
15  2.430000e-001
16  3.200000e-001
17  3.360000e-001
18  3.060000e-001
19  2.880000e-001
20  2.620000e-001
21  2.310000e-001
22  2.180000e-001
23  1.920000e-001
24  2.010000e-001
25  2.010000e-001
26  2.140000e-001
27  2.490000e-001
28  2.410000e-001
29  2.580000e-001
30  2.480000e-001
31  2.370000e-001
32  2.160000e-001
33  1.900000e-001
34  1.790000e-001
35  1.580000e-001
36  1.550000e-001
37  1.510000e-001
38  1.590000e-001
39  2.020000e-001
40  2.000000e-001
41  2.290000e-001
42  2.200000e-001
43  2.080000e-001
44  1.890000e-001
45  1.670000e-001
46  1.570000e-001
47  1.690000e-001
48  2.250000e-001
49  4.690000e-001
50  4.450000e-001
51  5.210000e-001
52  5.870000e-001
53  6.070000e-001
54  5.390000e-001
55  5.080000e-001
56  4.620000e-001
57  4.070000e-001
58  3.840000e-001
59  3.670000e-001
60  3.570000e-001
61  3.260000e-001
62  2.780000e-001
63  2.850000e-001
64  2.730000e-001
65  2.780000e-001
66  2.470000e-001
67  2.330000e-001
68  2.120000e-001
69  1.870000e-001
70  1.760000e-001
71  1.550000e-001
72  1.460000e-001
73  1.330000e-001
74  1.140000e-001
75  1.380000e-001
76  1.590000e-001
77  1.740000e-001
78  1.590000e-001
79  1.500000e-001
80  1.370000e-001
81  1.200000e-001
82  1.130000e-001
83  1.000000e-001
84  9.400000e-002
85  8.600000e-002
86  7.900000e-002
87  1.000000e-001
88  9.900000e-002
89  1.100000e-001
90  1.260000e-001
91  1.440000e-001
92  1.350000e-001
93  1.190000e-001
94  1.120000e-001
95  1.160000e-001
96  1.130000e-001
97  1.030000e-001
98  1.170000e-001
99  1.730000e-001
100  1.970000e-001
101  2.240000e-001
102  2.230000e-001
103  2.100000e-001
104  1.910000e-001
105  1.690000e-001
106  1.590000e-001
107  1.400000e-001
108  1.320000e-001
109  1.430000e-001
110  1.320000e-001
111  1.340000e-001
112  1.180000e-001
113  1.120000e-001
114  9.900000e-002
115  9.300000e-002
116  8.500000e-002
117  7.500000e-002
118  7.000000e-002
119  7.600000e-002
120  7.100000e-002
121  8.100000e-002
122  7.200000e-002
123  7.600000e-002
124  8.900000e-002
125  9.500000e-002
126  8.500000e-002
127  8.000000e-002
128  7.200000e-002
129  6.400000e-002
130  6.000000e-002
131  5.700000e-002
132  5.700000e-002
133  5.800000e-002
134  4.800000e-002
135  5.700000e-002
136  5.800000e-002
137  6.500000e-002
138  5.700000e-002
139  5.400000e-002
140  4.900000e-002
141  4.300000e-002
142  4.100000e-002
143  3.800000e-002
144  5.000000e-002
   3 
1  9.310000e-001
2  7.890000e-001
3  8.210000e-001
4  1.171000e+000
5  1.156000e+000
6  1.044000e+000
7  1.008000e+000
8  9.400000e-001
9  8.490000e-001
10  8.200000e-001
11  7.410000e-001
12  7.150000e-001
13  6.670000e-001
14  5.630000e-001
15  8.010000e-001
16  2.228000e+000
17  2.549000e+000
18  2.305000e+000
19  2.224000e+000
20  2.075000e+000
21  1.875000e+000
22  1.809000e+000
23  1.635000e+000
24  1.577000e+000
25  1.473000e+000
26  1.450000e+000
27  2.141000e+000
28  2.045000e+000
29  2.161000e+000
30  1.957000e+000
31  1.889000e+000
32  1.761000e+000
33  1.592000e+000
34  1.536000e+000
35  1.388000e+000
36  1.339000e+000
37  1.249000e+000
38  1.056000e+000
39  1.097000e+000
40  9.920000e-001
41  9.590000e-001
42  8.670000e-001
43  8.360000e-001
44  7.800000e-001
45  7.050000e-001
46  6.800000e-001
47  6.160000e-001
48  1.145000e+000
49  2.982000e+000
50  2.865000e+000
51  3.621000e+000
52  4.067000e+000
53  3.924000e+000
54  3.546000e+000
55  3.421000e+000
56  3.191000e+000
57  2.884000e+000
58  2.783000e+000
59  2.515000e+000
60  2.426000e+000
61  2.263000e+000
62  1.913000e+000
63  1.982000e+000
64  1.791000e+000
65  1.728000e+000
66  1.562000e+000
67  1.507000e+000
68  1.406000e+000
69  1.270000e+000
70  1.226000e+000
71  1.108000e+000
72  1.069000e+000
73  9.970000e-001
74  8.720000e-001
75  8.710000e-001
76  7.870000e-001
77  7.600000e-001
78  6.860000e-001
79  6.620000e-001
80  6.180000e-001
81  5.580000e-001
82  5.390000e-001
83  4.870000e-001
84  4.700000e-001
85  4.380000e-001
86  3.700000e-001
87  3.840000e-001
88  3.470000e-001
89  3.350000e-001
90  3.020000e-001
91  2.920000e-001
92  2.720000e-001
93  2.460000e-001
94  2.370000e-001
95  2.140000e-001
96  2.070000e-001
97  1.930000e-001
98  1.660000e-001
99  7.080000e-001
100  1.270000e+000
101  1.229000e+000
102  1.110000e+000
103  1.071000e+000
104  9.990000e-001
105  9.030000e-001
106  8.710000e-001
107  7.870000e-001
108  7.600000e-001
109  7.090000e-001
110  5.990000e-001
111  6.210000e-001
112  5.610000e-001
113  5.410000e-001
114  4.890000e-001
115  4.720000e-001
116  4.400000e-001
117  3.980000e-001
118  3.840000e-001
119  3.470000e-001
120  3.350000e-001
121  3.120000e-001
122  2.730000e-001
123  2.750000e-001
124  2.540000e-001
125  2.450000e-001
126  2.220000e-001
127  2.140000e-001
128  2.000000e-001
129  1.800000e-001
130  1.740000e-001
131  1.570000e-001
132  1.520000e-001
133  1.410000e-001
134  1.200000e-001
135  1.240000e-001
136  1.120000e-001
137  1.080000e-001
138  9.800000e-002
139  9.400000e-002
140  8.800000e-002
141  7.900000e-002
142  7.700000e-002
143  6.900000e-002
144  6.700000e-002
   4 
1  1.096000e+000
2  8.970000e-001
3  9.010000e-001
4  1.584000e+000
5  1.525000e+000
6  1.334000e+000
7  1.246000e+000
8  1.124000e+000
9  9.820000e-001
10  9.170000e-001
11  8.020000e-001
12  7.490000e-001
13  6.760000e-001
14  5.530000e-001
15  8.920000e-001
16  3.125000e+000
17  3.523000e+000
18  3.081000e+000
19  2.876000e+000
20  2.595000e+000
21  2.269000e+000
22  2.119000e+000
23  1.853000e+000
24  1.730000e+000
25  1.562000e+000
26  1.679000e+000
27  3.082000e+000
28  2.892000e+000
29  3.028000e+000
30  2.654000e+000
31  2.478000e+000
32  2.236000e+000
33  1.955000e+000
34  1.826000e+000
35  1.596000e+000
36  1.491000e+000
37  1.345000e+000
38  1.101000e+000
39  1.105000e+000
40  9.660000e-001
41  9.020000e-001
42  7.890000e-001
43  7.370000e-001
44  6.650000e-001
45  5.810000e-001
46  5.430000e-001
47  4.750000e-001
48  1.265000e+000
49  3.945000e+000
50  3.800000e+000
51  4.799000e+000
52  5.348000e+000
53  4.993000e+000
54  4.366000e+000
55  4.077000e+000
56  3.678000e+000
57  3.216000e+000
58  3.003000e+000
59  2.626000e+000
60  2.452000e+000
61  2.212000e+000
62  1.811000e+000
63  1.818000e+000
64  1.590000e+000
65  1.484000e+000
66  1.298000e+000
67  1.212000e+000
68  1.093000e+000
69  9.560000e-001
70  8.930000e-001
71  7.810000e-001
72  7.290000e-001
73  6.580000e-001
74  5.570000e-001
75  5.390000e-001
76  4.710000e-001
77  4.400000e-001
78  3.850000e-001
79  3.590000e-001
80  3.240000e-001
81  2.830000e-001
82  2.650000e-001
83  2.310000e-001
84  2.160000e-001
85  1.950000e-001
86  1.600000e-001
87  1.600000e-001
88  1.400000e-001
89  1.310000e-001
90  1.140000e-001
91  1.070000e-001
92  9.600000e-002
93  8.400000e-002
94  7.900000e-002
95  6.900000e-002
96  6.400000e-002
97  5.800000e-002
98  4.700000e-002
99  9.250000e-001
100  1.822000e+000
101  1.701000e+000
102  1.487000e+000
103  1.389000e+000
104  1.253000e+000
105  1.096000e+000
106  1.023000e+000
107  8.940000e-001
108  8.350000e-001
109  7.530000e-001
110  6.170000e-001
111  6.190000e-001
112  5.420000e-001
113  5.060000e-001
114  4.420000e-001
115  4.130000e-001
116  3.720000e-001
117  3.260000e-001
118  3.040000e-001
119  2.660000e-001
120  2.480000e-001
121  2.240000e-001
122  1.900000e-001
123  1.850000e-001
124  1.650000e-001
125  1.540000e-001
126  1.350000e-001
127  1.260000e-001
128  1.130000e-001
129  9.900000e-002
130  9.300000e-002
131  8.100000e-002
132  7.600000e-002
133  6.800000e-002
134  5.600000e-002
135  5.600000e-002
136  4.900000e-002
137  4.600000e-002
138  4.000000e-002
139  3.700000e-002
140  3.400000e-002
141  2.900000e-002
142  2.800000e-002
143  2.400000e-002
144  2.200000e-002
   5 
1  2.730000e-001
2  2.370000e-001
3  2.470000e-001
4  3.860000e-001
5  3.710000e-001
6  3.120000e-001
7  2.800000e-001
8  2.430000e-001
9  2.040000e-001
10  1.830000e-001
11  1.540000e-001
12  1.380000e-001
13  1.200000e-001
14  9.400000e-002
15  4.710000e-001
16  2.846000e+000
17  3.206000e+000
18  2.703000e+000
19  2.427000e+000
20  2.104000e+000
21  1.769000e+000
22  1.588000e+000
23  1.335000e+000
24  1.208000e+000
25  1.059000e+000
26  9.150000e-001
27  9.060000e-001
28  8.340000e-001
29  8.420000e-001
30  7.090000e-001
31  6.360000e-001
32  5.520000e-001
33  4.640000e-001
34  4.160000e-001
35  3.500000e-001
36  3.140000e-001
37  2.740000e-001
38  2.220000e-001
39  2.420000e-001
40  2.200000e-001
41  2.160000e-001
42  1.860000e-001
43  1.670000e-001
44  1.450000e-001
45  1.220000e-001
46  1.090000e-001
47  1.090000e-001
48  1.059000e+000
49  4.485000e+000
50  4.020000e+000
51  4.923000e+000
52  5.585000e+000
53  5.021000e+000
54  4.221000e+000
55  3.789000e+000
56  3.285000e+000
57  2.761000e+000
58  2.479000e+000
59  2.114000e+000
60  1.904000e+000
61  1.650000e+000
62  1.301000e+000
63  1.257000e+000
64  1.058000e+000
65  9.540000e-001
66  8.020000e-001
67  7.200000e-001
68  6.240000e-001
69  5.250000e-001
70  4.710000e-001
71  3.960000e-001
72  3.560000e-001
73  3.080000e-001
74  2.510000e-001
75  2.340000e-001
76  1.970000e-001
77  1.770000e-001
78  1.480000e-001
79  1.330000e-001
80  1.160000e-001
81  9.700000e-002
82  8.700000e-002
83  7.300000e-002
84  6.600000e-002
85  5.700000e-002
86  4.500000e-002
87  4.300000e-002
88  3.700000e-002
89  3.300000e-002
90  2.800000e-002
91  2.500000e-002
92  2.100000e-002
93  1.800000e-002
94  1.600000e-002
95  1.400000e-002
96  1.200000e-002
97  1.100000e-002
98  3.400000e-002
99  7.100000e-001
100  1.352000e+000
101  1.223000e+000
102  1.032000e+000
103  9.260000e-001
104  8.030000e-001
105  6.750000e-001
106  6.060000e-001
107  5.090000e-001
108  4.570000e-001
109  3.960000e-001
110  3.120000e-001
111  3.020000e-001
112  2.540000e-001
113  2.280000e-001
114  1.920000e-001
115  1.720000e-001
116  1.490000e-001
117  1.250000e-001
118  1.130000e-001
119  9.500000e-002
120  8.500000e-002
121  7.400000e-002
122  6.000000e-002
123  6.100000e-002
124  6.500000e-002
125  5.800000e-002
126  4.900000e-002
127  4.400000e-002
128  3.800000e-002
129  3.200000e-002
130  2.900000e-002
131  2.400000e-002
132  2.200000e-002
133  1.900000e-002
134  1.500000e-002
135  1.400000e-002
136  1.200000e-002
137  1.100000e-002
138  9.000000e-003
139  8.000000e-003
140  7.000000e-003
141  6.000000e-003
142  5.000000e-003
143  4.000000e-003
144  4.000000e-003
   6 
1  1.134000e+000
2  9.560000e-001
3  9.890000e-001
4  1.420000e+000
5  1.396000e+000
6  1.256000e+000
7  1.207000e+000
8  1.121000e+000
9  1.009000e+000
10  9.700000e-001
11  8.730000e-001
12  8.390000e-001
13  7.790000e-001
14  6.560000e-001
15  9.140000e-001
16  2.480000e+000
17  2.819000e+000
18  2.537000e+000
19  2.438000e+000
20  2.265000e+000
21  2.038000e+000
22  1.959000e+000
23  1.763000e+000
24  1.694000e+000
25  1.575000e+000
26  1.591000e+000
27  2.504000e+000
28  2.385000e+000
29  2.515000e+000
30  2.268000e+000
31  2.180000e+000
32  2.025000e+000
33  1.822000e+000
34  1.751000e+000
35  1.576000e+000
36  1.515000e+000
37  1.407000e+000
38  1.185000e+000
39  1.223000e+000
40  1.100000e+000
41  1.058000e+000
42  9.520000e-001
43  9.150000e-001
44  8.500000e-001
45  7.650000e-001
46  7.350000e-001
47  6.610000e-001
48  1.225000e+000
49  3.172000e+000
50  3.065000e+000
51  3.871000e+000
52  4.324000e+000
53  4.155000e+000
54  3.740000e+000
55  3.594000e+000
56  3.339000e+000
57  3.005000e+000
58  2.888000e+000
59  2.599000e+000
60  2.498000e+000
61  2.320000e+000
62  1.953000e+000
63  2.016000e+000
64  1.815000e+000
65  1.744000e+000
66  1.569000e+000
67  1.508000e+000
68  1.401000e+000
69  1.261000e+000
70  1.212000e+000
71  1.091000e+000
72  1.048000e+000
73  9.740000e-001
74  8.480000e-001
75  8.440000e-001
76  7.600000e-001
77  7.300000e-001
78  6.570000e-001
79  6.310000e-001
80  5.870000e-001
81  5.280000e-001
82  5.070000e-001
83  4.570000e-001
84  4.390000e-001
85  4.080000e-001
86  3.430000e-001
87  3.540000e-001
88  3.190000e-001
89  3.060000e-001
90  2.760000e-001
91  2.650000e-001
92  2.460000e-001
93  2.220000e-001
94  2.130000e-001
95  1.920000e-001
96  1.840000e-001
97  1.710000e-001
98  1.450000e-001
99  7.580000e-001
100  1.395000e+000
101  1.342000e+000
102  1.208000e+000
103  1.161000e+000
104  1.079000e+000
105  9.710000e-001
106  9.330000e-001
107  8.400000e-001
108  8.070000e-001
109  7.490000e-001
110  6.310000e-001
111  6.510000e-001
112  5.860000e-001
113  5.630000e-001
114  5.070000e-001
115  4.870000e-001
116  4.530000e-001
117  4.070000e-001
118  3.910000e-001
119  3.520000e-001
120  3.390000e-001
121  3.140000e-001
122  2.740000e-001
123  2.740000e-001
124  2.520000e-001
125  2.420000e-001
126  2.180000e-001
127  2.090000e-001
128  1.940000e-001
129  1.750000e-001
130  1.680000e-001
131  1.510000e-001
132  1.450000e-001
133  1.350000e-001
134  1.140000e-001
135  1.170000e-001
136  1.060000e-001
137  1.020000e-001
138  9.100000e-002
139  8.800000e-002
140  8.200000e-002
141  7.300000e-002
142  7.100000e-002
143  6.300000e-002
144  6.100000e-002
   7 
1  1.157000e+000
2  9.500000e-001
3  9.560000e-001
4  1.630000e+000
5  1.571000e+000
6  1.377000e+000
7  1.289000e+000
8  1.166000e+000
9  1.022000e+000
10  9.570000e-001
11  8.390000e-001
12  7.850000e-001
13  7.100000e-001
14  5.830000e-001
15  9.160000e-001
16  3.106000e+000
17  3.501000e+000
18  3.069000e+000
19  2.872000e+000
20  2.598000e+000
21  2.277000e+000
22  2.132000e+000
23  1.869000e+000
24  1.749000e+000
25  1.583000e+000
26  1.704000e+000
27  3.124000e+000
28  2.935000e+000
29  3.072000e+000
30  2.699000e+000
31  2.527000e+000
32  2.285000e+000
33  2.003000e+000
34  1.875000e+000
35  1.644000e+000
36  1.539000e+000
37  1.392000e+000
38  1.142000e+000
39  1.149000e+000
40  1.007000e+000
41  9.430000e-001
42  8.270000e-001
43  7.740000e-001
44  7.000000e-001
45  6.130000e-001
46  5.740000e-001
47  5.030000e-001
48  1.274000e+000
49  3.892000e+000
50  3.758000e+000
51  4.742000e+000
52  5.282000e+000
53  4.944000e+000
54  4.334000e+000
55  4.057000e+000
56  3.669000e+000
57  3.217000e+000
58  3.011000e+000
59  2.639000e+000
60  2.471000e+000
61  2.234000e+000
62  1.834000e+000
63  1.845000e+000
64  1.618000e+000
65  1.514000e+000
66  1.327000e+000
67  1.243000e+000
68  1.124000e+000
69  9.850000e-001
70  9.220000e-001
71  8.080000e-001
72  7.570000e-001
73  6.840000e-001
74  5.810000e-001
75  5.630000e-001
76  4.940000e-001
77  4.620000e-001
78  4.050000e-001
79  3.790000e-001
80  3.430000e-001
81  3.010000e-001
82  2.810000e-001
83  2.470000e-001
84  2.310000e-001
85  2.090000e-001
86  1.710000e-001
87  1.730000e-001
88  1.510000e-001
89  1.420000e-001
90  1.240000e-001
91  1.160000e-001
92  1.050000e-001
93  9.200000e-002
94  8.600000e-002
95  7.600000e-002
96  7.100000e-002
97  6.400000e-002
98  5.300000e-002
99  9.170000e-001
100  1.801000e+000
101  1.686000e+000
102  1.478000e+000
103  1.383000e+000
104  1.251000e+000
105  1.097000e+000
106  1.026000e+000
107  9.000000e-001
108  8.420000e-001
109  7.620000e-001
110  6.250000e-001
111  6.290000e-001
112  5.510000e-001
113  5.160000e-001
114  4.530000e-001
115  4.240000e-001
116  3.830000e-001
117  3.360000e-001
118  3.140000e-001
119  2.760000e-001
120  2.580000e-001
121  2.330000e-001
122  1.980000e-001
123  1.930000e-001
124  1.710000e-001
125  1.600000e-001
126  1.400000e-001
127  1.310000e-001
128  1.180000e-001
129  1.040000e-001
130  9.700000e-002
131  8.500000e-002
132  8.000000e-002
133  7.200000e-002
134  5.900000e-002
135  6.000000e-002
136  5.200000e-002
137  4.900000e-002
138  4.300000e-002
139  4.000000e-002
140  3.600000e-002
141  3.200000e-002
142  3.000000e-002
143  2.600000e-002
144  2.400000e-002
   8 
1  5.610000e-001
2  4.650000e-001
3  4.750000e-001
4  8.620000e-001
5  8.280000e-001
6  7.190000e-001
7  6.670000e-001
8  5.980000e-001
9  5.190000e-001
10  4.820000e-001
11  4.190000e-001
12  3.880000e-001
13  3.480000e-001
14  2.830000e-001
15  6.030000e-001
16  2.674000e+000
17  3.051000e+000
18  2.656000e+000
19  2.464000e+000
20  2.208000e+000
21  1.918000e+000
22  1.780000e+000
23  1.546000e+000
24  1.439000e+000
25  1.297000e+000
26  1.242000e+000
27  1.788000e+000
28  1.685000e+000
29  1.774000e+000
30  1.545000e+000
31  1.434000e+000
32  1.285000e+000
33  1.116000e+000
34  1.036000e+000
35  9.000000e-001
36  8.350000e-001
37  7.480000e-001
38  6.090000e-001
39  6.230000e-001
40  5.480000e-001
41  5.140000e-001
42  4.470000e-001
43  4.140000e-001
44  3.710000e-001
45  3.230000e-001
46  2.990000e-001
47  2.660000e-001
48  1.071000e+000
49  3.857000e+000
50  3.594000e+000
51  4.526000e+000
52  5.131000e+000
53  4.760000e+000
54  4.136000e+000
55  3.837000e+000
56  3.438000e+000
57  2.987000e+000
58  2.771000e+000
59  2.422000e+000
60  2.250000e+000
61  2.017000e+000
62  1.641000e+000
63  1.637000e+000
64  1.423000e+000
65  1.321000e+000
66  1.148000e+000
67  1.065000e+000
68  9.540000e-001
69  8.290000e-001
70  7.690000e-001
71  6.680000e-001
72  6.200000e-001
73  5.560000e-001
74  4.670000e-001
75  4.490000e-001
76  3.900000e-001
77  3.620000e-001
78  3.150000e-001
79  2.920000e-001
80  2.620000e-001
81  2.270000e-001
82  2.110000e-001
83  1.830000e-001
84  1.700000e-001
85  1.520000e-001
86  1.240000e-001
87  1.240000e-001
88  1.070000e-001
89  1.000000e-001
90  8.700000e-002
91  8.000000e-002
92  7.200000e-002
93  6.300000e-002
94  5.800000e-002
95  5.000000e-002
96  4.700000e-002
97  4.200000e-002
98  4.700000e-002
99  7.520000e-001
100  1.471000e+000
101  1.371000e+000
102  1.191000e+000
103  1.105000e+000
104  9.900000e-001
105  8.600000e-001
106  7.980000e-001
107  6.930000e-001
108  6.430000e-001
109  5.760000e-001
110  4.690000e-001
111  4.680000e-001
112  4.060000e-001
113  3.770000e-001
114  3.280000e-001
115  3.040000e-001
116  2.720000e-001
117  2.370000e-001
118  2.200000e-001
119  1.910000e-001
120  1.770000e-001
121  1.590000e-001
122  1.330000e-001
123  1.320000e-001
124  1.250000e-001
125  1.160000e-001
126  1.000000e-001
127  9.300000e-002
128  8.400000e-002
129  7.300000e-002
130  6.700000e-002
131  5.900000e-002
132  5.400000e-002
133  4.900000e-002
134  4.000000e-002
135  3.900000e-002
136  3.400000e-002
137  3.200000e-002
138  2.800000e-002
139  2.600000e-002
140  2.300000e-002
141  2.000000e-002
142  1.900000e-002
143  1.600000e-002
144  1.500000e-002
   9 
1  1.178000e+000
2  9.570000e-001
3  9.520000e-001
4  1.743000e+000
5  1.666000e+000
6  1.444000e+000
7  1.336000e+000
8  1.195000e+000
9  1.036000e+000
10  9.590000e-001
11  8.310000e-001
12  7.690000e-001
13  6.880000e-001
14  5.580000e-001
15  9.260000e-001
16  3.388000e+000
17  3.795000e+000
18  3.289000e+000
19  3.045000e+000
20  2.722000e+000
21  2.360000e+000
22  2.184000e+000
23  1.893000e+000
24  1.753000e+000
25  1.569000e+000
26  1.725000e+000
27  3.458000e+000
28  3.225000e+000
29  3.358000e+000
30  2.917000e+000
31  2.700000e+000
32  2.415000e+000
33  2.093000e+000
34  1.937000e+000
35  1.679000e+000
36  1.554000e+000
37  1.390000e+000
38  1.128000e+000
39  1.123000e+000
40  9.740000e-001
41  9.010000e-001
42  7.810000e-001
43  7.230000e-001
44  6.460000e-001
45  5.600000e-001
46  5.190000e-001
47  4.500000e-001
48  1.308000e+000
49  4.203000e+000
50  4.054000e+000
51  5.103000e+000
52  5.667000e+000
53  5.245000e+000
54  4.546000e+000
55  4.208000e+000
56  3.763000e+000
57  3.262000e+000
58  3.019000e+000
59  2.617000e+000
60  2.422000e+000
61  2.166000e+000
62  1.758000e+000
63  1.750000e+000
64  1.517000e+000
65  1.404000e+000
66  1.217000e+000
67  1.127000e+000
68  1.007000e+000
69  8.730000e-001
70  8.080000e-001
71  7.010000e-001
72  6.490000e-001
73  5.800000e-001
74  4.870000e-001
75  4.670000e-001
76  4.050000e-001
77  3.750000e-001
78  3.250000e-001
79  3.010000e-001
80  2.690000e-001
81  2.330000e-001
82  2.160000e-001
83  1.870000e-001
84  1.730000e-001
85  1.550000e-001
86  1.260000e-001
87  1.250000e-001
88  1.080000e-001
89  1.000000e-001
90  8.700000e-002
91  8.000000e-002
92  7.200000e-002
93  6.200000e-002
94  5.800000e-002
95  5.000000e-002
96  4.600000e-002
97  4.100000e-002
98  3.400000e-002
99  1.012000e+000
100  1.999000e+000
101  1.851000e+000
102  1.604000e+000
103  1.485000e+000
104  1.328000e+000
105  1.151000e+000
106  1.065000e+000
107  9.230000e-001
108  8.550000e-001
109  7.640000e-001
110  6.200000e-001
111  6.180000e-001
112  5.350000e-001
113  4.950000e-001
114  4.290000e-001
115  3.980000e-001
116  3.550000e-001
117  3.080000e-001
118  2.850000e-001
119  2.470000e-001
120  2.290000e-001
121  2.050000e-001
122  1.720000e-001
123  1.650000e-001
124  1.430000e-001
125  1.320000e-001
126  1.150000e-001
127  1.060000e-001
128  9.500000e-002
129  8.200000e-002
130  7.600000e-002
131  6.600000e-002
132  6.100000e-002
133  5.500000e-002
134  4.400000e-002
135  4.400000e-002
136  3.800000e-002
137  3.500000e-002
138  3.100000e-002
139  2.800000e-002
140  2.500000e-002
141  2.200000e-002
142  2.000000e-002
143  1.800000e-002
144  1.600000e-002
   10 
1  1.178000e+000
2  9.680000e-001
3  9.750000e-001
4  1.645000e+000
5  1.587000e+000
6  1.392000e+000
7  1.304000e+000
8  1.181000e+000
9  1.036000e+000
10  9.700000e-001
11  8.510000e-001
12  7.980000e-001
13  7.220000e-001
14  5.930000e-001
15  9.240000e-001
16  3.100000e+000
17  3.493000e+000
18  3.064000e+000
19  2.871000e+000
20  2.599000e+000
21  2.280000e+000
22  2.136000e+000
23  1.874000e+000
24  1.756000e+000
25  1.590000e+000
26  1.693000e+000
27  3.138000e+000
28  2.949000e+000
29  3.088000e+000
30  2.715000e+000
31  2.544000e+000
32  2.302000e+000
33  2.020000e+000
34  1.892000e+000
35  1.660000e+000
36  1.555000e+000
37  1.408000e+000
38  1.157000e+000
39  1.165000e+000
40  1.022000e+000
41  9.570000e-001
42  8.400000e-001
43  7.870000e-001
44  7.120000e-001
45  6.250000e-001
46  5.850000e-001
47  5.140000e-001
48  1.278000e+000
49  3.874000e+000
50  3.744000e+000
51  4.723000e+000
52  5.260000e+000
53  4.928000e+000
54  4.323000e+000
55  4.050000e+000
56  3.666000e+000
57  3.216000e+000
58  3.013000e+000
59  2.644000e+000
60  2.477000e+000
61  2.242000e+000
62  1.842000e+000
63  1.855000e+000
64  1.627000e+000
65  1.524000e+000
66  1.337000e+000
67  1.253000e+000
68  1.134000e+000
69  9.950000e-001
70  9.320000e-001
71  8.180000e-001
72  7.660000e-001
73  6.940000e-001
74  5.890000e-001
75  5.720000e-001
76  5.020000e-001
77  4.700000e-001
78  4.120000e-001
79  3.860000e-001
80  3.500000e-001
81  3.070000e-001
82  2.870000e-001
83  2.520000e-001
84  2.360000e-001
85  2.140000e-001
86  1.760000e-001
87  1.770000e-001
88  1.550000e-001
89  1.450000e-001
90  1.280000e-001
91  1.200000e-001
92  1.080000e-001
93  9.500000e-002
94  8.900000e-002
95  7.800000e-002
96  7.300000e-002
97  6.600000e-002
98  5.400000e-002
99  9.140000e-001
100  1.793000e+000
101  1.680000e+000
102  1.474000e+000
103  1.381000e+000
104  1.250000e+000
105  1.097000e+000
106  1.027000e+000
107  9.010000e-001
108  8.440000e-001
109  7.640000e-001
110  6.280000e-001
111  6.320000e-001
112  5.550000e-001
113  5.200000e-001
114  4.560000e-001
115  4.270000e-001
116  3.870000e-001
117  3.390000e-001
118  3.180000e-001
119  2.790000e-001
120  2.610000e-001
121  2.360000e-001
122  2.010000e-001
123  1.950000e-001
124  1.720000e-001
125  1.620000e-001
126  1.420000e-001
127  1.330000e-001
128  1.200000e-001
129  1.050000e-001
130  9.900000e-002
131  8.700000e-002
132  8.100000e-002
133  7.400000e-002
134  6.000000e-002
135  6.100000e-002
136  5.300000e-002
137  5.000000e-002
138  4.400000e-002
139  4.100000e-002
140  3.700000e-002
141  3.300000e-002
142  3.100000e-002
143  2.700000e-002
144  2.500000e-002
   11 
1  2.050000e-001
2  2.110000e-001
3  2.370000e-001
4  2.480000e-001
5  2.540000e-001
6  2.270000e-001
7  2.160000e-001
8  1.990000e-001
9  1.780000e-001
10  1.690000e-001
11  1.510000e-001
12  1.450000e-001
13  1.400000e-001
14  1.290000e-001
15  2.030000e-001
16  5.120000e-001
17  6.490000e-001
18  5.850000e-001
19  5.580000e-001
20  5.130000e-001
21  4.580000e-001
22  4.370000e-001
23  3.900000e-001
24  3.830000e-001
25  3.660000e-001
26  3.530000e-001
27  3.770000e-001
28  3.500000e-001
29  3.530000e-001
30  3.180000e-001
31  3.040000e-001
32  2.800000e-001
33  2.500000e-001
34  2.380000e-001
35  2.120000e-001
36  2.060000e-001
37  1.940000e-001
38  1.820000e-001
39  2.090000e-001
40  1.980000e-001
41  2.170000e-001
42  2.050000e-001
43  1.960000e-001
44  1.800000e-001
45  1.610000e-001
46  1.530000e-001
47  1.580000e-001
48  2.230000e-001
49  1.517000e+000
50  1.450000e+000
51  1.707000e+000
52  1.988000e+000
53  1.924000e+000
54  1.718000e+000
55  1.638000e+000
56  1.508000e+000
57  1.346000e+000
58  1.283000e+000
59  1.170000e+000
60  1.123000e+000
61  1.036000e+000
62  8.720000e-001
63  8.940000e-001
64  8.030000e-001
65  7.720000e-001
66  6.890000e-001
67  6.570000e-001
68  6.050000e-001
69  5.400000e-001
70  5.140000e-001
71  4.590000e-001
72  4.370000e-001
73  4.030000e-001
74  3.480000e-001
75  3.570000e-001
76  3.380000e-001
77  3.390000e-001
78  3.060000e-001
79  2.920000e-001
80  2.690000e-001
81  2.400000e-001
82  2.290000e-001
83  2.040000e-001
84  1.950000e-001
85  1.790000e-001
86  1.540000e-001
87  1.710000e-001
88  1.560000e-001
89  1.580000e-001
90  1.570000e-001
91  1.690000e-001
92  1.580000e-001
93  1.410000e-001
94  1.350000e-001
95  1.250000e-001
96  1.200000e-001
97  1.100000e-001
98  1.120000e-001
99  1.600000e-001
100  1.750000e-001
101  1.930000e-001
102  1.870000e-001
103  1.780000e-001
104  1.640000e-001
105  1.470000e-001
106  1.400000e-001
107  1.250000e-001
108  1.190000e-001
109  1.180000e-001
110  1.010000e-001
111  1.040000e-001
112  9.300000e-002
113  8.800000e-002
114  7.900000e-002
115  7.500000e-002
116  6.900000e-002
117  6.200000e-002
118  5.900000e-002
119  5.200000e-002
120  5.000000e-002
121  4.600000e-002
122  4.000000e-002
123  4.400000e-002
124  5.300000e-002
125  5.500000e-002
126  5.000000e-002
127  4.700000e-002
128  4.400000e-002
129  3.900000e-002
130  3.700000e-002
131  3.500000e-002
132  3.500000e-002
133  3.700000e-002
134  3.100000e-002
135  3.500000e-002
136  3.500000e-002
137  3.300000e-002
138  3.000000e-002
139  2.800000e-002
140  2.600000e-002
141  2.300000e-002
142  2.200000e-002
143  2.000000e-002
144  2.100000e-002
   12 
1  9.230000e-001
2  7.870000e-001
3  8.230000e-001
4  1.131000e+000
5  1.121000e+000
6  1.019000e+000
7  9.890000e-001
8  9.280000e-001
9  8.430000e-001
10  8.180000e-001
11  7.440000e-001
12  7.220000e-001
13  6.780000e-001
14  5.760000e-001
15  7.970000e-001
16  2.094000e+000
17  2.398000e+000
18  2.181000e+000
19  2.117000e+000
20  1.986000e+000
21  1.806000e+000
22  1.753000e+000
23  1.593000e+000
24  1.546000e+000
25  1.453000e+000
26  1.421000e+000
27  2.037000e+000
28  1.950000e+000
29  2.061000e+000
30  1.877000e+000
31  1.822000e+000
32  1.710000e+000
33  1.554000e+000
34  1.508000e+000
35  1.371000e+000
36  1.331000e+000
37  1.249000e+000
38  1.062000e+000
39  1.110000e+000
40  1.009000e+000
41  9.820000e-001
42  8.930000e-001
43  8.660000e-001
44  8.130000e-001
45  7.390000e-001
46  7.170000e-001
47  6.530000e-001
48  1.137000e+000
49  2.820000e+000
50  2.710000e+000
51  3.418000e+000
52  3.835000e+000
53  3.722000e+000
54  3.383000e+000
55  3.284000e+000
56  3.081000e+000
57  2.801000e+000
58  2.719000e+000
59  2.471000e+000
60  2.399000e+000
61  2.251000e+000
62  1.914000e+000
63  1.994000e+000
64  1.813000e+000
65  1.759000e+000
66  1.599000e+000
67  1.552000e+000
68  1.456000e+000
69  1.324000e+000
70  1.285000e+000
71  1.168000e+000
72  1.134000e+000
73  1.064000e+000
74  9.360000e-001
75  9.400000e-001
76  8.550000e-001
77  8.300000e-001
78  7.540000e-001
79  7.320000e-001
80  6.870000e-001
81  6.240000e-001
82  6.060000e-001
83  5.510000e-001
84  5.350000e-001
85  5.020000e-001
86  4.270000e-001
87  4.440000e-001
88  4.040000e-001
89  3.920000e-001
90  3.560000e-001
91  3.460000e-001
92  3.250000e-001
93  2.950000e-001
94  2.860000e-001
95  2.600000e-001
96  2.530000e-001
97  2.370000e-001
98  2.040000e-001
99  6.970000e-001
100  1.205000e+000
101  1.173000e+000
102  1.066000e+000
103  1.035000e+000
104  9.710000e-001
105  8.830000e-001
106  8.570000e-001
107  7.790000e-001
108  7.560000e-001
109  7.090000e-001
110  6.030000e-001
111  6.280000e-001
112  5.710000e-001
113  5.540000e-001
114  5.040000e-001
115  4.890000e-001
116  4.590000e-001
117  4.170000e-001
118  4.050000e-001
119  3.680000e-001
120  3.570000e-001
121  3.350000e-001
122  2.950000e-001
123  2.980000e-001
124  2.770000e-001
125  2.680000e-001
126  2.440000e-001
127  2.370000e-001
128  2.220000e-001
129  2.020000e-001
130  1.960000e-001
131  1.780000e-001
132  1.730000e-001
133  1.620000e-001
134  1.380000e-001
135  1.440000e-001
136  1.310000e-001
137  1.270000e-001
138  1.150000e-001
139  1.120000e-001
140  1.050000e-001
141  9.500000e-002
142  9.300000e-002
143  8.400000e-002
144  8.200000e-002
