   1 
1  1.365000e+000
2  1.121000e+000
3  1.135000e+000
4  2.266000e+000
5  2.208000e+000
6  1.913000e+000
7  1.770000e+000
8  1.582000e+000
9  1.370000e+000
10  1.268000e+000
11  1.098000e+000
12  1.016000e+000
13  9.080000e-001
14  7.430000e-001
15  1.520000e+000
16  4.806000e+000
17  5.070000e+000
18  4.393000e+000
19  4.064000e+000
20  3.632000e+000
21  3.147000e+000
22  2.911000e+000
23  2.522000e+000
24  2.333000e+000
25  2.093000e+000
26  2.035000e+000
27  3.824000e+000
28  3.526000e+000
29  3.673000e+000
30  3.195000e+000
31  2.955000e+000
32  2.641000e+000
33  2.288000e+000
34  2.117000e+000
35  1.834000e+000
36  1.697000e+000
37  1.516000e+000
38  1.239000e+000
39  1.246000e+000
40  1.085000e+000
41  1.385000e+000
42  1.235000e+000
43  1.143000e+000
44  1.021000e+000
45  8.850000e-001
46  8.180000e-001
47  7.710000e-001
48  2.778000e+000
49  5.841000e+000
50  5.191000e+000
51  6.104000e+000
52  6.557000e+000
53  6.066000e+000
54  5.256000e+000
55  4.862000e+000
56  4.345000e+000
57  3.764000e+000
58  3.483000e+000
59  3.019000e+000
60  2.793000e+000
61  2.496000e+000
62  2.025000e+000
63  2.015000e+000
64  1.746000e+000
65  1.616000e+000
66  1.400000e+000
67  1.295000e+000
68  1.158000e+000
69  1.003000e+000
70  9.280000e-001
71  8.040000e-001
72  7.440000e-001
73  6.650000e-001
74  5.580000e-001
75  5.350000e-001
76  4.630000e-001
77  4.280000e-001
78  3.710000e-001
79  3.430000e-001
80  3.070000e-001
81  2.660000e-001
82  2.460000e-001
83  2.130000e-001
84  1.970000e-001
85  1.760000e-001
86  1.500000e-001
87  1.580000e-001
88  1.370000e-001
89  1.260000e-001
90  1.100000e-001
91  1.010000e-001
92  9.100000e-002
93  7.800000e-002
94  7.300000e-002
95  6.300000e-002
96  5.800000e-002
97  5.200000e-002
98  8.400000e-002
99  7.760000e-001
100  1.525000e+000
101  1.415000e+000
102  1.226000e+000
103  1.134000e+000
104  1.014000e+000
105  8.780000e-001
106  8.130000e-001
107  7.040000e-001
108  6.510000e-001
109  5.820000e-001
110  4.720000e-001
111  4.700000e-001
112  4.070000e-001
113  3.770000e-001
114  3.260000e-001
115  3.020000e-001
116  2.700000e-001
117  2.340000e-001
118  2.160000e-001
119  1.870000e-001
120  1.730000e-001
121  1.550000e-001
122  1.300000e-001
123  1.300000e-001
124  1.280000e-001
125  1.190000e-001
126  1.030000e-001
127  9.500000e-002
128  8.500000e-002
129  7.400000e-002
130  6.800000e-002
131  5.900000e-002
132  5.500000e-002
133  4.900000e-002
134  4.000000e-002
135  3.900000e-002
136  3.400000e-002
137  3.200000e-002
138  2.700000e-002
139  2.500000e-002
140  2.300000e-002
141  2.000000e-002
142  1.800000e-002
143  1.600000e-002
144  1.500000e-002
   2 
1  2.750000e-001
2  2.940000e-001
3  3.800000e-001
4  4.500000e-001
5  4.970000e-001
6  4.530000e-001
7  4.260000e-001
8  3.880000e-001
9  3.420000e-001
10  3.230000e-001
11  2.890000e-001
12  2.830000e-001
13  2.910000e-001
14  2.940000e-001
15  4.570000e-001
16  5.850000e-001
17  6.370000e-001
18  5.900000e-001
19  5.550000e-001
20  5.050000e-001
21  4.460000e-001
22  4.370000e-001
23  4.010000e-001
24  4.200000e-001
25  4.110000e-001
26  4.160000e-001
27  4.870000e-001
28  4.890000e-001
29  5.660000e-001
30  5.760000e-001
31  5.540000e-001
32  5.040000e-001
33  4.440000e-001
34  4.180000e-001
35  3.690000e-001
36  3.630000e-001
37  3.810000e-001
38  3.820000e-001
39  4.650000e-001
40  4.760000e-001
41  5.430000e-001
42  5.240000e-001
43  4.950000e-001
44  4.510000e-001
45  3.970000e-001
46  3.770000e-001
47  4.070000e-001
48  5.490000e-001
49  5.780000e-001
50  5.390000e-001
51  6.340000e-001
52  6.480000e-001
53  7.460000e-001
54  6.740000e-001
55  6.340000e-001
56  5.770000e-001
57  5.090000e-001
58  4.820000e-001
59  4.780000e-001
60  4.890000e-001
61  4.670000e-001
62  4.020000e-001
63  4.240000e-001
64  4.350000e-001
65  4.940000e-001
66  4.440000e-001
67  4.180000e-001
68  3.810000e-001
69  3.360000e-001
70  3.160000e-001
71  2.790000e-001
72  2.630000e-001
73  2.530000e-001
74  2.470000e-001
75  3.000000e-001
76  3.590000e-001
77  4.050000e-001
78  3.750000e-001
79  3.530000e-001
80  3.210000e-001
81  2.830000e-001
82  2.770000e-001
83  2.770000e-001
84  2.850000e-001
85  2.670000e-001
86  2.400000e-001
87  2.720000e-001
88  2.590000e-001
89  2.680000e-001
90  2.880000e-001
91  3.220000e-001
92  3.000000e-001
93  2.650000e-001
94  2.490000e-001
95  3.180000e-001
96  3.440000e-001
97  3.270000e-001
98  3.290000e-001
99  4.130000e-001
100  4.290000e-001
101  4.850000e-001
102  5.090000e-001
103  4.790000e-001
104  4.540000e-001
105  4.010000e-001
106  3.780000e-001
107  3.450000e-001
108  3.320000e-001
109  3.390000e-001
110  3.100000e-001
111  3.170000e-001
112  3.010000e-001
113  2.950000e-001
114  2.610000e-001
115  2.460000e-001
116  2.240000e-001
117  1.980000e-001
118  1.860000e-001
119  1.770000e-001
120  1.760000e-001
121  1.800000e-001
122  1.690000e-001
123  2.080000e-001
124  2.270000e-001
125  2.410000e-001
126  2.140000e-001
127  2.020000e-001
128  1.840000e-001
129  1.620000e-001
130  1.520000e-001
131  1.490000e-001
132  1.910000e-001
133  2.170000e-001
134  1.830000e-001
135  2.060000e-001
136  2.170000e-001
137  2.520000e-001
138  2.250000e-001
139  2.120000e-001
140  1.930000e-001
141  1.700000e-001
142  1.600000e-001
143  1.470000e-001
144  2.000000e-001
   3 
1  1.369000e+000
2  1.167000e+000
3  1.226000e+000
4  1.700000e+000
5  1.695000e+000
6  1.532000e+000
7  1.478000e+000
8  1.378000e+000
9  1.246000e+000
10  1.202000e+000
11  1.086000e+000
12  1.048000e+000
13  9.780000e-001
14  8.320000e-001
15  1.305000e+000
16  3.225000e+000
17  3.490000e+000
18  3.158000e+000
19  3.047000e+000
20  2.842000e+000
21  2.568000e+000
22  2.478000e+000
23  2.239000e+000
24  2.163000e+000
25  2.024000e+000
26  1.907000e+000
27  2.778000e+000
28  2.623000e+000
29  2.754000e+000
30  2.495000e+000
31  2.408000e+000
32  2.246000e+000
33  2.030000e+000
34  1.958000e+000
35  1.770000e+000
36  1.708000e+000
37  1.593000e+000
38  1.360000e+000
39  1.428000e+000
40  1.296000e+000
41  1.419000e+000
42  1.297000e+000
43  1.252000e+000
44  1.168000e+000
45  1.055000e+000
46  1.018000e+000
47  9.570000e-001
48  2.150000e+000
49  4.056000e+000
50  3.625000e+000
51  4.297000e+000
52  4.675000e+000
53  4.511000e+000
54  4.076000e+000
55  3.933000e+000
56  3.669000e+000
57  3.315000e+000
58  3.199000e+000
59  2.898000e+000
60  2.797000e+000
61  2.609000e+000
62  2.206000e+000
63  2.286000e+000
64  2.066000e+000
65  1.997000e+000
66  1.805000e+000
67  1.742000e+000
68  1.624000e+000
69  1.468000e+000
70  1.416000e+000
71  1.280000e+000
72  1.235000e+000
73  1.152000e+000
74  1.008000e+000
75  1.007000e+000
76  9.100000e-001
77  8.780000e-001
78  7.940000e-001
79  7.660000e-001
80  7.140000e-001
81  6.460000e-001
82  6.230000e-001
83  5.630000e-001
84  5.430000e-001
85  5.070000e-001
86  4.340000e-001
87  4.570000e-001
88  4.130000e-001
89  3.980000e-001
90  3.600000e-001
91  3.470000e-001
92  3.240000e-001
93  2.930000e-001
94  2.820000e-001
95  2.550000e-001
96  2.460000e-001
97  2.300000e-001
98  2.280000e-001
99  4.890000e-001
100  7.430000e-001
101  7.210000e-001
102  6.510000e-001
103  6.280000e-001
104  5.860000e-001
105  5.300000e-001
106  5.110000e-001
107  4.620000e-001
108  4.460000e-001
109  4.160000e-001
110  3.510000e-001
111  3.640000e-001
112  3.290000e-001
113  3.170000e-001
114  2.870000e-001
115  2.770000e-001
116  2.580000e-001
117  2.330000e-001
118  2.250000e-001
119  2.030000e-001
120  1.960000e-001
121  1.830000e-001
122  1.600000e-001
123  1.640000e-001
124  1.580000e-001
125  1.530000e-001
126  1.380000e-001
127  1.330000e-001
128  1.240000e-001
129  1.120000e-001
130  1.080000e-001
131  9.800000e-002
132  9.500000e-002
133  8.800000e-002
134  7.500000e-002
135  7.700000e-002
136  7.000000e-002
137  6.700000e-002
138  6.100000e-002
139  5.900000e-002
140  5.500000e-002
141  5.000000e-002
142  4.800000e-002
143  4.300000e-002
144  4.200000e-002
   4 
1  1.634000e+000
2  1.347000e+000
3  1.468000e+000
4  2.637000e+000
5  2.574000e+000
6  2.251000e+000
7  2.102000e+000
8  1.896000e+000
9  1.658000e+000
10  1.548000e+000
11  1.354000e+000
12  1.264000e+000
13  1.140000e+000
14  9.370000e-001
15  1.692000e+000
16  4.817000e+000
17  5.094000e+000
18  4.454000e+000
19  4.159000e+000
20  3.752000e+000
21  3.281000e+000
22  3.064000e+000
23  2.679000e+000
24  2.501000e+000
25  2.260000e+000
26  2.205000e+000
27  4.168000e+000
28  3.860000e+000
29  4.017000e+000
30  3.525000e+000
31  3.291000e+000
32  2.969000e+000
33  2.596000e+000
34  2.424000e+000
35  2.120000e+000
36  1.979000e+000
37  1.786000e+000
38  1.462000e+000
39  1.468000e+000
40  1.284000e+000
41  1.585000e+000
42  1.423000e+000
43  1.328000e+000
44  1.198000e+000
45  1.048000e+000
46  9.780000e-001
47  9.130000e-001
48  2.803000e+000
49  5.700000e+000
50  5.185000e+000
51  6.096000e+000
52  6.505000e+000
53  6.074000e+000
54  5.312000e+000
55  4.960000e+000
56  4.474000e+000
57  3.912000e+000
58  3.653000e+000
59  3.194000e+000
60  2.983000e+000
61  2.691000e+000
62  2.203000e+000
63  2.212000e+000
64  1.934000e+000
65  1.806000e+000
66  1.579000e+000
67  1.474000e+000
68  1.330000e+000
69  1.163000e+000
70  1.086000e+000
71  9.500000e-001
72  8.870000e-001
73  8.000000e-001
74  6.770000e-001
75  6.550000e-001
76  5.730000e-001
77  5.350000e-001
78  4.680000e-001
79  4.370000e-001
80  3.940000e-001
81  3.450000e-001
82  3.220000e-001
83  2.810000e-001
84  2.630000e-001
85  2.370000e-001
86  2.000000e-001
87  2.080000e-001
88  1.820000e-001
89  1.700000e-001
90  1.480000e-001
91  1.390000e-001
92  1.250000e-001
93  1.090000e-001
94  1.020000e-001
95  8.900000e-002
96  8.300000e-002
97  7.500000e-002
98  9.600000e-002
99  9.350000e-001
100  1.849000e+000
101  1.728000e+000
102  1.511000e+000
103  1.411000e+000
104  1.273000e+000
105  1.113000e+000
106  1.039000e+000
107  9.090000e-001
108  8.490000e-001
109  7.660000e-001
110  6.270000e-001
111  6.290000e-001
112  5.500000e-001
113  5.140000e-001
114  4.490000e-001
115  4.200000e-001
116  3.780000e-001
117  3.310000e-001
118  3.090000e-001
119  2.700000e-001
120  2.520000e-001
121  2.280000e-001
122  1.930000e-001
123  1.910000e-001
124  1.790000e-001
125  1.670000e-001
126  1.460000e-001
127  1.360000e-001
128  1.230000e-001
129  1.080000e-001
130  1.000000e-001
131  8.800000e-002
132  8.200000e-002
133  7.400000e-002
134  6.100000e-002
135  6.100000e-002
136  5.300000e-002
137  5.000000e-002
138  4.300000e-002
139  4.100000e-002
140  3.700000e-002
141  3.200000e-002
142  3.000000e-002
143  2.600000e-002
144  2.400000e-002
   5 
1  2.780000e-001
2  2.710000e-001
3  3.120000e-001
4  3.360000e-001
5  3.340000e-001
6  2.810000e-001
7  2.520000e-001
8  2.180000e-001
9  1.840000e-001
10  1.650000e-001
11  1.390000e-001
12  1.240000e-001
13  1.310000e-001
14  1.530000e-001
15  7.170000e-001
16  3.221000e+000
17  3.442000e+000
18  2.915000e+000
19  2.617000e+000
20  2.268000e+000
21  1.907000e+000
22  1.712000e+000
23  1.439000e+000
24  1.311000e+000
25  1.160000e+000
26  1.034000e+000
27  1.059000e+000
28  9.280000e-001
29  9.020000e-001
30  7.620000e-001
31  6.840000e-001
32  5.930000e-001
33  4.990000e-001
34  4.480000e-001
35  3.760000e-001
36  3.380000e-001
37  2.970000e-001
38  3.030000e-001
39  3.460000e-001
40  3.100000e-001
41  3.390000e-001
42  2.990000e-001
43  2.680000e-001
44  2.330000e-001
45  1.960000e-001
46  1.760000e-001
47  2.070000e-001
48  1.910000e+000
49  5.170000e+000
50  4.391000e+000
51  4.914000e+000
52  5.320000e+000
53  4.802000e+000
54  4.037000e+000
55  3.624000e+000
56  3.141000e+000
57  2.641000e+000
58  2.371000e+000
59  2.044000e+000
60  1.866000e+000
61  1.646000e+000
62  1.307000e+000
63  1.264000e+000
64  1.079000e+000
65  9.920000e-001
66  8.340000e-001
67  7.480000e-001
68  6.490000e-001
69  5.450000e-001
70  4.900000e-001
71  4.120000e-001
72  3.700000e-001
73  3.200000e-001
74  2.860000e-001
75  2.750000e-001
76  2.530000e-001
77  2.460000e-001
78  2.120000e-001
79  1.900000e-001
80  1.650000e-001
81  1.390000e-001
82  1.240000e-001
83  1.050000e-001
84  9.400000e-002
85  8.100000e-002
86  9.200000e-002
87  1.090000e-001
88  9.200000e-002
89  8.300000e-002
90  6.900000e-002
91  6.800000e-002
92  6.000000e-002
93  5.000000e-002
94  4.500000e-002
95  3.800000e-002
96  3.400000e-002
97  3.800000e-002
98  1.050000e-001
99  2.040000e-001
100  2.030000e-001
101  1.930000e-001
102  1.670000e-001
103  1.500000e-001
104  1.300000e-001
105  1.090000e-001
106  9.800000e-002
107  8.200000e-002
108  7.400000e-002
109  6.400000e-002
110  5.100000e-002
111  4.900000e-002
112  4.100000e-002
113  3.700000e-002
114  3.100000e-002
115  2.800000e-002
116  2.400000e-002
117  2.000000e-002
118  1.800000e-002
119  1.500000e-002
120  1.400000e-002
121  1.200000e-002
122  2.200000e-002
123  4.000000e-002
124  5.500000e-002
125  5.000000e-002
126  4.200000e-002
127  3.700000e-002
128  3.200000e-002
129  2.700000e-002
130  2.500000e-002
131  2.100000e-002
132  2.000000e-002
133  2.200000e-002
134  1.800000e-002
135  1.700000e-002
136  1.400000e-002
137  1.300000e-002
138  1.100000e-002
139  1.000000e-002
140  8.000000e-003
141  7.000000e-003
142  6.000000e-003
143  5.000000e-003
144  5.000000e-003
   6 
1  1.631000e+000
2  1.383000e+000
3  1.440000e+000
4  2.141000e+000
5  2.133000e+000
6  1.919000e+000
7  1.844000e+000
8  1.713000e+000
9  1.542000e+000
10  1.482000e+000
11  1.334000e+000
12  1.282000e+000
13  1.191000e+000
14  1.006000e+000
15  1.552000e+000
16  3.724000e+000
17  3.998000e+000
18  3.599000e+000
19  3.459000e+000
20  3.213000e+000
21  2.891000e+000
22  2.779000e+000
23  2.501000e+000
24  2.403000e+000
25  2.238000e+000
26  2.131000e+000
27  3.360000e+000
28  3.163000e+000
29  3.314000e+000
30  2.991000e+000
31  2.875000e+000
32  2.670000e+000
33  2.403000e+000
34  2.310000e+000
35  2.079000e+000
36  1.998000e+000
37  1.856000e+000
38  1.569000e+000
39  1.629000e+000
40  1.470000e+000
41  1.664000e+000
42  1.521000e+000
43  1.462000e+000
44  1.358000e+000
45  1.222000e+000
46  1.175000e+000
47  1.098000e+000
48  2.423000e+000
49  4.499000e+000
50  4.086000e+000
51  4.838000e+000
52  5.207000e+000
53  5.004000e+000
54  4.504000e+000
55  4.328000e+000
56  4.020000e+000
57  3.618000e+000
58  3.477000e+000
59  3.131000e+000
60  3.009000e+000
61  2.795000e+000
62  2.353000e+000
63  2.429000e+000
64  2.186000e+000
65  2.102000e+000
66  1.892000e+000
67  1.818000e+000
68  1.689000e+000
69  1.520000e+000
70  1.460000e+000
71  1.314000e+000
72  1.263000e+000
73  1.173000e+000
74  1.022000e+000
75  1.017000e+000
76  9.160000e-001
77  8.800000e-001
78  7.920000e-001
79  7.610000e-001
80  7.070000e-001
81  6.360000e-001
82  6.110000e-001
83  5.500000e-001
84  5.290000e-001
85  4.910000e-001
86  4.180000e-001
87  4.370000e-001
88  3.940000e-001
89  3.780000e-001
90  3.400000e-001
91  3.270000e-001
92  3.040000e-001
93  2.740000e-001
94  2.630000e-001
95  2.370000e-001
96  2.270000e-001
97  2.110000e-001
98  2.060000e-001
99  6.620000e-001
100  1.157000e+000
101  1.115000e+000
102  1.004000e+000
103  9.650000e-001
104  8.960000e-001
105  8.060000e-001
106  7.750000e-001
107  6.970000e-001
108  6.700000e-001
109  6.230000e-001
110  5.240000e-001
111  5.410000e-001
112  4.870000e-001
113  4.680000e-001
114  4.210000e-001
115  4.050000e-001
116  3.760000e-001
117  3.380000e-001
118  3.250000e-001
119  2.930000e-001
120  2.810000e-001
121  2.610000e-001
122  2.280000e-001
123  2.300000e-001
124  2.180000e-001
125  2.090000e-001
126  1.880000e-001
127  1.810000e-001
128  1.680000e-001
129  1.510000e-001
130  1.450000e-001
131  1.310000e-001
132  1.260000e-001
133  1.170000e-001
134  9.800000e-002
135  1.010000e-001
136  9.100000e-002
137  8.800000e-002
138  7.900000e-002
139  7.600000e-002
140  7.000000e-002
141  6.300000e-002
142  6.100000e-002
143  5.500000e-002
144  5.300000e-002
   7 
1  1.711000e+000
2  1.413000e+000
3  1.571000e+000
4  2.741000e+000
5  2.677000e+000
6  2.347000e+000
7  2.197000e+000
8  1.987000e+000
9  1.742000e+000
10  1.630000e+000
11  1.429000e+000
12  1.338000e+000
13  1.210000e+000
14  9.960000e-001
15  1.742000e+000
16  4.816000e+000
17  5.095000e+000
18  4.467000e+000
19  4.181000e+000
20  3.781000e+000
21  3.315000e+000
22  3.103000e+000
23  2.720000e+000
24  2.546000e+000
25  2.305000e+000
26  2.252000e+000
27  4.260000e+000
28  3.949000e+000
29  4.108000e+000
30  3.613000e+000
31  3.382000e+000
32  3.059000e+000
33  2.681000e+000
34  2.510000e+000
35  2.200000e+000
36  2.060000e+000
37  1.863000e+000
38  1.529000e+000
39  1.538000e+000
40  1.349000e+000
41  1.643000e+000
42  1.476000e+000
43  1.382000e+000
44  1.250000e+000
45  1.095000e+000
46  1.025000e+000
47  9.540000e-001
48  2.810000e+000
49  5.661000e+000
50  5.179000e+000
51  6.087000e+000
52  6.484000e+000
53  6.069000e+000
54  5.320000e+000
55  4.980000e+000
56  4.504000e+000
57  3.948000e+000
58  3.696000e+000
59  3.240000e+000
60  3.033000e+000
61  2.743000e+000
62  2.251000e+000
63  2.265000e+000
64  1.986000e+000
65  1.859000e+000
66  1.629000e+000
67  1.525000e+000
68  1.379000e+000
69  1.209000e+000
70  1.132000e+000
71  9.920000e-001
72  9.290000e-001
73  8.400000e-001
74  7.130000e-001
75  6.910000e-001
76  6.060000e-001
77  5.670000e-001
78  4.970000e-001
79  4.660000e-001
80  4.210000e-001
81  3.690000e-001
82  3.460000e-001
83  3.030000e-001
84  2.840000e-001
85  2.560000e-001
86  2.160000e-001
87  2.240000e-001
88  1.960000e-001
89  1.840000e-001
90  1.610000e-001
91  1.510000e-001
92  1.360000e-001
93  1.200000e-001
94  1.120000e-001
95  9.800000e-002
96  9.200000e-002
97  8.300000e-002
98  1.010000e-001
99  9.790000e-001
100  1.934000e+000
101  1.811000e+000
102  1.587000e+000
103  1.486000e+000
104  1.344000e+000
105  1.178000e+000
106  1.103000e+000
107  9.670000e-001
108  9.050000e-001
109  8.180000e-001
110  6.720000e-001
111  6.760000e-001
112  5.920000e-001
113  5.550000e-001
114  4.860000e-001
115  4.550000e-001
116  4.120000e-001
117  3.610000e-001
118  3.380000e-001
119  2.960000e-001
120  2.770000e-001
121  2.510000e-001
122  2.130000e-001
123  2.100000e-001
124  1.950000e-001
125  1.820000e-001
126  1.600000e-001
127  1.490000e-001
128  1.350000e-001
129  1.180000e-001
130  1.110000e-001
131  9.700000e-002
132  9.100000e-002
133  8.200000e-002
134  6.800000e-002
135  6.800000e-002
136  6.000000e-002
137  5.600000e-002
138  4.900000e-002
139  4.600000e-002
140  4.100000e-002
141  3.600000e-002
142  3.400000e-002
143  3.000000e-002
144  2.800000e-002
   8 
1  7.450000e-001
2  6.310000e-001
3  6.630000e-001
4  1.015000e+000
5  9.970000e-001
6  8.660000e-001
7  8.040000e-001
8  7.200000e-001
9  6.260000e-001
10  5.810000e-001
11  5.040000e-001
12  4.680000e-001
13  4.290000e-001
14  3.730000e-001
15  9.540000e-001
16  3.515000e+000
17  3.779000e+000
18  3.297000e+000
19  3.058000e+000
20  2.741000e+000
21  2.381000e+000
22  2.209000e+000
23  1.919000e+000
24  1.791000e+000
25  1.621000e+000
26  1.489000e+000
27  2.079000e+000
28  1.927000e+000
29  2.016000e+000
30  1.759000e+000
31  1.632000e+000
32  1.463000e+000
33  1.271000e+000
34  1.179000e+000
35  1.024000e+000
36  9.500000e-001
37  8.520000e-001
38  7.340000e-001
39  7.690000e-001
40  6.810000e-001
41  6.660000e-001
42  5.850000e-001
43  5.430000e-001
44  4.870000e-001
45  4.230000e-001
46  3.920000e-001
47  4.000000e-001
48  2.060000e+000
49  4.834000e+000
50  4.187000e+000
51  4.844000e+000
52  5.293000e+000
53  4.913000e+000
54  4.268000e+000
55  3.960000e+000
56  3.549000e+000
57  3.083000e+000
58  2.860000e+000
59  2.507000e+000
60  2.333000e+000
61  2.102000e+000
62  1.712000e+000
63  1.708000e+000
64  1.488000e+000
65  1.390000e+000
66  1.208000e+000
67  1.120000e+000
68  1.004000e+000
69  8.720000e-001
70  8.090000e-001
71  7.030000e-001
72  6.520000e-001
73  5.850000e-001
74  5.050000e-001
75  4.890000e-001
76  4.250000e-001
77  3.940000e-001
78  3.430000e-001
79  3.180000e-001
80  2.850000e-001
81  2.470000e-001
82  2.300000e-001
83  1.990000e-001
84  1.850000e-001
85  1.660000e-001
86  1.540000e-001
87  1.680000e-001
88  1.460000e-001
89  1.360000e-001
90  1.180000e-001
91  1.090000e-001
92  9.800000e-002
93  8.500000e-002
94  7.900000e-002
95  6.900000e-002
96  6.400000e-002
97  6.300000e-002
98  1.080000e-001
99  1.840000e-001
100  1.840000e-001
101  1.770000e-001
102  1.540000e-001
103  1.430000e-001
104  1.280000e-001
105  1.110000e-001
106  1.030000e-001
107  9.000000e-002
108  8.300000e-002
109  7.400000e-002
110  6.100000e-002
111  6.000000e-002
112  5.200000e-002
113  4.900000e-002
114  4.200000e-002
115  3.900000e-002
116  3.500000e-002
117  3.100000e-002
118  2.800000e-002
119  2.500000e-002
120  2.300000e-002
121  2.000000e-002
122  1.800000e-002
123  2.400000e-002
124  3.800000e-002
125  3.500000e-002
126  3.000000e-002
127  2.800000e-002
128  2.500000e-002
129  2.200000e-002
130  2.000000e-002
131  1.800000e-002
132  1.600000e-002
133  1.500000e-002
134  1.200000e-002
135  1.200000e-002
136  1.000000e-002
137  1.000000e-002
138  8.000000e-003
139  8.000000e-003
140  7.000000e-003
141  6.000000e-003
142  6.000000e-003
143  5.000000e-003
144  5.000000e-003
   9 
1  1.758000e+000
2  1.437000e+000
3  1.723000e+000
4  3.134000e+000
5  3.029000e+000
6  2.625000e+000
7  2.430000e+000
8  2.173000e+000
9  1.883000e+000
10  1.743000e+000
11  1.511000e+000
12  1.399000e+000
13  1.251000e+000
14  1.017000e+000
15  1.847000e+000
16  5.322000e+000
17  5.586000e+000
18  4.842000e+000
19  4.482000e+000
20  4.007000e+000
21  3.473000e+000
22  3.215000e+000
23  2.787000e+000
24  2.580000e+000
25  2.310000e+000
26  2.302000e+000
27  4.795000e+000
28  4.410000e+000
29  4.559000e+000
30  3.965000e+000
31  3.670000e+000
32  3.282000e+000
33  2.844000e+000
34  2.633000e+000
35  2.282000e+000
36  2.112000e+000
37  1.889000e+000
38  1.534000e+000
39  1.526000e+000
40  1.323000e+000
41  1.651000e+000
42  1.471000e+000
43  1.361000e+000
44  1.217000e+000
45  1.055000e+000
46  9.770000e-001
47  9.080000e-001
48  3.000000e+000
49  6.202000e+000
50  5.710000e+000
51  6.746000e+000
52  7.116000e+000
53  6.587000e+000
54  5.709000e+000
55  5.285000e+000
56  4.725000e+000
57  4.096000e+000
58  3.791000e+000
59  3.286000e+000
60  3.042000e+000
61  2.720000e+000
62  2.208000e+000
63  2.198000e+000
64  1.905000e+000
65  1.764000e+000
66  1.529000e+000
67  1.415000e+000
68  1.265000e+000
69  1.097000e+000
70  1.015000e+000
71  8.800000e-001
72  8.140000e-001
73  7.280000e-001
74  6.110000e-001
75  5.860000e-001
76  5.080000e-001
77  4.700000e-001
78  4.080000e-001
79  3.770000e-001
80  3.380000e-001
81  2.930000e-001
82  2.710000e-001
83  2.350000e-001
84  2.170000e-001
85  1.940000e-001
86  1.620000e-001
87  1.670000e-001
88  1.440000e-001
89  1.340000e-001
90  1.160000e-001
91  1.070000e-001
92  9.600000e-002
93  8.300000e-002
94  7.700000e-002
95  6.700000e-002
96  6.200000e-002
97  5.500000e-002
98  8.000000e-002
99  1.303000e+000
100  2.497000e+000
101  2.311000e+000
102  2.003000e+000
103  1.854000e+000
104  1.658000e+000
105  1.437000e+000
106  1.330000e+000
107  1.153000e+000
108  1.067000e+000
109  9.540000e-001
110  7.750000e-001
111  7.710000e-001
112  6.690000e-001
113  6.190000e-001
114  5.360000e-001
115  4.960000e-001
116  4.440000e-001
117  3.850000e-001
118  3.560000e-001
119  3.090000e-001
120  2.860000e-001
121  2.560000e-001
122  2.140000e-001
123  2.070000e-001
124  1.830000e-001
125  1.690000e-001
126  1.470000e-001
127  1.360000e-001
128  1.210000e-001
129  1.050000e-001
130  9.700000e-002
131  8.400000e-002
132  7.800000e-002
133  7.000000e-002
134  5.700000e-002
135  5.600000e-002
136  4.900000e-002
137  4.500000e-002
138  3.900000e-002
139  3.600000e-002
140  3.200000e-002
141  2.800000e-002
142  2.600000e-002
143  2.300000e-002
144  2.100000e-002
   10 
1  1.737000e+000
2  1.436000e+000
3  1.607000e+000
4  2.776000e+000
5  2.712000e+000
6  2.380000e+000
7  2.229000e+000
8  2.018000e+000
9  1.770000e+000
10  1.659000e+000
11  1.455000e+000
12  1.363000e+000
13  1.234000e+000
14  1.016000e+000
15  1.760000e+000
16  4.816000e+000
17  5.095000e+000
18  4.470000e+000
19  4.188000e+000
20  3.791000e+000
21  3.326000e+000
22  3.116000e+000
23  2.734000e+000
24  2.561000e+000
25  2.321000e+000
26  2.269000e+000
27  4.291000e+000
28  3.980000e+000
29  4.140000e+000
30  3.644000e+000
31  3.413000e+000
32  3.090000e+000
33  2.711000e+000
34  2.540000e+000
35  2.228000e+000
36  2.087000e+000
37  1.889000e+000
38  1.552000e+000
39  1.563000e+000
40  1.371000e+000
41  1.663000e+000
42  1.495000e+000
43  1.400000e+000
44  1.268000e+000
45  1.112000e+000
46  1.042000e+000
47  9.690000e-001
48  2.813000e+000
49  5.648000e+000
50  5.177000e+000
51  6.083000e+000
52  6.476000e+000
53  6.067000e+000
54  5.323000e+000
55  4.987000e+000
56  4.514000e+000
57  3.960000e+000
58  3.710000e+000
59  3.255000e+000
60  3.050000e+000
61  2.760000e+000
62  2.267000e+000
63  2.283000e+000
64  2.003000e+000
65  1.877000e+000
66  1.647000e+000
67  1.543000e+000
68  1.396000e+000
69  1.225000e+000
70  1.148000e+000
71  1.007000e+000
72  9.430000e-001
73  8.540000e-001
74  7.250000e-001
75  7.040000e-001
76  6.180000e-001
77  5.790000e-001
78  5.080000e-001
79  4.760000e-001
80  4.310000e-001
81  3.780000e-001
82  3.540000e-001
83  3.110000e-001
84  2.910000e-001
85  2.630000e-001
86  2.210000e-001
87  2.300000e-001
88  2.010000e-001
89  1.890000e-001
90  1.660000e-001
91  1.550000e-001
92  1.400000e-001
93  1.230000e-001
94  1.150000e-001
95  1.010000e-001
96  9.500000e-002
97  8.600000e-002
98  1.030000e-001
99  9.940000e-001
100  1.962000e+000
101  1.839000e+000
102  1.613000e+000
103  1.511000e+000
104  1.368000e+000
105  1.200000e+000
106  1.124000e+000
107  9.860000e-001
108  9.240000e-001
109  8.370000e-001
110  6.870000e-001
111  6.920000e-001
112  6.070000e-001
113  5.690000e-001
114  4.990000e-001
115  4.680000e-001
116  4.230000e-001
117  3.710000e-001
118  3.480000e-001
119  3.050000e-001
120  2.860000e-001
121  2.590000e-001
122  2.200000e-001
123  2.170000e-001
124  2.000000e-001
125  1.870000e-001
126  1.640000e-001
127  1.540000e-001
128  1.390000e-001
129  1.220000e-001
130  1.150000e-001
131  1.010000e-001
132  9.400000e-002
133  8.500000e-002
134  7.000000e-002
135  7.100000e-002
136  6.200000e-002
137  5.800000e-002
138  5.100000e-002
139  4.800000e-002
140  4.300000e-002
141  3.800000e-002
142  3.500000e-002
143  3.100000e-002
144  2.900000e-002
   11 
1  2.030000e-001
2  2.260000e-001
3  2.830000e-001
4  3.330000e-001
5  3.610000e-001
6  3.270000e-001
7  3.110000e-001
8  2.870000e-001
9  2.560000e-001
10  2.440000e-001
11  2.180000e-001
12  2.120000e-001
13  2.250000e-001
14  2.360000e-001
15  3.560000e-001
16  4.450000e-001
17  4.740000e-001
18  4.410000e-001
19  4.200000e-001
20  3.870000e-001
21  3.450000e-001
22  3.290000e-001
23  2.940000e-001
24  3.000000e-001
25  3.000000e-001
26  3.160000e-001
27  3.830000e-001
28  3.860000e-001
29  4.400000e-001
30  4.220000e-001
31  4.080000e-001
32  3.760000e-001
33  3.350000e-001
34  3.200000e-001
35  2.850000e-001
36  2.840000e-001
37  2.800000e-001
38  2.870000e-001
39  3.460000e-001
40  3.320000e-001
41  3.770000e-001
42  3.650000e-001
43  3.490000e-001
44  3.210000e-001
45  2.870000e-001
46  2.730000e-001
47  2.890000e-001
48  4.040000e-001
49  1.107000e+000
50  1.062000e+000
51  1.161000e+000
52  1.135000e+000
53  1.166000e+000
54  1.046000e+000
55  9.970000e-001
56  9.180000e-001
57  8.200000e-001
58  7.810000e-001
59  7.400000e-001
60  7.370000e-001
61  6.860000e-001
62  5.850000e-001
63  6.060000e-001
64  5.800000e-001
65  5.960000e-001
66  5.360000e-001
67  5.100000e-001
68  4.700000e-001
69  4.190000e-001
70  4.000000e-001
71  3.570000e-001
72  3.400000e-001
73  3.130000e-001
74  2.890000e-001
75  3.170000e-001
76  3.390000e-001
77  3.650000e-001
78  3.340000e-001
79  3.180000e-001
80  2.930000e-001
81  2.620000e-001
82  2.490000e-001
83  2.230000e-001
84  2.130000e-001
85  1.960000e-001
86  1.810000e-001
87  2.100000e-001
88  1.920000e-001
89  1.960000e-001
90  1.970000e-001
91  2.240000e-001
92  2.130000e-001
93  1.900000e-001
94  1.810000e-001
95  1.940000e-001
96  1.950000e-001
97  1.820000e-001
98  2.030000e-001
99  2.770000e-001
100  2.830000e-001
101  3.000000e-001
102  2.960000e-001
103  2.820000e-001
104  2.600000e-001
105  2.320000e-001
106  2.210000e-001
107  1.970000e-001
108  1.880000e-001
109  2.010000e-001
110  1.870000e-001
111  1.930000e-001
112  1.730000e-001
113  1.670000e-001
114  1.490000e-001
115  1.420000e-001
116  1.310000e-001
117  1.170000e-001
118  1.110000e-001
119  1.050000e-001
120  1.000000e-001
121  9.700000e-002
122  9.600000e-002
123  1.130000e-001
124  1.330000e-001
125  1.420000e-001
126  1.280000e-001
127  1.220000e-001
128  1.130000e-001
129  1.010000e-001
130  9.600000e-002
131  9.300000e-002
132  9.300000e-002
133  9.200000e-002
134  7.700000e-002
135  9.200000e-002
136  9.900000e-002
137  1.040000e-001
138  9.400000e-002
139  8.900000e-002
140  8.200000e-002
141  7.300000e-002
142  7.000000e-002
143  6.600000e-002
144  9.200000e-002
   12 
1  1.344000e+000
2  1.152000e+000
3  1.217000e+000
4  1.621000e+000
5  1.621000e+000
6  1.473000e+000
7  1.430000e+000
8  1.342000e+000
9  1.220000e+000
10  1.184000e+000
11  1.076000e+000
12  1.044000e+000
13  9.810000e-001
14  8.390000e-001
15  1.273000e+000
16  3.008000e+000
17  3.264000e+000
18  2.971000e+000
19  2.884000e+000
20  2.706000e+000
21  2.460000e+000
22  2.387000e+000
23  2.170000e+000
24  2.109000e+000
25  1.986000e+000
26  1.867000e+000
27  2.636000e+000
28  2.496000e+000
29  2.621000e+000
30  2.389000e+000
31  2.319000e+000
32  2.176000e+000
33  1.978000e+000
34  1.920000e+000
35  1.745000e+000
36  1.694000e+000
37  1.589000e+000
38  1.365000e+000
39  1.440000e+000
40  1.315000e+000
41  1.419000e+000
42  1.302000e+000
43  1.264000e+000
44  1.186000e+000
45  1.078000e+000
46  1.046000e+000
47  9.840000e-001
48  2.069000e+000
49  3.812000e+000
50  3.409000e+000
51  4.040000e+000
52  4.396000e+000
53  4.267000e+000
54  3.879000e+000
55  3.765000e+000
56  3.533000e+000
57  3.211000e+000
58  3.117000e+000
59  2.840000e+000
60  2.758000e+000
61  2.588000e+000
62  2.200000e+000
63  2.293000e+000
64  2.085000e+000
65  2.027000e+000
66  1.843000e+000
67  1.789000e+000
68  1.678000e+000
69  1.526000e+000
70  1.481000e+000
71  1.346000e+000
72  1.306000e+000
73  1.226000e+000
74  1.079000e+000
75  1.085000e+000
76  9.860000e-001
77  9.570000e-001
78  8.700000e-001
79  8.450000e-001
80  7.930000e-001
81  7.200000e-001
82  6.990000e-001
83  6.360000e-001
84  6.170000e-001
85  5.790000e-001
86  4.990000e-001
87  5.260000e-001
88  4.780000e-001
89  4.640000e-001
90  4.220000e-001
91  4.090000e-001
92  3.840000e-001
93  3.490000e-001
94  3.390000e-001
95  3.080000e-001
96  2.990000e-001
97  2.810000e-001
98  2.700000e-001
99  4.890000e-001
100  6.900000e-001
101  6.730000e-001
102  6.120000e-001
103  5.940000e-001
104  5.570000e-001
105  5.060000e-001
106  4.920000e-001
107  4.470000e-001
108  4.340000e-001
109  4.070000e-001
110  3.460000e-001
111  3.610000e-001
112  3.280000e-001
113  3.180000e-001
114  2.890000e-001
115  2.810000e-001
116  2.630000e-001
117  2.390000e-001
118  2.320000e-001
119  2.110000e-001
120  2.050000e-001
121  1.920000e-001
122  1.690000e-001
123  1.730000e-001
124  1.670000e-001
125  1.620000e-001
126  1.480000e-001
127  1.430000e-001
128  1.340000e-001
129  1.220000e-001
130  1.190000e-001
131  1.080000e-001
132  1.050000e-001
133  9.800000e-002
134  8.300000e-002
135  8.700000e-002
136  7.900000e-002
137  7.700000e-002
138  7.000000e-002
139  6.800000e-002
140  6.400000e-002
141  5.800000e-002
142  5.600000e-002
143  5.100000e-002
144  4.900000e-002
