   1 
1  1.717000e+000
2  1.394000e+000
3  1.402000e+000
4  2.198000e+000
5  2.355000e+000
6  2.041000e+000
7  1.888000e+000
8  1.687000e+000
9  1.462000e+000
10  1.352000e+000
11  1.171000e+000
12  1.084000e+000
13  9.690000e-001
14  7.860000e-001
15  7.820000e-001
16  9.770000e-001
17  9.360000e-001
18  8.110000e-001
19  7.500000e-001
20  6.710000e-001
21  5.810000e-001
22  5.380000e-001
23  4.660000e-001
24  4.310000e-001
25  3.850000e-001
26  3.230000e-001
27  3.120000e-001
28  9.770000e-001
29  3.901000e+000
30  4.053000e+000
31  3.750000e+000
32  3.351000e+000
33  2.903000e+000
34  2.686000e+000
35  2.327000e+000
36  2.153000e+000
37  1.924000e+000
38  1.562000e+000
39  1.559000e+000
40  1.354000e+000
41  1.940000e+000
42  2.079000e+000
43  1.923000e+000
44  1.719000e+000
45  1.489000e+000
46  1.378000e+000
47  1.193000e+000
48  1.104000e+000
49  9.900000e-001
50  8.630000e-001
51  4.650000e+000
52  5.443000e+000
53  9.159000e+000
54  7.987000e+000
55  7.389000e+000
56  6.603000e+000
57  5.721000e+000
58  5.292000e+000
59  4.585000e+000
60  4.242000e+000
61  3.791000e+000
62  3.076000e+000
63  3.061000e+000
64  3.478000e+000
65  7.082000e+000
66  7.585000e+000
67  7.123000e+000
68  6.366000e+000
69  5.515000e+000
70  5.102000e+000
71  4.420000e+000
72  4.089000e+000
73  3.655000e+000
74  3.066000e+000
75  2.940000e+000
76  3.729000e+000
77  4.399000e+000
78  3.811000e+000
79  3.526000e+000
80  3.151000e+000
81  2.730000e+000
82  2.525000e+000
83  2.188000e+000
84  2.024000e+000
85  1.809000e+000
86  1.468000e+000
87  1.460000e+000
88  1.265000e+000
89  1.170000e+000
90  1.014000e+000
91  9.380000e-001
92  8.380000e-001
93  7.260000e-001
94  6.720000e-001
95  5.820000e-001
96  5.390000e-001
97  4.810000e-001
98  4.090000e-001
99  1.782000e+000
100  3.832000e+000
101  3.779000e+000
102  3.286000e+000
103  3.040000e+000
104  2.717000e+000
105  2.354000e+000
106  2.177000e+000
107  1.887000e+000
108  1.745000e+000
109  1.560000e+000
110  1.266000e+000
111  1.259000e+000
112  1.091000e+000
113  1.009000e+000
114  8.740000e-001
115  8.090000e-001
116  7.230000e-001
117  6.260000e-001
118  5.790000e-001
119  5.020000e-001
120  4.640000e-001
121  4.150000e-001
122  3.500000e-001
123  3.400000e-001
124  2.940000e-001
125  2.720000e-001
126  2.360000e-001
127  2.180000e-001
128  1.950000e-001
129  1.690000e-001
130  1.560000e-001
131  1.350000e-001
132  1.250000e-001
133  1.120000e-001
134  9.100000e-002
135  9.000000e-002
136  7.800000e-002
137  7.200000e-002
138  6.300000e-002
139  5.800000e-002
140  5.200000e-002
141  4.500000e-002
142  4.200000e-002
143  3.600000e-002
144  3.300000e-002
   2 
1  2.560000e-001
2  2.480000e-001
3  4.030000e-001
4  4.420000e-001
5  4.550000e-001
6  4.050000e-001
7  3.820000e-001
8  3.470000e-001
9  3.060000e-001
10  2.890000e-001
11  2.560000e-001
12  2.420000e-001
13  2.200000e-001
14  1.910000e-001
15  2.900000e-001
16  3.370000e-001
17  3.270000e-001
18  2.880000e-001
19  2.710000e-001
20  2.470000e-001
21  2.180000e-001
22  2.290000e-001
23  2.240000e-001
24  2.240000e-001
25  2.070000e-001
26  1.790000e-001
27  2.340000e-001
28  3.140000e-001
29  3.700000e-001
30  3.670000e-001
31  3.470000e-001
32  3.160000e-001
33  2.790000e-001
34  2.630000e-001
35  2.440000e-001
36  2.470000e-001
37  2.450000e-001
38  2.540000e-001
39  3.000000e-001
40  3.260000e-001
41  4.170000e-001
42  3.930000e-001
43  3.700000e-001
44  3.370000e-001
45  2.970000e-001
46  2.800000e-001
47  2.920000e-001
48  3.500000e-001
49  3.780000e-001
50  3.860000e-001
51  4.570000e-001
52  4.570000e-001
53  5.010000e-001
54  4.820000e-001
55  4.550000e-001
56  4.140000e-001
57  3.650000e-001
58  3.440000e-001
59  3.390000e-001
60  3.740000e-001
61  4.090000e-001
62  3.840000e-001
63  4.130000e-001
64  4.290000e-001
65  5.600000e-001
66  5.860000e-001
67  5.630000e-001
68  5.120000e-001
69  4.520000e-001
70  4.250000e-001
71  3.830000e-001
72  3.610000e-001
73  3.300000e-001
74  3.180000e-001
75  3.910000e-001
76  4.790000e-001
77  5.250000e-001
78  4.850000e-001
79  4.570000e-001
80  4.160000e-001
81  3.670000e-001
82  3.460000e-001
83  3.100000e-001
84  2.920000e-001
85  2.770000e-001
86  2.420000e-001
87  2.690000e-001
88  2.930000e-001
89  3.330000e-001
90  3.150000e-001
91  2.970000e-001
92  2.700000e-001
93  2.380000e-001
94  2.360000e-001
95  2.660000e-001
96  2.800000e-001
97  2.640000e-001
98  2.470000e-001
99  3.350000e-001
100  3.950000e-001
101  4.550000e-001
102  4.290000e-001
103  4.040000e-001
104  3.680000e-001
105  3.240000e-001
106  3.050000e-001
107  2.710000e-001
108  2.600000e-001
109  2.460000e-001
110  2.220000e-001
111  2.360000e-001
112  2.210000e-001
113  2.120000e-001
114  1.880000e-001
115  1.810000e-001
116  1.700000e-001
117  1.530000e-001
118  1.440000e-001
119  1.470000e-001
120  1.650000e-001
121  1.640000e-001
122  1.840000e-001
123  2.570000e-001
124  2.650000e-001
125  2.540000e-001
126  2.240000e-001
127  2.110000e-001
128  1.920000e-001
129  1.690000e-001
130  1.680000e-001
131  1.680000e-001
132  1.720000e-001
133  2.000000e-001
134  2.490000e-001
135  3.220000e-001
136  3.050000e-001
137  2.920000e-001
138  2.580000e-001
139  2.430000e-001
140  2.210000e-001
141  1.950000e-001
142  1.870000e-001
143  1.670000e-001
144  1.640000e-001
   3 
1  1.541000e+000
2  1.303000e+000
3  1.372000e+000
4  1.732000e+000
5  1.870000e+000
6  1.690000e+000
7  1.630000e+000
8  1.521000e+000
9  1.374000e+000
10  1.326000e+000
11  1.198000e+000
12  1.156000e+000
13  1.078000e+000
14  9.120000e-001
15  9.480000e-001
16  1.040000e+000
17  1.024000e+000
18  9.250000e-001
19  8.930000e-001
20  8.330000e-001
21  7.530000e-001
22  7.260000e-001
23  6.560000e-001
24  6.330000e-001
25  5.910000e-001
26  5.160000e-001
27  5.240000e-001
28  8.150000e-001
29  2.543000e+000
30  2.722000e+000
31  2.627000e+000
32  2.450000e+000
33  2.214000e+000
34  2.137000e+000
35  1.931000e+000
36  1.863000e+000
37  1.738000e+000
38  1.471000e+000
39  1.534000e+000
40  1.391000e+000
41  1.737000e+000
42  1.803000e+000
43  1.739000e+000
44  1.622000e+000
45  1.466000e+000
46  1.415000e+000
47  1.278000e+000
48  1.233000e+000
49  1.156000e+000
50  1.015000e+000
51  3.241000e+000
52  3.800000e+000
53  6.134000e+000
54  5.576000e+000
55  5.380000e+000
56  5.018000e+000
57  4.535000e+000
58  4.376000e+000
59  3.956000e+000
60  3.818000e+000
61  3.571000e+000
62  3.019000e+000
63  3.129000e+000
64  3.324000e+000
65  5.616000e+000
66  5.994000e+000
67  5.852000e+000
68  5.458000e+000
69  4.932000e+000
70  4.759000e+000
71  4.301000e+000
72  4.150000e+000
73  3.871000e+000
74  3.385000e+000
75  3.383000e+000
76  3.749000e+000
77  4.193000e+000
78  3.789000e+000
79  3.656000e+000
80  3.410000e+000
81  3.081000e+000
82  2.973000e+000
83  2.687000e+000
84  2.593000e+000
85  2.418000e+000
86  2.044000e+000
87  2.118000e+000
88  1.914000e+000
89  1.847000e+000
90  1.669000e+000
91  1.610000e+000
92  1.502000e+000
93  1.357000e+000
94  1.310000e+000
95  1.184000e+000
96  1.142000e+000
97  1.065000e+000
98  9.160000e-001
99  1.714000e+000
100  2.888000e+000
101  2.936000e+000
102  2.661000e+000
103  2.567000e+000
104  2.395000e+000
105  2.164000e+000
106  2.088000e+000
107  1.887000e+000
108  1.821000e+000
109  1.698000e+000
110  1.436000e+000
111  1.487000e+000
112  1.344000e+000
113  1.297000e+000
114  1.172000e+000
115  1.131000e+000
116  1.055000e+000
117  9.530000e-001
118  9.200000e-001
119  8.310000e-001
120  8.020000e-001
121  7.480000e-001
122  6.570000e-001
123  6.640000e-001
124  6.000000e-001
125  5.790000e-001
126  5.230000e-001
127  5.050000e-001
128  4.710000e-001
129  4.250000e-001
130  4.100000e-001
131  3.710000e-001
132  3.580000e-001
133  3.350000e-001
134  2.880000e-001
135  3.010000e-001
136  2.720000e-001
137  2.620000e-001
138  2.370000e-001
139  2.290000e-001
140  2.130000e-001
141  1.930000e-001
142  1.860000e-001
143  1.680000e-001
144  1.620000e-001
   4 
1  1.969000e+000
2  1.612000e+000
3  1.623000e+000
4  2.419000e+000
5  2.558000e+000
6  2.237000e+000
7  2.089000e+000
8  1.884000e+000
9  1.648000e+000
10  1.539000e+000
11  1.345000e+000
12  1.256000e+000
13  1.133000e+000
14  9.280000e-001
15  9.320000e-001
16  1.089000e+000
17  1.046000e+000
18  9.150000e-001
19  8.540000e-001
20  7.710000e-001
21  6.740000e-001
22  6.290000e-001
23  5.500000e-001
24  5.140000e-001
25  4.640000e-001
26  3.920000e-001
27  3.850000e-001
28  1.126000e+000
29  3.873000e+000
30  4.015000e+000
31  3.749000e+000
32  3.382000e+000
33  2.957000e+000
34  2.761000e+000
35  2.414000e+000
36  2.255000e+000
37  2.034000e+000
38  1.665000e+000
39  1.672000e+000
40  1.462000e+000
41  2.012000e+000
42  2.135000e+000
43  1.994000e+000
44  1.799000e+000
45  1.573000e+000
46  1.469000e+000
47  1.284000e+000
48  1.199000e+000
49  1.084000e+000
50  9.440000e-001
51  4.619000e+000
52  5.367000e+000
53  8.947000e+000
54  7.871000e+000
55  7.350000e+000
56  6.630000e+000
57  5.798000e+000
58  5.413000e+000
59  4.734000e+000
60  4.420000e+000
61  3.987000e+000
62  3.265000e+000
63  3.277000e+000
64  3.635000e+000
65  6.979000e+000
66  7.438000e+000
67  7.043000e+000
68  6.353000e+000
69  5.555000e+000
70  5.187000e+000
71  4.536000e+000
72  4.236000e+000
73  3.821000e+000
74  3.235000e+000
75  3.130000e+000
76  3.856000e+000
77  4.498000e+000
78  3.933000e+000
79  3.673000e+000
80  3.313000e+000
81  2.897000e+000
82  2.705000e+000
83  2.366000e+000
84  2.209000e+000
85  1.993000e+000
86  1.632000e+000
87  1.638000e+000
88  1.432000e+000
89  1.337000e+000
90  1.169000e+000
91  1.092000e+000
92  9.850000e-001
93  8.610000e-001
94  8.040000e-001
95  7.030000e-001
96  6.570000e-001
97  5.920000e-001
98  4.950000e-001
99  1.865000e+000
100  3.864000e+000
101  3.824000e+000
102  3.355000e+000
103  3.132000e+000
104  2.826000e+000
105  2.471000e+000
106  2.307000e+000
107  2.018000e+000
108  1.884000e+000
109  1.699000e+000
110  1.392000e+000
111  1.397000e+000
112  1.221000e+000
113  1.141000e+000
114  9.970000e-001
115  9.310000e-001
116  8.400000e-001
117  7.350000e-001
118  6.860000e-001
119  6.000000e-001
120  5.600000e-001
121  5.050000e-001
122  4.280000e-001
123  4.140000e-001
124  3.620000e-001
125  3.380000e-001
126  2.960000e-001
127  2.760000e-001
128  2.490000e-001
129  2.180000e-001
130  2.030000e-001
131  1.780000e-001
132  1.660000e-001
133  1.500000e-001
134  1.230000e-001
135  1.230000e-001
136  1.080000e-001
137  1.000000e-001
138  8.800000e-002
139  8.200000e-002
140  7.400000e-002
141  6.500000e-002
142  6.000000e-002
143  5.300000e-002
144  4.900000e-002
   5 
1  2.580000e-001
2  2.190000e-001
3  3.100000e-001
4  3.040000e-001
5  3.100000e-001
6  2.610000e-001
7  2.340000e-001
8  2.030000e-001
9  1.700000e-001
10  1.530000e-001
11  1.290000e-001
12  1.160000e-001
13  1.000000e-001
14  8.000000e-002
15  1.180000e-001
16  1.540000e-001
17  1.420000e-001
18  1.200000e-001
19  1.070000e-001
20  9.300000e-002
21  7.800000e-002
22  7.000000e-002
23  5.900000e-002
24  5.300000e-002
25  4.600000e-002
26  3.800000e-002
27  8.500000e-002
28  1.760000e-001
29  2.210000e+000
30  2.532000e+000
31  2.273000e+000
32  1.970000e+000
33  1.656000e+000
34  1.487000e+000
35  1.250000e+000
36  1.122000e+000
37  9.770000e-001
38  8.120000e-001
39  8.130000e-001
40  6.980000e-001
41  8.880000e-001
42  8.950000e-001
43  8.030000e-001
44  6.960000e-001
45  5.850000e-001
46  5.260000e-001
47  4.420000e-001
48  3.970000e-001
49  4.010000e-001
50  4.100000e-001
51  3.302000e+000
52  4.230000e+000
53  7.599000e+000
54  6.393000e+000
55  5.740000e+000
56  4.975000e+000
57  4.183000e+000
58  3.755000e+000
59  3.182000e+000
60  2.869000e+000
61  2.551000e+000
62  2.016000e+000
63  1.948000e+000
64  2.252000e+000
65  6.085000e+000
66  6.703000e+000
67  6.134000e+000
68  5.317000e+000
69  4.470000e+000
70  4.013000e+000
71  3.374000e+000
72  3.029000e+000
73  2.626000e+000
74  2.149000e+000
75  2.004000e+000
76  2.572000e+000
77  3.077000e+000
78  2.587000e+000
79  2.323000e+000
80  2.013000e+000
81  1.693000e+000
82  1.520000e+000
83  1.278000e+000
84  1.147000e+000
85  9.940000e-001
86  7.840000e-001
87  7.670000e-001
88  6.590000e-001
89  5.930000e-001
90  4.980000e-001
91  4.470000e-001
92  3.880000e-001
93  3.260000e-001
94  2.930000e-001
95  2.460000e-001
96  2.210000e-001
97  1.920000e-001
98  1.870000e-001
99  9.000000e-001
100  2.404000e+000
101  2.416000e+000
102  2.043000e+000
103  1.834000e+000
104  1.590000e+000
105  1.337000e+000
106  1.200000e+000
107  1.009000e+000
108  9.060000e-001
109  7.870000e-001
110  6.310000e-001
111  6.100000e-001
112  5.130000e-001
113  4.600000e-001
114  3.870000e-001
115  3.470000e-001
116  3.010000e-001
117  2.530000e-001
118  2.270000e-001
119  1.910000e-001
120  1.820000e-001
121  1.600000e-001
122  1.410000e-001
123  1.770000e-001
124  1.720000e-001
125  1.550000e-001
126  1.300000e-001
127  1.170000e-001
128  1.010000e-001
129  8.500000e-002
130  7.600000e-002
131  6.400000e-002
132  5.800000e-002
133  6.500000e-002
134  1.290000e-001
135  1.580000e-001
136  1.330000e-001
137  1.190000e-001
138  1.000000e-001
139  9.000000e-002
140  7.800000e-002
141  6.500000e-002
142  5.900000e-002
143  4.900000e-002
144  4.400000e-002
   6 
1  1.838000e+000
2  1.547000e+000
3  1.608000e+000
4  2.098000e+000
5  2.232000e+000
6  2.009000e+000
7  1.930000e+000
8  1.793000e+000
9  1.614000e+000
10  1.551000e+000
11  1.396000e+000
12  1.341000e+000
13  1.246000e+000
14  1.049000e+000
15  1.083000e+000
16  1.174000e+000
17  1.151000e+000
18  1.036000e+000
19  9.950000e-001
20  9.250000e-001
21  8.320000e-001
22  8.000000e-001
23  7.200000e-001
24  6.920000e-001
25  6.420000e-001
26  5.600000e-001
27  5.590000e-001
28  9.650000e-001
29  2.923000e+000
30  3.087000e+000
31  2.967000e+000
32  2.756000e+000
33  2.480000e+000
34  2.383000e+000
35  2.145000e+000
36  2.061000e+000
37  1.915000e+000
38  1.613000e+000
39  1.669000e+000
40  1.504000e+000
41  1.900000e+000
42  1.979000e+000
43  1.902000e+000
44  1.766000e+000
45  1.590000e+000
46  1.528000e+000
47  1.375000e+000
48  1.321000e+000
49  1.230000e+000
50  1.075000e+000
51  3.625000e+000
52  4.211000e+000
53  6.801000e+000
54  6.155000e+000
55  5.915000e+000
56  5.495000e+000
57  4.945000e+000
58  4.752000e+000
59  4.277000e+000
60  4.110000e+000
61  3.818000e+000
62  3.215000e+000
63  3.318000e+000
64  3.532000e+000
65  5.979000e+000
66  6.352000e+000
67  6.176000e+000
68  5.737000e+000
69  5.163000e+000
70  4.962000e+000
71  4.466000e+000
72  4.292000e+000
73  3.987000e+000
74  3.472000e+000
75  3.456000e+000
76  3.892000e+000
77  4.380000e+000
78  3.942000e+000
79  3.788000e+000
80  3.519000e+000
81  3.167000e+000
82  3.043000e+000
83  2.739000e+000
84  2.632000e+000
85  2.445000e+000
86  2.059000e+000
87  2.125000e+000
88  1.912000e+000
89  1.838000e+000
90  1.654000e+000
91  1.590000e+000
92  1.477000e+000
93  1.329000e+000
94  1.277000e+000
95  1.149000e+000
96  1.105000e+000
97  1.026000e+000
98  8.760000e-001
99  1.809000e+000
100  3.158000e+000
101  3.192000e+000
102  2.881000e+000
103  2.768000e+000
104  2.572000e+000
105  2.314000e+000
106  2.224000e+000
107  2.002000e+000
108  1.924000e+000
109  1.787000e+000
110  1.505000e+000
111  1.553000e+000
112  1.398000e+000
113  1.343000e+000
114  1.209000e+000
115  1.162000e+000
116  1.079000e+000
117  9.710000e-001
118  9.330000e-001
119  8.400000e-001
120  8.070000e-001
121  7.500000e-001
122  6.540000e-001
123  6.540000e-001
124  5.890000e-001
125  5.660000e-001
126  5.090000e-001
127  4.900000e-001
128  4.550000e-001
129  4.090000e-001
130  3.930000e-001
131  3.540000e-001
132  3.400000e-001
133  3.160000e-001
134  2.660000e-001
135  2.750000e-001
136  2.470000e-001
137  2.380000e-001
138  2.140000e-001
139  2.050000e-001
140  1.910000e-001
141  1.720000e-001
142  1.650000e-001
143  1.490000e-001
144  1.430000e-001
   7 
1  2.032000e+000
2  1.668000e+000
3  1.682000e+000
4  2.473000e+000
5  2.608000e+000
6  2.286000e+000
7  2.140000e+000
8  1.936000e+000
9  1.697000e+000
10  1.588000e+000
11  1.392000e+000
12  1.303000e+000
13  1.179000e+000
14  9.670000e-001
15  9.730000e-001
16  1.120000e+000
17  1.078000e+000
18  9.450000e-001
19  8.850000e-001
20  8.000000e-001
21  7.010000e-001
22  6.570000e-001
23  5.760000e-001
24  5.390000e-001
25  4.870000e-001
26  4.140000e-001
27  4.070000e-001
28  1.173000e+000
29  3.858000e+000
30  3.997000e+000
31  3.741000e+000
32  3.384000e+000
33  2.966000e+000
34  2.777000e+000
35  2.434000e+000
36  2.278000e+000
37  2.061000e+000
38  1.691000e+000
39  1.702000e+000
40  1.492000e+000
41  2.029000e+000
42  2.147000e+000
43  2.010000e+000
44  1.818000e+000
45  1.593000e+000
46  1.492000e+000
47  1.308000e+000
48  1.224000e+000
49  1.109000e+000
50  9.640000e-001
51  4.604000e+000
52  5.338000e+000
53  8.878000e+000
54  7.829000e+000
55  7.328000e+000
56  6.628000e+000
57  5.810000e+000
58  5.438000e+000
59  4.767000e+000
60  4.463000e+000
61  4.036000e+000
62  3.313000e+000
63  3.333000e+000
64  3.675000e+000
65  6.948000e+000
66  7.395000e+000
67  7.017000e+000
68  6.346000e+000
69  5.563000e+000
70  5.208000e+000
71  4.565000e+000
72  4.273000e+000
73  3.865000e+000
74  3.280000e+000
75  3.182000e+000
76  3.887000e+000
77  4.520000e+000
78  3.962000e+000
79  3.709000e+000
80  3.354000e+000
81  2.940000e+000
82  2.752000e+000
83  2.413000e+000
84  2.258000e+000
85  2.042000e+000
86  1.676000e+000
87  1.687000e+000
88  1.479000e+000
89  1.384000e+000
90  1.213000e+000
91  1.136000e+000
92  1.027000e+000
93  9.000000e-001
94  8.430000e-001
95  7.390000e-001
96  6.920000e-001
97  6.260000e-001
98  5.220000e-001
99  1.886000e+000
100  3.866000e+000
101  3.829000e+000
102  3.367000e+000
103  3.152000e+000
104  2.851000e+000
105  2.499000e+000
106  2.339000e+000
107  2.051000e+000
108  1.919000e+000
109  1.736000e+000
110  1.425000e+000
111  1.434000e+000
112  1.257000e+000
113  1.176000e+000
114  1.031000e+000
115  9.650000e-001
116  8.730000e-001
117  7.650000e-001
118  7.160000e-001
119  6.280000e-001
120  5.880000e-001
121  5.320000e-001
122  4.510000e-001
123  4.380000e-001
124  3.840000e-001
125  3.590000e-001
126  3.150000e-001
127  2.950000e-001
128  2.670000e-001
129  2.340000e-001
130  2.190000e-001
131  1.920000e-001
132  1.790000e-001
133  1.620000e-001
134  1.330000e-001
135  1.340000e-001
136  1.180000e-001
137  1.100000e-001
138  9.600000e-002
139  9.000000e-002
140  8.200000e-002
141  7.200000e-002
142  6.700000e-002
143  5.900000e-002
144  5.500000e-002
   8 
1  9.400000e-001
2  7.670000e-001
3  8.180000e-001
4  1.077000e+000
5  1.244000e+000
6  1.081000e+000
7  1.003000e+000
8  8.990000e-001
9  7.810000e-001
10  7.240000e-001
11  6.290000e-001
12  5.840000e-001
13  5.230000e-001
14  4.260000e-001
15  4.360000e-001
16  5.780000e-001
17  5.580000e-001
18  4.850000e-001
19  4.500000e-001
20  4.030000e-001
21  3.500000e-001
22  3.250000e-001
23  2.820000e-001
24  2.620000e-001
25  2.350000e-001
26  1.970000e-001
27  2.160000e-001
28  4.820000e-001
29  2.741000e+000
30  3.001000e+000
31  2.784000e+000
32  2.495000e+000
33  2.168000e+000
34  2.011000e+000
35  1.747000e+000
36  1.621000e+000
37  1.453000e+000
38  1.196000e+000
39  1.210000e+000
40  1.062000e+000
41  1.459000e+000
42  1.542000e+000
43  1.431000e+000
44  1.282000e+000
45  1.114000e+000
46  1.034000e+000
47  8.980000e-001
48  8.330000e-001
49  7.700000e-001
50  6.900000e-001
51  3.583000e+000
52  4.373000e+000
53  7.506000e+000
54  6.561000e+000
55  6.087000e+000
56  5.455000e+000
57  4.739000e+000
58  4.396000e+000
59  3.832000e+000
60  3.562000e+000
61  3.231000e+000
62  2.632000e+000
63  2.625000e+000
64  2.945000e+000
65  6.267000e+000
66  6.818000e+000
67  6.427000e+000
68  5.759000e+000
69  5.004000e+000
70  4.642000e+000
71  4.033000e+000
72  3.741000e+000
73  3.353000e+000
74  2.822000e+000
75  2.714000e+000
76  3.287000e+000
77  3.828000e+000
78  3.326000e+000
79  3.085000e+000
80  2.765000e+000
81  2.402000e+000
82  2.229000e+000
83  1.936000e+000
84  1.796000e+000
85  1.610000e+000
86  1.310000e+000
87  1.312000e+000
88  1.144000e+000
89  1.062000e+000
90  9.220000e-001
91  8.560000e-001
92  7.670000e-001
93  6.660000e-001
94  6.180000e-001
95  5.370000e-001
96  4.980000e-001
97  4.460000e-001
98  3.900000e-001
99  1.336000e+000
100  2.927000e+000
101  2.943000e+000
102  2.568000e+000
103  2.383000e+000
104  2.135000e+000
105  1.855000e+000
106  1.721000e+000
107  1.495000e+000
108  1.387000e+000
109  1.244000e+000
110  1.016000e+000
111  1.014000e+000
112  8.810000e-001
113  8.170000e-001
114  7.100000e-001
115  6.590000e-001
116  5.900000e-001
117  5.130000e-001
118  4.760000e-001
119  4.130000e-001
120  3.830000e-001
121  3.440000e-001
122  2.950000e-001
123  3.060000e-001
124  2.690000e-001
125  2.490000e-001
126  2.160000e-001
127  2.010000e-001
128  1.800000e-001
129  1.560000e-001
130  1.450000e-001
131  1.260000e-001
132  1.170000e-001
133  1.150000e-001
134  1.360000e-001
135  1.530000e-001
136  1.330000e-001
137  1.230000e-001
138  1.070000e-001
139  9.900000e-002
140  8.900000e-002
141  7.700000e-002
142  7.200000e-002
143  6.200000e-002
144  5.800000e-002
   9 
1  2.086000e+000
2  1.694000e+000
3  1.690000e+000
4  2.631000e+000
5  2.763000e+000
6  2.395000e+000
7  2.217000e+000
8  1.982000e+000
9  1.718000e+000
10  1.590000e+000
11  1.378000e+000
12  1.276000e+000
13  1.141000e+000
14  9.260000e-001
15  9.220000e-001
16  1.094000e+000
17  1.044000e+000
18  9.050000e-001
19  8.380000e-001
20  7.490000e-001
21  6.490000e-001
22  6.010000e-001
23  5.210000e-001
24  4.820000e-001
25  4.310000e-001
26  3.620000e-001
27  3.630000e-001
28  1.355000e+000
29  4.319000e+000
30  4.424000e+000
31  4.095000e+000
32  3.661000e+000
33  3.174000e+000
34  2.938000e+000
35  2.546000e+000
36  2.357000e+000
37  2.107000e+000
38  1.711000e+000
39  1.703000e+000
40  1.476000e+000
41  2.071000e+000
42  2.204000e+000
43  2.040000e+000
44  1.824000e+000
45  1.581000e+000
46  1.463000e+000
47  1.268000e+000
48  1.174000e+000
49  1.051000e+000
50  9.640000e-001
51  5.067000e+000
52  5.847000e+000
53  9.821000e+000
54  8.564000e+000
55  7.927000e+000
56  7.087000e+000
57  6.144000e+000
58  5.687000e+000
59  4.929000e+000
60  4.563000e+000
61  4.079000e+000
62  3.312000e+000
63  3.297000e+000
64  3.702000e+000
65  7.327000e+000
66  7.794000e+000
67  7.320000e+000
68  6.545000e+000
69  5.673000e+000
70  5.251000e+000
71  4.552000e+000
72  4.213000e+000
73  3.767000e+000
74  3.162000e+000
75  3.033000e+000
76  3.856000e+000
77  4.547000e+000
78  3.941000e+000
79  3.648000e+000
80  3.262000e+000
81  2.827000e+000
82  2.617000e+000
83  2.268000e+000
84  2.100000e+000
85  1.877000e+000
86  1.524000e+000
87  1.517000e+000
88  1.315000e+000
89  1.217000e+000
90  1.055000e+000
91  9.770000e-001
92  8.730000e-001
93  7.570000e-001
94  7.010000e-001
95  6.070000e-001
96  5.620000e-001
97  5.030000e-001
98  4.170000e-001
99  2.006000e+000
100  4.272000e+000
101  4.186000e+000
102  3.641000e+000
103  3.370000e+000
104  3.013000e+000
105  2.612000e+000
106  2.417000e+000
107  2.095000e+000
108  1.940000e+000
109  1.734000e+000
110  1.408000e+000
111  1.402000e+000
112  1.215000e+000
113  1.125000e+000
114  9.750000e-001
115  9.020000e-001
116  8.070000e-001
117  6.990000e-001
118  6.470000e-001
119  5.610000e-001
120  5.190000e-001
121  4.640000e-001
122  3.900000e-001
123  3.740000e-001
124  3.240000e-001
125  3.000000e-001
126  2.600000e-001
127  2.410000e-001
128  2.150000e-001
129  1.870000e-001
130  1.730000e-001
131  1.500000e-001
132  1.390000e-001
133  1.240000e-001
134  1.010000e-001
135  1.000000e-001
136  8.700000e-002
137  8.000000e-002
138  7.000000e-002
139  6.400000e-002
140  5.800000e-002
141  5.000000e-002
142  4.600000e-002
143  4.000000e-002
144  3.700000e-002
   10 
1  2.053000e+000
2  1.686000e+000
3  1.702000e+000
4  2.490000e+000
5  2.624000e+000
6  2.303000e+000
7  2.157000e+000
8  1.953000e+000
9  1.713000e+000
10  1.605000e+000
11  1.408000e+000
12  1.319000e+000
13  1.194000e+000
14  9.810000e-001
15  9.880000e-001
16  1.131000e+000
17  1.089000e+000
18  9.550000e-001
19  8.950000e-001
20  8.100000e-001
21  7.110000e-001
22  6.660000e-001
23  5.840000e-001
24  5.470000e-001
25  4.950000e-001
26  4.210000e-001
27  4.150000e-001
28  1.189000e+000
29  3.853000e+000
30  3.991000e+000
31  3.739000e+000
32  3.384000e+000
33  2.969000e+000
34  2.781000e+000
35  2.440000e+000
36  2.286000e+000
37  2.069000e+000
38  1.700000e+000
39  1.712000e+000
40  1.502000e+000
41  2.035000e+000
42  2.151000e+000
43  2.015000e+000
44  1.824000e+000
45  1.600000e+000
46  1.499000e+000
47  1.315000e+000
48  1.232000e+000
49  1.118000e+000
50  9.710000e-001
51  4.598000e+000
52  5.328000e+000
53  8.853000e+000
54  7.813000e+000
55  7.320000e+000
56  6.626000e+000
57  5.813000e+000
58  5.446000e+000
59  4.778000e+000
60  4.476000e+000
61  4.052000e+000
62  3.328000e+000
63  3.352000e+000
64  3.688000e+000
65  6.937000e+000
66  7.380000e+000
67  7.009000e+000
68  6.344000e+000
69  5.566000e+000
70  5.214000e+000
71  4.575000e+000
72  4.286000e+000
73  3.879000e+000
74  3.295000e+000
75  3.199000e+000
76  3.897000e+000
77  4.526000e+000
78  3.971000e+000
79  3.720000e+000
80  3.367000e+000
81  2.954000e+000
82  2.768000e+000
83  2.428000e+000
84  2.275000e+000
85  2.059000e+000
86  1.692000e+000
87  1.704000e+000
88  1.495000e+000
89  1.400000e+000
90  1.228000e+000
91  1.151000e+000
92  1.042000e+000
93  9.140000e-001
94  8.560000e-001
95  7.510000e-001
96  7.040000e-001
97  6.370000e-001
98  5.320000e-001
99  1.894000e+000
100  3.866000e+000
101  3.831000e+000
102  3.372000e+000
103  3.159000e+000
104  2.859000e+000
105  2.508000e+000
106  2.350000e+000
107  2.062000e+000
108  1.932000e+000
109  1.748000e+000
110  1.436000e+000
111  1.446000e+000
112  1.269000e+000
113  1.189000e+000
114  1.043000e+000
115  9.770000e-001
116  8.840000e-001
117  7.760000e-001
118  7.270000e-001
119  6.380000e-001
120  5.980000e-001
121  5.410000e-001
122  4.590000e-001
123  4.460000e-001
124  3.910000e-001
125  3.670000e-001
126  3.220000e-001
127  3.010000e-001
128  2.730000e-001
129  2.390000e-001
130  2.240000e-001
131  1.970000e-001
132  1.840000e-001
133  1.670000e-001
134  1.370000e-001
135  1.380000e-001
136  1.210000e-001
137  1.130000e-001
138  9.900000e-002
139  9.300000e-002
140  8.400000e-002
141  7.400000e-002
142  6.900000e-002
143  6.100000e-002
144  5.700000e-002
   11 
1  1.430000e-001
2  1.490000e-001
3  2.590000e-001
4  2.770000e-001
5  2.890000e-001
6  2.580000e-001
7  2.460000e-001
8  2.260000e-001
9  2.020000e-001
10  1.920000e-001
11  1.720000e-001
12  1.640000e-001
13  1.510000e-001
14  1.260000e-001
15  1.770000e-001
16  2.180000e-001
17  2.140000e-001
18  1.910000e-001
19  1.820000e-001
20  1.670000e-001
21  1.490000e-001
22  1.430000e-001
23  1.290000e-001
24  1.230000e-001
25  1.130000e-001
26  9.900000e-002
27  1.450000e-001
28  2.200000e-001
29  2.570000e-001
30  2.460000e-001
31  2.350000e-001
32  2.160000e-001
33  1.930000e-001
34  1.840000e-001
35  1.720000e-001
36  1.670000e-001
37  1.670000e-001
38  1.840000e-001
39  2.090000e-001
40  2.040000e-001
41  2.170000e-001
42  2.020000e-001
43  1.920000e-001
44  1.770000e-001
45  1.580000e-001
46  1.510000e-001
47  1.550000e-001
48  1.620000e-001
49  2.000000e-001
50  2.320000e-001
51  2.890000e-001
52  2.970000e-001
53  6.180000e-001
54  5.810000e-001
55  5.540000e-001
56  5.100000e-001
57  4.550000e-001
58  4.340000e-001
59  4.140000e-001
60  4.310000e-001
61  4.560000e-001
62  4.160000e-001
63  4.330000e-001
64  4.300000e-001
65  5.370000e-001
66  5.570000e-001
67  5.380000e-001
68  4.960000e-001
69  4.430000e-001
70  4.220000e-001
71  3.820000e-001
72  3.640000e-001
73  3.360000e-001
74  3.210000e-001
75  3.360000e-001
76  3.400000e-001
77  3.540000e-001
78  3.160000e-001
79  3.010000e-001
80  2.770000e-001
81  2.470000e-001
82  2.360000e-001
83  2.120000e-001
84  2.020000e-001
85  1.860000e-001
86  1.580000e-001
87  1.780000e-001
88  1.820000e-001
89  1.760000e-001
90  1.570000e-001
91  1.500000e-001
92  1.380000e-001
93  1.230000e-001
94  1.190000e-001
95  1.330000e-001
96  1.340000e-001
97  1.330000e-001
98  1.370000e-001
99  2.120000e-001
100  2.570000e-001
101  2.800000e-001
102  2.580000e-001
103  2.460000e-001
104  2.260000e-001
105  2.020000e-001
106  1.920000e-001
107  1.720000e-001
108  1.640000e-001
109  1.580000e-001
110  1.420000e-001
111  1.460000e-001
112  1.360000e-001
113  1.300000e-001
114  1.160000e-001
115  1.100000e-001
116  1.020000e-001
117  9.100000e-002
118  8.600000e-002
119  8.500000e-002
120  1.030000e-001
121  1.060000e-001
122  1.260000e-001
123  1.870000e-001
124  1.950000e-001
125  1.890000e-001
126  1.690000e-001
127  1.610000e-001
128  1.480000e-001
129  1.320000e-001
130  1.260000e-001
131  1.130000e-001
132  1.070000e-001
133  1.110000e-001
134  1.620000e-001
135  2.080000e-001
136  1.890000e-001
137  1.820000e-001
138  1.620000e-001
139  1.540000e-001
140  1.420000e-001
141  1.270000e-001
142  1.210000e-001
143  1.080000e-001
144  1.030000e-001
   12 
1  1.481000e+000
2  1.259000e+000
3  1.334000e+000
4  1.644000e+000
5  1.777000e+000
6  1.615000e+000
7  1.567000e+000
8  1.471000e+000
9  1.337000e+000
10  1.298000e+000
11  1.179000e+000
12  1.145000e+000
13  1.074000e+000
14  9.130000e-001
15  9.560000e-001
16  1.034000e+000
17  1.022000e+000
18  9.290000e-001
19  9.020000e-001
20  8.460000e-001
21  7.690000e-001
22  7.470000e-001
23  6.790000e-001
24  6.590000e-001
25  6.180000e-001
26  5.440000e-001
27  5.550000e-001
28  8.040000e-001
29  2.369000e+000
30  2.543000e+000
31  2.468000e+000
32  2.316000e+000
33  2.105000e+000
34  2.043000e+000
35  1.857000e+000
36  1.803000e+000
37  1.692000e+000
38  1.441000e+000
39  1.510000e+000
40  1.378000e+000
41  1.691000e+000
42  1.747000e+000
43  1.696000e+000
44  1.591000e+000
45  1.446000e+000
46  1.404000e+000
47  1.276000e+000
48  1.239000e+000
49  1.169000e+000
50  1.028000e+000
51  3.049000e+000
52  3.567000e+000
53  5.706000e+000
54  5.217000e+000
55  5.063000e+000
56  4.751000e+000
57  4.319000e+000
58  4.192000e+000
59  3.812000e+000
60  3.702000e+000
61  3.484000e+000
62  2.963000e+000
63  3.088000e+000
64  3.257000e+000
65  5.363000e+000
66  5.717000e+000
67  5.612000e+000
68  5.266000e+000
69  4.786000e+000
70  4.646000e+000
71  4.223000e+000
72  4.099000e+000
73  3.846000e+000
74  3.383000e+000
75  3.400000e+000
76  3.717000e+000
77  4.131000e+000
78  3.755000e+000
79  3.645000e+000
80  3.420000e+000
81  3.109000e+000
82  3.017000e+000
83  2.743000e+000
84  2.662000e+000
85  2.498000e+000
86  2.124000e+000
87  2.213000e+000
88  2.012000e+000
89  1.953000e+000
90  1.775000e+000
91  1.723000e+000
92  1.617000e+000
93  1.470000e+000
94  1.426000e+000
95  1.297000e+000
96  1.258000e+000
97  1.181000e+000
98  1.018000e+000
99  1.749000e+000
100  2.805000e+000
101  2.859000e+000
102  2.606000e+000
103  2.529000e+000
104  2.373000e+000
105  2.157000e+000
106  2.094000e+000
107  1.903000e+000
108  1.847000e+000
109  1.733000e+000
110  1.474000e+000
111  1.536000e+000
112  1.396000e+000
113  1.355000e+000
114  1.232000e+000
115  1.195000e+000
116  1.122000e+000
117  1.020000e+000
118  9.900000e-001
119  8.990000e-001
120  8.730000e-001
121  8.190000e-001
122  7.230000e-001
123  7.340000e-001
124  6.670000e-001
125  6.480000e-001
126  5.890000e-001
127  5.710000e-001
128  5.360000e-001
129  4.870000e-001
130  4.730000e-001
131  4.300000e-001
132  4.170000e-001
133  3.930000e-001
134  3.410000e-001
135  3.580000e-001
136  3.260000e-001
137  3.160000e-001
138  2.870000e-001
139  2.790000e-001
140  2.620000e-001
141  2.380000e-001
142  2.310000e-001
143  2.100000e-001
144  2.040000e-001
