   1 
1  4.500000e-002
2  4.100000e-002
3  4.600000e-002
4  4.000000e-002
5  3.700000e-002
6  3.200000e-002
7  3.000000e-002
8  2.700000e-002
9  2.300000e-002
10  2.100000e-002
11  1.800000e-002
12  1.700000e-002
13  1.500000e-002
14  1.200000e-002
15  1.200000e-002
16  1.100000e-002
17  1.000000e-002
18  9.000000e-003
19  8.000000e-003
20  7.000000e-003
21  6.000000e-003
22  6.000000e-003
23  5.000000e-003
24  5.000000e-003
25  6.000000e-003
26  8.000000e-003
27  7.000000e-003
28  6.000000e-003
29  6.000000e-003
30  5.000000e-003
31  5.000000e-003
32  4.000000e-003
33  4.000000e-003
34  3.000000e-003
35  3.000000e-003
36  3.000000e-003
37  2.000000e-003
38  2.000000e-003
39  2.000000e-003
40  2.000000e-003
41  2.000000e-003
42  1.000000e-003
43  1.000000e-003
44  1.000000e-003
45  1.000000e-003
46  1.000000e-003
47  1.000000e-003
48  1.000000e-003
49  1.000000e-003
50  7.000000e-003
51  1.730000e-001
52  5.890000e-001
53  5.450000e-001
54  4.720000e-001
55  4.370000e-001
56  3.910000e-001
57  3.380000e-001
58  3.130000e-001
59  2.710000e-001
60  2.510000e-001
61  2.240000e-001
62  1.820000e-001
63  1.810000e-001
64  1.570000e-001
65  1.450000e-001
66  1.260000e-001
67  1.160000e-001
68  1.040000e-001
69  9.000000e-002
70  8.300000e-002
71  7.200000e-002
72  6.700000e-002
73  6.000000e-002
74  5.000000e-002
75  4.800000e-002
76  4.200000e-002
77  3.800000e-002
78  3.300000e-002
79  3.100000e-002
80  2.800000e-002
81  2.400000e-002
82  2.200000e-002
83  1.900000e-002
84  1.800000e-002
85  1.600000e-002
86  1.700000e-002
87  2.200000e-002
88  1.900000e-002
89  1.700000e-002
90  1.500000e-002
91  1.400000e-002
92  1.200000e-002
93  1.100000e-002
94  1.000000e-002
95  9.000000e-003
96  8.000000e-003
97  7.000000e-003
98  1.200000e-002
99  1.700000e-002
100  1.500000e-002
101  1.400000e-002
102  1.200000e-002
103  1.100000e-002
104  1.000000e-002
105  8.000000e-003
106  8.000000e-003
107  7.000000e-003
108  6.000000e-003
109  6.000000e-003
110  5.000000e-003
111  4.000000e-003
112  4.000000e-003
113  4.000000e-003
114  3.000000e-003
115  3.000000e-003
116  3.000000e-003
117  2.000000e-003
118  2.000000e-003
119  2.000000e-003
120  2.000000e-003
121  1.000000e-003
122  1.000000e-003
123  1.000000e-003
124  1.000000e-003
125  1.000000e-003
126  1.000000e-003
127  1.000000e-003
128  1.000000e-003
129  1.000000e-003
130  1.000000e-003
131  0.000000e+000
132  0.000000e+000
133  0.000000e+000
134  0.000000e+000
135  0.000000e+000
136  0.000000e+000
137  0.000000e+000
138  0.000000e+000
139  0.000000e+000
140  0.000000e+000
141  0.000000e+000
142  0.000000e+000
143  0.000000e+000
144  0.000000e+000
   2 
1  1.820000e-001
2  2.060000e-001
3  2.380000e-001
4  2.550000e-001
5  2.630000e-001
6  2.330000e-001
7  2.200000e-001
8  2.000000e-001
9  1.760000e-001
10  1.670000e-001
11  1.520000e-001
12  1.550000e-001
13  1.580000e-001
14  1.580000e-001
15  2.720000e-001
16  3.520000e-001
17  3.690000e-001
18  3.350000e-001
19  3.160000e-001
20  2.870000e-001
21  2.530000e-001
22  2.460000e-001
23  2.220000e-001
24  2.290000e-001
25  2.290000e-001
26  2.440000e-001
27  2.980000e-001
28  2.880000e-001
29  3.000000e-001
30  2.760000e-001
31  2.620000e-001
32  2.380000e-001
33  2.100000e-001
34  1.980000e-001
35  1.750000e-001
36  1.720000e-001
37  1.690000e-001
38  1.780000e-001
39  2.270000e-001
40  2.210000e-001
41  2.460000e-001
42  2.350000e-001
43  2.210000e-001
44  2.010000e-001
45  1.770000e-001
46  1.680000e-001
47  1.870000e-001
48  2.360000e-001
49  2.630000e-001
50  2.520000e-001
51  3.030000e-001
52  3.180000e-001
53  3.530000e-001
54  3.150000e-001
55  2.960000e-001
56  2.700000e-001
57  2.380000e-001
58  2.260000e-001
59  2.340000e-001
60  2.330000e-001
61  2.140000e-001
62  1.860000e-001
63  1.900000e-001
64  1.840000e-001
65  1.880000e-001
66  1.670000e-001
67  1.580000e-001
68  1.430000e-001
69  1.270000e-001
70  1.190000e-001
71  1.050000e-001
72  9.900000e-002
73  9.700000e-002
74  9.000000e-002
75  1.190000e-001
76  1.450000e-001
77  1.620000e-001
78  1.480000e-001
79  1.400000e-001
80  1.270000e-001
81  1.120000e-001
82  1.100000e-001
83  1.130000e-001
84  1.110000e-001
85  1.010000e-001
86  1.000000e-001
87  1.270000e-001
88  1.220000e-001
89  1.300000e-001
90  1.420000e-001
91  1.650000e-001
92  1.540000e-001
93  1.360000e-001
94  1.280000e-001
95  1.580000e-001
96  1.540000e-001
97  1.410000e-001
98  1.630000e-001
99  2.280000e-001
100  2.450000e-001
101  2.650000e-001
102  2.520000e-001
103  2.370000e-001
104  2.210000e-001
105  1.950000e-001
106  1.840000e-001
107  1.780000e-001
108  1.760000e-001
109  1.890000e-001
110  1.720000e-001
111  1.750000e-001
112  1.570000e-001
113  1.500000e-001
114  1.330000e-001
115  1.250000e-001
116  1.140000e-001
117  1.000000e-001
118  9.400000e-002
119  1.020000e-001
120  9.600000e-002
121  1.090000e-001
122  1.020000e-001
123  1.110000e-001
124  1.230000e-001
125  1.260000e-001
126  1.130000e-001
127  1.060000e-001
128  9.600000e-002
129  8.500000e-002
130  8.000000e-002
131  7.500000e-002
132  8.000000e-002
133  8.300000e-002
134  6.800000e-002
135  7.800000e-002
136  7.700000e-002
137  8.600000e-002
138  7.600000e-002
139  7.200000e-002
140  6.500000e-002
141  5.700000e-002
142  5.400000e-002
143  5.100000e-002
144  6.500000e-002
   3 
1  2.900000e-002
2  2.700000e-002
3  3.200000e-002
4  2.900000e-002
5  2.800000e-002
6  2.500000e-002
7  2.400000e-002
8  2.300000e-002
9  2.000000e-002
10  2.000000e-002
11  1.800000e-002
12  1.700000e-002
13  1.600000e-002
14  1.400000e-002
15  1.400000e-002
16  1.300000e-002
17  1.200000e-002
18  1.100000e-002
19  1.100000e-002
20  1.000000e-002
21  9.000000e-003
22  9.000000e-003
23  8.000000e-003
24  8.000000e-003
25  8.000000e-003
26  1.100000e-002
27  1.500000e-002
28  1.400000e-002
29  1.300000e-002
30  1.200000e-002
31  1.100000e-002
32  1.100000e-002
33  1.000000e-002
34  9.000000e-003
35  8.000000e-003
36  8.000000e-003
37  8.000000e-003
38  6.000000e-003
39  7.000000e-003
40  6.000000e-003
41  6.000000e-003
42  5.000000e-003
43  5.000000e-003
44  5.000000e-003
45  4.000000e-003
46  4.000000e-003
47  4.000000e-003
48  4.000000e-003
49  4.000000e-003
50  1.000000e-002
51  1.080000e-001
52  3.630000e-001
53  3.500000e-001
54  3.160000e-001
55  3.050000e-001
56  2.850000e-001
57  2.570000e-001
58  2.480000e-001
59  2.240000e-001
60  2.170000e-001
61  2.020000e-001
62  1.710000e-001
63  1.770000e-001
64  1.600000e-001
65  1.540000e-001
66  1.390000e-001
67  1.350000e-001
68  1.250000e-001
69  1.130000e-001
70  1.090000e-001
71  9.900000e-002
72  9.500000e-002
73  8.900000e-002
74  7.800000e-002
75  7.800000e-002
76  7.000000e-002
77  6.800000e-002
78  6.100000e-002
79  5.900000e-002
80  5.500000e-002
81  5.000000e-002
82  4.800000e-002
83  4.300000e-002
84  4.200000e-002
85  3.900000e-002
86  3.700000e-002
87  4.300000e-002
88  3.900000e-002
89  3.700000e-002
90  3.400000e-002
91  3.200000e-002
92  3.000000e-002
93  2.700000e-002
94  2.600000e-002
95  2.400000e-002
96  2.300000e-002
97  2.100000e-002
98  2.800000e-002
99  4.000000e-002
100  3.600000e-002
101  3.500000e-002
102  3.200000e-002
103  3.100000e-002
104  2.900000e-002
105  2.600000e-002
106  2.500000e-002
107  2.300000e-002
108  2.200000e-002
109  2.000000e-002
110  1.700000e-002
111  1.800000e-002
112  1.600000e-002
113  1.500000e-002
114  1.400000e-002
115  1.400000e-002
116  1.300000e-002
117  1.100000e-002
118  1.100000e-002
119  1.000000e-002
120  1.000000e-002
121  9.000000e-003
122  8.000000e-003
123  8.000000e-003
124  7.000000e-003
125  7.000000e-003
126  6.000000e-003
127  6.000000e-003
128  6.000000e-003
129  5.000000e-003
130  5.000000e-003
131  4.000000e-003
132  4.000000e-003
133  4.000000e-003
134  3.000000e-003
135  3.000000e-003
136  3.000000e-003
137  3.000000e-003
138  3.000000e-003
139  3.000000e-003
140  2.000000e-003
141  2.000000e-003
142  2.000000e-003
143  2.000000e-003
144  2.000000e-003
   4 
1  5.800000e-002
2  5.100000e-002
3  5.600000e-002
4  4.900000e-002
5  4.600000e-002
6  4.000000e-002
7  3.800000e-002
8  3.400000e-002
9  3.000000e-002
10  2.800000e-002
11  2.400000e-002
12  2.300000e-002
13  2.000000e-002
14  1.700000e-002
15  1.700000e-002
16  1.500000e-002
17  1.400000e-002
18  1.200000e-002
19  1.100000e-002
20  1.000000e-002
21  9.000000e-003
22  8.000000e-003
23  7.000000e-003
24  7.000000e-003
25  7.000000e-003
26  9.000000e-003
27  8.000000e-003
28  7.000000e-003
29  7.000000e-003
30  6.000000e-003
31  6.000000e-003
32  5.000000e-003
33  4.000000e-003
34  4.000000e-003
35  4.000000e-003
36  3.000000e-003
37  3.000000e-003
38  2.000000e-003
39  2.000000e-003
40  2.000000e-003
41  2.000000e-003
42  2.000000e-003
43  2.000000e-003
44  1.000000e-003
45  1.000000e-003
46  1.000000e-003
47  1.000000e-003
48  1.000000e-003
49  1.000000e-003
50  1.000000e-003
51  1.550000e-001
52  5.470000e-001
53  5.100000e-001
54  4.460000e-001
55  4.170000e-001
56  3.760000e-001
57  3.290000e-001
58  3.070000e-001
59  2.680000e-001
60  2.510000e-001
61  2.260000e-001
62  1.850000e-001
63  1.860000e-001
64  1.620000e-001
65  1.520000e-001
66  1.330000e-001
67  1.240000e-001
68  1.120000e-001
69  9.800000e-002
70  9.100000e-002
71  8.000000e-002
72  7.500000e-002
73  6.700000e-002
74  5.700000e-002
75  5.500000e-002
76  4.800000e-002
77  4.500000e-002
78  3.900000e-002
79  3.700000e-002
80  3.300000e-002
81  2.900000e-002
82  2.700000e-002
83  2.400000e-002
84  2.200000e-002
85  2.000000e-002
86  1.900000e-002
87  2.100000e-002
88  1.900000e-002
89  1.700000e-002
90  1.500000e-002
91  1.400000e-002
92  1.300000e-002
93  1.100000e-002
94  1.000000e-002
95  9.000000e-003
96  9.000000e-003
97  8.000000e-003
98  6.000000e-003
99  6.000000e-003
100  6.000000e-003
101  5.000000e-003
102  5.000000e-003
103  4.000000e-003
104  4.000000e-003
105  3.000000e-003
106  3.000000e-003
107  3.000000e-003
108  3.000000e-003
109  2.000000e-003
110  2.000000e-003
111  2.000000e-003
112  2.000000e-003
113  2.000000e-003
114  1.000000e-003
115  1.000000e-003
116  1.000000e-003
117  1.000000e-003
118  1.000000e-003
119  1.000000e-003
120  1.000000e-003
121  1.000000e-003
122  1.000000e-003
123  1.000000e-003
124  0.000000e+000
125  0.000000e+000
126  0.000000e+000
127  0.000000e+000
128  0.000000e+000
129  0.000000e+000
130  0.000000e+000
131  0.000000e+000
132  0.000000e+000
133  0.000000e+000
134  0.000000e+000
135  0.000000e+000
136  0.000000e+000
137  0.000000e+000
138  0.000000e+000
139  0.000000e+000
140  0.000000e+000
141  0.000000e+000
142  0.000000e+000
143  0.000000e+000
144  0.000000e+000
   5 
1  2.600000e-002
2  3.100000e-002
3  3.900000e-002
4  3.300000e-002
5  2.900000e-002
6  2.500000e-002
7  2.200000e-002
8  1.900000e-002
9  1.600000e-002
10  1.500000e-002
11  1.200000e-002
12  1.100000e-002
13  1.000000e-002
14  8.000000e-003
15  1.000000e-002
16  1.000000e-002
17  9.000000e-003
18  8.000000e-003
19  7.000000e-003
20  6.000000e-003
21  5.000000e-003
22  5.000000e-003
23  4.000000e-003
24  9.000000e-003
25  1.300000e-002
26  4.900000e-002
27  6.700000e-002
28  5.600000e-002
29  5.000000e-002
30  4.200000e-002
31  3.800000e-002
32  3.300000e-002
33  2.800000e-002
34  2.500000e-002
35  2.100000e-002
36  1.900000e-002
37  1.600000e-002
38  2.900000e-002
39  3.400000e-002
40  2.900000e-002
41  2.600000e-002
42  2.200000e-002
43  1.900000e-002
44  1.700000e-002
45  1.400000e-002
46  1.300000e-002
47  1.700000e-002
48  1.500000e-002
49  1.400000e-002
50  3.400000e-002
51  1.530000e-001
52  4.000000e-001
53  3.600000e-001
54  3.020000e-001
55  2.710000e-001
56  2.350000e-001
57  1.980000e-001
58  1.780000e-001
59  1.490000e-001
60  1.340000e-001
61  1.160000e-001
62  9.200000e-002
63  8.800000e-002
64  7.400000e-002
65  6.700000e-002
66  5.600000e-002
67  5.000000e-002
68  4.400000e-002
69  3.700000e-002
70  3.300000e-002
71  2.800000e-002
72  2.500000e-002
73  2.200000e-002
74  1.800000e-002
75  1.600000e-002
76  1.400000e-002
77  1.200000e-002
78  1.000000e-002
79  9.000000e-003
80  8.000000e-003
81  7.000000e-003
82  6.000000e-003
83  5.000000e-003
84  5.000000e-003
85  4.000000e-003
86  2.700000e-002
87  5.000000e-002
88  4.200000e-002
89  3.700000e-002
90  3.100000e-002
91  3.400000e-002
92  3.000000e-002
93  2.500000e-002
94  2.300000e-002
95  1.900000e-002
96  1.700000e-002
97  1.500000e-002
98  5.900000e-002
99  1.080000e-001
100  9.400000e-002
101  8.400000e-002
102  7.100000e-002
103  6.300000e-002
104  5.500000e-002
105  4.600000e-002
106  4.100000e-002
107  3.500000e-002
108  3.100000e-002
109  2.700000e-002
110  2.100000e-002
111  2.100000e-002
112  1.700000e-002
113  1.600000e-002
114  1.300000e-002
115  1.200000e-002
116  1.000000e-002
117  9.000000e-003
118  8.000000e-003
119  6.000000e-003
120  6.000000e-003
121  5.000000e-003
122  5.000000e-003
123  1.000000e-002
124  2.000000e-002
125  1.800000e-002
126  1.500000e-002
127  1.400000e-002
128  1.200000e-002
129  1.000000e-002
130  9.000000e-003
131  8.000000e-003
132  7.000000e-003
133  6.000000e-003
134  5.000000e-003
135  5.000000e-003
136  4.000000e-003
137  3.000000e-003
138  3.000000e-003
139  3.000000e-003
140  2.000000e-003
141  2.000000e-003
142  2.000000e-003
143  1.000000e-003
144  1.000000e-003
   6 
1  5.800000e-002
2  5.200000e-002
3  5.700000e-002
4  5.100000e-002
5  4.900000e-002
6  4.400000e-002
7  4.300000e-002
8  4.000000e-002
9  3.600000e-002
10  3.400000e-002
11  3.100000e-002
12  3.000000e-002
13  2.800000e-002
14  2.300000e-002
15  2.400000e-002
16  2.200000e-002
17  2.100000e-002
18  1.900000e-002
19  1.800000e-002
20  1.700000e-002
21  1.500000e-002
22  1.400000e-002
23  1.300000e-002
24  1.200000e-002
25  1.300000e-002
26  1.300000e-002
27  1.300000e-002
28  1.200000e-002
29  1.100000e-002
30  1.000000e-002
31  1.000000e-002
32  9.000000e-003
33  8.000000e-003
34  8.000000e-003
35  7.000000e-003
36  7.000000e-003
37  6.000000e-003
38  5.000000e-003
39  5.000000e-003
40  5.000000e-003
41  5.000000e-003
42  4.000000e-003
43  4.000000e-003
44  4.000000e-003
45  3.000000e-003
46  3.000000e-003
47  3.000000e-003
48  3.000000e-003
49  3.000000e-003
50  7.000000e-003
51  1.160000e-001
52  3.990000e-001
53  3.840000e-001
54  3.450000e-001
55  3.320000e-001
56  3.080000e-001
57  2.770000e-001
58  2.670000e-001
59  2.400000e-001
60  2.310000e-001
61  2.140000e-001
62  1.800000e-001
63  1.860000e-001
64  1.680000e-001
65  1.610000e-001
66  1.450000e-001
67  1.390000e-001
68  1.290000e-001
69  1.160000e-001
70  1.120000e-001
71  1.010000e-001
72  9.700000e-002
73  9.000000e-002
74  7.800000e-002
75  7.800000e-002
76  7.000000e-002
77  6.700000e-002
78  6.100000e-002
79  5.800000e-002
80  5.400000e-002
81  4.900000e-002
82  4.700000e-002
83  4.200000e-002
84  4.100000e-002
85  3.800000e-002
86  3.400000e-002
87  3.900000e-002
88  3.500000e-002
89  3.400000e-002
90  3.000000e-002
91  2.900000e-002
92  2.700000e-002
93  2.400000e-002
94  2.300000e-002
95  2.100000e-002
96  2.000000e-002
97  1.900000e-002
98  2.000000e-002
99  2.500000e-002
100  2.200000e-002
101  2.100000e-002
102  1.900000e-002
103  1.800000e-002
104  1.700000e-002
105  1.500000e-002
106  1.500000e-002
107  1.300000e-002
108  1.300000e-002
109  1.200000e-002
110  1.000000e-002
111  1.000000e-002
112  9.000000e-003
113  9.000000e-003
114  8.000000e-003
115  8.000000e-003
116  7.000000e-003
117  6.000000e-003
118  6.000000e-003
119  6.000000e-003
120  5.000000e-003
121  5.000000e-003
122  4.000000e-003
123  4.000000e-003
124  4.000000e-003
125  4.000000e-003
126  3.000000e-003
127  3.000000e-003
128  3.000000e-003
129  3.000000e-003
130  3.000000e-003
131  2.000000e-003
132  2.000000e-003
133  2.000000e-003
134  2.000000e-003
135  2.000000e-003
136  2.000000e-003
137  2.000000e-003
138  1.000000e-003
139  1.000000e-003
140  1.000000e-003
141  1.000000e-003
142  1.000000e-003
143  1.000000e-003
144  1.000000e-003
   7 
1  6.100000e-002
2  5.300000e-002
3  5.800000e-002
4  5.100000e-002
5  4.800000e-002
6  4.200000e-002
7  3.900000e-002
8  3.600000e-002
9  3.100000e-002
10  2.900000e-002
11  2.600000e-002
12  2.400000e-002
13  2.200000e-002
14  1.800000e-002
15  1.800000e-002
16  1.600000e-002
17  1.500000e-002
18  1.300000e-002
19  1.200000e-002
20  1.100000e-002
21  1.000000e-002
22  9.000000e-003
23  8.000000e-003
24  7.000000e-003
25  8.000000e-003
26  8.000000e-003
27  8.000000e-003
28  7.000000e-003
29  7.000000e-003
30  6.000000e-003
31  6.000000e-003
32  5.000000e-003
33  4.000000e-003
34  4.000000e-003
35  4.000000e-003
36  3.000000e-003
37  3.000000e-003
38  2.000000e-003
39  3.000000e-003
40  2.000000e-003
41  2.000000e-003
42  2.000000e-003
43  2.000000e-003
44  2.000000e-003
45  1.000000e-003
46  1.000000e-003
47  1.000000e-003
48  1.000000e-003
49  1.000000e-003
50  1.000000e-003
51  1.510000e-001
52  5.340000e-001
53  5.000000e-001
54  4.380000e-001
55  4.100000e-001
56  3.710000e-001
57  3.250000e-001
58  3.040000e-001
59  2.670000e-001
60  2.500000e-001
61  2.260000e-001
62  1.850000e-001
63  1.870000e-001
64  1.640000e-001
65  1.530000e-001
66  1.340000e-001
67  1.260000e-001
68  1.140000e-001
69  1.000000e-001
70  9.300000e-002
71  8.200000e-002
72  7.700000e-002
73  6.900000e-002
74  5.900000e-002
75  5.700000e-002
76  5.000000e-002
77  4.700000e-002
78  4.100000e-002
79  3.800000e-002
80  3.500000e-002
81  3.000000e-002
82  2.800000e-002
83  2.500000e-002
84  2.300000e-002
85  2.100000e-002
86  1.900000e-002
87  2.100000e-002
88  1.800000e-002
89  1.700000e-002
90  1.500000e-002
91  1.400000e-002
92  1.300000e-002
93  1.100000e-002
94  1.000000e-002
95  9.000000e-003
96  8.000000e-003
97  8.000000e-003
98  6.000000e-003
99  6.000000e-003
100  6.000000e-003
101  5.000000e-003
102  5.000000e-003
103  4.000000e-003
104  4.000000e-003
105  3.000000e-003
106  3.000000e-003
107  3.000000e-003
108  3.000000e-003
109  2.000000e-003
110  2.000000e-003
111  2.000000e-003
112  2.000000e-003
113  2.000000e-003
114  1.000000e-003
115  1.000000e-003
116  1.000000e-003
117  1.000000e-003
118  1.000000e-003
119  1.000000e-003
120  1.000000e-003
121  1.000000e-003
122  1.000000e-003
123  1.000000e-003
124  1.000000e-003
125  0.000000e+000
126  0.000000e+000
127  0.000000e+000
128  0.000000e+000
129  0.000000e+000
130  0.000000e+000
131  0.000000e+000
132  0.000000e+000
133  0.000000e+000
134  0.000000e+000
135  0.000000e+000
136  0.000000e+000
137  0.000000e+000
138  0.000000e+000
139  0.000000e+000
140  0.000000e+000
141  0.000000e+000
142  0.000000e+000
143  0.000000e+000
144  0.000000e+000
   8 
1  2.400000e-002
2  2.400000e-002
3  3.000000e-002
4  2.600000e-002
5  2.400000e-002
6  2.100000e-002
7  1.900000e-002
8  1.700000e-002
9  1.500000e-002
10  1.400000e-002
11  1.200000e-002
12  1.100000e-002
13  1.000000e-002
14  8.000000e-003
15  8.000000e-003
16  7.000000e-003
17  7.000000e-003
18  6.000000e-003
19  5.000000e-003
20  5.000000e-003
21  4.000000e-003
22  4.000000e-003
23  3.000000e-003
24  3.000000e-003
25  5.000000e-003
26  2.200000e-002
27  3.300000e-002
28  2.900000e-002
29  2.600000e-002
30  2.300000e-002
31  2.100000e-002
32  1.900000e-002
33  1.700000e-002
34  1.500000e-002
35  1.300000e-002
36  1.200000e-002
37  1.100000e-002
38  1.300000e-002
39  1.400000e-002
40  1.200000e-002
41  1.100000e-002
42  9.000000e-003
43  9.000000e-003
44  8.000000e-003
45  7.000000e-003
46  6.000000e-003
47  6.000000e-003
48  5.000000e-003
49  5.000000e-003
50  2.000000e-002
51  1.590000e-001
52  4.820000e-001
53  4.470000e-001
54  3.880000e-001
55  3.600000e-001
56  3.230000e-001
57  2.810000e-001
58  2.600000e-001
59  2.260000e-001
60  2.100000e-001
61  1.880000e-001
62  1.530000e-001
63  1.530000e-001
64  1.330000e-001
65  1.230000e-001
66  1.070000e-001
67  9.900000e-002
68  8.900000e-002
69  7.700000e-002
70  7.200000e-002
71  6.200000e-002
72  5.800000e-002
73  5.200000e-002
74  4.400000e-002
75  4.200000e-002
76  3.600000e-002
77  3.400000e-002
78  2.900000e-002
79  2.700000e-002
80  2.400000e-002
81  2.100000e-002
82  2.000000e-002
83  1.700000e-002
84  1.600000e-002
85  1.400000e-002
86  2.600000e-002
87  4.000000e-002
88  3.500000e-002
89  3.200000e-002
90  2.800000e-002
91  2.600000e-002
92  2.300000e-002
93  2.000000e-002
94  1.900000e-002
95  1.600000e-002
96  1.500000e-002
97  1.400000e-002
98  3.400000e-002
99  6.700000e-002
100  6.000000e-002
101  5.600000e-002
102  4.800000e-002
103  4.500000e-002
104  4.000000e-002
105  3.500000e-002
106  3.200000e-002
107  2.800000e-002
108  2.600000e-002
109  2.300000e-002
110  1.900000e-002
111  1.900000e-002
112  1.600000e-002
113  1.500000e-002
114  1.300000e-002
115  1.200000e-002
116  1.100000e-002
117  1.000000e-002
118  9.000000e-003
119  8.000000e-003
120  7.000000e-003
121  6.000000e-003
122  5.000000e-003
123  7.000000e-003
124  1.200000e-002
125  1.200000e-002
126  1.000000e-002
127  9.000000e-003
128  8.000000e-003
129  7.000000e-003
130  7.000000e-003
131  6.000000e-003
132  5.000000e-003
133  5.000000e-003
134  4.000000e-003
135  4.000000e-003
136  3.000000e-003
137  3.000000e-003
138  3.000000e-003
139  3.000000e-003
140  2.000000e-003
141  2.000000e-003
142  2.000000e-003
143  2.000000e-003
144  1.000000e-003
   9 
1  5.600000e-002
2  4.900000e-002
3  5.400000e-002
4  4.600000e-002
5  4.300000e-002
6  3.700000e-002
7  3.500000e-002
8  3.100000e-002
9  2.700000e-002
10  2.500000e-002
11  2.100000e-002
12  2.000000e-002
13  1.800000e-002
14  1.400000e-002
15  1.400000e-002
16  1.200000e-002
17  1.200000e-002
18  1.000000e-002
19  9.000000e-003
20  8.000000e-003
21  7.000000e-003
22  7.000000e-003
23  6.000000e-003
24  5.000000e-003
25  5.000000e-003
26  4.000000e-003
27  4.000000e-003
28  3.000000e-003
29  3.000000e-003
30  3.000000e-003
31  2.000000e-003
32  2.000000e-003
33  2.000000e-003
34  2.000000e-003
35  2.000000e-003
36  1.000000e-003
37  1.000000e-003
38  1.000000e-003
39  1.000000e-003
40  1.000000e-003
41  1.000000e-003
42  1.000000e-003
43  1.000000e-003
44  1.000000e-003
45  1.000000e-003
46  0.000000e+000
47  0.000000e+000
48  0.000000e+000
49  0.000000e+000
50  0.000000e+000
51  1.680000e-001
52  5.900000e-001
53  5.460000e-001
54  4.730000e-001
55  4.380000e-001
56  3.920000e-001
57  3.400000e-001
58  3.140000e-001
59  2.730000e-001
60  2.520000e-001
61  2.260000e-001
62  1.830000e-001
63  1.820000e-001
64  1.580000e-001
65  1.460000e-001
66  1.270000e-001
67  1.170000e-001
68  1.050000e-001
69  9.100000e-002
70  8.400000e-002
71  7.300000e-002
72  6.800000e-002
73  6.000000e-002
74  5.100000e-002
75  4.900000e-002
76  4.200000e-002
77  3.900000e-002
78  3.400000e-002
79  3.100000e-002
80  2.800000e-002
81  2.400000e-002
82  2.200000e-002
83  1.900000e-002
84  1.800000e-002
85  1.600000e-002
86  1.300000e-002
87  1.300000e-002
88  1.100000e-002
89  1.000000e-002
90  9.000000e-003
91  8.000000e-003
92  7.000000e-003
93  6.000000e-003
94  6.000000e-003
95  5.000000e-003
96  5.000000e-003
97  4.000000e-003
98  4.000000e-003
99  3.000000e-003
100  3.000000e-003
101  3.000000e-003
102  2.000000e-003
103  2.000000e-003
104  2.000000e-003
105  2.000000e-003
106  2.000000e-003
107  1.000000e-003
108  1.000000e-003
109  1.000000e-003
110  1.000000e-003
111  1.000000e-003
112  1.000000e-003
113  1.000000e-003
114  1.000000e-003
115  1.000000e-003
116  1.000000e-003
117  0.000000e+000
118  0.000000e+000
119  0.000000e+000
120  0.000000e+000
121  0.000000e+000
122  0.000000e+000
123  0.000000e+000
124  0.000000e+000
125  0.000000e+000
126  0.000000e+000
127  0.000000e+000
128  0.000000e+000
129  0.000000e+000
130  0.000000e+000
131  0.000000e+000
132  0.000000e+000
133  0.000000e+000
134  0.000000e+000
135  0.000000e+000
136  0.000000e+000
137  0.000000e+000
138  0.000000e+000
139  0.000000e+000
140  0.000000e+000
141  0.000000e+000
142  0.000000e+000
143  0.000000e+000
144  0.000000e+000
   10 
1  6.100000e-002
2  5.400000e-002
3  5.900000e-002
4  5.200000e-002
5  4.900000e-002
6  4.300000e-002
7  4.000000e-002
8  3.600000e-002
9  3.200000e-002
10  3.000000e-002
11  2.600000e-002
12  2.400000e-002
13  2.200000e-002
14  1.800000e-002
15  1.800000e-002
16  1.600000e-002
17  1.500000e-002
18  1.300000e-002
19  1.200000e-002
20  1.100000e-002
21  1.000000e-002
22  9.000000e-003
23  8.000000e-003
24  8.000000e-003
25  8.000000e-003
26  8.000000e-003
27  8.000000e-003
28  7.000000e-003
29  7.000000e-003
30  6.000000e-003
31  5.000000e-003
32  5.000000e-003
33  4.000000e-003
34  4.000000e-003
35  4.000000e-003
36  3.000000e-003
37  3.000000e-003
38  2.000000e-003
39  2.000000e-003
40  2.000000e-003
41  2.000000e-003
42  2.000000e-003
43  2.000000e-003
44  2.000000e-003
45  1.000000e-003
46  1.000000e-003
47  1.000000e-003
48  1.000000e-003
49  1.000000e-003
50  1.000000e-003
51  1.500000e-001
52  5.300000e-001
53  4.960000e-001
54  4.360000e-001
55  4.080000e-001
56  3.690000e-001
57  3.240000e-001
58  3.040000e-001
59  2.660000e-001
60  2.500000e-001
61  2.260000e-001
62  1.860000e-001
63  1.870000e-001
64  1.640000e-001
65  1.540000e-001
66  1.350000e-001
67  1.260000e-001
68  1.140000e-001
69  1.000000e-001
70  9.400000e-002
71  8.200000e-002
72  7.700000e-002
73  7.000000e-002
74  5.900000e-002
75  5.800000e-002
76  5.100000e-002
77  4.700000e-002
78  4.200000e-002
79  3.900000e-002
80  3.500000e-002
81  3.100000e-002
82  2.900000e-002
83  2.500000e-002
84  2.400000e-002
85  2.200000e-002
86  1.900000e-002
87  2.000000e-002
88  1.800000e-002
89  1.700000e-002
90  1.500000e-002
91  1.400000e-002
92  1.200000e-002
93  1.100000e-002
94  1.000000e-002
95  9.000000e-003
96  8.000000e-003
97  8.000000e-003
98  6.000000e-003
99  6.000000e-003
100  6.000000e-003
101  5.000000e-003
102  5.000000e-003
103  4.000000e-003
104  4.000000e-003
105  3.000000e-003
106  3.000000e-003
107  3.000000e-003
108  3.000000e-003
109  2.000000e-003
110  2.000000e-003
111  2.000000e-003
112  2.000000e-003
113  2.000000e-003
114  1.000000e-003
115  1.000000e-003
116  1.000000e-003
117  1.000000e-003
118  1.000000e-003
119  1.000000e-003
120  1.000000e-003
121  1.000000e-003
122  1.000000e-003
123  1.000000e-003
124  1.000000e-003
125  0.000000e+000
126  0.000000e+000
127  0.000000e+000
128  0.000000e+000
129  0.000000e+000
130  0.000000e+000
131  0.000000e+000
132  0.000000e+000
133  0.000000e+000
134  0.000000e+000
135  0.000000e+000
136  0.000000e+000
137  0.000000e+000
138  0.000000e+000
139  0.000000e+000
140  0.000000e+000
141  0.000000e+000
142  0.000000e+000
143  0.000000e+000
144  0.000000e+000
   11 
1  8.600000e-002
2  1.160000e-001
3  1.300000e-001
4  1.310000e-001
5  1.260000e-001
6  1.120000e-001
7  1.070000e-001
8  9.800000e-002
9  8.800000e-002
10  8.400000e-002
11  7.500000e-002
12  7.100000e-002
13  6.900000e-002
14  6.100000e-002
15  7.900000e-002
16  1.300000e-001
17  1.440000e-001
18  1.330000e-001
19  1.270000e-001
20  1.170000e-001
21  1.040000e-001
22  9.900000e-002
23  8.900000e-002
24  9.200000e-002
25  9.600000e-002
26  1.220000e-001
27  1.570000e-001
28  1.480000e-001
29  1.500000e-001
30  1.340000e-001
31  1.280000e-001
32  1.180000e-001
33  1.050000e-001
34  1.000000e-001
35  8.900000e-002
36  9.100000e-002
37  8.900000e-002
38  1.090000e-001
39  1.380000e-001
40  1.320000e-001
41  1.310000e-001
42  1.170000e-001
43  1.120000e-001
44  1.030000e-001
45  9.200000e-002
46  8.700000e-002
47  9.400000e-002
48  1.130000e-001
49  1.320000e-001
50  1.380000e-001
51  1.750000e-001
52  1.880000e-001
53  2.010000e-001
54  1.800000e-001
55  1.710000e-001
56  1.580000e-001
57  1.410000e-001
58  1.340000e-001
59  1.460000e-001
60  1.450000e-001
61  1.330000e-001
62  1.110000e-001
63  1.140000e-001
64  1.030000e-001
65  1.010000e-001
66  9.000000e-002
67  8.600000e-002
68  7.900000e-002
69  7.000000e-002
70  6.700000e-002
71  6.000000e-002
72  5.700000e-002
73  5.300000e-002
74  4.500000e-002
75  5.400000e-002
76  5.500000e-002
77  5.500000e-002
78  5.000000e-002
79  4.800000e-002
80  4.400000e-002
81  3.900000e-002
82  3.700000e-002
83  3.300000e-002
84  3.200000e-002
85  2.900000e-002
86  3.900000e-002
87  6.600000e-002
88  6.500000e-002
89  6.800000e-002
90  6.800000e-002
91  8.900000e-002
92  8.500000e-002
93  7.600000e-002
94  7.300000e-002
95  6.900000e-002
96  6.600000e-002
97  6.100000e-002
98  9.200000e-002
99  1.400000e-001
100  1.330000e-001
101  1.320000e-001
102  1.180000e-001
103  1.120000e-001
104  1.030000e-001
105  9.200000e-002
106  8.800000e-002
107  7.900000e-002
108  7.500000e-002
109  7.800000e-002
110  6.800000e-002
111  7.000000e-002
112  6.200000e-002
113  6.000000e-002
114  5.300000e-002
115  5.100000e-002
116  4.700000e-002
117  4.200000e-002
118  4.000000e-002
119  4.200000e-002
120  4.000000e-002
121  3.700000e-002
122  3.700000e-002
123  4.500000e-002
124  5.100000e-002
125  4.900000e-002
126  4.400000e-002
127  4.200000e-002
128  3.800000e-002
129  3.400000e-002
130  3.300000e-002
131  3.300000e-002
132  3.200000e-002
133  3.500000e-002
134  2.900000e-002
135  3.000000e-002
136  2.600000e-002
137  2.500000e-002
138  2.200000e-002
139  2.100000e-002
140  2.000000e-002
141  1.800000e-002
142  1.700000e-002
143  1.500000e-002
144  1.500000e-002
   12 
1  2.300000e-002
2  2.200000e-002
3  2.700000e-002
4  2.400000e-002
5  2.400000e-002
6  2.100000e-002
7  2.100000e-002
8  1.900000e-002
9  1.800000e-002
10  1.700000e-002
11  1.600000e-002
12  1.500000e-002
13  1.400000e-002
14  1.200000e-002
15  1.300000e-002
16  1.100000e-002
17  1.100000e-002
18  1.000000e-002
19  1.000000e-002
20  9.000000e-003
21  8.000000e-003
22  8.000000e-003
23  7.000000e-003
24  7.000000e-003
25  8.000000e-003
26  1.000000e-002
27  1.500000e-002
28  1.300000e-002
29  1.300000e-002
30  1.200000e-002
31  1.100000e-002
32  1.100000e-002
33  1.000000e-002
34  9.000000e-003
35  9.000000e-003
36  8.000000e-003
37  8.000000e-003
38  7.000000e-003
39  7.000000e-003
40  6.000000e-003
41  6.000000e-003
42  6.000000e-003
43  5.000000e-003
44  5.000000e-003
45  5.000000e-003
46  4.000000e-003
47  4.000000e-003
48  4.000000e-003
49  4.000000e-003
50  1.000000e-002
51  9.900000e-002
52  3.310000e-001
53  3.210000e-001
54  2.920000e-001
55  2.830000e-001
56  2.660000e-001
57  2.420000e-001
58  2.350000e-001
59  2.130000e-001
60  2.070000e-001
61  1.940000e-001
62  1.650000e-001
63  1.720000e-001
64  1.560000e-001
65  1.520000e-001
66  1.380000e-001
67  1.340000e-001
68  1.260000e-001
69  1.140000e-001
70  1.110000e-001
71  1.010000e-001
72  9.800000e-002
73  9.200000e-002
74  8.100000e-002
75  8.100000e-002
76  7.400000e-002
77  7.200000e-002
78  6.500000e-002
79  6.300000e-002
80  5.900000e-002
81  5.400000e-002
82  5.200000e-002
83  4.800000e-002
84  4.600000e-002
85  4.300000e-002
86  4.000000e-002
87  4.700000e-002
88  4.200000e-002
89  4.100000e-002
90  3.700000e-002
91  3.600000e-002
92  3.400000e-002
93  3.100000e-002
94  3.000000e-002
95  2.700000e-002
96  2.600000e-002
97  2.500000e-002
98  3.100000e-002
99  4.400000e-002
100  4.000000e-002
101  3.900000e-002
102  3.500000e-002
103  3.400000e-002
104  3.200000e-002
105  2.900000e-002
106  2.800000e-002
107  2.600000e-002
108  2.500000e-002
109  2.300000e-002
110  2.000000e-002
111  2.100000e-002
112  1.900000e-002
113  1.800000e-002
114  1.700000e-002
115  1.600000e-002
116  1.500000e-002
117  1.400000e-002
118  1.300000e-002
119  1.200000e-002
120  1.200000e-002
121  1.100000e-002
122  1.000000e-002
123  1.000000e-002
124  9.000000e-003
125  9.000000e-003
126  8.000000e-003
127  8.000000e-003
128  7.000000e-003
129  6.000000e-003
130  6.000000e-003
131  6.000000e-003
132  6.000000e-003
133  5.000000e-003
134  4.000000e-003
135  5.000000e-003
136  4.000000e-003
137  4.000000e-003
138  4.000000e-003
139  4.000000e-003
140  3.000000e-003
141  3.000000e-003
142  3.000000e-003
143  3.000000e-003
144  3.000000e-003
