   1 
1  7.000000e-002
2  6.400000e-002
3  7.300000e-002
4  6.300000e-002
5  5.900000e-002
6  5.100000e-002
7  4.700000e-002
8  4.200000e-002
9  3.600000e-002
10  3.400000e-002
11  2.900000e-002
12  2.700000e-002
13  2.400000e-002
14  2.000000e-002
15  1.900000e-002
16  1.700000e-002
17  1.600000e-002
18  1.400000e-002
19  1.300000e-002
20  1.100000e-002
21  1.000000e-002
22  9.000000e-003
23  8.000000e-003
24  7.000000e-003
25  9.000000e-003
26  1.100000e-002
27  1.000000e-002
28  9.000000e-003
29  8.000000e-003
30  7.000000e-003
31  6.000000e-003
32  6.000000e-003
33  5.000000e-003
34  5.000000e-003
35  4.000000e-003
36  4.000000e-003
37  3.000000e-003
38  3.000000e-003
39  3.000000e-003
40  2.000000e-003
41  2.000000e-003
42  2.000000e-003
43  2.000000e-003
44  2.000000e-003
45  1.000000e-003
46  1.000000e-003
47  1.000000e-003
48  1.000000e-003
49  1.000000e-003
50  1.000000e-003
51  2.420000e-001
52  8.450000e-001
53  7.820000e-001
54  6.770000e-001
55  6.270000e-001
56  5.600000e-001
57  4.850000e-001
58  4.490000e-001
59  3.890000e-001
60  3.600000e-001
61  3.220000e-001
62  2.610000e-001
63  2.600000e-001
64  2.250000e-001
65  2.080000e-001
66  1.800000e-001
67  1.670000e-001
68  1.490000e-001
69  1.290000e-001
70  1.190000e-001
71  1.030000e-001
72  9.600000e-002
73  8.600000e-002
74  7.200000e-002
75  6.900000e-002
76  6.000000e-002
77  5.500000e-002
78  4.800000e-002
79  4.400000e-002
80  4.000000e-002
81  3.400000e-002
82  3.200000e-002
83  2.700000e-002
84  2.500000e-002
85  2.300000e-002
86  2.500000e-002
87  3.300000e-002
88  2.800000e-002
89  2.600000e-002
90  2.300000e-002
91  2.100000e-002
92  1.900000e-002
93  1.600000e-002
94  1.500000e-002
95  1.300000e-002
96  1.200000e-002
97  1.100000e-002
98  1.400000e-002
99  1.800000e-002
100  1.600000e-002
101  1.500000e-002
102  1.300000e-002
103  1.200000e-002
104  1.000000e-002
105  9.000000e-003
106  8.000000e-003
107  7.000000e-003
108  7.000000e-003
109  6.000000e-003
110  5.000000e-003
111  5.000000e-003
112  4.000000e-003
113  4.000000e-003
114  3.000000e-003
115  3.000000e-003
116  3.000000e-003
117  2.000000e-003
118  2.000000e-003
119  2.000000e-003
120  2.000000e-003
121  2.000000e-003
122  1.000000e-003
123  1.000000e-003
124  1.000000e-003
125  1.000000e-003
126  1.000000e-003
127  1.000000e-003
128  1.000000e-003
129  1.000000e-003
130  1.000000e-003
131  1.000000e-003
132  0.000000e+000
133  0.000000e+000
134  0.000000e+000
135  0.000000e+000
136  0.000000e+000
137  0.000000e+000
138  0.000000e+000
139  0.000000e+000
140  0.000000e+000
141  0.000000e+000
142  0.000000e+000
143  0.000000e+000
144  0.000000e+000
   2 
1  1.740000e-001
2  2.040000e-001
3  2.480000e-001
4  2.680000e-001
5  2.710000e-001
6  2.390000e-001
7  2.250000e-001
8  2.050000e-001
9  1.810000e-001
10  1.710000e-001
11  1.560000e-001
12  1.580000e-001
13  1.610000e-001
14  1.550000e-001
15  2.420000e-001
16  3.200000e-001
17  3.330000e-001
18  3.010000e-001
19  2.830000e-001
20  2.580000e-001
21  2.270000e-001
22  2.210000e-001
23  2.010000e-001
24  2.110000e-001
25  2.130000e-001
26  2.340000e-001
27  2.870000e-001
28  2.700000e-001
29  2.820000e-001
30  2.500000e-001
31  2.360000e-001
32  2.140000e-001
33  1.890000e-001
34  1.780000e-001
35  1.570000e-001
36  1.590000e-001
37  1.570000e-001
38  1.600000e-001
39  1.980000e-001
40  1.950000e-001
41  2.280000e-001
42  2.170000e-001
43  2.050000e-001
44  1.860000e-001
45  1.640000e-001
46  1.560000e-001
47  1.790000e-001
48  2.200000e-001
49  2.520000e-001
50  2.470000e-001
51  2.960000e-001
52  3.130000e-001
53  3.410000e-001
54  3.020000e-001
55  2.850000e-001
56  2.590000e-001
57  2.280000e-001
58  2.170000e-001
59  2.280000e-001
60  2.300000e-001
61  2.120000e-001
62  1.840000e-001
63  1.870000e-001
64  1.740000e-001
65  1.770000e-001
66  1.560000e-001
67  1.470000e-001
68  1.340000e-001
69  1.180000e-001
70  1.110000e-001
71  9.800000e-002
72  9.200000e-002
73  9.200000e-002
74  8.200000e-002
75  1.110000e-001
76  1.300000e-001
77  1.520000e-001
78  1.420000e-001
79  1.340000e-001
80  1.220000e-001
81  1.080000e-001
82  1.040000e-001
83  1.020000e-001
84  9.900000e-002
85  9.000000e-002
86  9.300000e-002
87  1.250000e-001
88  1.180000e-001
89  1.300000e-001
90  1.520000e-001
91  1.770000e-001
92  1.660000e-001
93  1.470000e-001
94  1.380000e-001
95  1.690000e-001
96  1.630000e-001
97  1.490000e-001
98  1.700000e-001
99  2.400000e-001
100  2.480000e-001
101  2.620000e-001
102  2.520000e-001
103  2.370000e-001
104  2.210000e-001
105  1.960000e-001
106  1.840000e-001
107  1.830000e-001
108  1.830000e-001
109  1.990000e-001
110  1.800000e-001
111  1.820000e-001
112  1.610000e-001
113  1.530000e-001
114  1.350000e-001
115  1.270000e-001
116  1.150000e-001
117  1.020000e-001
118  9.600000e-002
119  1.030000e-001
120  9.700000e-002
121  1.040000e-001
122  9.800000e-002
123  1.100000e-001
124  1.220000e-001
125  1.260000e-001
126  1.120000e-001
127  1.060000e-001
128  9.600000e-002
129  8.500000e-002
130  8.000000e-002
131  7.600000e-002
132  7.400000e-002
133  7.500000e-002
134  6.200000e-002
135  7.300000e-002
136  7.200000e-002
137  7.000000e-002
138  6.200000e-002
139  5.800000e-002
140  5.300000e-002
141  4.700000e-002
142  4.400000e-002
143  4.200000e-002
144  5.500000e-002
   3 
1  7.000000e-002
2  6.400000e-002
3  7.300000e-002
4  6.600000e-002
5  6.400000e-002
6  5.800000e-002
7  5.600000e-002
8  5.200000e-002
9  4.700000e-002
10  4.500000e-002
11  4.100000e-002
12  4.000000e-002
13  3.700000e-002
14  3.100000e-002
15  3.200000e-002
16  2.900000e-002
17  2.800000e-002
18  2.500000e-002
19  2.500000e-002
20  2.300000e-002
21  2.100000e-002
22  2.000000e-002
23  1.800000e-002
24  1.700000e-002
25  1.800000e-002
26  1.900000e-002
27  2.300000e-002
28  2.100000e-002
29  2.000000e-002
30  1.800000e-002
31  1.800000e-002
32  1.600000e-002
33  1.500000e-002
34  1.400000e-002
35  1.300000e-002
36  1.200000e-002
37  1.200000e-002
38  1.000000e-002
39  1.000000e-002
40  9.000000e-003
41  9.000000e-003
42  8.000000e-003
43  8.000000e-003
44  7.000000e-003
45  7.000000e-003
46  6.000000e-003
47  6.000000e-003
48  5.000000e-003
49  5.000000e-003
50  5.000000e-003
51  1.550000e-001
52  5.430000e-001
53  5.240000e-001
54  4.740000e-001
55  4.570000e-001
56  4.260000e-001
57  3.850000e-001
58  3.720000e-001
59  3.360000e-001
60  3.240000e-001
61  3.020000e-001
62  2.550000e-001
63  2.650000e-001
64  2.390000e-001
65  2.310000e-001
66  2.090000e-001
67  2.010000e-001
68  1.880000e-001
69  1.700000e-001
70  1.640000e-001
71  1.480000e-001
72  1.430000e-001
73  1.330000e-001
74  1.160000e-001
75  1.160000e-001
76  1.050000e-001
77  1.010000e-001
78  9.200000e-002
79  8.800000e-002
80  8.300000e-002
81  7.500000e-002
82  7.200000e-002
83  6.500000e-002
84  6.300000e-002
85  5.900000e-002
86  5.500000e-002
87  6.500000e-002
88  5.900000e-002
89  5.700000e-002
90  5.100000e-002
91  4.900000e-002
92  4.600000e-002
93  4.200000e-002
94  4.000000e-002
95  3.600000e-002
96  3.500000e-002
97  3.300000e-002
98  3.700000e-002
99  4.800000e-002
100  4.400000e-002
101  4.200000e-002
102  3.800000e-002
103  3.700000e-002
104  3.400000e-002
105  3.100000e-002
106  3.000000e-002
107  2.700000e-002
108  2.600000e-002
109  2.400000e-002
110  2.100000e-002
111  2.100000e-002
112  1.900000e-002
113  1.900000e-002
114  1.700000e-002
115  1.600000e-002
116  1.500000e-002
117  1.400000e-002
118  1.300000e-002
119  1.200000e-002
120  1.100000e-002
121  1.100000e-002
122  9.000000e-003
123  9.000000e-003
124  8.000000e-003
125  8.000000e-003
126  7.000000e-003
127  7.000000e-003
128  7.000000e-003
129  6.000000e-003
130  6.000000e-003
131  5.000000e-003
132  5.000000e-003
133  5.000000e-003
134  4.000000e-003
135  4.000000e-003
136  4.000000e-003
137  4.000000e-003
138  3.000000e-003
139  3.000000e-003
140  3.000000e-003
141  3.000000e-003
142  3.000000e-003
143  2.000000e-003
144  2.000000e-003
   4 
1  8.400000e-002
2  7.400000e-002
3  8.300000e-002
4  7.200000e-002
5  6.700000e-002
6  5.900000e-002
7  5.500000e-002
8  5.000000e-002
9  4.300000e-002
10  4.100000e-002
11  3.500000e-002
12  3.300000e-002
13  3.000000e-002
14  2.400000e-002
15  2.500000e-002
16  2.100000e-002
17  2.000000e-002
18  1.800000e-002
19  1.600000e-002
20  1.500000e-002
21  1.300000e-002
22  1.200000e-002
23  1.100000e-002
24  1.000000e-002
25  1.000000e-002
26  1.100000e-002
27  1.100000e-002
28  1.000000e-002
29  9.000000e-003
30  8.000000e-003
31  7.000000e-003
32  7.000000e-003
33  6.000000e-003
34  5.000000e-003
35  5.000000e-003
36  4.000000e-003
37  4.000000e-003
38  3.000000e-003
39  3.000000e-003
40  3.000000e-003
41  3.000000e-003
42  2.000000e-003
43  2.000000e-003
44  2.000000e-003
45  2.000000e-003
46  2.000000e-003
47  1.000000e-003
48  1.000000e-003
49  1.000000e-003
50  1.000000e-003
51  2.220000e-001
52  7.790000e-001
53  7.280000e-001
54  6.360000e-001
55  5.940000e-001
56  5.360000e-001
57  4.690000e-001
58  4.380000e-001
59  3.830000e-001
60  3.570000e-001
61  3.220000e-001
62  2.640000e-001
63  2.650000e-001
64  2.320000e-001
65  2.160000e-001
66  1.890000e-001
67  1.770000e-001
68  1.590000e-001
69  1.390000e-001
70  1.300000e-001
71  1.140000e-001
72  1.060000e-001
73  9.600000e-002
74  8.100000e-002
75  7.900000e-002
76  6.900000e-002
77  6.400000e-002
78  5.600000e-002
79  5.200000e-002
80  4.700000e-002
81  4.100000e-002
82  3.900000e-002
83  3.400000e-002
84  3.100000e-002
85  2.800000e-002
86  2.600000e-002
87  2.900000e-002
88  2.600000e-002
89  2.400000e-002
90  2.100000e-002
91  2.000000e-002
92  1.800000e-002
93  1.500000e-002
94  1.400000e-002
95  1.300000e-002
96  1.200000e-002
97  1.100000e-002
98  9.000000e-003
99  9.000000e-003
100  8.000000e-003
101  7.000000e-003
102  6.000000e-003
103  6.000000e-003
104  5.000000e-003
105  5.000000e-003
106  4.000000e-003
107  4.000000e-003
108  4.000000e-003
109  3.000000e-003
110  3.000000e-003
111  3.000000e-003
112  2.000000e-003
113  2.000000e-003
114  2.000000e-003
115  2.000000e-003
116  2.000000e-003
117  1.000000e-003
118  1.000000e-003
119  1.000000e-003
120  1.000000e-003
121  1.000000e-003
122  1.000000e-003
123  1.000000e-003
124  1.000000e-003
125  1.000000e-003
126  1.000000e-003
127  1.000000e-003
128  0.000000e+000
129  0.000000e+000
130  0.000000e+000
131  0.000000e+000
132  0.000000e+000
133  0.000000e+000
134  0.000000e+000
135  0.000000e+000
136  0.000000e+000
137  0.000000e+000
138  0.000000e+000
139  0.000000e+000
140  0.000000e+000
141  0.000000e+000
142  0.000000e+000
143  0.000000e+000
144  0.000000e+000
   5 
1  2.700000e-002
2  3.700000e-002
3  5.600000e-002
4  4.700000e-002
5  4.200000e-002
6  3.500000e-002
7  3.200000e-002
8  2.800000e-002
9  2.300000e-002
10  2.100000e-002
11  1.700000e-002
12  1.600000e-002
13  1.400000e-002
14  1.100000e-002
15  1.300000e-002
16  1.300000e-002
17  1.200000e-002
18  1.000000e-002
19  9.000000e-003
20  8.000000e-003
21  6.000000e-003
22  6.000000e-003
23  5.000000e-003
24  1.100000e-002
25  1.500000e-002
26  5.300000e-002
27  7.600000e-002
28  6.400000e-002
29  5.700000e-002
30  4.800000e-002
31  4.300000e-002
32  3.700000e-002
33  3.100000e-002
34  2.800000e-002
35  2.400000e-002
36  2.100000e-002
37  1.800000e-002
38  3.200000e-002
39  3.700000e-002
40  3.100000e-002
41  2.800000e-002
42  2.400000e-002
43  2.100000e-002
44  1.800000e-002
45  1.500000e-002
46  1.400000e-002
47  1.900000e-002
48  1.700000e-002
49  1.600000e-002
50  3.800000e-002
51  3.050000e-001
52  9.230000e-001
53  8.290000e-001
54  6.970000e-001
55  6.260000e-001
56  5.420000e-001
57  4.560000e-001
58  4.090000e-001
59  3.440000e-001
60  3.090000e-001
61  2.680000e-001
62  2.110000e-001
63  2.040000e-001
64  1.720000e-001
65  1.540000e-001
66  1.290000e-001
67  1.160000e-001
68  1.010000e-001
69  8.500000e-002
70  7.600000e-002
71  6.400000e-002
72  5.700000e-002
73  5.000000e-002
74  4.100000e-002
75  3.800000e-002
76  3.200000e-002
77  2.800000e-002
78  2.400000e-002
79  2.100000e-002
80  1.900000e-002
81  1.600000e-002
82  1.400000e-002
83  1.200000e-002
84  1.100000e-002
85  9.000000e-003
86  3.300000e-002
87  5.700000e-002
88  4.800000e-002
89  4.300000e-002
90  3.600000e-002
91  3.800000e-002
92  3.400000e-002
93  2.800000e-002
94  2.600000e-002
95  2.100000e-002
96  1.900000e-002
97  1.700000e-002
98  6.200000e-002
99  1.120000e-001
100  9.700000e-002
101  8.700000e-002
102  7.300000e-002
103  6.600000e-002
104  5.700000e-002
105  4.800000e-002
106  4.300000e-002
107  3.600000e-002
108  3.200000e-002
109  2.800000e-002
110  2.200000e-002
111  2.100000e-002
112  1.800000e-002
113  1.600000e-002
114  1.400000e-002
115  1.200000e-002
116  1.100000e-002
117  9.000000e-003
118  8.000000e-003
119  7.000000e-003
120  6.000000e-003
121  5.000000e-003
122  5.000000e-003
123  1.100000e-002
124  2.500000e-002
125  2.200000e-002
126  1.900000e-002
127  1.700000e-002
128  1.500000e-002
129  1.200000e-002
130  1.100000e-002
131  9.000000e-003
132  8.000000e-003
133  7.000000e-003
134  6.000000e-003
135  6.000000e-003
136  5.000000e-003
137  4.000000e-003
138  4.000000e-003
139  3.000000e-003
140  3.000000e-003
141  2.000000e-003
142  2.000000e-003
143  2.000000e-003
144  2.000000e-003
   6 
1  9.200000e-002
2  8.200000e-002
3  9.200000e-002
4  8.300000e-002
5  7.900000e-002
6  7.100000e-002
7  6.900000e-002
8  6.400000e-002
9  5.700000e-002
10  5.500000e-002
11  5.000000e-002
12  4.800000e-002
13  4.400000e-002
14  3.700000e-002
15  3.900000e-002
16  3.500000e-002
17  3.300000e-002
18  3.000000e-002
19  2.900000e-002
20  2.700000e-002
21  2.400000e-002
22  2.300000e-002
23  2.100000e-002
24  2.000000e-002
25  2.000000e-002
26  2.000000e-002
27  2.000000e-002
28  1.800000e-002
29  1.700000e-002
30  1.500000e-002
31  1.500000e-002
32  1.400000e-002
33  1.200000e-002
34  1.200000e-002
35  1.100000e-002
36  1.000000e-002
37  9.000000e-003
38  8.000000e-003
39  8.000000e-003
40  7.000000e-003
41  7.000000e-003
42  6.000000e-003
43  6.000000e-003
44  6.000000e-003
45  5.000000e-003
46  5.000000e-003
47  4.000000e-003
48  4.000000e-003
49  4.000000e-003
50  3.000000e-003
51  1.620000e-001
52  5.730000e-001
53  5.510000e-001
54  4.960000e-001
55  4.760000e-001
56  4.420000e-001
57  3.980000e-001
58  3.830000e-001
59  3.440000e-001
60  3.310000e-001
61  3.070000e-001
62  2.590000e-001
63  2.670000e-001
64  2.400000e-001
65  2.310000e-001
66  2.080000e-001
67  2.000000e-001
68  1.860000e-001
69  1.670000e-001
70  1.610000e-001
71  1.450000e-001
72  1.390000e-001
73  1.290000e-001
74  1.120000e-001
75  1.120000e-001
76  1.010000e-001
77  9.700000e-002
78  8.700000e-002
79  8.400000e-002
80  7.800000e-002
81  7.000000e-002
82  6.700000e-002
83  6.100000e-002
84  5.800000e-002
85  5.400000e-002
86  5.000000e-002
87  5.700000e-002
88  5.100000e-002
89  4.900000e-002
90  4.400000e-002
91  4.300000e-002
92  4.000000e-002
93  3.600000e-002
94  3.400000e-002
95  3.100000e-002
96  3.000000e-002
97  2.700000e-002
98  2.700000e-002
99  3.100000e-002
100  2.800000e-002
101  2.700000e-002
102  2.400000e-002
103  2.300000e-002
104  2.200000e-002
105  2.000000e-002
106  1.900000e-002
107  1.700000e-002
108  1.600000e-002
109  1.500000e-002
110  1.300000e-002
111  1.300000e-002
112  1.200000e-002
113  1.100000e-002
114  1.000000e-002
115  1.000000e-002
116  9.000000e-003
117  8.000000e-003
118  8.000000e-003
119  7.000000e-003
120  7.000000e-003
121  6.000000e-003
122  6.000000e-003
123  5.000000e-003
124  5.000000e-003
125  5.000000e-003
126  4.000000e-003
127  4.000000e-003
128  4.000000e-003
129  3.000000e-003
130  3.000000e-003
131  3.000000e-003
132  3.000000e-003
133  3.000000e-003
134  2.000000e-003
135  2.000000e-003
136  2.000000e-003
137  2.000000e-003
138  2.000000e-003
139  2.000000e-003
140  2.000000e-003
141  1.000000e-003
142  1.000000e-003
143  1.000000e-003
144  1.000000e-003
   7 
1  8.700000e-002
2  7.700000e-002
3  8.500000e-002
4  7.400000e-002
5  6.900000e-002
6  6.100000e-002
7  5.700000e-002
8  5.200000e-002
9  4.500000e-002
10  4.200000e-002
11  3.700000e-002
12  3.500000e-002
13  3.100000e-002
14  2.600000e-002
15  2.600000e-002
16  2.300000e-002
17  2.100000e-002
18  1.900000e-002
19  1.700000e-002
20  1.600000e-002
21  1.400000e-002
22  1.300000e-002
23  1.100000e-002
24  1.100000e-002
25  1.100000e-002
26  1.100000e-002
27  1.100000e-002
28  9.000000e-003
29  9.000000e-003
30  8.000000e-003
31  7.000000e-003
32  7.000000e-003
33  6.000000e-003
34  5.000000e-003
35  5.000000e-003
36  4.000000e-003
37  4.000000e-003
38  3.000000e-003
39  3.000000e-003
40  3.000000e-003
41  3.000000e-003
42  2.000000e-003
43  2.000000e-003
44  2.000000e-003
45  2.000000e-003
46  2.000000e-003
47  1.000000e-003
48  1.000000e-003
49  1.000000e-003
50  1.000000e-003
51  2.170000e-001
52  7.620000e-001
53  7.130000e-001
54  6.250000e-001
55  5.850000e-001
56  5.290000e-001
57  4.640000e-001
58  4.340000e-001
59  3.810000e-001
60  3.560000e-001
61  3.220000e-001
62  2.640000e-001
63  2.660000e-001
64  2.330000e-001
65  2.180000e-001
66  1.910000e-001
67  1.790000e-001
68  1.620000e-001
69  1.420000e-001
70  1.330000e-001
71  1.170000e-001
72  1.090000e-001
73  9.900000e-002
74  8.400000e-002
75  8.100000e-002
76  7.100000e-002
77  6.700000e-002
78  5.800000e-002
79  5.500000e-002
80  4.900000e-002
81  4.300000e-002
82  4.100000e-002
83  3.600000e-002
84  3.300000e-002
85  3.000000e-002
86  2.600000e-002
87  2.800000e-002
88  2.500000e-002
89  2.300000e-002
90  2.000000e-002
91  1.900000e-002
92  1.700000e-002
93  1.500000e-002
94  1.400000e-002
95  1.200000e-002
96  1.200000e-002
97  1.100000e-002
98  9.000000e-003
99  9.000000e-003
100  8.000000e-003
101  7.000000e-003
102  6.000000e-003
103  6.000000e-003
104  5.000000e-003
105  5.000000e-003
106  4.000000e-003
107  4.000000e-003
108  4.000000e-003
109  3.000000e-003
110  3.000000e-003
111  3.000000e-003
112  2.000000e-003
113  2.000000e-003
114  2.000000e-003
115  2.000000e-003
116  2.000000e-003
117  1.000000e-003
118  1.000000e-003
119  1.000000e-003
120  1.000000e-003
121  1.000000e-003
122  1.000000e-003
123  1.000000e-003
124  1.000000e-003
125  1.000000e-003
126  1.000000e-003
127  1.000000e-003
128  0.000000e+000
129  0.000000e+000
130  0.000000e+000
131  0.000000e+000
132  0.000000e+000
133  0.000000e+000
134  0.000000e+000
135  0.000000e+000
136  0.000000e+000
137  0.000000e+000
138  0.000000e+000
139  0.000000e+000
140  0.000000e+000
141  0.000000e+000
142  0.000000e+000
143  0.000000e+000
144  0.000000e+000
   8 
1  2.600000e-002
2  3.000000e-002
3  4.200000e-002
4  3.700000e-002
5  3.400000e-002
6  3.000000e-002
7  2.800000e-002
8  2.500000e-002
9  2.100000e-002
10  2.000000e-002
11  1.700000e-002
12  1.600000e-002
13  1.400000e-002
14  1.200000e-002
15  1.200000e-002
16  1.000000e-002
17  9.000000e-003
18  8.000000e-003
19  8.000000e-003
20  7.000000e-003
21  6.000000e-003
22  5.000000e-003
23  5.000000e-003
24  4.000000e-003
25  6.000000e-003
26  2.500000e-002
27  3.800000e-002
28  3.300000e-002
29  3.100000e-002
30  2.700000e-002
31  2.500000e-002
32  2.200000e-002
33  1.900000e-002
34  1.800000e-002
35  1.600000e-002
36  1.400000e-002
37  1.300000e-002
38  1.400000e-002
39  1.500000e-002
40  1.300000e-002
41  1.200000e-002
42  1.000000e-002
43  1.000000e-002
44  9.000000e-003
45  7.000000e-003
46  7.000000e-003
47  6.000000e-003
48  6.000000e-003
49  6.000000e-003
50  1.800000e-002
51  2.440000e-001
52  8.090000e-001
53  7.510000e-001
54  6.520000e-001
55  6.050000e-001
56  5.420000e-001
57  4.710000e-001
58  4.370000e-001
59  3.800000e-001
60  3.520000e-001
61  3.160000e-001
62  2.570000e-001
63  2.560000e-001
64  2.230000e-001
65  2.070000e-001
66  1.790000e-001
67  1.660000e-001
68  1.490000e-001
69  1.300000e-001
70  1.200000e-001
71  1.040000e-001
72  9.700000e-002
73  8.700000e-002
74  7.300000e-002
75  7.000000e-002
76  6.100000e-002
77  5.700000e-002
78  4.900000e-002
79  4.600000e-002
80  4.100000e-002
81  3.600000e-002
82  3.300000e-002
83  2.900000e-002
84  2.700000e-002
85  2.400000e-002
86  3.500000e-002
87  5.100000e-002
88  4.400000e-002
89  4.100000e-002
90  3.500000e-002
91  3.300000e-002
92  3.000000e-002
93  2.600000e-002
94  2.400000e-002
95  2.100000e-002
96  1.900000e-002
97  1.700000e-002
98  3.600000e-002
99  6.900000e-002
100  6.100000e-002
101  5.700000e-002
102  4.900000e-002
103  4.600000e-002
104  4.100000e-002
105  3.600000e-002
106  3.300000e-002
107  2.900000e-002
108  2.700000e-002
109  2.400000e-002
110  1.900000e-002
111  1.900000e-002
112  1.700000e-002
113  1.600000e-002
114  1.400000e-002
115  1.300000e-002
116  1.100000e-002
117  1.000000e-002
118  9.000000e-003
119  8.000000e-003
120  7.000000e-003
121  7.000000e-003
122  6.000000e-003
123  8.000000e-003
124  1.500000e-002
125  1.400000e-002
126  1.200000e-002
127  1.100000e-002
128  1.000000e-002
129  9.000000e-003
130  8.000000e-003
131  7.000000e-003
132  7.000000e-003
133  6.000000e-003
134  5.000000e-003
135  5.000000e-003
136  4.000000e-003
137  4.000000e-003
138  3.000000e-003
139  3.000000e-003
140  3.000000e-003
141  2.000000e-003
142  2.000000e-003
143  2.000000e-003
144  2.000000e-003
   9 
1  7.800000e-002
2  6.800000e-002
3  7.500000e-002
4  6.500000e-002
5  6.000000e-002
6  5.200000e-002
7  4.800000e-002
8  4.300000e-002
9  3.700000e-002
10  3.500000e-002
11  3.000000e-002
12  2.800000e-002
13  2.500000e-002
14  2.000000e-002
15  2.000000e-002
16  1.700000e-002
17  1.600000e-002
18  1.400000e-002
19  1.300000e-002
20  1.200000e-002
21  1.000000e-002
22  9.000000e-003
23  8.000000e-003
24  7.000000e-003
25  7.000000e-003
26  6.000000e-003
27  5.000000e-003
28  5.000000e-003
29  4.000000e-003
30  4.000000e-003
31  3.000000e-003
32  3.000000e-003
33  3.000000e-003
34  2.000000e-003
35  2.000000e-003
36  2.000000e-003
37  2.000000e-003
38  1.000000e-003
39  1.000000e-003
40  1.000000e-003
41  1.000000e-003
42  1.000000e-003
43  1.000000e-003
44  1.000000e-003
45  1.000000e-003
46  1.000000e-003
47  1.000000e-003
48  1.000000e-003
49  0.000000e+000
50  0.000000e+000
51  2.400000e-001
52  8.400000e-001
53  7.780000e-001
54  6.740000e-001
55  6.240000e-001
56  5.580000e-001
57  4.840000e-001
58  4.480000e-001
59  3.880000e-001
60  3.590000e-001
61  3.210000e-001
62  2.610000e-001
63  2.600000e-001
64  2.250000e-001
65  2.080000e-001
66  1.810000e-001
67  1.670000e-001
68  1.490000e-001
69  1.300000e-001
70  1.200000e-001
71  1.040000e-001
72  9.600000e-002
73  8.600000e-002
74  7.200000e-002
75  6.900000e-002
76  6.000000e-002
77  5.600000e-002
78  4.800000e-002
79  4.500000e-002
80  4.000000e-002
81  3.500000e-002
82  3.200000e-002
83  2.800000e-002
84  2.600000e-002
85  2.300000e-002
86  1.900000e-002
87  1.900000e-002
88  1.600000e-002
89  1.500000e-002
90  1.300000e-002
91  1.200000e-002
92  1.100000e-002
93  9.000000e-003
94  9.000000e-003
95  7.000000e-003
96  7.000000e-003
97  6.000000e-003
98  5.000000e-003
99  5.000000e-003
100  4.000000e-003
101  4.000000e-003
102  3.000000e-003
103  3.000000e-003
104  3.000000e-003
105  2.000000e-003
106  2.000000e-003
107  2.000000e-003
108  2.000000e-003
109  2.000000e-003
110  1.000000e-003
111  1.000000e-003
112  1.000000e-003
113  1.000000e-003
114  1.000000e-003
115  1.000000e-003
116  1.000000e-003
117  1.000000e-003
118  1.000000e-003
119  1.000000e-003
120  0.000000e+000
121  0.000000e+000
122  0.000000e+000
123  0.000000e+000
124  0.000000e+000
125  0.000000e+000
126  0.000000e+000
127  0.000000e+000
128  0.000000e+000
129  0.000000e+000
130  0.000000e+000
131  0.000000e+000
132  0.000000e+000
133  0.000000e+000
134  0.000000e+000
135  0.000000e+000
136  0.000000e+000
137  0.000000e+000
138  0.000000e+000
139  0.000000e+000
140  0.000000e+000
141  0.000000e+000
142  0.000000e+000
143  0.000000e+000
144  0.000000e+000
   10 
1  8.800000e-002
2  7.700000e-002
3  8.500000e-002
4  7.500000e-002
5  7.000000e-002
6  6.200000e-002
7  5.800000e-002
8  5.200000e-002
9  4.600000e-002
10  4.300000e-002
11  3.800000e-002
12  3.500000e-002
13  3.200000e-002
14  2.600000e-002
15  2.600000e-002
16  2.300000e-002
17  2.200000e-002
18  1.900000e-002
19  1.800000e-002
20  1.600000e-002
21  1.400000e-002
22  1.300000e-002
23  1.200000e-002
24  1.100000e-002
25  1.100000e-002
26  1.100000e-002
27  1.100000e-002
28  9.000000e-003
29  9.000000e-003
30  8.000000e-003
31  7.000000e-003
32  6.000000e-003
33  6.000000e-003
34  5.000000e-003
35  5.000000e-003
36  4.000000e-003
37  4.000000e-003
38  3.000000e-003
39  3.000000e-003
40  3.000000e-003
41  3.000000e-003
42  2.000000e-003
43  2.000000e-003
44  2.000000e-003
45  2.000000e-003
46  2.000000e-003
47  1.000000e-003
48  1.000000e-003
49  1.000000e-003
50  1.000000e-003
51  2.150000e-001
52  7.560000e-001
53  7.080000e-001
54  6.210000e-001
55  5.820000e-001
56  5.270000e-001
57  4.620000e-001
58  4.330000e-001
59  3.800000e-001
60  3.560000e-001
61  3.220000e-001
62  2.650000e-001
63  2.660000e-001
64  2.340000e-001
65  2.190000e-001
66  1.920000e-001
67  1.800000e-001
68  1.630000e-001
69  1.430000e-001
70  1.340000e-001
71  1.180000e-001
72  1.100000e-001
73  1.000000e-001
74  8.500000e-002
75  8.200000e-002
76  7.200000e-002
77  6.800000e-002
78  5.900000e-002
79  5.600000e-002
80  5.000000e-002
81  4.400000e-002
82  4.100000e-002
83  3.600000e-002
84  3.400000e-002
85  3.100000e-002
86  2.600000e-002
87  2.800000e-002
88  2.400000e-002
89  2.300000e-002
90  2.000000e-002
91  1.900000e-002
92  1.700000e-002
93  1.500000e-002
94  1.400000e-002
95  1.200000e-002
96  1.200000e-002
97  1.000000e-002
98  9.000000e-003
99  9.000000e-003
100  8.000000e-003
101  7.000000e-003
102  6.000000e-003
103  6.000000e-003
104  5.000000e-003
105  5.000000e-003
106  4.000000e-003
107  4.000000e-003
108  4.000000e-003
109  3.000000e-003
110  3.000000e-003
111  3.000000e-003
112  2.000000e-003
113  2.000000e-003
114  2.000000e-003
115  2.000000e-003
116  2.000000e-003
117  1.000000e-003
118  1.000000e-003
119  1.000000e-003
120  1.000000e-003
121  1.000000e-003
122  1.000000e-003
123  1.000000e-003
124  1.000000e-003
125  1.000000e-003
126  1.000000e-003
127  1.000000e-003
128  1.000000e-003
129  0.000000e+000
130  0.000000e+000
131  0.000000e+000
132  0.000000e+000
133  0.000000e+000
134  0.000000e+000
135  0.000000e+000
136  0.000000e+000
137  0.000000e+000
138  0.000000e+000
139  0.000000e+000
140  0.000000e+000
141  0.000000e+000
142  0.000000e+000
143  0.000000e+000
144  0.000000e+000
   11 
1  9.500000e-002
2  1.270000e-001
3  1.500000e-001
4  1.570000e-001
5  1.510000e-001
6  1.350000e-001
7  1.290000e-001
8  1.190000e-001
9  1.060000e-001
10  1.010000e-001
11  9.000000e-002
12  8.600000e-002
13  8.200000e-002
14  7.200000e-002
15  9.400000e-002
16  1.400000e-001
17  1.490000e-001
18  1.370000e-001
19  1.300000e-001
20  1.200000e-001
21  1.070000e-001
22  1.020000e-001
23  9.100000e-002
24  9.900000e-002
25  1.050000e-001
26  1.340000e-001
27  1.750000e-001
28  1.640000e-001
29  1.640000e-001
30  1.460000e-001
31  1.390000e-001
32  1.280000e-001
33  1.140000e-001
34  1.090000e-001
35  9.700000e-002
36  1.010000e-001
37  9.800000e-002
38  1.180000e-001
39  1.460000e-001
40  1.350000e-001
41  1.310000e-001
42  1.170000e-001
43  1.110000e-001
44  1.020000e-001
45  9.100000e-002
46  8.700000e-002
47  9.500000e-002
48  1.150000e-001
49  1.120000e-001
50  1.130000e-001
51  1.470000e-001
52  1.600000e-001
53  1.530000e-001
54  1.360000e-001
55  1.300000e-001
56  1.190000e-001
57  1.070000e-001
58  1.020000e-001
59  1.180000e-001
60  1.180000e-001
61  1.090000e-001
62  9.100000e-002
63  9.300000e-002
64  8.400000e-002
65  8.300000e-002
66  7.400000e-002
67  7.100000e-002
68  6.500000e-002
69  5.800000e-002
70  5.600000e-002
71  5.000000e-002
72  4.700000e-002
73  4.400000e-002
74  3.800000e-002
75  4.400000e-002
76  4.500000e-002
77  4.500000e-002
78  4.000000e-002
79  3.800000e-002
80  3.500000e-002
81  3.200000e-002
82  3.000000e-002
83  2.700000e-002
84  2.600000e-002
85  2.400000e-002
86  3.600000e-002
87  6.400000e-002
88  6.300000e-002
89  6.700000e-002
90  6.800000e-002
91  9.200000e-002
92  8.900000e-002
93  8.000000e-002
94  7.600000e-002
95  7.400000e-002
96  7.100000e-002
97  6.600000e-002
98  9.700000e-002
99  1.420000e-001
100  1.300000e-001
101  1.280000e-001
102  1.140000e-001
103  1.090000e-001
104  1.000000e-001
105  9.000000e-002
106  8.500000e-002
107  7.600000e-002
108  7.300000e-002
109  8.000000e-002
110  7.100000e-002
111  7.200000e-002
112  6.500000e-002
113  6.100000e-002
114  5.500000e-002
115  5.200000e-002
116  4.800000e-002
117  4.300000e-002
118  4.100000e-002
119  4.200000e-002
120  4.000000e-002
121  3.700000e-002
122  4.000000e-002
123  5.200000e-002
124  5.800000e-002
125  5.600000e-002
126  5.000000e-002
127  4.700000e-002
128  4.300000e-002
129  3.900000e-002
130  3.700000e-002
131  3.700000e-002
132  3.600000e-002
133  3.800000e-002
134  3.200000e-002
135  3.200000e-002
136  2.900000e-002
137  2.800000e-002
138  2.500000e-002
139  2.300000e-002
140  2.200000e-002
141  1.900000e-002
142  1.800000e-002
143  1.600000e-002
144  1.600000e-002
   12 
1  6.700000e-002
2  6.100000e-002
3  7.000000e-002
4  6.400000e-002
5  6.200000e-002
6  5.600000e-002
7  5.500000e-002
8  5.100000e-002
9  4.700000e-002
10  4.500000e-002
11  4.100000e-002
12  4.000000e-002
13  3.800000e-002
14  3.200000e-002
15  3.300000e-002
16  3.000000e-002
17  2.900000e-002
18  2.700000e-002
19  2.600000e-002
20  2.400000e-002
21  2.200000e-002
22  2.100000e-002
23  1.900000e-002
24  1.900000e-002
25  1.900000e-002
26  2.100000e-002
27  2.500000e-002
28  2.300000e-002
29  2.200000e-002
30  2.000000e-002
31  1.900000e-002
32  1.800000e-002
33  1.600000e-002
34  1.600000e-002
35  1.500000e-002
36  1.400000e-002
37  1.300000e-002
38  1.100000e-002
39  1.200000e-002
40  1.100000e-002
41  1.000000e-002
42  9.000000e-003
43  9.000000e-003
44  9.000000e-003
45  8.000000e-003
46  8.000000e-003
47  7.000000e-003
48  7.000000e-003
49  6.000000e-003
50  7.000000e-003
51  1.440000e-001
52  5.000000e-001
53  4.850000e-001
54  4.410000e-001
55  4.280000e-001
56  4.020000e-001
57  3.650000e-001
58  3.540000e-001
59  3.220000e-001
60  3.130000e-001
61  2.930000e-001
62  2.490000e-001
63  2.600000e-001
64  2.360000e-001
65  2.290000e-001
66  2.080000e-001
67  2.020000e-001
68  1.900000e-001
69  1.730000e-001
70  1.680000e-001
71  1.520000e-001
72  1.480000e-001
73  1.390000e-001
74  1.220000e-001
75  1.230000e-001
76  1.110000e-001
77  1.080000e-001
78  9.800000e-002
79  9.500000e-002
80  9.000000e-002
81  8.100000e-002
82  7.900000e-002
83  7.200000e-002
84  7.000000e-002
85  6.500000e-002
86  6.100000e-002
87  7.100000e-002
88  6.500000e-002
89  6.300000e-002
90  5.700000e-002
91  5.500000e-002
92  5.200000e-002
93  4.700000e-002
94  4.600000e-002
95  4.200000e-002
96  4.000000e-002
97  3.800000e-002
98  4.100000e-002
99  5.300000e-002
100  4.800000e-002
101  4.700000e-002
102  4.300000e-002
103  4.100000e-002
104  3.900000e-002
105  3.500000e-002
106  3.400000e-002
107  3.100000e-002
108  3.000000e-002
109  2.800000e-002
110  2.400000e-002
111  2.500000e-002
112  2.300000e-002
113  2.200000e-002
114  2.000000e-002
115  2.000000e-002
116  1.800000e-002
117  1.700000e-002
118  1.600000e-002
119  1.500000e-002
120  1.400000e-002
121  1.300000e-002
122  1.200000e-002
123  1.200000e-002
124  1.100000e-002
125  1.000000e-002
126  1.000000e-002
127  9.000000e-003
128  9.000000e-003
129  8.000000e-003
130  8.000000e-003
131  7.000000e-003
132  7.000000e-003
133  6.000000e-003
134  5.000000e-003
135  6.000000e-003
136  5.000000e-003
137  5.000000e-003
138  4.000000e-003
139  4.000000e-003
140  4.000000e-003
141  4.000000e-003
142  4.000000e-003
143  3.000000e-003
144  3.000000e-003
