   1 
1  1.805000e+000
2  1.464000e+000
3  1.480000e+000
4  2.377000e+000
5  2.529000e+000
6  2.191000e+000
7  2.027000e+000
8  1.812000e+000
9  1.570000e+000
10  1.452000e+000
11  1.258000e+000
12  1.164000e+000
13  1.040000e+000
14  8.440000e-001
15  8.400000e-001
16  1.056000e+000
17  1.013000e+000
18  8.780000e-001
19  8.120000e-001
20  7.260000e-001
21  6.290000e-001
22  5.820000e-001
23  5.040000e-001
24  4.660000e-001
25  4.170000e-001
26  3.490000e-001
27  3.390000e-001
28  1.074000e+000
29  4.046000e+000
30  4.185000e+000
31  3.872000e+000
32  3.460000e+000
33  2.998000e+000
34  2.774000e+000
35  2.403000e+000
36  2.223000e+000
37  1.987000e+000
38  1.613000e+000
39  1.608000e+000
40  1.396000e+000
41  2.036000e+000
42  2.195000e+000
43  2.031000e+000
44  1.815000e+000
45  1.572000e+000
46  1.454000e+000
47  1.260000e+000
48  1.166000e+000
49  1.046000e+000
50  9.480000e-001
51  4.846000e+000
52  5.626000e+000
53  9.383000e+000
54  8.184000e+000
55  7.571000e+000
56  6.766000e+000
57  5.862000e+000
58  5.423000e+000
59  4.698000e+000
60  4.347000e+000
61  3.884000e+000
62  3.152000e+000
63  3.136000e+000
64  3.627000e+000
65  7.300000e+000
66  7.771000e+000
67  7.294000e+000
68  6.518000e+000
69  5.647000e+000
70  5.225000e+000
71  4.526000e+000
72  4.188000e+000
73  3.742000e+000
74  3.140000e+000
75  3.010000e+000
76  3.851000e+000
77  4.556000e+000
78  3.947000e+000
79  3.652000e+000
80  3.264000e+000
81  2.827000e+000
82  2.616000e+000
83  2.266000e+000
84  2.097000e+000
85  1.874000e+000
86  1.520000e+000
87  1.513000e+000
88  1.311000e+000
89  1.212000e+000
90  1.050000e+000
91  9.720000e-001
92  8.680000e-001
93  7.520000e-001
94  6.960000e-001
95  6.030000e-001
96  5.580000e-001
97  4.990000e-001
98  4.340000e-001
99  1.886000e+000
100  4.019000e+000
101  3.959000e+000
102  3.443000e+000
103  3.185000e+000
104  2.846000e+000
105  2.466000e+000
106  2.281000e+000
107  1.976000e+000
108  1.829000e+000
109  1.634000e+000
110  1.326000e+000
111  1.319000e+000
112  1.143000e+000
113  1.057000e+000
114  9.160000e-001
115  8.480000e-001
116  7.570000e-001
117  6.560000e-001
118  6.070000e-001
119  5.260000e-001
120  4.870000e-001
121  4.350000e-001
122  3.660000e-001
123  3.570000e-001
124  3.090000e-001
125  2.860000e-001
126  2.480000e-001
127  2.290000e-001
128  2.050000e-001
129  1.770000e-001
130  1.640000e-001
131  1.420000e-001
132  1.320000e-001
133  1.180000e-001
134  9.500000e-002
135  9.500000e-002
136  8.200000e-002
137  7.600000e-002
138  6.600000e-002
139  6.100000e-002
140  5.400000e-002
141  4.700000e-002
142  4.400000e-002
143  3.800000e-002
144  3.500000e-002
   2 
1  4.940000e-001
2  4.630000e-001
3  7.550000e-001
4  8.850000e-001
5  8.950000e-001
6  7.950000e-001
7  7.490000e-001
8  6.820000e-001
9  6.010000e-001
10  5.660000e-001
11  5.010000e-001
12  4.710000e-001
13  4.290000e-001
14  3.650000e-001
15  5.720000e-001
16  6.860000e-001
17  6.760000e-001
18  5.960000e-001
19  5.610000e-001
20  5.110000e-001
21  4.510000e-001
22  4.670000e-001
23  4.540000e-001
24  4.490000e-001
25  4.130000e-001
26  3.590000e-001
27  4.560000e-001
28  6.140000e-001
29  7.730000e-001
30  7.700000e-001
31  7.280000e-001
32  6.630000e-001
33  5.850000e-001
34  5.510000e-001
35  5.110000e-001
36  5.230000e-001
37  5.190000e-001
38  5.480000e-001
39  6.440000e-001
40  6.900000e-001
41  8.520000e-001
42  8.050000e-001
43  7.590000e-001
44  6.900000e-001
45  6.090000e-001
46  5.730000e-001
47  6.150000e-001
48  7.190000e-001
49  7.440000e-001
50  7.410000e-001
51  8.890000e-001
52  8.800000e-001
53  9.720000e-001
54  9.380000e-001
55  8.850000e-001
56  8.060000e-001
57  7.100000e-001
58  6.690000e-001
59  6.600000e-001
60  7.300000e-001
61  7.910000e-001
62  7.460000e-001
63  7.990000e-001
64  8.320000e-001
65  1.093000e+000
66  1.152000e+000
67  1.107000e+000
68  1.007000e+000
69  8.890000e-001
70  8.370000e-001
71  7.590000e-001
72  7.190000e-001
73  6.550000e-001
74  6.430000e-001
75  8.290000e-001
76  1.013000e+000
77  1.097000e+000
78  9.920000e-001
79  9.340000e-001
80  8.500000e-001
81  7.500000e-001
82  7.070000e-001
83  6.370000e-001
84  6.000000e-001
85  5.600000e-001
86  4.800000e-001
87  5.370000e-001
88  6.290000e-001
89  7.160000e-001
90  6.840000e-001
91  6.440000e-001
92  5.860000e-001
93  5.170000e-001
94  5.030000e-001
95  5.550000e-001
96  5.780000e-001
97  5.370000e-001
98  5.050000e-001
99  6.790000e-001
100  7.990000e-001
101  9.010000e-001
102  8.440000e-001
103  7.950000e-001
104  7.230000e-001
105  6.380000e-001
106  6.010000e-001
107  5.330000e-001
108  5.120000e-001
109  4.950000e-001
110  4.550000e-001
111  4.780000e-001
112  4.470000e-001
113  4.250000e-001
114  3.760000e-001
115  3.570000e-001
116  3.310000e-001
117  2.990000e-001
118  2.820000e-001
119  2.840000e-001
120  3.210000e-001
121  3.200000e-001
122  3.460000e-001
123  4.820000e-001
124  5.040000e-001
125  4.900000e-001
126  4.320000e-001
127  4.070000e-001
128  3.700000e-001
129  3.280000e-001
130  3.270000e-001
131  3.220000e-001
132  3.260000e-001
133  3.810000e-001
134  4.640000e-001
135  5.870000e-001
136  5.570000e-001
137  5.350000e-001
138  4.720000e-001
139  4.440000e-001
140  4.040000e-001
141  3.560000e-001
142  3.390000e-001
143  3.010000e-001
144  2.900000e-001
   3 
1  1.627000e+000
2  1.376000e+000
3  1.466000e+000
4  1.891000e+000
5  2.028000e+000
6  1.833000e+000
7  1.768000e+000
8  1.649000e+000
9  1.491000e+000
10  1.438000e+000
11  1.300000e+000
12  1.254000e+000
13  1.170000e+000
14  9.890000e-001
15  1.029000e+000
16  1.130000e+000
17  1.113000e+000
18  1.006000e+000
19  9.700000e-001
20  9.050000e-001
21  8.180000e-001
22  7.890000e-001
23  7.130000e-001
24  6.880000e-001
25  6.420000e-001
26  5.610000e-001
27  5.710000e-001
28  9.010000e-001
29  2.671000e+000
30  2.845000e+000
31  2.745000e+000
32  2.561000e+000
33  2.314000e+000
34  2.233000e+000
35  2.018000e+000
36  1.947000e+000
37  1.816000e+000
38  1.538000e+000
39  1.607000e+000
40  1.461000e+000
41  1.840000e+000
42  1.917000e+000
43  1.850000e+000
44  1.725000e+000
45  1.559000e+000
46  1.504000e+000
47  1.359000e+000
48  1.312000e+000
49  1.230000e+000
50  1.105000e+000
51  3.411000e+000
52  3.966000e+000
53  6.332000e+000
54  5.757000e+000
55  5.555000e+000
56  5.182000e+000
57  4.682000e+000
58  4.518000e+000
59  4.084000e+000
60  3.942000e+000
61  3.685000e+000
62  3.115000e+000
63  3.228000e+000
64  3.466000e+000
65  5.810000e+000
66  6.167000e+000
67  6.018000e+000
68  5.613000e+000
69  5.073000e+000
70  4.895000e+000
71  4.423000e+000
72  4.268000e+000
73  3.981000e+000
74  3.481000e+000
75  3.479000e+000
76  3.876000e+000
77  4.346000e+000
78  3.927000e+000
79  3.789000e+000
80  3.535000e+000
81  3.194000e+000
82  3.082000e+000
83  2.785000e+000
84  2.687000e+000
85  2.507000e+000
86  2.119000e+000
87  2.195000e+000
88  1.984000e+000
89  1.914000e+000
90  1.730000e+000
91  1.669000e+000
92  1.557000e+000
93  1.407000e+000
94  1.358000e+000
95  1.227000e+000
96  1.184000e+000
97  1.104000e+000
98  9.600000e-001
99  1.800000e+000
100  3.014000e+000
101  3.061000e+000
102  2.774000e+000
103  2.677000e+000
104  2.497000e+000
105  2.256000e+000
106  2.177000e+000
107  1.968000e+000
108  1.899000e+000
109  1.771000e+000
110  1.497000e+000
111  1.551000e+000
112  1.402000e+000
113  1.352000e+000
114  1.222000e+000
115  1.179000e+000
116  1.100000e+000
117  9.940000e-001
118  9.590000e-001
119  8.670000e-001
120  8.360000e-001
121  7.800000e-001
122  6.860000e-001
123  7.000000e-001
124  6.330000e-001
125  6.110000e-001
126  5.520000e-001
127  5.330000e-001
128  4.970000e-001
129  4.490000e-001
130  4.330000e-001
131  3.910000e-001
132  3.780000e-001
133  3.530000e-001
134  3.020000e-001
135  3.150000e-001
136  2.850000e-001
137  2.750000e-001
138  2.480000e-001
139  2.400000e-001
140  2.240000e-001
141  2.020000e-001
142  1.950000e-001
143  1.760000e-001
144  1.700000e-001
   4 
1  2.048000e+000
2  1.677000e+000
3  1.693000e+000
4  2.579000e+000
5  2.716000e+000
6  2.375000e+000
7  2.217000e+000
8  2.000000e+000
9  1.749000e+000
10  1.633000e+000
11  1.428000e+000
12  1.334000e+000
13  1.203000e+000
14  9.850000e-001
15  9.890000e-001
16  1.166000e+000
17  1.121000e+000
18  9.800000e-001
19  9.150000e-001
20  8.260000e-001
21  7.220000e-001
22  6.740000e-001
23  5.900000e-001
24  5.510000e-001
25  4.970000e-001
26  4.210000e-001
27  4.160000e-001
28  1.246000e+000
29  3.997000e+000
30  4.126000e+000
31  3.853000e+000
32  3.476000e+000
33  3.039000e+000
34  2.838000e+000
35  2.481000e+000
36  2.317000e+000
37  2.090000e+000
38  1.712000e+000
39  1.718000e+000
40  1.502000e+000
41  2.102000e+000
42  2.246000e+000
43  2.097000e+000
44  1.892000e+000
45  1.654000e+000
46  1.545000e+000
47  1.351000e+000
48  1.261000e+000
49  1.140000e+000
50  1.019000e+000
51  4.789000e+000
52  5.523000e+000
53  9.138000e+000
54  8.041000e+000
55  7.508000e+000
56  6.773000e+000
57  5.923000e+000
58  5.530000e+000
59  4.836000e+000
60  4.515000e+000
61  4.073000e+000
62  3.335000e+000
63  3.348000e+000
64  3.772000e+000
65  7.175000e+000
66  7.606000e+000
67  7.199000e+000
68  6.494000e+000
69  5.679000e+000
70  5.302000e+000
71  4.637000e+000
72  4.329000e+000
73  3.906000e+000
74  3.307000e+000
75  3.200000e+000
76  3.970000e+000
77  4.641000e+000
78  4.058000e+000
79  3.789000e+000
80  3.418000e+000
81  2.989000e+000
82  2.791000e+000
83  2.441000e+000
84  2.279000e+000
85  2.056000e+000
86  1.683000e+000
87  1.690000e+000
88  1.478000e+000
89  1.380000e+000
90  1.207000e+000
91  1.127000e+000
92  1.016000e+000
93  8.890000e-001
94  8.300000e-001
95  7.260000e-001
96  6.780000e-001
97  6.110000e-001
98  5.200000e-001
99  1.960000e+000
100  4.035000e+000
101  3.990000e+000
102  3.500000e+000
103  3.268000e+000
104  2.948000e+000
105  2.578000e+000
106  2.407000e+000
107  2.105000e+000
108  1.966000e+000
109  1.773000e+000
110  1.452000e+000
111  1.458000e+000
112  1.274000e+000
113  1.190000e+000
114  1.041000e+000
115  9.720000e-001
116  8.770000e-001
117  7.660000e-001
118  7.160000e-001
119  6.260000e-001
120  5.840000e-001
121  5.270000e-001
122  4.460000e-001
123  4.320000e-001
124  3.780000e-001
125  3.530000e-001
126  3.080000e-001
127  2.880000e-001
128  2.600000e-001
129  2.270000e-001
130  2.120000e-001
131  1.850000e-001
132  1.730000e-001
133  1.560000e-001
134  1.280000e-001
135  1.280000e-001
136  1.120000e-001
137  1.050000e-001
138  9.200000e-002
139  8.600000e-002
140  7.700000e-002
141  6.800000e-002
142  6.300000e-002
143  5.500000e-002
144  5.100000e-002
   5 
1  3.580000e-001
2  2.980000e-001
3  4.920000e-001
4  5.450000e-001
5  5.350000e-001
6  4.500000e-001
7  4.040000e-001
8  3.500000e-001
9  2.940000e-001
10  2.640000e-001
11  2.220000e-001
12  1.990000e-001
13  1.730000e-001
14  1.370000e-001
15  2.020000e-001
16  2.660000e-001
17  2.470000e-001
18  2.080000e-001
19  1.870000e-001
20  1.620000e-001
21  1.360000e-001
22  1.220000e-001
23  1.030000e-001
24  9.200000e-002
25  8.000000e-002
26  6.500000e-002
27  1.430000e-001
28  3.230000e-001
29  2.484000e+000
30  2.801000e+000
31  2.515000e+000
32  2.180000e+000
33  1.833000e+000
34  1.645000e+000
35  1.383000e+000
36  1.242000e+000
37  1.081000e+000
38  9.290000e-001
39  9.550000e-001
40  8.390000e-001
41  1.085000e+000
42  1.101000e+000
43  9.890000e-001
44  8.570000e-001
45  7.210000e-001
46  6.470000e-001
47  5.440000e-001
48  4.880000e-001
49  4.880000e-001
50  5.460000e-001
51  3.586000e+000
52  4.520000e+000
53  7.950000e+000
54  6.700000e+000
55  6.015000e+000
56  5.214000e+000
57  4.383000e+000
58  3.935000e+000
59  3.352000e+000
60  3.029000e+000
61  2.731000e+000
62  2.166000e+000
63  2.093000e+000
64  2.482000e+000
65  6.484000e+000
66  7.096000e+000
67  6.493000e+000
68  5.628000e+000
69  4.732000e+000
70  4.248000e+000
71  3.571000e+000
72  3.206000e+000
73  2.779000e+000
74  2.283000e+000
75  2.132000e+000
76  2.768000e+000
77  3.335000e+000
78  2.804000e+000
79  2.517000e+000
80  2.182000e+000
81  1.834000e+000
82  1.647000e+000
83  1.385000e+000
84  1.243000e+000
85  1.077000e+000
86  8.490000e-001
87  8.450000e-001
88  7.420000e-001
89  6.670000e-001
90  5.610000e-001
91  5.040000e-001
92  4.370000e-001
93  3.670000e-001
94  3.300000e-001
95  2.770000e-001
96  2.490000e-001
97  2.160000e-001
98  2.460000e-001
99  1.092000e+000
100  2.691000e+000
101  2.692000e+000
102  2.276000e+000
103  2.043000e+000
104  1.771000e+000
105  1.489000e+000
106  1.337000e+000
107  1.124000e+000
108  1.009000e+000
109  8.770000e-001
110  7.080000e-001
111  6.840000e-001
112  5.750000e-001
113  5.160000e-001
114  4.340000e-001
115  3.900000e-001
116  3.380000e-001
117  2.840000e-001
118  2.550000e-001
119  2.140000e-001
120  2.020000e-001
121  1.770000e-001
122  1.660000e-001
123  2.460000e-001
124  2.360000e-001
125  2.120000e-001
126  1.780000e-001
127  1.600000e-001
128  1.390000e-001
129  1.170000e-001
130  1.050000e-001
131  8.800000e-002
132  8.000000e-002
133  1.080000e-001
134  2.130000e-001
135  2.640000e-001
136  2.220000e-001
137  1.990000e-001
138  1.670000e-001
139  1.500000e-001
140  1.300000e-001
141  1.100000e-001
142  9.800000e-002
143  8.300000e-002
144  7.400000e-002
   6 
1  1.934000e+000
2  1.628000e+000
3  1.697000e+000
4  2.252000e+000
5  2.386000e+000
6  2.148000e+000
7  2.064000e+000
8  1.917000e+000
9  1.725000e+000
10  1.658000e+000
11  1.492000e+000
12  1.434000e+000
13  1.332000e+000
14  1.122000e+000
15  1.158000e+000
16  1.261000e+000
17  1.236000e+000
18  1.113000e+000
19  1.069000e+000
20  9.930000e-001
21  8.940000e-001
22  8.590000e-001
23  7.730000e-001
24  7.430000e-001
25  6.900000e-001
26  6.010000e-001
27  6.010000e-001
28  1.052000e+000
29  3.044000e+000
30  3.201000e+000
31  3.076000e+000
32  2.857000e+000
33  2.572000e+000
34  2.471000e+000
35  2.224000e+000
36  2.138000e+000
37  1.986000e+000
38  1.672000e+000
39  1.729000e+000
40  1.558000e+000
41  1.990000e+000
42  2.082000e+000
43  2.001000e+000
44  1.858000e+000
45  1.672000e+000
46  1.607000e+000
47  1.447000e+000
48  1.390000e+000
49  1.294000e+000
50  1.156000e+000
51  3.783000e+000
52  4.363000e+000
53  6.983000e+000
54  6.322000e+000
55  6.076000e+000
56  5.644000e+000
57  5.079000e+000
58  4.881000e+000
59  4.393000e+000
60  4.222000e+000
61  3.922000e+000
62  3.302000e+000
63  3.408000e+000
64  3.668000e+000
65  6.164000e+000
66  6.516000e+000
67  6.334000e+000
68  5.883000e+000
69  5.295000e+000
70  5.089000e+000
71  4.580000e+000
72  4.401000e+000
73  4.088000e+000
74  3.561000e+000
75  3.544000e+000
76  4.012000e+000
77  4.525000e+000
78  4.073000e+000
79  3.914000e+000
80  3.636000e+000
81  3.272000e+000
82  3.145000e+000
83  2.830000e+000
84  2.720000e+000
85  2.526000e+000
86  2.127000e+000
87  2.196000e+000
88  1.976000e+000
89  1.899000e+000
90  1.709000e+000
91  1.642000e+000
92  1.526000e+000
93  1.373000e+000
94  1.320000e+000
95  1.188000e+000
96  1.141000e+000
97  1.060000e+000
98  9.130000e-001
99  1.899000e+000
100  3.304000e+000
101  3.337000e+000
102  3.012000e+000
103  2.895000e+000
104  2.689000e+000
105  2.420000e+000
106  2.326000e+000
107  2.093000e+000
108  2.011000e+000
109  1.868000e+000
110  1.573000e+000
111  1.624000e+000
112  1.461000e+000
113  1.404000e+000
114  1.264000e+000
115  1.215000e+000
116  1.128000e+000
117  1.016000e+000
118  9.760000e-001
119  8.780000e-001
120  8.440000e-001
121  7.840000e-001
122  6.840000e-001
123  6.850000e-001
124  6.160000e-001
125  5.920000e-001
126  5.330000e-001
127  5.120000e-001
128  4.760000e-001
129  4.280000e-001
130  4.120000e-001
131  3.710000e-001
132  3.560000e-001
133  3.310000e-001
134  2.780000e-001
135  2.870000e-001
136  2.590000e-001
137  2.490000e-001
138  2.240000e-001
139  2.150000e-001
140  2.000000e-001
141  1.800000e-001
142  1.730000e-001
143  1.550000e-001
144  1.490000e-001
   7 
1  2.109000e+000
2  1.731000e+000
3  1.751000e+000
4  2.627000e+000
5  2.761000e+000
6  2.420000e+000
7  2.265000e+000
8  2.049000e+000
9  1.796000e+000
10  1.681000e+000
11  1.474000e+000
12  1.380000e+000
13  1.248000e+000
14  1.024000e+000
15  1.030000e+000
16  1.197000e+000
17  1.152000e+000
18  1.010000e+000
19  9.460000e-001
20  8.550000e-001
21  7.500000e-001
22  7.020000e-001
23  6.150000e-001
24  5.760000e-001
25  5.210000e-001
26  4.420000e-001
27  4.410000e-001
28  1.291000e+000
29  3.978000e+000
30  4.104000e+000
31  3.842000e+000
32  3.474000e+000
33  3.046000e+000
34  2.851000e+000
35  2.499000e+000
36  2.339000e+000
37  2.116000e+000
38  1.737000e+000
39  1.747000e+000
40  1.532000e+000
41  2.119000e+000
42  2.256000e+000
43  2.112000e+000
44  1.910000e+000
45  1.675000e+000
46  1.568000e+000
47  1.374000e+000
48  1.286000e+000
49  1.166000e+000
50  1.061000e+000
51  4.765000e+000
52  5.486000e+000
53  9.059000e+000
54  7.990000e+000
55  7.479000e+000
56  6.764000e+000
57  5.929000e+000
58  5.550000e+000
59  4.866000e+000
60  4.554000e+000
61  4.119000e+000
62  3.381000e+000
63  3.402000e+000
64  3.808000e+000
65  7.137000e+000
66  7.557000e+000
67  7.169000e+000
68  6.484000e+000
69  5.684000e+000
70  5.320000e+000
71  4.664000e+000
72  4.366000e+000
73  3.948000e+000
74  3.351000e+000
75  3.250000e+000
76  3.999000e+000
77  4.659000e+000
78  4.084000e+000
79  3.823000e+000
80  3.458000e+000
81  3.031000e+000
82  2.837000e+000
83  2.487000e+000
84  2.328000e+000
85  2.106000e+000
86  1.728000e+000
87  1.739000e+000
88  1.524000e+000
89  1.427000e+000
90  1.251000e+000
91  1.171000e+000
92  1.059000e+000
93  9.280000e-001
94  8.690000e-001
95  7.620000e-001
96  7.130000e-001
97  6.450000e-001
98  5.470000e-001
99  1.979000e+000
100  4.033000e+000
101  3.992000e+000
102  3.511000e+000
103  3.286000e+000
104  2.972000e+000
105  2.605000e+000
106  2.439000e+000
107  2.138000e+000
108  2.001000e+000
109  1.810000e+000
110  1.485000e+000
111  1.495000e+000
112  1.310000e+000
113  1.226000e+000
114  1.075000e+000
115  1.006000e+000
116  9.100000e-001
117  7.980000e-001
118  7.470000e-001
119  6.550000e-001
120  6.130000e-001
121  5.540000e-001
122  4.700000e-001
123  4.560000e-001
124  4.000000e-001
125  3.740000e-001
126  3.280000e-001
127  3.070000e-001
128  2.780000e-001
129  2.440000e-001
130  2.280000e-001
131  2.000000e-001
132  1.870000e-001
133  1.690000e-001
134  1.390000e-001
135  1.400000e-001
136  1.220000e-001
137  1.150000e-001
138  1.010000e-001
139  9.400000e-002
140  8.500000e-002
141  7.500000e-002
142  7.000000e-002
143  6.100000e-002
144  5.700000e-002
   8 
1  1.049000e+000
2  8.550000e-001
3  9.640000e-001
4  1.328000e+000
5  1.486000e+000
6  1.291000e+000
7  1.198000e+000
8  1.073000e+000
9  9.330000e-001
10  8.650000e-001
11  7.520000e-001
12  6.970000e-001
13  6.250000e-001
14  5.080000e-001
15  5.260000e-001
16  6.980000e-001
17  6.740000e-001
18  5.850000e-001
19  5.430000e-001
20  4.870000e-001
21  4.230000e-001
22  3.920000e-001
23  3.410000e-001
24  3.160000e-001
25  2.830000e-001
26  2.380000e-001
27  2.720000e-001
28  6.200000e-001
29  2.951000e+000
30  3.200000e+000
31  2.969000e+000
32  2.660000e+000
33  2.311000e+000
34  2.144000e+000
35  1.863000e+000
36  1.728000e+000
37  1.550000e+000
38  1.285000e+000
39  1.316000e+000
40  1.167000e+000
41  1.611000e+000
42  1.707000e+000
43  1.584000e+000
44  1.419000e+000
45  1.233000e+000
46  1.144000e+000
47  9.940000e-001
48  9.220000e-001
49  8.530000e-001
50  8.040000e-001
51  3.827000e+000
52  4.614000e+000
53  7.791000e+000
54  6.814000e+000
55  6.322000e+000
56  5.665000e+000
57  4.922000e+000
58  4.566000e+000
59  3.987000e+000
60  3.708000e+000
61  3.376000e+000
62  2.753000e+000
63  2.746000e+000
64  3.131000e+000
65  6.549000e+000
66  7.083000e+000
67  6.674000e+000
68  5.981000e+000
69  5.196000e+000
70  4.821000e+000
71  4.188000e+000
72  3.886000e+000
73  3.482000e+000
74  2.931000e+000
75  2.818000e+000
76  3.441000e+000
77  4.025000e+000
78  3.497000e+000
79  3.244000e+000
80  2.908000e+000
81  2.526000e+000
82  2.343000e+000
83  2.036000e+000
84  1.889000e+000
85  1.693000e+000
86  1.377000e+000
87  1.382000e+000
88  1.209000e+000
89  1.122000e+000
90  9.750000e-001
91  9.040000e-001
92  8.100000e-001
93  7.040000e-001
94  6.530000e-001
95  5.670000e-001
96  5.260000e-001
97  4.720000e-001
98  4.380000e-001
99  1.471000e+000
100  3.127000e+000
101  3.135000e+000
102  2.736000e+000
103  2.538000e+000
104  2.275000e+000
105  1.976000e+000
106  1.833000e+000
107  1.593000e+000
108  1.478000e+000
109  1.325000e+000
110  1.081000e+000
111  1.078000e+000
112  9.370000e-001
113  8.690000e-001
114  7.550000e-001
115  7.000000e-001
116  6.280000e-001
117  5.450000e-001
118  5.060000e-001
119  4.400000e-001
120  4.080000e-001
121  3.650000e-001
122  3.200000e-001
123  3.550000e-001
124  3.110000e-001
125  2.880000e-001
126  2.500000e-001
127  2.320000e-001
128  2.080000e-001
129  1.810000e-001
130  1.680000e-001
131  1.460000e-001
132  1.360000e-001
133  1.390000e-001
134  1.670000e-001
135  1.890000e-001
136  1.650000e-001
137  1.530000e-001
138  1.330000e-001
139  1.230000e-001
140  1.100000e-001
141  9.600000e-002
142  8.900000e-002
143  7.700000e-002
144  7.200000e-002
   9 
1  2.153000e+000
2  1.748000e+000
3  1.747000e+000
4  2.781000e+000
5  2.910000e+000
6  2.522000e+000
7  2.335000e+000
8  2.088000e+000
9  1.810000e+000
10  1.675000e+000
11  1.452000e+000
12  1.344000e+000
13  1.202000e+000
14  9.760000e-001
15  9.710000e-001
16  1.165000e+000
17  1.114000e+000
18  9.660000e-001
19  8.940000e-001
20  7.990000e-001
21  6.930000e-001
22  6.410000e-001
23  5.560000e-001
24  5.140000e-001
25  4.600000e-001
26  3.860000e-001
27  3.930000e-001
28  1.476000e+000
29  4.435000e+000
30  4.525000e+000
31  4.188000e+000
32  3.745000e+000
33  3.246000e+000
34  3.005000e+000
35  2.604000e+000
36  2.411000e+000
37  2.155000e+000
38  1.750000e+000
39  1.742000e+000
40  1.510000e+000
41  2.162000e+000
42  2.316000e+000
43  2.144000e+000
44  1.917000e+000
45  1.662000e+000
46  1.538000e+000
47  1.333000e+000
48  1.234000e+000
49  1.105000e+000
50  1.079000e+000
51  5.227000e+000
52  5.990000e+000
53  9.994000e+000
54  8.716000e+000
55  8.068000e+000
56  7.214000e+000
57  6.253000e+000
58  5.788000e+000
59  5.017000e+000
60  4.644000e+000
61  4.152000e+000
62  3.371000e+000
63  3.356000e+000
64  3.832000e+000
65  7.514000e+000
66  7.952000e+000
67  7.465000e+000
68  6.675000e+000
69  5.786000e+000
70  5.355000e+000
71  4.642000e+000
72  4.297000e+000
73  3.842000e+000
74  3.225000e+000
75  3.094000e+000
76  3.968000e+000
77  4.690000e+000
78  4.065000e+000
79  3.763000e+000
80  3.364000e+000
81  2.916000e+000
82  2.699000e+000
83  2.340000e+000
84  2.166000e+000
85  1.936000e+000
86  1.572000e+000
87  1.565000e+000
88  1.356000e+000
89  1.256000e+000
90  1.088000e+000
91  1.007000e+000
92  9.010000e-001
93  7.810000e-001
94  7.230000e-001
95  6.260000e-001
96  5.800000e-001
97  5.180000e-001
98  4.340000e-001
99  2.097000e+000
100  4.443000e+000
101  4.352000e+000
102  3.785000e+000
103  3.504000e+000
104  3.133000e+000
105  2.715000e+000
106  2.513000e+000
107  2.179000e+000
108  2.017000e+000
109  1.803000e+000
110  1.464000e+000
111  1.457000e+000
112  1.263000e+000
113  1.169000e+000
114  1.013000e+000
115  9.380000e-001
116  8.390000e-001
117  7.270000e-001
118  6.730000e-001
119  5.830000e-001
120  5.400000e-001
121  4.830000e-001
122  4.050000e-001
123  3.890000e-001
124  3.370000e-001
125  3.120000e-001
126  2.700000e-001
127  2.500000e-001
128  2.240000e-001
129  1.940000e-001
130  1.800000e-001
131  1.560000e-001
132  1.440000e-001
133  1.290000e-001
134  1.050000e-001
135  1.040000e-001
136  9.000000e-002
137  8.400000e-002
138  7.200000e-002
139  6.700000e-002
140  6.000000e-002
141  5.200000e-002
142  4.800000e-002
143  4.200000e-002
144  3.900000e-002
   10 
1  2.129000e+000
2  1.749000e+000
3  1.770000e+000
4  2.643000e+000
5  2.775000e+000
6  2.435000e+000
7  2.281000e+000
8  2.065000e+000
9  1.812000e+000
10  1.697000e+000
11  1.489000e+000
12  1.395000e+000
13  1.263000e+000
14  1.037000e+000
15  1.045000e+000
16  1.207000e+000
17  1.163000e+000
18  1.020000e+000
19  9.560000e-001
20  8.650000e-001
21  7.590000e-001
22  7.110000e-001
23  6.240000e-001
24  5.850000e-001
25  5.290000e-001
26  4.490000e-001
27  4.490000e-001
28  1.306000e+000
29  3.971000e+000
30  4.096000e+000
31  3.837000e+000
32  3.474000e+000
33  3.047000e+000
34  2.855000e+000
35  2.505000e+000
36  2.347000e+000
37  2.124000e+000
38  1.745000e+000
39  1.757000e+000
40  1.542000e+000
41  2.124000e+000
42  2.260000e+000
43  2.117000e+000
44  1.916000e+000
45  1.681000e+000
46  1.575000e+000
47  1.382000e+000
48  1.295000e+000
49  1.174000e+000
50  1.075000e+000
51  4.756000e+000
52  5.473000e+000
53  9.031000e+000
54  7.972000e+000
55  7.469000e+000
56  6.760000e+000
57  5.931000e+000
58  5.557000e+000
59  4.875000e+000
60  4.567000e+000
61  4.134000e+000
62  3.396000e+000
63  3.420000e+000
64  3.820000e+000
65  7.124000e+000
66  7.541000e+000
67  7.159000e+000
68  6.480000e+000
69  5.685000e+000
70  5.326000e+000
71  4.673000e+000
72  4.378000e+000
73  3.962000e+000
74  3.366000e+000
75  3.267000e+000
76  4.008000e+000
77  4.665000e+000
78  4.093000e+000
79  3.834000e+000
80  3.471000e+000
81  3.045000e+000
82  2.853000e+000
83  2.503000e+000
84  2.345000e+000
85  2.122000e+000
86  1.743000e+000
87  1.756000e+000
88  1.540000e+000
89  1.443000e+000
90  1.266000e+000
91  1.186000e+000
92  1.074000e+000
93  9.420000e-001
94  8.820000e-001
95  7.740000e-001
96  7.250000e-001
97  6.570000e-001
98  5.570000e-001
99  1.986000e+000
100  4.031000e+000
101  3.992000e+000
102  3.513000e+000
103  3.292000e+000
104  2.979000e+000
105  2.614000e+000
106  2.449000e+000
107  2.149000e+000
108  2.013000e+000
109  1.822000e+000
110  1.497000e+000
111  1.507000e+000
112  1.322000e+000
113  1.239000e+000
114  1.087000e+000
115  1.018000e+000
116  9.220000e-001
117  8.090000e-001
118  7.580000e-001
119  6.650000e-001
120  6.230000e-001
121  5.640000e-001
122  4.790000e-001
123  4.650000e-001
124  4.080000e-001
125  3.820000e-001
126  3.350000e-001
127  3.140000e-001
128  2.840000e-001
129  2.490000e-001
130  2.340000e-001
131  2.050000e-001
132  1.920000e-001
133  1.740000e-001
134  1.430000e-001
135  1.440000e-001
136  1.260000e-001
137  1.180000e-001
138  1.040000e-001
139  9.700000e-002
140  8.800000e-002
141  7.700000e-002
142  7.200000e-002
143  6.300000e-002
144  5.900000e-002
   11 
1  2.620000e-001
2  2.610000e-001
3  4.730000e-001
4  5.630000e-001
5  5.750000e-001
6  5.140000e-001
7  4.890000e-001
8  4.510000e-001
9  4.020000e-001
10  3.830000e-001
11  3.420000e-001
12  3.260000e-001
13  3.000000e-001
14  2.520000e-001
15  3.710000e-001
16  4.600000e-001
17  4.520000e-001
18  4.030000e-001
19  3.840000e-001
20  3.540000e-001
21  3.160000e-001
22  3.020000e-001
23  2.700000e-001
24  2.580000e-001
25  2.370000e-001
26  2.080000e-001
27  2.880000e-001
28  4.290000e-001
29  5.150000e-001
30  4.940000e-001
31  4.710000e-001
32  4.340000e-001
33  3.870000e-001
34  3.690000e-001
35  3.440000e-001
36  3.330000e-001
37  3.290000e-001
38  3.820000e-001
39  4.400000e-001
40  4.320000e-001
41  4.530000e-001
42  4.200000e-001
43  4.000000e-001
44  3.690000e-001
45  3.290000e-001
46  3.140000e-001
47  3.180000e-001
48  3.260000e-001
49  3.750000e-001
50  4.240000e-001
51  5.460000e-001
52  5.570000e-001
53  9.520000e-001
54  9.030000e-001
55  8.620000e-001
56  7.940000e-001
57  7.090000e-001
58  6.750000e-001
59  6.550000e-001
60  6.970000e-001
61  7.520000e-001
62  6.960000e-001
63  7.250000e-001
64  7.250000e-001
65  9.380000e-001
66  9.950000e-001
67  9.640000e-001
68  8.880000e-001
69  7.920000e-001
70  7.550000e-001
71  6.800000e-001
72  6.490000e-001
73  5.990000e-001
74  5.970000e-001
75  6.580000e-001
76  7.290000e-001
77  7.810000e-001
78  6.970000e-001
79  6.640000e-001
80  6.120000e-001
81  5.460000e-001
82  5.200000e-001
83  4.650000e-001
84  4.430000e-001
85  4.080000e-001
86  3.440000e-001
87  3.880000e-001
88  4.300000e-001
89  4.240000e-001
90  3.780000e-001
91  3.600000e-001
92  3.320000e-001
93  2.960000e-001
94  2.830000e-001
95  3.030000e-001
96  3.000000e-001
97  2.840000e-001
98  2.890000e-001
99  4.400000e-001
100  5.230000e-001
101  5.520000e-001
102  5.000000e-001
103  4.770000e-001
104  4.390000e-001
105  3.920000e-001
106  3.740000e-001
107  3.330000e-001
108  3.180000e-001
109  3.100000e-001
110  2.870000e-001
111  2.950000e-001
112  2.740000e-001
113  2.610000e-001
114  2.330000e-001
115  2.220000e-001
116  2.050000e-001
117  1.830000e-001
118  1.740000e-001
119  1.710000e-001
120  2.040000e-001
121  2.080000e-001
122  2.350000e-001
123  3.470000e-001
124  3.620000e-001
125  3.540000e-001
126  3.160000e-001
127  3.010000e-001
128  2.770000e-001
129  2.470000e-001
130  2.360000e-001
131  2.100000e-001
132  2.010000e-001
133  2.210000e-001
134  3.120000e-001
135  3.930000e-001
136  3.540000e-001
137  3.390000e-001
138  3.030000e-001
139  2.880000e-001
140  2.660000e-001
141  2.370000e-001
142  2.260000e-001
143  2.020000e-001
144  1.920000e-001
   12 
1  1.567000e+000
2  1.332000e+000
3  1.429000e+000
4  1.799000e+000
5  1.931000e+000
6  1.755000e+000
7  1.704000e+000
8  1.598000e+000
9  1.453000e+000
10  1.410000e+000
11  1.282000e+000
12  1.244000e+000
13  1.168000e+000
14  9.930000e-001
15  1.039000e+000
16  1.127000e+000
17  1.114000e+000
18  1.012000e+000
19  9.820000e-001
20  9.220000e-001
21  8.380000e-001
22  8.130000e-001
23  7.390000e-001
24  7.180000e-001
25  6.730000e-001
26  5.920000e-001
27  6.060000e-001
28  8.920000e-001
29  2.496000e+000
30  2.665000e+000
31  2.586000e+000
32  2.427000e+000
33  2.206000e+000
34  2.141000e+000
35  1.946000e+000
36  1.889000e+000
37  1.773000e+000
38  1.510000e+000
39  1.587000e+000
40  1.452000e+000
41  1.796000e+000
42  1.862000e+000
43  1.807000e+000
44  1.695000e+000
45  1.541000e+000
46  1.496000e+000
47  1.360000e+000
48  1.320000e+000
49  1.245000e+000
50  1.119000e+000
51  3.215000e+000
52  3.730000e+000
53  5.898000e+000
54  5.394000e+000
55  5.236000e+000
56  4.913000e+000
57  4.466000e+000
58  4.334000e+000
59  3.942000e+000
60  3.827000e+000
61  3.601000e+000
62  3.062000e+000
63  3.191000e+000
64  3.399000e+000
65  5.553000e+000
66  5.888000e+000
67  5.778000e+000
68  5.421000e+000
69  4.928000e+000
70  4.783000e+000
71  4.348000e+000
72  4.220000e+000
73  3.960000e+000
74  3.483000e+000
75  3.501000e+000
76  3.845000e+000
77  4.284000e+000
78  3.894000e+000
79  3.780000e+000
80  3.547000e+000
81  3.224000e+000
82  3.129000e+000
83  2.844000e+000
84  2.761000e+000
85  2.591000e+000
86  2.202000e+000
87  2.295000e+000
88  2.086000e+000
89  2.025000e+000
90  1.841000e+000
91  1.787000e+000
92  1.677000e+000
93  1.524000e+000
94  1.479000e+000
95  1.345000e+000
96  1.305000e+000
97  1.225000e+000
98  1.066000e+000
99  1.838000e+000
100  2.929000e+000
101  2.984000e+000
102  2.720000e+000
103  2.640000e+000
104  2.477000e+000
105  2.251000e+000
106  2.185000e+000
107  1.986000e+000
108  1.928000e+000
109  1.809000e+000
110  1.538000e+000
111  1.603000e+000
112  1.457000e+000
113  1.414000e+000
114  1.285000e+000
115  1.248000e+000
116  1.171000e+000
117  1.064000e+000
118  1.033000e+000
119  9.390000e-001
120  9.110000e-001
121  8.550000e-001
122  7.560000e-001
123  7.750000e-001
124  7.040000e-001
125  6.840000e-001
126  6.220000e-001
127  6.030000e-001
128  5.660000e-001
129  5.150000e-001
130  4.990000e-001
131  4.540000e-001
132  4.410000e-001
133  4.140000e-001
134  3.580000e-001
135  3.750000e-001
136  3.410000e-001
137  3.310000e-001
138  3.010000e-001
139  2.920000e-001
140  2.740000e-001
141  2.490000e-001
142  2.420000e-001
143  2.200000e-001
144  2.130000e-001
