   1 
1  1.527900e+001
2  2.610400e+001
3  6.970600e+001
4  1.057590e+002
5  1.608220e+002
6  2.090520e+002
7  2.120200e+002
8  1.902680e+002
9  1.549820e+002
10  8.897600e+001
11  5.530900e+001
12  2.770900e+001
13  1.811400e+001
14  3.158400e+001
15  5.892600e+001
16  1.143150e+002
17  1.494930e+002
18  1.950390e+002
19  2.191080e+002
20  1.962080e+002
21  1.464200e+002
22  8.348200e+001
23  4.511200e+001
24  1.774900e+001
25  1.243800e+001
26  2.594500e+001
27  5.759800e+001
28  1.060080e+002
29  1.224440e+002
30  1.816780e+002
31  2.144250e+002
32  1.770040e+002
33  1.366830e+002
34  9.565800e+001
35  4.562200e+001
36  2.442700e+001
37  1.823000e+001
38  3.136700e+001
39  6.528300e+001
40  1.120950e+002
41  1.450620e+002
42  1.882110e+002
43  2.082630e+002
44  1.881600e+002
45  1.490370e+002
46  8.908900e+001
47  2.616800e+001
48  1.405900e+001
49  2.455700e+001
50  3.398100e+001
51  7.332100e+001
52  1.178270e+002
53  1.578360e+002
54  1.889590e+002
55  2.059990e+002
56  1.884870e+002
57  1.338740e+002
58  8.409600e+001
59  4.194300e+001
60  2.446300e+001
61  2.897000e+001
62  4.299900e+001
63  8.099500e+001
64  1.089820e+002
65  1.619330e+002
66  1.856250e+002
67  2.067590e+002
68  2.034750e+002
69  1.432480e+002
70  8.848500e+001
71  5.198700e+001
72  2.886200e+001
73  2.342400e+001
74  3.905500e+001
75  6.070200e+001
76  9.927400e+001
77  1.619810e+002
78  1.937830e+002
79  2.108960e+002
80  2.009700e+002
81  1.464760e+002
82  8.367400e+001
83  4.439500e+001
84  3.344300e+001
85  2.766600e+001
86  2.688300e+001
87  6.128700e+001
88  1.208120e+002
89  1.612540e+002
90  1.970810e+002
91  2.050190e+002
92  2.014130e+002
93  1.358550e+002
94  9.557400e+001
95  3.886700e+001
96  2.776700e+001
97  1.454700e+001
98  2.319500e+001
99  6.425600e+001
100  1.155910e+002
101  1.579790e+002
102  2.084420e+002
103  2.116440e+002
104  2.008500e+002
105  1.438650e+002
106  9.420300e+001
107  5.348900e+001
108  3.456600e+001
109  2.879300e+001
110  4.900100e+001
111  7.814700e+001
112  1.202590e+002
113  1.794130e+002
114  2.063700e+002
115  2.046930e+002
116  2.064700e+002
117  1.397870e+002
118  9.865400e+001
119  4.236800e+001
120  2.558700e+001
121  2.612700e+001
122  3.616900e+001
123  7.534600e+001
124  1.234770e+002
125  1.746090e+002
126  2.045310e+002
127  2.255470e+002
128  1.975430e+002
129  1.418310e+002
130  7.823000e+001
131  3.865900e+001
132  2.361900e+001
133  2.648100e+001
134  4.422500e+001
135  9.517900e+001
136  1.301560e+002
137  1.732830e+002
138  2.104670e+002
139  2.063730e+002
140  2.033540e+002
141  1.448310e+002
142  9.190600e+001
143  3.903400e+001
144  2.650500e+001
   2 
1  1.527900e+001
2  2.610400e+001
3  6.970600e+001
4  1.057590e+002
5  1.608220e+002
6  2.090520e+002
7  2.120200e+002
8  1.902680e+002
9  1.549820e+002
10  8.897600e+001
11  5.530900e+001
12  2.770900e+001
13  1.811400e+001
14  3.158400e+001
15  5.892600e+001
16  1.143150e+002
17  1.494930e+002
18  1.950390e+002
19  2.191080e+002
20  1.962080e+002
21  1.464200e+002
22  8.348200e+001
23  4.511200e+001
24  1.774900e+001
25  1.243800e+001
26  2.594500e+001
27  5.759800e+001
28  1.060080e+002
29  1.224440e+002
30  1.816780e+002
31  2.144250e+002
32  1.770040e+002
33  1.366830e+002
34  9.565800e+001
35  4.562200e+001
36  2.442700e+001
37  1.823000e+001
38  3.136700e+001
39  6.528300e+001
40  1.120950e+002
41  1.450620e+002
42  1.882110e+002
43  2.082630e+002
44  1.881600e+002
45  1.490370e+002
46  8.908900e+001
47  2.616800e+001
48  1.405900e+001
49  2.455700e+001
50  3.398100e+001
51  7.332100e+001
52  1.178270e+002
53  1.578360e+002
54  1.889590e+002
55  2.059990e+002
56  1.884870e+002
57  1.338740e+002
58  8.409600e+001
59  4.194300e+001
60  2.446300e+001
61  2.897000e+001
62  4.299900e+001
63  8.099500e+001
64  1.089820e+002
65  1.619330e+002
66  1.856250e+002
67  2.067590e+002
68  2.034750e+002
69  1.432480e+002
70  8.848500e+001
71  5.198700e+001
72  2.886200e+001
73  2.342400e+001
74  3.905500e+001
75  6.070200e+001
76  9.927400e+001
77  1.619810e+002
78  1.937830e+002
79  2.108960e+002
80  2.009700e+002
81  1.464760e+002
82  8.367400e+001
83  4.439500e+001
84  3.344300e+001
85  2.766600e+001
86  2.688300e+001
87  6.128700e+001
88  1.208120e+002
89  1.612540e+002
90  1.970810e+002
91  2.050190e+002
92  2.014130e+002
93  1.358550e+002
94  9.557400e+001
95  3.886700e+001
96  2.776700e+001
97  1.454700e+001
98  2.319500e+001
99  6.425600e+001
100  1.155910e+002
101  1.579790e+002
102  2.084420e+002
103  2.116440e+002
104  2.008500e+002
105  1.438650e+002
106  9.420300e+001
107  5.348900e+001
108  3.456600e+001
109  2.879300e+001
110  4.900100e+001
111  7.814700e+001
112  1.202590e+002
113  1.794130e+002
114  2.063700e+002
115  2.046930e+002
116  2.064700e+002
117  1.397870e+002
118  9.865400e+001
119  4.236800e+001
120  2.558700e+001
121  2.612700e+001
122  3.616900e+001
123  7.534600e+001
124  1.234770e+002
125  1.746090e+002
126  2.045310e+002
127  2.255470e+002
128  1.975430e+002
129  1.418310e+002
130  7.823000e+001
131  3.865900e+001
132  2.361900e+001
133  2.648100e+001
134  4.422500e+001
135  9.517900e+001
136  1.301560e+002
137  1.732830e+002
138  2.104670e+002
139  2.063730e+002
140  2.033540e+002
141  1.448310e+002
142  9.190600e+001
143  3.903400e+001
144  2.650500e+001
   3 
1  1.527900e+001
2  2.610400e+001
3  6.970600e+001
4  1.057590e+002
5  1.608220e+002
6  2.090520e+002
7  2.120200e+002
8  1.902680e+002
9  1.549820e+002
10  8.897600e+001
11  5.530900e+001
12  2.770900e+001
13  1.811400e+001
14  3.158400e+001
15  5.892600e+001
16  1.143150e+002
17  1.494930e+002
18  1.950390e+002
19  2.191080e+002
20  1.962080e+002
21  1.464200e+002
22  8.348200e+001
23  4.511200e+001
24  1.774900e+001
25  1.243800e+001
26  2.594500e+001
27  5.759800e+001
28  1.060080e+002
29  1.224440e+002
30  1.816780e+002
31  2.144250e+002
32  1.770040e+002
33  1.366830e+002
34  9.565800e+001
35  4.562200e+001
36  2.442700e+001
37  1.823000e+001
38  3.136700e+001
39  6.528300e+001
40  1.120950e+002
41  1.450620e+002
42  1.882110e+002
43  2.082630e+002
44  1.881600e+002
45  1.490370e+002
46  8.908900e+001
47  2.616800e+001
48  1.405900e+001
49  2.455700e+001
50  3.398100e+001
51  7.332100e+001
52  1.178270e+002
53  1.578360e+002
54  1.889590e+002
55  2.059990e+002
56  1.884870e+002
57  1.338740e+002
58  8.409600e+001
59  4.194300e+001
60  2.446300e+001
61  2.897000e+001
62  4.299900e+001
63  8.099500e+001
64  1.089820e+002
65  1.619330e+002
66  1.856250e+002
67  2.067590e+002
68  2.034750e+002
69  1.432480e+002
70  8.848500e+001
71  5.198700e+001
72  2.886200e+001
73  2.342400e+001
74  3.905500e+001
75  6.070200e+001
76  9.927400e+001
77  1.619810e+002
78  1.937830e+002
79  2.108960e+002
80  2.009700e+002
81  1.464760e+002
82  8.367400e+001
83  4.439500e+001
84  3.344300e+001
85  2.766600e+001
86  2.688300e+001
87  6.128700e+001
88  1.208120e+002
89  1.612540e+002
90  1.970810e+002
91  2.050190e+002
92  2.014130e+002
93  1.358550e+002
94  9.557400e+001
95  3.886700e+001
96  2.776700e+001
97  1.454700e+001
98  2.319500e+001
99  6.425600e+001
100  1.155910e+002
101  1.579790e+002
102  2.084420e+002
103  2.116440e+002
104  2.008500e+002
105  1.438650e+002
106  9.420300e+001
107  5.348900e+001
108  3.456600e+001
109  2.879300e+001
110  4.900100e+001
111  7.814700e+001
112  1.202590e+002
113  1.794130e+002
114  2.063700e+002
115  2.046930e+002
116  2.064700e+002
117  1.397870e+002
118  9.865400e+001
119  4.236800e+001
120  2.558700e+001
121  2.612700e+001
122  3.616900e+001
123  7.534600e+001
124  1.234770e+002
125  1.746090e+002
126  2.045310e+002
127  2.255470e+002
128  1.975430e+002
129  1.418310e+002
130  7.823000e+001
131  3.865900e+001
132  2.361900e+001
133  2.648100e+001
134  4.422500e+001
135  9.517900e+001
136  1.301560e+002
137  1.732830e+002
138  2.104670e+002
139  2.063730e+002
140  2.033540e+002
141  1.448310e+002
142  9.190600e+001
143  3.903400e+001
144  2.650500e+001
   4 
1  1.527900e+001
2  2.610400e+001
3  6.970600e+001
4  1.057590e+002
5  1.608220e+002
6  2.090520e+002
7  2.120200e+002
8  1.902680e+002
9  1.549820e+002
10  8.897600e+001
11  5.530900e+001
12  2.770900e+001
13  1.811400e+001
14  3.158400e+001
15  5.892600e+001
16  1.143150e+002
17  1.494930e+002
18  1.950390e+002
19  2.191080e+002
20  1.962080e+002
21  1.464200e+002
22  8.348200e+001
23  4.511200e+001
24  1.774900e+001
25  1.243800e+001
26  2.594500e+001
27  5.759800e+001
28  1.060080e+002
29  1.224440e+002
30  1.816780e+002
31  2.144250e+002
32  1.770040e+002
33  1.366830e+002
34  9.565800e+001
35  4.562200e+001
36  2.442700e+001
37  1.823000e+001
38  3.136700e+001
39  6.528300e+001
40  1.120950e+002
41  1.450620e+002
42  1.882110e+002
43  2.082630e+002
44  1.881600e+002
45  1.490370e+002
46  8.908900e+001
47  2.616800e+001
48  1.405900e+001
49  2.455700e+001
50  3.398100e+001
51  7.332100e+001
52  1.178270e+002
53  1.578360e+002
54  1.889590e+002
55  2.059990e+002
56  1.884870e+002
57  1.338740e+002
58  8.409600e+001
59  4.194300e+001
60  2.446300e+001
61  2.897000e+001
62  4.299900e+001
63  8.099500e+001
64  1.089820e+002
65  1.619330e+002
66  1.856250e+002
67  2.067590e+002
68  2.034750e+002
69  1.432480e+002
70  8.848500e+001
71  5.198700e+001
72  2.886200e+001
73  2.342400e+001
74  3.905500e+001
75  6.070200e+001
76  9.927400e+001
77  1.619810e+002
78  1.937830e+002
79  2.108960e+002
80  2.009700e+002
81  1.464760e+002
82  8.367400e+001
83  4.439500e+001
84  3.344300e+001
85  2.766600e+001
86  2.688300e+001
87  6.128700e+001
88  1.208120e+002
89  1.612540e+002
90  1.970810e+002
91  2.050190e+002
92  2.014130e+002
93  1.358550e+002
94  9.557400e+001
95  3.886700e+001
96  2.776700e+001
97  1.454700e+001
98  2.319500e+001
99  6.425600e+001
100  1.155910e+002
101  1.579790e+002
102  2.084420e+002
103  2.116440e+002
104  2.008500e+002
105  1.438650e+002
106  9.420300e+001
107  5.348900e+001
108  3.456600e+001
109  2.879300e+001
110  4.900100e+001
111  7.814700e+001
112  1.202590e+002
113  1.794130e+002
114  2.063700e+002
115  2.046930e+002
116  2.064700e+002
117  1.397870e+002
118  9.865400e+001
119  4.236800e+001
120  2.558700e+001
121  2.612700e+001
122  3.616900e+001
123  7.534600e+001
124  1.234770e+002
125  1.746090e+002
126  2.045310e+002
127  2.255470e+002
128  1.975430e+002
129  1.418310e+002
130  7.823000e+001
131  3.865900e+001
132  2.361900e+001
133  2.648100e+001
134  4.422500e+001
135  9.517900e+001
136  1.301560e+002
137  1.732830e+002
138  2.104670e+002
139  2.063730e+002
140  2.033540e+002
141  1.448310e+002
142  9.190600e+001
143  3.903400e+001
144  2.650500e+001
   5 
1  1.527900e+001
2  2.610400e+001
3  6.970600e+001
4  1.057590e+002
5  1.608220e+002
6  2.090520e+002
7  2.120200e+002
8  1.902680e+002
9  1.549820e+002
10  8.897600e+001
11  5.530900e+001
12  2.770900e+001
13  1.811400e+001
14  3.158400e+001
15  5.892600e+001
16  1.143150e+002
17  1.494930e+002
18  1.950390e+002
19  2.191080e+002
20  1.962080e+002
21  1.464200e+002
22  8.348200e+001
23  4.511200e+001
24  1.774900e+001
25  1.243800e+001
26  2.594500e+001
27  5.759800e+001
28  1.060080e+002
29  1.224440e+002
30  1.816780e+002
31  2.144250e+002
32  1.770040e+002
33  1.366830e+002
34  9.565800e+001
35  4.562200e+001
36  2.442700e+001
37  1.823000e+001
38  3.136700e+001
39  6.528300e+001
40  1.120950e+002
41  1.450620e+002
42  1.882110e+002
43  2.082630e+002
44  1.881600e+002
45  1.490370e+002
46  8.908900e+001
47  2.616800e+001
48  1.405900e+001
49  2.455700e+001
50  3.398100e+001
51  7.332100e+001
52  1.178270e+002
53  1.578360e+002
54  1.889590e+002
55  2.059990e+002
56  1.884870e+002
57  1.338740e+002
58  8.409600e+001
59  4.194300e+001
60  2.446300e+001
61  2.897000e+001
62  4.299900e+001
63  8.099500e+001
64  1.089820e+002
65  1.619330e+002
66  1.856250e+002
67  2.067590e+002
68  2.034750e+002
69  1.432480e+002
70  8.848500e+001
71  5.198700e+001
72  2.886200e+001
73  2.342400e+001
74  3.905500e+001
75  6.070200e+001
76  9.927400e+001
77  1.619810e+002
78  1.937830e+002
79  2.108960e+002
80  2.009700e+002
81  1.464760e+002
82  8.367400e+001
83  4.439500e+001
84  3.344300e+001
85  2.766600e+001
86  2.688300e+001
87  6.128700e+001
88  1.208120e+002
89  1.612540e+002
90  1.970810e+002
91  2.050190e+002
92  2.014130e+002
93  1.358550e+002
94  9.557400e+001
95  3.886700e+001
96  2.776700e+001
97  1.454700e+001
98  2.319500e+001
99  6.425600e+001
100  1.155910e+002
101  1.579790e+002
102  2.084420e+002
103  2.116440e+002
104  2.008500e+002
105  1.438650e+002
106  9.420300e+001
107  5.348900e+001
108  3.456600e+001
109  2.879300e+001
110  4.900100e+001
111  7.814700e+001
112  1.202590e+002
113  1.794130e+002
114  2.063700e+002
115  2.046930e+002
116  2.064700e+002
117  1.397870e+002
118  9.865400e+001
119  4.236800e+001
120  2.558700e+001
121  2.612700e+001
122  3.616900e+001
123  7.534600e+001
124  1.234770e+002
125  1.746090e+002
126  2.045310e+002
127  2.255470e+002
128  1.975430e+002
129  1.418310e+002
130  7.823000e+001
131  3.865900e+001
132  2.361900e+001
133  2.648100e+001
134  4.422500e+001
135  9.517900e+001
136  1.301560e+002
137  1.732830e+002
138  2.104670e+002
139  2.063730e+002
140  2.033540e+002
141  1.448310e+002
142  9.190600e+001
143  3.903400e+001
144  2.650500e+001
   6 
1  1.527900e+001
2  2.610400e+001
3  6.970600e+001
4  1.057590e+002
5  1.608220e+002
6  2.090520e+002
7  2.120200e+002
8  1.902680e+002
9  1.549820e+002
10  8.897600e+001
11  5.530900e+001
12  2.770900e+001
13  1.811400e+001
14  3.158400e+001
15  5.892600e+001
16  1.143150e+002
17  1.494930e+002
18  1.950390e+002
19  2.191080e+002
20  1.962080e+002
21  1.464200e+002
22  8.348200e+001
23  4.511200e+001
24  1.774900e+001
25  1.243800e+001
26  2.594500e+001
27  5.759800e+001
28  1.060080e+002
29  1.224440e+002
30  1.816780e+002
31  2.144250e+002
32  1.770040e+002
33  1.366830e+002
34  9.565800e+001
35  4.562200e+001
36  2.442700e+001
37  1.823000e+001
38  3.136700e+001
39  6.528300e+001
40  1.120950e+002
41  1.450620e+002
42  1.882110e+002
43  2.082630e+002
44  1.881600e+002
45  1.490370e+002
46  8.908900e+001
47  2.616800e+001
48  1.405900e+001
49  2.455700e+001
50  3.398100e+001
51  7.332100e+001
52  1.178270e+002
53  1.578360e+002
54  1.889590e+002
55  2.059990e+002
56  1.884870e+002
57  1.338740e+002
58  8.409600e+001
59  4.194300e+001
60  2.446300e+001
61  2.897000e+001
62  4.299900e+001
63  8.099500e+001
64  1.089820e+002
65  1.619330e+002
66  1.856250e+002
67  2.067590e+002
68  2.034750e+002
69  1.432480e+002
70  8.848500e+001
71  5.198700e+001
72  2.886200e+001
73  2.342400e+001
74  3.905500e+001
75  6.070200e+001
76  9.927400e+001
77  1.619810e+002
78  1.937830e+002
79  2.108960e+002
80  2.009700e+002
81  1.464760e+002
82  8.367400e+001
83  4.439500e+001
84  3.344300e+001
85  2.766600e+001
86  2.688300e+001
87  6.128700e+001
88  1.208120e+002
89  1.612540e+002
90  1.970810e+002
91  2.050190e+002
92  2.014130e+002
93  1.358550e+002
94  9.557400e+001
95  3.886700e+001
96  2.776700e+001
97  1.454700e+001
98  2.319500e+001
99  6.425600e+001
100  1.155910e+002
101  1.579790e+002
102  2.084420e+002
103  2.116440e+002
104  2.008500e+002
105  1.438650e+002
106  9.420300e+001
107  5.348900e+001
108  3.456600e+001
109  2.879300e+001
110  4.900100e+001
111  7.814700e+001
112  1.202590e+002
113  1.794130e+002
114  2.063700e+002
115  2.046930e+002
116  2.064700e+002
117  1.397870e+002
118  9.865400e+001
119  4.236800e+001
120  2.558700e+001
121  2.612700e+001
122  3.616900e+001
123  7.534600e+001
124  1.234770e+002
125  1.746090e+002
126  2.045310e+002
127  2.255470e+002
128  1.975430e+002
129  1.418310e+002
130  7.823000e+001
131  3.865900e+001
132  2.361900e+001
133  2.648100e+001
134  4.422500e+001
135  9.517900e+001
136  1.301560e+002
137  1.732830e+002
138  2.104670e+002
139  2.063730e+002
140  2.033540e+002
141  1.448310e+002
142  9.190600e+001
143  3.903400e+001
144  2.650500e+001
   7 
1  1.527900e+001
2  2.610400e+001
3  6.970600e+001
4  1.057590e+002
5  1.608220e+002
6  2.090520e+002
7  2.120200e+002
8  1.902680e+002
9  1.549820e+002
10  8.897600e+001
11  5.530900e+001
12  2.770900e+001
13  1.811400e+001
14  3.158400e+001
15  5.892600e+001
16  1.143150e+002
17  1.494930e+002
18  1.950390e+002
19  2.191080e+002
20  1.962080e+002
21  1.464200e+002
22  8.348200e+001
23  4.511200e+001
24  1.774900e+001
25  1.243800e+001
26  2.594500e+001
27  5.759800e+001
28  1.060080e+002
29  1.224440e+002
30  1.816780e+002
31  2.144250e+002
32  1.770040e+002
33  1.366830e+002
34  9.565800e+001
35  4.562200e+001
36  2.442700e+001
37  1.823000e+001
38  3.136700e+001
39  6.528300e+001
40  1.120950e+002
41  1.450620e+002
42  1.882110e+002
43  2.082630e+002
44  1.881600e+002
45  1.490370e+002
46  8.908900e+001
47  2.616800e+001
48  1.405900e+001
49  2.455700e+001
50  3.398100e+001
51  7.332100e+001
52  1.178270e+002
53  1.578360e+002
54  1.889590e+002
55  2.059990e+002
56  1.884870e+002
57  1.338740e+002
58  8.409600e+001
59  4.194300e+001
60  2.446300e+001
61  2.897000e+001
62  4.299900e+001
63  8.099500e+001
64  1.089820e+002
65  1.619330e+002
66  1.856250e+002
67  2.067590e+002
68  2.034750e+002
69  1.432480e+002
70  8.848500e+001
71  5.198700e+001
72  2.886200e+001
73  2.342400e+001
74  3.905500e+001
75  6.070200e+001
76  9.927400e+001
77  1.619810e+002
78  1.937830e+002
79  2.108960e+002
80  2.009700e+002
81  1.464760e+002
82  8.367400e+001
83  4.439500e+001
84  3.344300e+001
85  2.766600e+001
86  2.688300e+001
87  6.128700e+001
88  1.208120e+002
89  1.612540e+002
90  1.970810e+002
91  2.050190e+002
92  2.014130e+002
93  1.358550e+002
94  9.557400e+001
95  3.886700e+001
96  2.776700e+001
97  1.454700e+001
98  2.319500e+001
99  6.425600e+001
100  1.155910e+002
101  1.579790e+002
102  2.084420e+002
103  2.116440e+002
104  2.008500e+002
105  1.438650e+002
106  9.420300e+001
107  5.348900e+001
108  3.456600e+001
109  2.879300e+001
110  4.900100e+001
111  7.814700e+001
112  1.202590e+002
113  1.794130e+002
114  2.063700e+002
115  2.046930e+002
116  2.064700e+002
117  1.397870e+002
118  9.865400e+001
119  4.236800e+001
120  2.558700e+001
121  2.612700e+001
122  3.616900e+001
123  7.534600e+001
124  1.234770e+002
125  1.746090e+002
126  2.045310e+002
127  2.255470e+002
128  1.975430e+002
129  1.418310e+002
130  7.823000e+001
131  3.865900e+001
132  2.361900e+001
133  2.648100e+001
134  4.422500e+001
135  9.517900e+001
136  1.301560e+002
137  1.732830e+002
138  2.104670e+002
139  2.063730e+002
140  2.033540e+002
141  1.448310e+002
142  9.190600e+001
143  3.903400e+001
144  2.650500e+001
   8 
1  1.527900e+001
2  2.610400e+001
3  6.970600e+001
4  1.057590e+002
5  1.608220e+002
6  2.090520e+002
7  2.120200e+002
8  1.902680e+002
9  1.549820e+002
10  8.897600e+001
11  5.530900e+001
12  2.770900e+001
13  1.811400e+001
14  3.158400e+001
15  5.892600e+001
16  1.143150e+002
17  1.494930e+002
18  1.950390e+002
19  2.191080e+002
20  1.962080e+002
21  1.464200e+002
22  8.348200e+001
23  4.511200e+001
24  1.774900e+001
25  1.243800e+001
26  2.594500e+001
27  5.759800e+001
28  1.060080e+002
29  1.224440e+002
30  1.816780e+002
31  2.144250e+002
32  1.770040e+002
33  1.366830e+002
34  9.565800e+001
35  4.562200e+001
36  2.442700e+001
37  1.823000e+001
38  3.136700e+001
39  6.528300e+001
40  1.120950e+002
41  1.450620e+002
42  1.882110e+002
43  2.082630e+002
44  1.881600e+002
45  1.490370e+002
46  8.908900e+001
47  2.616800e+001
48  1.405900e+001
49  2.455700e+001
50  3.398100e+001
51  7.332100e+001
52  1.178270e+002
53  1.578360e+002
54  1.889590e+002
55  2.059990e+002
56  1.884870e+002
57  1.338740e+002
58  8.409600e+001
59  4.194300e+001
60  2.446300e+001
61  2.897000e+001
62  4.299900e+001
63  8.099500e+001
64  1.089820e+002
65  1.619330e+002
66  1.856250e+002
67  2.067590e+002
68  2.034750e+002
69  1.432480e+002
70  8.848500e+001
71  5.198700e+001
72  2.886200e+001
73  2.342400e+001
74  3.905500e+001
75  6.070200e+001
76  9.927400e+001
77  1.619810e+002
78  1.937830e+002
79  2.108960e+002
80  2.009700e+002
81  1.464760e+002
82  8.367400e+001
83  4.439500e+001
84  3.344300e+001
85  2.766600e+001
86  2.688300e+001
87  6.128700e+001
88  1.208120e+002
89  1.612540e+002
90  1.970810e+002
91  2.050190e+002
92  2.014130e+002
93  1.358550e+002
94  9.557400e+001
95  3.886700e+001
96  2.776700e+001
97  1.454700e+001
98  2.319500e+001
99  6.425600e+001
100  1.155910e+002
101  1.579790e+002
102  2.084420e+002
103  2.116440e+002
104  2.008500e+002
105  1.438650e+002
106  9.420300e+001
107  5.348900e+001
108  3.456600e+001
109  2.879300e+001
110  4.900100e+001
111  7.814700e+001
112  1.202590e+002
113  1.794130e+002
114  2.063700e+002
115  2.046930e+002
116  2.064700e+002
117  1.397870e+002
118  9.865400e+001
119  4.236800e+001
120  2.558700e+001
121  2.612700e+001
122  3.616900e+001
123  7.534600e+001
124  1.234770e+002
125  1.746090e+002
126  2.045310e+002
127  2.255470e+002
128  1.975430e+002
129  1.418310e+002
130  7.823000e+001
131  3.865900e+001
132  2.361900e+001
133  2.648100e+001
134  4.422500e+001
135  9.517900e+001
136  1.301560e+002
137  1.732830e+002
138  2.104670e+002
139  2.063730e+002
140  2.033540e+002
141  1.448310e+002
142  9.190600e+001
143  3.903400e+001
144  2.650500e+001
   9 
1  1.527900e+001
2  2.610400e+001
3  6.970600e+001
4  1.057590e+002
5  1.608220e+002
6  2.090520e+002
7  2.120200e+002
8  1.902680e+002
9  1.549820e+002
10  8.897600e+001
11  5.530900e+001
12  2.770900e+001
13  1.811400e+001
14  3.158400e+001
15  5.892600e+001
16  1.143150e+002
17  1.494930e+002
18  1.950390e+002
19  2.191080e+002
20  1.962080e+002
21  1.464200e+002
22  8.348200e+001
23  4.511200e+001
24  1.774900e+001
25  1.243800e+001
26  2.594500e+001
27  5.759800e+001
28  1.060080e+002
29  1.224440e+002
30  1.816780e+002
31  2.144250e+002
32  1.770040e+002
33  1.366830e+002
34  9.565800e+001
35  4.562200e+001
36  2.442700e+001
37  1.823000e+001
38  3.136700e+001
39  6.528300e+001
40  1.120950e+002
41  1.450620e+002
42  1.882110e+002
43  2.082630e+002
44  1.881600e+002
45  1.490370e+002
46  8.908900e+001
47  2.616800e+001
48  1.405900e+001
49  2.455700e+001
50  3.398100e+001
51  7.332100e+001
52  1.178270e+002
53  1.578360e+002
54  1.889590e+002
55  2.059990e+002
56  1.884870e+002
57  1.338740e+002
58  8.409600e+001
59  4.194300e+001
60  2.446300e+001
61  2.897000e+001
62  4.299900e+001
63  8.099500e+001
64  1.089820e+002
65  1.619330e+002
66  1.856250e+002
67  2.067590e+002
68  2.034750e+002
69  1.432480e+002
70  8.848500e+001
71  5.198700e+001
72  2.886200e+001
73  2.342400e+001
74  3.905500e+001
75  6.070200e+001
76  9.927400e+001
77  1.619810e+002
78  1.937830e+002
79  2.108960e+002
80  2.009700e+002
81  1.464760e+002
82  8.367400e+001
83  4.439500e+001
84  3.344300e+001
85  2.766600e+001
86  2.688300e+001
87  6.128700e+001
88  1.208120e+002
89  1.612540e+002
90  1.970810e+002
91  2.050190e+002
92  2.014130e+002
93  1.358550e+002
94  9.557400e+001
95  3.886700e+001
96  2.776700e+001
97  1.454700e+001
98  2.319500e+001
99  6.425600e+001
100  1.155910e+002
101  1.579790e+002
102  2.084420e+002
103  2.116440e+002
104  2.008500e+002
105  1.438650e+002
106  9.420300e+001
107  5.348900e+001
108  3.456600e+001
109  2.879300e+001
110  4.900100e+001
111  7.814700e+001
112  1.202590e+002
113  1.794130e+002
114  2.063700e+002
115  2.046930e+002
116  2.064700e+002
117  1.397870e+002
118  9.865400e+001
119  4.236800e+001
120  2.558700e+001
121  2.612700e+001
122  3.616900e+001
123  7.534600e+001
124  1.234770e+002
125  1.746090e+002
126  2.045310e+002
127  2.255470e+002
128  1.975430e+002
129  1.418310e+002
130  7.823000e+001
131  3.865900e+001
132  2.361900e+001
133  2.648100e+001
134  4.422500e+001
135  9.517900e+001
136  1.301560e+002
137  1.732830e+002
138  2.104670e+002
139  2.063730e+002
140  2.033540e+002
141  1.448310e+002
142  9.190600e+001
143  3.903400e+001
144  2.650500e+001
   10 
1  1.527900e+001
2  2.610400e+001
3  6.970600e+001
4  1.057590e+002
5  1.608220e+002
6  2.090520e+002
7  2.120200e+002
8  1.902680e+002
9  1.549820e+002
10  8.897600e+001
11  5.530900e+001
12  2.770900e+001
13  1.811400e+001
14  3.158400e+001
15  5.892600e+001
16  1.143150e+002
17  1.494930e+002
18  1.950390e+002
19  2.191080e+002
20  1.962080e+002
21  1.464200e+002
22  8.348200e+001
23  4.511200e+001
24  1.774900e+001
25  1.243800e+001
26  2.594500e+001
27  5.759800e+001
28  1.060080e+002
29  1.224440e+002
30  1.816780e+002
31  2.144250e+002
32  1.770040e+002
33  1.366830e+002
34  9.565800e+001
35  4.562200e+001
36  2.442700e+001
37  1.823000e+001
38  3.136700e+001
39  6.528300e+001
40  1.120950e+002
41  1.450620e+002
42  1.882110e+002
43  2.082630e+002
44  1.881600e+002
45  1.490370e+002
46  8.908900e+001
47  2.616800e+001
48  1.405900e+001
49  2.455700e+001
50  3.398100e+001
51  7.332100e+001
52  1.178270e+002
53  1.578360e+002
54  1.889590e+002
55  2.059990e+002
56  1.884870e+002
57  1.338740e+002
58  8.409600e+001
59  4.194300e+001
60  2.446300e+001
61  2.897000e+001
62  4.299900e+001
63  8.099500e+001
64  1.089820e+002
65  1.619330e+002
66  1.856250e+002
67  2.067590e+002
68  2.034750e+002
69  1.432480e+002
70  8.848500e+001
71  5.198700e+001
72  2.886200e+001
73  2.342400e+001
74  3.905500e+001
75  6.070200e+001
76  9.927400e+001
77  1.619810e+002
78  1.937830e+002
79  2.108960e+002
80  2.009700e+002
81  1.464760e+002
82  8.367400e+001
83  4.439500e+001
84  3.344300e+001
85  2.766600e+001
86  2.688300e+001
87  6.128700e+001
88  1.208120e+002
89  1.612540e+002
90  1.970810e+002
91  2.050190e+002
92  2.014130e+002
93  1.358550e+002
94  9.557400e+001
95  3.886700e+001
96  2.776700e+001
97  1.454700e+001
98  2.319500e+001
99  6.425600e+001
100  1.155910e+002
101  1.579790e+002
102  2.084420e+002
103  2.116440e+002
104  2.008500e+002
105  1.438650e+002
106  9.420300e+001
107  5.348900e+001
108  3.456600e+001
109  2.879300e+001
110  4.900100e+001
111  7.814700e+001
112  1.202590e+002
113  1.794130e+002
114  2.063700e+002
115  2.046930e+002
116  2.064700e+002
117  1.397870e+002
118  9.865400e+001
119  4.236800e+001
120  2.558700e+001
121  2.612700e+001
122  3.616900e+001
123  7.534600e+001
124  1.234770e+002
125  1.746090e+002
126  2.045310e+002
127  2.255470e+002
128  1.975430e+002
129  1.418310e+002
130  7.823000e+001
131  3.865900e+001
132  2.361900e+001
133  2.648100e+001
134  4.422500e+001
135  9.517900e+001
136  1.301560e+002
137  1.732830e+002
138  2.104670e+002
139  2.063730e+002
140  2.033540e+002
141  1.448310e+002
142  9.190600e+001
143  3.903400e+001
144  2.650500e+001
   11 
1  1.527900e+001
2  2.610400e+001
3  6.970600e+001
4  1.057590e+002
5  1.608220e+002
6  2.090520e+002
7  2.120200e+002
8  1.902680e+002
9  1.549820e+002
10  8.897600e+001
11  5.530900e+001
12  2.770900e+001
13  1.811400e+001
14  3.158400e+001
15  5.892600e+001
16  1.143150e+002
17  1.494930e+002
18  1.950390e+002
19  2.191080e+002
20  1.962080e+002
21  1.464200e+002
22  8.348200e+001
23  4.511200e+001
24  1.774900e+001
25  1.243800e+001
26  2.594500e+001
27  5.759800e+001
28  1.060080e+002
29  1.224440e+002
30  1.816780e+002
31  2.144250e+002
32  1.770040e+002
33  1.366830e+002
34  9.565800e+001
35  4.562200e+001
36  2.442700e+001
37  1.823000e+001
38  3.136700e+001
39  6.528300e+001
40  1.120950e+002
41  1.450620e+002
42  1.882110e+002
43  2.082630e+002
44  1.881600e+002
45  1.490370e+002
46  8.908900e+001
47  2.616800e+001
48  1.405900e+001
49  2.455700e+001
50  3.398100e+001
51  7.332100e+001
52  1.178270e+002
53  1.578360e+002
54  1.889590e+002
55  2.059990e+002
56  1.884870e+002
57  1.338740e+002
58  8.409600e+001
59  4.194300e+001
60  2.446300e+001
61  2.897000e+001
62  4.299900e+001
63  8.099500e+001
64  1.089820e+002
65  1.619330e+002
66  1.856250e+002
67  2.067590e+002
68  2.034750e+002
69  1.432480e+002
70  8.848500e+001
71  5.198700e+001
72  2.886200e+001
73  2.342400e+001
74  3.905500e+001
75  6.070200e+001
76  9.927400e+001
77  1.619810e+002
78  1.937830e+002
79  2.108960e+002
80  2.009700e+002
81  1.464760e+002
82  8.367400e+001
83  4.439500e+001
84  3.344300e+001
85  2.766600e+001
86  2.688300e+001
87  6.128700e+001
88  1.208120e+002
89  1.612540e+002
90  1.970810e+002
91  2.050190e+002
92  2.014130e+002
93  1.358550e+002
94  9.557400e+001
95  3.886700e+001
96  2.776700e+001
97  1.454700e+001
98  2.319500e+001
99  6.425600e+001
100  1.155910e+002
101  1.579790e+002
102  2.084420e+002
103  2.116440e+002
104  2.008500e+002
105  1.438650e+002
106  9.420300e+001
107  5.348900e+001
108  3.456600e+001
109  2.879300e+001
110  4.900100e+001
111  7.814700e+001
112  1.202590e+002
113  1.794130e+002
114  2.063700e+002
115  2.046930e+002
116  2.064700e+002
117  1.397870e+002
118  9.865400e+001
119  4.236800e+001
120  2.558700e+001
121  2.612700e+001
122  3.616900e+001
123  7.534600e+001
124  1.234770e+002
125  1.746090e+002
126  2.045310e+002
127  2.255470e+002
128  1.975430e+002
129  1.418310e+002
130  7.823000e+001
131  3.865900e+001
132  2.361900e+001
133  2.648100e+001
134  4.422500e+001
135  9.517900e+001
136  1.301560e+002
137  1.732830e+002
138  2.104670e+002
139  2.063730e+002
140  2.033540e+002
141  1.448310e+002
142  9.190600e+001
143  3.903400e+001
144  2.650500e+001
   12 
1  1.527900e+001
2  2.610400e+001
3  6.970600e+001
4  1.057590e+002
5  1.608220e+002
6  2.090520e+002
7  2.120200e+002
8  1.902680e+002
9  1.549820e+002
10  8.897600e+001
11  5.530900e+001
12  2.770900e+001
13  1.811400e+001
14  3.158400e+001
15  5.892600e+001
16  1.143150e+002
17  1.494930e+002
18  1.950390e+002
19  2.191080e+002
20  1.962080e+002
21  1.464200e+002
22  8.348200e+001
23  4.511200e+001
24  1.774900e+001
25  1.243800e+001
26  2.594500e+001
27  5.759800e+001
28  1.060080e+002
29  1.224440e+002
30  1.816780e+002
31  2.144250e+002
32  1.770040e+002
33  1.366830e+002
34  9.565800e+001
35  4.562200e+001
36  2.442700e+001
37  1.823000e+001
38  3.136700e+001
39  6.528300e+001
40  1.120950e+002
41  1.450620e+002
42  1.882110e+002
43  2.082630e+002
44  1.881600e+002
45  1.490370e+002
46  8.908900e+001
47  2.616800e+001
48  1.405900e+001
49  2.455700e+001
50  3.398100e+001
51  7.332100e+001
52  1.178270e+002
53  1.578360e+002
54  1.889590e+002
55  2.059990e+002
56  1.884870e+002
57  1.338740e+002
58  8.409600e+001
59  4.194300e+001
60  2.446300e+001
61  2.897000e+001
62  4.299900e+001
63  8.099500e+001
64  1.089820e+002
65  1.619330e+002
66  1.856250e+002
67  2.067590e+002
68  2.034750e+002
69  1.432480e+002
70  8.848500e+001
71  5.198700e+001
72  2.886200e+001
73  2.342400e+001
74  3.905500e+001
75  6.070200e+001
76  9.927400e+001
77  1.619810e+002
78  1.937830e+002
79  2.108960e+002
80  2.009700e+002
81  1.464760e+002
82  8.367400e+001
83  4.439500e+001
84  3.344300e+001
85  2.766600e+001
86  2.688300e+001
87  6.128700e+001
88  1.208120e+002
89  1.612540e+002
90  1.970810e+002
91  2.050190e+002
92  2.014130e+002
93  1.358550e+002
94  9.557400e+001
95  3.886700e+001
96  2.776700e+001
97  1.454700e+001
98  2.319500e+001
99  6.425600e+001
100  1.155910e+002
101  1.579790e+002
102  2.084420e+002
103  2.116440e+002
104  2.008500e+002
105  1.438650e+002
106  9.420300e+001
107  5.348900e+001
108  3.456600e+001
109  2.879300e+001
110  4.900100e+001
111  7.814700e+001
112  1.202590e+002
113  1.794130e+002
114  2.063700e+002
115  2.046930e+002
116  2.064700e+002
117  1.397870e+002
118  9.865400e+001
119  4.236800e+001
120  2.558700e+001
121  2.612700e+001
122  3.616900e+001
123  7.534600e+001
124  1.234770e+002
125  1.746090e+002
126  2.045310e+002
127  2.255470e+002
128  1.975430e+002
129  1.418310e+002
130  7.823000e+001
131  3.865900e+001
132  2.361900e+001
133  2.648100e+001
134  4.422500e+001
135  9.517900e+001
136  1.301560e+002
137  1.732830e+002
138  2.104670e+002
139  2.063730e+002
140  2.033540e+002
141  1.448310e+002
142  9.190600e+001
143  3.903400e+001
144  2.650500e+001
