   1 
1  6.856000e+001
2  1.017800e+002
3  1.017360e+002
4  1.180470e+002
5  8.868700e+001
6  6.690000e+000
7  0.000000e+000
8  0.000000e+000
9  0.000000e+000
10  8.654000e+000
11  1.455100e+001
12  3.588300e+001
13  5.821000e+001
14  8.173800e+001
15  1.295090e+002
16  1.352690e+002
17  1.207400e+002
18  4.739600e+001
19  0.000000e+000
20  0.000000e+000
21  0.000000e+000
22  1.409300e+001
23  1.405100e+001
24  7.782300e+001
25  1.006090e+002
26  1.451570e+002
27  1.363350e+002
28  1.379310e+002
29  1.253530e+002
30  7.981100e+001
31  0.000000e+000
32  0.000000e+000
33  0.000000e+000
34  0.000000e+000
35  6.232000e+000
36  2.590600e+001
37  4.647400e+001
38  5.696300e+001
39  9.086000e+001
40  1.011240e+002
41  8.915000e+001
42  2.666100e+001
43  0.000000e+000
44  0.000000e+000
45  0.000000e+000
46  1.560100e+001
47  1.065180e+002
48  1.350660e+002
49  1.681370e+002
50  1.698490e+002
51  1.675620e+002
52  1.567550e+002
53  1.261160e+002
54  5.224000e+001
55  0.000000e+000
56  0.000000e+000
57  1.540000e-001
58  3.707000e+000
59  7.403300e+001
60  6.966400e+001
61  7.171900e+001
62  6.407000e+001
63  5.680700e+001
64  6.655600e+001
65  3.506100e+001
66  0.000000e+000
67  0.000000e+000
68  0.000000e+000
69  5.864000e+000
70  1.352000e+000
71  4.890000e-001
72  0.000000e+000
73  2.547100e+001
74  3.009900e+001
75  5.617300e+001
76  6.106600e+001
77  3.772100e+001
78  0.000000e+000
79  0.000000e+000
80  0.000000e+000
81  3.163000e+000
82  1.042700e+001
83  2.157800e+001
84  2.740700e+001
85  2.663200e+001
86  5.859100e+001
87  5.080100e+001
88  3.466000e+001
89  4.155500e+001
90  0.000000e+000
91  0.000000e+000
92  0.000000e+000
93  0.000000e+000
94  7.130000e-001
95  3.892900e+001
96  4.267700e+001
97  4.648900e+001
98  1.192830e+002
99  1.350200e+002
100  1.327360e+002
101  1.102800e+002
102  3.520700e+001
103  0.000000e+000
104  0.000000e+000
105  0.000000e+000
106  1.209000e+000
107  1.044600e+001
108  1.415900e+001
109  4.134900e+001
110  3.360000e+001
111  2.639500e+001
112  2.321800e+001
113  0.000000e+000
114  0.000000e+000
115  0.000000e+000
116  0.000000e+000
117  7.000000e-003
118  8.194000e+000
119  2.797000e+001
120  2.546900e+001
121  3.590500e+001
122  3.759300e+001
123  8.172000e+001
124  6.987900e+001
125  3.686500e+001
126  0.000000e+000
127  0.000000e+000
128  0.000000e+000
129  5.043000e+000
130  7.798000e+000
131  3.175800e+001
132  6.301600e+001
133  5.560300e+001
134  4.333700e+001
135  4.388800e+001
136  3.053300e+001
137  1.485000e+000
138  0.000000e+000
139  0.000000e+000
140  0.000000e+000
141  7.670000e-001
142  1.452000e+000
143  2.252100e+001
144  5.052800e+001
   2 
1  6.171700e+001
2  6.682500e+001
3  6.575300e+001
4  7.328300e+001
5  4.626800e+001
6  0.000000e+000
7  0.000000e+000
8  0.000000e+000
9  0.000000e+000
10  8.526000e+000
11  1.403100e+001
12  3.361400e+001
13  5.519900e+001
14  7.742700e+001
15  1.130600e+002
16  1.059870e+002
17  9.179000e+001
18  2.026600e+001
19  0.000000e+000
20  0.000000e+000
21  0.000000e+000
22  1.391000e+001
23  1.389000e+001
24  6.350500e+001
25  6.807300e+001
26  8.488800e+001
27  7.642300e+001
28  7.397700e+001
29  6.359100e+001
30  2.062900e+001
31  0.000000e+000
32  0.000000e+000
33  0.000000e+000
34  0.000000e+000
35  6.300000e+000
36  2.171700e+001
37  3.972200e+001
38  4.815300e+001
39  7.266400e+001
40  8.095000e+001
41  6.753000e+001
42  2.846000e+000
43  0.000000e+000
44  0.000000e+000
45  0.000000e+000
46  1.456400e+001
47  8.950600e+001
48  1.149240e+002
49  1.370440e+002
50  1.336510e+002
51  1.325750e+002
52  1.226800e+002
53  9.626700e+001
54  1.877500e+001
55  0.000000e+000
56  0.000000e+000
57  1.550000e-001
58  3.485000e+000
59  5.242600e+001
60  4.808900e+001
61  4.924500e+001
62  4.159700e+001
63  3.462400e+001
64  4.239700e+001
65  1.273700e+001
66  0.000000e+000
67  0.000000e+000
68  0.000000e+000
69  5.888000e+000
70  1.372000e+000
71  4.880000e-001
72  0.000000e+000
73  2.525500e+001
74  2.993600e+001
75  5.250800e+001
76  5.399500e+001
77  3.014800e+001
78  0.000000e+000
79  0.000000e+000
80  0.000000e+000
81  3.166000e+000
82  1.036700e+001
83  2.137600e+001
84  2.724500e+001
85  2.649300e+001
86  3.428100e+001
87  3.223100e+001
88  1.941700e+001
89  2.598400e+001
90  0.000000e+000
91  0.000000e+000
92  0.000000e+000
93  0.000000e+000
94  7.110000e-001
95  3.703200e+001
96  4.141300e+001
97  4.504200e+001
98  9.297800e+001
99  9.622500e+001
100  9.289900e+001
101  7.373300e+001
102  2.177000e+000
103  0.000000e+000
104  0.000000e+000
105  0.000000e+000
106  1.190000e+000
107  9.675000e+000
108  1.345000e+001
109  3.761400e+001
110  3.156600e+001
111  2.532200e+001
112  2.278900e+001
113  0.000000e+000
114  0.000000e+000
115  0.000000e+000
116  0.000000e+000
117  7.000000e-003
118  8.193000e+000
119  2.627400e+001
120  2.404700e+001
121  3.452600e+001
122  3.467200e+001
123  5.721000e+001
124  4.585400e+001
125  1.345000e+001
126  0.000000e+000
127  0.000000e+000
128  0.000000e+000
129  5.042000e+000
130  7.791000e+000
131  2.945900e+001
132  5.847300e+001
133  5.109900e+001
134  3.887200e+001
135  3.893100e+001
136  2.600500e+001
137  0.000000e+000
138  0.000000e+000
139  0.000000e+000
140  0.000000e+000
141  7.660000e-001
142  1.450000e+000
143  2.117100e+001
144  4.911700e+001
   3 
1  6.855500e+001
2  9.990600e+001
3  9.989300e+001
4  1.162770e+002
5  8.701800e+001
6  5.083000e+000
7  0.000000e+000
8  0.000000e+000
9  0.000000e+000
10  8.652000e+000
11  1.454900e+001
12  3.587900e+001
13  5.820600e+001
14  8.173400e+001
15  1.295030e+002
16  1.352630e+002
17  1.207340e+002
18  4.728400e+001
19  0.000000e+000
20  0.000000e+000
21  0.000000e+000
22  1.410400e+001
23  1.407100e+001
24  7.785900e+001
25  9.990000e+001
26  1.443300e+002
27  1.355410e+002
28  1.371880e+002
29  1.246630e+002
30  7.913300e+001
31  0.000000e+000
32  0.000000e+000
33  0.000000e+000
34  0.000000e+000
35  6.189000e+000
36  2.584000e+001
37  4.642100e+001
38  5.691400e+001
39  9.081700e+001
40  1.010830e+002
41  8.911100e+001
42  2.647900e+001
43  0.000000e+000
44  0.000000e+000
45  0.000000e+000
46  1.560200e+001
47  1.065220e+002
48  1.350540e+002
49  1.681090e+002
50  1.698220e+002
51  1.675630e+002
52  1.567560e+002
53  1.261170e+002
54  5.216100e+001
55  0.000000e+000
56  0.000000e+000
57  1.540000e-001
58  3.704000e+000
59  7.402900e+001
60  6.966000e+001
61  7.171500e+001
62  6.406600e+001
63  5.680300e+001
64  6.655200e+001
65  3.505800e+001
66  0.000000e+000
67  0.000000e+000
68  0.000000e+000
69  5.864000e+000
70  1.352000e+000
71  4.890000e-001
72  0.000000e+000
73  2.547100e+001
74  3.009900e+001
75  5.617300e+001
76  6.106600e+001
77  3.772200e+001
78  0.000000e+000
79  0.000000e+000
80  0.000000e+000
81  3.163000e+000
82  1.042700e+001
83  2.157800e+001
84  2.740800e+001
85  2.663200e+001
86  5.789700e+001
87  5.011400e+001
88  3.398200e+001
89  4.088900e+001
90  0.000000e+000
91  0.000000e+000
92  0.000000e+000
93  0.000000e+000
94  7.130000e-001
95  3.892900e+001
96  4.267600e+001
97  4.648800e+001
98  1.188770e+002
99  1.346130e+002
100  1.323530e+002
101  1.099250e+002
102  3.488300e+001
103  0.000000e+000
104  0.000000e+000
105  0.000000e+000
106  1.209000e+000
107  1.044500e+001
108  1.415800e+001
109  4.134800e+001
110  3.360000e+001
111  2.639500e+001
112  2.321800e+001
113  0.000000e+000
114  0.000000e+000
115  0.000000e+000
116  0.000000e+000
117  7.000000e-003
118  8.194000e+000
119  2.797000e+001
120  2.546900e+001
121  3.590500e+001
122  3.759300e+001
123  8.172000e+001
124  6.987900e+001
125  3.686500e+001
126  0.000000e+000
127  0.000000e+000
128  0.000000e+000
129  5.043000e+000
130  7.798000e+000
131  3.175800e+001
132  6.301600e+001
133  5.560300e+001
134  4.333700e+001
135  4.388800e+001
136  3.053300e+001
137  1.485000e+000
138  0.000000e+000
139  0.000000e+000
140  0.000000e+000
141  7.670000e-001
142  1.452000e+000
143  2.252100e+001
144  5.052800e+001
   4 
1  6.856200e+001
2  1.029840e+002
3  1.029190e+002
4  1.191840e+002
5  8.975600e+001
6  7.718000e+000
7  0.000000e+000
8  0.000000e+000
9  0.000000e+000
10  8.655000e+000
11  1.455300e+001
12  3.588500e+001
13  5.821200e+001
14  8.174100e+001
15  1.295120e+002
16  1.352730e+002
17  1.207430e+002
18  4.750600e+001
19  0.000000e+000
20  0.000000e+000
21  0.000000e+000
22  1.408500e+001
23  1.403700e+001
24  7.779700e+001
25  1.009320e+002
26  1.454760e+002
27  1.366380e+002
28  1.382130e+002
29  1.256120e+002
30  8.009300e+001
31  0.000000e+000
32  0.000000e+000
33  0.000000e+000
34  0.000000e+000
35  6.254000e+000
36  2.593900e+001
37  4.650100e+001
38  5.698700e+001
39  9.088200e+001
40  1.011450e+002
41  8.916900e+001
42  2.675900e+001
43  0.000000e+000
44  0.000000e+000
45  0.000000e+000
46  1.560100e+001
47  1.065170e+002
48  1.350640e+002
49  1.681340e+002
50  1.698460e+002
51  1.675620e+002
52  1.567550e+002
53  1.261160e+002
54  5.227900e+001
55  0.000000e+000
56  0.000000e+000
57  1.540000e-001
58  3.708000e+000
59  7.403500e+001
60  6.966700e+001
61  7.172100e+001
62  6.407200e+001
63  5.680900e+001
64  6.655800e+001
65  3.506300e+001
66  0.000000e+000
67  0.000000e+000
68  0.000000e+000
69  5.864000e+000
70  1.352000e+000
71  4.890000e-001
72  0.000000e+000
73  2.547100e+001
74  3.009900e+001
75  5.617300e+001
76  6.106600e+001
77  3.772100e+001
78  0.000000e+000
79  0.000000e+000
80  0.000000e+000
81  3.163000e+000
82  1.042700e+001
83  2.157800e+001
84  2.740700e+001
85  2.663200e+001
86  5.890200e+001
87  5.111000e+001
88  3.496400e+001
89  4.185400e+001
90  0.000000e+000
91  0.000000e+000
92  0.000000e+000
93  0.000000e+000
94  7.130000e-001
95  3.892900e+001
96  4.267700e+001
97  4.648900e+001
98  1.193850e+002
99  1.351190e+002
100  1.328290e+002
101  1.103670e+002
102  3.528500e+001
103  0.000000e+000
104  0.000000e+000
105  0.000000e+000
106  1.209000e+000
107  1.044600e+001
108  1.415900e+001
109  4.134900e+001
110  3.360000e+001
111  2.639500e+001
112  2.321800e+001
113  0.000000e+000
114  0.000000e+000
115  0.000000e+000
116  0.000000e+000
117  7.000000e-003
118  8.194000e+000
119  2.797000e+001
120  2.546900e+001
121  3.590500e+001
122  3.759300e+001
123  8.172000e+001
124  6.987900e+001
125  3.686500e+001
126  0.000000e+000
127  0.000000e+000
128  0.000000e+000
129  5.043000e+000
130  7.798000e+000
131  3.175800e+001
132  6.301600e+001
133  5.560300e+001
134  4.333700e+001
135  4.388800e+001
136  3.053300e+001
137  1.485000e+000
138  0.000000e+000
139  0.000000e+000
140  0.000000e+000
141  7.670000e-001
142  1.452000e+000
143  2.252100e+001
144  5.052800e+001
   5 
1  6.850300e+001
2  9.345300e+001
3  9.353000e+001
4  1.101380e+002
5  8.120800e+001
6  0.000000e+000
7  0.000000e+000
8  0.000000e+000
9  0.000000e+000
10  8.642000e+000
11  1.453200e+001
12  3.585700e+001
13  5.818400e+001
14  8.170700e+001
15  1.294250e+002
16  1.351840e+002
17  1.206630e+002
18  4.709900e+001
19  0.000000e+000
20  0.000000e+000
21  0.000000e+000
22  1.412200e+001
23  1.410200e+001
24  7.782900e+001
25  9.652900e+001
26  1.376280e+002
27  1.290370e+002
28  1.310400e+002
29  1.189080e+002
30  7.369000e+001
31  0.000000e+000
32  0.000000e+000
33  0.000000e+000
34  0.000000e+000
35  6.075000e+000
36  2.566700e+001
37  4.627700e+001
38  5.636100e+001
39  9.028000e+001
40  1.005630e+002
41  8.861200e+001
42  2.557800e+001
43  0.000000e+000
44  0.000000e+000
45  0.000000e+000
46  1.560100e+001
47  1.064400e+002
48  1.349740e+002
49  1.668930e+002
50  1.684470e+002
51  1.675610e+002
52  1.567580e+002
53  1.261180e+002
54  5.168200e+001
55  0.000000e+000
56  0.000000e+000
57  1.540000e-001
58  3.687000e+000
59  7.400500e+001
60  6.963200e+001
61  7.169000e+001
62  6.404200e+001
63  5.678000e+001
64  6.652900e+001
65  3.503500e+001
66  0.000000e+000
67  0.000000e+000
68  0.000000e+000
69  5.864000e+000
70  1.352000e+000
71  4.890000e-001
72  0.000000e+000
73  2.547100e+001
74  3.009900e+001
75  5.617400e+001
76  6.106700e+001
77  3.772200e+001
78  0.000000e+000
79  0.000000e+000
80  0.000000e+000
81  3.163000e+000
82  1.042700e+001
83  2.157800e+001
84  2.740800e+001
85  2.663300e+001
86  5.313900e+001
87  4.539500e+001
88  2.932500e+001
89  3.630800e+001
90  0.000000e+000
91  0.000000e+000
92  0.000000e+000
93  0.000000e+000
94  7.130000e-001
95  3.892700e+001
96  4.267300e+001
97  4.648500e+001
98  1.159440e+002
99  1.307670e+002
100  1.287280e+002
101  1.065480e+002
102  3.182500e+001
103  0.000000e+000
104  0.000000e+000
105  0.000000e+000
106  1.207000e+000
107  1.044200e+001
108  1.415300e+001
109  4.134400e+001
110  3.359700e+001
111  2.639200e+001
112  2.321600e+001
113  0.000000e+000
114  0.000000e+000
115  0.000000e+000
116  0.000000e+000
117  7.000000e-003
118  8.194000e+000
119  2.797000e+001
120  2.546900e+001
121  3.590500e+001
122  3.758300e+001
123  8.064800e+001
124  6.883100e+001
125  3.585300e+001
126  0.000000e+000
127  0.000000e+000
128  0.000000e+000
129  5.043000e+000
130  7.798000e+000
131  3.175700e+001
132  6.301500e+001
133  5.560200e+001
134  4.333600e+001
135  4.388700e+001
136  3.053200e+001
137  1.491000e+000
138  0.000000e+000
139  0.000000e+000
140  0.000000e+000
141  7.670000e-001
142  1.452000e+000
143  2.252100e+001
144  5.052800e+001
   6 
1  6.856000e+001
2  1.016910e+002
3  1.016480e+002
4  1.179640e+002
5  8.860800e+001
6  6.614000e+000
7  0.000000e+000
8  0.000000e+000
9  0.000000e+000
10  8.654000e+000
11  1.455100e+001
12  3.588300e+001
13  5.820900e+001
14  8.173800e+001
15  1.295080e+002
16  1.352690e+002
17  1.207390e+002
18  4.739000e+001
19  0.000000e+000
20  0.000000e+000
21  0.000000e+000
22  1.409400e+001
23  1.405200e+001
24  7.782500e+001
25  1.005810e+002
26  1.451290e+002
27  1.363080e+002
28  1.379060e+002
29  1.253290e+002
30  7.978800e+001
31  0.000000e+000
32  0.000000e+000
33  0.000000e+000
34  0.000000e+000
35  6.231000e+000
36  2.590300e+001
37  4.647200e+001
38  5.696100e+001
39  9.085900e+001
40  1.011220e+002
41  8.914800e+001
42  2.665300e+001
43  0.000000e+000
44  0.000000e+000
45  0.000000e+000
46  1.560100e+001
47  1.065190e+002
48  1.350660e+002
49  1.681370e+002
50  1.698490e+002
51  1.675620e+002
52  1.567550e+002
53  1.261160e+002
54  5.223700e+001
55  0.000000e+000
56  0.000000e+000
57  1.540000e-001
58  3.707000e+000
59  7.403300e+001
60  6.966400e+001
61  7.171900e+001
62  6.407000e+001
63  5.680700e+001
64  6.655500e+001
65  3.506100e+001
66  0.000000e+000
67  0.000000e+000
68  0.000000e+000
69  5.864000e+000
70  1.352000e+000
71  4.890000e-001
72  0.000000e+000
73  2.547100e+001
74  3.009900e+001
75  5.617300e+001
76  6.106600e+001
77  3.772100e+001
78  0.000000e+000
79  0.000000e+000
80  0.000000e+000
81  3.163000e+000
82  1.042700e+001
83  2.157800e+001
84  2.740700e+001
85  2.663200e+001
86  5.856300e+001
87  5.077400e+001
88  3.463300e+001
89  4.152800e+001
90  0.000000e+000
91  0.000000e+000
92  0.000000e+000
93  0.000000e+000
94  7.130000e-001
95  3.892900e+001
96  4.267700e+001
97  4.648900e+001
98  1.192690e+002
99  1.350070e+002
100  1.327240e+002
101  1.102690e+002
102  3.519700e+001
103  0.000000e+000
104  0.000000e+000
105  0.000000e+000
106  1.209000e+000
107  1.044600e+001
108  1.415900e+001
109  4.134900e+001
110  3.360000e+001
111  2.639500e+001
112  2.321800e+001
113  0.000000e+000
114  0.000000e+000
115  0.000000e+000
116  0.000000e+000
117  7.000000e-003
118  8.194000e+000
119  2.797000e+001
120  2.546900e+001
121  3.590500e+001
122  3.759300e+001
123  8.172000e+001
124  6.987900e+001
125  3.686500e+001
126  0.000000e+000
127  0.000000e+000
128  0.000000e+000
129  5.043000e+000
130  7.798000e+000
131  3.175800e+001
132  6.301600e+001
133  5.560300e+001
134  4.333700e+001
135  4.388800e+001
136  3.053300e+001
137  1.485000e+000
138  0.000000e+000
139  0.000000e+000
140  0.000000e+000
141  7.670000e-001
142  1.452000e+000
143  2.252100e+001
144  5.052800e+001
   7 
1  6.856300e+001
2  1.032970e+002
3  1.032260e+002
4  1.194780e+002
5  9.003300e+001
6  7.984000e+000
7  0.000000e+000
8  0.000000e+000
9  0.000000e+000
10  8.655000e+000
11  1.455300e+001
12  3.588600e+001
13  5.821200e+001
14  8.174100e+001
15  1.295130e+002
16  1.352740e+002
17  1.207440e+002
18  4.753100e+001
19  0.000000e+000
20  0.000000e+000
21  0.000000e+000
22  1.408300e+001
23  1.403400e+001
24  7.779100e+001
25  1.009880e+002
26  1.455310e+002
27  1.366910e+002
28  1.382610e+002
29  1.256560e+002
30  8.013900e+001
31  0.000000e+000
32  0.000000e+000
33  0.000000e+000
34  0.000000e+000
35  6.259000e+000
36  2.594600e+001
37  4.650800e+001
38  5.699300e+001
39  9.088700e+001
40  1.011490e+002
41  8.917400e+001
42  2.678200e+001
43  0.000000e+000
44  0.000000e+000
45  0.000000e+000
46  1.560100e+001
47  1.065170e+002
48  1.350640e+002
49  1.681340e+002
50  1.698450e+002
51  1.675620e+002
52  1.567540e+002
53  1.261160e+002
54  5.228800e+001
55  0.000000e+000
56  0.000000e+000
57  1.540000e-001
58  3.709000e+000
59  7.403500e+001
60  6.966700e+001
61  7.172200e+001
62  6.407300e+001
63  5.681000e+001
64  6.655800e+001
65  3.506400e+001
66  0.000000e+000
67  0.000000e+000
68  0.000000e+000
69  5.864000e+000
70  1.352000e+000
71  4.890000e-001
72  0.000000e+000
73  2.547100e+001
74  3.009900e+001
75  5.617300e+001
76  6.106600e+001
77  3.772100e+001
78  0.000000e+000
79  0.000000e+000
80  0.000000e+000
81  3.163000e+000
82  1.042700e+001
83  2.157800e+001
84  2.740700e+001
85  2.663200e+001
86  5.895400e+001
87  5.116100e+001
88  3.501500e+001
89  4.190400e+001
90  0.000000e+000
91  0.000000e+000
92  0.000000e+000
93  0.000000e+000
94  7.130000e-001
95  3.892900e+001
96  4.267700e+001
97  4.648900e+001
98  1.193850e+002
99  1.351190e+002
100  1.328290e+002
101  1.103670e+002
102  3.528500e+001
103  0.000000e+000
104  0.000000e+000
105  0.000000e+000
106  1.209000e+000
107  1.044600e+001
108  1.415900e+001
109  4.134900e+001
110  3.360000e+001
111  2.639500e+001
112  2.321800e+001
113  0.000000e+000
114  0.000000e+000
115  0.000000e+000
116  0.000000e+000
117  7.000000e-003
118  8.194000e+000
119  2.797000e+001
120  2.546900e+001
121  3.590500e+001
122  3.759300e+001
123  8.172000e+001
124  6.987900e+001
125  3.686500e+001
126  0.000000e+000
127  0.000000e+000
128  0.000000e+000
129  5.043000e+000
130  7.798000e+000
131  3.175800e+001
132  6.301600e+001
133  5.560300e+001
134  4.333700e+001
135  4.388800e+001
136  3.053300e+001
137  1.485000e+000
138  0.000000e+000
139  0.000000e+000
140  0.000000e+000
141  7.670000e-001
142  1.452000e+000
143  2.252100e+001
144  5.052800e+001
   8 
1  6.854900e+001
2  9.706400e+001
3  9.709600e+001
4  1.135840e+002
5  8.447300e+001
6  2.628000e+000
7  0.000000e+000
8  0.000000e+000
9  0.000000e+000
10  8.648000e+000
11  1.454300e+001
12  3.587100e+001
13  5.819800e+001
14  8.172400e+001
15  1.294900e+002
16  1.352490e+002
17  1.207210e+002
18  4.715300e+001
19  0.000000e+000
20  0.000000e+000
21  0.000000e+000
22  1.411700e+001
23  1.409400e+001
24  7.790200e+001
25  9.853800e+001
26  1.419450e+002
27  1.332350e+002
28  1.350160e+002
29  1.226390e+002
30  7.719400e+001
31  0.000000e+000
32  0.000000e+000
33  0.000000e+000
34  0.000000e+000
35  6.117000e+000
36  2.573100e+001
37  4.633100e+001
38  5.678400e+001
39  9.069600e+001
40  1.009670e+002
41  8.900000e+001
42  2.609200e+001
43  0.000000e+000
44  0.000000e+000
45  0.000000e+000
46  1.560100e+001
47  1.065250e+002
48  1.350570e+002
49  1.677760e+002
50  1.695010e+002
51  1.675620e+002
52  1.567570e+002
53  1.261170e+002
54  5.196300e+001
55  0.000000e+000
56  0.000000e+000
57  1.540000e-001
58  3.697000e+000
59  7.401900e+001
60  6.964800e+001
61  7.170500e+001
62  6.405600e+001
63  5.679400e+001
64  6.654200e+001
65  3.504800e+001
66  0.000000e+000
67  0.000000e+000
68  0.000000e+000
69  5.864000e+000
70  1.352000e+000
71  4.890000e-001
72  0.000000e+000
73  2.547100e+001
74  3.009900e+001
75  5.617300e+001
76  6.106600e+001
77  3.772200e+001
78  0.000000e+000
79  0.000000e+000
80  0.000000e+000
81  3.163000e+000
82  1.042700e+001
83  2.157800e+001
84  2.740800e+001
85  2.663200e+001
86  5.626900e+001
87  4.849900e+001
88  3.238900e+001
89  3.932300e+001
90  0.000000e+000
91  0.000000e+000
92  0.000000e+000
93  0.000000e+000
94  7.130000e-001
95  3.892800e+001
96  4.267500e+001
97  4.648700e+001
98  1.178980e+002
99  1.333690e+002
100  1.311830e+002
101  1.088360e+002
102  3.389200e+001
103  0.000000e+000
104  0.000000e+000
105  0.000000e+000
106  1.208000e+000
107  1.044300e+001
108  1.415600e+001
109  4.134700e+001
110  3.359800e+001
111  2.639400e+001
112  2.321700e+001
113  0.000000e+000
114  0.000000e+000
115  0.000000e+000
116  0.000000e+000
117  7.000000e-003
118  8.194000e+000
119  2.797000e+001
120  2.546900e+001
121  3.590500e+001
122  3.759300e+001
123  8.149800e+001
124  6.966100e+001
125  3.665500e+001
126  0.000000e+000
127  0.000000e+000
128  0.000000e+000
129  5.043000e+000
130  7.798000e+000
131  3.175800e+001
132  6.301600e+001
133  5.560300e+001
134  4.333700e+001
135  4.388800e+001
136  3.053300e+001
137  1.486000e+000
138  0.000000e+000
139  0.000000e+000
140  0.000000e+000
141  7.670000e-001
142  1.452000e+000
143  2.252100e+001
144  5.052800e+001
   9 
1  6.856200e+001
2  1.041140e+002
3  1.040280e+002
4  1.202470e+002
5  9.075500e+001
6  8.678000e+000
7  0.000000e+000
8  0.000000e+000
9  0.000000e+000
10  8.656000e+000
11  1.455500e+001
12  3.588900e+001
13  5.821500e+001
14  8.174400e+001
15  1.295170e+002
16  1.352790e+002
17  1.207480e+002
18  4.760600e+001
19  0.000000e+000
20  0.000000e+000
21  0.000000e+000
22  1.407800e+001
23  1.402500e+001
24  7.777400e+001
25  1.010360e+002
26  1.455770e+002
27  1.367320e+002
28  1.382970e+002
29  1.256870e+002
30  8.018200e+001
31  0.000000e+000
32  0.000000e+000
33  0.000000e+000
34  0.000000e+000
35  6.272000e+000
36  2.596600e+001
37  4.652400e+001
38  5.700800e+001
39  9.090100e+001
40  1.011620e+002
41  8.918600e+001
42  2.684100e+001
43  0.000000e+000
44  0.000000e+000
45  0.000000e+000
46  1.560100e+001
47  1.065170e+002
48  1.350630e+002
49  1.681330e+002
50  1.698440e+002
51  1.675620e+002
52  1.567540e+002
53  1.261160e+002
54  5.231000e+001
55  0.000000e+000
56  0.000000e+000
57  1.540000e-001
58  3.709000e+000
59  7.403600e+001
60  6.966800e+001
61  7.172300e+001
62  6.407400e+001
63  5.681100e+001
64  6.655900e+001
65  3.506500e+001
66  0.000000e+000
67  0.000000e+000
68  0.000000e+000
69  5.864000e+000
70  1.352000e+000
71  4.890000e-001
72  0.000000e+000
73  2.547100e+001
74  3.009900e+001
75  5.617300e+001
76  6.106600e+001
77  3.772100e+001
78  0.000000e+000
79  0.000000e+000
80  0.000000e+000
81  3.163000e+000
82  1.042700e+001
83  2.157800e+001
84  2.740700e+001
85  2.663200e+001
86  5.899700e+001
87  5.120400e+001
88  3.505700e+001
89  4.194500e+001
90  0.000000e+000
91  0.000000e+000
92  0.000000e+000
93  0.000000e+000
94  7.130000e-001
95  3.892900e+001
96  4.267700e+001
97  4.648900e+001
98  1.193850e+002
99  1.351190e+002
100  1.328290e+002
101  1.103670e+002
102  3.528500e+001
103  0.000000e+000
104  0.000000e+000
105  0.000000e+000
106  1.209000e+000
107  1.044600e+001
108  1.415900e+001
109  4.134900e+001
110  3.360000e+001
111  2.639500e+001
112  2.321800e+001
113  0.000000e+000
114  0.000000e+000
115  0.000000e+000
116  0.000000e+000
117  7.000000e-003
118  8.194000e+000
119  2.797000e+001
120  2.546900e+001
121  3.590500e+001
122  3.759300e+001
123  8.172000e+001
124  6.987900e+001
125  3.686500e+001
126  0.000000e+000
127  0.000000e+000
128  0.000000e+000
129  5.043000e+000
130  7.798000e+000
131  3.175800e+001
132  6.301600e+001
133  5.560300e+001
134  4.333700e+001
135  4.388800e+001
136  3.053300e+001
137  1.485000e+000
138  0.000000e+000
139  0.000000e+000
140  0.000000e+000
141  7.670000e-001
142  1.452000e+000
143  2.252100e+001
144  5.052800e+001
   10 
1  6.856300e+001
2  1.034000e+002
3  1.033280e+002
4  1.195750e+002
5  9.012400e+001
6  8.072000e+000
7  0.000000e+000
8  0.000000e+000
9  0.000000e+000
10  8.655000e+000
11  1.455300e+001
12  3.588600e+001
13  5.821300e+001
14  8.174100e+001
15  1.295140e+002
16  1.352750e+002
17  1.207440e+002
18  4.753900e+001
19  0.000000e+000
20  0.000000e+000
21  0.000000e+000
22  1.408300e+001
23  1.403300e+001
24  7.778900e+001
25  1.010030e+002
26  1.455460e+002
27  1.367040e+002
28  1.382740e+002
29  1.256680e+002
30  8.015100e+001
31  0.000000e+000
32  0.000000e+000
33  0.000000e+000
34  0.000000e+000
35  6.261000e+000
36  2.594900e+001
37  4.651000e+001
38  5.699500e+001
39  9.088900e+001
40  1.011510e+002
41  8.917600e+001
42  2.678900e+001
43  0.000000e+000
44  0.000000e+000
45  0.000000e+000
46  1.560100e+001
47  1.065170e+002
48  1.350640e+002
49  1.681340e+002
50  1.698450e+002
51  1.675620e+002
52  1.567540e+002
53  1.261160e+002
54  5.229100e+001
55  0.000000e+000
56  0.000000e+000
57  1.540000e-001
58  3.709000e+000
59  7.403500e+001
60  6.966700e+001
61  7.172200e+001
62  6.407300e+001
63  5.681000e+001
64  6.655800e+001
65  3.506400e+001
66  0.000000e+000
67  0.000000e+000
68  0.000000e+000
69  5.864000e+000
70  1.352000e+000
71  4.890000e-001
72  0.000000e+000
73  2.547100e+001
74  3.009900e+001
75  5.617300e+001
76  6.106600e+001
77  3.772100e+001
78  0.000000e+000
79  0.000000e+000
80  0.000000e+000
81  3.163000e+000
82  1.042700e+001
83  2.157800e+001
84  2.740700e+001
85  2.663200e+001
86  5.896800e+001
87  5.117400e+001
88  3.502800e+001
89  4.191700e+001
90  0.000000e+000
91  0.000000e+000
92  0.000000e+000
93  0.000000e+000
94  7.130000e-001
95  3.892900e+001
96  4.267700e+001
97  4.648900e+001
98  1.193850e+002
99  1.351190e+002
100  1.328290e+002
101  1.103670e+002
102  3.528500e+001
103  0.000000e+000
104  0.000000e+000
105  0.000000e+000
106  1.209000e+000
107  1.044600e+001
108  1.415900e+001
109  4.134900e+001
110  3.360000e+001
111  2.639500e+001
112  2.321800e+001
113  0.000000e+000
114  0.000000e+000
115  0.000000e+000
116  0.000000e+000
117  7.000000e-003
118  8.194000e+000
119  2.797000e+001
120  2.546900e+001
121  3.590500e+001
122  3.759300e+001
123  8.172000e+001
124  6.987900e+001
125  3.686500e+001
126  0.000000e+000
127  0.000000e+000
128  0.000000e+000
129  5.043000e+000
130  7.798000e+000
131  3.175800e+001
132  6.301600e+001
133  5.560300e+001
134  4.333700e+001
135  4.388800e+001
136  3.053300e+001
137  1.485000e+000
138  0.000000e+000
139  0.000000e+000
140  0.000000e+000
141  7.670000e-001
142  1.452000e+000
143  2.252100e+001
144  5.052800e+001
   11 
1  6.599900e+001
2  7.421200e+001
3  7.449300e+001
4  8.924500e+001
5  6.118700e+001
6  0.000000e+000
7  0.000000e+000
8  0.000000e+000
9  0.000000e+000
10  8.615000e+000
11  1.448800e+001
12  3.579100e+001
13  5.787700e+001
14  8.146500e+001
15  1.264000e+002
16  1.303860e+002
17  1.161920e+002
18  4.292600e+001
19  0.000000e+000
20  0.000000e+000
21  0.000000e+000
22  1.409800e+001
23  1.406200e+001
24  7.250900e+001
25  7.949800e+001
26  1.016900e+002
27  9.323700e+001
28  9.562800e+001
29  8.498100e+001
30  4.125900e+001
31  0.000000e+000
32  0.000000e+000
33  0.000000e+000
34  0.000000e+000
35  5.917000e+000
36  2.463500e+001
37  4.323600e+001
38  4.815100e+001
39  8.057000e+001
40  9.109600e+001
41  7.943900e+001
42  1.539500e+001
43  0.000000e+000
44  0.000000e+000
45  0.000000e+000
46  1.560500e+001
47  1.008720e+002
48  1.291940e+002
49  1.574330e+002
50  1.558570e+002
51  1.610950e+002
52  1.509650e+002
53  1.209970e+002
54  4.493000e+001
55  0.000000e+000
56  0.000000e+000
57  1.540000e-001
58  3.612000e+000
59  6.713600e+001
60  6.277000e+001
61  6.486300e+001
62  5.725600e+001
63  5.006800e+001
64  5.973100e+001
65  2.836800e+001
66  0.000000e+000
67  0.000000e+000
68  0.000000e+000
69  5.870000e+000
70  1.357000e+000
71  4.890000e-001
72  0.000000e+000
73  2.547100e+001
74  3.009900e+001
75  5.601100e+001
76  6.082100e+001
77  3.747600e+001
78  0.000000e+000
79  0.000000e+000
80  0.000000e+000
81  3.162000e+000
82  1.042800e+001
83  2.158000e+001
84  2.741000e+001
85  2.663400e+001
86  3.750500e+001
87  3.409900e+001
88  2.012700e+001
89  2.860200e+001
90  0.000000e+000
91  0.000000e+000
92  0.000000e+000
93  0.000000e+000
94  7.130000e-001
95  3.881400e+001
96  4.258600e+001
97  4.625100e+001
98  9.743200e+001
99  1.063980e+002
100  1.053610e+002
101  8.449300e+001
102  1.172000e+001
103  0.000000e+000
104  0.000000e+000
105  0.000000e+000
106  1.195000e+000
107  1.041900e+001
108  1.412600e+001
109  4.092500e+001
110  3.337200e+001
111  2.627300e+001
112  2.316900e+001
113  0.000000e+000
114  0.000000e+000
115  0.000000e+000
116  0.000000e+000
117  7.000000e-003
118  8.194000e+000
119  2.789300e+001
120  2.540500e+001
121  3.585700e+001
122  3.489400e+001
123  7.028400e+001
124  5.875700e+001
125  2.612100e+001
126  0.000000e+000
127  0.000000e+000
128  0.000000e+000
129  5.042000e+000
130  7.795000e+000
131  3.154500e+001
132  6.267900e+001
133  5.526900e+001
134  4.300600e+001
135  4.356200e+001
136  3.021200e+001
137  1.225000e+000
138  0.000000e+000
139  0.000000e+000
140  0.000000e+000
141  7.670000e-001
142  1.452000e+000
143  2.251600e+001
144  5.052200e+001
   12 
1  6.855500e+001
2  9.963100e+001
3  9.962200e+001
4  1.160160e+002
5  8.677200e+001
6  4.845000e+000
7  0.000000e+000
8  0.000000e+000
9  0.000000e+000
10  8.652000e+000
11  1.454800e+001
12  3.587900e+001
13  5.820600e+001
14  8.173300e+001
15  1.295020e+002
16  1.352620e+002
17  1.207330e+002
18  4.726400e+001
19  0.000000e+000
20  0.000000e+000
21  0.000000e+000
22  1.410600e+001
23  1.407400e+001
24  7.786600e+001
25  9.978200e+001
26  1.441610e+002
27  1.353780e+002
28  1.370360e+002
29  1.245220e+002
30  7.899400e+001
31  0.000000e+000
32  0.000000e+000
33  0.000000e+000
34  0.000000e+000
35  6.181000e+000
36  2.582800e+001
37  4.641000e+001
38  5.690400e+001
39  9.080900e+001
40  1.010750e+002
41  8.910400e+001
42  2.644600e+001
43  0.000000e+000
44  0.000000e+000
45  0.000000e+000
46  1.560200e+001
47  1.065230e+002
48  1.350540e+002
49  1.680940e+002
50  1.698080e+002
51  1.675630e+002
52  1.567560e+002
53  1.261170e+002
54  5.214600e+001
55  0.000000e+000
56  0.000000e+000
57  1.540000e-001
58  3.704000e+000
59  7.402800e+001
60  6.965900e+001
61  7.171400e+001
62  6.406500e+001
63  5.680300e+001
64  6.655100e+001
65  3.505700e+001
66  0.000000e+000
67  0.000000e+000
68  0.000000e+000
69  5.864000e+000
70  1.352000e+000
71  4.890000e-001
72  0.000000e+000
73  2.547100e+001
74  3.009900e+001
75  5.617300e+001
76  6.106600e+001
77  3.772200e+001
78  0.000000e+000
79  0.000000e+000
80  0.000000e+000
81  3.163000e+000
82  1.042700e+001
83  2.157800e+001
84  2.740800e+001
85  2.663200e+001
86  5.777700e+001
87  4.999400e+001
88  3.386400e+001
89  4.077300e+001
90  0.000000e+000
91  0.000000e+000
92  0.000000e+000
93  0.000000e+000
94  7.130000e-001
95  3.892900e+001
96  4.267600e+001
97  4.648800e+001
98  1.188010e+002
99  1.345260e+002
100  1.322720e+002
101  1.098490e+002
102  3.481300e+001
103  0.000000e+000
104  0.000000e+000
105  0.000000e+000
106  1.209000e+000
107  1.044500e+001
108  1.415800e+001
109  4.134800e+001
110  3.360000e+001
111  2.639500e+001
112  2.321800e+001
113  0.000000e+000
114  0.000000e+000
115  0.000000e+000
116  0.000000e+000
117  7.000000e-003
118  8.194000e+000
119  2.797000e+001
120  2.546900e+001
121  3.590500e+001
122  3.759300e+001
123  8.172000e+001
124  6.987900e+001
125  3.686500e+001
126  0.000000e+000
127  0.000000e+000
128  0.000000e+000
129  5.043000e+000
130  7.798000e+000
131  3.175800e+001
132  6.301600e+001
133  5.560300e+001
134  4.333700e+001
135  4.388800e+001
136  3.053300e+001
137  1.485000e+000
138  0.000000e+000
139  0.000000e+000
140  0.000000e+000
141  7.670000e-001
142  1.452000e+000
143  2.252100e+001
144  5.052800e+001
