   1 
1  2.231600e+001
2  5.793600e+001
3  7.266600e+001
4  9.195500e+001
5  6.892200e+001
6  2.655500e+001
7  0.000000e+000
8  0.000000e+000
9  0.000000e+000
10  9.964000e+000
11  0.000000e+000
12  1.671000e+000
13  1.816100e+001
14  5.872700e+001
15  9.170200e+001
16  7.921600e+001
17  7.516900e+001
18  4.407800e+001
19  0.000000e+000
20  0.000000e+000
21  0.000000e+000
22  9.042000e+000
23  4.260000e-001
24  5.157600e+001
25  5.289300e+001
26  9.253800e+001
27  9.549500e+001
28  8.926500e+001
29  8.653000e+001
30  6.264200e+001
31  0.000000e+000
32  5.081000e+000
33  0.000000e+000
34  0.000000e+000
35  1.312000e+001
36  2.366400e+001
37  3.464300e+001
38  2.435300e+001
39  5.038400e+001
40  5.944100e+001
41  4.475500e+001
42  1.330600e+001
43  3.009000e+000
44  1.900000e-001
45  0.000000e+000
46  7.950000e+000
47  1.015030e+002
48  9.497600e+001
49  1.052420e+002
50  1.054940e+002
51  8.925800e+001
52  9.970800e+001
53  7.389900e+001
54  3.519000e+001
55  0.000000e+000
56  0.000000e+000
57  0.000000e+000
58  7.512000e+000
59  8.045600e+001
60  8.923800e+001
61  7.798100e+001
62  8.473600e+001
63  8.345400e+001
64  8.457700e+001
65  7.784800e+001
66  6.074700e+001
67  0.000000e+000
68  0.000000e+000
69  3.034000e+000
70  2.400000e-002
71  3.000000e-003
72  0.000000e+000
73  2.272000e+001
74  3.128300e+001
75  6.104100e+001
76  6.526400e+001
77  6.860500e+001
78  2.574600e+001
79  0.000000e+000
80  0.000000e+000
81  0.000000e+000
82  1.311100e+001
83  3.400000e-001
84  6.363000e+000
85  2.024600e+001
86  3.128500e+001
87  2.539300e+001
88  2.335400e+001
89  2.020100e+001
90  0.000000e+000
91  0.000000e+000
92  0.000000e+000
93  0.000000e+000
94  6.645000e+000
95  2.895600e+001
96  4.410200e+001
97  5.293200e+001
98  8.391000e+001
99  9.657700e+001
100  8.574400e+001
101  6.874100e+001
102  2.005600e+001
103  0.000000e+000
104  0.000000e+000
105  0.000000e+000
106  0.000000e+000
107  1.190500e+001
108  4.994000e+000
109  2.312300e+001
110  2.506100e+001
111  1.862600e+001
112  1.327100e+001
113  0.000000e+000
114  0.000000e+000
115  0.000000e+000
116  3.300000e-002
117  0.000000e+000
118  9.279000e+000
119  1.001500e+001
120  2.021600e+001
121  3.068100e+001
122  3.962600e+001
123  7.916400e+001
124  7.770500e+001
125  5.313300e+001
126  0.000000e+000
127  0.000000e+000
128  0.000000e+000
129  7.985000e+000
130  1.211000e+001
131  1.887200e+001
132  3.983900e+001
133  3.259200e+001
134  2.841900e+001
135  3.790200e+001
136  2.776700e+001
137  1.603800e+001
138  0.000000e+000
139  0.000000e+000
140  0.000000e+000
141  0.000000e+000
142  1.077500e+001
143  1.955900e+001
144  1.858900e+001
   2 
1  2.326900e+001
2  4.227700e+001
3  3.560900e+001
4  3.656800e+001
5  2.239700e+001
6  0.000000e+000
7  0.000000e+000
8  0.000000e+000
9  0.000000e+000
10  1.170700e+001
11  2.052000e+000
12  1.438000e+000
13  1.637600e+001
14  3.501600e+001
15  5.325600e+001
16  4.185800e+001
17  3.603900e+001
18  1.169900e+001
19  0.000000e+000
20  0.000000e+000
21  0.000000e+000
22  1.029500e+001
23  4.060000e-001
24  2.773200e+001
25  2.685200e+001
26  4.473700e+001
27  4.134100e+001
28  3.585000e+001
29  3.358100e+001
30  1.584300e+001
31  0.000000e+000
32  6.417000e+000
33  0.000000e+000
34  0.000000e+000
35  1.200000e+001
36  2.385500e+001
37  2.742800e+001
38  1.861900e+001
39  2.518800e+001
40  3.271300e+001
41  1.797800e+001
42  0.000000e+000
43  5.568000e+000
44  2.915000e+000
45  0.000000e+000
46  8.324000e+000
47  6.109300e+001
48  5.558200e+001
49  6.106600e+001
50  5.963400e+001
51  5.908500e+001
52  6.121200e+001
53  4.230400e+001
54  7.659000e+000
55  0.000000e+000
56  0.000000e+000
57  0.000000e+000
58  1.024400e+001
59  4.621500e+001
60  4.816700e+001
61  3.943400e+001
62  4.013800e+001
63  3.651100e+001
64  3.640100e+001
65  2.967400e+001
66  1.190000e+001
67  0.000000e+000
68  0.000000e+000
69  3.767000e+000
70  3.200000e-002
71  0.000000e+000
72  0.000000e+000
73  1.789800e+001
74  2.590700e+001
75  3.715900e+001
76  3.123200e+001
77  2.704200e+001
78  0.000000e+000
79  0.000000e+000
80  0.000000e+000
81  0.000000e+000
82  1.394900e+001
83  3.713000e+000
84  9.639000e+000
85  1.958200e+001
86  2.592400e+001
87  2.107700e+001
88  1.360700e+001
89  1.116400e+001
90  0.000000e+000
91  0.000000e+000
92  0.000000e+000
93  0.000000e+000
94  6.896000e+000
95  2.086200e+001
96  2.860100e+001
97  3.124200e+001
98  3.651000e+001
99  4.350300e+001
100  3.673600e+001
101  2.512900e+001
102  0.000000e+000
103  3.000000e-003
104  0.000000e+000
105  0.000000e+000
106  0.000000e+000
107  1.197000e+001
108  6.829000e+000
109  2.004000e+001
110  2.178600e+001
111  1.612800e+001
112  1.162000e+001
113  0.000000e+000
114  0.000000e+000
115  0.000000e+000
116  0.000000e+000
117  0.000000e+000
118  9.295000e+000
119  1.003000e+001
120  1.898700e+001
121  2.365400e+001
122  2.247400e+001
123  2.940200e+001
124  2.211400e+001
125  3.968000e+000
126  0.000000e+000
127  0.000000e+000
128  0.000000e+000
129  8.736000e+000
130  1.603300e+001
131  2.029400e+001
132  3.753300e+001
133  3.015200e+001
134  2.541100e+001
135  3.017100e+001
136  2.083200e+001
137  7.839000e+000
138  0.000000e+000
139  0.000000e+000
140  0.000000e+000
141  0.000000e+000
142  1.028700e+001
143  1.825000e+001
144  1.734800e+001
   3 
1  2.251600e+001
2  5.811300e+001
3  7.263600e+001
4  9.128400e+001
5  6.832100e+001
6  2.605600e+001
7  0.000000e+000
8  0.000000e+000
9  0.000000e+000
10  9.981000e+000
11  0.000000e+000
12  1.675000e+000
13  1.816500e+001
14  5.633900e+001
15  9.142400e+001
16  7.916800e+001
17  7.500900e+001
18  4.400700e+001
19  0.000000e+000
20  0.000000e+000
21  0.000000e+000
22  9.044000e+000
23  4.260000e-001
24  5.157700e+001
25  5.287700e+001
26  8.782600e+001
27  9.013100e+001
28  8.922200e+001
29  8.646500e+001
30  6.261000e+001
31  0.000000e+000
32  5.082000e+000
33  0.000000e+000
34  0.000000e+000
35  1.312000e+001
36  2.366500e+001
37  3.457900e+001
38  2.429200e+001
39  5.026000e+001
40  5.932500e+001
41  4.464600e+001
42  1.320400e+001
43  3.022000e+000
44  2.010000e-001
45  0.000000e+000
46  7.951000e+000
47  1.014830e+002
48  9.485000e+001
49  1.034920e+002
50  1.050700e+002
51  8.925300e+001
52  9.961600e+001
53  7.389200e+001
54  3.518900e+001
55  0.000000e+000
56  0.000000e+000
57  0.000000e+000
58  7.512000e+000
59  7.999700e+001
60  8.715500e+001
61  7.600900e+001
62  8.265900e+001
63  8.157900e+001
64  8.295800e+001
65  7.777200e+001
66  6.059900e+001
67  0.000000e+000
68  0.000000e+000
69  3.031000e+000
70  2.400000e-002
71  3.000000e-003
72  0.000000e+000
73  2.272000e+001
74  3.128100e+001
75  6.102200e+001
76  6.519300e+001
77  6.849500e+001
78  2.564600e+001
79  0.000000e+000
80  0.000000e+000
81  0.000000e+000
82  1.297900e+001
83  7.800000e-002
84  6.282000e+000
85  2.018400e+001
86  3.110200e+001
87  2.523800e+001
88  2.321000e+001
89  2.005900e+001
90  0.000000e+000
91  0.000000e+000
92  0.000000e+000
93  0.000000e+000
94  6.651000e+000
95  2.896800e+001
96  4.411700e+001
97  5.293600e+001
98  8.055600e+001
99  9.655500e+001
100  8.573900e+001
101  6.873800e+001
102  1.999800e+001
103  0.000000e+000
104  0.000000e+000
105  0.000000e+000
106  0.000000e+000
107  1.186500e+001
108  4.907000e+000
109  2.307800e+001
110  2.503900e+001
111  1.860500e+001
112  1.325100e+001
113  0.000000e+000
114  0.000000e+000
115  0.000000e+000
116  4.400000e-002
117  0.000000e+000
118  9.280000e+000
119  1.001800e+001
120  2.021900e+001
121  3.068300e+001
122  3.893000e+001
123  7.715600e+001
124  7.550200e+001
125  5.130100e+001
126  0.000000e+000
127  0.000000e+000
128  0.000000e+000
129  7.985000e+000
130  1.210900e+001
131  1.887100e+001
132  3.983800e+001
133  3.259200e+001
134  2.841900e+001
135  3.790200e+001
136  2.776800e+001
137  1.603800e+001
138  0.000000e+000
139  0.000000e+000
140  0.000000e+000
141  0.000000e+000
142  1.069100e+001
143  1.947600e+001
144  1.853000e+001
   4 
1  2.225500e+001
2  5.788200e+001
3  7.262100e+001
4  9.226500e+001
5  6.916700e+001
6  2.675900e+001
7  0.000000e+000
8  0.000000e+000
9  0.000000e+000
10  9.959000e+000
11  0.000000e+000
12  1.670000e+000
13  1.816000e+001
14  6.025000e+001
15  9.176900e+001
16  7.924800e+001
17  7.522600e+001
18  4.410900e+001
19  0.000000e+000
20  0.000000e+000
21  0.000000e+000
22  9.041000e+000
23  4.260000e-001
24  5.157600e+001
25  5.289300e+001
26  9.585800e+001
27  9.812700e+001
28  8.927500e+001
29  8.655900e+001
30  6.266200e+001
31  0.000000e+000
32  5.081000e+000
33  0.000000e+000
34  0.000000e+000
35  1.312000e+001
36  2.366300e+001
37  3.464300e+001
38  2.435200e+001
39  5.038300e+001
40  5.944000e+001
41  4.475300e+001
42  1.330500e+001
43  3.009000e+000
44  1.900000e-001
45  0.000000e+000
46  7.950000e+000
47  1.015110e+002
48  9.505900e+001
49  1.064360e+002
50  1.057480e+002
51  8.925900e+001
52  9.972500e+001
53  7.389800e+001
54  3.519000e+001
55  0.000000e+000
56  0.000000e+000
57  0.000000e+000
58  7.512000e+000
59  8.060500e+001
60  9.049300e+001
61  7.920600e+001
62  8.595300e+001
63  8.455300e+001
64  8.552000e+001
65  7.788300e+001
66  6.081000e+001
67  0.000000e+000
68  0.000000e+000
69  3.040000e+000
70  2.400000e-002
71  3.000000e-003
72  0.000000e+000
73  2.271900e+001
74  3.128300e+001
75  6.104900e+001
76  6.528200e+001
77  6.862500e+001
78  2.576600e+001
79  0.000000e+000
80  0.000000e+000
81  0.000000e+000
82  1.318900e+001
83  4.960000e-001
84  6.411000e+000
85  2.028400e+001
86  3.130300e+001
87  2.540400e+001
88  2.336000e+001
89  2.020800e+001
90  0.000000e+000
91  0.000000e+000
92  0.000000e+000
93  0.000000e+000
94  6.645000e+000
95  2.895600e+001
96  4.410200e+001
97  5.293100e+001
98  8.610000e+001
99  9.659000e+001
100  8.574500e+001
101  6.874100e+001
102  2.009800e+001
103  0.000000e+000
104  0.000000e+000
105  0.000000e+000
106  0.000000e+000
107  1.192900e+001
108  5.046000e+000
109  2.315100e+001
110  2.507400e+001
111  1.863800e+001
112  1.328300e+001
113  0.000000e+000
114  0.000000e+000
115  0.000000e+000
116  2.700000e-002
117  0.000000e+000
118  9.278000e+000
119  1.001400e+001
120  2.021500e+001
121  3.067900e+001
122  3.997700e+001
123  8.035700e+001
124  7.899200e+001
125  5.419200e+001
126  9.120000e-001
127  0.000000e+000
128  0.000000e+000
129  7.964000e+000
130  1.196400e+001
131  1.874700e+001
132  3.970400e+001
133  3.246200e+001
134  2.829100e+001
135  3.777900e+001
136  2.764800e+001
137  1.592300e+001
138  0.000000e+000
139  0.000000e+000
140  0.000000e+000
141  0.000000e+000
142  1.084000e+001
143  1.962300e+001
144  1.862300e+001
   5 
1  2.313800e+001
2  5.865700e+001
3  7.059100e+001
4  8.637600e+001
5  6.385100e+001
6  2.226700e+001
7  0.000000e+000
8  0.000000e+000
9  0.000000e+000
10  1.016700e+001
11  0.000000e+000
12  1.716000e+000
13  1.820300e+001
14  4.875600e+001
15  7.937300e+001
16  7.335700e+001
17  6.956300e+001
18  3.974200e+001
19  0.000000e+000
20  0.000000e+000
21  0.000000e+000
22  9.203000e+000
23  4.240000e-001
24  5.035600e+001
25  5.100000e+001
26  7.260100e+001
27  7.271500e+001
28  7.940500e+001
29  8.587500e+001
30  6.224400e+001
31  0.000000e+000
32  5.091000e+000
33  0.000000e+000
34  0.000000e+000
35  1.312200e+001
36  2.367600e+001
37  3.338100e+001
38  2.314300e+001
39  4.802800e+001
40  5.721600e+001
41  4.266300e+001
42  1.134500e+001
43  3.181000e+000
44  3.500000e-001
45  0.000000e+000
46  7.971000e+000
47  1.013230e+002
48  9.373600e+001
49  9.823500e+001
50  1.026900e+002
51  8.922600e+001
52  9.866700e+001
53  7.368900e+001
54  3.510000e+001
55  0.000000e+000
56  0.000000e+000
57  0.000000e+000
58  7.522000e+000
59  7.728500e+001
60  7.951200e+001
61  7.077900e+001
62  7.656900e+001
63  7.611600e+001
64  7.815700e+001
65  7.738800e+001
66  5.838300e+001
67  0.000000e+000
68  0.000000e+000
69  3.046000e+000
70  2.400000e-002
71  2.000000e-003
72  0.000000e+000
73  2.272000e+001
74  3.114600e+001
75  6.087800e+001
76  6.396400e+001
77  6.652100e+001
78  2.389200e+001
79  0.000000e+000
80  0.000000e+000
81  0.000000e+000
82  1.287400e+001
83  0.000000e+000
84  6.218000e+000
85  1.988300e+001
86  2.921900e+001
87  2.464000e+001
88  2.278900e+001
89  1.965000e+001
90  0.000000e+000
91  0.000000e+000
92  0.000000e+000
93  0.000000e+000
94  6.673000e+000
95  2.900900e+001
96  4.416900e+001
97  5.149500e+001
98  6.836300e+001
99  9.622800e+001
100  8.568700e+001
101  6.870200e+001
102  1.996100e+001
103  0.000000e+000
104  0.000000e+000
105  0.000000e+000
106  0.000000e+000
107  1.181000e+001
108  4.788000e+000
109  2.301100e+001
110  2.499000e+001
111  1.854700e+001
112  1.319000e+001
113  0.000000e+000
114  0.000000e+000
115  0.000000e+000
116  5.400000e-002
117  0.000000e+000
118  9.281000e+000
119  1.002100e+001
120  2.022200e+001
121  3.066100e+001
122  3.484100e+001
123  6.820800e+001
124  6.579000e+001
125  4.296300e+001
126  0.000000e+000
127  0.000000e+000
128  0.000000e+000
129  8.089000e+000
130  1.282800e+001
131  1.947300e+001
132  4.048400e+001
133  3.322100e+001
134  2.899500e+001
135  3.848100e+001
136  2.832300e+001
137  1.657300e+001
138  0.000000e+000
139  0.000000e+000
140  0.000000e+000
141  0.000000e+000
142  1.036600e+001
143  1.912000e+001
144  1.826600e+001
   6 
1  2.232100e+001
2  5.794100e+001
3  7.266800e+001
4  9.192900e+001
5  6.890000e+001
6  2.653700e+001
7  0.000000e+000
8  0.000000e+000
9  0.000000e+000
10  9.964000e+000
11  0.000000e+000
12  1.671000e+000
13  1.816100e+001
14  5.861500e+001
15  9.169100e+001
16  7.921300e+001
17  7.516300e+001
18  4.407500e+001
19  0.000000e+000
20  0.000000e+000
21  0.000000e+000
22  9.042000e+000
23  4.260000e-001
24  5.157600e+001
25  5.289300e+001
26  9.230500e+001
27  9.523100e+001
28  8.926400e+001
29  8.652700e+001
30  6.264100e+001
31  0.000000e+000
32  5.081000e+000
33  0.000000e+000
34  0.000000e+000
35  1.312000e+001
36  2.366400e+001
37  3.464300e+001
38  2.435300e+001
39  5.038400e+001
40  5.944100e+001
41  4.475500e+001
42  1.330600e+001
43  3.009000e+000
44  1.900000e-001
45  0.000000e+000
46  7.950000e+000
47  1.015030e+002
48  9.497000e+001
49  1.051570e+002
50  1.054750e+002
51  8.925800e+001
52  9.970600e+001
53  7.389900e+001
54  3.519000e+001
55  0.000000e+000
56  0.000000e+000
57  0.000000e+000
58  7.512000e+000
59  8.044000e+001
60  8.914200e+001
61  7.788800e+001
62  8.464100e+001
63  8.336800e+001
64  8.450300e+001
65  7.784500e+001
66  6.074000e+001
67  0.000000e+000
68  0.000000e+000
69  3.034000e+000
70  2.400000e-002
71  3.000000e-003
72  0.000000e+000
73  2.272000e+001
74  3.128300e+001
75  6.104000e+001
76  6.526200e+001
77  6.860400e+001
78  2.574400e+001
79  0.000000e+000
80  0.000000e+000
81  0.000000e+000
82  1.310500e+001
83  3.290000e-001
84  6.359000e+000
85  2.024400e+001
86  3.128100e+001
87  2.539000e+001
88  2.335200e+001
89  2.019900e+001
90  0.000000e+000
91  0.000000e+000
92  0.000000e+000
93  0.000000e+000
94  6.646000e+000
95  2.895700e+001
96  4.410300e+001
97  5.293200e+001
98  8.375100e+001
99  9.657600e+001
100  8.574400e+001
101  6.874100e+001
102  2.005400e+001
103  0.000000e+000
104  0.000000e+000
105  0.000000e+000
106  0.000000e+000
107  1.190300e+001
108  4.991000e+000
109  2.312100e+001
110  2.506000e+001
111  1.862500e+001
112  1.327000e+001
113  0.000000e+000
114  0.000000e+000
115  0.000000e+000
116  3.400000e-002
117  0.000000e+000
118  9.279000e+000
119  1.001600e+001
120  2.021600e+001
121  3.068100e+001
122  3.959600e+001
123  7.907000e+001
124  7.760400e+001
125  5.304900e+001
126  0.000000e+000
127  0.000000e+000
128  0.000000e+000
129  7.985000e+000
130  1.210800e+001
131  1.887000e+001
132  3.983600e+001
133  3.259000e+001
134  2.841700e+001
135  3.790000e+001
136  2.776500e+001
137  1.603600e+001
138  0.000000e+000
139  0.000000e+000
140  0.000000e+000
141  0.000000e+000
142  1.077200e+001
143  1.955600e+001
144  1.858700e+001
   7 
1  2.219100e+001
2  5.782500e+001
3  7.256700e+001
4  9.229800e+001
5  6.918400e+001
6  2.677300e+001
7  0.000000e+000
8  0.000000e+000
9  0.000000e+000
10  9.958000e+000
11  0.000000e+000
12  1.670000e+000
13  1.816000e+001
14  6.064400e+001
15  9.178100e+001
16  7.925600e+001
17  7.523300e+001
18  4.411500e+001
19  0.000000e+000
20  0.000000e+000
21  0.000000e+000
22  9.040000e+000
23  4.260000e-001
24  5.157600e+001
25  5.289300e+001
26  9.678400e+001
27  9.819100e+001
28  8.927600e+001
29  8.656500e+001
30  6.266600e+001
31  0.000000e+000
32  5.080000e+000
33  0.000000e+000
34  0.000000e+000
35  1.312000e+001
36  2.366300e+001
37  3.464300e+001
38  2.435200e+001
39  5.038200e+001
40  5.943900e+001
41  4.475300e+001
42  1.330400e+001
43  3.009000e+000
44  1.900000e-001
45  0.000000e+000
46  7.950000e+000
47  1.015130e+002
48  9.507900e+001
49  1.067600e+002
50  1.058100e+002
51  8.926000e+001
52  9.972500e+001
53  7.389800e+001
54  3.519000e+001
55  0.000000e+000
56  0.000000e+000
57  0.000000e+000
58  7.512000e+000
59  8.061500e+001
60  9.079900e+001
61  7.950700e+001
62  8.624200e+001
63  8.481400e+001
64  8.574300e+001
65  7.789000e+001
66  6.081900e+001
67  0.000000e+000
68  0.000000e+000
69  3.042000e+000
70  2.400000e-002
71  2.000000e-003
72  0.000000e+000
73  2.271900e+001
74  3.128200e+001
75  6.104900e+001
76  6.528300e+001
77  6.862600e+001
78  2.576800e+001
79  0.000000e+000
80  0.000000e+000
81  0.000000e+000
82  1.320900e+001
83  5.340000e-001
84  6.423000e+000
85  2.029300e+001
86  3.130500e+001
87  2.540500e+001
88  2.335900e+001
89  2.020800e+001
90  0.000000e+000
91  0.000000e+000
92  0.000000e+000
93  0.000000e+000
94  6.645000e+000
95  2.895600e+001
96  4.410200e+001
97  5.293100e+001
98  8.668400e+001
99  9.659400e+001
100  8.574500e+001
101  6.874100e+001
102  2.010400e+001
103  0.000000e+000
104  0.000000e+000
105  0.000000e+000
106  0.000000e+000
107  1.193400e+001
108  5.058000e+000
109  2.315700e+001
110  2.507700e+001
111  1.864100e+001
112  1.328600e+001
113  0.000000e+000
114  0.000000e+000
115  0.000000e+000
116  2.600000e-002
117  0.000000e+000
118  9.278000e+000
119  1.001300e+001
120  2.021400e+001
121  3.067900e+001
122  4.004400e+001
123  8.063700e+001
124  7.929300e+001
125  5.443800e+001
126  1.143000e+000
127  0.000000e+000
128  0.000000e+000
129  7.962000e+000
130  1.195000e+001
131  1.873500e+001
132  3.969100e+001
133  3.245000e+001
134  2.827900e+001
135  3.776700e+001
136  2.763700e+001
137  1.591300e+001
138  0.000000e+000
139  0.000000e+000
140  0.000000e+000
141  0.000000e+000
142  1.085600e+001
143  1.963900e+001
144  1.862800e+001
   8 
1  2.278200e+001
2  5.834100e+001
3  7.199500e+001
4  8.948400e+001
5  6.668900e+001
6  2.468500e+001
7  0.000000e+000
8  0.000000e+000
9  0.000000e+000
10  1.003800e+001
11  0.000000e+000
12  1.687000e+000
13  1.817700e+001
14  5.278700e+001
15  8.611900e+001
16  7.886100e+001
17  7.445900e+001
18  4.369800e+001
19  0.000000e+000
20  0.000000e+000
21  0.000000e+000
22  9.053000e+000
23  4.260000e-001
24  5.130200e+001
25  5.239200e+001
26  8.090500e+001
27  8.221100e+001
28  8.834200e+001
29  8.629500e+001
30  6.252000e+001
31  0.000000e+000
32  5.084000e+000
33  0.000000e+000
34  0.000000e+000
35  1.312000e+001
36  2.366700e+001
37  3.417400e+001
38  2.390400e+001
39  4.955500e+001
40  5.866100e+001
41  4.402400e+001
42  1.262100e+001
43  3.089000e+000
44  2.640000e-001
45  0.000000e+000
46  7.960000e+000
47  1.014360e+002
48  9.463200e+001
49  1.009890e+002
50  1.043530e+002
51  8.924400e+001
52  9.930000e+001
53  7.383200e+001
54  3.517500e+001
55  0.000000e+000
56  0.000000e+000
57  0.000000e+000
58  7.514000e+000
59  7.895000e+001
60  8.378700e+001
61  7.363200e+001
62  7.995700e+001
63  7.915300e+001
64  8.083900e+001
65  7.766400e+001
66  5.996900e+001
67  0.000000e+000
68  0.000000e+000
69  3.035000e+000
70  2.400000e-002
71  3.000000e-003
72  0.000000e+000
73  2.272000e+001
74  3.128000e+001
75  6.100700e+001
76  6.482500e+001
77  6.788000e+001
78  2.510000e+001
79  0.000000e+000
80  0.000000e+000
81  0.000000e+000
82  1.287400e+001
83  0.000000e+000
84  6.218000e+000
85  2.012500e+001
86  3.045500e+001
87  2.496700e+001
88  2.301900e+001
89  1.987000e+001
90  0.000000e+000
91  0.000000e+000
92  0.000000e+000
93  0.000000e+000
94  6.661000e+000
95  2.898400e+001
96  4.413800e+001
97  5.258900e+001
98  7.522000e+001
99  9.648200e+001
100  8.572600e+001
101  6.872900e+001
102  1.998300e+001
103  0.000000e+000
104  0.000000e+000
105  0.000000e+000
106  0.000000e+000
107  1.182400e+001
108  4.819000e+000
109  2.302800e+001
110  2.500600e+001
111  1.856600e+001
112  1.321000e+001
113  0.000000e+000
114  0.000000e+000
115  0.000000e+000
116  5.200000e-002
117  0.000000e+000
118  9.280000e+000
119  1.002100e+001
120  2.022100e+001
121  3.068400e+001
122  3.723900e+001
123  7.332500e+001
124  7.137400e+001
125  4.780600e+001
126  0.000000e+000
127  0.000000e+000
128  0.000000e+000
129  8.022000e+000
130  1.236300e+001
131  1.908600e+001
132  4.006900e+001
133  3.281700e+001
134  2.864000e+001
135  3.811700e+001
136  2.797600e+001
137  1.623800e+001
138  0.000000e+000
139  0.000000e+000
140  0.000000e+000
141  0.000000e+000
142  1.050700e+001
143  1.929300e+001
144  1.840000e+001
   9 
1  2.211400e+001
2  5.775700e+001
3  7.250300e+001
4  9.241000e+001
5  6.924900e+001
6  2.682800e+001
7  0.000000e+000
8  0.000000e+000
9  0.000000e+000
10  9.957000e+000
11  0.000000e+000
12  1.670000e+000
13  1.816000e+001
14  6.174000e+001
15  9.181600e+001
16  7.927800e+001
17  7.525100e+001
18  4.412900e+001
19  0.000000e+000
20  0.000000e+000
21  0.000000e+000
22  9.040000e+000
23  4.260000e-001
24  5.157600e+001
25  5.289300e+001
26  9.946800e+001
27  9.827500e+001
28  8.927700e+001
29  8.657800e+001
30  6.267400e+001
31  0.000000e+000
32  5.080000e+000
33  0.000000e+000
34  0.000000e+000
35  1.311900e+001
36  2.366300e+001
37  3.464200e+001
38  2.435200e+001
39  5.038100e+001
40  5.943800e+001
41  4.475200e+001
42  1.330300e+001
43  3.009000e+000
44  1.900000e-001
45  0.000000e+000
46  7.950000e+000
47  1.015140e+002
48  9.513100e+001
49  1.076590e+002
50  1.059640e+002
51  8.926100e+001
52  9.972500e+001
53  7.389800e+001
54  3.519000e+001
55  0.000000e+000
56  0.000000e+000
57  0.000000e+000
58  7.512000e+000
59  8.061500e+001
60  9.160200e+001
61  8.029300e+001
62  8.699800e+001
63  8.549400e+001
64  8.632300e+001
65  7.791000e+001
66  6.084100e+001
67  0.000000e+000
68  0.000000e+000
69  3.046000e+000
70  2.400000e-002
71  2.000000e-003
72  0.000000e+000
73  2.271900e+001
74  3.128100e+001
75  6.105300e+001
76  6.529300e+001
77  6.863700e+001
78  2.577900e+001
79  0.000000e+000
80  0.000000e+000
81  0.000000e+000
82  1.326700e+001
83  6.490000e-001
84  6.459000e+000
85  2.032100e+001
86  3.131300e+001
87  2.540800e+001
88  2.335900e+001
89  2.020900e+001
90  0.000000e+000
91  0.000000e+000
92  0.000000e+000
93  0.000000e+000
94  6.645000e+000
95  2.895600e+001
96  4.410100e+001
97  5.293100e+001
98  8.829200e+001
99  9.660400e+001
100  8.574500e+001
101  6.874200e+001
102  2.017500e+001
103  0.000000e+000
104  0.000000e+000
105  0.000000e+000
106  0.000000e+000
107  1.195500e+001
108  5.103000e+000
109  2.318100e+001
110  2.508900e+001
111  1.865200e+001
112  1.329700e+001
113  0.000000e+000
114  0.000000e+000
115  0.000000e+000
116  2.000000e-002
117  0.000000e+000
118  9.278000e+000
119  1.001200e+001
120  2.021300e+001
121  3.067800e+001
122  4.013000e+001
123  8.126900e+001
124  7.996500e+001
125  5.498600e+001
126  1.661000e+000
127  0.000000e+000
128  0.000000e+000
129  7.960000e+000
130  1.193200e+001
131  1.872000e+001
132  3.967500e+001
133  3.243400e+001
134  2.826500e+001
135  3.775300e+001
136  2.762400e+001
137  1.590000e+001
138  0.000000e+000
139  0.000000e+000
140  0.000000e+000
141  0.000000e+000
142  1.090000e+001
143  1.968200e+001
144  1.864300e+001
   10 
1  2.217700e+001
2  5.781200e+001
3  7.255500e+001
4  9.231200e+001
5  6.919200e+001
6  2.678000e+001
7  0.000000e+000
8  0.000000e+000
9  0.000000e+000
10  9.958000e+000
11  0.000000e+000
12  1.670000e+000
13  1.816000e+001
14  6.077600e+001
15  9.178500e+001
16  7.925900e+001
17  7.523500e+001
18  4.411700e+001
19  0.000000e+000
20  0.000000e+000
21  0.000000e+000
22  9.040000e+000
23  4.260000e-001
24  5.157600e+001
25  5.289300e+001
26  9.710000e+001
27  9.820900e+001
28  8.927600e+001
29  8.656700e+001
30  6.266700e+001
31  0.000000e+000
32  5.080000e+000
33  0.000000e+000
34  0.000000e+000
35  1.312000e+001
36  2.366300e+001
37  3.464300e+001
38  2.435200e+001
39  5.038200e+001
40  5.943900e+001
41  4.475300e+001
42  1.330400e+001
43  3.009000e+000
44  1.900000e-001
45  0.000000e+000
46  7.950000e+000
47  1.015130e+002
48  9.508600e+001
49  1.068690e+002
50  1.058310e+002
51  8.926000e+001
52  9.972500e+001
53  7.389800e+001
54  3.519000e+001
55  0.000000e+000
56  0.000000e+000
57  0.000000e+000
58  7.512000e+000
59  8.061500e+001
60  9.089900e+001
61  7.960400e+001
62  8.633600e+001
63  8.489800e+001
64  8.581500e+001
65  7.789200e+001
66  6.082200e+001
67  0.000000e+000
68  0.000000e+000
69  3.042000e+000
70  2.400000e-002
71  2.000000e-003
72  0.000000e+000
73  2.271900e+001
74  3.128200e+001
75  6.105000e+001
76  6.528500e+001
77  6.862700e+001
78  2.576900e+001
79  0.000000e+000
80  0.000000e+000
81  0.000000e+000
82  1.321600e+001
83  5.480000e-001
84  6.427000e+000
85  2.029600e+001
86  3.130600e+001
87  2.540500e+001
88  2.335900e+001
89  2.020800e+001
90  0.000000e+000
91  0.000000e+000
92  0.000000e+000
93  0.000000e+000
94  6.645000e+000
95  2.895600e+001
96  4.410200e+001
97  5.293100e+001
98  8.688100e+001
99  9.659500e+001
100  8.574500e+001
101  6.874200e+001
102  2.010600e+001
103  0.000000e+000
104  0.000000e+000
105  0.000000e+000
106  0.000000e+000
107  1.193600e+001
108  5.063000e+000
109  2.315900e+001
110  2.507800e+001
111  1.864200e+001
112  1.328700e+001
113  0.000000e+000
114  0.000000e+000
115  0.000000e+000
116  2.500000e-002
117  0.000000e+000
118  9.278000e+000
119  1.001300e+001
120  2.021400e+001
121  3.067900e+001
122  4.006300e+001
123  8.072600e+001
124  7.938800e+001
125  5.451600e+001
126  1.216000e+000
127  0.000000e+000
128  0.000000e+000
129  7.962000e+000
130  1.194600e+001
131  1.873200e+001
132  3.968800e+001
133  3.244700e+001
134  2.827600e+001
135  3.776500e+001
136  2.763500e+001
137  1.591000e+001
138  0.000000e+000
139  0.000000e+000
140  0.000000e+000
141  0.000000e+000
142  1.086200e+001
143  1.964400e+001
144  1.863000e+001
   11 
1  2.436100e+001
2  5.468400e+001
3  5.537600e+001
4  6.285100e+001
5  4.497800e+001
6  5.561000e+000
7  0.000000e+000
8  0.000000e+000
9  0.000000e+000
10  1.067100e+001
11  0.000000e+000
12  1.449000e+000
13  1.747800e+001
14  3.654300e+001
15  7.057900e+001
16  5.976100e+001
17  5.479800e+001
18  2.823900e+001
19  0.000000e+000
20  0.000000e+000
21  0.000000e+000
22  9.733000e+000
23  4.170000e-001
24  3.985500e+001
25  3.895900e+001
26  4.671400e+001
27  4.507000e+001
28  4.804000e+001
29  5.184300e+001
30  3.272500e+001
31  0.000000e+000
32  6.322000e+000
33  0.000000e+000
34  0.000000e+000
35  1.337400e+001
36  2.508500e+001
37  3.077500e+001
38  2.116200e+001
39  3.609100e+001
40  4.558000e+001
41  3.135100e+001
42  6.150000e-001
43  4.260000e+000
44  1.383000e+000
45  0.000000e+000
46  8.108000e+000
47  8.918500e+001
48  8.268000e+001
49  9.151000e+001
50  9.169900e+001
51  8.876800e+001
52  9.124000e+001
53  6.656300e+001
54  2.920400e+001
55  0.000000e+000
56  0.000000e+000
57  0.000000e+000
58  8.380000e+000
59  6.312900e+001
60  6.174000e+001
61  5.504600e+001
62  5.839100e+001
63  5.694800e+001
64  5.868300e+001
65  5.494800e+001
66  3.605200e+001
67  0.000000e+000
68  0.000000e+000
69  3.319000e+000
70  2.700000e-002
71  0.000000e+000
72  0.000000e+000
73  2.189600e+001
74  2.897700e+001
75  5.266300e+001
76  5.089600e+001
77  4.855500e+001
78  7.791000e+000
79  0.000000e+000
80  0.000000e+000
81  0.000000e+000
82  1.366500e+001
83  1.427000e+000
84  6.702000e+000
85  1.756900e+001
86  2.584100e+001
87  2.332000e+001
88  1.885300e+001
89  1.587000e+001
90  0.000000e+000
91  0.000000e+000
92  0.000000e+000
93  0.000000e+000
94  6.819000e+000
95  2.749400e+001
96  4.035200e+001
97  4.296800e+001
98  4.761900e+001
99  6.523300e+001
100  6.036600e+001
101  4.695700e+001
102  3.020000e-001
103  0.000000e+000
104  0.000000e+000
105  0.000000e+000
106  0.000000e+000
107  1.239300e+001
108  6.059000e+000
109  2.318400e+001
110  2.491400e+001
111  1.847200e+001
112  1.306200e+001
113  0.000000e+000
114  0.000000e+000
115  0.000000e+000
116  7.300000e-002
117  0.000000e+000
118  9.282000e+000
119  1.002700e+001
120  2.020600e+001
121  2.799800e+001
122  2.762100e+001
123  4.626000e+001
124  4.027800e+001
125  1.989600e+001
126  0.000000e+000
127  0.000000e+000
128  0.000000e+000
129  8.486000e+000
130  1.543800e+001
131  2.116700e+001
132  4.206700e+001
133  3.470700e+001
134  2.997200e+001
135  3.872600e+001
136  2.848700e+001
137  1.548000e+001
138  0.000000e+000
139  0.000000e+000
140  0.000000e+000
141  0.000000e+000
142  1.041700e+001
143  1.920300e+001
144  1.833300e+001
   12 
1  2.253100e+001
2  5.812500e+001
3  7.259300e+001
4  9.114200e+001
5  6.819300e+001
6  2.594900e+001
7  0.000000e+000
8  0.000000e+000
9  0.000000e+000
10  9.986000e+000
11  0.000000e+000
12  1.676000e+000
13  1.816600e+001
14  5.599200e+001
15  9.127100e+001
16  7.915900e+001
17  7.497900e+001
18  4.399300e+001
19  0.000000e+000
20  0.000000e+000
21  0.000000e+000
22  9.044000e+000
23  4.260000e-001
24  5.157600e+001
25  5.286500e+001
26  8.715900e+001
27  8.936800e+001
28  8.921500e+001
29  8.645400e+001
30  6.260500e+001
31  0.000000e+000
32  5.082000e+000
33  0.000000e+000
34  0.000000e+000
35  1.312000e+001
36  2.366500e+001
37  3.455400e+001
38  2.426800e+001
39  5.021500e+001
40  5.928200e+001
41  4.460600e+001
42  1.316700e+001
43  3.027000e+000
44  2.060000e-001
45  0.000000e+000
46  7.952000e+000
47  1.014800e+002
48  9.483200e+001
49  1.032410e+002
50  1.050050e+002
51  8.925300e+001
52  9.959500e+001
53  7.388900e+001
54  3.518800e+001
55  0.000000e+000
56  0.000000e+000
57  0.000000e+000
58  7.512000e+000
59  7.991200e+001
60  8.683900e+001
61  7.575100e+001
62  8.237600e+001
63  8.132400e+001
64  8.273600e+001
65  7.776100e+001
66  6.056700e+001
67  0.000000e+000
68  0.000000e+000
69  3.031000e+000
70  2.400000e-002
71  3.000000e-003
72  0.000000e+000
73  2.272000e+001
74  3.128100e+001
75  6.102300e+001
76  6.517600e+001
77  6.846300e+001
78  2.561800e+001
79  0.000000e+000
80  0.000000e+000
81  0.000000e+000
82  1.295700e+001
83  3.600000e-002
84  6.269000e+000
85  2.017300e+001
86  3.105500e+001
87  2.520200e+001
88  2.317700e+001
89  2.002600e+001
90  0.000000e+000
91  0.000000e+000
92  0.000000e+000
93  0.000000e+000
94  6.653000e+000
95  2.897000e+001
96  4.412000e+001
97  5.293100e+001
98  8.006100e+001
99  9.655000e+001
100  8.573800e+001
101  6.873700e+001
102  1.999600e+001
103  0.000000e+000
104  0.000000e+000
105  0.000000e+000
106  0.000000e+000
107  1.186100e+001
108  4.898000e+000
109  2.307300e+001
110  2.503700e+001
111  1.860200e+001
112  1.324800e+001
113  0.000000e+000
114  0.000000e+000
115  0.000000e+000
116  4.500000e-002
117  0.000000e+000
118  9.280000e+000
119  1.001900e+001
120  2.021900e+001
121  3.068300e+001
122  3.878700e+001
123  7.681000e+001
124  7.513000e+001
125  5.099000e+001
126  0.000000e+000
127  0.000000e+000
128  0.000000e+000
129  7.988000e+000
130  1.212600e+001
131  1.888500e+001
132  3.985300e+001
133  3.260700e+001
134  2.843300e+001
135  3.791700e+001
136  2.778100e+001
137  1.605100e+001
138  0.000000e+000
139  0.000000e+000
140  0.000000e+000
141  0.000000e+000
142  1.067600e+001
143  1.946100e+001
144  1.852000e+001
