   1 
1  2.620200e+001
2  6.270200e+001
3  7.481900e+001
4  9.067500e+001
5  6.487300e+001
6  1.974600e+001
7  0.000000e+000
8  0.000000e+000
9  0.000000e+000
10  9.844000e+000
11  0.000000e+000
12  1.670000e+000
13  1.803000e+001
14  6.527400e+001
15  1.056680e+002
16  1.000030e+002
17  9.544800e+001
18  6.191900e+001
19  0.000000e+000
20  0.000000e+000
21  0.000000e+000
22  8.988000e+000
23  6.570000e-001
24  5.162200e+001
25  5.305100e+001
26  1.091380e+002
27  1.153210e+002
28  1.179160e+002
29  1.256440e+002
30  9.663900e+001
31  7.924000e+000
32  4.039000e+000
33  0.000000e+000
34  0.000000e+000
35  1.303600e+001
36  2.331500e+001
37  3.782200e+001
38  3.232500e+001
39  5.879900e+001
40  6.183600e+001
41  4.455700e+001
42  8.104000e+000
43  2.995000e+000
44  1.190000e-001
45  0.000000e+000
46  8.002000e+000
47  1.201700e+002
48  1.249580e+002
49  1.625570e+002
50  1.773920e+002
51  1.654740e+002
52  1.704070e+002
53  1.401140e+002
54  9.477400e+001
55  0.000000e+000
56  0.000000e+000
57  0.000000e+000
58  3.075000e+000
59  7.624700e+001
60  8.680700e+001
61  7.692100e+001
62  8.454400e+001
63  8.056800e+001
64  7.876800e+001
65  8.118800e+001
66  6.256700e+001
67  0.000000e+000
68  0.000000e+000
69  2.690000e+000
70  4.600000e-002
71  3.040000e-001
72  0.000000e+000
73  2.288400e+001
74  3.804100e+001
75  6.749600e+001
76  6.592600e+001
77  6.191200e+001
78  1.548500e+001
79  0.000000e+000
80  0.000000e+000
81  0.000000e+000
82  1.371300e+001
83  1.165000e+000
84  6.052000e+000
85  2.002500e+001
86  3.751100e+001
87  3.772400e+001
88  3.084800e+001
89  2.404800e+001
90  0.000000e+000
91  0.000000e+000
92  0.000000e+000
93  0.000000e+000
94  7.099000e+000
95  3.298800e+001
96  4.876000e+001
97  5.735500e+001
98  9.535100e+001
99  1.379190e+002
100  1.271930e+002
101  1.070470e+002
102  5.498000e+001
103  3.830000e-001
104  0.000000e+000
105  0.000000e+000
106  0.000000e+000
107  1.124600e+001
108  3.357000e+000
109  2.547200e+001
110  3.356300e+001
111  2.975900e+001
112  2.418700e+001
113  8.093000e+000
114  0.000000e+000
115  0.000000e+000
116  0.000000e+000
117  0.000000e+000
118  8.808000e+000
119  9.874000e+000
120  2.245000e+001
121  3.710100e+001
122  5.021500e+001
123  9.064300e+001
124  8.591300e+001
125  5.644400e+001
126  1.508000e+000
127  0.000000e+000
128  0.000000e+000
129  7.276000e+000
130  1.136300e+001
131  2.084700e+001
132  4.416800e+001
133  3.784400e+001
134  3.327300e+001
135  4.097000e+001
136  2.693100e+001
137  1.344400e+001
138  0.000000e+000
139  0.000000e+000
140  0.000000e+000
141  0.000000e+000
142  1.067300e+001
143  2.118500e+001
144  2.418700e+001
   2 
1  2.996900e+001
2  4.083000e+001
3  4.504400e+001
4  5.199800e+001
5  3.106600e+001
6  0.000000e+000
7  0.000000e+000
8  0.000000e+000
9  0.000000e+000
10  1.113200e+001
11  1.732000e+000
12  1.584000e+000
13  1.748600e+001
14  3.981600e+001
15  6.659500e+001
16  5.364200e+001
17  4.673000e+001
18  1.703200e+001
19  0.000000e+000
20  0.000000e+000
21  0.000000e+000
22  1.117500e+001
23  6.510000e-001
24  3.981300e+001
25  3.964900e+001
26  4.889600e+001
27  4.896000e+001
28  4.735300e+001
29  4.805500e+001
30  2.273000e+001
31  0.000000e+000
32  5.776000e+000
33  0.000000e+000
34  0.000000e+000
35  1.207700e+001
36  2.532900e+001
37  2.779500e+001
38  2.367700e+001
39  4.010100e+001
40  4.347500e+001
41  2.749200e+001
42  0.000000e+000
43  4.576000e+000
44  1.909000e+000
45  0.000000e+000
46  8.243000e+000
47  9.376200e+001
48  8.781400e+001
49  9.916100e+001
50  1.008950e+002
51  1.062920e+002
52  1.076840e+002
53  8.443800e+001
54  4.390100e+001
55  0.000000e+000
56  0.000000e+000
57  0.000000e+000
58  6.218000e+000
59  6.370800e+001
60  6.122200e+001
61  5.457500e+001
62  5.905300e+001
63  5.449100e+001
64  5.251900e+001
65  4.550100e+001
66  2.587500e+001
67  0.000000e+000
68  0.000000e+000
69  3.085000e+000
70  5.400000e-002
71  2.990000e-001
72  0.000000e+000
73  1.973900e+001
74  3.397300e+001
75  5.899800e+001
76  5.240000e+001
77  4.633000e+001
78  1.054000e+000
79  0.000000e+000
80  0.000000e+000
81  0.000000e+000
82  1.444700e+001
83  3.205000e+000
84  8.150000e+000
85  1.892700e+001
86  2.560800e+001
87  2.892700e+001
88  2.666300e+001
89  2.269000e+001
90  0.000000e+000
91  0.000000e+000
92  0.000000e+000
93  0.000000e+000
94  7.042000e+000
95  3.098600e+001
96  4.564200e+001
97  4.821800e+001
98  5.340200e+001
99  7.146100e+001
100  6.079000e+001
101  4.345200e+001
102  0.000000e+000
103  2.130000e-001
104  0.000000e+000
105  0.000000e+000
106  0.000000e+000
107  1.222200e+001
108  6.343000e+000
109  2.520100e+001
110  3.296800e+001
111  2.935600e+001
112  2.355600e+001
113  7.820000e+000
114  0.000000e+000
115  0.000000e+000
116  0.000000e+000
117  0.000000e+000
118  8.811000e+000
119  9.888000e+000
120  2.219500e+001
121  3.366200e+001
122  3.794700e+001
123  5.827900e+001
124  4.812700e+001
125  2.139500e+001
126  0.000000e+000
127  0.000000e+000
128  0.000000e+000
129  7.532000e+000
130  1.545300e+001
131  2.477800e+001
132  4.776700e+001
133  4.028900e+001
134  3.397000e+001
135  4.058900e+001
136  2.660900e+001
137  1.253900e+001
138  0.000000e+000
139  0.000000e+000
140  0.000000e+000
141  0.000000e+000
142  9.937000e+000
143  2.028400e+001
144  2.327200e+001
   3 
1  2.648600e+001
2  6.297300e+001
3  7.508500e+001
4  9.093300e+001
5  6.512400e+001
6  1.999100e+001
7  0.000000e+000
8  0.000000e+000
9  0.000000e+000
10  9.841000e+000
11  0.000000e+000
12  1.670000e+000
13  1.803000e+001
14  6.406000e+001
15  1.038610e+002
16  9.826100e+001
17  9.378300e+001
18  6.033400e+001
19  0.000000e+000
20  0.000000e+000
21  0.000000e+000
22  9.029000e+000
23  6.570000e-001
24  5.163600e+001
25  5.306500e+001
26  1.068610e+002
27  1.130510e+002
28  1.157110e+002
29  1.235470e+002
30  9.468800e+001
31  6.047000e+000
32  4.076000e+000
33  0.000000e+000
34  0.000000e+000
35  1.304500e+001
36  2.336800e+001
37  3.787000e+001
38  3.236100e+001
39  5.882900e+001
40  6.186400e+001
41  4.458500e+001
42  8.133000e+000
43  2.993000e+000
44  1.170000e-001
45  0.000000e+000
46  8.002000e+000
47  1.201690e+002
48  1.249390e+002
49  1.620970e+002
50  1.764370e+002
51  1.654740e+002
52  1.704070e+002
53  1.401140e+002
54  9.477400e+001
55  0.000000e+000
56  0.000000e+000
57  0.000000e+000
58  3.075000e+000
59  7.624700e+001
60  8.671600e+001
61  7.683000e+001
62  8.445400e+001
63  8.047900e+001
64  7.868000e+001
65  8.110300e+001
66  6.248500e+001
67  0.000000e+000
68  0.000000e+000
69  2.691000e+000
70  4.600000e-002
71  3.040000e-001
72  0.000000e+000
73  2.288400e+001
74  3.804000e+001
75  6.711900e+001
76  6.555300e+001
77  6.154700e+001
78  1.512800e+001
79  0.000000e+000
80  0.000000e+000
81  0.000000e+000
82  1.372400e+001
83  1.190000e+000
84  6.059000e+000
85  2.003100e+001
86  3.749600e+001
87  3.771100e+001
88  3.082900e+001
89  2.404100e+001
90  0.000000e+000
91  0.000000e+000
92  0.000000e+000
93  0.000000e+000
94  7.099000e+000
95  3.298900e+001
96  4.876000e+001
97  5.735500e+001
98  9.410900e+001
99  1.366960e+002
100  1.260350e+002
101  1.059720e+002
102  5.397000e+001
103  3.810000e-001
104  0.000000e+000
105  0.000000e+000
106  0.000000e+000
107  1.125800e+001
108  3.386000e+000
109  2.549600e+001
110  3.357900e+001
111  2.976600e+001
112  2.418900e+001
113  8.093000e+000
114  0.000000e+000
115  0.000000e+000
116  0.000000e+000
117  0.000000e+000
118  8.808000e+000
119  9.874000e+000
120  2.245000e+001
121  3.710100e+001
122  5.005700e+001
123  9.049200e+001
124  8.576500e+001
125  5.630200e+001
126  1.349000e+000
127  0.000000e+000
128  0.000000e+000
129  7.275000e+000
130  1.134500e+001
131  2.082400e+001
132  4.414600e+001
133  3.782900e+001
134  3.326300e+001
135  4.096600e+001
136  2.693000e+001
137  1.344400e+001
138  0.000000e+000
139  0.000000e+000
140  0.000000e+000
141  0.000000e+000
142  1.063400e+001
143  2.113400e+001
144  2.413400e+001
   4 
1  2.613000e+001
2  6.263400e+001
3  7.475400e+001
4  9.061100e+001
5  6.481100e+001
6  1.968600e+001
7  0.000000e+000
8  0.000000e+000
9  0.000000e+000
10  9.844000e+000
11  0.000000e+000
12  1.670000e+000
13  1.803100e+001
14  6.597200e+001
15  1.066070e+002
16  1.009080e+002
17  9.631000e+001
18  6.274000e+001
19  0.000000e+000
20  0.000000e+000
21  0.000000e+000
22  8.971000e+000
23  6.570000e-001
24  5.161600e+001
25  5.304500e+001
26  1.104190e+002
27  1.165960e+002
28  1.191530e+002
29  1.268190e+002
30  9.773000e+001
31  8.972000e+000
32  4.030000e+000
33  0.000000e+000
34  0.000000e+000
35  1.303400e+001
36  2.330100e+001
37  3.781000e+001
38  3.231600e+001
39  5.878800e+001
40  6.181900e+001
41  4.454300e+001
42  8.093000e+000
43  2.996000e+000
44  1.190000e-001
45  0.000000e+000
46  8.002000e+000
47  1.201710e+002
48  1.249590e+002
49  1.626630e+002
50  1.776590e+002
51  1.654730e+002
52  1.704060e+002
53  1.401130e+002
54  9.477400e+001
55  0.000000e+000
56  0.000000e+000
57  0.000000e+000
58  3.075000e+000
59  7.624700e+001
60  8.680700e+001
61  7.692100e+001
62  8.454400e+001
63  8.056800e+001
64  7.876800e+001
65  8.118800e+001
66  6.256700e+001
67  0.000000e+000
68  0.000000e+000
69  2.690000e+000
70  4.600000e-002
71  3.040000e-001
72  0.000000e+000
73  2.288400e+001
74  3.804100e+001
75  6.757800e+001
76  6.600700e+001
77  6.199100e+001
78  1.556300e+001
79  0.000000e+000
80  0.000000e+000
81  0.000000e+000
82  1.371000e+001
83  1.161000e+000
84  6.050000e+000
85  2.002400e+001
86  3.751000e+001
87  3.772400e+001
88  3.085000e+001
89  2.404900e+001
90  0.000000e+000
91  0.000000e+000
92  0.000000e+000
93  0.000000e+000
94  7.099000e+000
95  3.298800e+001
96  4.876000e+001
97  5.735500e+001
98  9.606900e+001
99  1.386250e+002
100  1.278600e+002
101  1.076670e+002
102  5.556100e+001
103  3.840000e-001
104  0.000000e+000
105  0.000000e+000
106  0.000000e+000
107  1.123900e+001
108  3.342000e+000
109  2.546000e+001
110  3.355500e+001
111  2.975600e+001
112  2.418700e+001
113  8.093000e+000
114  0.000000e+000
115  0.000000e+000
116  0.000000e+000
117  0.000000e+000
118  8.808000e+000
119  9.874000e+000
120  2.245000e+001
121  3.710100e+001
122  5.022400e+001
123  9.065200e+001
124  8.592100e+001
125  5.645300e+001
126  1.525000e+000
127  0.000000e+000
128  0.000000e+000
129  7.277000e+000
130  1.137500e+001
131  2.086200e+001
132  4.411800e+001
133  3.780800e+001
134  3.324900e+001
135  4.096000e+001
136  2.692800e+001
137  1.344300e+001
138  0.000000e+000
139  0.000000e+000
140  0.000000e+000
141  0.000000e+000
142  1.068900e+001
143  2.120600e+001
144  2.420900e+001
   5 
1  2.722900e+001
2  6.313800e+001
3  7.521300e+001
4  9.103900e+001
5  6.523400e+001
6  2.010300e+001
7  0.000000e+000
8  0.000000e+000
9  0.000000e+000
10  9.839000e+000
11  0.000000e+000
12  1.669000e+000
13  1.802900e+001
14  5.870800e+001
15  9.560100e+001
16  9.025500e+001
17  8.611000e+001
18  5.300100e+001
19  0.000000e+000
20  0.000000e+000
21  0.000000e+000
22  9.355000e+000
23  6.560000e-001
24  5.175300e+001
25  5.316900e+001
26  9.675700e+001
27  1.020400e+002
28  1.048980e+002
29  1.131550e+002
30  8.494900e+001
31  0.000000e+000
32  4.271000e+000
33  0.000000e+000
34  0.000000e+000
35  1.309400e+001
36  2.365200e+001
37  3.780800e+001
38  3.225000e+001
39  5.845900e+001
40  6.139700e+001
41  4.418900e+001
42  7.792000e+000
43  3.016000e+000
44  1.390000e-001
45  0.000000e+000
46  8.005000e+000
47  1.201810e+002
48  1.237660e+002
49  1.574850e+002
50  1.695240e+002
51  1.654680e+002
52  1.704000e+002
53  1.401050e+002
54  9.476700e+001
55  0.000000e+000
56  0.000000e+000
57  0.000000e+000
58  3.075000e+000
59  7.624700e+001
60  8.475100e+001
61  7.487900e+001
62  8.251500e+001
63  7.856700e+001
64  7.680400e+001
65  7.928800e+001
66  6.073300e+001
67  0.000000e+000
68  0.000000e+000
69  2.708000e+000
70  4.700000e-002
71  3.040000e-001
72  0.000000e+000
73  2.288300e+001
74  3.803900e+001
75  6.481900e+001
76  6.328000e+001
77  5.932200e+001
78  1.294800e+001
79  0.000000e+000
80  0.000000e+000
81  0.000000e+000
82  1.385900e+001
83  1.476000e+000
84  6.141000e+000
85  2.005600e+001
86  3.615200e+001
87  3.686800e+001
88  3.047100e+001
89  2.399800e+001
90  0.000000e+000
91  0.000000e+000
92  0.000000e+000
93  0.000000e+000
94  7.100000e+000
95  3.299000e+001
96  4.876200e+001
97  5.735300e+001
98  8.884300e+001
99  1.310540e+002
100  1.206730e+002
101  1.009710e+002
102  4.925600e+001
103  3.770000e-001
104  0.000000e+000
105  0.000000e+000
106  0.000000e+000
107  1.128900e+001
108  3.456000e+000
109  2.555600e+001
110  3.361300e+001
111  2.976900e+001
112  2.416500e+001
113  8.081000e+000
114  0.000000e+000
115  0.000000e+000
116  0.000000e+000
117  0.000000e+000
118  8.808000e+000
119  9.875000e+000
120  2.245000e+001
121  3.710100e+001
122  4.866700e+001
123  8.892700e+001
124  8.423800e+001
125  5.482600e+001
126  0.000000e+000
127  0.000000e+000
128  0.000000e+000
129  7.275000e+000
130  1.134700e+001
131  2.082700e+001
132  4.408400e+001
133  3.778400e+001
134  3.323200e+001
135  4.095400e+001
136  2.692600e+001
137  1.344300e+001
138  0.000000e+000
139  0.000000e+000
140  0.000000e+000
141  0.000000e+000
142  1.034700e+001
143  2.075300e+001
144  2.373500e+001
   6 
1  2.620800e+001
2  6.270800e+001
3  7.482600e+001
4  9.068100e+001
5  6.487900e+001
6  1.975200e+001
7  0.000000e+000
8  0.000000e+000
9  0.000000e+000
10  9.843000e+000
11  0.000000e+000
12  1.670000e+000
13  1.803000e+001
14  6.522000e+001
15  1.055910e+002
16  9.992900e+001
17  9.537600e+001
18  6.185100e+001
19  0.000000e+000
20  0.000000e+000
21  0.000000e+000
22  8.990000e+000
23  6.570000e-001
24  5.162200e+001
25  5.305100e+001
26  1.090360e+002
27  1.152200e+002
28  1.178180e+002
29  1.255510e+002
30  9.655300e+001
31  7.841000e+000
32  4.040000e+000
33  0.000000e+000
34  0.000000e+000
35  1.303600e+001
36  2.331600e+001
37  3.782300e+001
38  3.232600e+001
39  5.880000e+001
40  6.183700e+001
41  4.455700e+001
42  8.105000e+000
43  2.995000e+000
44  1.190000e-001
45  0.000000e+000
46  8.002000e+000
47  1.201700e+002
48  1.249580e+002
49  1.625440e+002
50  1.773620e+002
51  1.654740e+002
52  1.704070e+002
53  1.401140e+002
54  9.477400e+001
55  0.000000e+000
56  0.000000e+000
57  0.000000e+000
58  3.075000e+000
59  7.624700e+001
60  8.680700e+001
61  7.692100e+001
62  8.454400e+001
63  8.056800e+001
64  7.876800e+001
65  8.118800e+001
66  6.256700e+001
67  0.000000e+000
68  0.000000e+000
69  2.690000e+000
70  4.600000e-002
71  3.040000e-001
72  0.000000e+000
73  2.288400e+001
74  3.804100e+001
75  6.748400e+001
76  6.591400e+001
77  6.190000e+001
78  1.547300e+001
79  0.000000e+000
80  0.000000e+000
81  0.000000e+000
82  1.371300e+001
83  1.166000e+000
84  6.052000e+000
85  2.002500e+001
86  3.751100e+001
87  3.772300e+001
88  3.084700e+001
89  2.404700e+001
90  0.000000e+000
91  0.000000e+000
92  0.000000e+000
93  0.000000e+000
94  7.099000e+000
95  3.298800e+001
96  4.876000e+001
97  5.735500e+001
98  9.529600e+001
99  1.378640e+002
100  1.271410e+002
101  1.069990e+002
102  5.493400e+001
103  3.830000e-001
104  0.000000e+000
105  0.000000e+000
106  0.000000e+000
107  1.124600e+001
108  3.358000e+000
109  2.547300e+001
110  3.356400e+001
111  2.975900e+001
112  2.418700e+001
113  8.093000e+000
114  0.000000e+000
115  0.000000e+000
116  0.000000e+000
117  0.000000e+000
118  8.808000e+000
119  9.874000e+000
120  2.245000e+001
121  3.710100e+001
122  5.021100e+001
123  9.063900e+001
124  8.590900e+001
125  5.644100e+001
126  1.504000e+000
127  0.000000e+000
128  0.000000e+000
129  7.276000e+000
130  1.136200e+001
131  2.084600e+001
132  4.416700e+001
133  3.784400e+001
134  3.327200e+001
135  4.097000e+001
136  2.693100e+001
137  1.344400e+001
138  0.000000e+000
139  0.000000e+000
140  0.000000e+000
141  0.000000e+000
142  1.067200e+001
143  2.118300e+001
144  2.418500e+001
   7 
1  2.610200e+001
2  6.260800e+001
3  7.472800e+001
4  9.058600e+001
5  6.478600e+001
6  1.966200e+001
7  0.000000e+000
8  0.000000e+000
9  0.000000e+000
10  9.845000e+000
11  0.000000e+000
12  1.671000e+000
13  1.803100e+001
14  6.613500e+001
15  1.068010e+002
16  1.010960e+002
17  9.648900e+001
18  6.291000e+001
19  0.000000e+000
20  0.000000e+000
21  0.000000e+000
22  8.970000e+000
23  6.570000e-001
24  5.161500e+001
25  5.304500e+001
26  1.107130e+002
27  1.168890e+002
28  1.194370e+002
29  1.270880e+002
30  9.798000e+001
31  9.211000e+000
32  4.028000e+000
33  0.000000e+000
34  0.000000e+000
35  1.303300e+001
36  2.329800e+001
37  3.780700e+001
38  3.231400e+001
39  5.878700e+001
40  6.181700e+001
41  4.454100e+001
42  8.092000e+000
43  2.996000e+000
44  1.200000e-001
45  0.000000e+000
46  8.002000e+000
47  1.201710e+002
48  1.249590e+002
49  1.626640e+002
50  1.776800e+002
51  1.654730e+002
52  1.704060e+002
53  1.401130e+002
54  9.477400e+001
55  0.000000e+000
56  0.000000e+000
57  0.000000e+000
58  3.075000e+000
59  7.624700e+001
60  8.680700e+001
61  7.692100e+001
62  8.454400e+001
63  8.056800e+001
64  7.876800e+001
65  8.118800e+001
66  6.256700e+001
67  0.000000e+000
68  0.000000e+000
69  2.690000e+000
70  4.600000e-002
71  3.040000e-001
72  0.000000e+000
73  2.288400e+001
74  3.804100e+001
75  6.757800e+001
76  6.600700e+001
77  6.199100e+001
78  1.556300e+001
79  0.000000e+000
80  0.000000e+000
81  0.000000e+000
82  1.371000e+001
83  1.161000e+000
84  6.051000e+000
85  2.002400e+001
86  3.751000e+001
87  3.772400e+001
88  3.085000e+001
89  2.404900e+001
90  0.000000e+000
91  0.000000e+000
92  0.000000e+000
93  0.000000e+000
94  7.099000e+000
95  3.298800e+001
96  4.876000e+001
97  5.735500e+001
98  9.623900e+001
99  1.387910e+002
100  1.280180e+002
101  1.078120e+002
102  5.569700e+001
103  3.840000e-001
104  0.000000e+000
105  0.000000e+000
106  0.000000e+000
107  1.123700e+001
108  3.339000e+000
109  2.545700e+001
110  3.355400e+001
111  2.975500e+001
112  2.418700e+001
113  8.092000e+000
114  0.000000e+000
115  0.000000e+000
116  0.000000e+000
117  0.000000e+000
118  8.808000e+000
119  9.874000e+000
120  2.245000e+001
121  3.710100e+001
122  5.022400e+001
123  9.065200e+001
124  8.592100e+001
125  5.645300e+001
126  1.526000e+000
127  0.000000e+000
128  0.000000e+000
129  7.277000e+000
130  1.137600e+001
131  2.086400e+001
132  4.412000e+001
133  3.781000e+001
134  3.325000e+001
135  4.096100e+001
136  2.692800e+001
137  1.344300e+001
138  0.000000e+000
139  0.000000e+000
140  0.000000e+000
141  0.000000e+000
142  1.069100e+001
143  2.120800e+001
144  2.421200e+001
   8 
1  2.683300e+001
2  6.320700e+001
3  7.530200e+001
4  9.114200e+001
5  6.532800e+001
6  2.019000e+001
7  0.000000e+000
8  0.000000e+000
9  0.000000e+000
10  9.823000e+000
11  0.000000e+000
12  1.665000e+000
13  1.802600e+001
14  6.184300e+001
15  1.004450e+002
16  9.495700e+001
17  9.062200e+001
18  5.731900e+001
19  0.000000e+000
20  0.000000e+000
21  0.000000e+000
22  9.162000e+000
23  6.560000e-001
24  5.168400e+001
25  5.310900e+001
26  1.027450e+002
27  1.086870e+002
28  1.114260e+002
29  1.194380e+002
30  9.085200e+001
31  2.351000e+000
32  4.142000e+000
33  0.000000e+000
34  0.000000e+000
35  1.306100e+001
36  2.346400e+001
37  3.793500e+001
38  3.239800e+001
39  5.882700e+001
40  6.184300e+001
41  4.457600e+001
42  8.132000e+000
43  2.993000e+000
44  1.170000e-001
45  0.000000e+000
46  8.002000e+000
47  1.201690e+002
48  1.246000e+002
49  1.605080e+002
50  1.738620e+002
51  1.654730e+002
52  1.704060e+002
53  1.401130e+002
54  9.477300e+001
55  0.000000e+000
56  0.000000e+000
57  0.000000e+000
58  3.075000e+000
59  7.624700e+001
60  8.613600e+001
61  7.625500e+001
62  8.388200e+001
63  7.991600e+001
64  7.812800e+001
65  8.056800e+001
66  6.196900e+001
67  0.000000e+000
68  0.000000e+000
69  2.694000e+000
70  4.600000e-002
71  3.040000e-001
72  0.000000e+000
73  2.288300e+001
74  3.804000e+001
75  6.621700e+001
76  6.466300e+001
77  6.067600e+001
78  1.427400e+001
79  0.000000e+000
80  0.000000e+000
81  0.000000e+000
82  1.376000e+001
83  1.266000e+000
84  6.081000e+000
85  2.004900e+001
86  3.716400e+001
87  3.749700e+001
88  3.062800e+001
89  2.402000e+001
90  0.000000e+000
91  0.000000e+000
92  0.000000e+000
93  0.000000e+000
94  7.100000e+000
95  3.298900e+001
96  4.876100e+001
97  5.735600e+001
98  9.211300e+001
99  1.347170e+002
100  1.241560e+002
101  1.042240e+002
102  5.232600e+001
103  3.820000e-001
104  0.000000e+000
105  0.000000e+000
106  0.000000e+000
107  1.125500e+001
108  3.377000e+000
109  2.548900e+001
110  3.357500e+001
111  2.976200e+001
112  2.418300e+001
113  8.090000e+000
114  0.000000e+000
115  0.000000e+000
116  0.000000e+000
117  0.000000e+000
118  8.808000e+000
119  9.874000e+000
120  2.245000e+001
121  3.710100e+001
122  4.957300e+001
123  8.993200e+001
124  8.521800e+001
125  5.577400e+001
126  7.750000e-001
127  0.000000e+000
128  0.000000e+000
129  7.273000e+000
130  1.131200e+001
131  2.078400e+001
132  4.410700e+001
133  3.780000e+001
134  3.324400e+001
135  4.095900e+001
136  2.692800e+001
137  1.344300e+001
138  0.000000e+000
139  0.000000e+000
140  0.000000e+000
141  0.000000e+000
142  1.052200e+001
143  2.098500e+001
144  2.397800e+001
   9 
1  2.597300e+001
2  6.248500e+001
3  7.460600e+001
4  9.046700e+001
5  6.467000e+001
6  1.955000e+001
7  0.000000e+000
8  0.000000e+000
9  0.000000e+000
10  9.847000e+000
11  0.000000e+000
12  1.671000e+000
13  1.803100e+001
14  6.649900e+001
15  1.071740e+002
16  1.014530e+002
17  9.683000e+001
18  6.323400e+001
19  0.000000e+000
20  0.000000e+000
21  0.000000e+000
22  8.922000e+000
23  6.570000e-001
24  5.159800e+001
25  5.302900e+001
26  1.113290e+002
27  1.175040e+002
28  1.200380e+002
29  1.276600e+002
30  9.851000e+001
31  9.720000e+000
32  4.009000e+000
33  0.000000e+000
34  0.000000e+000
35  1.302800e+001
36  2.327100e+001
37  3.778300e+001
38  3.229900e+001
39  5.878500e+001
40  6.182100e+001
41  4.454200e+001
42  8.089000e+000
43  2.996000e+000
44  1.200000e-001
45  0.000000e+000
46  8.002000e+000
47  1.201710e+002
48  1.249590e+002
49  1.626650e+002
50  1.776880e+002
51  1.654740e+002
52  1.704070e+002
53  1.401140e+002
54  9.477400e+001
55  0.000000e+000
56  0.000000e+000
57  0.000000e+000
58  3.075000e+000
59  7.624700e+001
60  8.680700e+001
61  7.692100e+001
62  8.454400e+001
63  8.056800e+001
64  7.876800e+001
65  8.118900e+001
66  6.256800e+001
67  0.000000e+000
68  0.000000e+000
69  2.690000e+000
70  4.600000e-002
71  3.040000e-001
72  0.000000e+000
73  2.288400e+001
74  3.804100e+001
75  6.757800e+001
76  6.600700e+001
77  6.199100e+001
78  1.556300e+001
79  0.000000e+000
80  0.000000e+000
81  0.000000e+000
82  1.371100e+001
83  1.161000e+000
84  6.051000e+000
85  2.002400e+001
86  3.751000e+001
87  3.772400e+001
88  3.085100e+001
89  2.405000e+001
90  0.000000e+000
91  0.000000e+000
92  0.000000e+000
93  0.000000e+000
94  7.099000e+000
95  3.298800e+001
96  4.876000e+001
97  5.735500e+001
98  9.662000e+001
99  1.391660e+002
100  1.283720e+002
101  1.081410e+002
102  5.600500e+001
103  3.850000e-001
104  0.000000e+000
105  0.000000e+000
106  0.000000e+000
107  1.123600e+001
108  3.336000e+000
109  2.545500e+001
110  3.355200e+001
111  2.975400e+001
112  2.418700e+001
113  8.093000e+000
114  0.000000e+000
115  0.000000e+000
116  0.000000e+000
117  0.000000e+000
118  8.808000e+000
119  9.874000e+000
120  2.245000e+001
121  3.710100e+001
122  5.022400e+001
123  9.065200e+001
124  8.592100e+001
125  5.645300e+001
126  1.531000e+000
127  0.000000e+000
128  0.000000e+000
129  7.277000e+000
130  1.138300e+001
131  2.087200e+001
132  4.412700e+001
133  3.781500e+001
134  3.325300e+001
135  4.096200e+001
136  2.692800e+001
137  1.344300e+001
138  0.000000e+000
139  0.000000e+000
140  0.000000e+000
141  0.000000e+000
142  1.069800e+001
143  2.121800e+001
144  2.422200e+001
   10 
1  2.606200e+001
2  6.256900e+001
3  7.468900e+001
4  9.054800e+001
5  6.475000e+001
6  1.962700e+001
7  0.000000e+000
8  0.000000e+000
9  0.000000e+000
10  9.845000e+000
11  0.000000e+000
12  1.671000e+000
13  1.803100e+001
14  6.618700e+001
15  1.068590e+002
16  1.011510e+002
17  9.654200e+001
18  6.296000e+001
19  0.000000e+000
20  0.000000e+000
21  0.000000e+000
22  8.970000e+000
23  6.570000e-001
24  5.161500e+001
25  5.304500e+001
26  1.108060e+002
27  1.169810e+002
28  1.195260e+002
29  1.271730e+002
30  9.805900e+001
31  9.287000e+000
32  4.028000e+000
33  0.000000e+000
34  0.000000e+000
35  1.303300e+001
36  2.329800e+001
37  3.780700e+001
38  3.231400e+001
39  5.878700e+001
40  6.181700e+001
41  4.454100e+001
42  8.092000e+000
43  2.996000e+000
44  1.200000e-001
45  0.000000e+000
46  8.002000e+000
47  1.201710e+002
48  1.249590e+002
49  1.626640e+002
50  1.776840e+002
51  1.654730e+002
52  1.704060e+002
53  1.401130e+002
54  9.477400e+001
55  0.000000e+000
56  0.000000e+000
57  0.000000e+000
58  3.075000e+000
59  7.624700e+001
60  8.680700e+001
61  7.692100e+001
62  8.454400e+001
63  8.056800e+001
64  7.876800e+001
65  8.118800e+001
66  6.256700e+001
67  0.000000e+000
68  0.000000e+000
69  2.690000e+000
70  4.600000e-002
71  3.040000e-001
72  0.000000e+000
73  2.288400e+001
74  3.804100e+001
75  6.757800e+001
76  6.600700e+001
77  6.199100e+001
78  1.556300e+001
79  0.000000e+000
80  0.000000e+000
81  0.000000e+000
82  1.371000e+001
83  1.161000e+000
84  6.051000e+000
85  2.002400e+001
86  3.751000e+001
87  3.772400e+001
88  3.085000e+001
89  2.404900e+001
90  0.000000e+000
91  0.000000e+000
92  0.000000e+000
93  0.000000e+000
94  7.099000e+000
95  3.298800e+001
96  4.876000e+001
97  5.735500e+001
98  9.629300e+001
99  1.388440e+002
100  1.280680e+002
101  1.078590e+002
102  5.574100e+001
103  3.840000e-001
104  0.000000e+000
105  0.000000e+000
106  0.000000e+000
107  1.123700e+001
108  3.337000e+000
109  2.545600e+001
110  3.355300e+001
111  2.975400e+001
112  2.418700e+001
113  8.092000e+000
114  0.000000e+000
115  0.000000e+000
116  0.000000e+000
117  0.000000e+000
118  8.808000e+000
119  9.874000e+000
120  2.245000e+001
121  3.710100e+001
122  5.022400e+001
123  9.065200e+001
124  8.592100e+001
125  5.645300e+001
126  1.526000e+000
127  0.000000e+000
128  0.000000e+000
129  7.277000e+000
130  1.137600e+001
131  2.086400e+001
132  4.411900e+001
133  3.780900e+001
134  3.324900e+001
135  4.096100e+001
136  2.692800e+001
137  1.344300e+001
138  0.000000e+000
139  0.000000e+000
140  0.000000e+000
141  0.000000e+000
142  1.069100e+001
143  2.120800e+001
144  2.421100e+001
   11 
1  3.000200e+001
2  4.321200e+001
3  5.543800e+001
4  7.045800e+001
5  4.602800e+001
6  1.554000e+000
7  0.000000e+000
8  0.000000e+000
9  0.000000e+000
10  1.041300e+001
11  0.000000e+000
12  1.423000e+000
13  1.776300e+001
14  4.439200e+001
15  7.158700e+001
16  6.556400e+001
17  6.177800e+001
18  2.990300e+001
19  0.000000e+000
20  0.000000e+000
21  0.000000e+000
22  1.046400e+001
23  6.530000e-001
24  4.862200e+001
25  4.824900e+001
26  6.114900e+001
27  6.017000e+001
28  6.319700e+001
29  7.156600e+001
30  4.498800e+001
31  0.000000e+000
32  5.586000e+000
33  0.000000e+000
34  0.000000e+000
35  1.340600e+001
36  2.553300e+001
37  2.981300e+001
38  2.556300e+001
39  4.852800e+001
40  5.141700e+001
41  3.454300e+001
42  0.000000e+000
43  4.116000e+000
44  1.187000e+000
45  0.000000e+000
46  8.139000e+000
47  1.162210e+002
48  1.098830e+002
49  1.307130e+002
50  1.371260e+002
51  1.508130e+002
52  1.542550e+002
53  1.259070e+002
54  8.210000e+001
55  0.000000e+000
56  0.000000e+000
57  0.000000e+000
58  3.339000e+000
59  7.374500e+001
60  7.227000e+001
61  6.546900e+001
62  7.273400e+001
63  6.914100e+001
64  6.752200e+001
65  6.831800e+001
66  4.976600e+001
67  0.000000e+000
68  0.000000e+000
69  2.808000e+000
70  4.900000e-002
71  3.020000e-001
72  0.000000e+000
73  2.259000e+001
74  3.664800e+001
75  5.674800e+001
76  5.501300e+001
77  5.108600e+001
78  4.865000e+000
79  0.000000e+000
80  0.000000e+000
81  0.000000e+000
82  1.443300e+001
83  2.687000e+000
84  7.324000e+000
85  1.886800e+001
86  2.718200e+001
87  3.086900e+001
88  2.872700e+001
89  2.351100e+001
90  0.000000e+000
91  0.000000e+000
92  0.000000e+000
93  0.000000e+000
94  7.113000e+000
95  3.295100e+001
96  4.873500e+001
97  5.254000e+001
98  6.168800e+001
99  9.351900e+001
100  8.442100e+001
101  6.639200e+001
102  1.606600e+001
103  2.880000e-001
104  0.000000e+000
105  0.000000e+000
106  0.000000e+000
107  1.202400e+001
108  5.116000e+000
109  2.653500e+001
110  3.425300e+001
111  3.007700e+001
112  2.424400e+001
113  8.114000e+000
114  0.000000e+000
115  0.000000e+000
116  0.000000e+000
117  0.000000e+000
118  8.808000e+000
119  9.873000e+000
120  2.244800e+001
121  3.609300e+001
122  4.153800e+001
123  7.583800e+001
124  6.987400e+001
125  4.091500e+001
126  0.000000e+000
127  0.000000e+000
128  0.000000e+000
129  7.363000e+000
130  1.279800e+001
131  2.263400e+001
132  4.582200e+001
133  3.900300e+001
134  3.337200e+001
135  4.098300e+001
136  2.690600e+001
137  1.342400e+001
138  0.000000e+000
139  0.000000e+000
140  0.000000e+000
141  0.000000e+000
142  1.027800e+001
143  2.066200e+001
144  2.364000e+001
   12 
1  2.650400e+001
2  6.298900e+001
3  7.510100e+001
4  9.094900e+001
5  6.513900e+001
6  2.000600e+001
7  0.000000e+000
8  0.000000e+000
9  0.000000e+000
10  9.841000e+000
11  0.000000e+000
12  1.670000e+000
13  1.803000e+001
14  6.386900e+001
15  1.035670e+002
16  9.797700e+001
17  9.351200e+001
18  6.007600e+001
19  0.000000e+000
20  0.000000e+000
21  0.000000e+000
22  9.038000e+000
23  6.570000e-001
24  5.163900e+001
25  5.306800e+001
26  1.065050e+002
27  1.126900e+002
28  1.153590e+002
29  1.232120e+002
30  9.437600e+001
31  5.746000e+000
32  4.080000e+000
33  0.000000e+000
34  0.000000e+000
35  1.304600e+001
36  2.337400e+001
37  3.787600e+001
38  3.236400e+001
39  5.883100e+001
40  6.186600e+001
41  4.458700e+001
42  8.135000e+000
43  2.993000e+000
44  1.170000e-001
45  0.000000e+000
46  8.002000e+000
47  1.201690e+002
48  1.249240e+002
49  1.619870e+002
50  1.762400e+002
51  1.654740e+002
52  1.704070e+002
53  1.401140e+002
54  9.477400e+001
55  0.000000e+000
56  0.000000e+000
57  0.000000e+000
58  3.075000e+000
59  7.624700e+001
60  8.668400e+001
61  7.679900e+001
62  8.442300e+001
63  8.044800e+001
64  7.865000e+001
65  8.107300e+001
66  6.245700e+001
67  0.000000e+000
68  0.000000e+000
69  2.691000e+000
70  4.600000e-002
71  3.040000e-001
72  0.000000e+000
73  2.288400e+001
74  3.804000e+001
75  6.704600e+001
76  6.548100e+001
77  6.147700e+001
78  1.505900e+001
79  0.000000e+000
80  0.000000e+000
81  0.000000e+000
82  1.372600e+001
83  1.195000e+000
84  6.060000e+000
85  2.003200e+001
86  3.748400e+001
87  3.770200e+001
88  3.082000e+001
89  2.404000e+001
90  0.000000e+000
91  0.000000e+000
92  0.000000e+000
93  0.000000e+000
94  7.099000e+000
95  3.298900e+001
96  4.876000e+001
97  5.735500e+001
98  9.391800e+001
99  1.365070e+002
100  1.258560e+002
101  1.058060e+002
102  5.381400e+001
103  3.820000e-001
104  0.000000e+000
105  0.000000e+000
106  0.000000e+000
107  1.125700e+001
108  3.384000e+000
109  2.549400e+001
110  3.357800e+001
111  2.976600e+001
112  2.418800e+001
113  8.093000e+000
114  0.000000e+000
115  0.000000e+000
116  0.000000e+000
117  0.000000e+000
118  8.808000e+000
119  9.874000e+000
120  2.245000e+001
121  3.710100e+001
122  5.002100e+001
123  9.045800e+001
124  8.573200e+001
125  5.627000e+001
126  1.313000e+000
127  0.000000e+000
128  0.000000e+000
129  7.275000e+000
130  1.134200e+001
131  2.082000e+001
132  4.414300e+001
133  3.782600e+001
134  3.326100e+001
135  4.096600e+001
136  2.693000e+001
137  1.344400e+001
138  0.000000e+000
139  0.000000e+000
140  0.000000e+000
141  0.000000e+000
142  1.062600e+001
143  2.112300e+001
144  2.412300e+001
