   1 
1  5.503900e+001
2  5.354300e+001
3  4.530000e+001
4  6.375100e+001
5  6.899900e+001
6  1.842800e+001
7  0.000000e+000
8  0.000000e+000
9  0.000000e+000
10  6.518000e+000
11  8.673300e+001
12  9.162900e+001
13  8.652500e+001
14  1.293340e+002
15  1.413460e+002
16  1.582370e+002
17  1.543680e+002
18  1.357820e+002
19  3.826800e+001
20  0.000000e+000
21  0.000000e+000
22  0.000000e+000
23  1.247330e+002
24  1.181900e+002
25  1.357630e+002
26  1.752180e+002
27  1.875970e+002
28  2.205210e+002
29  1.736200e+002
30  1.286450e+002
31  5.016600e+001
32  0.000000e+000
33  0.000000e+000
34  1.687700e+001
35  1.361630e+002
36  1.554800e+002
37  1.707130e+002
38  1.885730e+002
39  1.801120e+002
40  2.036110e+002
41  1.616080e+002
42  1.145340e+002
43  3.592100e+001
44  2.869000e+000
45  0.000000e+000
46  6.634000e+000
47  1.434300e+001
48  2.672900e+001
49  4.502500e+001
50  1.054400e+002
51  1.209770e+002
52  1.492970e+002
53  1.456880e+002
54  9.608500e+001
55  4.721000e+000
56  0.000000e+000
57  2.090000e-001
58  1.330100e+001
59  2.075710e+002
60  1.973810e+002
61  1.923020e+002
62  1.948160e+002
63  1.740420e+002
64  1.902460e+002
65  1.892250e+002
66  1.535510e+002
67  7.264700e+001
68  1.246000e+000
69  0.000000e+000
70  3.058000e+000
71  5.426000e+000
72  6.959000e+000
73  3.981400e+001
74  8.732100e+001
75  1.508490e+002
76  1.955550e+002
77  1.663800e+002
78  1.290240e+002
79  6.443500e+001
80  7.250000e+000
81  0.000000e+000
82  6.805000e+000
83  0.000000e+000
84  3.736000e+000
85  9.420000e+000
86  3.735300e+001
87  7.012800e+001
88  9.097000e+001
89  8.858800e+001
90  4.188100e+001
91  0.000000e+000
92  0.000000e+000
93  0.000000e+000
94  7.731000e+000
95  3.943500e+001
96  6.532800e+001
97  7.122500e+001
98  9.873500e+001
99  2.013530e+002
100  1.774300e+002
101  1.570680e+002
102  1.056440e+002
103  1.267200e+001
104  0.000000e+000
105  0.000000e+000
106  0.000000e+000
107  9.938000e+000
108  1.637900e+001
109  5.988000e+001
110  8.505400e+001
111  1.028460e+002
112  9.809500e+001
113  7.763500e+001
114  1.937800e+001
115  0.000000e+000
116  0.000000e+000
117  0.000000e+000
118  1.778500e+001
119  3.176400e+001
120  5.213000e+001
121  8.646300e+001
122  1.340230e+002
123  1.732210e+002
124  1.689680e+002
125  1.379060e+002
126  8.231500e+001
127  4.678000e+000
128  0.000000e+000
129  9.801000e+000
130  1.144900e+001
131  3.107100e+001
132  6.823700e+001
133  6.088100e+001
134  6.392500e+001
135  6.460400e+001
136  4.869600e+001
137  3.037400e+001
138  0.000000e+000
139  0.000000e+000
140  0.000000e+000
141  0.000000e+000
142  6.010000e+000
143  3.371000e+001
144  5.566200e+001
   2 
1  4.269100e+001
2  3.771000e+001
3  2.710200e+001
4  3.673600e+001
5  3.719700e+001
6  0.000000e+000
7  0.000000e+000
8  0.000000e+000
9  0.000000e+000
10  8.168000e+000
11  6.643000e+001
12  6.815000e+001
13  6.257200e+001
14  6.689400e+001
15  6.206200e+001
16  5.982900e+001
17  4.513000e+001
18  2.391700e+001
19  0.000000e+000
20  0.000000e+000
21  0.000000e+000
22  0.000000e+000
23  5.858700e+001
24  5.066800e+001
25  5.097100e+001
26  5.367500e+001
27  5.832200e+001
28  9.098600e+001
29  7.196500e+001
30  3.959200e+001
31  0.000000e+000
32  0.000000e+000
33  0.000000e+000
34  1.549900e+001
35  9.002100e+001
36  9.235100e+001
37  9.245100e+001
38  9.371900e+001
39  9.016000e+001
40  9.738100e+001
41  7.186600e+001
42  3.266500e+001
43  0.000000e+000
44  2.631000e+000
45  0.000000e+000
46  6.463000e+000
47  1.261400e+001
48  2.384500e+001
49  3.649200e+001
50  7.515900e+001
51  7.701900e+001
52  8.166100e+001
53  6.642200e+001
54  2.362700e+001
55  0.000000e+000
56  0.000000e+000
57  1.800000e-001
58  1.427300e+001
59  9.606700e+001
60  9.726600e+001
61  9.341100e+001
62  1.009060e+002
63  9.017200e+001
64  9.577500e+001
65  9.492300e+001
66  7.137400e+001
67  0.000000e+000
68  0.000000e+000
69  0.000000e+000
70  2.388000e+000
71  2.780000e+000
72  4.375000e+000
73  3.028500e+001
74  5.198600e+001
75  9.232200e+001
76  9.991200e+001
77  8.337800e+001
78  5.108600e+001
79  0.000000e+000
80  1.920000e-001
81  0.000000e+000
82  4.933000e+000
83  0.000000e+000
84  2.807000e+000
85  8.525000e+000
86  3.448700e+001
87  5.996800e+001
88  5.543200e+001
89  4.907300e+001
90  4.276000e+000
91  0.000000e+000
92  0.000000e+000
93  0.000000e+000
94  7.126000e+000
95  3.394800e+001
96  5.287500e+001
97  5.259600e+001
98  5.925900e+001
99  8.414900e+001
100  7.443000e+001
101  6.220800e+001
102  1.723700e+001
103  2.260000e-001
104  0.000000e+000
105  0.000000e+000
106  0.000000e+000
107  1.003800e+001
108  1.537600e+001
109  4.579100e+001
110  6.222000e+001
111  6.197300e+001
112  4.776100e+001
113  2.883500e+001
114  0.000000e+000
115  0.000000e+000
116  0.000000e+000
117  0.000000e+000
118  1.773800e+001
119  2.996100e+001
120  4.027600e+001
121  5.433600e+001
122  6.291400e+001
123  7.372600e+001
124  6.320600e+001
125  4.135200e+001
126  0.000000e+000
127  0.000000e+000
128  0.000000e+000
129  9.709000e+000
130  1.161000e+001
131  3.062300e+001
132  6.196800e+001
133  5.461300e+001
134  5.092000e+001
135  5.080500e+001
136  3.645500e+001
137  1.886100e+001
138  0.000000e+000
139  0.000000e+000
140  0.000000e+000
141  0.000000e+000
142  6.081000e+000
143  2.871600e+001
144  4.557200e+001
   3 
1  5.498100e+001
2  5.346900e+001
3  4.454900e+001
4  6.301400e+001
5  6.827500e+001
6  1.770500e+001
7  0.000000e+000
8  0.000000e+000
9  0.000000e+000
10  6.396000e+000
11  8.657300e+001
12  9.113300e+001
13  8.603400e+001
14  1.246110e+002
15  1.362350e+002
16  1.533440e+002
17  1.494300e+002
18  1.312590e+002
19  3.267700e+001
20  0.000000e+000
21  0.000000e+000
22  0.000000e+000
23  1.242790e+002
24  1.177160e+002
25  1.335220e+002
26  1.685430e+002
27  1.823760e+002
28  2.177830e+002
29  1.724690e+002
30  1.281780e+002
31  4.805300e+001
32  0.000000e+000
33  0.000000e+000
34  1.662800e+001
35  1.359110e+002
36  1.541720e+002
37  1.675700e+002
38  1.836660e+002
39  1.781530e+002
40  2.012440e+002
41  1.606290e+002
42  1.139830e+002
43  3.449600e+001
44  2.843000e+000
45  0.000000e+000
46  6.615000e+000
47  1.426000e+001
48  2.660800e+001
49  4.492700e+001
50  1.046360e+002
51  1.201890e+002
52  1.485370e+002
53  1.449940e+002
54  9.545000e+001
55  3.917000e+000
56  0.000000e+000
57  2.100000e-001
58  1.328100e+001
59  2.044880e+002
60  1.944030e+002
61  1.886460e+002
62  1.929350e+002
63  1.733140e+002
64  1.890460e+002
65  1.876740e+002
66  1.526270e+002
67  7.096000e+001
68  0.000000e+000
69  0.000000e+000
70  3.012000e+000
71  5.244000e+000
72  6.707000e+000
73  3.957800e+001
74  8.600200e+001
75  1.469590e+002
76  1.927610e+002
77  1.651450e+002
78  1.281980e+002
79  6.263300e+001
80  4.490000e+000
81  0.000000e+000
82  6.717000e+000
83  0.000000e+000
84  3.690000e+000
85  9.376000e+000
86  3.731400e+001
87  7.010400e+001
88  9.094500e+001
89  8.856300e+001
90  4.181800e+001
91  0.000000e+000
92  0.000000e+000
93  0.000000e+000
94  7.693000e+000
95  3.937800e+001
96  6.525200e+001
97  7.114300e+001
98  9.790300e+001
99  1.979160e+002
100  1.760740e+002
101  1.564850e+002
102  1.050410e+002
103  1.103200e+001
104  0.000000e+000
105  0.000000e+000
106  0.000000e+000
107  9.895000e+000
108  1.628700e+001
109  5.980100e+001
110  8.498000e+001
111  1.027750e+002
112  9.802900e+001
113  7.757200e+001
114  1.926800e+001
115  0.000000e+000
116  0.000000e+000
117  0.000000e+000
118  1.778400e+001
119  3.176000e+001
120  5.173700e+001
121  8.589600e+001
122  1.304270e+002
123  1.701720e+002
124  1.673200e+002
125  1.368630e+002
126  8.130200e+001
127  3.106000e+000
128  0.000000e+000
129  9.798000e+000
130  1.139500e+001
131  3.100300e+001
132  6.816300e+001
133  6.080800e+001
134  6.385300e+001
135  6.453600e+001
136  4.862900e+001
137  3.030700e+001
138  0.000000e+000
139  0.000000e+000
140  0.000000e+000
141  0.000000e+000
142  6.010000e+000
143  3.370400e+001
144  5.565500e+001
   4 
1  5.505200e+001
2  5.355300e+001
3  4.559700e+001
4  6.403900e+001
5  6.928200e+001
6  1.871700e+001
7  0.000000e+000
8  0.000000e+000
9  0.000000e+000
10  6.579000e+000
11  8.681300e+001
12  9.175800e+001
13  8.665300e+001
14  1.326300e+002
15  1.447560e+002
16  1.614380e+002
17  1.575690e+002
18  1.386710e+002
19  4.171600e+001
20  0.000000e+000
21  0.000000e+000
22  0.000000e+000
23  1.247930e+002
24  1.182620e+002
25  1.368160e+002
26  1.794680e+002
27  1.898660e+002
28  2.222180e+002
29  1.743380e+002
30  1.289310e+002
31  5.156300e+001
32  0.000000e+000
33  0.000000e+000
34  1.703900e+001
35  1.363360e+002
36  1.560530e+002
37  1.724160e+002
38  1.917290e+002
39  1.813820e+002
40  2.052310e+002
41  1.622490e+002
42  1.148830e+002
43  3.683700e+001
44  2.885000e+000
45  0.000000e+000
46  6.645000e+000
47  1.439600e+001
48  2.680600e+001
49  4.508600e+001
50  1.058020e+002
51  1.213280e+002
52  1.496330e+002
53  1.459930e+002
54  9.636500e+001
55  5.104000e+000
56  0.000000e+000
57  2.090000e-001
58  1.331200e+001
59  2.095040e+002
60  1.994390e+002
61  1.949390e+002
62  1.961420e+002
63  1.745370e+002
64  1.910380e+002
65  1.902890e+002
66  1.541810e+002
67  7.378200e+001
68  3.361000e+000
69  0.000000e+000
70  3.088000e+000
71  5.545000e+000
72  7.124000e+000
73  3.996700e+001
74  8.805200e+001
75  1.533270e+002
76  1.974210e+002
77  1.672430e+002
78  1.295830e+002
79  6.559500e+001
80  9.002000e+000
81  0.000000e+000
82  6.859000e+000
83  0.000000e+000
84  3.765000e+000
85  9.447000e+000
86  3.737500e+001
87  7.013800e+001
88  9.097700e+001
89  8.859300e+001
90  4.189900e+001
91  0.000000e+000
92  0.000000e+000
93  0.000000e+000
94  7.742000e+000
95  3.945200e+001
96  6.535000e+001
97  7.124800e+001
98  9.909200e+001
99  2.036190e+002
100  1.783280e+002
101  1.574340e+002
102  1.060210e+002
103  1.369500e+001
104  0.000000e+000
105  0.000000e+000
106  0.000000e+000
107  9.964000e+000
108  1.643600e+001
109  5.992900e+001
110  8.510700e+001
111  1.029010e+002
112  9.815100e+001
113  7.768700e+001
114  1.946200e+001
115  0.000000e+000
116  0.000000e+000
117  0.000000e+000
118  1.778500e+001
119  3.176700e+001
120  5.223400e+001
121  8.656800e+001
122  1.358300e+002
123  1.746560e+002
124  1.697130e+002
125  1.383360e+002
126  8.274500e+001
127  5.424000e+000
128  0.000000e+000
129  9.802000e+000
130  1.147900e+001
131  3.111000e+001
132  6.827900e+001
133  6.092300e+001
134  6.396600e+001
135  6.464300e+001
136  4.873400e+001
137  3.041200e+001
138  0.000000e+000
139  0.000000e+000
140  0.000000e+000
141  0.000000e+000
142  6.011000e+000
143  3.371300e+001
144  5.566500e+001
   5 
1  5.365800e+001
2  5.125900e+001
3  3.959600e+001
4  5.818100e+001
5  6.352600e+001
6  1.306000e+001
7  0.000000e+000
8  0.000000e+000
9  0.000000e+000
10  6.299000e+000
11  8.644600e+001
12  8.874200e+001
13  8.365000e+001
14  1.098890e+002
15  1.189850e+002
16  1.360810e+002
17  1.315740e+002
18  1.142810e+002
19  8.408000e+000
20  0.000000e+000
21  0.000000e+000
22  0.000000e+000
23  1.189590e+002
24  1.120940e+002
25  1.216800e+002
26  1.439390e+002
27  1.581790e+002
28  2.071850e+002
29  1.680710e+002
30  1.262400e+002
31  3.967600e+001
32  0.000000e+000
33  0.000000e+000
34  1.551400e+001
35  1.334140e+002
36  1.465850e+002
37  1.539980e+002
38  1.641730e+002
39  1.687030e+002
40  1.925860e+002
41  1.568720e+002
42  1.116710e+002
43  2.883000e+001
44  2.738000e+000
45  0.000000e+000
46  6.540000e+000
47  1.391900e+001
48  2.611100e+001
49  4.397600e+001
50  1.003630e+002
51  1.160040e+002
52  1.436840e+002
53  1.399380e+002
54  9.087800e+001
55  0.000000e+000
56  0.000000e+000
57  2.130000e-001
58  1.320000e+001
59  1.926540e+002
60  1.847940e+002
61  1.779540e+002
62  1.869250e+002
63  1.707870e+002
64  1.846590e+002
65  1.824000e+002
66  1.494440e+002
67  6.522900e+001
68  0.000000e+000
69  0.000000e+000
70  2.849000e+000
71  4.607000e+000
72  5.816000e+000
73  3.872200e+001
74  8.077500e+001
75  1.499240e+002
76  1.870310e+002
77  1.620610e+002
78  1.260750e+002
79  5.828600e+001
80  2.290000e-001
81  0.000000e+000
82  6.502000e+000
83  0.000000e+000
84  3.579000e+000
85  9.267000e+000
86  3.709900e+001
87  6.996100e+001
88  9.070100e+001
89  8.832000e+001
90  4.154900e+001
91  0.000000e+000
92  0.000000e+000
93  0.000000e+000
94  7.655000e+000
95  3.932100e+001
96  6.516200e+001
97  7.004000e+001
98  9.221200e+001
99  1.841720e+002
100  1.706050e+002
101  1.535450e+002
102  1.022340e+002
103  5.215000e+000
104  0.000000e+000
105  0.000000e+000
106  0.000000e+000
107  9.766000e+000
108  1.600900e+001
109  5.813100e+001
110  8.337500e+001
111  1.011930e+002
112  9.650100e+001
113  7.611100e+001
114  1.771000e+001
115  0.000000e+000
116  0.000000e+000
117  0.000000e+000
118  1.778500e+001
119  3.176500e+001
120  4.946000e+001
121  8.129500e+001
122  1.139690e+002
123  1.530780e+002
124  1.532850e+002
125  1.246880e+002
126  7.015200e+001
127  0.000000e+000
128  0.000000e+000
129  9.797000e+000
130  1.136400e+001
131  3.096400e+001
132  6.812000e+001
133  6.076400e+001
134  6.314100e+001
135  6.399900e+001
136  4.809900e+001
137  2.978700e+001
138  0.000000e+000
139  0.000000e+000
140  0.000000e+000
141  0.000000e+000
142  6.009000e+000
143  3.370200e+001
144  5.565200e+001
   6 
1  5.503800e+001
2  5.354200e+001
3  4.527200e+001
4  6.372400e+001
5  6.897200e+001
6  1.840200e+001
7  0.000000e+000
8  0.000000e+000
9  0.000000e+000
10  6.512000e+000
11  8.672600e+001
12  9.161200e+001
13  8.650900e+001
14  1.291020e+002
15  1.411000e+002
16  1.580040e+002
17  1.541340e+002
18  1.355700e+002
19  3.801400e+001
20  0.000000e+000
21  0.000000e+000
22  0.000000e+000
23  1.247220e+002
24  1.181780e+002
25  1.356720e+002
26  1.749040e+002
27  1.874250e+002
28  2.203990e+002
29  1.735680e+002
30  1.286240e+002
31  5.006600e+001
32  0.000000e+000
33  0.000000e+000
34  1.686600e+001
35  1.361660e+002
36  1.554420e+002
37  1.705870e+002
38  1.883480e+002
39  1.800190e+002
40  2.034940e+002
41  1.615610e+002
42  1.145080e+002
43  3.584500e+001
44  2.867000e+000
45  0.000000e+000
46  6.633000e+000
47  1.433800e+001
48  2.672200e+001
49  4.501900e+001
50  1.054070e+002
51  1.209440e+002
52  1.492660e+002
53  1.456590e+002
54  9.605900e+001
55  4.688000e+000
56  0.000000e+000
57  2.090000e-001
58  1.330000e+001
59  2.074280e+002
60  1.972360e+002
61  1.921190e+002
62  1.947230e+002
63  1.740070e+002
64  1.901890e+002
65  1.891500e+002
66  1.535060e+002
67  7.256700e+001
68  1.095000e+000
69  0.000000e+000
70  3.056000e+000
71  5.417000e+000
72  6.948000e+000
73  3.980300e+001
74  8.726200e+001
75  1.506630e+002
76  1.954210e+002
77  1.663210e+002
78  1.289850e+002
79  6.434900e+001
80  7.119000e+000
81  0.000000e+000
82  6.800000e+000
83  0.000000e+000
84  3.734000e+000
85  9.418000e+000
86  3.735100e+001
87  7.012700e+001
88  9.096900e+001
89  8.858600e+001
90  4.187700e+001
91  0.000000e+000
92  0.000000e+000
93  0.000000e+000
94  7.728000e+000
95  3.943100e+001
96  6.532200e+001
97  7.122000e+001
98  9.870000e+001
99  2.011890e+002
100  1.773660e+002
101  1.570410e+002
102  1.056160e+002
103  1.259000e+001
104  0.000000e+000
105  0.000000e+000
106  0.000000e+000
107  9.935000e+000
108  1.637400e+001
109  5.987600e+001
110  8.505000e+001
111  1.028420e+002
112  9.809100e+001
113  7.763200e+001
114  1.937200e+001
115  0.000000e+000
116  0.000000e+000
117  0.000000e+000
118  1.778500e+001
119  3.176400e+001
120  5.211600e+001
121  8.644800e+001
122  1.338740e+002
123  1.731010e+002
124  1.689070e+002
125  1.378700e+002
126  8.227900e+001
127  4.616000e+000
128  0.000000e+000
129  9.801000e+000
130  1.144600e+001
131  3.106800e+001
132  6.823300e+001
133  6.087800e+001
134  6.392200e+001
135  6.460100e+001
136  4.869200e+001
137  3.037100e+001
138  0.000000e+000
139  0.000000e+000
140  0.000000e+000
141  0.000000e+000
142  6.010000e+000
143  3.370900e+001
144  5.566100e+001
   7 
1  5.505600e+001
2  5.355500e+001
3  4.564200e+001
4  6.408100e+001
5  6.932300e+001
6  1.876000e+001
7  0.000000e+000
8  0.000000e+000
9  0.000000e+000
10  6.588000e+000
11  8.682500e+001
12  9.177400e+001
13  8.666800e+001
14  1.335590e+002
15  1.456880e+002
16  1.623060e+002
17  1.584310e+002
18  1.394450e+002
19  4.256200e+001
20  0.000000e+000
21  0.000000e+000
22  0.000000e+000
23  1.247980e+002
24  1.182690e+002
25  1.370440e+002
26  1.805980e+002
27  1.904870e+002
28  2.227000e+002
29  1.745410e+002
30  1.290120e+002
31  5.194300e+001
32  0.000000e+000
33  0.000000e+000
34  1.708200e+001
35  1.363810e+002
36  1.561640e+002
37  1.728030e+002
38  1.925600e+002
39  1.817160e+002
40  2.056780e+002
41  1.624220e+002
42  1.149750e+002
43  3.707000e+001
44  2.889000e+000
45  0.000000e+000
46  6.648000e+000
47  1.440900e+001
48  2.682500e+001
49  4.510200e+001
50  1.058640e+002
51  1.213890e+002
52  1.496920e+002
53  1.460460e+002
54  9.641400e+001
55  5.179000e+000
56  0.000000e+000
57  2.090000e-001
58  1.331500e+001
59  2.100060e+002
60  2.000100e+002
61  1.956930e+002
62  1.965170e+002
63  1.746750e+002
64  1.912560e+002
65  1.905860e+002
66  1.543560e+002
67  7.409500e+001
68  3.940000e+000
69  0.000000e+000
70  3.096000e+000
71  5.577000e+000
72  7.169000e+000
73  4.000900e+001
74  8.822100e+001
75  1.539710e+002
76  1.979370e+002
77  1.674800e+002
78  1.297370e+002
79  6.593800e+001
80  9.528000e+000
81  0.000000e+000
82  6.876000e+000
83  0.000000e+000
84  3.773000e+000
85  9.456000e+000
86  3.738200e+001
87  7.014100e+001
88  9.097800e+001
89  8.859400e+001
90  4.190500e+001
91  0.000000e+000
92  0.000000e+000
93  0.000000e+000
94  7.746000e+000
95  3.945800e+001
96  6.535700e+001
97  7.125500e+001
98  9.915400e+001
99  2.042360e+002
100  1.785730e+002
101  1.575320e+002
102  1.061230e+002
103  1.397800e+001
104  0.000000e+000
105  0.000000e+000
106  0.000000e+000
107  9.971000e+000
108  1.645200e+001
109  5.994200e+001
110  8.511900e+001
111  1.029120e+002
112  9.816100e+001
113  7.769800e+001
114  1.948000e+001
115  0.000000e+000
116  0.000000e+000
117  0.000000e+000
118  1.778600e+001
119  3.176700e+001
120  5.223500e+001
121  8.656900e+001
122  1.362190e+002
123  1.749630e+002
124  1.698760e+002
125  1.384260e+002
126  8.283700e+001
127  5.586000e+000
128  0.000000e+000
129  9.803000e+000
130  1.148600e+001
131  3.111800e+001
132  6.828800e+001
133  6.093200e+001
134  6.397500e+001
135  6.465200e+001
136  4.874300e+001
137  3.042000e+001
138  0.000000e+000
139  0.000000e+000
140  0.000000e+000
141  0.000000e+000
142  6.011000e+000
143  3.371300e+001
144  5.566600e+001
   8 
1  5.506000e+001
2  5.317000e+001
3  4.290900e+001
4  6.140000e+001
5  6.669000e+001
6  1.614700e+001
7  0.000000e+000
8  0.000000e+000
9  0.000000e+000
10  6.280000e+000
11  8.642200e+001
12  9.011100e+001
13  8.502000e+001
14  1.178420e+002
15  1.285530e+002
16  1.458060e+002
17  1.417040e+002
18  1.240010e+002
19  2.259400e+001
20  0.000000e+000
21  0.000000e+000
22  0.000000e+000
23  1.225360e+002
24  1.159190e+002
25  1.288720e+002
26  1.578380e+002
27  1.723080e+002
28  2.133210e+002
29  1.706120e+002
30  1.273950e+002
31  4.450600e+001
32  0.000000e+000
33  0.000000e+000
34  1.617700e+001
35  1.351800e+002
36  1.512970e+002
37  1.619180e+002
38  1.753010e+002
39  1.745700e+002
40  1.976100e+002
41  1.590690e+002
42  1.130490e+002
43  3.218200e+001
44  2.801000e+000
45  0.000000e+000
46  6.585000e+000
47  1.412400e+001
48  2.641100e+001
49  4.466500e+001
50  1.029850e+002
51  1.185750e+002
52  1.468360e+002
53  1.433210e+002
54  9.391400e+001
55  2.122000e+000
56  0.000000e+000
57  2.110000e-001
58  1.324900e+001
59  1.994510e+002
60  1.900400e+002
61  1.835450e+002
62  1.902010e+002
63  1.722140e+002
64  1.871430e+002
65  1.853430e+002
66  1.512310e+002
67  6.847700e+001
68  0.000000e+000
69  0.000000e+000
70  2.944000e+000
71  4.979000e+000
72  6.336000e+000
73  3.923100e+001
74  8.377600e+001
75  1.410800e+002
76  1.884310e+002
77  1.631980e+002
78  1.268270e+002
79  5.995200e+001
80  3.710000e-001
81  0.000000e+000
82  6.585000e+000
83  0.000000e+000
84  3.622000e+000
85  9.310000e+000
86  3.725700e+001
87  7.006900e+001
88  9.090900e+001
89  8.852800e+001
90  4.176600e+001
91  0.000000e+000
92  0.000000e+000
93  0.000000e+000
94  7.674000e+000
95  3.934900e+001
96  6.521400e+001
97  7.082800e+001
98  9.600200e+001
99  1.924270e+002
100  1.739040e+002
101  1.554440e+002
102  1.040010e+002
103  8.570000e+000
104  0.000000e+000
105  0.000000e+000
106  0.000000e+000
107  9.835000e+000
108  1.615900e+001
109  5.937500e+001
110  8.455800e+001
111  1.023620e+002
112  9.763100e+001
113  7.719100e+001
114  1.883400e+001
115  0.000000e+000
116  0.000000e+000
117  0.000000e+000
118  1.778400e+001
119  3.175900e+001
120  5.083900e+001
121  8.427400e+001
122  1.236520e+002
123  1.632170e+002
124  1.631030e+002
125  1.334020e+002
126  7.809700e+001
127  0.000000e+000
128  0.000000e+000
129  9.796000e+000
130  1.133900e+001
131  3.093200e+001
132  6.808500e+001
133  6.073000e+001
134  6.362000e+001
135  6.434700e+001
136  4.844300e+001
137  3.012500e+001
138  0.000000e+000
139  0.000000e+000
140  0.000000e+000
141  0.000000e+000
142  6.009000e+000
143  3.370000e+001
144  5.564900e+001
   9 
1  5.507200e+001
2  5.356600e+001
3  4.567400e+001
4  6.410500e+001
5  6.934700e+001
6  1.878900e+001
7  0.000000e+000
8  0.000000e+000
9  0.000000e+000
10  6.612000e+000
11  8.685600e+001
12  9.181000e+001
13  8.670500e+001
14  1.363010e+002
15  1.483880e+002
16  1.648120e+002
17  1.604590e+002
18  1.412610e+002
19  4.459800e+001
20  0.000000e+000
21  0.000000e+000
22  0.000000e+000
23  1.248130e+002
24  1.182900e+002
25  1.374930e+002
26  1.837040e+002
27  1.922140e+002
28  2.241010e+002
29  1.751190e+002
30  1.292430e+002
31  5.297400e+001
32  0.000000e+000
33  0.000000e+000
34  1.719600e+001
35  1.365030e+002
36  1.563910e+002
37  1.736740e+002
38  1.948370e+002
39  1.826460e+002
40  2.069730e+002
41  1.629230e+002
42  1.152380e+002
43  3.772800e+001
44  2.900000e+000
45  0.000000e+000
46  6.656000e+000
47  1.444500e+001
48  2.687800e+001
49  4.514500e+001
50  1.059390e+002
51  1.214620e+002
52  1.497620e+002
53  1.461110e+002
54  9.647300e+001
55  5.332000e+000
56  0.000000e+000
57  2.090000e-001
58  1.332500e+001
59  2.113640e+002
60  2.016700e+002
61  1.979420e+002
62  1.976220e+002
63  1.750840e+002
64  1.918880e+002
65  1.914510e+002
66  1.548650e+002
67  7.500500e+001
68  5.622000e+000
69  0.000000e+000
70  3.120000e+000
71  5.670000e+000
72  7.299000e+000
73  4.012900e+001
74  8.859400e+001
75  1.556640e+002
76  1.993860e+002
77  1.681350e+002
78  1.301490e+002
79  6.682600e+001
80  1.088000e+001
81  0.000000e+000
82  6.919000e+000
83  0.000000e+000
84  3.796000e+000
85  9.477000e+000
86  3.728400e+001
87  7.008200e+001
88  9.091800e+001
89  8.853500e+001
90  4.186300e+001
91  0.000000e+000
92  0.000000e+000
93  0.000000e+000
94  7.759000e+000
95  3.947700e+001
96  6.528900e+001
97  7.100200e+001
98  9.894900e+001
99  2.058810e+002
100  1.792280e+002
101  1.577860e+002
102  1.063960e+002
103  1.475300e+001
104  0.000000e+000
105  0.000000e+000
106  0.000000e+000
107  9.991000e+000
108  1.649500e+001
109  5.997800e+001
110  8.515300e+001
111  1.029440e+002
112  9.819100e+001
113  7.772600e+001
114  1.952700e+001
115  0.000000e+000
116  0.000000e+000
117  0.000000e+000
118  1.778600e+001
119  3.176900e+001
120  5.223700e+001
121  8.657100e+001
122  1.370970e+002
123  1.756560e+002
124  1.702330e+002
125  1.386220e+002
126  8.303600e+001
127  5.949000e+000
128  0.000000e+000
129  9.803000e+000
130  1.150100e+001
131  3.113800e+001
132  6.830900e+001
133  6.095300e+001
134  6.399600e+001
135  6.467200e+001
136  4.876300e+001
137  3.044000e+001
138  0.000000e+000
139  0.000000e+000
140  0.000000e+000
141  0.000000e+000
142  6.011000e+000
143  3.371500e+001
144  5.566800e+001
   10 
1  5.505800e+001
2  5.355600e+001
3  4.565300e+001
4  6.409100e+001
5  6.933300e+001
6  1.877100e+001
7  0.000000e+000
8  0.000000e+000
9  0.000000e+000
10  6.591000e+000
11  8.682900e+001
12  9.177800e+001
13  8.667200e+001
14  1.338780e+002
15  1.460070e+002
16  1.626020e+002
17  1.586970e+002
18  1.396830e+002
19  4.282400e+001
20  0.000000e+000
21  0.000000e+000
22  0.000000e+000
23  1.248000e+002
24  1.182710e+002
25  1.371140e+002
26  1.809780e+002
27  1.906970e+002
28  2.228660e+002
29  1.746110e+002
30  1.290400e+002
31  5.206500e+001
32  0.000000e+000
33  0.000000e+000
34  1.709600e+001
35  1.363960e+002
36  1.561980e+002
37  1.729250e+002
38  1.928390e+002
39  1.818290e+002
40  2.058300e+002
41  1.624810e+002
42  1.150060e+002
43  3.714700e+001
44  2.890000e+000
45  0.000000e+000
46  6.649000e+000
47  1.441300e+001
48  2.683100e+001
49  4.510700e+001
50  1.058810e+002
51  1.214050e+002
52  1.497070e+002
53  1.460610e+002
54  9.642700e+001
55  5.201000e+000
56  0.000000e+000
57  2.090000e-001
58  1.331600e+001
59  2.101730e+002
60  2.002050e+002
61  1.959530e+002
62  1.966450e+002
63  1.747230e+002
64  1.913300e+002
65  1.906880e+002
66  1.544160e+002
67  7.420100e+001
68  4.137000e+000
69  0.000000e+000
70  3.099000e+000
71  5.588000e+000
72  7.184000e+000
73  4.002300e+001
74  8.827500e+001
75  1.541850e+002
76  1.981120e+002
77  1.675610e+002
78  1.297890e+002
79  6.605700e+001
80  9.713000e+000
81  0.000000e+000
82  6.882000e+000
83  0.000000e+000
84  3.777000e+000
85  9.458000e+000
86  3.738400e+001
87  7.014200e+001
88  9.097900e+001
89  8.859400e+001
90  4.190600e+001
91  0.000000e+000
92  0.000000e+000
93  0.000000e+000
94  7.747000e+000
95  3.945900e+001
96  6.535900e+001
97  7.125700e+001
98  9.917000e+001
99  2.044450e+002
100  1.786560e+002
101  1.575640e+002
102  1.061570e+002
103  1.407100e+001
104  0.000000e+000
105  0.000000e+000
106  0.000000e+000
107  9.974000e+000
108  1.645700e+001
109  5.994600e+001
110  8.512300e+001
111  1.029160e+002
112  9.816500e+001
113  7.770100e+001
114  1.948500e+001
115  0.000000e+000
116  0.000000e+000
117  0.000000e+000
118  1.778600e+001
119  3.176700e+001
120  5.223500e+001
121  8.656900e+001
122  1.363410e+002
123  1.750600e+002
124  1.699270e+002
125  1.384550e+002
126  8.286500e+001
127  5.637000e+000
128  0.000000e+000
129  9.803000e+000
130  1.148800e+001
131  3.112100e+001
132  6.829100e+001
133  6.093500e+001
134  6.397800e+001
135  6.465500e+001
136  4.874600e+001
137  3.042300e+001
138  0.000000e+000
139  0.000000e+000
140  0.000000e+000
141  0.000000e+000
142  6.011000e+000
143  3.371300e+001
144  5.566700e+001
   11 
1  4.738800e+001
2  4.164300e+001
3  2.950800e+001
4  4.906000e+001
5  5.397000e+001
6  4.040000e+000
7  0.000000e+000
8  0.000000e+000
9  0.000000e+000
10  6.910000e+000
11  8.300200e+001
12  8.016500e+001
13  7.552100e+001
14  8.078900e+001
15  8.179500e+001
16  9.264700e+001
17  8.114800e+001
18  6.268800e+001
19  0.000000e+000
20  0.000000e+000
21  0.000000e+000
22  0.000000e+000
23  9.010100e+001
24  8.182500e+001
25  8.213100e+001
26  8.481700e+001
27  9.451000e+001
28  1.505910e+002
29  1.322700e+002
30  9.700300e+001
31  3.076000e+000
32  0.000000e+000
33  0.000000e+000
34  1.335200e+001
35  1.163570e+002
36  1.210980e+002
37  1.211150e+002
38  1.239390e+002
39  1.283190e+002
40  1.463200e+002
41  1.206560e+002
42  7.919300e+001
43  0.000000e+000
44  2.536000e+000
45  0.000000e+000
46  6.395000e+000
47  1.325900e+001
48  2.514000e+001
49  3.900900e+001
50  8.707000e+001
51  9.854400e+001
52  1.164950e+002
53  1.085190e+002
54  6.242400e+001
55  0.000000e+000
56  0.000000e+000
57  2.140000e-001
58  1.316200e+001
59  1.478420e+002
60  1.482150e+002
61  1.443000e+002
62  1.568550e+002
63  1.468190e+002
64  1.573440e+002
65  1.619530e+002
66  1.338560e+002
67  4.529200e+001
68  0.000000e+000
69  0.000000e+000
70  2.498000e+000
71  3.217000e+000
72  4.446000e+000
73  3.387300e+001
74  6.166800e+001
75  1.236850e+002
76  1.529960e+002
77  1.361310e+002
78  1.022860e+002
79  2.641300e+001
80  2.080000e-001
81  0.000000e+000
82  5.667000e+000
83  0.000000e+000
84  3.145000e+000
85  8.847000e+000
86  3.672700e+001
87  6.931700e+001
88  8.160800e+001
89  7.776900e+001
90  3.120600e+001
91  0.000000e+000
92  0.000000e+000
93  0.000000e+000
94  7.612000e+000
95  3.876800e+001
96  6.236800e+001
97  6.205700e+001
98  6.907000e+001
99  1.252830e+002
100  1.198570e+002
101  1.072240e+002
102  5.977300e+001
103  2.560000e-001
104  0.000000e+000
105  0.000000e+000
106  0.000000e+000
107  9.777000e+000
108  1.603100e+001
109  4.757100e+001
110  7.317000e+001
111  8.520300e+001
112  7.681600e+001
113  5.716200e+001
114  0.000000e+000
115  0.000000e+000
116  0.000000e+000
117  0.000000e+000
118  1.782300e+001
119  3.192500e+001
120  4.339000e+001
121  6.323100e+001
122  7.241600e+001
123  1.039730e+002
124  1.013150e+002
125  7.657500e+001
126  2.484800e+001
127  0.000000e+000
128  0.000000e+000
129  9.818000e+000
130  1.181800e+001
131  3.153900e+001
132  6.870200e+001
133  6.133400e+001
134  5.666400e+001
135  5.984000e+001
136  4.411700e+001
137  2.590900e+001
138  0.000000e+000
139  0.000000e+000
140  0.000000e+000
141  0.000000e+000
142  6.043000e+000
143  3.308300e+001
144  5.500200e+001
   12 
1  5.495600e+001
2  5.343100e+001
3  4.439500e+001
4  6.286300e+001
5  6.812700e+001
6  1.756000e+001
7  0.000000e+000
8  0.000000e+000
9  0.000000e+000
10  6.378000e+000
11  8.655000e+001
12  9.104100e+001
13  8.594300e+001
14  1.239370e+002
15  1.354890e+002
16  1.526210e+002
17  1.486970e+002
18  1.305780e+002
19  3.177100e+001
20  0.000000e+000
21  0.000000e+000
22  0.000000e+000
23  1.241680e+002
24  1.176010e+002
25  1.331360e+002
26  1.675440e+002
27  1.814540e+002
28  2.173640e+002
29  1.722950e+002
30  1.281060e+002
31  4.773300e+001
32  0.000000e+000
33  0.000000e+000
34  1.658900e+001
35  1.358690e+002
36  1.539450e+002
37  1.670710e+002
38  1.829410e+002
39  1.778680e+002
40  2.009060e+002
41  1.604870e+002
42  1.139010e+002
43  3.429100e+001
44  2.839000e+000
45  0.000000e+000
46  6.613000e+000
47  1.424800e+001
48  2.659100e+001
49  4.491300e+001
50  1.045020e+002
51  1.200580e+002
52  1.484120e+002
53  1.448790e+002
54  9.534500e+001
55  3.789000e+000
56  0.000000e+000
57  2.100000e-001
58  1.327900e+001
59  2.040230e+002
60  1.939770e+002
61  1.881350e+002
62  1.926670e+002
63  1.732090e+002
64  1.888660e+002
65  1.874500e+002
66  1.524940e+002
67  7.073100e+001
68  0.000000e+000
69  0.000000e+000
70  3.006000e+000
71  5.222000e+000
72  6.675000e+000
73  3.954800e+001
74  8.579900e+001
75  1.463870e+002
76  1.923480e+002
77  1.649610e+002
78  1.280710e+002
79  6.235100e+001
80  4.058000e+000
81  0.000000e+000
82  6.703000e+000
83  0.000000e+000
84  3.683000e+000
85  9.369000e+000
86  3.730800e+001
87  7.009900e+001
88  9.093800e+001
89  8.855500e+001
90  4.180700e+001
91  0.000000e+000
92  0.000000e+000
93  0.000000e+000
94  7.690000e+000
95  3.937300e+001
96  6.524600e+001
97  7.112700e+001
98  9.776000e+001
99  1.974060e+002
100  1.758730e+002
101  1.563950e+002
102  1.049460e+002
103  1.080000e+001
104  0.000000e+000
105  0.000000e+000
106  0.000000e+000
107  9.889000e+000
108  1.627500e+001
109  5.978400e+001
110  8.496300e+001
111  1.027580e+002
112  9.801300e+001
113  7.755600e+001
114  1.924200e+001
115  0.000000e+000
116  0.000000e+000
117  0.000000e+000
118  1.778400e+001
119  3.175900e+001
120  5.166300e+001
121  8.577700e+001
122  1.298310e+002
123  1.695690e+002
124  1.669910e+002
125  1.366330e+002
126  8.108500e+001
127  2.816000e+000
128  0.000000e+000
129  9.798000e+000
130  1.138800e+001
131  3.099400e+001
132  6.815300e+001
133  6.079800e+001
134  6.384100e+001
135  6.452400e+001
136  4.861700e+001
137  3.029600e+001
138  0.000000e+000
139  0.000000e+000
140  0.000000e+000
141  0.000000e+000
142  6.010000e+000
143  3.370400e+001
144  5.565400e+001
