   1 
1  6.856600e+001
2  1.017900e+002
3  1.017490e+002
4  1.180560e+002
5  8.869500e+001
6  6.696000e+000
7  0.000000e+000
8  0.000000e+000
9  0.000000e+000
10  8.655000e+000
11  1.455300e+001
12  3.588600e+001
13  5.821500e+001
14  8.174600e+001
15  1.295130e+002
16  1.352710e+002
17  1.207400e+002
18  4.739700e+001
19  0.000000e+000
20  0.000000e+000
21  0.000000e+000
22  1.409300e+001
23  1.405300e+001
24  7.782100e+001
25  1.006100e+002
26  1.451610e+002
27  1.363430e+002
28  1.379360e+002
29  1.253550e+002
30  7.981300e+001
31  0.000000e+000
32  0.000000e+000
33  0.000000e+000
34  0.000000e+000
35  6.236000e+000
36  2.591200e+001
37  4.648300e+001
38  5.697600e+001
39  9.087100e+001
40  1.011320e+002
41  8.915600e+001
42  2.666800e+001
43  0.000000e+000
44  0.000000e+000
45  0.000000e+000
46  1.560100e+001
47  1.065120e+002
48  1.350620e+002
49  1.681370e+002
50  1.698550e+002
51  1.675640e+002
52  1.567560e+002
53  1.261170e+002
54  5.224400e+001
55  0.000000e+000
56  0.000000e+000
57  1.540000e-001
58  3.708000e+000
59  7.403300e+001
60  6.966900e+001
61  7.172900e+001
62  6.408200e+001
63  5.681900e+001
64  6.656300e+001
65  3.506800e+001
66  0.000000e+000
67  0.000000e+000
68  0.000000e+000
69  5.864000e+000
70  1.353000e+000
71  4.890000e-001
72  0.000000e+000
73  2.547200e+001
74  3.010200e+001
75  5.617600e+001
76  6.106700e+001
77  3.772200e+001
78  0.000000e+000
79  0.000000e+000
80  0.000000e+000
81  3.163000e+000
82  1.042800e+001
83  2.158000e+001
84  2.741200e+001
85  2.663900e+001
86  5.860100e+001
87  5.081400e+001
88  3.467200e+001
89  4.156400e+001
90  0.000000e+000
91  0.000000e+000
92  0.000000e+000
93  0.000000e+000
94  7.140000e-001
95  3.893300e+001
96  4.268500e+001
97  4.649800e+001
98  1.192910e+002
99  1.350290e+002
100  1.327440e+002
101  1.102860e+002
102  3.521300e+001
103  0.000000e+000
104  0.000000e+000
105  0.000000e+000
106  1.210000e+000
107  1.044700e+001
108  1.416100e+001
109  4.135300e+001
110  3.360700e+001
111  2.640100e+001
112  2.322100e+001
113  0.000000e+000
114  0.000000e+000
115  0.000000e+000
116  0.000000e+000
117  7.000000e-003
118  8.194000e+000
119  2.797200e+001
120  2.547400e+001
121  3.591200e+001
122  3.760000e+001
123  8.171900e+001
124  6.987700e+001
125  3.686300e+001
126  0.000000e+000
127  0.000000e+000
128  0.000000e+000
129  5.043000e+000
130  7.800000e+000
131  3.176100e+001
132  6.302000e+001
133  5.561300e+001
134  4.334800e+001
135  4.389600e+001
136  3.053900e+001
137  1.490000e+000
138  0.000000e+000
139  0.000000e+000
140  0.000000e+000
141  7.680000e-001
142  1.454000e+000
143  2.252200e+001
144  5.053500e+001
   2 
1  6.172200e+001
2  6.683500e+001
3  6.576600e+001
4  7.329300e+001
5  4.627800e+001
6  0.000000e+000
7  0.000000e+000
8  0.000000e+000
9  0.000000e+000
10  8.527000e+000
11  1.403300e+001
12  3.361700e+001
13  5.520400e+001
14  7.743500e+001
15  1.130650e+002
16  1.059910e+002
17  9.179300e+001
18  2.026700e+001
19  0.000000e+000
20  0.000000e+000
21  0.000000e+000
22  1.391100e+001
23  1.389300e+001
24  6.350700e+001
25  6.807700e+001
26  8.489500e+001
27  7.643400e+001
28  7.398500e+001
29  6.359700e+001
30  2.063400e+001
31  0.000000e+000
32  0.000000e+000
33  0.000000e+000
34  0.000000e+000
35  6.303000e+000
36  2.172200e+001
37  3.972900e+001
38  4.816600e+001
39  7.267600e+001
40  8.096000e+001
41  6.753800e+001
42  2.852000e+000
43  0.000000e+000
44  0.000000e+000
45  0.000000e+000
46  1.456400e+001
47  8.950200e+001
48  1.149230e+002
49  1.370490e+002
50  1.336600e+002
51  1.325830e+002
52  1.226870e+002
53  9.627300e+001
54  1.890600e+001
55  0.000000e+000
56  0.000000e+000
57  1.550000e-001
58  3.491000e+000
59  5.243400e+001
60  4.810300e+001
61  4.926300e+001
62  4.161600e+001
63  3.464300e+001
64  4.241200e+001
65  1.275100e+001
66  0.000000e+000
67  0.000000e+000
68  0.000000e+000
69  5.888000e+000
70  1.374000e+000
71  4.880000e-001
72  0.000000e+000
73  2.525700e+001
74  2.993900e+001
75  5.251200e+001
76  5.399800e+001
77  3.014900e+001
78  0.000000e+000
79  0.000000e+000
80  0.000000e+000
81  3.166000e+000
82  1.036800e+001
83  2.137800e+001
84  2.724900e+001
85  2.649900e+001
86  3.428800e+001
87  3.223700e+001
88  1.942100e+001
89  2.598300e+001
90  0.000000e+000
91  0.000000e+000
92  0.000000e+000
93  0.000000e+000
94  7.120000e-001
95  3.703500e+001
96  4.142000e+001
97  4.505100e+001
98  9.298500e+001
99  9.623300e+001
100  9.290500e+001
101  7.373700e+001
102  2.216000e+000
103  0.000000e+000
104  0.000000e+000
105  0.000000e+000
106  1.191000e+000
107  9.677000e+000
108  1.345200e+001
109  3.761800e+001
110  3.157200e+001
111  2.532700e+001
112  2.279200e+001
113  0.000000e+000
114  0.000000e+000
115  0.000000e+000
116  0.000000e+000
117  7.000000e-003
118  8.193000e+000
119  2.627600e+001
120  2.405200e+001
121  3.453200e+001
122  3.467900e+001
123  5.721400e+001
124  4.585700e+001
125  1.345600e+001
126  0.000000e+000
127  0.000000e+000
128  0.000000e+000
129  5.041000e+000
130  7.793000e+000
131  2.946200e+001
132  5.847700e+001
133  5.110900e+001
134  3.888200e+001
135  3.893900e+001
136  2.601100e+001
137  0.000000e+000
138  0.000000e+000
139  0.000000e+000
140  0.000000e+000
141  7.670000e-001
142  1.452000e+000
143  2.117200e+001
144  4.912300e+001
   3 
1  6.856200e+001
2  9.991700e+001
3  9.990600e+001
4  1.162860e+002
5  8.702600e+001
6  5.089000e+000
7  0.000000e+000
8  0.000000e+000
9  0.000000e+000
10  8.653000e+000
11  1.455100e+001
12  3.588200e+001
13  5.821200e+001
14  8.174100e+001
15  1.295070e+002
16  1.352650e+002
17  1.207350e+002
18  4.728500e+001
19  0.000000e+000
20  0.000000e+000
21  0.000000e+000
22  1.410400e+001
23  1.407300e+001
24  7.785700e+001
25  9.990000e+001
26  1.443340e+002
27  1.355480e+002
28  1.371920e+002
29  1.246660e+002
30  7.913400e+001
31  0.000000e+000
32  0.000000e+000
33  0.000000e+000
34  0.000000e+000
35  6.193000e+000
36  2.584700e+001
37  4.643000e+001
38  5.692700e+001
39  9.082700e+001
40  1.010910e+002
41  8.911700e+001
42  2.648600e+001
43  0.000000e+000
44  0.000000e+000
45  0.000000e+000
46  1.560100e+001
47  1.065160e+002
48  1.350500e+002
49  1.681100e+002
50  1.698290e+002
51  1.675640e+002
52  1.567570e+002
53  1.261180e+002
54  5.216600e+001
55  0.000000e+000
56  0.000000e+000
57  1.540000e-001
58  3.705000e+000
59  7.402900e+001
60  6.966500e+001
61  7.172400e+001
62  6.407800e+001
63  5.681500e+001
64  6.655900e+001
65  3.506400e+001
66  0.000000e+000
67  0.000000e+000
68  0.000000e+000
69  5.864000e+000
70  1.353000e+000
71  4.890000e-001
72  0.000000e+000
73  2.547200e+001
74  3.010200e+001
75  5.617600e+001
76  6.106800e+001
77  3.772200e+001
78  0.000000e+000
79  0.000000e+000
80  0.000000e+000
81  3.163000e+000
82  1.042800e+001
83  2.158100e+001
84  2.741200e+001
85  2.663900e+001
86  5.790800e+001
87  5.012700e+001
88  3.399400e+001
89  4.089700e+001
90  0.000000e+000
91  0.000000e+000
92  0.000000e+000
93  0.000000e+000
94  7.140000e-001
95  3.893200e+001
96  4.268400e+001
97  4.649800e+001
98  1.188850e+002
99  1.346220e+002
100  1.323610e+002
101  1.099300e+002
102  3.488900e+001
103  0.000000e+000
104  0.000000e+000
105  0.000000e+000
106  1.210000e+000
107  1.044700e+001
108  1.416100e+001
109  4.135300e+001
110  3.360600e+001
111  2.640100e+001
112  2.322100e+001
113  0.000000e+000
114  0.000000e+000
115  0.000000e+000
116  0.000000e+000
117  7.000000e-003
118  8.194000e+000
119  2.797200e+001
120  2.547400e+001
121  3.591200e+001
122  3.760000e+001
123  8.171900e+001
124  6.987700e+001
125  3.686300e+001
126  0.000000e+000
127  0.000000e+000
128  0.000000e+000
129  5.043000e+000
130  7.800000e+000
131  3.176100e+001
132  6.302000e+001
133  5.561200e+001
134  4.334800e+001
135  4.389600e+001
136  3.053900e+001
137  1.490000e+000
138  0.000000e+000
139  0.000000e+000
140  0.000000e+000
141  7.680000e-001
142  1.454000e+000
143  2.252200e+001
144  5.053500e+001
   4 
1  6.856900e+001
2  1.029950e+002
3  1.029320e+002
4  1.191920e+002
5  8.976400e+001
6  7.724000e+000
7  0.000000e+000
8  0.000000e+000
9  0.000000e+000
10  8.656000e+000
11  1.455500e+001
12  3.588800e+001
13  5.821700e+001
14  8.174800e+001
15  1.295160e+002
16  1.352750e+002
17  1.207440e+002
18  4.750800e+001
19  0.000000e+000
20  0.000000e+000
21  0.000000e+000
22  1.408600e+001
23  1.403900e+001
24  7.779500e+001
25  1.009320e+002
26  1.454800e+002
27  1.366460e+002
28  1.382170e+002
29  1.256140e+002
30  8.009400e+001
31  0.000000e+000
32  0.000000e+000
33  0.000000e+000
34  0.000000e+000
35  6.258000e+000
36  2.594500e+001
37  4.651000e+001
38  5.700000e+001
39  9.089200e+001
40  1.011520e+002
41  8.917500e+001
42  2.676600e+001
43  0.000000e+000
44  0.000000e+000
45  0.000000e+000
46  1.560100e+001
47  1.065110e+002
48  1.350600e+002
49  1.681350e+002
50  1.698520e+002
51  1.675630e+002
52  1.567560e+002
53  1.261170e+002
54  5.228300e+001
55  0.000000e+000
56  0.000000e+000
57  1.540000e-001
58  3.709000e+000
59  7.403500e+001
60  6.967200e+001
61  7.173100e+001
62  6.408400e+001
63  5.682100e+001
64  6.656500e+001
65  3.507000e+001
66  0.000000e+000
67  0.000000e+000
68  0.000000e+000
69  5.864000e+000
70  1.353000e+000
71  4.890000e-001
72  0.000000e+000
73  2.547200e+001
74  3.010200e+001
75  5.617600e+001
76  6.106700e+001
77  3.772200e+001
78  0.000000e+000
79  0.000000e+000
80  0.000000e+000
81  3.163000e+000
82  1.042800e+001
83  2.158000e+001
84  2.741200e+001
85  2.663900e+001
86  5.891300e+001
87  5.112300e+001
88  3.497600e+001
89  4.186300e+001
90  0.000000e+000
91  0.000000e+000
92  0.000000e+000
93  0.000000e+000
94  7.140000e-001
95  3.893300e+001
96  4.268500e+001
97  4.649900e+001
98  1.193920e+002
99  1.351280e+002
100  1.328370e+002
101  1.103720e+002
102  3.529100e+001
103  0.000000e+000
104  0.000000e+000
105  0.000000e+000
106  1.210000e+000
107  1.044700e+001
108  1.416100e+001
109  4.135300e+001
110  3.360700e+001
111  2.640100e+001
112  2.322100e+001
113  0.000000e+000
114  0.000000e+000
115  0.000000e+000
116  0.000000e+000
117  7.000000e-003
118  8.194000e+000
119  2.797200e+001
120  2.547400e+001
121  3.591200e+001
122  3.760000e+001
123  8.171900e+001
124  6.987700e+001
125  3.686300e+001
126  0.000000e+000
127  0.000000e+000
128  0.000000e+000
129  5.043000e+000
130  7.800000e+000
131  3.176100e+001
132  6.302000e+001
133  5.561300e+001
134  4.334800e+001
135  4.389600e+001
136  3.053900e+001
137  1.490000e+000
138  0.000000e+000
139  0.000000e+000
140  0.000000e+000
141  7.680000e-001
142  1.454000e+000
143  2.252200e+001
144  5.053500e+001
   5 
1  6.851000e+001
2  9.346400e+001
3  9.354300e+001
4  1.101470e+002
5  8.121700e+001
6  0.000000e+000
7  0.000000e+000
8  0.000000e+000
9  0.000000e+000
10  8.643000e+000
11  1.453400e+001
12  3.585900e+001
13  5.818900e+001
14  8.171400e+001
15  1.294290e+002
16  1.351860e+002
17  1.206640e+002
18  4.709900e+001
19  0.000000e+000
20  0.000000e+000
21  0.000000e+000
22  1.412200e+001
23  1.410500e+001
24  7.782700e+001
25  9.653000e+001
26  1.376320e+002
27  1.290440e+002
28  1.310440e+002
29  1.189100e+002
30  7.369100e+001
31  0.000000e+000
32  0.000000e+000
33  0.000000e+000
34  0.000000e+000
35  6.079000e+000
36  2.567400e+001
37  4.628600e+001
38  5.637500e+001
39  9.029100e+001
40  1.005710e+002
41  8.861800e+001
42  2.558800e+001
43  0.000000e+000
44  0.000000e+000
45  0.000000e+000
46  1.560100e+001
47  1.064340e+002
48  1.349700e+002
49  1.668940e+002
50  1.684540e+002
51  1.675620e+002
52  1.567590e+002
53  1.261180e+002
54  5.168800e+001
55  0.000000e+000
56  0.000000e+000
57  1.540000e-001
58  3.688000e+000
59  7.400500e+001
60  6.963800e+001
61  7.170000e+001
62  6.405400e+001
63  5.679200e+001
64  6.653600e+001
65  3.504200e+001
66  0.000000e+000
67  0.000000e+000
68  0.000000e+000
69  5.863000e+000
70  1.353000e+000
71  4.900000e-001
72  0.000000e+000
73  2.547300e+001
74  3.010300e+001
75  5.617700e+001
76  6.106800e+001
77  3.772300e+001
78  0.000000e+000
79  0.000000e+000
80  0.000000e+000
81  3.163000e+000
82  1.042800e+001
83  2.158100e+001
84  2.741300e+001
85  2.663900e+001
86  5.314900e+001
87  4.540800e+001
88  2.933800e+001
89  3.631700e+001
90  0.000000e+000
91  0.000000e+000
92  0.000000e+000
93  0.000000e+000
94  7.140000e-001
95  3.893000e+001
96  4.268100e+001
97  4.649500e+001
98  1.159520e+002
99  1.307760e+002
100  1.287350e+002
101  1.065530e+002
102  3.183400e+001
103  0.000000e+000
104  0.000000e+000
105  0.000000e+000
106  1.208000e+000
107  1.044300e+001
108  1.415600e+001
109  4.134900e+001
110  3.360300e+001
111  2.639800e+001
112  2.321900e+001
113  0.000000e+000
114  0.000000e+000
115  0.000000e+000
116  0.000000e+000
117  7.000000e-003
118  8.194000e+000
119  2.797200e+001
120  2.547400e+001
121  3.591200e+001
122  3.759000e+001
123  8.064700e+001
124  6.882900e+001
125  3.585200e+001
126  0.000000e+000
127  0.000000e+000
128  0.000000e+000
129  5.043000e+000
130  7.800000e+000
131  3.176100e+001
132  6.301900e+001
133  5.561200e+001
134  4.334700e+001
135  4.389500e+001
136  3.053900e+001
137  1.496000e+000
138  0.000000e+000
139  0.000000e+000
140  0.000000e+000
141  7.680000e-001
142  1.453000e+000
143  2.252200e+001
144  5.053400e+001
   6 
1  6.856600e+001
2  1.017020e+002
3  1.016610e+002
4  1.179730e+002
5  8.861600e+001
6  6.620000e+000
7  0.000000e+000
8  0.000000e+000
9  0.000000e+000
10  8.655000e+000
11  1.455300e+001
12  3.588600e+001
13  5.821500e+001
14  8.174500e+001
15  1.295120e+002
16  1.352710e+002
17  1.207400e+002
18  4.739100e+001
19  0.000000e+000
20  0.000000e+000
21  0.000000e+000
22  1.409400e+001
23  1.405400e+001
24  7.782300e+001
25  1.005810e+002
26  1.451330e+002
27  1.363150e+002
28  1.379100e+002
29  1.253320e+002
30  7.978900e+001
31  0.000000e+000
32  0.000000e+000
33  0.000000e+000
34  0.000000e+000
35  6.234000e+000
36  2.590900e+001
37  4.648100e+001
38  5.697400e+001
39  9.086900e+001
40  1.011300e+002
41  8.915400e+001
42  2.666000e+001
43  0.000000e+000
44  0.000000e+000
45  0.000000e+000
46  1.560100e+001
47  1.065120e+002
48  1.350620e+002
49  1.681380e+002
50  1.698550e+002
51  1.675640e+002
52  1.567560e+002
53  1.261170e+002
54  5.224100e+001
55  0.000000e+000
56  0.000000e+000
57  1.540000e-001
58  3.708000e+000
59  7.403300e+001
60  6.966900e+001
61  7.172800e+001
62  6.408200e+001
63  5.681900e+001
64  6.656300e+001
65  3.506800e+001
66  0.000000e+000
67  0.000000e+000
68  0.000000e+000
69  5.864000e+000
70  1.353000e+000
71  4.890000e-001
72  0.000000e+000
73  2.547200e+001
74  3.010200e+001
75  5.617600e+001
76  6.106700e+001
77  3.772200e+001
78  0.000000e+000
79  0.000000e+000
80  0.000000e+000
81  3.163000e+000
82  1.042800e+001
83  2.158000e+001
84  2.741200e+001
85  2.663900e+001
86  5.857300e+001
87  5.078600e+001
88  3.464500e+001
89  4.153700e+001
90  0.000000e+000
91  0.000000e+000
92  0.000000e+000
93  0.000000e+000
94  7.140000e-001
95  3.893300e+001
96  4.268500e+001
97  4.649800e+001
98  1.192770e+002
99  1.350160e+002
100  1.327310e+002
101  1.102750e+002
102  3.520300e+001
103  0.000000e+000
104  0.000000e+000
105  0.000000e+000
106  1.210000e+000
107  1.044700e+001
108  1.416100e+001
109  4.135300e+001
110  3.360700e+001
111  2.640100e+001
112  2.322100e+001
113  0.000000e+000
114  0.000000e+000
115  0.000000e+000
116  0.000000e+000
117  7.000000e-003
118  8.194000e+000
119  2.797200e+001
120  2.547400e+001
121  3.591200e+001
122  3.760000e+001
123  8.171900e+001
124  6.987700e+001
125  3.686300e+001
126  0.000000e+000
127  0.000000e+000
128  0.000000e+000
129  5.043000e+000
130  7.800000e+000
131  3.176100e+001
132  6.302000e+001
133  5.561300e+001
134  4.334800e+001
135  4.389600e+001
136  3.053900e+001
137  1.490000e+000
138  0.000000e+000
139  0.000000e+000
140  0.000000e+000
141  7.680000e-001
142  1.454000e+000
143  2.252200e+001
144  5.053500e+001
   7 
1  6.856900e+001
2  1.033070e+002
3  1.032390e+002
4  1.194870e+002
5  9.004100e+001
6  7.990000e+000
7  0.000000e+000
8  0.000000e+000
9  0.000000e+000
10  8.656000e+000
11  1.455500e+001
12  3.588900e+001
13  5.821800e+001
14  8.174900e+001
15  1.295170e+002
16  1.352760e+002
17  1.207450e+002
18  4.753300e+001
19  0.000000e+000
20  0.000000e+000
21  0.000000e+000
22  1.408400e+001
23  1.403600e+001
24  7.778900e+001
25  1.009880e+002
26  1.455350e+002
27  1.366980e+002
28  1.382650e+002
29  1.256580e+002
30  8.014000e+001
31  0.000000e+000
32  0.000000e+000
33  0.000000e+000
34  0.000000e+000
35  6.263000e+000
36  2.595200e+001
37  4.651600e+001
38  5.700600e+001
39  9.089700e+001
40  1.011570e+002
41  8.918000e+001
42  2.678900e+001
43  0.000000e+000
44  0.000000e+000
45  0.000000e+000
46  1.560100e+001
47  1.065110e+002
48  1.350600e+002
49  1.681350e+002
50  1.698520e+002
51  1.675630e+002
52  1.567560e+002
53  1.261170e+002
54  5.229200e+001
55  0.000000e+000
56  0.000000e+000
57  1.540000e-001
58  3.710000e+000
59  7.403500e+001
60  6.967200e+001
61  7.173100e+001
62  6.408500e+001
63  5.682100e+001
64  6.656500e+001
65  3.507000e+001
66  0.000000e+000
67  0.000000e+000
68  0.000000e+000
69  5.864000e+000
70  1.353000e+000
71  4.890000e-001
72  0.000000e+000
73  2.547200e+001
74  3.010200e+001
75  5.617600e+001
76  6.106700e+001
77  3.772200e+001
78  0.000000e+000
79  0.000000e+000
80  0.000000e+000
81  3.163000e+000
82  1.042800e+001
83  2.158000e+001
84  2.741200e+001
85  2.663900e+001
86  5.896400e+001
87  5.117400e+001
88  3.502700e+001
89  4.191300e+001
90  0.000000e+000
91  0.000000e+000
92  0.000000e+000
93  0.000000e+000
94  7.140000e-001
95  3.893300e+001
96  4.268500e+001
97  4.649900e+001
98  1.193920e+002
99  1.351280e+002
100  1.328370e+002
101  1.103720e+002
102  3.529100e+001
103  0.000000e+000
104  0.000000e+000
105  0.000000e+000
106  1.210000e+000
107  1.044700e+001
108  1.416100e+001
109  4.135300e+001
110  3.360700e+001
111  2.640100e+001
112  2.322100e+001
113  0.000000e+000
114  0.000000e+000
115  0.000000e+000
116  0.000000e+000
117  7.000000e-003
118  8.194000e+000
119  2.797200e+001
120  2.547400e+001
121  3.591200e+001
122  3.760000e+001
123  8.171900e+001
124  6.987700e+001
125  3.686300e+001
126  0.000000e+000
127  0.000000e+000
128  0.000000e+000
129  5.043000e+000
130  7.800000e+000
131  3.176100e+001
132  6.302000e+001
133  5.561300e+001
134  4.334800e+001
135  4.389600e+001
136  3.053900e+001
137  1.490000e+000
138  0.000000e+000
139  0.000000e+000
140  0.000000e+000
141  7.680000e-001
142  1.454000e+000
143  2.252200e+001
144  5.053500e+001
   8 
1  6.855500e+001
2  9.707400e+001
3  9.710900e+001
4  1.135930e+002
5  8.448200e+001
6  2.635000e+000
7  0.000000e+000
8  0.000000e+000
9  0.000000e+000
10  8.649000e+000
11  1.454500e+001
12  3.587400e+001
13  5.820300e+001
14  8.173200e+001
15  1.294940e+002
16  1.352510e+002
17  1.207220e+002
18  4.715300e+001
19  0.000000e+000
20  0.000000e+000
21  0.000000e+000
22  1.411800e+001
23  1.409700e+001
24  7.790000e+001
25  9.853900e+001
26  1.419500e+002
27  1.332420e+002
28  1.350210e+002
29  1.226410e+002
30  7.719700e+001
31  0.000000e+000
32  0.000000e+000
33  0.000000e+000
34  0.000000e+000
35  6.121000e+000
36  2.573800e+001
37  4.634000e+001
38  5.679800e+001
39  9.070700e+001
40  1.009750e+002
41  8.900700e+001
42  2.610000e+001
43  0.000000e+000
44  0.000000e+000
45  0.000000e+000
46  1.560100e+001
47  1.065180e+002
48  1.350530e+002
49  1.677770e+002
50  1.695080e+002
51  1.675640e+002
52  1.567590e+002
53  1.261180e+002
54  5.196700e+001
55  0.000000e+000
56  0.000000e+000
57  1.540000e-001
58  3.698000e+000
59  7.401900e+001
60  6.965300e+001
61  7.171400e+001
62  6.406800e+001
63  5.680500e+001
64  6.654900e+001
65  3.505500e+001
66  0.000000e+000
67  0.000000e+000
68  0.000000e+000
69  5.864000e+000
70  1.353000e+000
71  4.900000e-001
72  0.000000e+000
73  2.547200e+001
74  3.010200e+001
75  5.617700e+001
76  6.106800e+001
77  3.772200e+001
78  0.000000e+000
79  0.000000e+000
80  0.000000e+000
81  3.163000e+000
82  1.042800e+001
83  2.158100e+001
84  2.741300e+001
85  2.663900e+001
86  5.627900e+001
87  4.851200e+001
88  3.240200e+001
89  3.933200e+001
90  0.000000e+000
91  0.000000e+000
92  0.000000e+000
93  0.000000e+000
94  7.140000e-001
95  3.893200e+001
96  4.268300e+001
97  4.649700e+001
98  1.179050e+002
99  1.333790e+002
100  1.311900e+002
101  1.088420e+002
102  3.389900e+001
103  0.000000e+000
104  0.000000e+000
105  0.000000e+000
106  1.209000e+000
107  1.044500e+001
108  1.415900e+001
109  4.135100e+001
110  3.360500e+001
111  2.640000e+001
112  2.322000e+001
113  0.000000e+000
114  0.000000e+000
115  0.000000e+000
116  0.000000e+000
117  7.000000e-003
118  8.194000e+000
119  2.797200e+001
120  2.547400e+001
121  3.591200e+001
122  3.760000e+001
123  8.149600e+001
124  6.966000e+001
125  3.665300e+001
126  0.000000e+000
127  0.000000e+000
128  0.000000e+000
129  5.043000e+000
130  7.800000e+000
131  3.176100e+001
132  6.302000e+001
133  5.561200e+001
134  4.334700e+001
135  4.389600e+001
136  3.053900e+001
137  1.492000e+000
138  0.000000e+000
139  0.000000e+000
140  0.000000e+000
141  7.680000e-001
142  1.454000e+000
143  2.252200e+001
144  5.053500e+001
   9 
1  6.856800e+001
2  1.041240e+002
3  1.040410e+002
4  1.202550e+002
5  9.076300e+001
6  8.685000e+000
7  0.000000e+000
8  0.000000e+000
9  0.000000e+000
10  8.657000e+000
11  1.455700e+001
12  3.589100e+001
13  5.822000e+001
14  8.175200e+001
15  1.295210e+002
16  1.352810e+002
17  1.207490e+002
18  4.760800e+001
19  0.000000e+000
20  0.000000e+000
21  0.000000e+000
22  1.407900e+001
23  1.402700e+001
24  7.777200e+001
25  1.010370e+002
26  1.455810e+002
27  1.367390e+002
28  1.383010e+002
29  1.256900e+002
30  8.018400e+001
31  0.000000e+000
32  0.000000e+000
33  0.000000e+000
34  0.000000e+000
35  6.276000e+000
36  2.597200e+001
37  4.653200e+001
38  5.702000e+001
39  9.091100e+001
40  1.011700e+002
41  8.919200e+001
42  2.684900e+001
43  0.000000e+000
44  0.000000e+000
45  0.000000e+000
46  1.560100e+001
47  1.065100e+002
48  1.350590e+002
49  1.681340e+002
50  1.698500e+002
51  1.675630e+002
52  1.567550e+002
53  1.261170e+002
54  5.231400e+001
55  0.000000e+000
56  0.000000e+000
57  1.540000e-001
58  3.710000e+000
59  7.403600e+001
60  6.967300e+001
61  7.173200e+001
62  6.408600e+001
63  5.682200e+001
64  6.656600e+001
65  3.507200e+001
66  0.000000e+000
67  0.000000e+000
68  0.000000e+000
69  5.864000e+000
70  1.353000e+000
71  4.890000e-001
72  0.000000e+000
73  2.547200e+001
74  3.010200e+001
75  5.617600e+001
76  6.106700e+001
77  3.772200e+001
78  0.000000e+000
79  0.000000e+000
80  0.000000e+000
81  3.163000e+000
82  1.042800e+001
83  2.158000e+001
84  2.741200e+001
85  2.663900e+001
86  5.900700e+001
87  5.121600e+001
88  3.506900e+001
89  4.195400e+001
90  0.000000e+000
91  0.000000e+000
92  0.000000e+000
93  0.000000e+000
94  7.140000e-001
95  3.893300e+001
96  4.268500e+001
97  4.649900e+001
98  1.193920e+002
99  1.351280e+002
100  1.328370e+002
101  1.103720e+002
102  3.529100e+001
103  0.000000e+000
104  0.000000e+000
105  0.000000e+000
106  1.210000e+000
107  1.044700e+001
108  1.416100e+001
109  4.135300e+001
110  3.360700e+001
111  2.640100e+001
112  2.322100e+001
113  0.000000e+000
114  0.000000e+000
115  0.000000e+000
116  0.000000e+000
117  7.000000e-003
118  8.194000e+000
119  2.797200e+001
120  2.547400e+001
121  3.591200e+001
122  3.760000e+001
123  8.171900e+001
124  6.987700e+001
125  3.686300e+001
126  0.000000e+000
127  0.000000e+000
128  0.000000e+000
129  5.043000e+000
130  7.800000e+000
131  3.176100e+001
132  6.302000e+001
133  5.561300e+001
134  4.334800e+001
135  4.389600e+001
136  3.053900e+001
137  1.490000e+000
138  0.000000e+000
139  0.000000e+000
140  0.000000e+000
141  7.680000e-001
142  1.454000e+000
143  2.252200e+001
144  5.053500e+001
   10 
1  6.856900e+001
2  1.034110e+002
3  1.033410e+002
4  1.195840e+002
5  9.013300e+001
6  8.079000e+000
7  0.000000e+000
8  0.000000e+000
9  0.000000e+000
10  8.656000e+000
11  1.455500e+001
12  3.588900e+001
13  5.821800e+001
14  8.174900e+001
15  1.295170e+002
16  1.352770e+002
17  1.207450e+002
18  4.754200e+001
19  0.000000e+000
20  0.000000e+000
21  0.000000e+000
22  1.408300e+001
23  1.403500e+001
24  7.778700e+001
25  1.010030e+002
26  1.455500e+002
27  1.367120e+002
28  1.382780e+002
29  1.256700e+002
30  8.015300e+001
31  0.000000e+000
32  0.000000e+000
33  0.000000e+000
34  0.000000e+000
35  6.265000e+000
36  2.595500e+001
37  4.651800e+001
38  5.700700e+001
39  9.089900e+001
40  1.011590e+002
41  8.918100e+001
42  2.679600e+001
43  0.000000e+000
44  0.000000e+000
45  0.000000e+000
46  1.560100e+001
47  1.065100e+002
48  1.350600e+002
49  1.681340e+002
50  1.698510e+002
51  1.675630e+002
52  1.567560e+002
53  1.261170e+002
54  5.229400e+001
55  0.000000e+000
56  0.000000e+000
57  1.540000e-001
58  3.710000e+000
59  7.403500e+001
60  6.967200e+001
61  7.173100e+001
62  6.408500e+001
63  5.682100e+001
64  6.656500e+001
65  3.507100e+001
66  0.000000e+000
67  0.000000e+000
68  0.000000e+000
69  5.864000e+000
70  1.353000e+000
71  4.890000e-001
72  0.000000e+000
73  2.547200e+001
74  3.010200e+001
75  5.617600e+001
76  6.106700e+001
77  3.772200e+001
78  0.000000e+000
79  0.000000e+000
80  0.000000e+000
81  3.163000e+000
82  1.042800e+001
83  2.158000e+001
84  2.741200e+001
85  2.663900e+001
86  5.897800e+001
87  5.118700e+001
88  3.504000e+001
89  4.192500e+001
90  0.000000e+000
91  0.000000e+000
92  0.000000e+000
93  0.000000e+000
94  7.140000e-001
95  3.893300e+001
96  4.268500e+001
97  4.649900e+001
98  1.193920e+002
99  1.351280e+002
100  1.328370e+002
101  1.103720e+002
102  3.529100e+001
103  0.000000e+000
104  0.000000e+000
105  0.000000e+000
106  1.210000e+000
107  1.044700e+001
108  1.416100e+001
109  4.135300e+001
110  3.360700e+001
111  2.640100e+001
112  2.322100e+001
113  0.000000e+000
114  0.000000e+000
115  0.000000e+000
116  0.000000e+000
117  7.000000e-003
118  8.194000e+000
119  2.797200e+001
120  2.547400e+001
121  3.591200e+001
122  3.760000e+001
123  8.171900e+001
124  6.987700e+001
125  3.686300e+001
126  0.000000e+000
127  0.000000e+000
128  0.000000e+000
129  5.043000e+000
130  7.800000e+000
131  3.176100e+001
132  6.302000e+001
133  5.561300e+001
134  4.334800e+001
135  4.389600e+001
136  3.053900e+001
137  1.490000e+000
138  0.000000e+000
139  0.000000e+000
140  0.000000e+000
141  7.680000e-001
142  1.454000e+000
143  2.252200e+001
144  5.053500e+001
   11 
1  6.600500e+001
2  7.422200e+001
3  7.450700e+001
4  8.925400e+001
5  6.119600e+001
6  0.000000e+000
7  0.000000e+000
8  0.000000e+000
9  0.000000e+000
10  8.616000e+000
11  1.449000e+001
12  3.579400e+001
13  5.788200e+001
14  8.147300e+001
15  1.264040e+002
16  1.303890e+002
17  1.161940e+002
18  4.292600e+001
19  0.000000e+000
20  0.000000e+000
21  0.000000e+000
22  1.409800e+001
23  1.406500e+001
24  7.250800e+001
25  7.950100e+001
26  1.016950e+002
27  9.324500e+001
28  9.563300e+001
29  8.498500e+001
30  4.126100e+001
31  0.000000e+000
32  0.000000e+000
33  0.000000e+000
34  0.000000e+000
35  5.923000e+000
36  2.464500e+001
37  4.324800e+001
38  4.816700e+001
39  8.058300e+001
40  9.110700e+001
41  7.944800e+001
42  1.542300e+001
43  0.000000e+000
44  0.000000e+000
45  0.000000e+000
46  1.560400e+001
47  1.008650e+002
48  1.291890e+002
49  1.574330e+002
50  1.558610e+002
51  1.610980e+002
52  1.509680e+002
53  1.209990e+002
54  4.497100e+001
55  0.000000e+000
56  0.000000e+000
57  1.540000e-001
58  3.614000e+000
59  6.713900e+001
60  6.277900e+001
61  6.487600e+001
62  5.727100e+001
63  5.008300e+001
64  5.974100e+001
65  2.837800e+001
66  0.000000e+000
67  0.000000e+000
68  0.000000e+000
69  5.870000e+000
70  1.358000e+000
71  4.890000e-001
72  0.000000e+000
73  2.547200e+001
74  3.010200e+001
75  5.601400e+001
76  6.082200e+001
77  3.747700e+001
78  0.000000e+000
79  0.000000e+000
80  0.000000e+000
81  3.162000e+000
82  1.042900e+001
83  2.158200e+001
84  2.741500e+001
85  2.664100e+001
86  3.751300e+001
87  3.410500e+001
88  2.013100e+001
89  2.860100e+001
90  0.000000e+000
91  0.000000e+000
92  0.000000e+000
93  0.000000e+000
94  7.130000e-001
95  3.881700e+001
96  4.259300e+001
97  4.626000e+001
98  9.743900e+001
99  1.064070e+002
100  1.053680e+002
101  8.449800e+001
102  1.175000e+001
103  0.000000e+000
104  0.000000e+000
105  0.000000e+000
106  1.196000e+000
107  1.042100e+001
108  1.412900e+001
109  4.092900e+001
110  3.337900e+001
111  2.627900e+001
112  2.317100e+001
113  0.000000e+000
114  0.000000e+000
115  0.000000e+000
116  0.000000e+000
117  7.000000e-003
118  8.194000e+000
119  2.789500e+001
120  2.540900e+001
121  3.586400e+001
122  3.490100e+001
123  7.028500e+001
124  5.875900e+001
125  2.612500e+001
126  0.000000e+000
127  0.000000e+000
128  0.000000e+000
129  5.042000e+000
130  7.796000e+000
131  3.154800e+001
132  6.268300e+001
133  5.527800e+001
134  4.301600e+001
135  4.357000e+001
136  3.021800e+001
137  1.233000e+000
138  0.000000e+000
139  0.000000e+000
140  0.000000e+000
141  7.670000e-001
142  1.453000e+000
143  2.251700e+001
144  5.052900e+001
   12 
1  6.856100e+001
2  9.964100e+001
3  9.963500e+001
4  1.160250e+002
5  8.678000e+001
6  4.852000e+000
7  0.000000e+000
8  0.000000e+000
9  0.000000e+000
10  8.653000e+000
11  1.455000e+001
12  3.588200e+001
13  5.821100e+001
14  8.174100e+001
15  1.295060e+002
16  1.352640e+002
17  1.207340e+002
18  4.726500e+001
19  0.000000e+000
20  0.000000e+000
21  0.000000e+000
22  1.410700e+001
23  1.407700e+001
24  7.786400e+001
25  9.978300e+001
26  1.441650e+002
27  1.353860e+002
28  1.370400e+002
29  1.245250e+002
30  7.899600e+001
31  0.000000e+000
32  0.000000e+000
33  0.000000e+000
34  0.000000e+000
35  6.185000e+000
36  2.583400e+001
37  4.641900e+001
38  5.691700e+001
39  9.081900e+001
40  1.010830e+002
41  8.910900e+001
42  2.645400e+001
43  0.000000e+000
44  0.000000e+000
45  0.000000e+000
46  1.560100e+001
47  1.065160e+002
48  1.350500e+002
49  1.680950e+002
50  1.698150e+002
51  1.675640e+002
52  1.567570e+002
53  1.261180e+002
54  5.215000e+001
55  0.000000e+000
56  0.000000e+000
57  1.540000e-001
58  3.705000e+000
59  7.402800e+001
60  6.966400e+001
61  7.172400e+001
62  6.407700e+001
63  5.681400e+001
64  6.655800e+001
65  3.506300e+001
66  0.000000e+000
67  0.000000e+000
68  0.000000e+000
69  5.864000e+000
70  1.353000e+000
71  4.890000e-001
72  0.000000e+000
73  2.547200e+001
74  3.010200e+001
75  5.617600e+001
76  6.106800e+001
77  3.772200e+001
78  0.000000e+000
79  0.000000e+000
80  0.000000e+000
81  3.163000e+000
82  1.042800e+001
83  2.158100e+001
84  2.741200e+001
85  2.663900e+001
86  5.778700e+001
87  5.000700e+001
88  3.387600e+001
89  4.078200e+001
90  0.000000e+000
91  0.000000e+000
92  0.000000e+000
93  0.000000e+000
94  7.140000e-001
95  3.893200e+001
96  4.268400e+001
97  4.649800e+001
98  1.188080e+002
99  1.345350e+002
100  1.322790e+002
101  1.098540e+002
102  3.481900e+001
103  0.000000e+000
104  0.000000e+000
105  0.000000e+000
106  1.209000e+000
107  1.044700e+001
108  1.416100e+001
109  4.135200e+001
110  3.360600e+001
111  2.640000e+001
112  2.322100e+001
113  0.000000e+000
114  0.000000e+000
115  0.000000e+000
116  0.000000e+000
117  7.000000e-003
118  8.194000e+000
119  2.797200e+001
120  2.547400e+001
121  3.591200e+001
122  3.760000e+001
123  8.171900e+001
124  6.987700e+001
125  3.686300e+001
126  0.000000e+000
127  0.000000e+000
128  0.000000e+000
129  5.043000e+000
130  7.800000e+000
131  3.176100e+001
132  6.302000e+001
133  5.561200e+001
134  4.334800e+001
135  4.389600e+001
136  3.053900e+001
137  1.490000e+000
138  0.000000e+000
139  0.000000e+000
140  0.000000e+000
141  7.680000e-001
142  1.454000e+000
143  2.252200e+001
144  5.053500e+001
