   1 
1  6.547700e+001
2  9.945500e+001
3  1.004570e+002
4  1.077780e+002
5  7.900300e+001
6  0.000000e+000
7  0.000000e+000
8  0.000000e+000
9  0.000000e+000
10  8.720000e+000
11  1.398000e+001
12  3.388300e+001
13  5.497700e+001
14  7.735400e+001
15  1.100880e+002
16  9.948000e+001
17  8.767000e+001
18  1.752900e+001
19  0.000000e+000
20  0.000000e+000
21  0.000000e+000
22  1.362800e+001
23  1.261500e+001
24  7.618100e+001
25  9.585200e+001
26  1.181510e+002
27  1.083650e+002
28  1.077580e+002
29  9.835200e+001
30  5.518100e+001
31  0.000000e+000
32  0.000000e+000
33  0.000000e+000
34  0.000000e+000
35  6.954000e+000
36  2.482800e+001
37  4.267300e+001
38  4.947400e+001
39  8.560200e+001
40  9.939600e+001
41  9.111500e+001
42  2.773600e+001
43  0.000000e+000
44  0.000000e+000
45  0.000000e+000
46  1.543300e+001
47  1.069560e+002
48  1.179940e+002
49  1.237140e+002
50  1.188760e+002
51  1.092610e+002
52  1.049700e+002
53  7.620700e+001
54  2.982000e+000
55  0.000000e+000
56  0.000000e+000
57  7.000000e-003
58  3.816000e+000
59  7.480300e+001
60  7.169400e+001
61  7.506700e+001
62  6.924200e+001
63  6.437500e+001
64  7.587900e+001
65  4.806400e+001
66  0.000000e+000
67  0.000000e+000
68  0.000000e+000
69  6.371000e+000
70  1.459000e+000
71  2.460000e-001
72  0.000000e+000
73  2.382200e+001
74  2.459800e+001
75  5.137000e+001
76  6.028000e+001
77  4.094900e+001
78  0.000000e+000
79  0.000000e+000
80  0.000000e+000
81  3.472000e+000
82  1.024500e+001
83  1.942200e+001
84  2.358100e+001
85  2.221900e+001
86  5.268500e+001
87  4.750300e+001
88  3.618400e+001
89  4.709600e+001
90  0.000000e+000
91  0.000000e+000
92  0.000000e+000
93  0.000000e+000
94  4.610000e-001
95  3.632400e+001
96  3.956900e+001
97  4.279600e+001
98  1.148400e+002
99  1.088540e+002
100  1.087460e+002
101  8.891300e+001
102  9.525000e+000
103  0.000000e+000
104  0.000000e+000
105  0.000000e+000
106  1.622000e+000
107  1.081600e+001
108  1.444500e+001
109  3.902800e+001
110  3.056400e+001
111  2.588100e+001
112  2.328200e+001
113  0.000000e+000
114  0.000000e+000
115  0.000000e+000
116  0.000000e+000
117  2.000000e-003
118  8.614000e+000
119  2.565400e+001
120  2.180500e+001
121  2.909900e+001
122  2.764200e+001
123  7.119100e+001
124  6.308100e+001
125  3.333100e+001
126  0.000000e+000
127  0.000000e+000
128  0.000000e+000
129  5.908000e+000
130  9.004000e+000
131  2.953300e+001
132  5.830000e+001
133  5.240000e+001
134  4.210500e+001
135  4.492800e+001
136  3.419300e+001
137  6.434000e+000
138  0.000000e+000
139  0.000000e+000
140  0.000000e+000
141  1.809000e+000
142  1.433000e+000
143  2.198400e+001
144  4.969500e+001
   2 
1  5.596100e+001
2  7.666300e+001
3  7.411300e+001
4  7.631200e+001
5  5.355200e+001
6  0.000000e+000
7  0.000000e+000
8  0.000000e+000
9  0.000000e+000
10  8.664000e+000
11  1.387300e+001
12  3.276500e+001
13  5.257000e+001
14  7.058500e+001
15  9.818500e+001
16  8.869800e+001
17  7.625100e+001
18  6.309000e+000
19  0.000000e+000
20  0.000000e+000
21  0.000000e+000
22  1.365400e+001
23  1.267200e+001
24  6.143200e+001
25  6.620600e+001
26  8.524100e+001
27  7.671500e+001
28  7.266200e+001
29  6.535800e+001
30  2.518500e+001
31  0.000000e+000
32  0.000000e+000
33  0.000000e+000
34  0.000000e+000
35  6.750000e+000
36  2.344900e+001
37  3.784700e+001
38  4.209200e+001
39  6.315000e+001
40  7.264400e+001
41  6.131000e+001
42  0.000000e+000
43  0.000000e+000
44  0.000000e+000
45  0.000000e+000
46  1.545700e+001
47  8.642100e+001
48  1.066860e+002
49  1.187470e+002
50  1.110550e+002
51  1.090110e+002
52  1.009500e+002
53  7.507900e+001
54  0.000000e+000
55  0.000000e+000
56  0.000000e+000
57  4.000000e-003
58  3.698000e+000
59  5.540800e+001
60  5.244200e+001
61  5.366000e+001
62  4.725500e+001
63  4.307000e+001
64  4.934600e+001
65  2.297900e+001
66  0.000000e+000
67  0.000000e+000
68  0.000000e+000
69  6.404000e+000
70  1.497000e+000
71  2.440000e-001
72  0.000000e+000
73  2.382000e+001
74  2.459500e+001
75  4.647800e+001
76  4.858000e+001
77  2.926400e+001
78  0.000000e+000
79  0.000000e+000
80  0.000000e+000
81  3.480000e+000
82  1.026600e+001
83  1.942600e+001
84  2.357500e+001
85  2.221400e+001
86  4.930600e+001
87  4.214900e+001
88  3.093300e+001
89  3.571000e+001
90  0.000000e+000
91  0.000000e+000
92  0.000000e+000
93  0.000000e+000
94  4.600000e-001
95  3.424900e+001
96  3.747300e+001
97  4.070500e+001
98  8.814900e+001
99  8.651000e+001
100  8.291900e+001
101  6.751000e+001
102  0.000000e+000
103  0.000000e+000
104  0.000000e+000
105  0.000000e+000
106  1.637000e+000
107  1.082300e+001
108  1.444800e+001
109  3.663700e+001
110  2.817800e+001
111  2.353400e+001
112  2.098200e+001
113  0.000000e+000
114  0.000000e+000
115  0.000000e+000
116  0.000000e+000
117  2.000000e-003
118  8.612000e+000
119  2.534900e+001
120  2.160300e+001
121  2.849900e+001
122  2.704700e+001
123  4.672700e+001
124  3.951600e+001
125  1.087700e+001
126  0.000000e+000
127  0.000000e+000
128  0.000000e+000
129  5.908000e+000
130  8.994000e+000
131  2.903000e+001
132  5.367400e+001
133  4.782500e+001
134  3.759100e+001
135  3.970600e+001
136  2.974500e+001
137  2.350000e+000
138  0.000000e+000
139  0.000000e+000
140  0.000000e+000
141  1.807000e+000
142  1.431000e+000
143  2.185500e+001
144  4.806500e+001
   3 
1  6.547700e+001
2  9.909300e+001
3  1.001210e+002
4  1.077700e+002
5  7.899700e+001
6  0.000000e+000
7  0.000000e+000
8  0.000000e+000
9  0.000000e+000
10  8.721000e+000
11  1.398000e+001
12  3.388300e+001
13  5.497700e+001
14  7.735100e+001
15  1.100810e+002
16  9.946800e+001
17  8.764700e+001
18  1.701000e+001
19  0.000000e+000
20  0.000000e+000
21  0.000000e+000
22  1.364100e+001
23  1.263900e+001
24  7.622500e+001
25  9.442200e+001
26  1.181480e+002
27  1.083690e+002
28  1.077320e+002
29  9.834700e+001
30  5.509800e+001
31  0.000000e+000
32  0.000000e+000
33  0.000000e+000
34  0.000000e+000
35  6.903000e+000
36  2.477000e+001
37  4.262000e+001
38  4.942300e+001
39  8.549800e+001
40  9.930200e+001
41  9.100200e+001
42  2.755400e+001
43  0.000000e+000
44  0.000000e+000
45  0.000000e+000
46  1.543300e+001
47  1.068610e+002
48  1.179920e+002
49  1.231770e+002
50  1.187750e+002
51  1.092610e+002
52  1.049700e+002
53  7.620700e+001
54  2.889000e+000
55  0.000000e+000
56  0.000000e+000
57  7.000000e-003
58  3.813000e+000
59  7.479900e+001
60  7.168800e+001
61  7.506200e+001
62  6.923700e+001
63  6.437100e+001
64  7.587500e+001
65  4.806000e+001
66  0.000000e+000
67  0.000000e+000
68  0.000000e+000
69  6.371000e+000
70  1.459000e+000
71  2.460000e-001
72  0.000000e+000
73  2.382200e+001
74  2.459800e+001
75  5.137100e+001
76  6.028000e+001
77  4.094900e+001
78  0.000000e+000
79  0.000000e+000
80  0.000000e+000
81  3.472000e+000
82  1.024500e+001
83  1.942200e+001
84  2.358100e+001
85  2.221900e+001
86  5.268500e+001
87  4.750400e+001
88  3.618400e+001
89  4.709600e+001
90  0.000000e+000
91  0.000000e+000
92  0.000000e+000
93  0.000000e+000
94  4.610000e-001
95  3.632400e+001
96  3.956900e+001
97  4.279600e+001
98  1.146010e+002
99  1.088500e+002
100  1.086030e+002
101  8.879500e+001
102  9.308000e+000
103  0.000000e+000
104  0.000000e+000
105  0.000000e+000
106  1.622000e+000
107  1.081600e+001
108  1.444600e+001
109  3.902900e+001
110  3.056400e+001
111  2.588200e+001
112  2.328300e+001
113  0.000000e+000
114  0.000000e+000
115  0.000000e+000
116  0.000000e+000
117  2.000000e-003
118  8.614000e+000
119  2.565400e+001
120  2.180500e+001
121  2.909900e+001
122  2.764200e+001
123  7.050300e+001
124  6.243600e+001
125  3.273000e+001
126  0.000000e+000
127  0.000000e+000
128  0.000000e+000
129  5.908000e+000
130  9.004000e+000
131  2.953300e+001
132  5.830000e+001
133  5.239900e+001
134  4.210400e+001
135  4.492700e+001
136  3.419200e+001
137  6.435000e+000
138  0.000000e+000
139  0.000000e+000
140  0.000000e+000
141  1.809000e+000
142  1.433000e+000
143  2.198400e+001
144  4.969500e+001
   4 
1  6.547700e+001
2  9.957300e+001
3  1.005660e+002
4  1.077820e+002
5  7.900700e+001
6  0.000000e+000
7  0.000000e+000
8  0.000000e+000
9  0.000000e+000
10  8.720000e+000
11  1.397800e+001
12  3.388100e+001
13  5.497600e+001
14  7.735500e+001
15  1.100930e+002
16  9.948900e+001
17  8.767500e+001
18  1.793100e+001
19  0.000000e+000
20  0.000000e+000
21  0.000000e+000
22  1.361900e+001
23  1.259700e+001
24  7.615000e+001
25  9.685200e+001
26  1.181510e+002
27  1.083610e+002
28  1.077740e+002
29  9.835100e+001
30  5.522000e+001
31  0.000000e+000
32  0.000000e+000
33  0.000000e+000
34  0.000000e+000
35  6.985000e+000
36  2.486400e+001
37  4.270700e+001
38  4.950600e+001
39  8.563000e+001
40  9.942100e+001
41  9.113600e+001
42  2.780500e+001
43  0.000000e+000
44  0.000000e+000
45  0.000000e+000
46  1.543300e+001
47  1.069540e+002
48  1.179940e+002
49  1.240580e+002
50  1.189090e+002
51  1.092610e+002
52  1.049700e+002
53  7.620700e+001
54  3.033000e+000
55  0.000000e+000
56  0.000000e+000
57  7.000000e-003
58  3.818000e+000
59  7.480600e+001
60  7.169700e+001
61  7.507000e+001
62  6.924400e+001
63  6.437800e+001
64  7.588100e+001
65  4.806600e+001
66  0.000000e+000
67  0.000000e+000
68  0.000000e+000
69  6.371000e+000
70  1.459000e+000
71  2.460000e-001
72  0.000000e+000
73  2.382200e+001
74  2.459800e+001
75  5.137000e+001
76  6.028000e+001
77  4.094900e+001
78  0.000000e+000
79  0.000000e+000
80  0.000000e+000
81  3.472000e+000
82  1.024500e+001
83  1.942200e+001
84  2.358000e+001
85  2.221900e+001
86  5.268500e+001
87  4.750300e+001
88  3.618400e+001
89  4.709600e+001
90  0.000000e+000
91  0.000000e+000
92  0.000000e+000
93  0.000000e+000
94  4.610000e-001
95  3.632400e+001
96  3.956900e+001
97  4.279600e+001
98  1.148580e+002
99  1.088570e+002
100  1.087690e+002
101  8.893200e+001
102  9.599000e+000
103  0.000000e+000
104  0.000000e+000
105  0.000000e+000
106  1.622000e+000
107  1.081600e+001
108  1.444500e+001
109  3.902800e+001
110  3.056400e+001
111  2.588100e+001
112  2.328200e+001
113  0.000000e+000
114  0.000000e+000
115  0.000000e+000
116  0.000000e+000
117  2.000000e-003
118  8.614000e+000
119  2.565400e+001
120  2.180500e+001
121  2.909900e+001
122  2.764200e+001
123  7.147600e+001
124  6.334800e+001
125  3.358000e+001
126  0.000000e+000
127  0.000000e+000
128  0.000000e+000
129  5.908000e+000
130  9.004000e+000
131  2.953300e+001
132  5.830100e+001
133  5.240000e+001
134  4.210500e+001
135  4.492800e+001
136  3.419300e+001
137  6.433000e+000
138  0.000000e+000
139  0.000000e+000
140  0.000000e+000
141  1.809000e+000
142  1.433000e+000
143  2.198400e+001
144  4.969500e+001
   5 
1  6.537600e+001
2  9.646400e+001
3  9.733400e+001
4  1.075490e+002
5  7.890200e+001
6  0.000000e+000
7  0.000000e+000
8  0.000000e+000
9  0.000000e+000
10  8.720000e+000
11  1.398000e+001
12  3.388300e+001
13  5.497600e+001
14  7.735000e+001
15  1.100660e+002
16  9.943800e+001
17  8.738800e+001
18  1.604500e+001
19  0.000000e+000
20  0.000000e+000
21  0.000000e+000
22  1.366100e+001
23  1.268600e+001
24  7.555700e+001
25  8.881100e+001
26  1.174980e+002
27  1.077820e+002
28  1.075960e+002
29  9.821200e+001
30  5.485600e+001
31  0.000000e+000
32  0.000000e+000
33  0.000000e+000
34  0.000000e+000
35  6.787000e+000
36  2.463400e+001
37  4.244000e+001
38  4.908000e+001
39  8.361300e+001
40  9.739800e+001
41  8.879700e+001
42  2.535800e+001
43  0.000000e+000
44  0.000000e+000
45  0.000000e+000
46  1.543400e+001
47  1.055350e+002
48  1.179830e+002
49  1.214490e+002
50  1.179730e+002
51  1.092480e+002
52  1.049130e+002
53  7.619400e+001
54  2.529000e+000
55  0.000000e+000
56  0.000000e+000
57  6.000000e-003
58  3.801000e+000
59  7.377000e+001
60  7.066800e+001
61  7.405700e+001
62  6.825400e+001
63  6.342800e+001
64  7.469900e+001
65  4.697700e+001
66  0.000000e+000
67  0.000000e+000
68  0.000000e+000
69  6.371000e+000
70  1.459000e+000
71  2.470000e-001
72  0.000000e+000
73  2.382200e+001
74  2.459800e+001
75  5.137100e+001
76  6.027900e+001
77  4.094800e+001
78  0.000000e+000
79  0.000000e+000
80  0.000000e+000
81  3.472000e+000
82  1.024500e+001
83  1.942300e+001
84  2.358100e+001
85  2.221900e+001
86  5.268500e+001
87  4.750400e+001
88  3.618400e+001
89  4.709600e+001
90  0.000000e+000
91  0.000000e+000
92  0.000000e+000
93  0.000000e+000
94  4.610000e-001
95  3.632400e+001
96  3.956900e+001
97  4.279600e+001
98  1.117690e+002
99  1.088140e+002
100  1.075810e+002
101  8.793100e+001
102  8.028000e+000
103  0.000000e+000
104  0.000000e+000
105  0.000000e+000
106  1.623000e+000
107  1.081800e+001
108  1.444900e+001
109  3.903300e+001
110  3.056900e+001
111  2.588600e+001
112  2.328600e+001
113  0.000000e+000
114  0.000000e+000
115  0.000000e+000
116  0.000000e+000
117  2.000000e-003
118  8.614000e+000
119  2.565400e+001
120  2.180500e+001
121  2.909900e+001
122  2.764200e+001
123  6.701000e+001
124  5.915300e+001
125  2.965400e+001
126  0.000000e+000
127  0.000000e+000
128  0.000000e+000
129  5.908000e+000
130  9.003000e+000
131  2.953100e+001
132  5.829700e+001
133  5.239600e+001
134  4.210100e+001
135  4.492500e+001
136  3.419000e+001
137  6.443000e+000
138  0.000000e+000
139  0.000000e+000
140  0.000000e+000
141  1.808000e+000
142  1.432000e+000
143  2.198300e+001
144  4.969400e+001
   6 
1  6.547700e+001
2  9.944200e+001
3  1.004450e+002
4  1.077770e+002
5  7.900300e+001
6  0.000000e+000
7  0.000000e+000
8  0.000000e+000
9  0.000000e+000
10  8.720000e+000
11  1.398000e+001
12  3.388300e+001
13  5.497700e+001
14  7.735400e+001
15  1.100880e+002
16  9.947900e+001
17  8.767000e+001
18  1.750100e+001
19  0.000000e+000
20  0.000000e+000
21  0.000000e+000
22  1.362900e+001
23  1.261600e+001
24  7.618400e+001
25  9.578200e+001
26  1.181510e+002
27  1.083650e+002
28  1.077570e+002
29  9.835200e+001
30  5.517800e+001
31  0.000000e+000
32  0.000000e+000
33  0.000000e+000
34  0.000000e+000
35  6.951000e+000
36  2.482500e+001
37  4.267100e+001
38  4.947200e+001
39  8.560000e+001
40  9.939400e+001
41  9.111400e+001
42  2.773100e+001
43  0.000000e+000
44  0.000000e+000
45  0.000000e+000
46  1.543300e+001
47  1.069560e+002
48  1.179940e+002
49  1.236890e+002
50  1.188720e+002
51  1.092610e+002
52  1.049700e+002
53  7.620700e+001
54  2.978000e+000
55  0.000000e+000
56  0.000000e+000
57  7.000000e-003
58  3.816000e+000
59  7.480300e+001
60  7.169400e+001
61  7.506700e+001
62  6.924100e+001
63  6.437500e+001
64  7.587900e+001
65  4.806400e+001
66  0.000000e+000
67  0.000000e+000
68  0.000000e+000
69  6.371000e+000
70  1.459000e+000
71  2.460000e-001
72  0.000000e+000
73  2.382200e+001
74  2.459800e+001
75  5.137000e+001
76  6.028000e+001
77  4.094900e+001
78  0.000000e+000
79  0.000000e+000
80  0.000000e+000
81  3.472000e+000
82  1.024500e+001
83  1.942200e+001
84  2.358100e+001
85  2.221900e+001
86  5.268500e+001
87  4.750300e+001
88  3.618400e+001
89  4.709600e+001
90  0.000000e+000
91  0.000000e+000
92  0.000000e+000
93  0.000000e+000
94  4.610000e-001
95  3.632400e+001
96  3.956900e+001
97  4.279600e+001
98  1.148340e+002
99  1.088540e+002
100  1.087420e+002
101  8.891000e+001
102  9.517000e+000
103  0.000000e+000
104  0.000000e+000
105  0.000000e+000
106  1.622000e+000
107  1.081600e+001
108  1.444500e+001
109  3.902800e+001
110  3.056400e+001
111  2.588100e+001
112  2.328200e+001
113  0.000000e+000
114  0.000000e+000
115  0.000000e+000
116  0.000000e+000
117  2.000000e-003
118  8.614000e+000
119  2.565400e+001
120  2.180500e+001
121  2.909900e+001
122  2.764200e+001
123  7.116400e+001
124  6.305500e+001
125  3.330700e+001
126  0.000000e+000
127  0.000000e+000
128  0.000000e+000
129  5.908000e+000
130  9.004000e+000
131  2.953300e+001
132  5.830000e+001
133  5.240000e+001
134  4.210500e+001
135  4.492800e+001
136  3.419300e+001
137  6.434000e+000
138  0.000000e+000
139  0.000000e+000
140  0.000000e+000
141  1.809000e+000
142  1.433000e+000
143  2.198400e+001
144  4.969500e+001
   7 
1  6.547700e+001
2  9.958200e+001
3  1.005750e+002
4  1.077830e+002
5  7.900800e+001
6  0.000000e+000
7  0.000000e+000
8  0.000000e+000
9  0.000000e+000
10  8.719000e+000
11  1.397800e+001
12  3.388000e+001
13  5.497500e+001
14  7.735400e+001
15  1.100950e+002
16  9.949100e+001
17  8.767600e+001
18  1.804400e+001
19  0.000000e+000
20  0.000000e+000
21  0.000000e+000
22  1.361600e+001
23  1.259300e+001
24  7.614200e+001
25  9.713000e+001
26  1.181510e+002
27  1.083600e+002
28  1.077780e+002
29  9.835000e+001
30  5.523000e+001
31  0.000000e+000
32  0.000000e+000
33  0.000000e+000
34  0.000000e+000
35  6.993000e+000
36  2.487300e+001
37  4.271500e+001
38  4.951400e+001
39  8.563700e+001
40  9.942700e+001
41  9.114100e+001
42  2.782200e+001
43  0.000000e+000
44  0.000000e+000
45  0.000000e+000
46  1.543300e+001
47  1.069530e+002
48  1.179940e+002
49  1.241460e+002
50  1.189120e+002
51  1.092610e+002
52  1.049700e+002
53  7.620700e+001
54  3.045000e+000
55  0.000000e+000
56  0.000000e+000
57  7.000000e-003
58  3.818000e+000
59  7.480700e+001
60  7.169700e+001
61  7.507000e+001
62  6.924500e+001
63  6.437800e+001
64  7.588200e+001
65  4.806600e+001
66  0.000000e+000
67  0.000000e+000
68  0.000000e+000
69  6.371000e+000
70  1.459000e+000
71  2.460000e-001
72  0.000000e+000
73  2.382200e+001
74  2.459800e+001
75  5.137000e+001
76  6.028000e+001
77  4.094900e+001
78  0.000000e+000
79  0.000000e+000
80  0.000000e+000
81  3.472000e+000
82  1.024500e+001
83  1.942200e+001
84  2.358000e+001
85  2.221900e+001
86  5.268500e+001
87  4.750300e+001
88  3.618400e+001
89  4.709600e+001
90  0.000000e+000
91  0.000000e+000
92  0.000000e+000
93  0.000000e+000
94  4.610000e-001
95  3.632400e+001
96  3.956900e+001
97  4.279600e+001
98  1.148580e+002
99  1.088570e+002
100  1.087700e+002
101  8.893200e+001
102  9.613000e+000
103  0.000000e+000
104  0.000000e+000
105  0.000000e+000
106  1.622000e+000
107  1.081600e+001
108  1.444500e+001
109  3.902800e+001
110  3.056300e+001
111  2.588100e+001
112  2.328200e+001
113  0.000000e+000
114  0.000000e+000
115  0.000000e+000
116  0.000000e+000
117  2.000000e-003
118  8.614000e+000
119  2.565400e+001
120  2.180500e+001
121  2.909900e+001
122  2.764200e+001
123  7.151900e+001
124  6.338800e+001
125  3.361700e+001
126  0.000000e+000
127  0.000000e+000
128  0.000000e+000
129  5.908000e+000
130  9.004000e+000
131  2.953300e+001
132  5.830100e+001
133  5.240000e+001
134  4.210500e+001
135  4.492900e+001
136  3.419300e+001
137  6.433000e+000
138  0.000000e+000
139  0.000000e+000
140  0.000000e+000
141  1.809000e+000
142  1.433000e+000
143  2.198400e+001
144  4.969500e+001
   8 
1  6.547500e+001
2  9.813100e+001
3  9.914400e+001
4  1.077350e+002
5  7.897000e+001
6  0.000000e+000
7  0.000000e+000
8  0.000000e+000
9  0.000000e+000
10  8.721000e+000
11  1.398000e+001
12  3.388300e+001
13  5.497700e+001
14  7.735000e+001
15  1.100750e+002
16  9.945600e+001
17  8.755800e+001
18  1.658000e+001
19  0.000000e+000
20  0.000000e+000
21  0.000000e+000
22  1.364400e+001
23  1.265400e+001
24  7.614300e+001
25  9.207000e+001
26  1.181360e+002
27  1.083630e+002
28  1.076830e+002
29  9.831900e+001
30  5.501600e+001
31  0.000000e+000
32  0.000000e+000
33  0.000000e+000
34  0.000000e+000
35  6.844000e+000
36  2.470100e+001
37  4.255700e+001
38  4.934700e+001
39  8.495300e+001
40  9.880200e+001
41  9.037700e+001
42  2.691700e+001
43  0.000000e+000
44  0.000000e+000
45  0.000000e+000
46  1.543400e+001
47  1.064760e+002
48  1.179880e+002
49  1.223690e+002
50  1.185510e+002
51  1.092570e+002
52  1.049680e+002
53  7.620400e+001
54  2.752000e+000
55  0.000000e+000
56  0.000000e+000
57  7.000000e-003
58  3.808000e+000
59  7.454400e+001
60  7.143500e+001
61  7.481300e+001
62  6.899400e+001
63  6.413800e+001
64  7.563200e+001
65  4.783600e+001
66  0.000000e+000
67  0.000000e+000
68  0.000000e+000
69  6.371000e+000
70  1.459000e+000
71  2.470000e-001
72  0.000000e+000
73  2.382200e+001
74  2.459800e+001
75  5.137100e+001
76  6.028000e+001
77  4.094900e+001
78  0.000000e+000
79  0.000000e+000
80  0.000000e+000
81  3.472000e+000
82  1.024500e+001
83  1.942300e+001
84  2.358100e+001
85  2.221900e+001
86  5.268500e+001
87  4.750400e+001
88  3.618400e+001
89  4.709600e+001
90  0.000000e+000
91  0.000000e+000
92  0.000000e+000
93  0.000000e+000
94  4.610000e-001
95  3.632400e+001
96  3.956900e+001
97  4.279600e+001
98  1.136430e+002
99  1.088400e+002
100  1.082220e+002
101  8.848200e+001
102  8.814000e+000
103  0.000000e+000
104  0.000000e+000
105  0.000000e+000
106  1.623000e+000
107  1.081700e+001
108  1.444700e+001
109  3.903100e+001
110  3.056600e+001
111  2.588400e+001
112  2.328400e+001
113  0.000000e+000
114  0.000000e+000
115  0.000000e+000
116  0.000000e+000
117  2.000000e-003
118  8.614000e+000
119  2.565400e+001
120  2.180500e+001
121  2.909900e+001
122  2.764200e+001
123  6.909800e+001
124  6.111800e+001
125  3.149700e+001
126  0.000000e+000
127  0.000000e+000
128  0.000000e+000
129  5.908000e+000
130  9.003000e+000
131  2.953200e+001
132  5.829900e+001
133  5.239800e+001
134  4.210300e+001
135  4.492700e+001
136  3.419200e+001
137  6.438000e+000
138  0.000000e+000
139  0.000000e+000
140  0.000000e+000
141  1.808000e+000
142  1.432000e+000
143  2.198400e+001
144  4.969500e+001
   9 
1  6.547700e+001
2  9.958300e+001
3  1.005750e+002
4  1.077860e+002
5  7.901000e+001
6  0.000000e+000
7  0.000000e+000
8  0.000000e+000
9  0.000000e+000
10  8.718000e+000
11  1.397600e+001
12  3.387800e+001
13  5.497300e+001
14  7.735500e+001
15  1.100980e+002
16  9.949700e+001
17  8.768000e+001
18  1.839900e+001
19  0.000000e+000
20  0.000000e+000
21  0.000000e+000
22  1.361000e+001
23  1.258000e+001
24  7.611800e+001
25  9.791700e+001
26  1.181730e+002
27  1.083730e+002
28  1.077890e+002
29  9.835000e+001
30  5.526700e+001
31  0.000000e+000
32  0.000000e+000
33  0.000000e+000
34  0.000000e+000
35  7.017000e+000
36  2.490100e+001
37  4.274100e+001
38  4.953900e+001
39  8.565900e+001
40  9.944600e+001
41  9.115700e+001
42  2.787100e+001
43  0.000000e+000
44  0.000000e+000
45  0.000000e+000
46  1.543200e+001
47  1.069510e+002
48  1.179940e+002
49  1.243730e+002
50  1.189140e+002
51  1.092610e+002
52  1.049690e+002
53  7.620700e+001
54  3.079000e+000
55  0.000000e+000
56  0.000000e+000
57  7.000000e-003
58  3.819000e+000
59  7.480800e+001
60  7.169900e+001
61  7.507200e+001
62  6.924600e+001
63  6.438000e+001
64  7.588300e+001
65  4.806800e+001
66  0.000000e+000
67  0.000000e+000
68  0.000000e+000
69  6.371000e+000
70  1.459000e+000
71  2.460000e-001
72  0.000000e+000
73  2.382200e+001
74  2.459800e+001
75  5.137000e+001
76  6.028000e+001
77  4.094900e+001
78  0.000000e+000
79  0.000000e+000
80  0.000000e+000
81  3.472000e+000
82  1.024500e+001
83  1.942200e+001
84  2.358000e+001
85  2.221900e+001
86  5.268500e+001
87  4.750300e+001
88  3.618400e+001
89  4.709600e+001
90  0.000000e+000
91  0.000000e+000
92  0.000000e+000
93  0.000000e+000
94  4.610000e-001
95  3.632400e+001
96  3.956900e+001
97  4.279600e+001
98  1.148580e+002
99  1.088580e+002
100  1.087710e+002
101  8.893300e+001
102  9.648000e+000
103  0.000000e+000
104  0.000000e+000
105  0.000000e+000
106  1.622000e+000
107  1.081500e+001
108  1.444500e+001
109  3.902800e+001
110  3.056300e+001
111  2.588100e+001
112  2.328200e+001
113  0.000000e+000
114  0.000000e+000
115  0.000000e+000
116  0.000000e+000
117  2.000000e-003
118  8.614000e+000
119  2.565400e+001
120  2.180500e+001
121  2.909900e+001
122  2.764200e+001
123  7.154500e+001
124  6.341200e+001
125  3.363900e+001
126  0.000000e+000
127  0.000000e+000
128  0.000000e+000
129  5.908000e+000
130  9.004000e+000
131  2.953400e+001
132  5.830100e+001
133  5.240000e+001
134  4.210500e+001
135  4.492900e+001
136  3.419300e+001
137  6.433000e+000
138  0.000000e+000
139  0.000000e+000
140  0.000000e+000
141  1.809000e+000
142  1.433000e+000
143  2.198400e+001
144  4.969500e+001
   10 
1  6.547700e+001
2  9.958300e+001
3  1.005750e+002
4  1.077830e+002
5  7.900800e+001
6  0.000000e+000
7  0.000000e+000
8  0.000000e+000
9  0.000000e+000
10  8.719000e+000
11  1.397700e+001
12  3.387900e+001
13  5.497400e+001
14  7.735400e+001
15  1.100950e+002
16  9.949100e+001
17  8.767700e+001
18  1.807800e+001
19  0.000000e+000
20  0.000000e+000
21  0.000000e+000
22  1.361600e+001
23  1.259200e+001
24  7.614000e+001
25  9.722500e+001
26  1.181700e+002
27  1.083730e+002
28  1.077800e+002
29  9.835100e+001
30  5.524100e+001
31  0.000000e+000
32  0.000000e+000
33  0.000000e+000
34  0.000000e+000
35  7.000000e+000
36  2.488100e+001
37  4.272300e+001
38  4.952200e+001
39  8.564400e+001
40  9.943300e+001
41  9.114600e+001
42  2.782900e+001
43  0.000000e+000
44  0.000000e+000
45  0.000000e+000
46  1.543300e+001
47  1.069530e+002
48  1.179940e+002
49  1.241750e+002
50  1.189130e+002
51  1.092610e+002
52  1.049700e+002
53  7.620700e+001
54  3.050000e+000
55  0.000000e+000
56  0.000000e+000
57  7.000000e-003
58  3.818000e+000
59  7.480700e+001
60  7.169800e+001
61  7.507000e+001
62  6.924500e+001
63  6.437800e+001
64  7.588200e+001
65  4.806600e+001
66  0.000000e+000
67  0.000000e+000
68  0.000000e+000
69  6.371000e+000
70  1.459000e+000
71  2.460000e-001
72  0.000000e+000
73  2.382200e+001
74  2.459800e+001
75  5.137000e+001
76  6.028000e+001
77  4.094900e+001
78  0.000000e+000
79  0.000000e+000
80  0.000000e+000
81  3.472000e+000
82  1.024500e+001
83  1.942200e+001
84  2.358000e+001
85  2.221900e+001
86  5.268500e+001
87  4.750300e+001
88  3.618400e+001
89  4.709600e+001
90  0.000000e+000
91  0.000000e+000
92  0.000000e+000
93  0.000000e+000
94  4.610000e-001
95  3.632400e+001
96  3.956900e+001
97  4.279600e+001
98  1.148580e+002
99  1.088580e+002
100  1.087700e+002
101  8.893200e+001
102  9.617000e+000
103  0.000000e+000
104  0.000000e+000
105  0.000000e+000
106  1.622000e+000
107  1.081500e+001
108  1.444500e+001
109  3.902800e+001
110  3.056300e+001
111  2.588100e+001
112  2.328200e+001
113  0.000000e+000
114  0.000000e+000
115  0.000000e+000
116  0.000000e+000
117  2.000000e-003
118  8.614000e+000
119  2.565400e+001
120  2.180500e+001
121  2.909900e+001
122  2.764200e+001
123  7.152900e+001
124  6.339700e+001
125  3.362600e+001
126  0.000000e+000
127  0.000000e+000
128  0.000000e+000
129  5.908000e+000
130  9.004000e+000
131  2.953300e+001
132  5.830100e+001
133  5.240000e+001
134  4.210500e+001
135  4.492900e+001
136  3.419300e+001
137  6.433000e+000
138  0.000000e+000
139  0.000000e+000
140  0.000000e+000
141  1.809000e+000
142  1.433000e+000
143  2.198400e+001
144  4.969500e+001
   11 
1  6.128400e+001
2  8.375100e+001
3  8.318300e+001
4  8.945900e+001
5  6.442100e+001
6  0.000000e+000
7  0.000000e+000
8  0.000000e+000
9  0.000000e+000
10  8.707000e+000
11  1.395500e+001
12  3.379100e+001
13  5.442200e+001
14  7.569700e+001
15  1.099210e+002
16  9.921200e+001
17  8.604700e+001
18  1.504900e+001
19  0.000000e+000
20  0.000000e+000
21  0.000000e+000
22  1.367500e+001
23  1.271000e+001
24  6.858800e+001
25  7.334500e+001
26  8.857700e+001
27  8.037000e+001
28  7.987100e+001
29  7.233200e+001
30  3.176700e+001
31  0.000000e+000
32  0.000000e+000
33  0.000000e+000
34  0.000000e+000
35  6.704000e+000
36  2.440600e+001
37  3.979400e+001
38  4.474900e+001
39  7.204300e+001
40  8.382800e+001
41  7.418400e+001
42  1.113400e+001
43  0.000000e+000
44  0.000000e+000
45  0.000000e+000
46  1.544100e+001
47  9.617000e+001
48  1.179530e+002
49  1.197210e+002
50  1.132840e+002
51  1.091870e+002
52  1.032240e+002
53  7.586600e+001
54  1.207000e+000
55  0.000000e+000
56  0.000000e+000
57  5.000000e-003
58  3.760000e+000
59  6.473000e+001
60  6.170500e+001
61  6.410500e+001
62  5.816300e+001
63  5.368500e+001
64  6.209400e+001
65  3.520000e+001
66  0.000000e+000
67  0.000000e+000
68  0.000000e+000
69  6.391000e+000
70  1.479000e+000
71  2.460000e-001
72  0.000000e+000
73  2.382100e+001
74  2.459700e+001
75  4.987600e+001
76  5.589100e+001
77  3.649100e+001
78  0.000000e+000
79  0.000000e+000
80  0.000000e+000
81  3.474000e+000
82  1.025700e+001
83  1.942600e+001
84  2.357900e+001
85  2.221800e+001
86  5.185500e+001
87  4.604800e+001
88  3.477900e+001
89  4.300900e+001
90  0.000000e+000
91  0.000000e+000
92  0.000000e+000
93  0.000000e+000
94  4.610000e-001
95  3.598200e+001
96  3.922600e+001
97  4.245300e+001
98  9.903600e+001
99  1.002170e+002
100  9.715600e+001
101  7.952100e+001
102  4.920000e-001
103  0.000000e+000
104  0.000000e+000
105  0.000000e+000
106  1.622000e+000
107  1.081600e+001
108  1.444600e+001
109  3.865000e+001
110  3.018900e+001
111  2.551100e+001
112  2.292000e+001
113  0.000000e+000
114  0.000000e+000
115  0.000000e+000
116  0.000000e+000
117  2.000000e-003
118  8.614000e+000
119  2.565400e+001
120  2.180400e+001
121  2.909900e+001
122  2.764200e+001
123  5.557600e+001
124  4.826200e+001
125  1.931000e+001
126  0.000000e+000
127  0.000000e+000
128  0.000000e+000
129  5.908000e+000
130  8.999000e+000
131  2.950500e+001
132  5.656500e+001
133  5.068300e+001
134  4.041100e+001
135  4.317300e+001
136  3.257600e+001
137  4.941000e+000
138  0.000000e+000
139  0.000000e+000
140  0.000000e+000
141  1.808000e+000
142  1.432000e+000
143  2.198200e+001
144  4.960500e+001
   12 
1  6.547700e+001
2  9.902000e+001
3  1.000530e+002
4  1.077690e+002
5  7.899600e+001
6  0.000000e+000
7  0.000000e+000
8  0.000000e+000
9  0.000000e+000
10  8.721000e+000
11  1.398000e+001
12  3.388300e+001
13  5.497700e+001
14  7.735100e+001
15  1.100800e+002
16  9.946700e+001
17  8.764100e+001
18  1.694500e+001
19  0.000000e+000
20  0.000000e+000
21  0.000000e+000
22  1.363600e+001
23  1.263800e+001
24  7.622700e+001
25  9.420700e+001
26  1.181470e+002
27  1.083690e+002
28  1.077280e+002
29  9.834500e+001
30  5.508800e+001
31  0.000000e+000
32  0.000000e+000
33  0.000000e+000
34  0.000000e+000
35  6.895000e+000
36  2.476000e+001
37  4.261100e+001
38  4.941500e+001
39  8.546600e+001
40  9.927300e+001
41  9.096500e+001
42  2.750800e+001
43  0.000000e+000
44  0.000000e+000
45  0.000000e+000
46  1.543300e+001
47  1.068350e+002
48  1.179920e+002
49  1.230980e+002
50  1.187570e+002
51  1.092610e+002
52  1.049700e+002
53  7.620700e+001
54  2.873000e+000
55  0.000000e+000
56  0.000000e+000
57  7.000000e-003
58  3.812000e+000
59  7.479400e+001
60  7.168400e+001
61  7.505800e+001
62  6.923300e+001
63  6.436700e+001
64  7.587100e+001
65  4.805700e+001
66  0.000000e+000
67  0.000000e+000
68  0.000000e+000
69  6.371000e+000
70  1.459000e+000
71  2.460000e-001
72  0.000000e+000
73  2.382200e+001
74  2.459800e+001
75  5.137100e+001
76  6.028000e+001
77  4.094900e+001
78  0.000000e+000
79  0.000000e+000
80  0.000000e+000
81  3.472000e+000
82  1.024500e+001
83  1.942200e+001
84  2.358100e+001
85  2.221900e+001
86  5.268500e+001
87  4.750400e+001
88  3.618400e+001
89  4.709600e+001
90  0.000000e+000
91  0.000000e+000
92  0.000000e+000
93  0.000000e+000
94  4.610000e-001
95  3.632400e+001
96  3.956900e+001
97  4.279600e+001
98  1.145400e+002
99  1.088490e+002
100  1.085730e+002
101  8.877100e+001
102  9.268000e+000
103  0.000000e+000
104  0.000000e+000
105  0.000000e+000
106  1.622000e+000
107  1.081600e+001
108  1.444600e+001
109  3.902900e+001
110  3.056500e+001
111  2.588200e+001
112  2.328300e+001
113  0.000000e+000
114  0.000000e+000
115  0.000000e+000
116  0.000000e+000
117  2.000000e-003
118  8.614000e+000
119  2.565400e+001
120  2.180500e+001
121  2.909900e+001
122  2.764200e+001
123  7.038400e+001
124  6.232500e+001
125  3.262500e+001
126  0.000000e+000
127  0.000000e+000
128  0.000000e+000
129  5.908000e+000
130  9.004000e+000
131  2.953300e+001
132  5.829900e+001
133  5.239900e+001
134  4.210400e+001
135  4.492700e+001
136  3.419200e+001
137  6.435000e+000
138  0.000000e+000
139  0.000000e+000
140  0.000000e+000
141  1.809000e+000
142  1.433000e+000
143  2.198400e+001
144  4.969500e+001
