   1 
1  6.735000e-002
2  1.278000e-001
3  3.087000e-001
4  4.849000e-001
5  6.866000e-001
6  6.665000e-001
7  5.850000e-001
8  5.155000e-001
9  4.576000e-001
10  3.624000e-001
11  2.522000e-001
12  1.221000e-001
13  7.986000e-002
14  1.545000e-001
15  2.610000e-001
16  5.242000e-001
17  6.642000e-001
18  8.958000e-001
19  9.736000e-001
20  8.711000e-001
21  6.707000e-001
22  3.693000e-001
23  2.057000e-001
24  7.820000e-002
25  5.486000e-002
26  1.226000e-001
27  2.552000e-001
28  4.861000e-001
29  5.440000e-001
30  8.344000e-001
31  9.527000e-001
32  7.857000e-001
33  6.259000e-001
34  4.231000e-001
35  2.080000e-001
36  1.076000e-001
37  8.039000e-002
38  1.535000e-001
39  2.891000e-001
40  4.623000e-001
41  4.687000e-001
42  4.096000e-001
43  3.416000e-001
44  2.934000e-001
45  2.566000e-001
46  2.273000e-001
47  1.193000e-001
48  6.193000e-002
49  1.083000e-001
50  1.663000e-001
51  3.249000e-001
52  5.405000e-001
53  7.014000e-001
54  8.681000e-001
55  9.156000e-001
56  8.370000e-001
57  6.133000e-001
58  3.721000e-001
59  1.913000e-001
60  1.078000e-001
61  1.277000e-001
62  2.104000e-001
63  3.587000e-001
64  4.996000e-001
65  6.896000e-001
66  6.567000e-001
67  5.805000e-001
68  5.118000e-001
69  4.560000e-001
70  3.722000e-001
71  2.370000e-001
72  1.271000e-001
73  1.033000e-001
74  1.845000e-001
75  2.551000e-001
76  2.957000e-001
77  2.654000e-001
78  2.183000e-001
79  1.812000e-001
80  1.546000e-001
81  1.366000e-001
82  1.299000e-001
83  1.269000e-001
84  1.141000e-001
85  9.209000e-002
86  1.284000e-001
87  1.244000e-001
88  1.072000e-001
89  1.121000e-001
90  1.206000e-001
91  1.238000e-001
92  9.186000e-002
93  7.212000e-002
94  5.939000e-002
95  1.001000e-001
96  8.395000e-002
97  5.698000e-002
98  9.513000e-002
99  2.487000e-001
100  5.300000e-001
101  7.017000e-001
102  7.947000e-001
103  6.985000e-001
104  6.224000e-001
105  5.488000e-001
106  4.081000e-001
107  2.439000e-001
108  1.522000e-001
109  1.269000e-001
110  2.397000e-001
111  2.933000e-001
112  2.775000e-001
113  2.485000e-001
114  2.162000e-001
115  1.907000e-001
116  1.698000e-001
117  1.486000e-001
118  1.323000e-001
119  1.372000e-001
120  1.061000e-001
121  1.049000e-001
122  1.012000e-001
123  1.449000e-001
124  1.764000e-001
125  1.423000e-001
126  1.125000e-001
127  8.716000e-002
128  7.075000e-002
129  5.982000e-002
130  5.890000e-002
131  7.369000e-002
132  7.499000e-002
133  9.570000e-002
134  6.564000e-002
135  6.101000e-002
136  6.285000e-002
137  6.315000e-002
138  4.533000e-002
139  3.422000e-002
140  2.722000e-002
141  2.341000e-002
142  2.183000e-002
143  2.989000e-002
144  7.068000e-002
   2 
1  6.742000e-002
2  1.280000e-001
3  3.090000e-001
4  4.856000e-001
5  7.093000e-001
6  7.730000e-001
7  6.965000e-001
8  6.292000e-001
9  5.702000e-001
10  3.935000e-001
11  2.522000e-001
12  1.221000e-001
13  7.990000e-002
14  1.547000e-001
15  2.615000e-001
16  5.250000e-001
17  6.645000e-001
18  8.633000e-001
19  8.272000e-001
20  7.448000e-001
21  6.402000e-001
22  3.692000e-001
23  2.057000e-001
24  7.830000e-002
25  5.496000e-002
26  1.229000e-001
27  2.552000e-001
28  4.866000e-001
29  5.441000e-001
30  7.974000e-001
31  7.494000e-001
32  6.663000e-001
33  5.862000e-001
34  4.230000e-001
35  2.080000e-001
36  1.076000e-001
37  8.044000e-002
38  1.536000e-001
39  2.896000e-001
40  5.136000e-001
41  6.450000e-001
42  7.757000e-001
43  7.225000e-001
44  6.483000e-001
45  5.822000e-001
46  3.917000e-001
47  1.196000e-001
48  6.199000e-002
49  1.085000e-001
50  1.664000e-001
51  3.252000e-001
52  5.405000e-001
53  7.015000e-001
54  8.677000e-001
55  9.075000e-001
56  8.321000e-001
57  6.131000e-001
58  3.720000e-001
59  1.915000e-001
60  1.078000e-001
61  1.278000e-001
62  2.104000e-001
63  3.587000e-001
64  5.001000e-001
65  6.871000e-001
66  6.358000e-001
67  5.727000e-001
68  5.150000e-001
69  4.663000e-001
70  3.778000e-001
71  2.370000e-001
72  1.271000e-001
73  1.033000e-001
74  1.845000e-001
75  2.691000e-001
76  4.556000e-001
77  6.349000e-001
78  5.572000e-001
79  4.958000e-001
80  4.449000e-001
81  4.040000e-001
82  3.422000e-001
83  2.024000e-001
84  1.473000e-001
85  1.219000e-001
86  1.318000e-001
87  2.715000e-001
88  3.961000e-001
89  5.290000e-001
90  5.894000e-001
91  6.393000e-001
92  4.712000e-001
93  4.199000e-001
94  3.607000e-001
95  1.773000e-001
96  1.223000e-001
97  6.414000e-002
98  1.138000e-001
99  2.850000e-001
100  5.303000e-001
101  7.020000e-001
102  7.801000e-001
103  6.911000e-001
104  6.814000e-001
105  5.714000e-001
106  4.137000e-001
107  2.439000e-001
108  1.522000e-001
109  1.270000e-001
110  2.397000e-001
111  3.460000e-001
112  4.920000e-001
113  4.195000e-001
114  3.736000e-001
115  3.375000e-001
116  3.078000e-001
117  2.780000e-001
118  2.479000e-001
119  1.932000e-001
120  1.127000e-001
121  1.152000e-001
122  1.709000e-001
123  2.966000e-001
124  5.029000e-001
125  4.721000e-001
126  3.388000e-001
127  2.981000e-001
128  2.656000e-001
129  2.394000e-001
130  2.238000e-001
131  1.763000e-001
132  1.041000e-001
133  1.167000e-001
134  2.105000e-001
135  3.389000e-001
136  3.518000e-001
137  3.825000e-001
138  2.711000e-001
139  2.407000e-001
140  2.157000e-001
141  1.956000e-001
142  1.791000e-001
143  1.371000e-001
144  1.207000e-001
   3 
1  6.735000e-002
2  1.278000e-001
3  3.087000e-001
4  4.849000e-001
5  6.526000e-001
6  6.156000e-001
7  5.610000e-001
8  5.145000e-001
9  4.753000e-001
10  3.736000e-001
11  2.522000e-001
12  1.221000e-001
13  7.986000e-002
14  1.545000e-001
15  2.610000e-001
16  5.242000e-001
17  6.641000e-001
18  8.958000e-001
19  9.735000e-001
20  8.686000e-001
21  6.706000e-001
22  3.693000e-001
23  2.057000e-001
24  7.820000e-002
25  5.487000e-002
26  1.226000e-001
27  2.552000e-001
28  4.861000e-001
29  5.440000e-001
30  8.344000e-001
31  9.257000e-001
32  7.785000e-001
33  6.259000e-001
34  4.230000e-001
35  2.080000e-001
36  1.076000e-001
37  8.039000e-002
38  1.535000e-001
39  2.891000e-001
40  4.980000e-001
41  5.476000e-001
42  5.250000e-001
43  4.615000e-001
44  4.162000e-001
45  3.810000e-001
46  3.392000e-001
47  1.193000e-001
48  6.193000e-002
49  1.083000e-001
50  1.663000e-001
51  3.248000e-001
52  5.403000e-001
53  7.013000e-001
54  8.681000e-001
55  9.155000e-001
56  8.368000e-001
57  6.132000e-001
58  3.720000e-001
59  1.913000e-001
60  1.078000e-001
61  1.277000e-001
62  2.104000e-001
63  3.587000e-001
64  4.997000e-001
65  7.193000e-001
66  8.137000e-001
67  7.799000e-001
68  7.195000e-001
69  6.103000e-001
70  3.913000e-001
71  2.370000e-001
72  1.271000e-001
73  1.033000e-001
74  1.845000e-001
75  2.688000e-001
76  4.318000e-001
77  4.554000e-001
78  4.028000e-001
79  3.596000e-001
80  3.267000e-001
81  3.022000e-001
82  2.859000e-001
83  2.023000e-001
84  1.473000e-001
85  1.219000e-001
86  1.316000e-001
87  2.248000e-001
88  2.286000e-001
89  2.282000e-001
90  2.315000e-001
91  2.296000e-001
92  1.925000e-001
93  1.679000e-001
94  1.504000e-001
95  1.729000e-001
96  1.223000e-001
97  6.412000e-002
98  1.135000e-001
99  2.728000e-001
100  5.298000e-001
101  6.518000e-001
102  6.178000e-001
103  5.625000e-001
104  5.210000e-001
105  4.770000e-001
106  3.952000e-001
107  2.439000e-001
108  1.522000e-001
109  1.269000e-001
110  2.397000e-001
111  3.162000e-001
112  3.141000e-001
113  2.920000e-001
114  2.651000e-001
115  2.439000e-001
116  2.275000e-001
117  2.095000e-001
118  1.923000e-001
119  1.817000e-001
120  1.127000e-001
121  1.152000e-001
122  1.452000e-001
123  2.071000e-001
124  2.328000e-001
125  1.992000e-001
126  1.682000e-001
127  1.414000e-001
128  1.233000e-001
129  1.107000e-001
130  1.073000e-001
131  1.198000e-001
132  9.825000e-002
133  1.147000e-001
134  1.089000e-001
135  9.993000e-002
136  9.999000e-002
137  9.855000e-002
138  7.902000e-002
139  6.625000e-002
140  5.762000e-002
141  5.225000e-002
142  4.918000e-002
143  5.576000e-002
144  9.420000e-002
   4 
1  6.737000e-002
2  1.278000e-001
3  3.087000e-001
4  4.849000e-001
5  7.067000e-001
6  7.466000e-001
7  6.627000e-001
8  5.902000e-001
9  5.291000e-001
10  3.881000e-001
11  2.522000e-001
12  1.221000e-001
13  7.986000e-002
14  1.545000e-001
15  2.610000e-001
16  5.241000e-001
17  6.642000e-001
18  8.958000e-001
19  9.736000e-001
20  8.711000e-001
21  6.707000e-001
22  3.693000e-001
23  2.057000e-001
24  7.820000e-002
25  5.486000e-002
26  1.226000e-001
27  2.552000e-001
28  4.861000e-001
29  5.440000e-001
30  8.344000e-001
31  9.528000e-001
32  7.857000e-001
33  6.261000e-001
34  4.231000e-001
35  2.080000e-001
36  1.076000e-001
37  8.039000e-002
38  1.535000e-001
39  2.891000e-001
40  4.872000e-001
41  5.166000e-001
42  4.670000e-001
43  3.962000e-001
44  3.450000e-001
45  3.054000e-001
46  2.712000e-001
47  1.193000e-001
48  6.193000e-002
49  1.083000e-001
50  1.663000e-001
51  3.248000e-001
52  5.403000e-001
53  7.013000e-001
54  8.681000e-001
55  9.156000e-001
56  8.370000e-001
57  6.133000e-001
58  3.721000e-001
59  1.913000e-001
60  1.078000e-001
61  1.277000e-001
62  2.104000e-001
63  3.587000e-001
64  4.997000e-001
65  7.109000e-001
66  7.081000e-001
67  6.359000e-001
68  5.663000e-001
69  5.044000e-001
70  3.848000e-001
71  2.370000e-001
72  1.271000e-001
73  1.033000e-001
74  1.845000e-001
75  2.633000e-001
76  3.336000e-001
77  3.030000e-001
78  2.538000e-001
79  2.145000e-001
80  1.860000e-001
81  1.660000e-001
82  1.574000e-001
83  1.523000e-001
84  1.340000e-001
85  1.025000e-001
86  1.255000e-001
87  1.308000e-001
88  1.143000e-001
89  1.191000e-001
90  1.274000e-001
91  1.305000e-001
92  9.831000e-002
93  7.833000e-002
94  6.534000e-002
95  1.058000e-001
96  8.900000e-002
97  5.941000e-002
98  9.824000e-002
99  2.438000e-001
100  5.299000e-001
101  7.016000e-001
102  7.857000e-001
103  6.961000e-001
104  6.257000e-001
105  5.561000e-001
106  4.102000e-001
107  2.439000e-001
108  1.522000e-001
109  1.269000e-001
110  2.397000e-001
111  3.095000e-001
112  2.973000e-001
113  2.684000e-001
114  2.359000e-001
115  2.102000e-001
116  1.902000e-001
117  1.672000e-001
118  1.469000e-001
119  1.489000e-001
120  1.088000e-001
121  1.097000e-001
122  1.146000e-001
123  1.375000e-001
124  1.832000e-001
125  1.494000e-001
126  1.193000e-001
127  9.380000e-002
128  7.715000e-002
129  6.597000e-002
130  6.478000e-002
131  7.931000e-002
132  7.921000e-002
133  9.969000e-002
134  7.044000e-002
135  6.555000e-002
136  6.712000e-002
137  6.717000e-002
138  4.909000e-002
139  3.774000e-002
140  3.051000e-002
141  2.648000e-002
142  2.470000e-002
143  3.256000e-002
144  7.322000e-002
   5 
1  6.735000e-002
2  1.279000e-001
3  2.895000e-001
4  4.232000e-001
5  4.022000e-001
6  3.292000e-001
7  2.771000e-001
8  2.339000e-001
9  1.953000e-001
10  1.740000e-001
11  1.598000e-001
12  1.113000e-001
13  7.985000e-002
14  1.250000e-001
15  2.231000e-001
16  5.243000e-001
17  6.643000e-001
18  8.958000e-001
19  9.736000e-001
20  8.710000e-001
21  6.705000e-001
22  3.693000e-001
23  2.057000e-001
24  7.820000e-002
25  5.489000e-002
26  1.227000e-001
27  2.552000e-001
28  4.860000e-001
29  5.285000e-001
30  5.913000e-001
31  4.953000e-001
32  4.217000e-001
33  3.630000e-001
34  3.125000e-001
35  2.060000e-001
36  1.076000e-001
37  8.037000e-002
38  1.535000e-001
39  2.467000e-001
40  2.572000e-001
41  3.232000e-001
42  2.373000e-001
43  1.775000e-001
44  1.438000e-001
45  1.201000e-001
46  1.027000e-001
47  1.193000e-001
48  6.194000e-002
49  1.083000e-001
50  1.664000e-001
51  3.249000e-001
52  5.405000e-001
53  7.014000e-001
54  8.681000e-001
55  9.156000e-001
56  8.369000e-001
57  6.132000e-001
58  3.720000e-001
59  1.913000e-001
60  1.078000e-001
61  1.277000e-001
62  2.104000e-001
63  3.587000e-001
64  4.996000e-001
65  5.479000e-001
66  4.575000e-001
67  3.898000e-001
68  3.320000e-001
69  2.878000e-001
70  2.528000e-001
71  2.049000e-001
72  1.271000e-001
73  1.032000e-001
74  1.402000e-001
75  1.810000e-001
76  1.954000e-001
77  1.722000e-001
78  1.325000e-001
79  1.023000e-001
80  8.246000e-002
81  7.047000e-002
82  6.944000e-002
83  7.159000e-002
84  6.432000e-002
85  5.385000e-002
86  1.144000e-001
87  1.273000e-001
88  1.094000e-001
89  1.125000e-001
90  1.193000e-001
91  1.286000e-001
92  9.301000e-002
93  7.208000e-002
94  5.830000e-002
95  9.824000e-002
96  8.155000e-002
97  5.543000e-002
98  1.135000e-001
99  2.812000e-001
100  5.299000e-001
101  6.888000e-001
102  6.444000e-001
103  5.515000e-001
104  4.781000e-001
105  4.089000e-001
106  3.492000e-001
107  2.415000e-001
108  1.522000e-001
109  1.269000e-001
110  2.107000e-001
111  1.886000e-001
112  1.733000e-001
113  1.516000e-001
114  1.263000e-001
115  1.076000e-001
116  9.449000e-002
117  8.023000e-002
118  6.943000e-002
119  8.522000e-002
120  7.041000e-002
121  6.994000e-002
122  5.997000e-002
123  1.370000e-001
124  1.819000e-001
125  1.425000e-001
126  1.124000e-001
127  8.554000e-002
128  6.759000e-002
129  5.597000e-002
130  5.454000e-002
131  6.899000e-002
132  7.109000e-002
133  9.124000e-002
134  6.059000e-002
135  5.602000e-002
136  5.797000e-002
137  5.842000e-002
138  4.078000e-002
139  2.987000e-002
140  2.310000e-002
141  1.951000e-002
142  1.817000e-002
143  2.645000e-002
144  6.740000e-002
   6 
1  6.737000e-002
2  1.278000e-001
3  3.087000e-001
4  4.849000e-001
5  6.925000e-001
6  6.995000e-001
7  6.367000e-001
8  5.827000e-001
9  5.370000e-001
10  3.929000e-001
11  2.522000e-001
12  1.221000e-001
13  7.986000e-002
14  1.545000e-001
15  2.610000e-001
16  5.242000e-001
17  6.641000e-001
18  8.958000e-001
19  9.736000e-001
20  8.710000e-001
21  6.707000e-001
22  3.693000e-001
23  2.057000e-001
24  7.820000e-002
25  5.486000e-002
26  1.226000e-001
27  2.552000e-001
28  4.861000e-001
29  5.440000e-001
30  8.344000e-001
31  9.523000e-001
32  7.856000e-001
33  6.259000e-001
34  4.231000e-001
35  2.080000e-001
36  1.076000e-001
37  8.039000e-002
38  1.535000e-001
39  2.892000e-001
40  5.054000e-001
41  5.669000e-001
42  5.547000e-001
43  4.877000e-001
44  4.390000e-001
45  4.008000e-001
46  3.521000e-001
47  1.193000e-001
48  6.193000e-002
49  1.083000e-001
50  1.663000e-001
51  3.248000e-001
52  5.403000e-001
53  7.013000e-001
54  8.681000e-001
55  9.156000e-001
56  8.369000e-001
57  6.132000e-001
58  3.720000e-001
59  1.913000e-001
60  1.078000e-001
61  1.278000e-001
62  2.104000e-001
63  3.587000e-001
64  4.997000e-001
65  7.193000e-001
66  8.143000e-001
67  7.784000e-001
68  7.153000e-001
69  6.069000e-001
70  3.913000e-001
71  2.370000e-001
72  1.271000e-001
73  1.033000e-001
74  1.845000e-001
75  2.688000e-001
76  4.268000e-001
77  4.420000e-001
78  3.889000e-001
79  3.453000e-001
80  3.122000e-001
81  2.876000e-001
82  2.739000e-001
83  1.991000e-001
84  1.473000e-001
85  1.219000e-001
86  1.315000e-001
87  2.144000e-001
88  2.098000e-001
89  2.099000e-001
90  2.138000e-001
91  2.125000e-001
92  1.760000e-001
93  1.520000e-001
94  1.351000e-001
95  1.651000e-001
96  1.215000e-001
97  6.411000e-002
98  1.134000e-001
99  2.667000e-001
100  5.299000e-001
101  6.752000e-001
102  6.476000e-001
103  5.880000e-001
104  5.426000e-001
105  4.953000e-001
106  3.992000e-001
107  2.439000e-001
108  1.522000e-001
109  1.269000e-001
110  2.397000e-001
111  3.197000e-001
112  3.174000e-001
113  2.940000e-001
114  2.660000e-001
115  2.438000e-001
116  2.266000e-001
117  2.078000e-001
118  1.901000e-001
119  1.802000e-001
120  1.127000e-001
121  1.151000e-001
122  1.436000e-001
123  1.972000e-001
124  2.280000e-001
125  1.936000e-001
126  1.623000e-001
127  1.355000e-001
128  1.174000e-001
129  1.048000e-001
130  1.021000e-001
131  1.151000e-001
132  9.692000e-002
133  1.135000e-001
134  1.034000e-001
135  9.502000e-002
136  9.520000e-002
137  9.389000e-002
138  7.448000e-002
139  6.185000e-002
140  5.336000e-002
141  4.813000e-002
142  4.519000e-002
143  5.193000e-002
144  9.089000e-002
   7 
1  6.737000e-002
2  1.278000e-001
3  3.087000e-001
4  4.849000e-001
5  7.093000e-001
6  7.732000e-001
7  6.916000e-001
8  6.185000e-001
9  5.560000e-001
10  3.935000e-001
11  2.522000e-001
12  1.221000e-001
13  7.986000e-002
14  1.545000e-001
15  2.610000e-001
16  5.241000e-001
17  6.642000e-001
18  8.958000e-001
19  9.736000e-001
20  8.711000e-001
21  6.707000e-001
22  3.693000e-001
23  2.057000e-001
24  7.820000e-002
25  5.485000e-002
26  1.226000e-001
27  2.552000e-001
28  4.861000e-001
29  5.440000e-001
30  8.344000e-001
31  9.528000e-001
32  7.858000e-001
33  6.261000e-001
34  4.231000e-001
35  2.080000e-001
36  1.076000e-001
37  8.039000e-002
38  1.535000e-001
39  2.891000e-001
40  4.927000e-001
41  5.272000e-001
42  4.833000e-001
43  4.118000e-001
44  3.599000e-001
45  3.195000e-001
46  2.829000e-001
47  1.193000e-001
48  6.193000e-002
49  1.083000e-001
50  1.663000e-001
51  3.248000e-001
52  5.403000e-001
53  7.013000e-001
54  8.681000e-001
55  9.156000e-001
56  8.370000e-001
57  6.133000e-001
58  3.721000e-001
59  1.913000e-001
60  1.078000e-001
61  1.277000e-001
62  2.104000e-001
63  3.587000e-001
64  4.997000e-001
65  7.142000e-001
66  7.230000e-001
67  6.515000e-001
68  5.819000e-001
69  5.170000e-001
70  3.872000e-001
71  2.370000e-001
72  1.271000e-001
73  1.033000e-001
74  1.845000e-001
75  2.651000e-001
76  3.444000e-001
77  3.143000e-001
78  2.645000e-001
79  2.247000e-001
80  1.955000e-001
81  1.750000e-001
82  1.660000e-001
83  1.601000e-001
84  1.390000e-001
85  1.057000e-001
86  1.187000e-001
87  1.334000e-001
88  1.169000e-001
89  1.217000e-001
90  1.299000e-001
91  1.329000e-001
92  1.006000e-001
93  8.054000e-002
94  6.744000e-002
95  1.078000e-001
96  9.071000e-002
97  6.016000e-002
98  9.951000e-002
99  2.426000e-001
100  5.299000e-001
101  7.016000e-001
102  7.885000e-001
103  7.030000e-001
104  6.338000e-001
105  5.642000e-001
106  4.120000e-001
107  2.439000e-001
108  1.522000e-001
109  1.269000e-001
110  2.397000e-001
111  3.160000e-001
112  2.977000e-001
113  2.647000e-001
114  2.332000e-001
115  2.081000e-001
116  1.888000e-001
117  1.685000e-001
118  1.511000e-001
119  1.523000e-001
120  1.095000e-001
121  1.108000e-001
122  1.183000e-001
123  1.383000e-001
124  1.850000e-001
125  1.514000e-001
126  1.213000e-001
127  9.573000e-002
128  7.902000e-002
129  6.777000e-002
130  6.652000e-002
131  8.098000e-002
132  8.045000e-002
133  1.007000e-001
134  7.189000e-002
135  6.693000e-002
136  6.843000e-002
137  6.840000e-002
138  5.026000e-002
139  3.884000e-002
140  3.154000e-002
141  2.745000e-002
142  2.561000e-002
143  3.341000e-002
144  7.402000e-002
   8 
1  6.735000e-002
2  1.278000e-001
3  3.051000e-001
4  4.758000e-001
5  5.508000e-001
6  4.766000e-001
7  4.165000e-001
8  3.661000e-001
9  3.248000e-001
10  2.941000e-001
11  2.361000e-001
12  1.220000e-001
13  7.986000e-002
14  1.545000e-001
15  2.600000e-001
16  5.243000e-001
17  6.642000e-001
18  8.958000e-001
19  9.736000e-001
20  8.710000e-001
21  6.706000e-001
22  3.693000e-001
23  2.057000e-001
24  7.820000e-002
25  5.488000e-002
26  1.227000e-001
27  2.552000e-001
28  4.861000e-001
29  5.440000e-001
30  8.137000e-001
31  7.872000e-001
32  6.848000e-001
33  5.949000e-001
34  4.230000e-001
35  2.080000e-001
36  1.076000e-001
37  8.037000e-002
38  1.535000e-001
39  2.783000e-001
40  3.770000e-001
41  3.994000e-001
42  3.313000e-001
43  2.723000e-001
44  2.321000e-001
45  2.022000e-001
46  1.790000e-001
47  1.193000e-001
48  6.194000e-002
49  1.083000e-001
50  1.663000e-001
51  3.249000e-001
52  5.405000e-001
53  7.014000e-001
54  8.681000e-001
55  9.156000e-001
56  8.370000e-001
57  6.132000e-001
58  3.720000e-001
59  1.913000e-001
60  1.078000e-001
61  1.277000e-001
62  2.104000e-001
63  3.587000e-001
64  4.996000e-001
65  6.727000e-001
66  6.277000e-001
67  5.549000e-001
68  4.902000e-001
69  4.383000e-001
70  3.667000e-001
71  2.370000e-001
72  1.271000e-001
73  1.033000e-001
74  1.843000e-001
75  2.539000e-001
76  2.912000e-001
77  2.618000e-001
78  2.155000e-001
79  1.790000e-001
80  1.531000e-001
81  1.355000e-001
82  1.293000e-001
83  1.266000e-001
84  1.140000e-001
85  9.214000e-002
86  1.291000e-001
87  1.469000e-001
88  1.240000e-001
89  1.274000e-001
90  1.345000e-001
91  1.365000e-001
92  1.033000e-001
93  8.256000e-002
94  6.888000e-002
95  1.087000e-001
96  9.118000e-002
97  6.020000e-002
98  1.118000e-001
99  2.742000e-001
100  5.299000e-001
101  6.923000e-001
102  6.713000e-001
103  5.911000e-001
104  5.281000e-001
105  4.663000e-001
106  3.869000e-001
107  2.439000e-001
108  1.522000e-001
109  1.269000e-001
110  2.375000e-001
111  2.599000e-001
112  2.430000e-001
113  2.181000e-001
114  1.894000e-001
115  1.672000e-001
116  1.506000e-001
117  1.328000e-001
118  1.186000e-001
119  1.273000e-001
120  1.032000e-001
121  1.008000e-001
122  9.229000e-002
123  1.606000e-001
124  1.889000e-001
125  1.546000e-001
126  1.242000e-001
127  9.803000e-002
128  8.072000e-002
129  6.893000e-002
130  6.720000e-002
131  8.125000e-002
132  8.042000e-002
133  1.005000e-001
134  7.132000e-002
135  6.619000e-002
136  6.744000e-002
137  6.718000e-002
138  4.898000e-002
139  3.754000e-002
140  3.023000e-002
141  2.609000e-002
142  2.427000e-002
143  3.210000e-002
144  7.273000e-002
   9 
1  6.737000e-002
2  1.278000e-001
3  3.087000e-001
4  4.849000e-001
5  7.116000e-001
6  7.803000e-001
7  6.869000e-001
8  6.068000e-001
9  5.395000e-001
10  3.902000e-001
11  2.522000e-001
12  1.221000e-001
13  7.986000e-002
14  1.545000e-001
15  2.610000e-001
16  5.242000e-001
17  6.642000e-001
18  8.958000e-001
19  9.736000e-001
20  8.711000e-001
21  6.707000e-001
22  3.693000e-001
23  2.057000e-001
24  7.820000e-002
25  5.485000e-002
26  1.226000e-001
27  2.552000e-001
28  4.862000e-001
29  5.441000e-001
30  8.344000e-001
31  9.528000e-001
32  7.858000e-001
33  6.261000e-001
34  4.231000e-001
35  2.080000e-001
36  1.076000e-001
37  8.039000e-002
38  1.535000e-001
39  2.891000e-001
40  4.900000e-001
41  5.189000e-001
42  4.677000e-001
43  3.939000e-001
44  3.403000e-001
45  2.987000e-001
46  2.601000e-001
47  1.193000e-001
48  6.193000e-002
49  1.083000e-001
50  1.663000e-001
51  3.248000e-001
52  5.405000e-001
53  7.015000e-001
54  8.681000e-001
55  9.156000e-001
56  8.370000e-001
57  6.133000e-001
58  3.721000e-001
59  1.913000e-001
60  1.078000e-001
61  1.277000e-001
62  2.104000e-001
63  3.587000e-001
64  4.997000e-001
65  6.968000e-001
66  6.707000e-001
67  5.940000e-001
68  5.241000e-001
69  4.664000e-001
70  3.760000e-001
71  2.370000e-001
72  1.271000e-001
73  1.033000e-001
74  1.845000e-001
75  2.567000e-001
76  3.014000e-001
77  2.709000e-001
78  2.233000e-001
79  1.857000e-001
80  1.587000e-001
81  1.403000e-001
82  1.333000e-001
83  1.300000e-001
84  1.167000e-001
85  9.335000e-002
86  9.242000e-002
87  1.076000e-001
88  9.163000e-002
89  9.816000e-002
90  1.081000e-001
91  1.127000e-001
92  8.193000e-002
93  6.325000e-002
94  5.146000e-002
95  9.307000e-002
96  7.786000e-002
97  5.378000e-002
98  9.008000e-002
99  2.366000e-001
100  5.300000e-001
101  7.017000e-001
102  8.270000e-001
103  7.298000e-001
104  6.507000e-001
105  5.727000e-001
106  4.129000e-001
107  2.439000e-001
108  1.522000e-001
109  1.269000e-001
110  2.397000e-001
111  3.049000e-001
112  2.902000e-001
113  2.600000e-001
114  2.266000e-001
115  2.002000e-001
116  1.797000e-001
117  1.587000e-001
118  1.411000e-001
119  1.438000e-001
120  1.075000e-001
121  1.074000e-001
122  1.075000e-001
123  1.267000e-001
124  1.736000e-001
125  1.404000e-001
126  1.107000e-001
127  8.559000e-002
128  6.935000e-002
129  5.858000e-002
130  5.780000e-002
131  7.273000e-002
132  7.431000e-002
133  9.508000e-002
134  6.498000e-002
135  6.043000e-002
136  6.231000e-002
137  6.260000e-002
138  4.456000e-002
139  3.353000e-002
140  2.661000e-002
141  2.287000e-002
142  2.136000e-002
143  2.947000e-002
144  7.030000e-002
   10 
1  6.737000e-002
2  1.278000e-001
3  3.087000e-001
4  4.849000e-001
5  7.098000e-001
6  7.818000e-001
7  7.033000e-001
8  6.313000e-001
9  5.680000e-001
10  3.935000e-001
11  2.522000e-001
12  1.221000e-001
13  7.986000e-002
14  1.545000e-001
15  2.610000e-001
16  5.241000e-001
17  6.641000e-001
18  8.958000e-001
19  9.736000e-001
20  8.711000e-001
21  6.707000e-001
22  3.693000e-001
23  2.057000e-001
24  7.820000e-002
25  5.485000e-002
26  1.226000e-001
27  2.552000e-001
28  4.861000e-001
29  5.440000e-001
30  8.344000e-001
31  9.528000e-001
32  7.858000e-001
33  6.261000e-001
34  4.231000e-001
35  2.080000e-001
36  1.076000e-001
37  8.039000e-002
38  1.535000e-001
39  2.891000e-001
40  4.943000e-001
41  5.309000e-001
42  4.889000e-001
43  4.172000e-001
44  3.650000e-001
45  3.244000e-001
46  2.870000e-001
47  1.193000e-001
48  6.193000e-002
49  1.083000e-001
50  1.663000e-001
51  3.248000e-001
52  5.403000e-001
53  7.013000e-001
54  8.681000e-001
55  9.156000e-001
56  8.370000e-001
57  6.133000e-001
58  3.721000e-001
59  1.913000e-001
60  1.078000e-001
61  1.277000e-001
62  2.104000e-001
63  3.587000e-001
64  4.997000e-001
65  7.152000e-001
66  7.283000e-001
67  6.571000e-001
68  5.874000e-001
69  5.212000e-001
70  3.879000e-001
71  2.370000e-001
72  1.271000e-001
73  1.033000e-001
74  1.845000e-001
75  2.657000e-001
76  3.481000e-001
77  3.183000e-001
78  2.683000e-001
79  2.283000e-001
80  1.990000e-001
81  1.782000e-001
82  1.690000e-001
83  1.627000e-001
84  1.405000e-001
85  1.069000e-001
86  1.170000e-001
87  1.346000e-001
88  1.180000e-001
89  1.228000e-001
90  1.310000e-001
91  1.339000e-001
92  1.016000e-001
93  8.145000e-002
94  6.831000e-002
95  1.086000e-001
96  9.140000e-002
97  6.041000e-002
98  1.000000e-001
99  2.423000e-001
100  5.299000e-001
101  7.016000e-001
102  7.883000e-001
103  7.073000e-001
104  6.393000e-001
105  5.694000e-001
106  4.130000e-001
107  2.439000e-001
108  1.522000e-001
109  1.269000e-001
110  2.397000e-001
111  3.056000e-001
112  2.940000e-001
113  2.662000e-001
114  2.347000e-001
115  2.097000e-001
116  1.904000e-001
117  1.701000e-001
118  1.526000e-001
119  1.534000e-001
120  1.097000e-001
121  1.112000e-001
122  1.196000e-001
123  1.392000e-001
124  1.859000e-001
125  1.523000e-001
126  1.221000e-001
127  9.650000e-002
128  7.976000e-002
129  6.849000e-002
130  6.721000e-002
131  8.163000e-002
132  8.092000e-002
133  1.011000e-001
134  7.245000e-002
135  6.746000e-002
136  6.893000e-002
137  6.888000e-002
138  5.070000e-002
139  3.926000e-002
140  3.194000e-002
141  2.782000e-002
142  2.595000e-002
143  3.374000e-002
144  7.433000e-002
   11 
1  6.737000e-002
2  1.280000e-001
3  3.087000e-001
4  4.850000e-001
5  5.603000e-001
6  5.108000e-001
7  4.791000e-001
8  4.435000e-001
9  4.094000e-001
10  3.477000e-001
11  2.522000e-001
12  1.221000e-001
13  7.987000e-002
14  1.545000e-001
15  2.612000e-001
16  5.247000e-001
17  6.249000e-001
18  6.610000e-001
19  6.436000e-001
20  6.087000e-001
21  5.634000e-001
22  3.692000e-001
23  2.057000e-001
24  7.824000e-002
25  5.496000e-002
26  1.229000e-001
27  2.552000e-001
28  4.856000e-001
29  5.173000e-001
30  5.991000e-001
31  5.514000e-001
32  5.078000e-001
33  4.633000e-001
34  4.054000e-001
35  2.080000e-001
36  1.076000e-001
37  8.042000e-002
38  1.535000e-001
39  2.886000e-001
40  4.318000e-001
41  5.421000e-001
42  5.389000e-001
43  4.664000e-001
44  4.325000e-001
45  3.996000e-001
46  3.454000e-001
47  1.195000e-001
48  6.197000e-002
49  1.084000e-001
50  1.664000e-001
51  3.251000e-001
52  5.403000e-001
53  7.013000e-001
54  8.678000e-001
55  9.154000e-001
56  8.368000e-001
57  6.132000e-001
58  3.720000e-001
59  1.914000e-001
60  1.078000e-001
61  1.278000e-001
62  2.104000e-001
63  3.587000e-001
64  4.997000e-001
65  6.624000e-001
66  6.285000e-001
67  5.744000e-001
68  5.233000e-001
69  4.784000e-001
70  3.812000e-001
71  2.370000e-001
72  1.271000e-001
73  1.033000e-001
74  1.845000e-001
75  2.689000e-001
76  4.241000e-001
77  4.634000e-001
78  3.752000e-001
79  3.348000e-001
80  3.052000e-001
81  2.813000e-001
82  2.673000e-001
83  1.979000e-001
84  1.473000e-001
85  1.219000e-001
86  1.318000e-001
87  2.330000e-001
88  2.416000e-001
89  3.782000e-001
90  2.847000e-001
91  4.693000e-001
92  2.990000e-001
93  2.811000e-001
94  2.600000e-001
95  1.772000e-001
96  1.223000e-001
97  6.413000e-002
98  1.137000e-001
99  2.848000e-001
100  4.283000e-001
101  5.447000e-001
102  4.375000e-001
103  4.219000e-001
104  4.017000e-001
105  3.692000e-001
106  3.375000e-001
107  2.420000e-001
108  1.522000e-001
109  1.269000e-001
110  2.377000e-001
111  2.679000e-001
112  2.605000e-001
113  2.405000e-001
114  2.092000e-001
115  1.898000e-001
116  1.753000e-001
117  1.590000e-001
118  1.451000e-001
119  1.657000e-001
120  1.102000e-001
121  1.122000e-001
122  1.617000e-001
123  1.973000e-001
124  2.514000e-001
125  2.345000e-001
126  1.789000e-001
127  1.568000e-001
128  1.397000e-001
129  1.263000e-001
130  1.222000e-001
131  1.555000e-001
132  1.012000e-001
133  1.167000e-001
134  1.327000e-001
135  1.590000e-001
136  1.250000e-001
137  1.231000e-001
138  1.015000e-001
139  8.506000e-002
140  7.037000e-002
141  6.357000e-002
142  5.921000e-002
143  6.814000e-002
144  1.039000e-001
   12 
1  6.367000e-002
2  1.108000e-001
3  8.224000e-002
4  1.569000e-001
5  9.017000e-002
6  5.917000e-002
7  4.144000e-002
8  2.987000e-002
9  2.286000e-002
10  2.415000e-002
11  2.957000e-002
12  3.546000e-002
13  3.886000e-002
14  3.681000e-002
15  1.387000e-001
16  3.011000e-001
17  1.393000e-001
18  8.959000e-002
19  5.822000e-002
20  4.088000e-002
21  3.053000e-002
22  3.367000e-002
23  3.483000e-002
24  5.967000e-002
25  5.485000e-002
26  1.218000e-001
27  1.040000e-001
28  1.500000e-001
29  1.057000e-001
30  7.627000e-002
31  5.067000e-002
32  3.567000e-002
33  2.729000e-002
34  2.130000e-002
35  2.221000e-002
36  4.136000e-002
37  3.137000e-002
38  3.383000e-002
39  1.026000e-001
40  8.989000e-002
41  1.206000e-001
42  9.549000e-002
43  6.048000e-002
44  4.216000e-002
45  3.172000e-002
46  2.591000e-002
47  8.843000e-002
48  6.193000e-002
49  1.083000e-001
50  1.611000e-001
51  1.642000e-001
52  1.151000e-001
53  9.667000e-002
54  6.539000e-002
55  4.543000e-002
56  3.359000e-002
57  2.614000e-002
58  2.848000e-002
59  1.154000e-001
60  8.823000e-002
61  6.687000e-002
62  5.880000e-002
63  4.792000e-002
64  6.131000e-002
65  7.655000e-002
66  5.118000e-002
67  3.672000e-002
68  2.586000e-002
69  2.187000e-002
70  2.194000e-002
71  1.625000e-002
72  1.255000e-002
73  2.444000e-002
74  1.929000e-002
75  6.799000e-002
76  9.570000e-002
77  8.558000e-002
78  5.732000e-002
79  3.698000e-002
80  2.581000e-002
81  2.126000e-002
82  2.668000e-002
83  3.444000e-002
84  3.215000e-002
85  2.597000e-002
86  8.801000e-002
87  4.557000e-002
88  3.600000e-002
89  4.835000e-002
90  6.352000e-002
91  7.273000e-002
92  4.622000e-002
93  3.127000e-002
94  2.282000e-002
95  6.744000e-002
96  5.507000e-002
97  3.557000e-002
98  8.807000e-002
99  1.706000e-001
100  1.384000e-001
101  8.871000e-002
102  6.969000e-002
103  5.072000e-002
104  4.362000e-002
105  3.128000e-002
106  2.651000e-002
107  2.875000e-002
108  2.442000e-002
109  4.877000e-002
110  4.419000e-002
111  3.223000e-002
112  3.737000e-002
113  3.348000e-002
114  2.372000e-002
115  1.843000e-002
116  1.724000e-002
117  1.312000e-002
118  1.111000e-002
119  3.457000e-002
120  2.709000e-002
121  3.180000e-002
122  2.216000e-002
123  9.591000e-002
124  1.049000e-001
125  7.941000e-002
126  5.632000e-002
127  3.699000e-002
128  2.595000e-002
129  1.972000e-002
130  2.301000e-002
131  4.157000e-002
132  5.169000e-002
133  6.947000e-002
134  4.255000e-002
135  4.026000e-002
136  4.428000e-002
137  4.652000e-002
138  3.044000e-002
139  2.089000e-002
140  1.531000e-002
141  1.274000e-002
142  1.228000e-002
143  2.134000e-002
144  6.285000e-002
