   1 
1  3.632000e-002
2  4.197000e-002
3  9.523000e-002
4  1.593000e-001
5  2.211000e-001
6  2.933000e-001
7  3.143000e-001
8  3.061000e-001
9  2.189000e-001
10  1.137000e-001
11  6.519000e-002
12  3.813000e-002
13  3.360000e-002
14  4.497000e-002
15  9.946000e-002
16  1.825000e-001
17  2.377000e-001
18  2.692000e-001
19  3.277000e-001
20  2.918000e-001
21  2.219000e-001
22  1.320000e-001
23  7.171000e-002
24  3.771000e-002
25  3.648000e-002
26  5.975000e-002
27  9.258000e-002
28  1.289000e-001
29  1.981000e-001
30  2.969000e-001
31  3.206000e-001
32  2.942000e-001
33  2.338000e-001
34  1.287000e-001
35  5.022000e-002
36  3.982000e-002
37  3.483000e-002
38  5.084000e-002
39  1.015000e-001
40  1.591000e-001
41  2.451000e-001
42  2.791000e-001
43  3.136000e-001
44  3.017000e-001
45  2.023000e-001
46  1.393000e-001
47  6.119000e-002
48  5.346000e-002
49  3.278000e-002
50  4.489000e-002
51  9.374000e-002
52  1.661000e-001
53  2.184000e-001
54  2.829000e-001
55  3.241000e-001
56  3.062000e-001
57  1.953000e-001
58  1.121000e-001
59  5.997000e-002
60  3.046000e-002
61  3.525000e-002
62  5.649000e-002
63  1.071000e-001
64  1.464000e-001
65  2.015000e-001
66  2.527000e-001
67  3.260000e-001
68  3.083000e-001
69  2.133000e-001
70  1.238000e-001
71  7.220000e-002
72  3.708000e-002
73  2.938000e-002
74  5.223000e-002
75  7.298000e-002
76  1.423000e-001
77  2.258000e-001
78  2.871000e-001
79  2.934000e-001
80  2.913000e-001
81  2.240000e-001
82  1.223000e-001
83  6.833000e-002
84  4.634000e-002
85  4.291000e-002
86  5.096000e-002
87  7.805000e-002
88  1.548000e-001
89  2.244000e-001
90  2.920000e-001
91  3.321000e-001
92  3.128000e-001
93  2.060000e-001
94  1.335000e-001
95  5.908000e-002
96  3.846000e-002
97  2.575000e-002
98  3.884000e-002
99  8.118000e-002
100  1.676000e-001
101  2.209000e-001
102  3.033000e-001
103  3.205000e-001
104  2.958000e-001
105  2.195000e-001
106  1.380000e-001
107  8.099000e-002
108  5.540000e-002
109  3.792000e-002
110  6.486000e-002
111  1.051000e-001
112  1.727000e-001
113  2.500000e-001
114  3.187000e-001
115  3.132000e-001
116  2.887000e-001
117  2.205000e-001
118  1.371000e-001
119  6.320000e-002
120  4.230000e-002
121  3.359000e-002
122  4.592000e-002
123  9.852000e-002
124  1.767000e-001
125  2.431000e-001
126  3.136000e-001
127  3.221000e-001
128  2.853000e-001
129  2.186000e-001
130  1.137000e-001
131  5.747000e-002
132  3.263000e-002
133  3.552000e-002
134  5.290000e-002
135  1.202000e-001
136  1.847000e-001
137  2.434000e-001
138  3.201000e-001
139  3.216000e-001
140  3.081000e-001
141  2.175000e-001
142  1.304000e-001
143  6.790000e-002
144  4.494000e-002
   2 
1  3.635000e-002
2  4.199000e-002
3  9.525000e-002
4  1.594000e-001
5  2.212000e-001
6  2.909000e-001
7  2.857000e-001
8  2.676000e-001
9  2.169000e-001
10  1.137000e-001
11  6.531000e-002
12  3.814000e-002
13  3.359000e-002
14  4.506000e-002
15  9.956000e-002
16  1.828000e-001
17  2.379000e-001
18  2.693000e-001
19  3.275000e-001
20  2.917000e-001
21  2.218000e-001
22  1.319000e-001
23  7.180000e-002
24  3.771000e-002
25  3.652000e-002
26  5.987000e-002
27  9.263000e-002
28  1.291000e-001
29  1.981000e-001
30  2.966000e-001
31  3.201000e-001
32  2.938000e-001
33  2.335000e-001
34  1.286000e-001
35  5.031000e-002
36  3.985000e-002
37  3.485000e-002
38  5.089000e-002
39  1.015000e-001
40  1.592000e-001
41  2.452000e-001
42  2.788000e-001
43  3.132000e-001
44  3.013000e-001
45  2.020000e-001
46  1.391000e-001
47  6.114000e-002
48  5.342000e-002
49  3.278000e-002
50  4.495000e-002
51  9.380000e-002
52  1.663000e-001
53  2.186000e-001
54  2.827000e-001
55  3.239000e-001
56  3.061000e-001
57  1.951000e-001
58  1.121000e-001
59  6.019000e-002
60  3.044000e-002
61  3.524000e-002
62  5.648000e-002
63  1.070000e-001
64  1.465000e-001
65  2.017000e-001
66  2.526000e-001
67  3.254000e-001
68  3.078000e-001
69  2.129000e-001
70  1.236000e-001
71  7.211000e-002
72  3.703000e-002
73  2.937000e-002
74  5.229000e-002
75  7.305000e-002
76  1.426000e-001
77  2.258000e-001
78  2.868000e-001
79  2.930000e-001
80  2.909000e-001
81  2.237000e-001
82  1.221000e-001
83  6.826000e-002
84  4.629000e-002
85  4.287000e-002
86  5.095000e-002
87  7.807000e-002
88  1.550000e-001
89  2.245000e-001
90  2.918000e-001
91  3.319000e-001
92  3.126000e-001
93  2.059000e-001
94  1.335000e-001
95  5.912000e-002
96  3.849000e-002
97  2.576000e-002
98  3.890000e-002
99  8.138000e-002
100  1.676000e-001
101  2.209000e-001
102  3.031000e-001
103  3.202000e-001
104  2.955000e-001
105  2.193000e-001
106  1.379000e-001
107  8.094000e-002
108  5.538000e-002
109  3.794000e-002
110  6.491000e-002
111  1.052000e-001
112  1.727000e-001
113  2.498000e-001
114  3.027000e-001
115  2.895000e-001
116  2.769000e-001
117  2.203000e-001
118  1.370000e-001
119  6.321000e-002
120  4.233000e-002
121  3.364000e-002
122  4.603000e-002
123  9.871000e-002
124  1.768000e-001
125  2.429000e-001
126  3.134000e-001
127  3.212000e-001
128  2.842000e-001
129  2.184000e-001
130  1.136000e-001
131  5.747000e-002
132  3.265000e-002
133  3.551000e-002
134  5.294000e-002
135  1.202000e-001
136  1.847000e-001
137  2.433000e-001
138  2.919000e-001
139  2.808000e-001
140  2.604000e-001
141  2.157000e-001
142  1.304000e-001
143  6.792000e-002
144  4.496000e-002
   3 
1  3.632000e-002
2  4.197000e-002
3  9.524000e-002
4  1.593000e-001
5  2.212000e-001
6  2.933000e-001
7  3.143000e-001
8  3.061000e-001
9  2.189000e-001
10  1.137000e-001
11  6.519000e-002
12  3.814000e-002
13  3.360000e-002
14  4.498000e-002
15  9.947000e-002
16  1.825000e-001
17  2.377000e-001
18  2.691000e-001
19  3.276000e-001
20  2.918000e-001
21  2.219000e-001
22  1.320000e-001
23  7.171000e-002
24  3.771000e-002
25  3.649000e-002
26  5.978000e-002
27  9.257000e-002
28  1.289000e-001
29  1.981000e-001
30  2.968000e-001
31  3.205000e-001
32  2.941000e-001
33  2.337000e-001
34  1.287000e-001
35  5.022000e-002
36  3.982000e-002
37  3.484000e-002
38  5.086000e-002
39  1.015000e-001
40  1.591000e-001
41  2.451000e-001
42  2.791000e-001
43  3.136000e-001
44  3.016000e-001
45  2.022000e-001
46  1.393000e-001
47  6.119000e-002
48  5.346000e-002
49  3.278000e-002
50  4.490000e-002
51  9.374000e-002
52  1.661000e-001
53  2.184000e-001
54  2.829000e-001
55  3.242000e-001
56  3.063000e-001
57  1.953000e-001
58  1.121000e-001
59  5.999000e-002
60  3.046000e-002
61  3.525000e-002
62  5.648000e-002
63  1.071000e-001
64  1.464000e-001
65  2.014000e-001
66  2.526000e-001
67  3.260000e-001
68  3.083000e-001
69  2.132000e-001
70  1.238000e-001
71  7.220000e-002
72  3.708000e-002
73  2.938000e-002
74  5.224000e-002
75  7.298000e-002
76  1.423000e-001
77  2.258000e-001
78  2.870000e-001
79  2.934000e-001
80  2.913000e-001
81  2.240000e-001
82  1.223000e-001
83  6.834000e-002
84  4.634000e-002
85  4.291000e-002
86  5.096000e-002
87  7.806000e-002
88  1.549000e-001
89  2.245000e-001
90  2.921000e-001
91  3.321000e-001
92  3.128000e-001
93  2.060000e-001
94  1.335000e-001
95  5.910000e-002
96  3.847000e-002
97  2.576000e-002
98  3.886000e-002
99  8.120000e-002
100  1.676000e-001
101  2.209000e-001
102  3.033000e-001
103  3.205000e-001
104  2.957000e-001
105  2.195000e-001
106  1.380000e-001
107  8.099000e-002
108  5.540000e-002
109  3.792000e-002
110  6.486000e-002
111  1.051000e-001
112  1.727000e-001
113  2.500000e-001
114  3.188000e-001
115  3.133000e-001
116  2.887000e-001
117  2.205000e-001
118  1.371000e-001
119  6.320000e-002
120  4.230000e-002
121  3.359000e-002
122  4.594000e-002
123  9.853000e-002
124  1.767000e-001
125  2.431000e-001
126  3.136000e-001
127  3.221000e-001
128  2.853000e-001
129  2.186000e-001
130  1.136000e-001
131  5.747000e-002
132  3.263000e-002
133  3.552000e-002
134  5.290000e-002
135  1.202000e-001
136  1.847000e-001
137  2.434000e-001
138  3.202000e-001
139  3.217000e-001
140  3.082000e-001
141  2.175000e-001
142  1.305000e-001
143  6.790000e-002
144  4.494000e-002
   4 
1  3.632000e-002
2  4.197000e-002
3  9.523000e-002
4  1.593000e-001
5  2.212000e-001
6  2.933000e-001
7  3.143000e-001
8  3.061000e-001
9  2.189000e-001
10  1.137000e-001
11  6.519000e-002
12  3.813000e-002
13  3.360000e-002
14  4.496000e-002
15  9.946000e-002
16  1.825000e-001
17  2.377000e-001
18  2.692000e-001
19  3.277000e-001
20  2.919000e-001
21  2.219000e-001
22  1.320000e-001
23  7.170000e-002
24  3.771000e-002
25  3.648000e-002
26  5.974000e-002
27  9.258000e-002
28  1.289000e-001
29  1.982000e-001
30  2.970000e-001
31  3.206000e-001
32  2.942000e-001
33  2.338000e-001
34  1.288000e-001
35  5.022000e-002
36  3.982000e-002
37  3.483000e-002
38  5.084000e-002
39  1.015000e-001
40  1.591000e-001
41  2.452000e-001
42  2.791000e-001
43  3.136000e-001
44  3.017000e-001
45  2.023000e-001
46  1.393000e-001
47  6.119000e-002
48  5.346000e-002
49  3.278000e-002
50  4.490000e-002
51  9.375000e-002
52  1.661000e-001
53  2.184000e-001
54  2.829000e-001
55  3.242000e-001
56  3.063000e-001
57  1.953000e-001
58  1.121000e-001
59  5.997000e-002
60  3.046000e-002
61  3.525000e-002
62  5.649000e-002
63  1.071000e-001
64  1.464000e-001
65  2.015000e-001
66  2.527000e-001
67  3.261000e-001
68  3.084000e-001
69  2.133000e-001
70  1.238000e-001
71  7.221000e-002
72  3.708000e-002
73  2.938000e-002
74  5.223000e-002
75  7.298000e-002
76  1.422000e-001
77  2.258000e-001
78  2.871000e-001
79  2.935000e-001
80  2.913000e-001
81  2.240000e-001
82  1.223000e-001
83  6.834000e-002
84  4.634000e-002
85  4.291000e-002
86  5.096000e-002
87  7.806000e-002
88  1.549000e-001
89  2.244000e-001
90  2.920000e-001
91  3.321000e-001
92  3.128000e-001
93  2.060000e-001
94  1.335000e-001
95  5.908000e-002
96  3.846000e-002
97  2.575000e-002
98  3.883000e-002
99  8.116000e-002
100  1.676000e-001
101  2.209000e-001
102  3.033000e-001
103  3.205000e-001
104  2.958000e-001
105  2.195000e-001
106  1.380000e-001
107  8.099000e-002
108  5.540000e-002
109  3.792000e-002
110  6.486000e-002
111  1.051000e-001
112  1.727000e-001
113  2.500000e-001
114  3.188000e-001
115  3.133000e-001
116  2.887000e-001
117  2.205000e-001
118  1.371000e-001
119  6.320000e-002
120  4.230000e-002
121  3.359000e-002
122  4.591000e-002
123  9.851000e-002
124  1.767000e-001
125  2.431000e-001
126  3.136000e-001
127  3.221000e-001
128  2.853000e-001
129  2.186000e-001
130  1.137000e-001
131  5.749000e-002
132  3.263000e-002
133  3.552000e-002
134  5.290000e-002
135  1.202000e-001
136  1.847000e-001
137  2.434000e-001
138  3.202000e-001
139  3.216000e-001
140  3.081000e-001
141  2.175000e-001
142  1.304000e-001
143  6.790000e-002
144  4.494000e-002
   5 
1  3.632000e-002
2  4.198000e-002
3  9.524000e-002
4  1.593000e-001
5  2.211000e-001
6  2.932000e-001
7  3.142000e-001
8  3.060000e-001
9  2.188000e-001
10  1.137000e-001
11  6.517000e-002
12  3.813000e-002
13  3.359000e-002
14  4.501000e-002
15  9.946000e-002
16  1.825000e-001
17  2.377000e-001
18  2.692000e-001
19  3.275000e-001
20  2.917000e-001
21  2.218000e-001
22  1.319000e-001
23  7.171000e-002
24  3.771000e-002
25  3.650000e-002
26  5.982000e-002
27  9.256000e-002
28  1.289000e-001
29  1.981000e-001
30  2.968000e-001
31  3.205000e-001
32  2.941000e-001
33  2.337000e-001
34  1.287000e-001
35  5.022000e-002
36  3.983000e-002
37  3.486000e-002
38  5.088000e-002
39  1.015000e-001
40  1.591000e-001
41  2.451000e-001
42  2.790000e-001
43  3.135000e-001
44  3.016000e-001
45  2.021000e-001
46  1.392000e-001
47  6.117000e-002
48  5.345000e-002
49  3.277000e-002
50  4.488000e-002
51  9.373000e-002
52  1.661000e-001
53  2.183000e-001
54  2.828000e-001
55  3.241000e-001
56  3.062000e-001
57  1.952000e-001
58  1.121000e-001
59  6.001000e-002
60  3.046000e-002
61  3.526000e-002
62  5.648000e-002
63  1.071000e-001
64  1.464000e-001
65  2.015000e-001
66  2.527000e-001
67  3.259000e-001
68  3.082000e-001
69  2.132000e-001
70  1.238000e-001
71  7.217000e-002
72  3.707000e-002
73  2.937000e-002
74  5.224000e-002
75  7.295000e-002
76  1.423000e-001
77  2.258000e-001
78  2.870000e-001
79  2.934000e-001
80  2.912000e-001
81  2.239000e-001
82  1.222000e-001
83  6.830000e-002
84  4.632000e-002
85  4.290000e-002
86  5.094000e-002
87  7.802000e-002
88  1.548000e-001
89  2.243000e-001
90  2.919000e-001
91  3.320000e-001
92  3.127000e-001
93  2.060000e-001
94  1.335000e-001
95  5.906000e-002
96  3.845000e-002
97  2.575000e-002
98  3.886000e-002
99  8.123000e-002
100  1.676000e-001
101  2.209000e-001
102  3.032000e-001
103  3.204000e-001
104  2.956000e-001
105  2.194000e-001
106  1.380000e-001
107  8.097000e-002
108  5.538000e-002
109  3.792000e-002
110  6.485000e-002
111  1.051000e-001
112  1.726000e-001
113  2.499000e-001
114  3.186000e-001
115  3.131000e-001
116  2.886000e-001
117  2.204000e-001
118  1.371000e-001
119  6.318000e-002
120  4.230000e-002
121  3.360000e-002
122  4.598000e-002
123  9.852000e-002
124  1.767000e-001
125  2.430000e-001
126  3.135000e-001
127  3.220000e-001
128  2.853000e-001
129  2.185000e-001
130  1.136000e-001
131  5.745000e-002
132  3.262000e-002
133  3.551000e-002
134  5.290000e-002
135  1.202000e-001
136  1.846000e-001
137  2.432000e-001
138  2.602000e-001
139  2.296000e-001
140  2.001000e-001
141  1.738000e-001
142  1.290000e-001
143  6.788000e-002
144  4.493000e-002
   6 
1  3.632000e-002
2  4.197000e-002
3  9.523000e-002
4  1.593000e-001
5  2.212000e-001
6  2.934000e-001
7  3.144000e-001
8  3.061000e-001
9  2.189000e-001
10  1.137000e-001
11  6.519000e-002
12  3.813000e-002
13  3.360000e-002
14  4.497000e-002
15  9.946000e-002
16  1.826000e-001
17  2.377000e-001
18  2.692000e-001
19  3.277000e-001
20  2.918000e-001
21  2.219000e-001
22  1.320000e-001
23  7.171000e-002
24  3.771000e-002
25  3.648000e-002
26  5.976000e-002
27  9.258000e-002
28  1.289000e-001
29  1.981000e-001
30  2.969000e-001
31  3.206000e-001
32  2.942000e-001
33  2.337000e-001
34  1.287000e-001
35  5.022000e-002
36  3.982000e-002
37  3.483000e-002
38  5.084000e-002
39  1.015000e-001
40  1.591000e-001
41  2.451000e-001
42  2.791000e-001
43  3.136000e-001
44  3.017000e-001
45  2.022000e-001
46  1.393000e-001
47  6.119000e-002
48  5.346000e-002
49  3.278000e-002
50  4.490000e-002
51  9.376000e-002
52  1.661000e-001
53  2.184000e-001
54  2.829000e-001
55  3.242000e-001
56  3.063000e-001
57  1.953000e-001
58  1.121000e-001
59  5.998000e-002
60  3.045000e-002
61  3.525000e-002
62  5.648000e-002
63  1.071000e-001
64  1.464000e-001
65  2.014000e-001
66  2.527000e-001
67  3.260000e-001
68  3.083000e-001
69  2.133000e-001
70  1.238000e-001
71  7.220000e-002
72  3.708000e-002
73  2.938000e-002
74  5.224000e-002
75  7.299000e-002
76  1.423000e-001
77  2.258000e-001
78  2.871000e-001
79  2.934000e-001
80  2.913000e-001
81  2.240000e-001
82  1.223000e-001
83  6.835000e-002
84  4.634000e-002
85  4.291000e-002
86  5.096000e-002
87  7.806000e-002
88  1.549000e-001
89  2.245000e-001
90  2.921000e-001
91  3.321000e-001
92  3.128000e-001
93  2.060000e-001
94  1.335000e-001
95  5.910000e-002
96  3.847000e-002
97  2.575000e-002
98  3.885000e-002
99  8.119000e-002
100  1.676000e-001
101  2.209000e-001
102  3.033000e-001
103  3.205000e-001
104  2.958000e-001
105  2.195000e-001
106  1.380000e-001
107  8.099000e-002
108  5.540000e-002
109  3.792000e-002
110  6.486000e-002
111  1.051000e-001
112  1.727000e-001
113  2.500000e-001
114  3.188000e-001
115  3.133000e-001
116  2.888000e-001
117  2.205000e-001
118  1.371000e-001
119  6.320000e-002
120  4.230000e-002
121  3.359000e-002
122  4.593000e-002
123  9.852000e-002
124  1.767000e-001
125  2.431000e-001
126  3.136000e-001
127  3.221000e-001
128  2.853000e-001
129  2.186000e-001
130  1.137000e-001
131  5.749000e-002
132  3.263000e-002
133  3.552000e-002
134  5.290000e-002
135  1.202000e-001
136  1.847000e-001
137  2.434000e-001
138  3.202000e-001
139  3.217000e-001
140  3.082000e-001
141  2.175000e-001
142  1.305000e-001
143  6.792000e-002
144  4.495000e-002
   7 
1  3.632000e-002
2  4.197000e-002
3  9.523000e-002
4  1.593000e-001
5  2.212000e-001
6  2.933000e-001
7  3.143000e-001
8  3.061000e-001
9  2.189000e-001
10  1.137000e-001
11  6.519000e-002
12  3.813000e-002
13  3.360000e-002
14  4.496000e-002
15  9.946000e-002
16  1.825000e-001
17  2.377000e-001
18  2.692000e-001
19  3.277000e-001
20  2.919000e-001
21  2.219000e-001
22  1.320000e-001
23  7.170000e-002
24  3.771000e-002
25  3.647000e-002
26  5.974000e-002
27  9.258000e-002
28  1.289000e-001
29  1.981000e-001
30  2.970000e-001
31  3.206000e-001
32  2.942000e-001
33  2.338000e-001
34  1.288000e-001
35  5.022000e-002
36  3.982000e-002
37  3.483000e-002
38  5.084000e-002
39  1.015000e-001
40  1.591000e-001
41  2.452000e-001
42  2.792000e-001
43  3.136000e-001
44  3.017000e-001
45  2.023000e-001
46  1.393000e-001
47  6.119000e-002
48  5.346000e-002
49  3.278000e-002
50  4.490000e-002
51  9.376000e-002
52  1.661000e-001
53  2.184000e-001
54  2.829000e-001
55  3.242000e-001
56  3.063000e-001
57  1.953000e-001
58  1.121000e-001
59  5.996000e-002
60  3.045000e-002
61  3.525000e-002
62  5.648000e-002
63  1.071000e-001
64  1.464000e-001
65  2.014000e-001
66  2.527000e-001
67  3.261000e-001
68  3.084000e-001
69  2.133000e-001
70  1.238000e-001
71  7.221000e-002
72  3.708000e-002
73  2.938000e-002
74  5.223000e-002
75  7.298000e-002
76  1.422000e-001
77  2.258000e-001
78  2.871000e-001
79  2.935000e-001
80  2.913000e-001
81  2.240000e-001
82  1.223000e-001
83  6.835000e-002
84  4.634000e-002
85  4.291000e-002
86  5.096000e-002
87  7.806000e-002
88  1.549000e-001
89  2.244000e-001
90  2.920000e-001
91  3.321000e-001
92  3.128000e-001
93  2.060000e-001
94  1.335000e-001
95  5.909000e-002
96  3.846000e-002
97  2.575000e-002
98  3.883000e-002
99  8.116000e-002
100  1.676000e-001
101  2.209000e-001
102  3.033000e-001
103  3.205000e-001
104  2.958000e-001
105  2.195000e-001
106  1.380000e-001
107  8.099000e-002
108  5.540000e-002
109  3.792000e-002
110  6.486000e-002
111  1.051000e-001
112  1.727000e-001
113  2.500000e-001
114  3.188000e-001
115  3.133000e-001
116  2.887000e-001
117  2.205000e-001
118  1.371000e-001
119  6.320000e-002
120  4.230000e-002
121  3.359000e-002
122  4.591000e-002
123  9.851000e-002
124  1.767000e-001
125  2.431000e-001
126  3.136000e-001
127  3.221000e-001
128  2.853000e-001
129  2.186000e-001
130  1.137000e-001
131  5.749000e-002
132  3.263000e-002
133  3.552000e-002
134  5.290000e-002
135  1.202000e-001
136  1.847000e-001
137  2.434000e-001
138  3.202000e-001
139  3.217000e-001
140  3.081000e-001
141  2.175000e-001
142  1.304000e-001
143  6.790000e-002
144  4.494000e-002
   8 
1  3.632000e-002
2  4.198000e-002
3  9.523000e-002
4  1.593000e-001
5  2.211000e-001
6  2.933000e-001
7  3.143000e-001
8  3.061000e-001
9  2.189000e-001
10  1.137000e-001
11  6.519000e-002
12  3.813000e-002
13  3.359000e-002
14  4.499000e-002
15  9.947000e-002
16  1.825000e-001
17  2.377000e-001
18  2.692000e-001
19  3.276000e-001
20  2.918000e-001
21  2.219000e-001
22  1.320000e-001
23  7.172000e-002
24  3.771000e-002
25  3.650000e-002
26  5.980000e-002
27  9.257000e-002
28  1.289000e-001
29  1.981000e-001
30  2.969000e-001
31  3.205000e-001
32  2.941000e-001
33  2.337000e-001
34  1.287000e-001
35  5.023000e-002
36  3.983000e-002
37  3.485000e-002
38  5.087000e-002
39  1.015000e-001
40  1.591000e-001
41  2.451000e-001
42  2.791000e-001
43  3.135000e-001
44  3.016000e-001
45  2.022000e-001
46  1.393000e-001
47  6.118000e-002
48  5.345000e-002
49  3.277000e-002
50  4.489000e-002
51  9.375000e-002
52  1.661000e-001
53  2.183000e-001
54  2.828000e-001
55  3.241000e-001
56  3.062000e-001
57  1.953000e-001
58  1.121000e-001
59  6.000000e-002
60  3.046000e-002
61  3.525000e-002
62  5.648000e-002
63  1.071000e-001
64  1.464000e-001
65  2.015000e-001
66  2.527000e-001
67  3.260000e-001
68  3.083000e-001
69  2.132000e-001
70  1.238000e-001
71  7.220000e-002
72  3.708000e-002
73  2.937000e-002
74  5.224000e-002
75  7.299000e-002
76  1.423000e-001
77  2.258000e-001
78  2.870000e-001
79  2.934000e-001
80  2.913000e-001
81  2.239000e-001
82  1.222000e-001
83  6.832000e-002
84  4.634000e-002
85  4.291000e-002
86  5.094000e-002
87  7.804000e-002
88  1.549000e-001
89  2.244000e-001
90  2.920000e-001
91  3.320000e-001
92  3.127000e-001
93  2.060000e-001
94  1.335000e-001
95  5.908000e-002
96  3.846000e-002
97  2.575000e-002
98  3.886000e-002
99  8.122000e-002
100  1.676000e-001
101  2.209000e-001
102  3.032000e-001
103  3.204000e-001
104  2.957000e-001
105  2.195000e-001
106  1.380000e-001
107  8.099000e-002
108  5.538000e-002
109  3.791000e-002
110  6.485000e-002
111  1.051000e-001
112  1.726000e-001
113  2.499000e-001
114  3.187000e-001
115  3.132000e-001
116  2.887000e-001
117  2.205000e-001
118  1.371000e-001
119  6.320000e-002
120  4.230000e-002
121  3.359000e-002
122  4.595000e-002
123  9.852000e-002
124  1.767000e-001
125  2.431000e-001
126  3.135000e-001
127  3.220000e-001
128  2.853000e-001
129  2.185000e-001
130  1.136000e-001
131  5.747000e-002
132  3.263000e-002
133  3.552000e-002
134  5.291000e-002
135  1.202000e-001
136  1.846000e-001
137  2.433000e-001
138  3.201000e-001
139  3.216000e-001
140  3.081000e-001
141  2.175000e-001
142  1.304000e-001
143  6.790000e-002
144  4.494000e-002
   9 
1  3.632000e-002
2  4.197000e-002
3  9.522000e-002
4  1.593000e-001
5  2.212000e-001
6  2.933000e-001
7  3.143000e-001
8  3.061000e-001
9  2.189000e-001
10  1.137000e-001
11  6.519000e-002
12  3.813000e-002
13  3.360000e-002
14  4.495000e-002
15  9.946000e-002
16  1.825000e-001
17  2.377000e-001
18  2.692000e-001
19  3.277000e-001
20  2.919000e-001
21  2.219000e-001
22  1.320000e-001
23  7.170000e-002
24  3.771000e-002
25  3.647000e-002
26  5.973000e-002
27  9.257000e-002
28  1.289000e-001
29  1.982000e-001
30  2.970000e-001
31  3.207000e-001
32  2.942000e-001
33  2.338000e-001
34  1.288000e-001
35  5.023000e-002
36  3.982000e-002
37  3.482000e-002
38  5.083000e-002
39  1.015000e-001
40  1.592000e-001
41  2.452000e-001
42  2.792000e-001
43  3.137000e-001
44  3.017000e-001
45  2.023000e-001
46  1.393000e-001
47  6.119000e-002
48  5.346000e-002
49  3.278000e-002
50  4.490000e-002
51  9.376000e-002
52  1.661000e-001
53  2.184000e-001
54  2.829000e-001
55  3.242000e-001
56  3.063000e-001
57  1.953000e-001
58  1.121000e-001
59  5.996000e-002
60  3.046000e-002
61  3.525000e-002
62  5.649000e-002
63  1.071000e-001
64  1.464000e-001
65  2.015000e-001
66  2.528000e-001
67  3.261000e-001
68  3.084000e-001
69  2.133000e-001
70  1.238000e-001
71  7.222000e-002
72  3.708000e-002
73  2.938000e-002
74  5.223000e-002
75  7.298000e-002
76  1.422000e-001
77  2.259000e-001
78  2.872000e-001
79  2.935000e-001
80  2.914000e-001
81  2.240000e-001
82  1.223000e-001
83  6.835000e-002
84  4.634000e-002
85  4.291000e-002
86  5.096000e-002
87  7.806000e-002
88  1.549000e-001
89  2.244000e-001
90  2.920000e-001
91  3.321000e-001
92  3.128000e-001
93  2.060000e-001
94  1.335000e-001
95  5.908000e-002
96  3.846000e-002
97  2.575000e-002
98  3.883000e-002
99  8.115000e-002
100  1.676000e-001
101  2.210000e-001
102  3.034000e-001
103  3.205000e-001
104  2.958000e-001
105  2.195000e-001
106  1.380000e-001
107  8.099000e-002
108  5.540000e-002
109  3.792000e-002
110  6.486000e-002
111  1.051000e-001
112  1.727000e-001
113  2.500000e-001
114  3.188000e-001
115  3.133000e-001
116  2.887000e-001
117  2.205000e-001
118  1.371000e-001
119  6.320000e-002
120  4.230000e-002
121  3.359000e-002
122  4.590000e-002
123  9.851000e-002
124  1.767000e-001
125  2.431000e-001
126  3.137000e-001
127  3.221000e-001
128  2.853000e-001
129  2.186000e-001
130  1.137000e-001
131  5.749000e-002
132  3.264000e-002
133  3.552000e-002
134  5.290000e-002
135  1.202000e-001
136  1.847000e-001
137  2.434000e-001
138  3.202000e-001
139  3.216000e-001
140  3.081000e-001
141  2.175000e-001
142  1.304000e-001
143  6.790000e-002
144  4.494000e-002
   10 
1  3.632000e-002
2  4.197000e-002
3  9.523000e-002
4  1.593000e-001
5  2.212000e-001
6  2.933000e-001
7  3.143000e-001
8  3.061000e-001
9  2.189000e-001
10  1.137000e-001
11  6.519000e-002
12  3.813000e-002
13  3.360000e-002
14  4.496000e-002
15  9.946000e-002
16  1.825000e-001
17  2.377000e-001
18  2.692000e-001
19  3.277000e-001
20  2.919000e-001
21  2.219000e-001
22  1.320000e-001
23  7.170000e-002
24  3.771000e-002
25  3.647000e-002
26  5.974000e-002
27  9.258000e-002
28  1.289000e-001
29  1.981000e-001
30  2.970000e-001
31  3.206000e-001
32  2.942000e-001
33  2.338000e-001
34  1.288000e-001
35  5.022000e-002
36  3.982000e-002
37  3.483000e-002
38  5.084000e-002
39  1.015000e-001
40  1.591000e-001
41  2.452000e-001
42  2.792000e-001
43  3.136000e-001
44  3.017000e-001
45  2.023000e-001
46  1.393000e-001
47  6.119000e-002
48  5.346000e-002
49  3.278000e-002
50  4.490000e-002
51  9.376000e-002
52  1.661000e-001
53  2.184000e-001
54  2.829000e-001
55  3.242000e-001
56  3.063000e-001
57  1.953000e-001
58  1.121000e-001
59  5.996000e-002
60  3.045000e-002
61  3.525000e-002
62  5.648000e-002
63  1.071000e-001
64  1.464000e-001
65  2.014000e-001
66  2.527000e-001
67  3.261000e-001
68  3.084000e-001
69  2.133000e-001
70  1.238000e-001
71  7.222000e-002
72  3.708000e-002
73  2.938000e-002
74  5.223000e-002
75  7.298000e-002
76  1.422000e-001
77  2.258000e-001
78  2.871000e-001
79  2.935000e-001
80  2.914000e-001
81  2.240000e-001
82  1.223000e-001
83  6.835000e-002
84  4.634000e-002
85  4.291000e-002
86  5.096000e-002
87  7.806000e-002
88  1.549000e-001
89  2.244000e-001
90  2.920000e-001
91  3.321000e-001
92  3.128000e-001
93  2.060000e-001
94  1.335000e-001
95  5.909000e-002
96  3.846000e-002
97  2.575000e-002
98  3.883000e-002
99  8.116000e-002
100  1.676000e-001
101  2.209000e-001
102  3.033000e-001
103  3.205000e-001
104  2.958000e-001
105  2.195000e-001
106  1.380000e-001
107  8.099000e-002
108  5.540000e-002
109  3.792000e-002
110  6.486000e-002
111  1.051000e-001
112  1.727000e-001
113  2.500000e-001
114  3.188000e-001
115  3.133000e-001
116  2.887000e-001
117  2.205000e-001
118  1.371000e-001
119  6.320000e-002
120  4.230000e-002
121  3.359000e-002
122  4.591000e-002
123  9.851000e-002
124  1.767000e-001
125  2.431000e-001
126  3.136000e-001
127  3.221000e-001
128  2.853000e-001
129  2.186000e-001
130  1.137000e-001
131  5.749000e-002
132  3.263000e-002
133  3.552000e-002
134  5.290000e-002
135  1.202000e-001
136  1.847000e-001
137  2.434000e-001
138  3.202000e-001
139  3.217000e-001
140  3.081000e-001
141  2.175000e-001
142  1.304000e-001
143  6.790000e-002
144  4.494000e-002
   11 
1  3.634000e-002
2  4.199000e-002
3  9.525000e-002
4  1.593000e-001
5  2.211000e-001
6  2.932000e-001
7  3.079000e-001
8  2.960000e-001
9  2.187000e-001
10  1.137000e-001
11  6.522000e-002
12  3.814000e-002
13  3.359000e-002
14  4.506000e-002
15  9.951000e-002
16  1.827000e-001
17  2.378000e-001
18  2.692000e-001
19  3.275000e-001
20  2.917000e-001
21  2.218000e-001
22  1.319000e-001
23  7.175000e-002
24  3.771000e-002
25  3.652000e-002
26  5.987000e-002
27  9.260000e-002
28  1.290000e-001
29  1.980000e-001
30  2.965000e-001
31  3.201000e-001
32  2.938000e-001
33  2.335000e-001
34  1.286000e-001
35  5.024000e-002
36  3.983000e-002
37  3.485000e-002
38  5.089000e-002
39  1.015000e-001
40  1.591000e-001
41  2.451000e-001
42  2.787000e-001
43  3.132000e-001
44  3.013000e-001
45  2.020000e-001
46  1.391000e-001
47  6.113000e-002
48  5.341000e-002
49  3.277000e-002
50  4.491000e-002
51  9.375000e-002
52  1.662000e-001
53  2.184000e-001
54  2.827000e-001
55  3.239000e-001
56  3.061000e-001
57  1.951000e-001
58  1.121000e-001
59  6.010000e-002
60  3.044000e-002
61  3.524000e-002
62  5.647000e-002
63  1.070000e-001
64  1.464000e-001
65  2.016000e-001
66  2.526000e-001
67  3.255000e-001
68  3.079000e-001
69  2.130000e-001
70  1.237000e-001
71  7.213000e-002
72  3.705000e-002
73  2.936000e-002
74  5.227000e-002
75  7.297000e-002
76  1.424000e-001
77  2.257000e-001
78  2.868000e-001
79  2.931000e-001
80  2.910000e-001
81  2.237000e-001
82  1.222000e-001
83  6.828000e-002
84  4.631000e-002
85  4.289000e-002
86  5.093000e-002
87  7.803000e-002
88  1.549000e-001
89  2.244000e-001
90  2.918000e-001
91  3.319000e-001
92  3.126000e-001
93  2.059000e-001
94  1.335000e-001
95  5.908000e-002
96  3.847000e-002
97  2.576000e-002
98  3.890000e-002
99  8.132000e-002
100  1.675000e-001
101  2.208000e-001
102  3.030000e-001
103  3.202000e-001
104  2.955000e-001
105  2.193000e-001
106  1.379000e-001
107  8.094000e-002
108  5.537000e-002
109  3.793000e-002
110  6.486000e-002
111  1.051000e-001
112  1.726000e-001
113  2.484000e-001
114  2.699000e-001
115  2.544000e-001
116  2.298000e-001
117  2.007000e-001
118  1.370000e-001
119  6.318000e-002
120  4.232000e-002
121  3.363000e-002
122  4.603000e-002
123  9.861000e-002
124  1.767000e-001
125  2.419000e-001
126  2.764000e-001
127  2.696000e-001
128  2.531000e-001
129  2.131000e-001
130  1.136000e-001
131  5.745000e-002
132  3.262000e-002
133  3.551000e-002
134  5.295000e-002
135  1.202000e-001
136  1.779000e-001
137  1.855000e-001
138  1.789000e-001
139  1.626000e-001
140  1.509000e-001
141  1.375000e-001
142  1.143000e-001
143  6.789000e-002
144  4.494000e-002
   12 
1  2.016000e-002
2  3.372000e-002
3  3.822000e-002
4  1.781000e-002
5  1.948000e-002
6  1.955000e-002
7  1.707000e-002
8  1.492000e-002
9  1.285000e-002
10  1.203000e-002
11  2.165000e-002
12  2.980000e-002
13  2.678000e-002
14  4.462000e-002
15  5.590000e-002
16  7.972000e-002
17  1.003000e-001
18  6.942000e-002
19  2.841000e-002
20  2.434000e-002
21  2.128000e-002
22  1.823000e-002
23  2.761000e-002
24  3.711000e-002
25  3.437000e-002
26  5.818000e-002
27  5.275000e-002
28  1.288000e-001
29  1.113000e-001
30  4.212000e-002
31  3.657000e-002
32  3.147000e-002
33  2.730000e-002
34  2.625000e-002
35  3.009000e-002
36  3.930000e-002
37  3.481000e-002
38  5.082000e-002
39  7.987000e-002
40  7.101000e-002
41  1.153000e-001
42  3.866000e-002
43  3.338000e-002
44  2.886000e-002
45  2.542000e-002
46  2.283000e-002
47  2.178000e-002
48  2.088000e-002
49  2.236000e-002
50  2.222000e-002
51  4.783000e-002
52  4.544000e-002
53  8.341000e-002
54  3.279000e-002
55  2.798000e-002
56  2.396000e-002
57  2.062000e-002
58  1.992000e-002
59  4.583000e-002
60  3.042000e-002
61  3.521000e-002
62  5.631000e-002
63  5.431000e-002
64  9.615000e-002
65  1.416000e-001
66  1.229000e-001
67  5.167000e-002
68  4.419000e-002
69  3.796000e-002
70  3.301000e-002
71  3.018000e-002
72  2.558000e-002
73  2.370000e-002
74  3.491000e-002
75  4.348000e-002
76  1.278000e-001
77  1.110000e-001
78  4.330000e-002
79  3.845000e-002
80  3.299000e-002
81  2.848000e-002
82  2.551000e-002
83  2.279000e-002
84  2.034000e-002
85  1.820000e-002
86  1.639000e-002
87  1.539000e-002
88  4.445000e-002
89  4.362000e-002
90  2.535000e-002
91  2.181000e-002
92  1.872000e-002
93  1.614000e-002
94  1.442000e-002
95  1.796000e-002
96  2.429000e-002
97  2.146000e-002
98  3.016000e-002
99  6.925000e-002
100  6.881000e-002
101  3.526000e-002
102  3.162000e-002
103  2.727000e-002
104  2.334000e-002
105  2.036000e-002
106  1.784000e-002
107  1.625000e-002
108  1.620000e-002
109  1.759000e-002
110  3.494000e-002
111  3.999000e-002
112  5.016000e-002
113  2.260000e-002
114  1.950000e-002
115  1.784000e-002
116  1.714000e-002
117  1.588000e-002
118  1.398000e-002
119  1.549000e-002
120  2.240000e-002
121  2.355000e-002
122  4.163000e-002
123  7.502000e-002
124  8.719000e-002
125  2.857000e-002
126  2.453000e-002
127  2.151000e-002
128  1.862000e-002
129  1.607000e-002
130  1.626000e-002
131  1.596000e-002
132  1.673000e-002
133  1.669000e-002
134  3.193000e-002
135  1.472000e-002
136  1.532000e-002
137  1.396000e-002
138  1.202000e-002
139  1.113000e-002
140  1.068000e-002
141  9.265000e-003
142  8.497000e-003
143  1.022000e-002
144  1.580000e-002
