   1 
1  1.153000e-001
2  2.191000e-001
3  5.307000e-001
4  8.348000e-001
5  1.231000e+000
6  1.655000e+000
7  1.624000e+000
8  1.455000e+000
9  1.221000e+000
10  6.756000e-001
11  4.319000e-001
12  2.087000e-001
13  1.367000e-001
14  2.650000e-001
15  4.486000e-001
16  9.023000e-001
17  1.144000e+000
18  1.544000e+000
19  1.678000e+000
20  1.500000e+000
21  1.153000e+000
22  6.338000e-001
23  3.523000e-001
24  1.337000e-001
25  9.385000e-002
26  2.103000e-001
27  4.388000e-001
28  8.369000e-001
29  9.376000e-001
30  1.439000e+000
31  1.642000e+000
32  1.353000e+000
33  1.077000e+000
34  7.262000e-001
35  3.563000e-001
36  1.840000e-001
37  1.376000e-001
38  2.633000e-001
39  4.971000e-001
40  8.846000e-001
41  1.111000e+000
42  1.490000e+000
43  1.595000e+000
44  1.439000e+000
45  1.174000e+000
46  6.764000e-001
47  2.044000e-001
48  1.059000e-001
49  1.853000e-001
50  2.852000e-001
51  5.583000e-001
52  9.302000e-001
53  1.209000e+000
54  1.497000e+000
55  1.578000e+000
56  1.441000e+000
57  1.055000e+000
58  6.386000e-001
59  3.276000e-001
60  1.843000e-001
61  2.187000e-001
62  3.609000e-001
63  6.165000e-001
64  8.602000e-001
65  1.240000e+000
66  1.470000e+000
67  1.584000e+000
68  1.556000e+000
69  1.129000e+000
70  6.720000e-001
71  4.060000e-001
72  2.174000e-001
73  1.768000e-001
74  3.165000e-001
75  4.622000e-001
76  7.839000e-001
77  1.240000e+000
78  1.535000e+000
79  1.615000e+000
80  1.536000e+000
81  1.154000e+000
82  6.353000e-001
83  3.466000e-001
84  2.519000e-001
85  2.087000e-001
86  2.256000e-001
87  4.665000e-001
88  9.534000e-001
89  1.234000e+000
90  1.560000e+000
91  1.536000e+000
92  1.309000e+000
93  1.070000e+000
94  7.255000e-001
95  3.034000e-001
96  2.091000e-001
97  1.097000e-001
98  1.947000e-001
99  4.894000e-001
100  9.123000e-001
101  1.209000e+000
102  1.650000e+000
103  1.621000e+000
104  1.535000e+000
105  1.133000e+000
106  7.152000e-001
107  4.177000e-001
108  2.604000e-001
109  2.173000e-001
110  4.111000e-001
111  5.947000e-001
112  9.489000e-001
113  1.373000e+000
114  1.360000e+000
115  5.427000e-001
116  7.637000e-002
117  6.486000e-001
118  7.490000e-001
119  3.307000e-001
120  1.927000e-001
121  1.971000e-001
122  2.931000e-001
123  5.735000e-001
124  9.744000e-001
125  1.336000e+000
126  1.619000e+000
127  1.697000e+000
128  1.441000e+000
129  1.117000e+000
130  5.938000e-001
131  3.018000e-001
132  1.779000e-001
133  1.997000e-001
134  3.710000e-001
135  7.030000e-001
136  4.741000e-002
137  3.398000e-002
138  2.442000e-002
139  1.859000e-002
140  1.501000e-002
141  1.314000e-002
142  1.244000e-002
143  6.642000e-002
144  2.062000e-001
   2 
1  1.153000e-001
2  2.193000e-001
3  5.313000e-001
4  8.353000e-001
5  1.040000e+000
6  4.835000e-001
7  1.591000e-001
8  1.378000e-001
9  1.375000e-001
10  3.779000e-001
11  4.320000e-001
12  2.087000e-001
13  1.367000e-001
14  2.653000e-001
15  4.492000e-001
16  9.029000e-001
17  1.145000e+000
18  1.131000e+000
19  2.443000e-001
20  2.197000e-001
21  2.742000e-001
22  6.084000e-001
23  3.523000e-001
24  1.338000e-001
25  9.390000e-002
26  2.106000e-001
27  4.393000e-001
28  8.376000e-001
29  9.379000e-001
30  1.280000e+000
31  1.874000e-001
32  2.943000e-001
33  3.283000e-001
34  6.414000e-001
35  3.558000e-001
36  1.840000e-001
37  1.377000e-001
38  2.635000e-001
39  4.974000e-001
40  8.850000e-001
41  1.111000e+000
42  8.003000e-001
43  1.895000e-001
44  1.589000e-001
45  1.651000e-001
46  4.762000e-001
47  2.046000e-001
48  1.060000e-001
49  1.855000e-001
50  2.854000e-001
51  5.585000e-001
52  9.305000e-001
53  1.209000e+000
54  1.262000e+000
55  4.379000e-001
56  3.416000e-001
57  5.602000e-001
58  6.383000e-001
59  3.280000e-001
60  1.843000e-001
61  2.187000e-001
62  3.609000e-001
63  6.164000e-001
64  8.609000e-001
65  1.241000e+000
66  1.294000e+000
67  1.147000e-001
68  1.010000e-001
69  1.272000e-001
70  5.725000e-001
71  4.059000e-001
72  2.174000e-001
73  1.767000e-001
74  3.167000e-001
75  4.624000e-001
76  7.846000e-001
77  1.240000e+000
78  5.888000e-001
79  3.232000e-001
80  8.333000e-002
81  7.849000e-002
82  3.685000e-001
83  3.466000e-001
84  2.519000e-001
85  2.086000e-001
86  2.258000e-001
87  4.666000e-001
88  9.539000e-001
89  1.172000e+000
90  4.605000e-001
91  5.685000e-001
92  1.071000e-001
93  9.878000e-002
94  2.603000e-001
95  3.036000e-001
96  2.092000e-001
97  1.098000e-001
98  1.949000e-001
99  4.899000e-001
100  9.124000e-001
101  1.210000e+000
102  5.614000e-001
103  1.572000e-001
104  3.841000e-001
105  1.712000e-001
106  3.432000e-001
107  3.922000e-001
108  2.603000e-001
109  2.173000e-001
110  4.112000e-001
111  5.947000e-001
112  7.352000e-001
113  3.184000e-001
114  8.277000e-002
115  3.715000e-001
116  6.013000e-001
117  6.043000e-002
118  1.066000e-001
119  3.309000e-001
120  1.928000e-001
121  1.972000e-001
122  2.933000e-001
123  5.742000e-001
124  9.747000e-001
125  5.382000e-001
126  8.209000e-002
127  6.893000e-002
128  5.968000e-002
129  3.374000e-001
130  3.794000e-001
131  3.018000e-001
132  1.780000e-001
133  1.998000e-001
134  3.713000e-001
135  7.244000e-001
136  6.521000e-001
137  4.262000e-001
138  5.098000e-002
139  4.304000e-002
140  3.743000e-002
141  3.369000e-002
142  1.140000e-001
143  1.962000e-001
144  2.063000e-001
   3 
1  1.153000e-001
2  2.191000e-001
3  5.307000e-001
4  8.348000e-001
5  1.231000e+000
6  1.655000e+000
7  1.624000e+000
8  1.455000e+000
9  1.221000e+000
10  6.756000e-001
11  4.319000e-001
12  2.087000e-001
13  1.367000e-001
14  2.651000e-001
15  4.486000e-001
16  9.022000e-001
17  1.144000e+000
18  1.544000e+000
19  1.678000e+000
20  1.500000e+000
21  1.153000e+000
22  6.338000e-001
23  3.523000e-001
24  1.337000e-001
25  9.386000e-002
26  2.103000e-001
27  4.388000e-001
28  8.369000e-001
29  9.375000e-001
30  1.439000e+000
31  1.642000e+000
32  1.353000e+000
33  1.077000e+000
34  7.262000e-001
35  3.563000e-001
36  1.840000e-001
37  1.376000e-001
38  2.633000e-001
39  4.971000e-001
40  8.846000e-001
41  1.111000e+000
42  1.490000e+000
43  1.595000e+000
44  1.439000e+000
45  1.174000e+000
46  6.764000e-001
47  2.044000e-001
48  1.059000e-001
49  1.853000e-001
50  2.852000e-001
51  5.582000e-001
52  9.302000e-001
53  1.209000e+000
54  1.496000e+000
55  1.578000e+000
56  1.441000e+000
57  1.055000e+000
58  6.386000e-001
59  3.276000e-001
60  1.843000e-001
61  2.187000e-001
62  3.609000e-001
63  6.165000e-001
64  8.602000e-001
65  1.240000e+000
66  1.470000e+000
67  1.584000e+000
68  1.556000e+000
69  1.129000e+000
70  6.720000e-001
71  4.061000e-001
72  2.175000e-001
73  1.768000e-001
74  3.165000e-001
75  4.622000e-001
76  7.839000e-001
77  1.240000e+000
78  1.535000e+000
79  1.615000e+000
80  1.537000e+000
81  1.154000e+000
82  6.353000e-001
83  3.467000e-001
84  2.519000e-001
85  2.087000e-001
86  2.257000e-001
87  4.666000e-001
88  9.535000e-001
89  1.234000e+000
90  1.560000e+000
91  1.570000e+000
92  1.540000e+000
93  1.070000e+000
94  7.256000e-001
95  3.034000e-001
96  2.091000e-001
97  1.098000e-001
98  1.947000e-001
99  4.894000e-001
100  9.122000e-001
101  1.209000e+000
102  1.650000e+000
103  1.621000e+000
104  1.535000e+000
105  1.133000e+000
106  7.152000e-001
107  4.177000e-001
108  2.604000e-001
109  2.173000e-001
110  4.111000e-001
111  5.947000e-001
112  9.490000e-001
113  1.373000e+000
114  1.634000e+000
115  1.567000e+000
116  1.578000e+000
117  1.101000e+000
118  7.490000e-001
119  3.308000e-001
120  1.927000e-001
121  1.971000e-001
122  2.931000e-001
123  5.736000e-001
124  9.744000e-001
125  1.336000e+000
126  1.619000e+000
127  1.544000e+000
128  1.421000e+000
129  1.117000e+000
130  5.938000e-001
131  3.018000e-001
132  1.779000e-001
133  1.997000e-001
134  3.711000e-001
135  7.243000e-001
136  7.906000e-001
137  7.666000e-002
138  3.769000e-002
139  3.120000e-002
140  2.697000e-002
141  2.448000e-002
142  1.657000e-001
143  3.048000e-001
144  2.062000e-001
   4 
1  1.153000e-001
2  2.191000e-001
3  5.307000e-001
4  8.348000e-001
5  1.231000e+000
6  1.655000e+000
7  1.624000e+000
8  1.455000e+000
9  1.221000e+000
10  6.756000e-001
11  4.319000e-001
12  2.087000e-001
13  1.367000e-001
14  2.650000e-001
15  4.486000e-001
16  9.022000e-001
17  1.144000e+000
18  1.544000e+000
19  1.678000e+000
20  1.500000e+000
21  1.153000e+000
22  6.338000e-001
23  3.523000e-001
24  1.337000e-001
25  9.385000e-002
26  2.103000e-001
27  4.387000e-001
28  8.368000e-001
29  9.376000e-001
30  1.439000e+000
31  1.642000e+000
32  1.353000e+000
33  1.077000e+000
34  7.262000e-001
35  3.563000e-001
36  1.840000e-001
37  1.376000e-001
38  2.633000e-001
39  4.970000e-001
40  8.846000e-001
41  1.111000e+000
42  1.490000e+000
43  1.595000e+000
44  1.439000e+000
45  1.174000e+000
46  6.764000e-001
47  2.044000e-001
48  1.059000e-001
49  1.853000e-001
50  2.852000e-001
51  5.582000e-001
52  9.302000e-001
53  1.209000e+000
54  1.497000e+000
55  1.578000e+000
56  1.441000e+000
57  1.055000e+000
58  6.386000e-001
59  3.276000e-001
60  1.843000e-001
61  2.187000e-001
62  3.609000e-001
63  6.166000e-001
64  8.602000e-001
65  1.240000e+000
66  1.470000e+000
67  1.584000e+000
68  1.556000e+000
69  1.129000e+000
70  6.720000e-001
71  4.061000e-001
72  2.175000e-001
73  1.768000e-001
74  3.165000e-001
75  4.622000e-001
76  7.839000e-001
77  1.240000e+000
78  1.535000e+000
79  1.615000e+000
80  1.537000e+000
81  1.154000e+000
82  6.353000e-001
83  3.466000e-001
84  2.519000e-001
85  2.087000e-001
86  2.256000e-001
87  4.665000e-001
88  9.534000e-001
89  1.234000e+000
90  1.560000e+000
91  1.570000e+000
92  1.539000e+000
93  1.070000e+000
94  7.256000e-001
95  3.034000e-001
96  2.091000e-001
97  1.097000e-001
98  1.946000e-001
99  4.893000e-001
100  9.123000e-001
101  1.209000e+000
102  1.651000e+000
103  1.621000e+000
104  1.535000e+000
105  1.133000e+000
106  7.152000e-001
107  4.177000e-001
108  2.604000e-001
109  2.173000e-001
110  4.111000e-001
111  5.947000e-001
112  9.490000e-001
113  1.373000e+000
114  1.634000e+000
115  1.567000e+000
116  1.332000e+000
117  1.101000e+000
118  7.490000e-001
119  3.308000e-001
120  1.927000e-001
121  1.971000e-001
122  2.931000e-001
123  5.735000e-001
124  9.744000e-001
125  1.336000e+000
126  1.619000e+000
127  1.727000e+000
128  1.510000e+000
129  1.117000e+000
130  5.938000e-001
131  3.018000e-001
132  1.779000e-001
133  1.997000e-001
134  3.710000e-001
135  7.242000e-001
136  4.287000e-001
137  3.578000e-002
138  2.610000e-002
139  2.016000e-002
140  1.647000e-002
141  1.449000e-002
142  1.370000e-002
143  1.505000e-001
144  2.062000e-001
   5 
1  1.153000e-001
2  2.191000e-001
3  5.309000e-001
4  8.348000e-001
5  1.231000e+000
6  1.655000e+000
7  8.317000e-001
8  1.563000e-001
9  3.536000e-001
10  6.754000e-001
11  4.318000e-001
12  2.087000e-001
13  1.367000e-001
14  2.651000e-001
15  4.487000e-001
16  9.023000e-001
17  1.144000e+000
18  1.544000e+000
19  1.678000e+000
20  1.500000e+000
21  1.153000e+000
22  6.337000e-001
23  3.522000e-001
24  1.337000e-001
25  9.387000e-002
26  2.104000e-001
27  4.389000e-001
28  8.369000e-001
29  9.375000e-001
30  1.439000e+000
31  1.642000e+000
32  1.353000e+000
33  1.077000e+000
34  7.261000e-001
35  3.562000e-001
36  1.840000e-001
37  1.376000e-001
38  2.634000e-001
39  4.971000e-001
40  8.846000e-001
41  1.111000e+000
42  1.490000e+000
43  1.595000e+000
44  1.438000e+000
45  1.174000e+000
46  6.763000e-001
47  2.044000e-001
48  1.059000e-001
49  1.854000e-001
50  2.853000e-001
51  5.583000e-001
52  9.303000e-001
53  1.209000e+000
54  1.496000e+000
55  1.578000e+000
56  1.441000e+000
57  1.055000e+000
58  6.386000e-001
59  3.277000e-001
60  1.843000e-001
61  2.187000e-001
62  3.609000e-001
63  6.165000e-001
64  8.603000e-001
65  1.240000e+000
66  1.470000e+000
67  1.584000e+000
68  1.556000e+000
69  1.129000e+000
70  6.719000e-001
71  4.060000e-001
72  2.174000e-001
73  1.767000e-001
74  3.165000e-001
75  4.621000e-001
76  7.840000e-001
77  1.240000e+000
78  1.534000e+000
79  1.615000e+000
80  1.536000e+000
81  1.154000e+000
82  6.352000e-001
83  3.466000e-001
84  2.519000e-001
85  2.086000e-001
86  2.257000e-001
87  4.665000e-001
88  9.533000e-001
89  1.033000e+000
90  5.530000e-002
91  5.934000e-002
92  4.295000e-002
93  3.279000e-002
94  1.341000e-001
95  3.034000e-001
96  2.091000e-001
97  1.097000e-001
98  1.948000e-001
99  4.895000e-001
100  9.122000e-001
101  1.209000e+000
102  1.650000e+000
103  1.621000e+000
104  1.535000e+000
105  1.133000e+000
106  7.151000e-001
107  4.177000e-001
108  2.603000e-001
109  2.172000e-001
110  4.111000e-001
111  5.946000e-001
112  7.213000e-001
113  6.649000e-002
114  5.502000e-002
115  4.685000e-002
116  4.157000e-002
117  3.529000e-002
118  3.080000e-002
119  2.416000e-001
120  1.927000e-001
121  1.971000e-001
122  2.932000e-001
123  5.117000e-001
124  9.744000e-001
125  7.431000e-001
126  4.808000e-002
127  3.549000e-002
128  2.790000e-002
129  2.313000e-002
130  2.431000e-001
131  3.017000e-001
132  1.779000e-001
133  1.997000e-001
134  3.711000e-001
135  1.868000e-001
136  3.035000e-002
137  3.106000e-002
138  2.170000e-002
139  1.608000e-002
140  1.270000e-002
141  1.101000e-002
142  1.049000e-002
143  1.529000e-002
144  4.861000e-002
   6 
1  1.153000e-001
2  2.191000e-001
3  5.307000e-001
4  8.348000e-001
5  1.231000e+000
6  1.655000e+000
7  1.624000e+000
8  1.455000e+000
9  1.221000e+000
10  6.756000e-001
11  4.319000e-001
12  2.087000e-001
13  1.367000e-001
14  2.650000e-001
15  4.486000e-001
16  9.022000e-001
17  1.144000e+000
18  1.544000e+000
19  1.678000e+000
20  1.500000e+000
21  1.153000e+000
22  6.338000e-001
23  3.523000e-001
24  1.337000e-001
25  9.385000e-002
26  2.103000e-001
27  4.388000e-001
28  8.368000e-001
29  9.375000e-001
30  1.439000e+000
31  1.642000e+000
32  1.353000e+000
33  1.077000e+000
34  7.262000e-001
35  3.563000e-001
36  1.840000e-001
37  1.376000e-001
38  2.633000e-001
39  4.971000e-001
40  8.846000e-001
41  1.111000e+000
42  1.490000e+000
43  1.595000e+000
44  1.439000e+000
45  1.174000e+000
46  6.764000e-001
47  2.044000e-001
48  1.059000e-001
49  1.853000e-001
50  2.852000e-001
51  5.582000e-001
52  9.302000e-001
53  1.209000e+000
54  1.497000e+000
55  1.578000e+000
56  1.441000e+000
57  1.055000e+000
58  6.386000e-001
59  3.276000e-001
60  1.843000e-001
61  2.187000e-001
62  3.609000e-001
63  6.166000e-001
64  8.602000e-001
65  1.240000e+000
66  1.470000e+000
67  1.584000e+000
68  1.556000e+000
69  1.129000e+000
70  6.720000e-001
71  4.061000e-001
72  2.175000e-001
73  1.768000e-001
74  3.165000e-001
75  4.622000e-001
76  7.839000e-001
77  1.240000e+000
78  1.535000e+000
79  1.615000e+000
80  1.537000e+000
81  1.154000e+000
82  6.353000e-001
83  3.467000e-001
84  2.519000e-001
85  2.087000e-001
86  2.256000e-001
87  4.666000e-001
88  9.535000e-001
89  1.234000e+000
90  1.560000e+000
91  1.570000e+000
92  1.540000e+000
93  1.070000e+000
94  7.256000e-001
95  3.034000e-001
96  2.091000e-001
97  1.097000e-001
98  1.947000e-001
99  4.894000e-001
100  9.122000e-001
101  1.209000e+000
102  1.650000e+000
103  1.621000e+000
104  1.535000e+000
105  1.133000e+000
106  7.152000e-001
107  4.177000e-001
108  2.604000e-001
109  2.173000e-001
110  4.111000e-001
111  5.947000e-001
112  9.490000e-001
113  1.373000e+000
114  1.634000e+000
115  1.567000e+000
116  1.578000e+000
117  1.101000e+000
118  7.490000e-001
119  3.308000e-001
120  1.927000e-001
121  1.971000e-001
122  2.931000e-001
123  5.735000e-001
124  9.744000e-001
125  1.336000e+000
126  1.619000e+000
127  1.727000e+000
128  1.510000e+000
129  1.117000e+000
130  5.938000e-001
131  3.018000e-001
132  1.779000e-001
133  1.997000e-001
134  3.710000e-001
135  7.243000e-001
136  8.721000e-001
137  1.825000e-001
138  3.599000e-002
139  2.956000e-002
140  2.538000e-002
141  2.293000e-002
142  1.894000e-001
143  3.048000e-001
144  2.062000e-001
   7 
1  1.153000e-001
2  2.191000e-001
3  5.307000e-001
4  8.348000e-001
5  1.231000e+000
6  1.655000e+000
7  1.624000e+000
8  1.455000e+000
9  1.221000e+000
10  6.756000e-001
11  4.319000e-001
12  2.087000e-001
13  1.367000e-001
14  2.650000e-001
15  4.486000e-001
16  9.022000e-001
17  1.144000e+000
18  1.544000e+000
19  1.678000e+000
20  1.500000e+000
21  1.153000e+000
22  6.338000e-001
23  3.523000e-001
24  1.337000e-001
25  9.385000e-002
26  2.103000e-001
27  4.387000e-001
28  8.368000e-001
29  9.375000e-001
30  1.439000e+000
31  1.642000e+000
32  1.353000e+000
33  1.077000e+000
34  7.262000e-001
35  3.563000e-001
36  1.840000e-001
37  1.376000e-001
38  2.633000e-001
39  4.970000e-001
40  8.846000e-001
41  1.111000e+000
42  1.490000e+000
43  1.595000e+000
44  1.439000e+000
45  1.174000e+000
46  6.765000e-001
47  2.044000e-001
48  1.059000e-001
49  1.853000e-001
50  2.852000e-001
51  5.582000e-001
52  9.302000e-001
53  1.209000e+000
54  1.497000e+000
55  1.578000e+000
56  1.441000e+000
57  1.055000e+000
58  6.386000e-001
59  3.276000e-001
60  1.843000e-001
61  2.187000e-001
62  3.609000e-001
63  6.166000e-001
64  8.602000e-001
65  1.240000e+000
66  1.470000e+000
67  1.584000e+000
68  1.556000e+000
69  1.129000e+000
70  6.720000e-001
71  4.061000e-001
72  2.175000e-001
73  1.768000e-001
74  3.165000e-001
75  4.622000e-001
76  7.838000e-001
77  1.240000e+000
78  1.535000e+000
79  1.615000e+000
80  1.537000e+000
81  1.154000e+000
82  6.353000e-001
83  3.466000e-001
84  2.519000e-001
85  2.087000e-001
86  2.256000e-001
87  4.665000e-001
88  9.534000e-001
89  1.234000e+000
90  1.560000e+000
91  1.570000e+000
92  1.539000e+000
93  1.070000e+000
94  7.256000e-001
95  3.034000e-001
96  2.091000e-001
97  1.097000e-001
98  1.946000e-001
99  4.893000e-001
100  9.122000e-001
101  1.209000e+000
102  1.651000e+000
103  1.621000e+000
104  1.535000e+000
105  1.133000e+000
106  7.152000e-001
107  4.177000e-001
108  2.604000e-001
109  2.173000e-001
110  4.111000e-001
111  5.947000e-001
112  9.490000e-001
113  1.373000e+000
114  1.634000e+000
115  1.567000e+000
116  1.516000e+000
117  1.101000e+000
118  7.490000e-001
119  3.308000e-001
120  1.927000e-001
121  1.971000e-001
122  2.931000e-001
123  5.735000e-001
124  9.743000e-001
125  1.336000e+000
126  1.619000e+000
127  1.727000e+000
128  1.510000e+000
129  1.117000e+000
130  5.938000e-001
131  3.018000e-001
132  1.779000e-001
133  1.997000e-001
134  3.710000e-001
135  7.243000e-001
136  5.487000e-001
137  3.632000e-002
138  2.660000e-002
139  2.064000e-002
140  1.692000e-002
141  1.491000e-002
142  1.487000e-002
143  1.961000e-001
144  2.062000e-001
   8 
1  1.153000e-001
2  2.191000e-001
3  5.308000e-001
4  8.348000e-001
5  1.231000e+000
6  1.655000e+000
7  1.624000e+000
8  1.454000e+000
9  1.221000e+000
10  6.755000e-001
11  4.318000e-001
12  2.087000e-001
13  1.367000e-001
14  2.651000e-001
15  4.487000e-001
16  9.023000e-001
17  1.144000e+000
18  1.544000e+000
19  1.678000e+000
20  1.500000e+000
21  1.153000e+000
22  6.337000e-001
23  3.523000e-001
24  1.337000e-001
25  9.386000e-002
26  2.104000e-001
27  4.389000e-001
28  8.369000e-001
29  9.375000e-001
30  1.439000e+000
31  1.642000e+000
32  1.353000e+000
33  1.077000e+000
34  7.262000e-001
35  3.562000e-001
36  1.840000e-001
37  1.376000e-001
38  2.634000e-001
39  4.971000e-001
40  8.846000e-001
41  1.111000e+000
42  1.490000e+000
43  1.595000e+000
44  1.438000e+000
45  1.174000e+000
46  6.764000e-001
47  2.044000e-001
48  1.059000e-001
49  1.854000e-001
50  2.852000e-001
51  5.583000e-001
52  9.303000e-001
53  1.209000e+000
54  1.497000e+000
55  1.578000e+000
56  1.441000e+000
57  1.055000e+000
58  6.386000e-001
59  3.277000e-001
60  1.843000e-001
61  2.187000e-001
62  3.609000e-001
63  6.165000e-001
64  8.603000e-001
65  1.240000e+000
66  1.470000e+000
67  1.584000e+000
68  1.556000e+000
69  1.129000e+000
70  6.720000e-001
71  4.060000e-001
72  2.174000e-001
73  1.767000e-001
74  3.165000e-001
75  4.622000e-001
76  7.839000e-001
77  1.240000e+000
78  1.534000e+000
79  1.615000e+000
80  1.536000e+000
81  1.154000e+000
82  6.353000e-001
83  3.466000e-001
84  2.519000e-001
85  2.087000e-001
86  2.256000e-001
87  4.665000e-001
88  9.534000e-001
89  1.234000e+000
90  1.560000e+000
91  9.942000e-001
92  1.059000e-001
93  9.556000e-001
94  7.255000e-001
95  3.034000e-001
96  2.091000e-001
97  1.097000e-001
98  1.947000e-001
99  4.894000e-001
100  9.122000e-001
101  1.209000e+000
102  1.650000e+000
103  1.621000e+000
104  1.535000e+000
105  1.133000e+000
106  7.152000e-001
107  4.177000e-001
108  2.604000e-001
109  2.172000e-001
110  4.111000e-001
111  5.947000e-001
112  9.489000e-001
113  1.087000e+000
114  8.037000e-002
115  7.077000e-002
116  6.401000e-002
117  5.747000e-002
118  3.815000e-001
119  3.307000e-001
120  1.927000e-001
121  1.971000e-001
122  2.931000e-001
123  5.736000e-001
124  9.744000e-001
125  1.336000e+000
126  4.878000e-001
127  4.245000e-002
128  3.450000e-002
129  1.193000e-001
130  5.937000e-001
131  3.017000e-001
132  1.779000e-001
133  1.997000e-001
134  3.711000e-001
135  4.728000e-001
136  3.420000e-002
137  3.468000e-002
138  2.506000e-002
139  1.919000e-002
140  1.556000e-002
141  1.364000e-002
142  1.290000e-002
143  5.770000e-002
144  2.062000e-001
   9 
1  1.153000e-001
2  2.191000e-001
3  5.306000e-001
4  8.348000e-001
5  1.231000e+000
6  1.655000e+000
7  1.624000e+000
8  1.455000e+000
9  1.221000e+000
10  6.756000e-001
11  4.319000e-001
12  2.087000e-001
13  1.367000e-001
14  2.650000e-001
15  4.486000e-001
16  9.023000e-001
17  1.144000e+000
18  1.544000e+000
19  1.678000e+000
20  1.500000e+000
21  1.153000e+000
22  6.338000e-001
23  3.522000e-001
24  1.337000e-001
25  9.385000e-002
26  2.103000e-001
27  4.387000e-001
28  8.369000e-001
29  9.376000e-001
30  1.439000e+000
31  1.643000e+000
32  1.353000e+000
33  1.077000e+000
34  7.262000e-001
35  3.563000e-001
36  1.840000e-001
37  1.376000e-001
38  2.633000e-001
39  4.971000e-001
40  8.846000e-001
41  1.111000e+000
42  1.490000e+000
43  1.595000e+000
44  1.439000e+000
45  1.174000e+000
46  6.765000e-001
47  2.044000e-001
48  1.059000e-001
49  1.853000e-001
50  2.852000e-001
51  5.583000e-001
52  9.302000e-001
53  1.209000e+000
54  1.497000e+000
55  1.578000e+000
56  1.441000e+000
57  1.055000e+000
58  6.386000e-001
59  3.276000e-001
60  1.843000e-001
61  2.187000e-001
62  3.609000e-001
63  6.166000e-001
64  8.602000e-001
65  1.240000e+000
66  1.470000e+000
67  1.584000e+000
68  1.556000e+000
69  1.129000e+000
70  6.720000e-001
71  4.061000e-001
72  2.175000e-001
73  1.768000e-001
74  3.165000e-001
75  4.622000e-001
76  7.838000e-001
77  1.240000e+000
78  1.535000e+000
79  1.615000e+000
80  1.537000e+000
81  1.154000e+000
82  6.353000e-001
83  3.466000e-001
84  2.519000e-001
85  2.087000e-001
86  2.256000e-001
87  4.665000e-001
88  9.534000e-001
89  1.234000e+000
90  1.560000e+000
91  1.570000e+000
92  1.539000e+000
93  1.070000e+000
94  7.256000e-001
95  3.034000e-001
96  2.091000e-001
97  1.097000e-001
98  1.946000e-001
99  4.893000e-001
100  9.123000e-001
101  1.209000e+000
102  1.651000e+000
103  1.621000e+000
104  1.536000e+000
105  1.133000e+000
106  7.153000e-001
107  4.177000e-001
108  2.604000e-001
109  2.173000e-001
110  4.111000e-001
111  5.947000e-001
112  9.490000e-001
113  1.373000e+000
114  1.634000e+000
115  1.567000e+000
116  1.337000e+000
117  1.101000e+000
118  7.490000e-001
119  3.308000e-001
120  1.927000e-001
121  1.971000e-001
122  2.930000e-001
123  5.735000e-001
124  9.744000e-001
125  1.336000e+000
126  1.619000e+000
127  1.727000e+000
128  1.510000e+000
129  1.117000e+000
130  5.938000e-001
131  3.018000e-001
132  1.779000e-001
133  1.997000e-001
134  3.710000e-001
135  7.242000e-001
136  4.611000e-001
137  3.403000e-002
138  2.436000e-002
139  1.855000e-002
140  1.497000e-002
141  1.310000e-002
142  1.241000e-002
143  1.181000e-001
144  2.062000e-001
   10 
1  1.153000e-001
2  2.191000e-001
3  5.307000e-001
4  8.348000e-001
5  1.231000e+000
6  1.655000e+000
7  1.624000e+000
8  1.455000e+000
9  1.221000e+000
10  6.756000e-001
11  4.319000e-001
12  2.087000e-001
13  1.367000e-001
14  2.650000e-001
15  4.486000e-001
16  9.022000e-001
17  1.144000e+000
18  1.544000e+000
19  1.678000e+000
20  1.500000e+000
21  1.153000e+000
22  6.338000e-001
23  3.523000e-001
24  1.337000e-001
25  9.385000e-002
26  2.103000e-001
27  4.387000e-001
28  8.368000e-001
29  9.375000e-001
30  1.439000e+000
31  1.642000e+000
32  1.353000e+000
33  1.077000e+000
34  7.262000e-001
35  3.563000e-001
36  1.840000e-001
37  1.376000e-001
38  2.633000e-001
39  4.970000e-001
40  8.846000e-001
41  1.111000e+000
42  1.490000e+000
43  1.595000e+000
44  1.439000e+000
45  1.174000e+000
46  6.765000e-001
47  2.044000e-001
48  1.059000e-001
49  1.853000e-001
50  2.852000e-001
51  5.582000e-001
52  9.302000e-001
53  1.209000e+000
54  1.497000e+000
55  1.578000e+000
56  1.441000e+000
57  1.055000e+000
58  6.386000e-001
59  3.276000e-001
60  1.843000e-001
61  2.187000e-001
62  3.609000e-001
63  6.166000e-001
64  8.602000e-001
65  1.240000e+000
66  1.470000e+000
67  1.584000e+000
68  1.556000e+000
69  1.129000e+000
70  6.720000e-001
71  4.061000e-001
72  2.175000e-001
73  1.768000e-001
74  3.165000e-001
75  4.622000e-001
76  7.838000e-001
77  1.240000e+000
78  1.535000e+000
79  1.615000e+000
80  1.537000e+000
81  1.154000e+000
82  6.353000e-001
83  3.466000e-001
84  2.519000e-001
85  2.087000e-001
86  2.256000e-001
87  4.665000e-001
88  9.534000e-001
89  1.234000e+000
90  1.560000e+000
91  1.570000e+000
92  1.539000e+000
93  1.070000e+000
94  7.256000e-001
95  3.034000e-001
96  2.091000e-001
97  1.097000e-001
98  1.946000e-001
99  4.893000e-001
100  9.122000e-001
101  1.209000e+000
102  1.651000e+000
103  1.621000e+000
104  1.535000e+000
105  1.133000e+000
106  7.152000e-001
107  4.177000e-001
108  2.604000e-001
109  2.173000e-001
110  4.111000e-001
111  5.947000e-001
112  9.490000e-001
113  1.373000e+000
114  1.634000e+000
115  1.567000e+000
116  1.567000e+000
117  1.101000e+000
118  7.490000e-001
119  3.308000e-001
120  1.927000e-001
121  1.971000e-001
122  2.931000e-001
123  5.735000e-001
124  9.743000e-001
125  1.336000e+000
126  1.619000e+000
127  1.727000e+000
128  1.510000e+000
129  1.117000e+000
130  5.938000e-001
131  3.018000e-001
132  1.779000e-001
133  1.997000e-001
134  3.710000e-001
135  7.243000e-001
136  5.783000e-001
137  3.651000e-002
138  2.678000e-002
139  2.081000e-002
140  1.707000e-002
141  1.506000e-002
142  1.694000e-002
143  2.084000e-001
144  2.062000e-001
   11 
1  1.153000e-001
2  2.192000e-001
3  5.311000e-001
4  8.350000e-001
5  8.470000e-001
6  3.656000e-001
7  1.145000e-001
8  1.035000e-001
9  9.304000e-002
10  1.968000e-001
11  4.313000e-001
12  2.087000e-001
13  1.367000e-001
14  2.652000e-001
15  4.489000e-001
16  9.026000e-001
17  9.660000e-001
18  8.991000e-001
19  1.876000e-001
20  1.866000e-001
21  2.153000e-001
22  4.817000e-001
23  3.523000e-001
24  1.337000e-001
25  9.390000e-002
26  2.105000e-001
27  4.392000e-001
28  8.372000e-001
29  9.240000e-001
30  7.415000e-001
31  1.407000e-001
32  1.296000e-001
33  1.242000e-001
34  4.709000e-001
35  3.562000e-001
36  1.840000e-001
37  1.377000e-001
38  2.635000e-001
39  4.972000e-001
40  8.847000e-001
41  1.111000e+000
42  5.760000e-001
43  1.141000e-001
44  1.005000e-001
45  9.033000e-002
46  4.268000e-001
47  2.045000e-001
48  1.059000e-001
49  1.855000e-001
50  2.853000e-001
51  5.584000e-001
52  9.303000e-001
53  1.209000e+000
54  1.496000e+000
55  1.577000e+000
56  1.441000e+000
57  1.054000e+000
58  6.384000e-001
59  3.278000e-001
60  1.843000e-001
61  2.187000e-001
62  3.609000e-001
63  6.164000e-001
64  8.605000e-001
65  1.240000e+000
66  1.470000e+000
67  1.583000e+000
68  1.462000e+000
69  1.128000e+000
70  6.717000e-001
71  4.059000e-001
72  2.174000e-001
73  1.767000e-001
74  3.166000e-001
75  4.622000e-001
76  7.843000e-001
77  1.240000e+000
78  1.314000e+000
79  5.750000e-001
80  1.924000e-001
81  1.066000e+000
82  6.351000e-001
83  3.465000e-001
84  2.519000e-001
85  2.086000e-001
86  2.257000e-001
87  4.665000e-001
88  8.954000e-001
89  9.454000e-001
90  8.531000e-002
91  4.636000e-001
92  8.397000e-002
93  7.564000e-002
94  1.380000e-001
95  3.035000e-001
96  2.091000e-001
97  1.098000e-001
98  1.949000e-001
99  4.897000e-001
100  7.744000e-001
101  1.103000e+000
102  3.907000e-001
103  1.026000e-001
104  9.614000e-002
105  8.545000e-002
106  9.851000e-002
107  2.605000e-001
108  2.603000e-001
109  2.173000e-001
110  4.111000e-001
111  4.082000e-001
112  4.376000e-001
113  6.097000e-002
114  5.222000e-002
115  4.648000e-002
116  4.315000e-002
117  3.838000e-002
118  3.516000e-002
119  3.308000e-001
120  1.927000e-001
121  1.971000e-001
122  2.933000e-001
123  5.535000e-001
124  9.131000e-001
125  3.405000e-001
126  5.678000e-002
127  4.652000e-002
128  3.975000e-002
129  3.516000e-002
130  3.564000e-002
131  3.017000e-001
132  1.772000e-001
133  1.997000e-001
134  3.713000e-001
135  6.406000e-001
136  3.927000e-001
137  2.348000e-001
138  3.440000e-002
139  2.761000e-002
140  2.349000e-002
141  2.109000e-002
142  1.991000e-002
143  1.512000e-001
144  2.062000e-001
   12 
1  8.892000e-002
2  2.191000e-001
3  5.307000e-001
4  3.540000e-001
5  3.249000e-001
6  3.442000e-002
7  2.495000e-002
8  1.885000e-002
9  1.518000e-002
10  1.601000e-002
11  1.903000e-002
12  3.874000e-002
13  5.790000e-002
14  2.295000e-001
15  4.486000e-001
16  6.575000e-001
17  3.582000e-001
18  2.767000e-001
19  3.473000e-002
20  2.548000e-002
21  2.001000e-002
22  2.192000e-002
23  8.699000e-002
24  1.337000e-001
25  9.384000e-002
26  2.103000e-001
27  4.388000e-001
28  7.805000e-001
29  4.962000e-001
30  4.449000e-002
31  3.044000e-002
32  2.235000e-002
33  1.788000e-002
34  1.465000e-002
35  4.973000e-002
36  1.738000e-001
37  1.126000e-001
38  2.633000e-001
39  4.642000e-001
40  2.349000e-001
41  6.522000e-001
42  5.505000e-002
43  3.579000e-002
44  2.591000e-002
45  2.035000e-002
46  1.728000e-002
47  1.108000e-001
48  1.059000e-001
49  1.853000e-001
50  2.851000e-001
51  4.596000e-001
52  2.056000e-001
53  6.885000e-001
54  4.450000e-002
55  3.308000e-002
56  2.619000e-002
57  2.169000e-002
58  2.259000e-002
59  2.476000e-001
60  1.461000e-001
61  2.186000e-001
62  2.635000e-001
63  3.145000e-002
64  7.427000e-001
65  7.286000e-001
66  4.224000e-001
67  2.450000e-002
68  1.838000e-002
69  1.606000e-002
70  1.595000e-002
71  1.261000e-002
72  1.038000e-002
73  1.678000e-002
74  1.660000e-001
75  3.581000e-001
76  7.393000e-001
77  2.524000e-001
78  3.388000e-002
79  2.271000e-002
80  1.666000e-002
81  1.424000e-002
82  1.727000e-002
83  2.150000e-002
84  2.014000e-002
85  1.666000e-002
86  1.488000e-001
87  2.771000e-002
88  2.424000e-001
89  2.894000e-002
90  3.722000e-002
91  4.212000e-002
92  2.736000e-002
93  1.919000e-002
94  1.463000e-002
95  3.999000e-002
96  3.383000e-002
97  5.452000e-002
98  1.947000e-001
99  4.893000e-001
100  3.356000e-001
101  1.028000e-001
102  4.007000e-002
103  2.985000e-002
104  2.620000e-002
105  1.958000e-002
106  1.711000e-002
107  1.843000e-002
108  1.604000e-002
109  4.302000e-002
110  1.313000e-001
111  2.068000e-001
112  2.347000e-001
113  2.076000e-002
114  1.529000e-002
115  1.234000e-002
116  1.165000e-002
117  9.301000e-003
118  8.130000e-003
119  2.100000e-002
120  1.341000e-001
121  8.767000e-002
122  2.931000e-001
123  4.176000e-001
124  6.294000e-001
125  4.491000e-002
126  3.226000e-002
127  2.181000e-002
128  1.596000e-002
129  1.272000e-002
130  1.468000e-002
131  2.497000e-002
132  4.163000e-002
133  1.443000e-001
134  3.618000e-001
135  4.929000e-002
136  2.642000e-002
137  2.770000e-002
138  1.879000e-002
139  1.356000e-002
140  1.052000e-002
141  9.111000e-003
142  8.837000e-003
143  1.381000e-002
144  4.554000e-002
