   1 
1  1.315000e-001
2  1.517000e-001
3  3.437000e-001
4  5.738000e-001
5  7.955000e-001
6  1.054000e+000
7  1.130000e+000
8  1.102000e+000
9  7.889000e-001
10  4.107000e-001
11  2.360000e-001
12  1.382000e-001
13  1.217000e-001
14  1.623000e-001
15  3.588000e-001
16  6.574000e-001
17  8.550000e-001
18  9.676000e-001
19  1.178000e+000
20  1.050000e+000
21  7.997000e-001
22  4.766000e-001
23  2.595000e-001
24  1.367000e-001
25  1.321000e-001
26  2.155000e-001
27  3.341000e-001
28  4.636000e-001
29  7.123000e-001
30  1.067000e+000
31  1.152000e+000
32  1.058000e+000
33  8.423000e-001
34  4.649000e-001
35  1.817000e-001
36  1.443000e-001
37  1.261000e-001
38  1.835000e-001
39  3.660000e-001
40  5.726000e-001
41  8.812000e-001
42  1.003000e+000
43  1.127000e+000
44  1.085000e+000
45  7.286000e-001
46  5.028000e-001
47  2.214000e-001
48  1.938000e-001
49  1.187000e-001
50  1.623000e-001
51  3.382000e-001
52  5.984000e-001
53  7.856000e-001
54  1.017000e+000
55  1.166000e+000
56  1.103000e+000
57  7.040000e-001
58  4.051000e-001
59  2.170000e-001
60  1.104000e-001
61  1.276000e-001
62  2.041000e-001
63  3.862000e-001
64  5.268000e-001
65  7.237000e-001
66  9.078000e-001
67  1.172000e+000
68  1.109000e+000
69  7.683000e-001
70  4.470000e-001
71  2.613000e-001
72  1.344000e-001
73  1.064000e-001
74  1.887000e-001
75  2.630000e-001
76  5.117000e-001
77  8.118000e-001
78  1.032000e+000
79  1.055000e+000
80  1.048000e+000
81  8.068000e-001
82  4.414000e-001
83  2.473000e-001
84  1.679000e-001
85  1.554000e-001
86  1.841000e-001
87  2.814000e-001
88  5.574000e-001
89  8.068000e-001
90  1.049000e+000
91  1.193000e+000
92  1.125000e+000
93  7.422000e-001
94  4.820000e-001
95  2.138000e-001
96  1.394000e-001
97  9.324000e-002
98  1.404000e-001
99  2.926000e-001
100  6.035000e-001
101  7.945000e-001
102  1.090000e+000
103  1.152000e+000
104  1.064000e+000
105  7.910000e-001
106  4.984000e-001
107  2.931000e-001
108  2.008000e-001
109  1.373000e-001
110  2.344000e-001
111  3.791000e-001
112  6.215000e-001
113  8.986000e-001
114  1.145000e+000
115  1.126000e+000
116  1.039000e+000
117  7.943000e-001
118  4.949000e-001
119  2.287000e-001
120  1.533000e-001
121  1.216000e-001
122  1.658000e-001
123  3.552000e-001
124  6.360000e-001
125  8.739000e-001
126  1.127000e+000
127  1.157000e+000
128  1.026000e+000
129  7.874000e-001
130  4.104000e-001
131  2.080000e-001
132  1.183000e-001
133  1.287000e-001
134  1.912000e-001
135  4.334000e-001
136  6.647000e-001
137  8.748000e-001
138  1.150000e+000
139  1.144000e+000
140  1.070000e+000
141  7.835000e-001
142  4.708000e-001
143  2.457000e-001
144  1.629000e-001
   2 
1  1.315000e-001
2  1.518000e-001
3  3.446000e-001
4  5.744000e-001
5  7.953000e-001
6  7.612000e-001
7  4.471000e-001
8  3.029000e-001
9  4.604000e-001
10  4.104000e-001
11  2.360000e-001
12  1.382000e-001
13  1.217000e-001
14  1.626000e-001
15  3.597000e-001
16  6.580000e-001
17  8.546000e-001
18  8.644000e-001
19  4.045000e-001
20  3.307000e-001
21  3.903000e-001
22  4.766000e-001
23  2.595000e-001
24  1.367000e-001
25  1.321000e-001
26  2.158000e-001
27  3.348000e-001
28  4.644000e-001
29  7.128000e-001
30  1.066000e+000
31  6.096000e-001
32  5.790000e-001
33  7.862000e-001
34  4.644000e-001
35  1.818000e-001
36  1.443000e-001
37  1.261000e-001
38  1.838000e-001
39  3.664000e-001
40  5.732000e-001
41  8.822000e-001
42  9.793000e-001
43  7.820000e-001
44  7.267000e-001
45  7.073000e-001
46  5.023000e-001
47  2.217000e-001
48  1.939000e-001
49  1.189000e-001
50  1.623000e-001
51  3.384000e-001
52  5.988000e-001
53  7.861000e-001
54  1.016000e+000
55  1.063000e+000
56  9.199000e-001
57  7.031000e-001
58  4.047000e-001
59  2.174000e-001
60  1.103000e-001
61  1.276000e-001
62  2.041000e-001
63  3.859000e-001
64  5.278000e-001
65  7.243000e-001
66  9.077000e-001
67  1.170000e+000
68  1.108000e+000
69  7.673000e-001
70  4.464000e-001
71  2.611000e-001
72  1.343000e-001
73  1.063000e-001
74  1.889000e-001
75  2.631000e-001
76  5.127000e-001
77  8.113000e-001
78  1.030000e+000
79  1.053000e+000
80  1.047000e+000
81  8.060000e-001
82  4.410000e-001
83  2.471000e-001
84  1.678000e-001
85  1.554000e-001
86  1.841000e-001
87  2.815000e-001
88  5.580000e-001
89  8.069000e-001
90  8.672000e-001
91  5.724000e-001
92  4.825000e-001
93  6.646000e-001
94  4.819000e-001
95  2.141000e-001
96  1.395000e-001
97  9.325000e-002
98  1.407000e-001
99  2.933000e-001
100  6.035000e-001
101  7.945000e-001
102  1.004000e+000
103  6.760000e-001
104  6.155000e-001
105  7.173000e-001
106  4.980000e-001
107  2.930000e-001
108  2.007000e-001
109  1.374000e-001
110  2.344000e-001
111  3.790000e-001
112  5.896000e-001
113  5.761000e-001
114  2.378000e-001
115  4.104000e-001
116  5.677000e-001
117  2.159000e-001
118  2.802000e-001
119  2.290000e-001
120  1.534000e-001
121  1.217000e-001
122  1.660000e-001
123  3.560000e-001
124  6.363000e-001
125  5.779000e-001
126  2.772000e-001
127  2.434000e-001
128  2.215000e-001
129  2.308000e-001
130  4.102000e-001
131  2.080000e-001
132  1.183000e-001
133  1.287000e-001
134  1.916000e-001
135  4.335000e-001
136  6.649000e-001
137  5.367000e-001
138  2.334000e-001
139  2.907000e-001
140  1.890000e-001
141  1.934000e-001
142  4.337000e-001
143  2.457000e-001
144  1.629000e-001
   3 
1  1.315000e-001
2  1.517000e-001
3  3.437000e-001
4  5.738000e-001
5  7.954000e-001
6  1.054000e+000
7  1.130000e+000
8  1.102000e+000
9  7.889000e-001
10  4.107000e-001
11  2.360000e-001
12  1.383000e-001
13  1.217000e-001
14  1.624000e-001
15  3.589000e-001
16  6.574000e-001
17  8.549000e-001
18  9.675000e-001
19  1.178000e+000
20  1.050000e+000
21  7.997000e-001
22  4.766000e-001
23  2.595000e-001
24  1.367000e-001
25  1.321000e-001
26  2.156000e-001
27  3.342000e-001
28  4.636000e-001
29  7.122000e-001
30  1.067000e+000
31  1.152000e+000
32  1.058000e+000
33  8.422000e-001
34  4.648000e-001
35  1.817000e-001
36  1.443000e-001
37  1.261000e-001
38  1.836000e-001
39  3.660000e-001
40  5.725000e-001
41  8.812000e-001
42  1.003000e+000
43  1.127000e+000
44  1.085000e+000
45  7.285000e-001
46  5.028000e-001
47  2.214000e-001
48  1.938000e-001
49  1.188000e-001
50  1.623000e-001
51  3.382000e-001
52  5.984000e-001
53  7.855000e-001
54  1.017000e+000
55  1.166000e+000
56  1.102000e+000
57  7.039000e-001
58  4.051000e-001
59  2.170000e-001
60  1.104000e-001
61  1.276000e-001
62  2.041000e-001
63  3.861000e-001
64  5.269000e-001
65  7.237000e-001
66  9.077000e-001
67  1.172000e+000
68  1.109000e+000
69  7.683000e-001
70  4.469000e-001
71  2.613000e-001
72  1.344000e-001
73  1.064000e-001
74  1.887000e-001
75  2.630000e-001
76  5.117000e-001
77  8.117000e-001
78  1.032000e+000
79  1.055000e+000
80  1.048000e+000
81  8.069000e-001
82  4.414000e-001
83  2.473000e-001
84  1.680000e-001
85  1.554000e-001
86  1.842000e-001
87  2.815000e-001
88  5.575000e-001
89  8.070000e-001
90  1.049000e+000
91  1.194000e+000
92  1.125000e+000
93  7.424000e-001
94  4.821000e-001
95  2.139000e-001
96  1.394000e-001
97  9.327000e-002
98  1.405000e-001
99  2.927000e-001
100  6.034000e-001
101  7.943000e-001
102  1.090000e+000
103  1.152000e+000
104  1.064000e+000
105  7.909000e-001
106  4.984000e-001
107  2.931000e-001
108  2.008000e-001
109  1.373000e-001
110  2.344000e-001
111  3.791000e-001
112  6.215000e-001
113  8.987000e-001
114  1.145000e+000
115  1.126000e+000
116  1.039000e+000
117  7.944000e-001
118  4.950000e-001
119  2.287000e-001
120  1.533000e-001
121  1.217000e-001
122  1.658000e-001
123  3.553000e-001
124  6.360000e-001
125  8.738000e-001
126  1.127000e+000
127  1.157000e+000
128  1.026000e+000
129  7.875000e-001
130  4.104000e-001
131  2.080000e-001
132  1.183000e-001
133  1.287000e-001
134  1.912000e-001
135  4.335000e-001
136  6.647000e-001
137  8.749000e-001
138  1.150000e+000
139  1.156000e+000
140  1.109000e+000
141  7.836000e-001
142  4.709000e-001
143  2.457000e-001
144  1.629000e-001
   4 
1  1.315000e-001
2  1.517000e-001
3  3.436000e-001
4  5.738000e-001
5  7.956000e-001
6  1.055000e+000
7  1.130000e+000
8  1.102000e+000
9  7.890000e-001
10  4.107000e-001
11  2.360000e-001
12  1.383000e-001
13  1.217000e-001
14  1.623000e-001
15  3.588000e-001
16  6.573000e-001
17  8.550000e-001
18  9.676000e-001
19  1.178000e+000
20  1.050000e+000
21  7.998000e-001
22  4.766000e-001
23  2.595000e-001
24  1.367000e-001
25  1.321000e-001
26  2.155000e-001
27  3.340000e-001
28  4.636000e-001
29  7.123000e-001
30  1.067000e+000
31  1.152000e+000
32  1.058000e+000
33  8.424000e-001
34  4.649000e-001
35  1.817000e-001
36  1.443000e-001
37  1.261000e-001
38  1.835000e-001
39  3.660000e-001
40  5.726000e-001
41  8.812000e-001
42  1.003000e+000
43  1.127000e+000
44  1.085000e+000
45  7.286000e-001
46  5.028000e-001
47  2.214000e-001
48  1.938000e-001
49  1.187000e-001
50  1.623000e-001
51  3.382000e-001
52  5.984000e-001
53  7.856000e-001
54  1.017000e+000
55  1.166000e+000
56  1.103000e+000
57  7.040000e-001
58  4.051000e-001
59  2.170000e-001
60  1.104000e-001
61  1.276000e-001
62  2.041000e-001
63  3.862000e-001
64  5.268000e-001
65  7.238000e-001
66  9.079000e-001
67  1.172000e+000
68  1.109000e+000
69  7.684000e-001
70  4.470000e-001
71  2.613000e-001
72  1.344000e-001
73  1.064000e-001
74  1.887000e-001
75  2.630000e-001
76  5.116000e-001
77  8.118000e-001
78  1.032000e+000
79  1.055000e+000
80  1.048000e+000
81  8.069000e-001
82  4.414000e-001
83  2.473000e-001
84  1.680000e-001
85  1.554000e-001
86  1.841000e-001
87  2.814000e-001
88  5.574000e-001
89  8.069000e-001
90  1.049000e+000
91  1.193000e+000
92  1.125000e+000
93  7.422000e-001
94  4.820000e-001
95  2.138000e-001
96  1.394000e-001
97  9.325000e-002
98  1.404000e-001
99  2.926000e-001
100  6.035000e-001
101  7.945000e-001
102  1.090000e+000
103  1.152000e+000
104  1.064000e+000
105  7.910000e-001
106  4.984000e-001
107  2.932000e-001
108  2.008000e-001
109  1.373000e-001
110  2.344000e-001
111  3.791000e-001
112  6.215000e-001
113  8.987000e-001
114  1.145000e+000
115  1.126000e+000
116  1.039000e+000
117  7.944000e-001
118  4.950000e-001
119  2.287000e-001
120  1.533000e-001
121  1.217000e-001
122  1.658000e-001
123  3.552000e-001
124  6.360000e-001
125  8.739000e-001
126  1.127000e+000
127  1.157000e+000
128  1.026000e+000
129  7.875000e-001
130  4.104000e-001
131  2.080000e-001
132  1.183000e-001
133  1.287000e-001
134  1.912000e-001
135  4.335000e-001
136  6.647000e-001
137  8.749000e-001
138  1.150000e+000
139  1.156000e+000
140  1.108000e+000
141  7.835000e-001
142  4.709000e-001
143  2.457000e-001
144  1.629000e-001
   5 
1  1.315000e-001
2  1.517000e-001
3  3.440000e-001
4  5.738000e-001
5  7.953000e-001
6  1.054000e+000
7  1.130000e+000
8  1.101000e+000
9  7.886000e-001
10  4.106000e-001
11  2.359000e-001
12  1.382000e-001
13  1.217000e-001
14  1.624000e-001
15  3.590000e-001
16  6.574000e-001
17  8.548000e-001
18  9.674000e-001
19  1.178000e+000
20  1.050000e+000
21  7.995000e-001
22  4.765000e-001
23  2.595000e-001
24  1.367000e-001
25  1.321000e-001
26  2.156000e-001
27  3.343000e-001
28  4.637000e-001
29  7.124000e-001
30  1.067000e+000
31  1.152000e+000
32  1.058000e+000
33  8.421000e-001
34  4.648000e-001
35  1.817000e-001
36  1.443000e-001
37  1.261000e-001
38  1.836000e-001
39  3.661000e-001
40  5.725000e-001
41  8.812000e-001
42  1.002000e+000
43  1.127000e+000
44  1.085000e+000
45  7.284000e-001
46  5.026000e-001
47  2.214000e-001
48  1.938000e-001
49  1.188000e-001
50  1.623000e-001
51  3.382000e-001
52  5.986000e-001
53  7.857000e-001
54  1.017000e+000
55  1.165000e+000
56  1.102000e+000
57  7.038000e-001
58  4.050000e-001
59  2.170000e-001
60  1.104000e-001
61  1.276000e-001
62  2.040000e-001
63  3.860000e-001
64  5.270000e-001
65  7.238000e-001
66  9.078000e-001
67  1.171000e+000
68  1.109000e+000
69  7.682000e-001
70  4.469000e-001
71  2.612000e-001
72  1.344000e-001
73  1.064000e-001
74  1.887000e-001
75  2.630000e-001
76  5.119000e-001
77  8.117000e-001
78  1.031000e+000
79  1.054000e+000
80  1.048000e+000
81  8.067000e-001
82  4.413000e-001
83  2.472000e-001
84  1.679000e-001
85  1.554000e-001
86  1.841000e-001
87  2.814000e-001
88  5.573000e-001
89  8.066000e-001
90  1.049000e+000
91  1.193000e+000
92  1.125000e+000
93  7.420000e-001
94  4.819000e-001
95  2.138000e-001
96  1.394000e-001
97  9.323000e-002
98  1.405000e-001
99  2.928000e-001
100  6.034000e-001
101  7.943000e-001
102  1.090000e+000
103  1.152000e+000
104  1.064000e+000
105  7.907000e-001
106  4.982000e-001
107  2.931000e-001
108  2.008000e-001
109  1.373000e-001
110  2.343000e-001
111  3.790000e-001
112  6.213000e-001
113  8.983000e-001
114  1.145000e+000
115  1.070000e+000
116  9.254000e-001
117  7.732000e-001
118  4.948000e-001
119  2.287000e-001
120  1.533000e-001
121  1.216000e-001
122  1.659000e-001
123  3.553000e-001
124  6.359000e-001
125  8.736000e-001
126  1.127000e+000
127  1.157000e+000
128  1.026000e+000
129  7.872000e-001
130  4.102000e-001
131  2.080000e-001
132  1.183000e-001
133  1.286000e-001
134  1.913000e-001
135  4.334000e-001
136  6.618000e-001
137  6.050000e-001
138  4.187000e-001
139  3.551000e-001
140  3.080000e-001
141  2.681000e-001
142  2.737000e-001
143  2.299000e-001
144  1.629000e-001
   6 
1  1.315000e-001
2  1.517000e-001
3  3.437000e-001
4  5.738000e-001
5  7.955000e-001
6  1.054000e+000
7  1.130000e+000
8  1.102000e+000
9  7.889000e-001
10  4.107000e-001
11  2.360000e-001
12  1.383000e-001
13  1.217000e-001
14  1.624000e-001
15  3.589000e-001
16  6.574000e-001
17  8.549000e-001
18  9.676000e-001
19  1.178000e+000
20  1.050000e+000
21  7.998000e-001
22  4.767000e-001
23  2.595000e-001
24  1.367000e-001
25  1.321000e-001
26  2.156000e-001
27  3.341000e-001
28  4.636000e-001
29  7.123000e-001
30  1.067000e+000
31  1.152000e+000
32  1.058000e+000
33  8.422000e-001
34  4.648000e-001
35  1.817000e-001
36  1.443000e-001
37  1.261000e-001
38  1.836000e-001
39  3.660000e-001
40  5.726000e-001
41  8.812000e-001
42  1.003000e+000
43  1.127000e+000
44  1.085000e+000
45  7.286000e-001
46  5.028000e-001
47  2.214000e-001
48  1.938000e-001
49  1.188000e-001
50  1.623000e-001
51  3.382000e-001
52  5.984000e-001
53  7.856000e-001
54  1.017000e+000
55  1.166000e+000
56  1.102000e+000
57  7.040000e-001
58  4.051000e-001
59  2.170000e-001
60  1.104000e-001
61  1.276000e-001
62  2.041000e-001
63  3.862000e-001
64  5.268000e-001
65  7.237000e-001
66  9.078000e-001
67  1.172000e+000
68  1.109000e+000
69  7.683000e-001
70  4.470000e-001
71  2.613000e-001
72  1.344000e-001
73  1.064000e-001
74  1.887000e-001
75  2.631000e-001
76  5.117000e-001
77  8.118000e-001
78  1.032000e+000
79  1.055000e+000
80  1.048000e+000
81  8.069000e-001
82  4.414000e-001
83  2.473000e-001
84  1.680000e-001
85  1.554000e-001
86  1.842000e-001
87  2.815000e-001
88  5.575000e-001
89  8.070000e-001
90  1.049000e+000
91  1.194000e+000
92  1.125000e+000
93  7.424000e-001
94  4.821000e-001
95  2.139000e-001
96  1.394000e-001
97  9.326000e-002
98  1.404000e-001
99  2.927000e-001
100  6.035000e-001
101  7.944000e-001
102  1.090000e+000
103  1.152000e+000
104  1.064000e+000
105  7.910000e-001
106  4.984000e-001
107  2.931000e-001
108  2.008000e-001
109  1.373000e-001
110  2.344000e-001
111  3.791000e-001
112  6.215000e-001
113  8.987000e-001
114  1.145000e+000
115  1.126000e+000
116  1.039000e+000
117  7.944000e-001
118  4.950000e-001
119  2.288000e-001
120  1.533000e-001
121  1.217000e-001
122  1.658000e-001
123  3.553000e-001
124  6.360000e-001
125  8.739000e-001
126  1.127000e+000
127  1.157000e+000
128  1.026000e+000
129  7.875000e-001
130  4.104000e-001
131  2.080000e-001
132  1.183000e-001
133  1.287000e-001
134  1.912000e-001
135  4.335000e-001
136  6.648000e-001
137  8.749000e-001
138  1.151000e+000
139  1.156000e+000
140  1.109000e+000
141  7.836000e-001
142  4.709000e-001
143  2.457000e-001
144  1.629000e-001
   7 
1  1.315000e-001
2  1.517000e-001
3  3.436000e-001
4  5.738000e-001
5  7.956000e-001
6  1.055000e+000
7  1.130000e+000
8  1.102000e+000
9  7.890000e-001
10  4.108000e-001
11  2.360000e-001
12  1.383000e-001
13  1.217000e-001
14  1.623000e-001
15  3.588000e-001
16  6.573000e-001
17  8.550000e-001
18  9.677000e-001
19  1.178000e+000
20  1.050000e+000
21  7.998000e-001
22  4.767000e-001
23  2.595000e-001
24  1.367000e-001
25  1.321000e-001
26  2.155000e-001
27  3.340000e-001
28  4.636000e-001
29  7.122000e-001
30  1.067000e+000
31  1.152000e+000
32  1.058000e+000
33  8.423000e-001
34  4.649000e-001
35  1.817000e-001
36  1.443000e-001
37  1.261000e-001
38  1.835000e-001
39  3.660000e-001
40  5.726000e-001
41  8.812000e-001
42  1.003000e+000
43  1.127000e+000
44  1.085000e+000
45  7.286000e-001
46  5.028000e-001
47  2.214000e-001
48  1.938000e-001
49  1.187000e-001
50  1.623000e-001
51  3.382000e-001
52  5.984000e-001
53  7.856000e-001
54  1.017000e+000
55  1.166000e+000
56  1.103000e+000
57  7.041000e-001
58  4.051000e-001
59  2.170000e-001
60  1.104000e-001
61  1.276000e-001
62  2.041000e-001
63  3.862000e-001
64  5.268000e-001
65  7.237000e-001
66  9.079000e-001
67  1.172000e+000
68  1.109000e+000
69  7.684000e-001
70  4.470000e-001
71  2.613000e-001
72  1.344000e-001
73  1.064000e-001
74  1.887000e-001
75  2.630000e-001
76  5.116000e-001
77  8.118000e-001
78  1.032000e+000
79  1.055000e+000
80  1.048000e+000
81  8.069000e-001
82  4.414000e-001
83  2.473000e-001
84  1.680000e-001
85  1.554000e-001
86  1.841000e-001
87  2.814000e-001
88  5.574000e-001
89  8.069000e-001
90  1.049000e+000
91  1.193000e+000
92  1.125000e+000
93  7.423000e-001
94  4.821000e-001
95  2.139000e-001
96  1.394000e-001
97  9.325000e-002
98  1.404000e-001
99  2.926000e-001
100  6.035000e-001
101  7.945000e-001
102  1.090000e+000
103  1.152000e+000
104  1.064000e+000
105  7.910000e-001
106  4.984000e-001
107  2.932000e-001
108  2.008000e-001
109  1.373000e-001
110  2.344000e-001
111  3.791000e-001
112  6.215000e-001
113  8.987000e-001
114  1.145000e+000
115  1.126000e+000
116  1.039000e+000
117  7.944000e-001
118  4.950000e-001
119  2.287000e-001
120  1.533000e-001
121  1.217000e-001
122  1.658000e-001
123  3.552000e-001
124  6.359000e-001
125  8.739000e-001
126  1.127000e+000
127  1.158000e+000
128  1.026000e+000
129  7.875000e-001
130  4.104000e-001
131  2.080000e-001
132  1.183000e-001
133  1.287000e-001
134  1.912000e-001
135  4.335000e-001
136  6.647000e-001
137  8.749000e-001
138  1.150000e+000
139  1.156000e+000
140  1.108000e+000
141  7.836000e-001
142  4.709000e-001
143  2.457000e-001
144  1.629000e-001
   8 
1  1.315000e-001
2  1.517000e-001
3  3.438000e-001
4  5.738000e-001
5  7.954000e-001
6  1.054000e+000
7  1.130000e+000
8  1.101000e+000
9  7.888000e-001
10  4.106000e-001
11  2.360000e-001
12  1.382000e-001
13  1.217000e-001
14  1.624000e-001
15  3.589000e-001
16  6.574000e-001
17  8.549000e-001
18  9.675000e-001
19  1.178000e+000
20  1.050000e+000
21  7.996000e-001
22  4.766000e-001
23  2.595000e-001
24  1.367000e-001
25  1.321000e-001
26  2.156000e-001
27  3.342000e-001
28  4.637000e-001
29  7.123000e-001
30  1.067000e+000
31  1.152000e+000
32  1.058000e+000
33  8.422000e-001
34  4.648000e-001
35  1.817000e-001
36  1.443000e-001
37  1.261000e-001
38  1.836000e-001
39  3.660000e-001
40  5.725000e-001
41  8.812000e-001
42  1.003000e+000
43  1.127000e+000
44  1.085000e+000
45  7.285000e-001
46  5.027000e-001
47  2.214000e-001
48  1.938000e-001
49  1.188000e-001
50  1.623000e-001
51  3.382000e-001
52  5.985000e-001
53  7.857000e-001
54  1.017000e+000
55  1.166000e+000
56  1.102000e+000
57  7.039000e-001
58  4.050000e-001
59  2.170000e-001
60  1.104000e-001
61  1.276000e-001
62  2.041000e-001
63  3.861000e-001
64  5.269000e-001
65  7.238000e-001
66  9.078000e-001
67  1.172000e+000
68  1.109000e+000
69  7.683000e-001
70  4.469000e-001
71  2.613000e-001
72  1.344000e-001
73  1.064000e-001
74  1.887000e-001
75  2.630000e-001
76  5.118000e-001
77  8.117000e-001
78  1.031000e+000
79  1.054000e+000
80  1.048000e+000
81  8.068000e-001
82  4.413000e-001
83  2.473000e-001
84  1.679000e-001
85  1.554000e-001
86  1.841000e-001
87  2.814000e-001
88  5.574000e-001
89  8.068000e-001
90  1.049000e+000
91  1.193000e+000
92  1.125000e+000
93  7.422000e-001
94  4.820000e-001
95  2.138000e-001
96  1.394000e-001
97  9.324000e-002
98  1.405000e-001
99  2.927000e-001
100  6.034000e-001
101  7.944000e-001
102  1.090000e+000
103  1.152000e+000
104  1.064000e+000
105  7.908000e-001
106  4.983000e-001
107  2.931000e-001
108  2.008000e-001
109  1.373000e-001
110  2.344000e-001
111  3.790000e-001
112  6.214000e-001
113  8.985000e-001
114  1.145000e+000
115  1.126000e+000
116  1.038000e+000
117  7.942000e-001
118  4.949000e-001
119  2.287000e-001
120  1.533000e-001
121  1.217000e-001
122  1.659000e-001
123  3.553000e-001
124  6.360000e-001
125  8.737000e-001
126  1.127000e+000
127  1.157000e+000
128  1.026000e+000
129  7.873000e-001
130  4.103000e-001
131  2.080000e-001
132  1.183000e-001
133  1.287000e-001
134  1.913000e-001
135  4.334000e-001
136  6.646000e-001
137  8.748000e-001
138  9.501000e-001
139  8.114000e-001
140  6.876000e-001
141  6.880000e-001
142  4.708000e-001
143  2.457000e-001
144  1.629000e-001
   9 
1  1.315000e-001
2  1.517000e-001
3  3.436000e-001
4  5.738000e-001
5  7.956000e-001
6  1.055000e+000
7  1.130000e+000
8  1.102000e+000
9  7.890000e-001
10  4.108000e-001
11  2.360000e-001
12  1.383000e-001
13  1.217000e-001
14  1.623000e-001
15  3.588000e-001
16  6.574000e-001
17  8.550000e-001
18  9.677000e-001
19  1.178000e+000
20  1.050000e+000
21  7.998000e-001
22  4.767000e-001
23  2.595000e-001
24  1.367000e-001
25  1.321000e-001
26  2.155000e-001
27  3.340000e-001
28  4.636000e-001
29  7.124000e-001
30  1.067000e+000
31  1.152000e+000
32  1.058000e+000
33  8.424000e-001
34  4.649000e-001
35  1.817000e-001
36  1.443000e-001
37  1.261000e-001
38  1.835000e-001
39  3.660000e-001
40  5.726000e-001
41  8.813000e-001
42  1.003000e+000
43  1.127000e+000
44  1.085000e+000
45  7.286000e-001
46  5.028000e-001
47  2.214000e-001
48  1.938000e-001
49  1.187000e-001
50  1.623000e-001
51  3.382000e-001
52  5.984000e-001
53  7.857000e-001
54  1.017000e+000
55  1.166000e+000
56  1.103000e+000
57  7.041000e-001
58  4.051000e-001
59  2.170000e-001
60  1.104000e-001
61  1.276000e-001
62  2.041000e-001
63  3.862000e-001
64  5.268000e-001
65  7.238000e-001
66  9.079000e-001
67  1.172000e+000
68  1.109000e+000
69  7.684000e-001
70  4.470000e-001
71  2.613000e-001
72  1.344000e-001
73  1.064000e-001
74  1.887000e-001
75  2.630000e-001
76  5.116000e-001
77  8.119000e-001
78  1.032000e+000
79  1.055000e+000
80  1.048000e+000
81  8.069000e-001
82  4.414000e-001
83  2.473000e-001
84  1.680000e-001
85  1.554000e-001
86  1.841000e-001
87  2.814000e-001
88  5.574000e-001
89  8.068000e-001
90  1.049000e+000
91  1.193000e+000
92  1.125000e+000
93  7.422000e-001
94  4.820000e-001
95  2.138000e-001
96  1.394000e-001
97  9.324000e-002
98  1.404000e-001
99  2.926000e-001
100  6.036000e-001
101  7.946000e-001
102  1.090000e+000
103  1.152000e+000
104  1.064000e+000
105  7.910000e-001
106  4.984000e-001
107  2.932000e-001
108  2.008000e-001
109  1.373000e-001
110  2.344000e-001
111  3.791000e-001
112  6.215000e-001
113  8.987000e-001
114  1.145000e+000
115  1.126000e+000
116  1.039000e+000
117  7.944000e-001
118  4.950000e-001
119  2.287000e-001
120  1.533000e-001
121  1.216000e-001
122  1.657000e-001
123  3.552000e-001
124  6.360000e-001
125  8.740000e-001
126  1.127000e+000
127  1.158000e+000
128  1.026000e+000
129  7.875000e-001
130  4.104000e-001
131  2.080000e-001
132  1.183000e-001
133  1.287000e-001
134  1.912000e-001
135  4.335000e-001
136  6.647000e-001
137  8.749000e-001
138  1.150000e+000
139  1.156000e+000
140  1.108000e+000
141  7.835000e-001
142  4.709000e-001
143  2.457000e-001
144  1.629000e-001
   10 
1  1.315000e-001
2  1.517000e-001
3  3.436000e-001
4  5.738000e-001
5  7.955000e-001
6  1.055000e+000
7  1.130000e+000
8  1.102000e+000
9  7.890000e-001
10  4.108000e-001
11  2.360000e-001
12  1.383000e-001
13  1.217000e-001
14  1.623000e-001
15  3.588000e-001
16  6.573000e-001
17  8.550000e-001
18  9.677000e-001
19  1.178000e+000
20  1.050000e+000
21  7.998000e-001
22  4.767000e-001
23  2.595000e-001
24  1.367000e-001
25  1.321000e-001
26  2.155000e-001
27  3.340000e-001
28  4.636000e-001
29  7.122000e-001
30  1.067000e+000
31  1.152000e+000
32  1.058000e+000
33  8.424000e-001
34  4.649000e-001
35  1.817000e-001
36  1.443000e-001
37  1.261000e-001
38  1.835000e-001
39  3.660000e-001
40  5.726000e-001
41  8.812000e-001
42  1.003000e+000
43  1.127000e+000
44  1.085000e+000
45  7.286000e-001
46  5.028000e-001
47  2.214000e-001
48  1.938000e-001
49  1.187000e-001
50  1.623000e-001
51  3.381000e-001
52  5.984000e-001
53  7.856000e-001
54  1.017000e+000
55  1.166000e+000
56  1.103000e+000
57  7.041000e-001
58  4.051000e-001
59  2.170000e-001
60  1.104000e-001
61  1.276000e-001
62  2.041000e-001
63  3.862000e-001
64  5.268000e-001
65  7.237000e-001
66  9.078000e-001
67  1.172000e+000
68  1.109000e+000
69  7.684000e-001
70  4.470000e-001
71  2.613000e-001
72  1.344000e-001
73  1.064000e-001
74  1.887000e-001
75  2.630000e-001
76  5.116000e-001
77  8.118000e-001
78  1.032000e+000
79  1.055000e+000
80  1.048000e+000
81  8.069000e-001
82  4.414000e-001
83  2.473000e-001
84  1.680000e-001
85  1.554000e-001
86  1.841000e-001
87  2.814000e-001
88  5.574000e-001
89  8.069000e-001
90  1.049000e+000
91  1.193000e+000
92  1.125000e+000
93  7.423000e-001
94  4.821000e-001
95  2.139000e-001
96  1.394000e-001
97  9.325000e-002
98  1.404000e-001
99  2.926000e-001
100  6.034000e-001
101  7.945000e-001
102  1.090000e+000
103  1.152000e+000
104  1.064000e+000
105  7.910000e-001
106  4.984000e-001
107  2.932000e-001
108  2.008000e-001
109  1.373000e-001
110  2.344000e-001
111  3.791000e-001
112  6.215000e-001
113  8.987000e-001
114  1.145000e+000
115  1.126000e+000
116  1.039000e+000
117  7.944000e-001
118  4.950000e-001
119  2.287000e-001
120  1.533000e-001
121  1.217000e-001
122  1.658000e-001
123  3.552000e-001
124  6.359000e-001
125  8.739000e-001
126  1.127000e+000
127  1.158000e+000
128  1.026000e+000
129  7.875000e-001
130  4.104000e-001
131  2.080000e-001
132  1.183000e-001
133  1.287000e-001
134  1.912000e-001
135  4.335000e-001
136  6.647000e-001
137  8.749000e-001
138  1.150000e+000
139  1.156000e+000
140  1.108000e+000
141  7.836000e-001
142  4.709000e-001
143  2.457000e-001
144  1.629000e-001
   11 
1  1.315000e-001
2  1.517000e-001
3  3.444000e-001
4  5.739000e-001
5  7.950000e-001
6  8.093000e-001
7  6.221000e-001
8  5.299000e-001
9  6.684000e-001
10  4.104000e-001
11  2.360000e-001
12  1.382000e-001
13  1.217000e-001
14  1.625000e-001
15  3.594000e-001
16  6.576000e-001
17  8.545000e-001
18  8.497000e-001
19  3.896000e-001
20  3.621000e-001
21  5.122000e-001
22  4.764000e-001
23  2.595000e-001
24  1.367000e-001
25  1.321000e-001
26  2.157000e-001
27  3.348000e-001
28  4.640000e-001
29  7.123000e-001
30  1.066000e+000
31  1.151000e+000
32  1.057000e+000
33  8.414000e-001
34  4.645000e-001
35  1.817000e-001
36  1.442000e-001
37  1.262000e-001
38  1.837000e-001
39  3.662000e-001
40  5.727000e-001
41  8.814000e-001
42  1.002000e+000
43  1.126000e+000
44  1.084000e+000
45  7.279000e-001
46  5.024000e-001
47  2.215000e-001
48  1.938000e-001
49  1.189000e-001
50  1.623000e-001
51  3.382000e-001
52  5.986000e-001
53  7.858000e-001
54  1.016000e+000
55  1.164000e+000
56  1.101000e+000
57  7.033000e-001
58  4.047000e-001
59  2.172000e-001
60  1.103000e-001
61  1.276000e-001
62  2.040000e-001
63  3.859000e-001
64  5.273000e-001
65  7.240000e-001
66  9.075000e-001
67  1.170000e+000
68  1.108000e+000
69  7.676000e-001
70  4.465000e-001
71  2.611000e-001
72  1.343000e-001
73  1.063000e-001
74  1.888000e-001
75  2.630000e-001
76  5.123000e-001
77  8.112000e-001
78  1.031000e+000
79  1.054000e+000
80  1.047000e+000
81  8.062000e-001
82  4.411000e-001
83  2.471000e-001
84  1.678000e-001
85  1.553000e-001
86  1.840000e-001
87  2.814000e-001
88  5.576000e-001
89  8.066000e-001
90  1.049000e+000
91  1.152000e+000
92  1.047000e+000
93  7.419000e-001
94  4.818000e-001
95  2.139000e-001
96  1.394000e-001
97  9.325000e-002
98  1.407000e-001
99  2.931000e-001
100  6.032000e-001
101  7.941000e-001
102  9.889000e-001
103  8.611000e-001
104  8.246000e-001
105  7.686000e-001
106  4.980000e-001
107  2.929000e-001
108  2.007000e-001
109  1.374000e-001
110  2.343000e-001
111  3.789000e-001
112  5.420000e-001
113  4.209000e-001
114  3.210000e-001
115  3.002000e-001
116  2.705000e-001
117  2.502000e-001
118  2.694000e-001
119  2.288000e-001
120  1.534000e-001
121  1.217000e-001
122  1.661000e-001
123  3.556000e-001
124  6.181000e-001
125  3.854000e-001
126  2.588000e-001
127  2.428000e-001
128  2.274000e-001
129  2.184000e-001
130  3.388000e-001
131  2.079000e-001
132  1.183000e-001
133  1.287000e-001
134  1.915000e-001
135  4.334000e-001
136  4.621000e-001
137  2.186000e-001
138  1.735000e-001
139  1.637000e-001
140  1.527000e-001
141  1.387000e-001
142  1.656000e-001
143  2.297000e-001
144  1.629000e-001
   12 
1  1.598000e-002
2  1.320000e-001
3  3.436000e-001
4  2.397000e-001
5  2.019000e-001
6  8.107000e-003
7  7.502000e-003
8  6.930000e-003
9  6.364000e-003
10  5.996000e-003
11  7.842000e-003
12  4.992000e-002
13  3.087000e-002
14  1.507000e-001
15  3.541000e-001
16  3.683000e-001
17  2.815000e-001
18  1.917000e-001
19  9.596000e-003
20  8.825000e-003
21  8.201000e-003
22  7.529000e-003
23  5.699000e-002
24  8.061000e-002
25  6.656000e-002
26  1.904000e-001
27  2.999000e-001
28  4.634000e-001
29  4.636000e-001
30  1.556000e-002
31  1.437000e-002
32  1.321000e-002
33  1.217000e-002
34  1.163000e-002
35  3.508000e-002
36  1.080000e-001
37  9.765000e-002
38  1.835000e-001
39  3.658000e-001
40  2.927000e-001
41  5.136000e-001
42  1.576000e-002
43  1.450000e-002
44  1.334000e-002
45  1.234000e-002
46  1.148000e-002
47  1.605000e-002
48  1.436000e-001
49  1.159000e-001
50  1.245000e-001
51  2.364000e-001
52  1.050000e-001
53  5.771000e-001
54  1.383000e-002
55  1.177000e-002
56  1.079000e-002
57  9.900000e-003
58  9.441000e-003
59  1.643000e-001
60  1.102000e-001
61  1.275000e-001
62  1.762000e-001
63  1.704000e-002
64  4.660000e-001
65  4.268000e-001
66  3.127000e-001
67  2.074000e-002
68  1.900000e-002
69  1.744000e-002
70  1.607000e-002
71  1.503000e-002
72  1.382000e-002
73  1.324000e-002
74  1.519000e-001
75  2.047000e-001
76  4.804000e-001
77  1.993000e-001
78  1.837000e-002
79  1.707000e-002
80  1.565000e-002
81  1.438000e-002
82  1.335000e-002
83  1.239000e-002
84  1.147000e-002
85  1.062000e-002
86  9.905000e-003
87  7.781000e-002
88  1.457000e-001
89  7.450000e-002
90  1.051000e-002
91  9.667000e-003
92  8.861000e-003
93  8.133000e-003
94  7.539000e-003
95  8.095000e-003
96  2.307000e-002
97  3.166000e-002
98  1.404000e-001
99  2.739000e-001
100  1.546000e-001
101  1.307000e-001
102  1.159000e-002
103  1.068000e-002
104  9.816000e-003
105  9.072000e-003
106  8.394000e-003
107  7.853000e-003
108  7.567000e-003
109  2.294000e-002
110  9.576000e-002
111  1.146000e-001
112  1.392000e-001
113  8.715000e-003
114  8.029000e-003
115  7.552000e-003
116  7.231000e-003
117  6.833000e-003
118  6.325000e-003
119  6.421000e-003
120  9.232000e-002
121  4.896000e-002
122  1.431000e-001
123  2.781000e-001
124  4.450000e-001
125  1.048000e-002
126  9.634000e-003
127  8.951000e-003
128  8.249000e-003
129  7.579000e-003
130  7.360000e-003
131  7.085000e-003
132  1.372000e-002
133  7.581000e-002
134  1.912000e-001
135  3.335000e-002
136  6.895000e-003
137  6.143000e-003
138  5.642000e-003
139  5.314000e-003
140  5.071000e-003
141  4.667000e-003
142  4.383000e-003
143  4.520000e-003
144  5.782000e-003
