   1 
1  1.048000e-001
2  1.983000e-001
3  4.783000e-001
4  7.496000e-001
5  1.103000e+000
6  1.481000e+000
7  1.454000e+000
8  1.305000e+000
9  1.098000e+000
10  6.103000e-001
11  3.921000e-001
12  1.901000e-001
13  1.243000e-001
14  2.399000e-001
15  4.042000e-001
16  8.102000e-001
17  1.025000e+000
18  1.382000e+000
19  1.502000e+000
20  1.345000e+000
21  1.038000e+000
22  5.726000e-001
23  3.199000e-001
24  1.218000e-001
25  8.537000e-002
26  1.904000e-001
27  3.954000e-001
28  7.515000e-001
29  8.399000e-001
30  1.288000e+000
31  1.471000e+000
32  1.214000e+000
33  9.689000e-001
34  6.563000e-001
35  3.235000e-001
36  1.677000e-001
37  1.251000e-001
38  2.383000e-001
39  4.479000e-001
40  7.945000e-001
41  9.949000e-001
42  1.334000e+000
43  1.428000e+000
44  1.290000e+000
45  1.056000e+000
46  6.112000e-001
47  1.855000e-001
48  9.650000e-002
49  1.686000e-001
50  2.582000e-001
51  5.031000e-001
52  8.355000e-001
53  1.083000e+000
54  1.339000e+000
55  1.413000e+000
56  1.293000e+000
57  9.491000e-001
58  5.771000e-001
59  2.975000e-001
60  1.680000e-001
61  1.989000e-001
62  3.267000e-001
63  5.557000e-001
64  7.726000e-001
65  1.111000e+000
66  1.316000e+000
67  1.418000e+000
68  1.396000e+000
69  1.016000e+000
70  6.072000e-001
71  3.687000e-001
72  1.981000e-001
73  1.608000e-001
74  2.865000e-001
75  4.165000e-001
76  7.040000e-001
77  1.111000e+000
78  1.373000e+000
79  1.446000e+000
80  1.378000e+000
81  1.038000e+000
82  5.741000e-001
83  3.148000e-001
84  2.295000e-001
85  1.899000e-001
86  2.042000e-001
87  4.204000e-001
88  8.560000e-001
89  1.106000e+000
90  1.396000e+000
91  1.405000e+000
92  1.381000e+000
93  9.625000e-001
94  6.554000e-001
95  2.755000e-001
96  1.905000e-001
97  9.980000e-002
98  1.763000e-001
99  4.410000e-001
100  8.193000e-001
101  1.084000e+000
102  1.477000e+000
103  1.451000e+000
104  1.377000e+000
105  1.020000e+000
106  6.462000e-001
107  3.792000e-001
108  2.372000e-001
109  1.976000e-001
110  3.722000e-001
111  5.360000e-001
112  8.521000e-001
113  1.230000e+000
114  1.462000e+000
115  1.383000e+000
116  9.377000e-001
117  9.845000e-001
118  6.765000e-001
119  3.003000e-001
120  1.755000e-001
121  1.792000e-001
122  2.653000e-001
123  5.167000e-001
124  8.749000e-001
125  1.197000e+000
126  1.449000e+000
127  1.546000e+000
128  1.354000e+000
129  1.005000e+000
130  5.365000e-001
131  2.740000e-001
132  1.620000e-001
133  1.817000e-001
134  3.359000e-001
135  6.526000e-001
136  3.472000e-001
137  3.437000e-002
138  3.088000e-002
139  2.772000e-002
140  2.485000e-002
141  2.233000e-002
142  2.010000e-002
143  9.291000e-002
144  1.879000e-001
   2 
1  1.049000e-001
2  1.985000e-001
3  4.790000e-001
4  7.502000e-001
5  9.776000e-001
6  6.330000e-001
7  3.631000e-001
8  3.304000e-001
9  3.011000e-001
10  3.543000e-001
11  3.922000e-001
12  1.901000e-001
13  1.243000e-001
14  2.403000e-001
15  4.049000e-001
16  8.109000e-001
17  1.025000e+000
18  1.063000e+000
19  4.270000e-001
20  3.886000e-001
21  3.541000e-001
22  5.344000e-001
23  3.199000e-001
24  1.218000e-001
25  8.540000e-002
26  1.907000e-001
27  3.960000e-001
28  7.524000e-001
29  8.403000e-001
30  1.201000e+000
31  4.204000e-001
32  4.530000e-001
33  4.568000e-001
34  6.222000e-001
35  3.236000e-001
36  1.677000e-001
37  1.252000e-001
38  2.385000e-001
39  4.482000e-001
40  7.950000e-001
41  9.957000e-001
42  8.432000e-001
43  4.796000e-001
44  4.217000e-001
45  3.295000e-001
46  4.485000e-001
47  1.858000e-001
48  9.656000e-002
49  1.688000e-001
50  2.584000e-001
51  5.034000e-001
52  8.359000e-001
53  1.083000e+000
54  1.105000e+000
55  4.660000e-001
56  4.223000e-001
57  4.156000e-001
58  5.767000e-001
59  2.979000e-001
60  1.679000e-001
61  1.989000e-001
62  3.268000e-001
63  5.555000e-001
64  7.735000e-001
65  1.112000e+000
66  1.302000e+000
67  3.896000e-001
68  2.922000e-001
69  4.098000e-001
70  6.067000e-001
71  3.686000e-001
72  1.980000e-001
73  1.607000e-001
74  2.867000e-001
75  4.167000e-001
76  7.049000e-001
77  1.111000e+000
78  7.302000e-001
79  4.913000e-001
80  2.661000e-001
81  2.426000e-001
82  4.618000e-001
83  3.147000e-001
84  2.294000e-001
85  1.898000e-001
86  2.043000e-001
87  4.205000e-001
88  8.567000e-001
89  1.099000e+000
90  5.946000e-001
91  5.949000e-001
92  2.455000e-001
93  2.238000e-001
94  3.095000e-001
95  2.757000e-001
96  1.906000e-001
97  9.983000e-002
98  1.765000e-001
99  4.417000e-001
100  8.195000e-001
101  1.084000e+000
102  7.031000e-001
103  3.713000e-001
104  4.676000e-001
105  3.125000e-001
106  3.164000e-001
107  3.635000e-001
108  2.371000e-001
109  1.977000e-001
110  3.722000e-001
111  5.360000e-001
112  6.833000e-001
113  4.601000e-001
114  2.091000e-001
115  4.492000e-001
116  6.327000e-001
117  1.582000e-001
118  1.931000e-001
119  3.005000e-001
120  1.756000e-001
121  1.793000e-001
122  2.656000e-001
123  5.175000e-001
124  8.753000e-001
125  5.784000e-001
126  1.821000e-001
127  1.660000e-001
128  1.511000e-001
129  4.130000e-001
130  3.909000e-001
131  2.741000e-001
132  1.621000e-001
133  1.817000e-001
134  3.362000e-001
135  6.528000e-001
136  6.633000e-001
137  5.045000e-001
138  2.000000e-001
139  2.220000e-001
140  1.659000e-001
141  1.512000e-001
142  2.969000e-001
143  2.359000e-001
144  1.879000e-001
   3 
1  1.048000e-001
2  1.983000e-001
3  4.784000e-001
4  7.495000e-001
5  1.103000e+000
6  1.481000e+000
7  1.454000e+000
8  1.305000e+000
9  1.098000e+000
10  6.103000e-001
11  3.921000e-001
12  1.901000e-001
13  1.243000e-001
14  2.400000e-001
15  4.043000e-001
16  8.102000e-001
17  1.025000e+000
18  1.382000e+000
19  1.502000e+000
20  1.345000e+000
21  1.038000e+000
22  5.726000e-001
23  3.199000e-001
24  1.218000e-001
25  8.537000e-002
26  1.904000e-001
27  3.954000e-001
28  7.515000e-001
29  8.398000e-001
30  1.287000e+000
31  1.470000e+000
32  1.214000e+000
33  9.688000e-001
34  6.562000e-001
35  3.235000e-001
36  1.677000e-001
37  1.251000e-001
38  2.384000e-001
39  4.479000e-001
40  7.945000e-001
41  9.949000e-001
42  1.334000e+000
43  1.428000e+000
44  1.290000e+000
45  1.056000e+000
46  6.112000e-001
47  1.855000e-001
48  9.650000e-002
49  1.686000e-001
50  2.582000e-001
51  5.031000e-001
52  8.355000e-001
53  1.083000e+000
54  1.339000e+000
55  1.413000e+000
56  1.293000e+000
57  9.490000e-001
58  5.770000e-001
59  2.975000e-001
60  1.679000e-001
61  1.989000e-001
62  3.267000e-001
63  5.557000e-001
64  7.726000e-001
65  1.111000e+000
66  1.316000e+000
67  1.418000e+000
68  1.396000e+000
69  1.016000e+000
70  6.072000e-001
71  3.687000e-001
72  1.981000e-001
73  1.608000e-001
74  2.865000e-001
75  4.165000e-001
76  7.040000e-001
77  1.111000e+000
78  1.373000e+000
79  1.446000e+000
80  1.378000e+000
81  1.038000e+000
82  5.741000e-001
83  3.148000e-001
84  2.295000e-001
85  1.899000e-001
86  2.042000e-001
87  4.204000e-001
88  8.561000e-001
89  1.106000e+000
90  1.396000e+000
91  1.406000e+000
92  1.381000e+000
93  9.627000e-001
94  6.555000e-001
95  2.756000e-001
96  1.905000e-001
97  9.981000e-002
98  1.763000e-001
99  4.411000e-001
100  8.192000e-001
101  1.083000e+000
102  1.477000e+000
103  1.451000e+000
104  1.377000e+000
105  1.020000e+000
106  6.462000e-001
107  3.792000e-001
108  2.372000e-001
109  1.976000e-001
110  3.722000e-001
111  5.360000e-001
112  8.521000e-001
113  1.230000e+000
114  1.462000e+000
115  1.403000e+000
116  1.415000e+000
117  9.904000e-001
118  6.766000e-001
119  3.003000e-001
120  1.756000e-001
121  1.793000e-001
122  2.653000e-001
123  5.168000e-001
124  8.749000e-001
125  1.197000e+000
126  1.449000e+000
127  1.546000e+000
128  1.354000e+000
129  1.005000e+000
130  5.365000e-001
131  2.740000e-001
132  1.621000e-001
133  1.817000e-001
134  3.359000e-001
135  6.526000e-001
136  8.968000e-001
137  4.243000e-001
138  8.251000e-002
139  7.699000e-002
140  7.176000e-002
141  6.698000e-002
142  3.030000e-001
143  2.766000e-001
144  1.879000e-001
   4 
1  1.049000e-001
2  1.983000e-001
3  4.783000e-001
4  7.496000e-001
5  1.103000e+000
6  1.481000e+000
7  1.454000e+000
8  1.305000e+000
9  1.098000e+000
10  6.103000e-001
11  3.921000e-001
12  1.901000e-001
13  1.243000e-001
14  2.399000e-001
15  4.042000e-001
16  8.102000e-001
17  1.025000e+000
18  1.382000e+000
19  1.502000e+000
20  1.345000e+000
21  1.038000e+000
22  5.726000e-001
23  3.199000e-001
24  1.218000e-001
25  8.536000e-002
26  1.904000e-001
27  3.953000e-001
28  7.515000e-001
29  8.399000e-001
30  1.288000e+000
31  1.471000e+000
32  1.214000e+000
33  9.689000e-001
34  6.563000e-001
35  3.235000e-001
36  1.677000e-001
37  1.251000e-001
38  2.383000e-001
39  4.479000e-001
40  7.945000e-001
41  9.949000e-001
42  1.334000e+000
43  1.428000e+000
44  1.290000e+000
45  1.056000e+000
46  6.112000e-001
47  1.855000e-001
48  9.650000e-002
49  1.686000e-001
50  2.582000e-001
51  5.031000e-001
52  8.355000e-001
53  1.083000e+000
54  1.340000e+000
55  1.413000e+000
56  1.293000e+000
57  9.491000e-001
58  5.771000e-001
59  2.975000e-001
60  1.680000e-001
61  1.989000e-001
62  3.267000e-001
63  5.557000e-001
64  7.726000e-001
65  1.111000e+000
66  1.316000e+000
67  1.418000e+000
68  1.396000e+000
69  1.016000e+000
70  6.072000e-001
71  3.687000e-001
72  1.981000e-001
73  1.608000e-001
74  2.865000e-001
75  4.165000e-001
76  7.039000e-001
77  1.111000e+000
78  1.373000e+000
79  1.446000e+000
80  1.378000e+000
81  1.038000e+000
82  5.741000e-001
83  3.148000e-001
84  2.295000e-001
85  1.899000e-001
86  2.042000e-001
87  4.204000e-001
88  8.561000e-001
89  1.106000e+000
90  1.396000e+000
91  1.405000e+000
92  1.381000e+000
93  9.626000e-001
94  6.555000e-001
95  2.755000e-001
96  1.905000e-001
97  9.980000e-002
98  1.762000e-001
99  4.410000e-001
100  8.193000e-001
101  1.084000e+000
102  1.477000e+000
103  1.451000e+000
104  1.377000e+000
105  1.020000e+000
106  6.463000e-001
107  3.793000e-001
108  2.372000e-001
109  1.976000e-001
110  3.722000e-001
111  5.360000e-001
112  8.521000e-001
113  1.230000e+000
114  1.462000e+000
115  1.403000e+000
116  1.415000e+000
117  9.903000e-001
118  6.765000e-001
119  3.003000e-001
120  1.755000e-001
121  1.792000e-001
122  2.653000e-001
123  5.167000e-001
124  8.749000e-001
125  1.197000e+000
126  1.449000e+000
127  1.546000e+000
128  1.354000e+000
129  1.005000e+000
130  5.365000e-001
131  2.740000e-001
132  1.621000e-001
133  1.817000e-001
134  3.358000e-001
135  6.526000e-001
136  6.593000e-001
137  4.857000e-002
138  4.065000e-002
139  3.679000e-002
140  3.323000e-002
141  3.008000e-002
142  5.130000e-002
143  2.573000e-001
144  1.879000e-001
   5 
1  1.048000e-001
2  1.983000e-001
3  4.785000e-001
4  7.495000e-001
5  1.103000e+000
6  1.481000e+000
7  1.365000e+000
8  8.902000e-001
9  1.093000e+000
10  6.101000e-001
11  3.920000e-001
12  1.901000e-001
13  1.243000e-001
14  2.400000e-001
15  4.044000e-001
16  8.103000e-001
17  1.025000e+000
18  1.382000e+000
19  1.502000e+000
20  1.345000e+000
21  1.037000e+000
22  5.725000e-001
23  3.198000e-001
24  1.218000e-001
25  8.538000e-002
26  1.905000e-001
27  3.956000e-001
28  7.515000e-001
29  8.399000e-001
30  1.287000e+000
31  1.470000e+000
32  1.214000e+000
33  9.686000e-001
34  6.562000e-001
35  3.235000e-001
36  1.676000e-001
37  1.251000e-001
38  2.384000e-001
39  4.479000e-001
40  7.945000e-001
41  9.949000e-001
42  1.334000e+000
43  1.428000e+000
44  1.290000e+000
45  1.056000e+000
46  6.111000e-001
47  1.855000e-001
48  9.650000e-002
49  1.686000e-001
50  2.583000e-001
51  5.032000e-001
52  8.356000e-001
53  1.083000e+000
54  1.339000e+000
55  1.413000e+000
56  1.293000e+000
57  9.489000e-001
58  5.770000e-001
59  2.976000e-001
60  1.679000e-001
61  1.989000e-001
62  3.267000e-001
63  5.556000e-001
64  7.727000e-001
65  1.111000e+000
66  1.316000e+000
67  1.418000e+000
68  1.396000e+000
69  1.015000e+000
70  6.071000e-001
71  3.687000e-001
72  1.981000e-001
73  1.607000e-001
74  2.865000e-001
75  4.164000e-001
76  7.041000e-001
77  1.111000e+000
78  1.373000e+000
79  1.446000e+000
80  1.378000e+000
81  1.038000e+000
82  5.740000e-001
83  3.147000e-001
84  2.295000e-001
85  1.898000e-001
86  2.042000e-001
87  4.203000e-001
88  8.560000e-001
89  1.066000e+000
90  1.555000e-001
91  6.105000e-002
92  5.127000e-002
93  4.341000e-002
94  2.060000e-001
95  2.755000e-001
96  1.905000e-001
97  9.980000e-002
98  1.764000e-001
99  4.412000e-001
100  8.192000e-001
101  1.083000e+000
102  1.477000e+000
103  1.451000e+000
104  1.377000e+000
105  1.019000e+000
106  6.461000e-001
107  3.792000e-001
108  2.372000e-001
109  1.976000e-001
110  3.721000e-001
111  5.359000e-001
112  7.534000e-001
113  1.970000e-001
114  1.714000e-001
115  1.491000e-001
116  1.295000e-001
117  1.126000e-001
118  9.943000e-002
119  2.964000e-001
120  1.756000e-001
121  1.792000e-001
122  2.654000e-001
123  4.766000e-001
124  8.749000e-001
125  9.762000e-001
126  6.318000e-002
127  4.555000e-002
128  3.932000e-002
129  3.446000e-002
130  3.723000e-001
131  2.740000e-001
132  1.620000e-001
133  1.817000e-001
134  3.360000e-001
135  3.158000e-001
136  2.405000e-002
137  1.565000e-002
138  1.380000e-002
139  1.215000e-002
140  1.069000e-002
141  9.436000e-003
142  8.378000e-003
143  7.596000e-003
144  9.771000e-003
   6 
1  1.048000e-001
2  1.983000e-001
3  4.783000e-001
4  7.496000e-001
5  1.103000e+000
6  1.481000e+000
7  1.454000e+000
8  1.305000e+000
9  1.098000e+000
10  6.103000e-001
11  3.921000e-001
12  1.901000e-001
13  1.243000e-001
14  2.399000e-001
15  4.042000e-001
16  8.102000e-001
17  1.025000e+000
18  1.382000e+000
19  1.502000e+000
20  1.345000e+000
21  1.038000e+000
22  5.726000e-001
23  3.199000e-001
24  1.218000e-001
25  8.537000e-002
26  1.904000e-001
27  3.954000e-001
28  7.515000e-001
29  8.398000e-001
30  1.288000e+000
31  1.471000e+000
32  1.214000e+000
33  9.688000e-001
34  6.563000e-001
35  3.235000e-001
36  1.677000e-001
37  1.251000e-001
38  2.384000e-001
39  4.479000e-001
40  7.945000e-001
41  9.949000e-001
42  1.334000e+000
43  1.428000e+000
44  1.290000e+000
45  1.056000e+000
46  6.112000e-001
47  1.855000e-001
48  9.650000e-002
49  1.686000e-001
50  2.582000e-001
51  5.031000e-001
52  8.354000e-001
53  1.083000e+000
54  1.339000e+000
55  1.413000e+000
56  1.293000e+000
57  9.491000e-001
58  5.771000e-001
59  2.975000e-001
60  1.679000e-001
61  1.989000e-001
62  3.267000e-001
63  5.557000e-001
64  7.726000e-001
65  1.111000e+000
66  1.316000e+000
67  1.418000e+000
68  1.396000e+000
69  1.016000e+000
70  6.072000e-001
71  3.687000e-001
72  1.981000e-001
73  1.608000e-001
74  2.865000e-001
75  4.165000e-001
76  7.040000e-001
77  1.111000e+000
78  1.373000e+000
79  1.446000e+000
80  1.378000e+000
81  1.038000e+000
82  5.741000e-001
83  3.148000e-001
84  2.295000e-001
85  1.899000e-001
86  2.042000e-001
87  4.204000e-001
88  8.561000e-001
89  1.106000e+000
90  1.396000e+000
91  1.406000e+000
92  1.381000e+000
93  9.627000e-001
94  6.555000e-001
95  2.755000e-001
96  1.905000e-001
97  9.981000e-002
98  1.763000e-001
99  4.410000e-001
100  8.193000e-001
101  1.083000e+000
102  1.477000e+000
103  1.451000e+000
104  1.377000e+000
105  1.020000e+000
106  6.462000e-001
107  3.792000e-001
108  2.372000e-001
109  1.976000e-001
110  3.722000e-001
111  5.360000e-001
112  8.521000e-001
113  1.230000e+000
114  1.462000e+000
115  1.403000e+000
116  1.415000e+000
117  9.904000e-001
118  6.766000e-001
119  3.003000e-001
120  1.756000e-001
121  1.793000e-001
122  2.653000e-001
123  5.168000e-001
124  8.749000e-001
125  1.197000e+000
126  1.449000e+000
127  1.546000e+000
128  1.354000e+000
129  1.005000e+000
130  5.365000e-001
131  2.740000e-001
132  1.621000e-001
133  1.817000e-001
134  3.359000e-001
135  6.526000e-001
136  9.220000e-001
137  4.873000e-001
138  8.233000e-002
139  7.652000e-002
140  7.104000e-002
141  6.605000e-002
142  3.643000e-001
143  2.766000e-001
144  1.879000e-001
   7 
1  1.049000e-001
2  1.983000e-001
3  4.782000e-001
4  7.495000e-001
5  1.103000e+000
6  1.481000e+000
7  1.454000e+000
8  1.305000e+000
9  1.098000e+000
10  6.103000e-001
11  3.921000e-001
12  1.901000e-001
13  1.243000e-001
14  2.399000e-001
15  4.042000e-001
16  8.102000e-001
17  1.025000e+000
18  1.382000e+000
19  1.502000e+000
20  1.345000e+000
21  1.038000e+000
22  5.726000e-001
23  3.199000e-001
24  1.218000e-001
25  8.536000e-002
26  1.904000e-001
27  3.953000e-001
28  7.515000e-001
29  8.399000e-001
30  1.288000e+000
31  1.471000e+000
32  1.214000e+000
33  9.689000e-001
34  6.563000e-001
35  3.235000e-001
36  1.677000e-001
37  1.251000e-001
38  2.383000e-001
39  4.479000e-001
40  7.945000e-001
41  9.949000e-001
42  1.334000e+000
43  1.428000e+000
44  1.290000e+000
45  1.056000e+000
46  6.112000e-001
47  1.855000e-001
48  9.650000e-002
49  1.686000e-001
50  2.582000e-001
51  5.031000e-001
52  8.355000e-001
53  1.083000e+000
54  1.340000e+000
55  1.413000e+000
56  1.293000e+000
57  9.491000e-001
58  5.771000e-001
59  2.975000e-001
60  1.679000e-001
61  1.989000e-001
62  3.267000e-001
63  5.557000e-001
64  7.726000e-001
65  1.111000e+000
66  1.316000e+000
67  1.418000e+000
68  1.396000e+000
69  1.016000e+000
70  6.072000e-001
71  3.687000e-001
72  1.981000e-001
73  1.608000e-001
74  2.865000e-001
75  4.165000e-001
76  7.039000e-001
77  1.111000e+000
78  1.373000e+000
79  1.446000e+000
80  1.378000e+000
81  1.038000e+000
82  5.741000e-001
83  3.148000e-001
84  2.295000e-001
85  1.899000e-001
86  2.042000e-001
87  4.204000e-001
88  8.561000e-001
89  1.106000e+000
90  1.396000e+000
91  1.405000e+000
92  1.381000e+000
93  9.626000e-001
94  6.555000e-001
95  2.755000e-001
96  1.905000e-001
97  9.980000e-002
98  1.762000e-001
99  4.410000e-001
100  8.193000e-001
101  1.084000e+000
102  1.477000e+000
103  1.451000e+000
104  1.377000e+000
105  1.020000e+000
106  6.463000e-001
107  3.793000e-001
108  2.372000e-001
109  1.976000e-001
110  3.722000e-001
111  5.360000e-001
112  8.521000e-001
113  1.230000e+000
114  1.462000e+000
115  1.403000e+000
116  1.415000e+000
117  9.903000e-001
118  6.765000e-001
119  3.003000e-001
120  1.755000e-001
121  1.792000e-001
122  2.653000e-001
123  5.167000e-001
124  8.749000e-001
125  1.197000e+000
126  1.449000e+000
127  1.546000e+000
128  1.354000e+000
129  1.005000e+000
130  5.365000e-001
131  2.740000e-001
132  1.621000e-001
133  1.817000e-001
134  3.358000e-001
135  6.526000e-001
136  7.248000e-001
137  8.482000e-002
138  4.366000e-002
139  3.959000e-002
140  3.585000e-002
141  3.252000e-002
142  6.720000e-002
143  2.766000e-001
144  1.879000e-001
   8 
1  1.048000e-001
2  1.983000e-001
3  4.784000e-001
4  7.496000e-001
5  1.103000e+000
6  1.481000e+000
7  1.453000e+000
8  1.304000e+000
9  1.098000e+000
10  6.102000e-001
11  3.921000e-001
12  1.901000e-001
13  1.243000e-001
14  2.400000e-001
15  4.043000e-001
16  8.102000e-001
17  1.025000e+000
18  1.382000e+000
19  1.502000e+000
20  1.345000e+000
21  1.038000e+000
22  5.726000e-001
23  3.198000e-001
24  1.218000e-001
25  8.537000e-002
26  1.905000e-001
27  3.955000e-001
28  7.515000e-001
29  8.399000e-001
30  1.287000e+000
31  1.470000e+000
32  1.214000e+000
33  9.688000e-001
34  6.562000e-001
35  3.235000e-001
36  1.677000e-001
37  1.251000e-001
38  2.384000e-001
39  4.479000e-001
40  7.945000e-001
41  9.949000e-001
42  1.334000e+000
43  1.428000e+000
44  1.290000e+000
45  1.056000e+000
46  6.111000e-001
47  1.855000e-001
48  9.650000e-002
49  1.686000e-001
50  2.583000e-001
51  5.031000e-001
52  8.356000e-001
53  1.083000e+000
54  1.339000e+000
55  1.413000e+000
56  1.293000e+000
57  9.490000e-001
58  5.770000e-001
59  2.975000e-001
60  1.679000e-001
61  1.989000e-001
62  3.267000e-001
63  5.557000e-001
64  7.727000e-001
65  1.111000e+000
66  1.316000e+000
67  1.418000e+000
68  1.396000e+000
69  1.016000e+000
70  6.072000e-001
71  3.687000e-001
72  1.981000e-001
73  1.608000e-001
74  2.865000e-001
75  4.165000e-001
76  7.040000e-001
77  1.111000e+000
78  1.373000e+000
79  1.446000e+000
80  1.378000e+000
81  1.038000e+000
82  5.740000e-001
83  3.148000e-001
84  2.295000e-001
85  1.898000e-001
86  2.042000e-001
87  4.203000e-001
88  8.561000e-001
89  1.106000e+000
90  1.396000e+000
91  1.372000e+000
92  1.122000e+000
93  9.624000e-001
94  6.554000e-001
95  2.755000e-001
96  1.905000e-001
97  9.980000e-002
98  1.763000e-001
99  4.411000e-001
100  8.192000e-001
101  1.083000e+000
102  1.477000e+000
103  1.451000e+000
104  1.377000e+000
105  1.019000e+000
106  6.461000e-001
107  3.792000e-001
108  2.372000e-001
109  1.976000e-001
110  3.721000e-001
111  5.359000e-001
112  8.520000e-001
113  1.161000e+000
114  2.911000e-001
115  2.144000e-001
116  1.899000e-001
117  3.128000e-001
118  5.795000e-001
119  3.003000e-001
120  1.756000e-001
121  1.792000e-001
122  2.654000e-001
123  5.168000e-001
124  8.749000e-001
125  1.197000e+000
126  9.492000e-001
127  8.424000e-002
128  7.313000e-002
129  4.876000e-001
130  5.365000e-001
131  2.740000e-001
132  1.620000e-001
133  1.817000e-001
134  3.359000e-001
135  5.814000e-001
136  5.116000e-002
137  2.711000e-002
138  2.444000e-002
139  2.201000e-002
140  1.979000e-002
141  1.784000e-002
142  1.612000e-002
143  6.096000e-002
144  1.879000e-001
   9 
1  1.049000e-001
2  1.983000e-001
3  4.782000e-001
4  7.496000e-001
5  1.103000e+000
6  1.481000e+000
7  1.454000e+000
8  1.305000e+000
9  1.098000e+000
10  6.103000e-001
11  3.921000e-001
12  1.901000e-001
13  1.243000e-001
14  2.399000e-001
15  4.042000e-001
16  8.102000e-001
17  1.025000e+000
18  1.382000e+000
19  1.502000e+000
20  1.345000e+000
21  1.038000e+000
22  5.726000e-001
23  3.198000e-001
24  1.218000e-001
25  8.536000e-002
26  1.904000e-001
27  3.953000e-001
28  7.515000e-001
29  8.399000e-001
30  1.288000e+000
31  1.471000e+000
32  1.214000e+000
33  9.689000e-001
34  6.563000e-001
35  3.235000e-001
36  1.677000e-001
37  1.251000e-001
38  2.383000e-001
39  4.479000e-001
40  7.945000e-001
41  9.950000e-001
42  1.334000e+000
43  1.428000e+000
44  1.290000e+000
45  1.056000e+000
46  6.112000e-001
47  1.856000e-001
48  9.649000e-002
49  1.686000e-001
50  2.582000e-001
51  5.031000e-001
52  8.355000e-001
53  1.083000e+000
54  1.340000e+000
55  1.413000e+000
56  1.293000e+000
57  9.491000e-001
58  5.771000e-001
59  2.975000e-001
60  1.679000e-001
61  1.989000e-001
62  3.267000e-001
63  5.557000e-001
64  7.726000e-001
65  1.111000e+000
66  1.316000e+000
67  1.419000e+000
68  1.396000e+000
69  1.016000e+000
70  6.072000e-001
71  3.687000e-001
72  1.981000e-001
73  1.608000e-001
74  2.865000e-001
75  4.165000e-001
76  7.039000e-001
77  1.111000e+000
78  1.373000e+000
79  1.446000e+000
80  1.378000e+000
81  1.038000e+000
82  5.741000e-001
83  3.148000e-001
84  2.295000e-001
85  1.899000e-001
86  2.042000e-001
87  4.204000e-001
88  8.561000e-001
89  1.106000e+000
90  1.396000e+000
91  1.405000e+000
92  1.381000e+000
93  9.625000e-001
94  6.555000e-001
95  2.755000e-001
96  1.905000e-001
97  9.980000e-002
98  1.762000e-001
99  4.410000e-001
100  8.194000e-001
101  1.084000e+000
102  1.477000e+000
103  1.451000e+000
104  1.377000e+000
105  1.020000e+000
106  6.463000e-001
107  3.793000e-001
108  2.372000e-001
109  1.976000e-001
110  3.722000e-001
111  5.360000e-001
112  8.521000e-001
113  1.230000e+000
114  1.462000e+000
115  1.403000e+000
116  1.415000e+000
117  9.903000e-001
118  6.765000e-001
119  3.003000e-001
120  1.755000e-001
121  1.792000e-001
122  2.652000e-001
123  5.167000e-001
124  8.749000e-001
125  1.197000e+000
126  1.449000e+000
127  1.546000e+000
128  1.354000e+000
129  1.005000e+000
130  5.365000e-001
131  2.740000e-001
132  1.621000e-001
133  1.817000e-001
134  3.358000e-001
135  6.526000e-001
136  6.696000e-001
137  4.333000e-002
138  3.240000e-002
139  2.910000e-002
140  2.609000e-002
141  2.345000e-002
142  3.461000e-002
143  2.121000e-001
144  1.879000e-001
   10 
1  1.049000e-001
2  1.983000e-001
3  4.782000e-001
4  7.495000e-001
5  1.103000e+000
6  1.481000e+000
7  1.454000e+000
8  1.305000e+000
9  1.098000e+000
10  6.103000e-001
11  3.921000e-001
12  1.901000e-001
13  1.243000e-001
14  2.399000e-001
15  4.042000e-001
16  8.102000e-001
17  1.025000e+000
18  1.382000e+000
19  1.502000e+000
20  1.345000e+000
21  1.038000e+000
22  5.726000e-001
23  3.199000e-001
24  1.218000e-001
25  8.536000e-002
26  1.904000e-001
27  3.953000e-001
28  7.515000e-001
29  8.399000e-001
30  1.288000e+000
31  1.471000e+000
32  1.214000e+000
33  9.689000e-001
34  6.563000e-001
35  3.235000e-001
36  1.677000e-001
37  1.251000e-001
38  2.383000e-001
39  4.479000e-001
40  7.945000e-001
41  9.949000e-001
42  1.334000e+000
43  1.428000e+000
44  1.290000e+000
45  1.056000e+000
46  6.112000e-001
47  1.856000e-001
48  9.650000e-002
49  1.686000e-001
50  2.582000e-001
51  5.031000e-001
52  8.355000e-001
53  1.083000e+000
54  1.340000e+000
55  1.413000e+000
56  1.293000e+000
57  9.491000e-001
58  5.771000e-001
59  2.975000e-001
60  1.679000e-001
61  1.989000e-001
62  3.267000e-001
63  5.557000e-001
64  7.726000e-001
65  1.111000e+000
66  1.316000e+000
67  1.418000e+000
68  1.396000e+000
69  1.016000e+000
70  6.072000e-001
71  3.687000e-001
72  1.981000e-001
73  1.608000e-001
74  2.865000e-001
75  4.165000e-001
76  7.039000e-001
77  1.111000e+000
78  1.373000e+000
79  1.446000e+000
80  1.378000e+000
81  1.038000e+000
82  5.741000e-001
83  3.148000e-001
84  2.295000e-001
85  1.899000e-001
86  2.042000e-001
87  4.204000e-001
88  8.561000e-001
89  1.106000e+000
90  1.396000e+000
91  1.405000e+000
92  1.381000e+000
93  9.626000e-001
94  6.555000e-001
95  2.755000e-001
96  1.905000e-001
97  9.980000e-002
98  1.762000e-001
99  4.410000e-001
100  8.193000e-001
101  1.084000e+000
102  1.477000e+000
103  1.451000e+000
104  1.377000e+000
105  1.020000e+000
106  6.463000e-001
107  3.793000e-001
108  2.372000e-001
109  1.976000e-001
110  3.722000e-001
111  5.360000e-001
112  8.521000e-001
113  1.230000e+000
114  1.462000e+000
115  1.403000e+000
116  1.415000e+000
117  9.903000e-001
118  6.765000e-001
119  3.003000e-001
120  1.755000e-001
121  1.792000e-001
122  2.653000e-001
123  5.167000e-001
124  8.749000e-001
125  1.197000e+000
126  1.449000e+000
127  1.546000e+000
128  1.354000e+000
129  1.005000e+000
130  5.365000e-001
131  2.740000e-001
132  1.621000e-001
133  1.817000e-001
134  3.358000e-001
135  6.526000e-001
136  7.470000e-001
137  1.234000e-001
138  4.471000e-002
139  4.057000e-002
140  3.676000e-002
141  3.338000e-002
142  6.936000e-002
143  2.766000e-001
144  1.879000e-001
   11 
1  1.048000e-001
2  1.984000e-001
3  4.788000e-001
4  7.498000e-001
5  8.170000e-001
6  5.015000e-001
7  2.811000e-001
8  2.663000e-001
9  2.491000e-001
10  3.293000e-001
11  3.921000e-001
12  1.901000e-001
13  1.243000e-001
14  2.402000e-001
15  4.047000e-001
16  8.105000e-001
17  9.031000e-001
18  9.191000e-001
19  3.560000e-001
20  3.398000e-001
21  3.189000e-001
22  3.885000e-001
23  3.199000e-001
24  1.218000e-001
25  8.539000e-002
26  1.906000e-001
27  3.960000e-001
28  7.519000e-001
29  8.398000e-001
30  9.446000e-001
31  3.335000e-001
32  3.189000e-001
33  3.026000e-001
34  5.659000e-001
35  3.235000e-001
36  1.676000e-001
37  1.252000e-001
38  2.385000e-001
39  4.480000e-001
40  7.946000e-001
41  9.951000e-001
42  7.216000e-001
43  3.003000e-001
44  2.902000e-001
45  2.740000e-001
46  5.438000e-001
47  1.856000e-001
48  9.653000e-002
49  1.687000e-001
50  2.583000e-001
51  5.032000e-001
52  8.356000e-001
53  1.083000e+000
54  1.339000e+000
55  1.412000e+000
56  1.292000e+000
57  9.485000e-001
58  5.767000e-001
59  2.977000e-001
60  1.679000e-001
61  1.989000e-001
62  3.267000e-001
63  5.555000e-001
64  7.730000e-001
65  1.111000e+000
66  1.316000e+000
67  1.417000e+000
68  1.395000e+000
69  1.015000e+000
70  6.068000e-001
71  3.685000e-001
72  1.980000e-001
73  1.607000e-001
74  2.866000e-001
75  4.165000e-001
76  7.045000e-001
77  1.111000e+000
78  1.373000e+000
79  1.412000e+000
80  1.206000e+000
81  1.038000e+000
82  5.738000e-001
83  3.147000e-001
84  2.294000e-001
85  1.898000e-001
86  2.043000e-001
87  4.204000e-001
88  8.414000e-001
89  9.461000e-001
90  2.068000e-001
91  4.896000e-001
92  1.891000e-001
93  1.832000e-001
94  2.681000e-001
95  2.756000e-001
96  1.905000e-001
97  9.982000e-002
98  1.765000e-001
99  4.415000e-001
100  7.960000e-001
101  1.022000e+000
102  5.056000e-001
103  2.594000e-001
104  2.500000e-001
105  2.358000e-001
106  2.242000e-001
107  3.361000e-001
108  2.371000e-001
109  1.976000e-001
110  3.721000e-001
111  4.325000e-001
112  4.772000e-001
113  1.570000e-001
114  1.411000e-001
115  1.217000e-001
116  1.121000e-001
117  1.034000e-001
118  9.539000e-002
119  3.004000e-001
120  1.756000e-001
121  1.793000e-001
122  2.656000e-001
123  5.088000e-001
124  8.328000e-001
125  3.818000e-001
126  1.034000e-001
127  1.009000e-001
128  9.567000e-002
129  8.950000e-002
130  8.342000e-002
131  2.740000e-001
132  1.620000e-001
133  1.817000e-001
134  3.362000e-001
135  6.030000e-001
136  3.965000e-001
137  2.495000e-001
138  7.794000e-002
139  7.514000e-002
140  7.080000e-002
141  6.605000e-002
142  5.573000e-002
143  1.502000e-001
144  1.879000e-001
   12 
1  1.659000e-002
2  1.982000e-001
3  4.782000e-001
4  2.925000e-001
5  2.754000e-001
6  5.940000e-003
7  5.478000e-003
8  5.021000e-003
9  4.608000e-003
10  4.324000e-003
11  4.176000e-003
12  2.447000e-002
13  3.773000e-002
14  2.030000e-001
15  4.042000e-001
16  6.004000e-001
17  3.253000e-001
18  2.457000e-001
19  7.177000e-003
20  6.586000e-003
21  6.044000e-003
22  5.697000e-003
23  6.709000e-002
24  1.006000e-001
25  7.735000e-002
26  1.904000e-001
27  3.954000e-001
28  7.465000e-001
29  5.082000e-001
30  7.246000e-003
31  6.701000e-003
32  6.163000e-003
33  5.681000e-003
34  5.229000e-003
35  3.786000e-002
36  1.548000e-001
37  9.841000e-002
38  2.383000e-001
39  4.165000e-001
40  1.806000e-001
41  5.846000e-001
42  7.735000e-003
43  6.136000e-003
44  5.658000e-003
45  5.224000e-003
46  4.823000e-003
47  3.860000e-002
48  9.646000e-002
49  1.685000e-001
50  2.581000e-001
51  4.331000e-001
52  1.373000e-001
53  6.241000e-001
54  9.108000e-003
55  8.359000e-003
56  7.661000e-003
57  7.031000e-003
58  6.579000e-003
59  2.271000e-001
60  1.065000e-001
61  1.988000e-001
62  2.330000e-001
63  6.659000e-003
64  6.706000e-001
65  6.486000e-001
66  3.870000e-001
67  5.890000e-003
68  5.401000e-003
69  4.992000e-003
70  4.688000e-003
71  4.314000e-003
72  3.964000e-003
73  3.874000e-003
74  1.496000e-001
75  3.283000e-001
76  6.615000e-001
77  2.217000e-001
78  5.039000e-003
79  4.625000e-003
80  4.239000e-003
81  3.919000e-003
82  3.776000e-003
83  3.740000e-003
84  3.605000e-003
85  3.406000e-003
86  1.310000e-001
87  3.997000e-003
88  2.145000e-001
89  3.708000e-003
90  4.129000e-003
91  4.476000e-003
92  4.181000e-003
93  3.858000e-003
94  3.561000e-003
95  4.289000e-003
96  4.249000e-003
97  3.314000e-002
98  1.763000e-001
99  4.410000e-001
100  2.838000e-001
101  7.785000e-002
102  5.925000e-003
103  5.541000e-003
104  5.238000e-003
105  4.831000e-003
106  4.496000e-003
107  4.279000e-003
108  4.013000e-003
109  2.738000e-002
110  1.090000e-001
111  1.783000e-001
112  1.975000e-001
113  3.847000e-003
114  3.575000e-003
115  3.315000e-003
116  3.116000e-003
117  2.884000e-003
118  2.674000e-003
119  2.904000e-003
120  1.152000e-001
121  7.239000e-002
122  2.653000e-001
123  4.049000e-001
124  5.785000e-001
125  4.329000e-003
126  4.131000e-003
127  3.803000e-003
128  3.488000e-003
129  3.206000e-003
130  3.078000e-003
131  3.262000e-003
132  7.854000e-003
133  1.120000e-001
134  3.266000e-001
135  2.939000e-002
136  3.668000e-003
137  3.711000e-003
138  3.432000e-003
139  3.150000e-003
140  2.887000e-003
141  2.665000e-003
142  2.498000e-003
143  2.490000e-003
144  3.385000e-003
