   1 
1  1.017000e-001
2  1.931000e-001
3  4.671000e-001
4  7.341000e-001
5  1.082000e+000
6  1.454000e+000
7  1.427000e+000
8  1.279000e+000
9  1.074000e+000
10  5.950000e-001
11  3.809000e-001
12  1.842000e-001
13  1.206000e-001
14  2.336000e-001
15  3.948000e-001
16  7.934000e-001
17  1.006000e+000
18  1.357000e+000
19  1.474000e+000
20  1.319000e+000
21  1.015000e+000
22  5.582000e-001
23  3.107000e-001
24  1.180000e-001
25  8.281000e-002
26  1.853000e-001
27  3.861000e-001
28  7.359000e-001
29  8.239000e-001
30  1.264000e+000
31  1.443000e+000
32  1.190000e+000
33  9.473000e-001
34  6.397000e-001
35  3.142000e-001
36  1.624000e-001
37  1.214000e-001
38  2.320000e-001
39  4.375000e-001
40  7.779000e-001
41  9.760000e-001
42  1.309000e+000
43  1.402000e+000
44  1.265000e+000
45  1.033000e+000
46  5.958000e-001
47  1.803000e-001
48  9.349000e-002
49  1.635000e-001
50  2.513000e-001
51  4.914000e-001
52  8.180000e-001
53  1.062000e+000
54  1.315000e+000
55  1.387000e+000
56  1.267000e+000
57  9.280000e-001
58  5.625000e-001
59  2.889000e-001
60  1.627000e-001
61  1.929000e-001
62  3.180000e-001
63  5.427000e-001
64  7.564000e-001
65  1.090000e+000
66  1.292000e+000
67  1.392000e+000
68  1.368000e+000
69  9.930000e-001
70  5.919000e-001
71  3.581000e-001
72  1.919000e-001
73  1.559000e-001
74  2.789000e-001
75  4.068000e-001
76  6.893000e-001
77  1.090000e+000
78  1.348000e+000
79  1.419000e+000
80  1.351000e+000
81  1.015000e+000
82  5.596000e-001
83  3.057000e-001
84  2.224000e-001
85  1.841000e-001
86  1.988000e-001
87  4.106000e-001
88  8.384000e-001
89  1.085000e+000
90  1.371000e+000
91  9.802000e-001
92  1.356000e-001
93  8.270000e-001
94  6.391000e-001
95  2.676000e-001
96  1.846000e-001
97  9.683000e-002
98  1.715000e-001
99  4.307000e-001
100  8.022000e-001
101  1.063000e+000
102  1.450000e+000
103  1.424000e+000
104  1.350000e+000
105  9.970000e-001
106  6.300000e-001
107  3.684000e-001
108  2.298000e-001
109  1.917000e-001
110  3.623000e-001
111  5.235000e-001
112  8.345000e-001
113  1.173000e+000
114  5.263000e-001
115  7.022000e-002
116  2.836000e-002
117  2.777000e-001
118  6.539000e-001
119  2.917000e-001
120  1.701000e-001
121  1.739000e-001
122  2.583000e-001
123  5.048000e-001
124  8.569000e-001
125  1.174000e+000
126  1.393000e+000
127  6.572000e-001
128  6.555000e-001
129  9.684000e-001
130  5.230000e-001
131  2.662000e-001
132  1.570000e-001
133  1.762000e-001
134  3.270000e-001
135  5.313000e-001
136  2.513000e-002
137  2.635000e-002
138  7.570000e-003
139  4.135000e-003
140  3.323000e-003
141  4.374000e-003
142  5.262000e-003
143  5.560000e-002
144  1.821000e-001
   2 
1  1.017000e-001
2  1.932000e-001
3  4.675000e-001
4  7.345000e-001
5  8.110000e-001
6  2.893000e-001
7  3.443000e-002
8  2.978000e-002
9  2.689000e-002
10  5.508000e-002
11  3.654000e-001
12  1.842000e-001
13  1.206000e-001
14  2.337000e-001
15  3.953000e-001
16  7.939000e-001
17  9.275000e-001
18  7.977000e-001
19  4.707000e-002
20  4.168000e-002
21  3.757000e-002
22  4.525000e-001
23  3.107000e-001
24  1.181000e-001
25  8.284000e-002
26  1.855000e-001
27  3.865000e-001
28  7.364000e-001
29  8.242000e-001
30  1.044000e+000
31  4.174000e-002
32  1.470000e-001
33  1.023000e-001
34  3.167000e-001
35  2.842000e-001
36  1.624000e-001
37  1.214000e-001
38  2.321000e-001
39  4.377000e-001
40  7.782000e-001
41  9.764000e-001
42  6.099000e-001
43  3.854000e-002
44  3.250000e-002
45  2.886000e-002
46  1.621000e-001
47  1.804000e-001
48  9.353000e-002
49  1.636000e-001
50  2.514000e-001
51  4.916000e-001
52  8.182000e-001
53  1.062000e+000
54  7.860000e-001
55  5.149000e-002
56  4.624000e-002
57  4.264000e-002
58  5.490000e-001
59  2.892000e-001
60  1.627000e-001
61  1.929000e-001
62  3.180000e-001
63  5.426000e-001
64  7.570000e-001
65  1.090000e+000
66  1.066000e+000
67  3.042000e-002
68  2.493000e-002
69  2.595000e-002
70  3.422000e-001
71  3.580000e-001
72  1.919000e-001
73  1.559000e-001
74  2.790000e-001
75  4.069000e-001
76  6.898000e-001
77  1.090000e+000
78  4.209000e-001
79  1.974000e-001
80  1.960000e-002
81  2.065000e-002
82  2.812000e-001
83  3.057000e-001
84  2.223000e-001
85  1.841000e-001
86  1.989000e-001
87  4.107000e-001
88  8.346000e-001
89  9.644000e-001
90  3.053000e-001
91  4.170000e-001
92  2.766000e-002
93  2.204000e-002
94  1.834000e-001
95  2.677000e-001
96  1.846000e-001
97  9.685000e-002
98  1.717000e-001
99  4.311000e-001
100  8.023000e-001
101  1.063000e+000
102  3.677000e-001
103  4.154000e-002
104  2.149000e-001
105  3.025000e-002
106  3.066000e-002
107  2.128000e-001
108  2.298000e-001
109  1.917000e-001
110  3.623000e-001
111  5.235000e-001
112  6.218000e-001
113  1.373000e-001
114  2.063000e-002
115  2.644000e-001
116  4.669000e-001
117  1.467000e-002
118  2.141000e-002
119  2.919000e-001
120  1.701000e-001
121  1.740000e-001
122  2.585000e-001
123  5.053000e-001
124  8.571000e-001
125  3.956000e-001
126  2.646000e-002
127  1.644000e-002
128  1.344000e-002
129  1.720000e-001
130  2.695000e-001
131  2.662000e-001
132  1.571000e-001
133  1.763000e-001
134  3.272000e-001
135  6.376000e-001
136  5.162000e-001
137  3.450000e-001
138  1.451000e-002
139  1.052000e-002
140  9.175000e-003
141  9.740000e-003
142  1.098000e-002
143  1.321000e-001
144  1.821000e-001
   3 
1  1.017000e-001
2  1.931000e-001
3  4.671000e-001
4  7.340000e-001
5  1.082000e+000
6  1.454000e+000
7  1.427000e+000
8  1.279000e+000
9  1.074000e+000
10  5.950000e-001
11  3.809000e-001
12  1.842000e-001
13  1.206000e-001
14  2.336000e-001
15  3.949000e-001
16  7.934000e-001
17  1.006000e+000
18  1.357000e+000
19  1.474000e+000
20  1.319000e+000
21  1.015000e+000
22  5.582000e-001
23  3.107000e-001
24  1.180000e-001
25  8.281000e-002
26  1.853000e-001
27  3.862000e-001
28  7.359000e-001
29  8.239000e-001
30  1.264000e+000
31  1.443000e+000
32  1.190000e+000
33  9.473000e-001
34  6.397000e-001
35  3.142000e-001
36  1.624000e-001
37  1.214000e-001
38  2.320000e-001
39  4.375000e-001
40  7.779000e-001
41  9.759000e-001
42  1.309000e+000
43  1.402000e+000
44  1.265000e+000
45  1.033000e+000
46  5.958000e-001
47  1.803000e-001
48  9.350000e-002
49  1.635000e-001
50  2.513000e-001
51  4.913000e-001
52  8.179000e-001
53  1.062000e+000
54  1.315000e+000
55  1.387000e+000
56  1.267000e+000
57  9.279000e-001
58  5.625000e-001
59  2.889000e-001
60  1.627000e-001
61  1.929000e-001
62  3.180000e-001
63  5.427000e-001
64  7.564000e-001
65  1.090000e+000
66  1.292000e+000
67  1.392000e+000
68  1.368000e+000
69  9.930000e-001
70  5.919000e-001
71  3.581000e-001
72  1.919000e-001
73  1.560000e-001
74  2.789000e-001
75  4.068000e-001
76  6.893000e-001
77  1.090000e+000
78  1.348000e+000
79  1.419000e+000
80  1.351000e+000
81  1.015000e+000
82  5.596000e-001
83  3.057000e-001
84  2.224000e-001
85  1.841000e-001
86  1.988000e-001
87  4.106000e-001
88  8.385000e-001
89  1.085000e+000
90  1.371000e+000
91  1.380000e+000
92  1.354000e+000
93  9.414000e-001
94  6.391000e-001
95  2.676000e-001
96  1.846000e-001
97  9.684000e-002
98  1.716000e-001
99  4.307000e-001
100  8.022000e-001
101  1.063000e+000
102  1.450000e+000
103  1.424000e+000
104  1.350000e+000
105  9.970000e-001
106  6.300000e-001
107  3.684000e-001
108  2.298000e-001
109  1.917000e-001
110  3.623000e-001
111  5.235000e-001
112  8.345000e-001
113  1.207000e+000
114  1.435000e+000
115  1.377000e+000
116  1.262000e+000
117  9.686000e-001
118  6.597000e-001
119  2.917000e-001
120  1.701000e-001
121  1.739000e-001
122  2.583000e-001
123  5.048000e-001
124  8.569000e-001
125  1.174000e+000
126  1.156000e+000
127  2.413000e-001
128  7.131000e-001
129  9.827000e-001
130  5.230000e-001
131  2.662000e-001
132  1.570000e-001
133  1.762000e-001
134  3.270000e-001
135  6.375000e-001
136  4.620000e-001
137  3.124000e-002
138  1.222000e-002
139  8.560000e-003
140  7.522000e-003
141  8.358000e-003
142  5.360000e-002
143  2.688000e-001
144  1.821000e-001
   4 
1  1.017000e-001
2  1.931000e-001
3  4.671000e-001
4  7.341000e-001
5  1.082000e+000
6  1.454000e+000
7  1.427000e+000
8  1.279000e+000
9  1.074000e+000
10  5.950000e-001
11  3.809000e-001
12  1.842000e-001
13  1.206000e-001
14  2.336000e-001
15  3.948000e-001
16  7.934000e-001
17  1.006000e+000
18  1.357000e+000
19  1.475000e+000
20  1.319000e+000
21  1.015000e+000
22  5.582000e-001
23  3.107000e-001
24  1.180000e-001
25  8.281000e-002
26  1.853000e-001
27  3.861000e-001
28  7.359000e-001
29  8.239000e-001
30  1.264000e+000
31  1.443000e+000
32  1.190000e+000
33  9.473000e-001
34  6.397000e-001
35  3.142000e-001
36  1.624000e-001
37  1.214000e-001
38  2.320000e-001
39  4.375000e-001
40  7.779000e-001
41  9.760000e-001
42  1.309000e+000
43  1.402000e+000
44  1.265000e+000
45  1.033000e+000
46  5.958000e-001
47  1.803000e-001
48  9.349000e-002
49  1.635000e-001
50  2.513000e-001
51  4.913000e-001
52  8.180000e-001
53  1.062000e+000
54  1.315000e+000
55  1.387000e+000
56  1.267000e+000
57  9.280000e-001
58  5.625000e-001
59  2.889000e-001
60  1.627000e-001
61  1.929000e-001
62  3.180000e-001
63  5.427000e-001
64  7.564000e-001
65  1.090000e+000
66  1.292000e+000
67  1.392000e+000
68  1.368000e+000
69  9.931000e-001
70  5.919000e-001
71  3.581000e-001
72  1.919000e-001
73  1.560000e-001
74  2.789000e-001
75  4.068000e-001
76  6.892000e-001
77  1.090000e+000
78  1.348000e+000
79  1.419000e+000
80  1.351000e+000
81  1.015000e+000
82  5.596000e-001
83  3.057000e-001
84  2.224000e-001
85  1.841000e-001
86  1.988000e-001
87  4.106000e-001
88  8.384000e-001
89  1.085000e+000
90  1.371000e+000
91  1.379000e+000
92  1.349000e+000
93  9.414000e-001
94  6.391000e-001
95  2.676000e-001
96  1.846000e-001
97  9.683000e-002
98  1.715000e-001
99  4.307000e-001
100  8.022000e-001
101  1.063000e+000
102  1.450000e+000
103  1.424000e+000
104  1.350000e+000
105  9.970000e-001
106  6.300000e-001
107  3.684000e-001
108  2.298000e-001
109  1.917000e-001
110  3.623000e-001
111  5.235000e-001
112  8.345000e-001
113  1.207000e+000
114  1.280000e+000
115  8.527000e-001
116  1.058000e-001
117  8.074000e-001
118  6.597000e-001
119  2.917000e-001
120  1.701000e-001
121  1.739000e-001
122  2.583000e-001
123  5.048000e-001
124  8.568000e-001
125  1.175000e+000
126  1.423000e+000
127  1.471000e+000
128  1.241000e+000
129  9.827000e-001
130  5.230000e-001
131  2.662000e-001
132  1.570000e-001
133  1.762000e-001
134  3.270000e-001
135  6.283000e-001
136  8.450000e-002
137  2.702000e-002
138  8.198000e-003
139  4.719000e-003
140  3.865000e-003
141  4.878000e-003
142  5.730000e-003
143  6.412000e-002
144  1.821000e-001
   5 
1  1.017000e-001
2  1.931000e-001
3  4.672000e-001
4  7.340000e-001
5  1.082000e+000
6  1.162000e+000
7  2.215000e-001
8  1.492000e-002
9  1.282000e-002
10  5.596000e-001
11  3.809000e-001
12  1.842000e-001
13  1.206000e-001
14  2.336000e-001
15  3.949000e-001
16  7.935000e-001
17  1.006000e+000
18  1.357000e+000
19  1.474000e+000
20  1.319000e+000
21  1.015000e+000
22  5.582000e-001
23  3.107000e-001
24  1.180000e-001
25  8.282000e-002
26  1.854000e-001
27  3.863000e-001
28  7.359000e-001
29  8.239000e-001
30  1.264000e+000
31  1.443000e+000
32  1.190000e+000
33  9.472000e-001
34  6.396000e-001
35  3.142000e-001
36  1.624000e-001
37  1.214000e-001
38  2.321000e-001
39  4.375000e-001
40  7.779000e-001
41  9.760000e-001
42  1.309000e+000
43  1.401000e+000
44  1.265000e+000
45  1.033000e+000
46  5.957000e-001
47  1.803000e-001
48  9.350000e-002
49  1.636000e-001
50  2.514000e-001
51  4.914000e-001
52  8.180000e-001
53  1.062000e+000
54  1.315000e+000
55  1.387000e+000
56  1.267000e+000
57  9.279000e-001
58  5.624000e-001
59  2.890000e-001
60  1.627000e-001
61  1.929000e-001
62  3.180000e-001
63  5.426000e-001
64  7.565000e-001
65  1.090000e+000
66  1.292000e+000
67  1.392000e+000
68  1.368000e+000
69  9.929000e-001
70  5.918000e-001
71  3.581000e-001
72  1.919000e-001
73  1.559000e-001
74  2.789000e-001
75  4.067000e-001
76  6.893000e-001
77  1.090000e+000
78  1.348000e+000
79  1.419000e+000
80  1.351000e+000
81  1.015000e+000
82  5.595000e-001
83  3.057000e-001
84  2.224000e-001
85  1.841000e-001
86  1.988000e-001
87  4.106000e-001
88  8.288000e-001
89  7.709000e-001
90  4.291000e-002
91  4.785000e-002
92  1.263000e-002
93  7.564000e-003
94  2.109000e-002
95  2.676000e-001
96  1.846000e-001
97  9.683000e-002
98  1.716000e-001
99  4.308000e-001
100  8.022000e-001
101  1.063000e+000
102  1.450000e+000
103  1.424000e+000
104  1.350000e+000
105  9.969000e-001
106  6.299000e-001
107  3.684000e-001
108  2.298000e-001
109  1.917000e-001
110  3.623000e-001
111  5.234000e-001
112  4.486000e-001
113  2.912000e-002
114  1.770000e-002
115  1.596000e-002
116  1.616000e-002
117  1.113000e-002
118  1.102000e-002
119  1.999000e-001
120  1.701000e-001
121  1.739000e-001
122  2.583000e-001
123  4.374000e-001
124  8.568000e-001
125  3.749000e-001
126  1.839000e-002
127  8.262000e-003
128  5.748000e-003
129  5.305000e-003
130  2.907000e-002
131  2.661000e-001
132  1.570000e-001
133  1.762000e-001
134  3.270000e-001
135  1.274000e-001
136  2.364000e-002
137  2.498000e-002
138  6.316000e-003
139  2.990000e-003
140  2.282000e-003
141  3.426000e-003
142  4.400000e-003
143  1.788000e-002
144  5.975000e-002
   6 
1  1.017000e-001
2  1.931000e-001
3  4.671000e-001
4  7.341000e-001
5  1.082000e+000
6  1.454000e+000
7  1.427000e+000
8  1.279000e+000
9  1.074000e+000
10  5.950000e-001
11  3.809000e-001
12  1.842000e-001
13  1.206000e-001
14  2.336000e-001
15  3.948000e-001
16  7.934000e-001
17  1.006000e+000
18  1.357000e+000
19  1.474000e+000
20  1.319000e+000
21  1.015000e+000
22  5.582000e-001
23  3.107000e-001
24  1.180000e-001
25  8.281000e-002
26  1.853000e-001
27  3.861000e-001
28  7.359000e-001
29  8.239000e-001
30  1.264000e+000
31  1.443000e+000
32  1.190000e+000
33  9.473000e-001
34  6.397000e-001
35  3.142000e-001
36  1.624000e-001
37  1.214000e-001
38  2.320000e-001
39  4.375000e-001
40  7.779000e-001
41  9.760000e-001
42  1.309000e+000
43  1.402000e+000
44  1.265000e+000
45  1.033000e+000
46  5.958000e-001
47  1.803000e-001
48  9.350000e-002
49  1.635000e-001
50  2.513000e-001
51  4.913000e-001
52  8.179000e-001
53  1.062000e+000
54  1.315000e+000
55  1.387000e+000
56  1.267000e+000
57  9.279000e-001
58  5.625000e-001
59  2.889000e-001
60  1.627000e-001
61  1.929000e-001
62  3.180000e-001
63  5.427000e-001
64  7.564000e-001
65  1.090000e+000
66  1.292000e+000
67  1.392000e+000
68  1.368000e+000
69  9.930000e-001
70  5.919000e-001
71  3.581000e-001
72  1.919000e-001
73  1.560000e-001
74  2.789000e-001
75  4.068000e-001
76  6.893000e-001
77  1.090000e+000
78  1.348000e+000
79  1.419000e+000
80  1.351000e+000
81  1.015000e+000
82  5.596000e-001
83  3.057000e-001
84  2.224000e-001
85  1.841000e-001
86  1.988000e-001
87  4.106000e-001
88  8.384000e-001
89  1.085000e+000
90  1.371000e+000
91  1.380000e+000
92  1.354000e+000
93  9.414000e-001
94  6.391000e-001
95  2.676000e-001
96  1.846000e-001
97  9.684000e-002
98  1.715000e-001
99  4.307000e-001
100  8.022000e-001
101  1.063000e+000
102  1.450000e+000
103  1.424000e+000
104  1.350000e+000
105  9.970000e-001
106  6.300000e-001
107  3.684000e-001
108  2.298000e-001
109  1.917000e-001
110  3.623000e-001
111  5.235000e-001
112  8.345000e-001
113  1.207000e+000
114  1.435000e+000
115  1.377000e+000
116  1.387000e+000
117  9.687000e-001
118  6.597000e-001
119  2.917000e-001
120  1.701000e-001
121  1.739000e-001
122  2.583000e-001
123  5.048000e-001
124  8.569000e-001
125  1.174000e+000
126  1.423000e+000
127  1.229000e+000
128  1.184000e+000
129  9.827000e-001
130  5.230000e-001
131  2.662000e-001
132  1.570000e-001
133  1.762000e-001
134  3.270000e-001
135  6.375000e-001
136  5.577000e-001
137  3.073000e-002
138  1.172000e-002
139  8.069000e-003
140  7.043000e-003
141  7.890000e-003
142  6.230000e-002
143  2.688000e-001
144  1.821000e-001
   7 
1  1.017000e-001
2  1.931000e-001
3  4.671000e-001
4  7.341000e-001
5  1.082000e+000
6  1.454000e+000
7  1.427000e+000
8  1.279000e+000
9  1.074000e+000
10  5.950000e-001
11  3.809000e-001
12  1.842000e-001
13  1.206000e-001
14  2.336000e-001
15  3.948000e-001
16  7.934000e-001
17  1.006000e+000
18  1.357000e+000
19  1.475000e+000
20  1.319000e+000
21  1.015000e+000
22  5.583000e-001
23  3.107000e-001
24  1.180000e-001
25  8.281000e-002
26  1.853000e-001
27  3.861000e-001
28  7.358000e-001
29  8.239000e-001
30  1.264000e+000
31  1.443000e+000
32  1.190000e+000
33  9.473000e-001
34  6.397000e-001
35  3.142000e-001
36  1.624000e-001
37  1.214000e-001
38  2.320000e-001
39  4.375000e-001
40  7.779000e-001
41  9.760000e-001
42  1.309000e+000
43  1.402000e+000
44  1.265000e+000
45  1.033000e+000
46  5.958000e-001
47  1.803000e-001
48  9.349000e-002
49  1.635000e-001
50  2.513000e-001
51  4.913000e-001
52  8.180000e-001
53  1.062000e+000
54  1.315000e+000
55  1.387000e+000
56  1.267000e+000
57  9.280000e-001
58  5.625000e-001
59  2.889000e-001
60  1.627000e-001
61  1.929000e-001
62  3.180000e-001
63  5.427000e-001
64  7.564000e-001
65  1.090000e+000
66  1.292000e+000
67  1.392000e+000
68  1.368000e+000
69  9.931000e-001
70  5.919000e-001
71  3.581000e-001
72  1.919000e-001
73  1.560000e-001
74  2.789000e-001
75  4.068000e-001
76  6.892000e-001
77  1.090000e+000
78  1.348000e+000
79  1.419000e+000
80  1.351000e+000
81  1.015000e+000
82  5.596000e-001
83  3.057000e-001
84  2.224000e-001
85  1.841000e-001
86  1.988000e-001
87  4.106000e-001
88  8.384000e-001
89  1.085000e+000
90  1.371000e+000
91  1.380000e+000
92  1.353000e+000
93  9.414000e-001
94  6.391000e-001
95  2.676000e-001
96  1.846000e-001
97  9.683000e-002
98  1.715000e-001
99  4.306000e-001
100  8.022000e-001
101  1.063000e+000
102  1.450000e+000
103  1.424000e+000
104  1.350000e+000
105  9.970000e-001
106  6.300000e-001
107  3.684000e-001
108  2.298000e-001
109  1.917000e-001
110  3.623000e-001
111  5.235000e-001
112  8.345000e-001
113  1.207000e+000
114  1.421000e+000
115  1.188000e+000
116  4.213000e-001
117  9.134000e-001
118  6.597000e-001
119  2.917000e-001
120  1.701000e-001
121  1.739000e-001
122  2.583000e-001
123  5.048000e-001
124  8.568000e-001
125  1.175000e+000
126  1.423000e+000
127  1.518000e+000
128  1.293000e+000
129  9.827000e-001
130  5.230000e-001
131  2.662000e-001
132  1.570000e-001
133  1.762000e-001
134  3.270000e-001
135  6.375000e-001
136  1.674000e-001
137  2.721000e-002
138  8.379000e-003
139  4.889000e-003
140  4.025000e-003
141  5.027000e-003
142  5.869000e-003
143  1.009000e-001
144  1.821000e-001
   8 
1  1.017000e-001
2  1.931000e-001
3  4.672000e-001
4  7.340000e-001
5  1.082000e+000
6  1.454000e+000
7  1.427000e+000
8  1.279000e+000
9  1.074000e+000
10  5.950000e-001
11  3.809000e-001
12  1.842000e-001
13  1.206000e-001
14  2.336000e-001
15  3.949000e-001
16  7.934000e-001
17  1.006000e+000
18  1.357000e+000
19  1.474000e+000
20  1.319000e+000
21  1.015000e+000
22  5.582000e-001
23  3.107000e-001
24  1.180000e-001
25  8.282000e-002
26  1.854000e-001
27  3.862000e-001
28  7.359000e-001
29  8.239000e-001
30  1.264000e+000
31  1.443000e+000
32  1.190000e+000
33  9.472000e-001
34  6.396000e-001
35  3.142000e-001
36  1.624000e-001
37  1.214000e-001
38  2.320000e-001
39  4.375000e-001
40  7.779000e-001
41  9.760000e-001
42  1.309000e+000
43  1.402000e+000
44  1.265000e+000
45  1.033000e+000
46  5.958000e-001
47  1.803000e-001
48  9.350000e-002
49  1.635000e-001
50  2.514000e-001
51  4.914000e-001
52  8.180000e-001
53  1.062000e+000
54  1.315000e+000
55  1.387000e+000
56  1.267000e+000
57  9.279000e-001
58  5.625000e-001
59  2.889000e-001
60  1.627000e-001
61  1.929000e-001
62  3.180000e-001
63  5.427000e-001
64  7.565000e-001
65  1.090000e+000
66  1.292000e+000
67  1.392000e+000
68  1.368000e+000
69  9.930000e-001
70  5.918000e-001
71  3.581000e-001
72  1.919000e-001
73  1.559000e-001
74  2.789000e-001
75  4.068000e-001
76  6.893000e-001
77  1.090000e+000
78  1.348000e+000
79  1.419000e+000
80  1.351000e+000
81  1.015000e+000
82  5.595000e-001
83  3.057000e-001
84  2.224000e-001
85  1.841000e-001
86  1.988000e-001
87  4.106000e-001
88  8.384000e-001
89  1.085000e+000
90  1.183000e+000
91  2.987000e-001
92  1.563000e-002
93  7.605000e-001
94  6.391000e-001
95  2.676000e-001
96  1.846000e-001
97  9.683000e-002
98  1.716000e-001
99  4.307000e-001
100  8.022000e-001
101  1.063000e+000
102  1.450000e+000
103  1.424000e+000
104  1.350000e+000
105  9.970000e-001
106  6.299000e-001
107  3.684000e-001
108  2.298000e-001
109  1.917000e-001
110  3.623000e-001
111  5.235000e-001
112  8.345000e-001
113  6.949000e-001
114  2.737000e-002
115  2.501000e-002
116  2.460000e-002
117  1.900000e-002
118  1.377000e-001
119  2.917000e-001
120  1.701000e-001
121  1.739000e-001
122  2.583000e-001
123  5.048000e-001
124  8.569000e-001
125  9.787000e-001
126  5.817000e-002
127  1.122000e-002
128  8.510000e-003
129  1.437000e-002
130  5.223000e-001
131  2.661000e-001
132  1.570000e-001
133  1.762000e-001
134  3.270000e-001
135  3.580000e-001
136  2.509000e-002
137  2.632000e-002
138  7.553000e-003
139  4.123000e-003
140  3.317000e-003
141  4.372000e-003
142  5.265000e-003
143  3.620000e-002
144  1.721000e-001
   9 
1  1.017000e-001
2  1.931000e-001
3  4.671000e-001
4  7.341000e-001
5  1.082000e+000
6  1.454000e+000
7  1.427000e+000
8  1.279000e+000
9  1.074000e+000
10  5.950000e-001
11  3.809000e-001
12  1.842000e-001
13  1.206000e-001
14  2.335000e-001
15  3.948000e-001
16  7.934000e-001
17  1.006000e+000
18  1.357000e+000
19  1.475000e+000
20  1.319000e+000
21  1.015000e+000
22  5.583000e-001
23  3.107000e-001
24  1.180000e-001
25  8.280000e-002
26  1.853000e-001
27  3.861000e-001
28  7.359000e-001
29  8.240000e-001
30  1.264000e+000
31  1.443000e+000
32  1.190000e+000
33  9.474000e-001
34  6.397000e-001
35  3.142000e-001
36  1.624000e-001
37  1.214000e-001
38  2.320000e-001
39  4.375000e-001
40  7.779000e-001
41  9.760000e-001
42  1.309000e+000
43  1.402000e+000
44  1.265000e+000
45  1.033000e+000
46  5.958000e-001
47  1.803000e-001
48  9.349000e-002
49  1.635000e-001
50  2.513000e-001
51  4.914000e-001
52  8.180000e-001
53  1.062000e+000
54  1.315000e+000
55  1.387000e+000
56  1.267000e+000
57  9.280000e-001
58  5.625000e-001
59  2.889000e-001
60  1.627000e-001
61  1.929000e-001
62  3.180000e-001
63  5.427000e-001
64  7.564000e-001
65  1.090000e+000
66  1.292000e+000
67  1.392000e+000
68  1.368000e+000
69  9.931000e-001
70  5.919000e-001
71  3.581000e-001
72  1.919000e-001
73  1.560000e-001
74  2.789000e-001
75  4.068000e-001
76  6.892000e-001
77  1.090000e+000
78  1.348000e+000
79  1.419000e+000
80  1.351000e+000
81  1.015000e+000
82  5.596000e-001
83  3.057000e-001
84  2.224000e-001
85  1.841000e-001
86  1.988000e-001
87  4.106000e-001
88  8.384000e-001
89  1.085000e+000
90  1.371000e+000
91  1.296000e+000
92  8.557000e-001
93  9.346000e-001
94  6.391000e-001
95  2.676000e-001
96  1.846000e-001
97  9.683000e-002
98  1.715000e-001
99  4.306000e-001
100  8.023000e-001
101  1.063000e+000
102  1.450000e+000
103  1.424000e+000
104  1.350000e+000
105  9.971000e-001
106  6.300000e-001
107  3.684000e-001
108  2.298000e-001
109  1.917000e-001
110  3.623000e-001
111  5.235000e-001
112  8.345000e-001
113  1.207000e+000
114  1.335000e+000
115  9.129000e-001
116  1.313000e-001
117  7.694000e-001
118  6.597000e-001
119  2.917000e-001
120  1.701000e-001
121  1.739000e-001
122  2.582000e-001
123  5.048000e-001
124  8.569000e-001
125  1.175000e+000
126  1.423000e+000
127  1.518000e+000
128  1.327000e+000
129  9.827000e-001
130  5.230000e-001
131  2.662000e-001
132  1.570000e-001
133  1.762000e-001
134  3.270000e-001
135  6.308000e-001
136  1.068000e-001
137  2.636000e-002
138  7.567000e-003
139  4.133000e-003
140  3.322000e-003
141  4.374000e-003
142  5.262000e-003
143  5.908000e-002
144  1.821000e-001
   10 
1  1.017000e-001
2  1.931000e-001
3  4.671000e-001
4  7.340000e-001
5  1.082000e+000
6  1.454000e+000
7  1.427000e+000
8  1.279000e+000
9  1.074000e+000
10  5.950000e-001
11  3.809000e-001
12  1.842000e-001
13  1.206000e-001
14  2.336000e-001
15  3.948000e-001
16  7.934000e-001
17  1.006000e+000
18  1.357000e+000
19  1.475000e+000
20  1.319000e+000
21  1.015000e+000
22  5.583000e-001
23  3.107000e-001
24  1.180000e-001
25  8.281000e-002
26  1.853000e-001
27  3.861000e-001
28  7.358000e-001
29  8.239000e-001
30  1.264000e+000
31  1.443000e+000
32  1.190000e+000
33  9.473000e-001
34  6.397000e-001
35  3.142000e-001
36  1.624000e-001
37  1.214000e-001
38  2.320000e-001
39  4.375000e-001
40  7.779000e-001
41  9.760000e-001
42  1.309000e+000
43  1.402000e+000
44  1.265000e+000
45  1.033000e+000
46  5.958000e-001
47  1.803000e-001
48  9.349000e-002
49  1.635000e-001
50  2.513000e-001
51  4.913000e-001
52  8.180000e-001
53  1.062000e+000
54  1.315000e+000
55  1.387000e+000
56  1.267000e+000
57  9.280000e-001
58  5.625000e-001
59  2.889000e-001
60  1.627000e-001
61  1.929000e-001
62  3.180000e-001
63  5.427000e-001
64  7.564000e-001
65  1.090000e+000
66  1.292000e+000
67  1.392000e+000
68  1.368000e+000
69  9.931000e-001
70  5.919000e-001
71  3.581000e-001
72  1.919000e-001
73  1.560000e-001
74  2.789000e-001
75  4.068000e-001
76  6.892000e-001
77  1.090000e+000
78  1.348000e+000
79  1.419000e+000
80  1.351000e+000
81  1.015000e+000
82  5.596000e-001
83  3.057000e-001
84  2.224000e-001
85  1.841000e-001
86  1.988000e-001
87  4.106000e-001
88  8.384000e-001
89  1.085000e+000
90  1.371000e+000
91  1.380000e+000
92  1.353000e+000
93  9.414000e-001
94  6.391000e-001
95  2.676000e-001
96  1.846000e-001
97  9.683000e-002
98  1.715000e-001
99  4.306000e-001
100  8.022000e-001
101  1.063000e+000
102  1.450000e+000
103  1.424000e+000
104  1.350000e+000
105  9.970000e-001
106  6.300000e-001
107  3.684000e-001
108  2.298000e-001
109  1.917000e-001
110  3.623000e-001
111  5.235000e-001
112  8.345000e-001
113  1.207000e+000
114  1.435000e+000
115  1.262000e+000
116  5.426000e-001
117  9.299000e-001
118  6.597000e-001
119  2.917000e-001
120  1.701000e-001
121  1.739000e-001
122  2.583000e-001
123  5.048000e-001
124  8.568000e-001
125  1.175000e+000
126  1.423000e+000
127  1.518000e+000
128  1.318000e+000
129  9.827000e-001
130  5.230000e-001
131  2.662000e-001
132  1.570000e-001
133  1.762000e-001
134  3.270000e-001
135  6.375000e-001
136  1.976000e-001
137  2.729000e-002
138  8.445000e-003
139  4.951000e-003
140  4.083000e-003
141  5.081000e-003
142  5.921000e-003
143  1.264000e-001
144  1.821000e-001
   11 
1  1.017000e-001
2  1.932000e-001
3  4.674000e-001
4  7.342000e-001
5  7.015000e-001
6  2.291000e-001
7  2.806000e-002
8  2.455000e-002
9  2.253000e-002
10  2.957000e-002
11  3.507000e-001
12  1.842000e-001
13  1.206000e-001
14  2.337000e-001
15  3.951000e-001
16  7.936000e-001
17  7.836000e-001
18  6.606000e-001
19  4.621000e-002
20  4.317000e-002
21  4.026000e-002
22  2.363000e-001
23  3.107000e-001
24  1.180000e-001
25  8.284000e-002
26  1.855000e-001
27  3.865000e-001
28  7.361000e-001
29  7.937000e-001
30  5.292000e-001
31  3.731000e-002
32  3.258000e-002
33  3.006000e-002
34  1.174000e-001
35  3.142000e-001
36  1.624000e-001
37  1.214000e-001
38  2.321000e-001
39  4.376000e-001
40  7.780000e-001
41  9.761000e-001
42  3.108000e-001
43  3.144000e-002
44  2.647000e-002
45  2.378000e-002
46  8.209000e-002
47  1.803000e-001
48  9.351000e-002
49  1.636000e-001
50  2.514000e-001
51  4.914000e-001
52  8.180000e-001
53  1.062000e+000
54  1.314000e+000
55  1.152000e+000
56  1.060000e+000
57  9.276000e-001
58  5.623000e-001
59  2.891000e-001
60  1.627000e-001
61  1.929000e-001
62  3.180000e-001
63  5.426000e-001
64  7.567000e-001
65  1.090000e+000
66  1.292000e+000
67  8.199000e-001
68  6.096000e-001
69  9.926000e-001
70  5.917000e-001
71  3.580000e-001
72  1.919000e-001
73  1.559000e-001
74  2.790000e-001
75  4.068000e-001
76  6.895000e-001
77  1.090000e+000
78  5.297000e-001
79  2.580000e-001
80  2.386000e-002
81  3.465000e-001
82  5.594000e-001
83  3.057000e-001
84  2.223000e-001
85  1.841000e-001
86  1.989000e-001
87  4.106000e-001
88  7.652000e-001
89  7.735000e-001
90  5.087000e-002
91  3.601000e-001
92  2.519000e-002
93  2.045000e-002
94  2.381000e-002
95  2.676000e-001
96  1.846000e-001
97  9.684000e-002
98  1.717000e-001
99  4.309000e-001
100  6.194000e-001
101  9.415000e-001
102  2.567000e-001
103  3.261000e-002
104  3.387000e-002
105  2.379000e-002
106  2.435000e-002
107  1.966000e-001
108  2.298000e-001
109  1.917000e-001
110  3.623000e-001
111  3.152000e-001
112  3.453000e-001
113  2.523000e-002
114  1.447000e-002
115  1.369000e-002
116  1.468000e-002
117  1.030000e-002
118  1.071000e-002
119  2.918000e-001
120  1.701000e-001
121  1.690000e-001
122  2.585000e-001
123  4.770000e-001
124  7.970000e-001
125  2.494000e-001
126  2.014000e-002
127  1.078000e-002
128  8.454000e-003
129  8.055000e-003
130  1.615000e-002
131  2.235000e-001
132  1.277000e-001
133  1.762000e-001
134  3.272000e-001
135  5.386000e-001
136  3.125000e-001
137  1.666000e-001
138  9.558000e-003
139  5.852000e-003
140  4.960000e-003
141  5.930000e-003
142  6.740000e-003
143  1.300000e-001
144  1.810000e-001
   12 
1  6.703000e-002
2  1.930000e-001
3  4.671000e-001
4  3.044000e-001
5  2.660000e-001
6  9.728000e-003
7  5.290000e-003
8  3.119000e-003
9  2.566000e-003
10  1.014000e-002
11  1.558000e-002
12  3.439000e-002
13  5.271000e-002
14  1.923000e-001
15  3.948000e-001
16  5.761000e-001
17  2.879000e-001
18  1.659000e-001
19  6.203000e-003
20  3.989000e-003
21  3.140000e-003
22  1.579000e-002
23  7.243000e-002
24  1.180000e-001
25  8.280000e-002
26  1.853000e-001
27  3.861000e-001
28  6.645000e-001
29  4.201000e-001
30  2.923000e-002
31  8.142000e-003
32  5.094000e-003
33  4.477000e-003
34  3.104000e-003
35  4.040000e-002
36  1.538000e-001
37  9.769000e-002
38  2.320000e-001
39  4.052000e-001
40  2.051000e-001
41  5.487000e-001
42  4.101000e-002
43  1.016000e-002
44  5.984000e-003
45  4.588000e-003
46  6.242000e-003
47  1.219000e-001
48  9.347000e-002
49  1.635000e-001
50  2.513000e-001
51  3.825000e-001
52  1.720000e-001
53  5.567000e-001
54  1.093000e-002
55  4.909000e-003
56  3.696000e-003
57  3.197000e-003
58  1.200000e-002
59  2.159000e-001
60  1.115000e-001
61  1.929000e-001
62  2.269000e-001
63  1.641000e-002
64  6.374000e-001
65  5.877000e-001
66  2.967000e-001
67  6.599000e-003
68  3.133000e-003
69  6.055000e-003
70  7.446000e-003
71  3.133000e-003
72  2.113000e-003
73  1.810000e-002
74  1.420000e-001
75  3.043000e-001
76  6.507000e-001
77  1.169000e-001
78  1.203000e-002
79  3.823000e-003
80  2.452000e-003
81  4.991000e-003
82  1.446000e-002
83  2.040000e-002
84  1.448000e-002
85  8.072000e-003
86  1.287000e-001
87  3.300000e-002
88  2.005000e-001
89  3.911000e-002
90  3.898000e-002
91  4.421000e-002
92  9.322000e-003
93  4.684000e-003
94  3.170000e-003
95  5.961000e-002
96  2.517000e-002
97  3.488000e-002
98  1.715000e-001
99  4.307000e-001
100  2.849000e-001
101  7.025000e-002
102  2.248000e-002
103  1.191000e-002
104  1.393000e-002
105  5.049000e-003
106  6.909000e-003
107  1.350000e-002
108  7.388000e-003
109  4.313000e-002
110  1.043000e-001
111  1.696000e-001
112  1.977000e-001
113  1.419000e-002
114  4.729000e-003
115  4.685000e-003
116  6.386000e-003
117  2.643000e-003
118  3.640000e-003
119  3.024000e-002
120  1.167000e-001
121  7.634000e-002
122  2.583000e-001
123  3.331000e-001
124  5.389000e-001
125  3.178000e-002
126  1.393000e-002
127  4.488000e-003
128  2.475000e-003
129  2.460000e-003
130  1.095000e-002
131  3.072000e-002
132  4.459000e-002
133  1.215000e-001
134  3.185000e-001
135  4.069000e-002
136  2.257000e-002
137  2.406000e-002
138  5.519000e-003
139  2.298000e-003
140  1.681000e-003
141  2.904000e-003
142  3.947000e-003
143  1.749000e-002
144  5.940000e-002
