   1 
1  4.389000e-001
2  3.929000e+000
3  1.805000e-001
4  1.063000e+000
5  9.537000e-002
6  0.000000e+000
7  0.000000e+000
8  0.000000e+000
9  0.000000e+000
10  4.115000e-002
11  1.202000e-001
12  2.152000e-001
13  2.370000e-001
14  1.358000e-001
15  2.879000e-001
16  1.435000e+000
17  1.135000e+000
18  7.013000e-001
19  4.216000e-001
20  3.555000e-001
21  3.988000e-001
22  5.975000e-001
23  6.658000e-001
24  7.737000e-001
25  3.140000e+000
26  3.047000e+000
27  1.163000e+000
28  1.241000e+000
29  8.900000e-001
30  4.559000e-001
31  1.804000e-001
32  1.972000e-001
33  2.548000e-001
34  3.653000e-001
35  4.899000e-001
36  5.408000e-001
37  4.962000e-001
38  3.831000e-001
39  2.552000e-001
40  1.487000e-002
41  2.585000e-003
42  0.000000e+000
43  0.000000e+000
44  0.000000e+000
45  0.000000e+000
46  2.514000e-006
47  1.701000e-001
48  5.671000e-001
49  2.291000e+000
50  2.140000e+000
51  1.952000e+000
52  2.402000e+000
53  1.995000e+000
54  1.480000e+000
55  1.180000e+000
56  1.020000e+000
57  1.044000e+000
58  1.117000e+000
59  1.233000e+000
60  1.156000e+000
61  1.001000e+000
62  7.962000e-001
63  5.437000e-001
64  3.309000e-001
65  7.910000e-002
66  1.833000e-003
67  0.000000e+000
68  0.000000e+000
69  5.172000e-004
70  3.377000e-002
71  1.169000e-001
72  1.995000e-001
73  1.985000e-001
74  9.516000e-002
75  4.407000e-002
76  9.387000e-004
77  0.000000e+000
78  0.000000e+000
79  0.000000e+000
80  0.000000e+000
81  0.000000e+000
82  0.000000e+000
83  0.000000e+000
84  8.048000e-004
85  4.983000e-003
86  2.254000e-001
87  4.338000e-004
88  0.000000e+000
89  0.000000e+000
90  0.000000e+000
91  0.000000e+000
92  0.000000e+000
93  0.000000e+000
94  0.000000e+000
95  3.014000e-005
96  4.255000e-004
97  5.248000e-003
98  2.334000e-003
99  8.319000e-001
100  4.685000e-001
101  2.135000e-001
102  4.908000e-003
103  0.000000e+000
104  0.000000e+000
105  5.890000e-004
106  7.234000e-002
107  1.915000e-001
108  2.417000e-001
109  2.588000e-001
110  1.167000e-001
111  1.049000e-002
112  0.000000e+000
113  0.000000e+000
114  0.000000e+000
115  0.000000e+000
116  0.000000e+000
117  0.000000e+000
118  1.335000e-005
119  3.275000e-003
120  2.099000e-002
121  1.258000e-002
122  2.654000e-004
123  7.155000e-002
124  0.000000e+000
125  0.000000e+000
126  0.000000e+000
127  0.000000e+000
128  0.000000e+000
129  0.000000e+000
130  0.000000e+000
131  0.000000e+000
132  3.868000e-003
133  2.102000e-003
134  0.000000e+000
135  0.000000e+000
136  0.000000e+000
137  0.000000e+000
138  0.000000e+000
139  0.000000e+000
140  0.000000e+000
141  0.000000e+000
142  0.000000e+000
143  0.000000e+000
144  1.785000e-004
   2 
1  7.324000e+000
2  2.736000e+001
3  8.865000e+000
4  3.172000e+001
5  1.014000e+000
6  0.000000e+000
7  7.992000e-005
8  0.000000e+000
9  0.000000e+000
10  1.196000e-001
11  8.009000e-001
12  4.343000e+000
13  3.015000e+000
14  9.783000e+000
15  3.271000e+001
16  3.417000e+001
17  1.069000e+001
18  7.687000e-002
19  6.131000e-004
20  1.604000e-003
21  2.683000e-002
22  3.428000e-001
23  3.796000e-001
24  2.837000e+001
25  2.640000e+001
26  4.161000e+001
27  2.531000e+000
28  2.189000e+001
29  7.155000e+000
30  1.077000e+000
31  1.457000e-004
32  7.044000e-003
33  1.576000e-002
34  1.293000e-001
35  2.936000e-001
36  6.254000e+000
37  5.093000e+000
38  6.755000e+000
39  2.795000e+001
40  9.056000e+000
41  1.288000e+001
42  4.512000e+000
43  0.000000e+000
44  0.000000e+000
45  3.966000e-003
46  8.951000e-001
47  3.955000e+001
48  1.242000e+001
49  2.456000e+001
50  1.225000e+001
51  2.565000e+001
52  6.018000e+000
53  4.852000e+000
54  1.900000e-001
55  6.952000e-002
56  2.990000e-002
57  1.642000e-001
58  3.586000e-001
59  3.940000e+001
60  6.747000e-001
61  4.863000e+000
62  2.563000e+000
63  3.953000e-001
64  1.286000e+001
65  4.885000e-001
66  7.366000e-004
67  0.000000e+000
68  0.000000e+000
69  8.702000e-004
70  4.551000e-002
71  1.406000e-001
72  2.261000e-001
73  4.954000e-001
74  4.117000e-001
75  1.204000e+001
76  1.458000e+001
77  4.702000e+000
78  0.000000e+000
79  0.000000e+000
80  0.000000e+000
81  1.472000e-004
82  1.287000e-001
83  7.539000e-001
84  2.872000e-001
85  2.007000e-001
86  2.647000e+001
87  4.279000e+000
88  4.069000e-001
89  1.260000e+001
90  8.269000e-001
91  1.306000e+001
92  0.000000e+000
93  7.196000e-004
94  1.005000e-002
95  6.281000e+000
96  5.535000e-001
97  6.831000e-001
98  4.678000e+001
99  2.871000e+001
100  1.272000e+001
101  4.491000e+000
102  4.515000e-002
103  0.000000e+000
104  2.053000e-001
105  2.375000e-003
106  9.654000e-002
107  6.096000e-001
108  3.165000e-001
109  7.278000e+000
110  6.795000e-001
111  1.335000e-001
112  3.736000e-001
113  0.000000e+000
114  0.000000e+000
115  0.000000e+000
116  0.000000e+000
117  0.000000e+000
118  1.511000e-003
119  2.948000e+000
120  1.503000e-001
121  1.597000e+000
122  2.346000e+000
123  4.417000e+001
124  2.022000e+000
125  1.552000e+000
126  0.000000e+000
127  0.000000e+000
128  0.000000e+000
129  0.000000e+000
130  2.368000e-004
131  4.213000e+000
132  8.762000e+000
133  3.189000e-001
134  6.247000e-002
135  3.751000e+000
136  1.440000e-001
137  1.660000e-001
138  0.000000e+000
139  0.000000e+000
140  0.000000e+000
141  0.000000e+000
142  0.000000e+000
143  1.777000e+000
144  4.400000e+000
   3 
1  4.860000e-001
2  6.317000e+000
3  2.426000e-001
4  1.405000e+000
5  4.077000e-002
6  0.000000e+000
7  0.000000e+000
8  0.000000e+000
9  0.000000e+000
10  6.115000e-002
11  1.667000e-001
12  2.772000e-001
13  3.055000e-001
14  2.093000e-001
15  5.185000e-001
16  1.459000e+000
17  6.679000e-001
18  3.263000e-001
19  1.371000e-001
20  1.410000e-001
21  2.534000e-001
22  5.071000e-001
23  6.186000e-001
24  7.622000e-001
25  4.808000e+000
26  5.049000e+000
27  8.441000e-001
28  1.248000e+000
29  5.962000e-001
30  2.315000e-001
31  3.284000e-002
32  9.153000e-002
33  1.835000e-001
34  3.339000e-001
35  4.877000e-001
36  5.765000e-001
37  5.529000e-001
38  4.535000e-001
39  3.493000e-001
40  7.871000e-002
41  4.292000e-002
42  0.000000e+000
43  0.000000e+000
44  0.000000e+000
45  0.000000e+000
46  5.608000e-003
47  3.001000e-001
48  6.760000e-001
49  2.448000e+000
50  2.024000e+000
51  1.401000e+000
52  1.595000e+000
53  1.342000e+000
54  1.004000e+000
55  8.341000e-001
56  7.677000e-001
57  8.793000e-001
58  1.026000e+000
59  1.205000e+000
60  1.179000e+000
61  1.059000e+000
62  8.985000e-001
63  6.738000e-001
64  4.815000e-001
65  2.256000e-001
66  4.072000e-002
67  5.437000e-004
68  6.690000e-005
69  4.563000e-002
70  2.330000e-001
71  3.373000e-001
72  4.138000e-001
73  4.121000e-001
74  2.920000e-001
75  2.351000e-001
76  6.881000e-002
77  1.520000e-004
78  0.000000e+000
79  0.000000e+000
80  0.000000e+000
81  0.000000e+000
82  2.139000e-003
83  6.707000e-002
84  1.125000e-001
85  1.132000e-001
86  1.017000e+000
87  3.849000e-002
88  0.000000e+000
89  0.000000e+000
90  0.000000e+000
91  0.000000e+000
92  0.000000e+000
93  0.000000e+000
94  0.000000e+000
95  9.945000e-003
96  4.336000e-002
97  7.410000e-002
98  1.286000e-001
99  1.515000e+000
100  2.121000e-001
101  4.692000e-002
102  0.000000e+000
103  0.000000e+000
104  0.000000e+000
105  0.000000e+000
106  4.008000e-002
107  1.630000e-001
108  2.323000e-001
109  2.646000e-001
110  1.333000e-001
111  1.778000e-002
112  9.925000e-005
113  0.000000e+000
114  0.000000e+000
115  0.000000e+000
116  0.000000e+000
117  0.000000e+000
118  2.868000e-004
119  1.903000e-002
120  7.697000e-002
121  6.319000e-002
122  2.183000e-002
123  3.751000e-001
124  0.000000e+000
125  0.000000e+000
126  0.000000e+000
127  0.000000e+000
128  0.000000e+000
129  0.000000e+000
130  0.000000e+000
131  0.000000e+000
132  2.199000e-002
133  2.597000e-002
134  1.157000e-004
135  0.000000e+000
136  0.000000e+000
137  0.000000e+000
138  0.000000e+000
139  0.000000e+000
140  0.000000e+000
141  0.000000e+000
142  0.000000e+000
143  3.731000e-005
144  1.992000e-003
   4 
1  5.365000e-001
2  2.603000e+000
3  2.560000e-001
4  8.051000e-001
5  1.505000e-001
6  0.000000e+000
7  0.000000e+000
8  0.000000e+000
9  0.000000e+000
10  8.029000e-002
11  1.805000e-001
12  2.705000e-001
13  2.883000e-001
14  1.840000e-001
15  2.194000e-001
16  1.001000e+000
17  1.059000e+000
18  7.032000e-001
19  4.386000e-001
20  3.840000e-001
21  4.515000e-001
22  6.311000e-001
23  6.936000e-001
24  8.058000e-001
25  2.198000e+000
26  2.119000e+000
27  1.121000e+000
28  1.116000e+000
29  9.649000e-001
30  5.462000e-001
31  2.702000e-001
32  2.961000e-001
33  3.476000e-001
34  4.585000e-001
35  5.666000e-001
36  6.133000e-001
37  5.665000e-001
38  4.500000e-001
39  3.202000e-001
40  5.336000e-002
41  1.889000e-002
42  0.000000e+000
43  0.000000e+000
44  0.000000e+000
45  0.000000e+000
46  8.553000e-004
47  2.132000e-001
48  4.710000e-001
49  1.678000e+000
50  1.880000e+000
51  1.801000e+000
52  2.196000e+000
53  1.939000e+000
54  1.499000e+000
55  1.159000e+000
56  1.012000e+000
57  1.052000e+000
58  1.137000e+000
59  1.264000e+000
60  1.195000e+000
61  1.046000e+000
62  8.452000e-001
63  5.954000e-001
64  3.816000e-001
65  1.180000e-001
66  6.154000e-003
67  0.000000e+000
68  0.000000e+000
69  2.711000e-003
70  7.228000e-002
71  1.687000e-001
72  2.474000e-001
73  2.448000e-001
74  1.344000e-001
75  8.392000e-002
76  2.707000e-003
77  0.000000e+000
78  0.000000e+000
79  0.000000e+000
80  0.000000e+000
81  0.000000e+000
82  0.000000e+000
83  2.594000e-004
84  4.884000e-003
85  1.459000e-002
86  2.866000e-002
87  6.584000e-004
88  0.000000e+000
89  0.000000e+000
90  0.000000e+000
91  0.000000e+000
92  0.000000e+000
93  0.000000e+000
94  0.000000e+000
95  4.728000e-005
96  7.715000e-004
97  7.943000e-003
98  2.986000e-003
99  4.256000e-001
100  3.534000e-001
101  1.897000e-001
102  3.647000e-003
103  0.000000e+000
104  0.000000e+000
105  1.032000e-003
106  8.088000e-002
107  2.059000e-001
108  2.579000e-001
109  2.764000e-001
110  1.343000e-001
111  1.534000e-002
112  0.000000e+000
113  0.000000e+000
114  0.000000e+000
115  0.000000e+000
116  0.000000e+000
117  0.000000e+000
118  6.392000e-005
119  5.441000e-003
120  3.360000e-002
121  2.015000e-002
122  1.038000e-003
123  8.390000e-004
124  0.000000e+000
125  0.000000e+000
126  0.000000e+000
127  0.000000e+000
128  0.000000e+000
129  0.000000e+000
130  0.000000e+000
131  0.000000e+000
132  4.590000e-003
133  3.579000e-003
134  0.000000e+000
135  0.000000e+000
136  0.000000e+000
137  0.000000e+000
138  0.000000e+000
139  0.000000e+000
140  0.000000e+000
141  0.000000e+000
142  0.000000e+000
143  0.000000e+000
144  2.134000e-004
   5 
1  2.101000e-001
2  1.515000e+001
3  1.387000e-001
4  2.660000e+000
5  5.274000e-005
6  0.000000e+000
7  0.000000e+000
8  0.000000e+000
9  0.000000e+000
10  0.000000e+000
11  0.000000e+000
12  2.646000e-002
13  6.450000e-002
14  1.549000e-003
15  1.203000e+000
16  4.099000e+000
17  1.355000e+000
18  6.369000e-001
19  3.113000e-001
20  1.974000e-001
21  2.480000e-001
22  4.288000e-001
23  5.003000e-001
24  9.222000e-001
25  1.098000e+001
26  1.452000e+001
27  8.384000e-001
28  2.153000e+000
29  4.452000e-001
30  0.000000e+000
31  0.000000e+000
32  0.000000e+000
33  0.000000e+000
34  5.554000e-004
35  5.488000e-002
36  1.529000e-001
37  1.492000e-001
38  1.822000e-001
39  6.194000e-001
40  3.967000e-003
41  2.367000e-001
42  0.000000e+000
43  0.000000e+000
44  0.000000e+000
45  0.000000e+000
46  0.000000e+000
47  5.249000e-001
48  1.023000e+000
49  5.407000e+000
50  5.811000e+000
51  3.346000e+000
52  2.332000e+000
53  1.901000e+000
54  1.314000e+000
55  9.771000e-001
56  7.970000e-001
57  7.946000e-001
58  8.564000e-001
59  1.296000e+000
60  9.119000e-001
61  7.491000e-001
62  5.591000e-001
63  3.195000e-001
64  2.042000e-001
65  1.063000e-003
66  0.000000e+000
67  0.000000e+000
68  0.000000e+000
69  0.000000e+000
70  2.090000e-004
71  7.188000e-003
72  6.171000e-002
73  6.924000e-002
74  1.685000e-002
75  1.900000e-003
76  0.000000e+000
77  0.000000e+000
78  0.000000e+000
79  0.000000e+000
80  0.000000e+000
81  0.000000e+000
82  0.000000e+000
83  0.000000e+000
84  0.000000e+000
85  3.546000e-006
86  5.543000e+000
87  4.180000e-004
88  0.000000e+000
89  0.000000e+000
90  0.000000e+000
91  0.000000e+000
92  0.000000e+000
93  0.000000e+000
94  0.000000e+000
95  2.494000e-005
96  3.102000e-004
97  3.843000e-003
98  2.041000e+000
99  5.736000e+000
100  7.160000e-001
101  1.129000e-001
102  0.000000e+000
103  0.000000e+000
104  0.000000e+000
105  0.000000e+000
106  5.479000e-003
107  5.913000e-002
108  1.108000e-001
109  1.331000e-001
110  2.376000e-002
111  5.078000e-006
112  0.000000e+000
113  0.000000e+000
114  0.000000e+000
115  0.000000e+000
116  0.000000e+000
117  0.000000e+000
118  0.000000e+000
119  1.308000e-005
120  6.982000e-004
121  1.713000e-005
122  0.000000e+000
123  3.253000e+000
124  5.942000e-004
125  0.000000e+000
126  0.000000e+000
127  0.000000e+000
128  0.000000e+000
129  0.000000e+000
130  0.000000e+000
131  0.000000e+000
132  3.241000e-003
133  1.128000e-003
134  0.000000e+000
135  0.000000e+000
136  0.000000e+000
137  0.000000e+000
138  0.000000e+000
139  0.000000e+000
140  0.000000e+000
141  0.000000e+000
142  0.000000e+000
143  0.000000e+000
144  1.429000e-004
   6 
1  5.623000e-001
2  4.160000e+000
3  3.031000e-001
4  1.116000e+000
5  9.957000e-002
6  0.000000e+000
7  0.000000e+000
8  0.000000e+000
9  0.000000e+000
10  9.515000e-002
11  2.175000e-001
12  3.230000e-001
13  3.457000e-001
14  2.455000e-001
15  3.933000e-001
16  1.226000e+000
17  7.808000e-001
18  4.180000e-001
19  2.177000e-001
20  2.088000e-001
21  3.219000e-001
22  5.636000e-001
23  6.673000e-001
24  8.044000e-001
25  3.268000e+000
26  3.176000e+000
27  9.982000e-001
28  1.104000e+000
29  7.328000e-001
30  3.511000e-001
31  1.226000e-001
32  1.813000e-001
33  2.730000e-001
34  4.140000e-001
35  5.683000e-001
36  6.413000e-001
37  6.105000e-001
38  5.004000e-001
39  3.915000e-001
40  1.112000e-001
41  5.495000e-002
42  2.629000e-004
43  0.000000e+000
44  0.000000e+000
45  0.000000e+000
46  8.192000e-003
47  3.151000e-001
48  6.306000e-001
49  1.967000e+000
50  1.705000e+000
51  1.502000e+000
52  1.746000e+000
53  1.451000e+000
54  1.098000e+000
55  9.059000e-001
56  8.446000e-001
57  9.370000e-001
58  1.074000e+000
59  1.233000e+000
60  1.211000e+000
61  1.094000e+000
62  9.176000e-001
63  6.877000e-001
64  4.909000e-001
65  2.309000e-001
66  4.188000e-002
67  4.954000e-004
68  1.918000e-005
69  4.280000e-002
70  2.244000e-001
71  3.270000e-001
72  4.022000e-001
73  3.993000e-001
74  2.832000e-001
75  2.264000e-001
76  6.245000e-002
77  8.171000e-005
78  0.000000e+000
79  0.000000e+000
80  0.000000e+000
81  0.000000e+000
82  5.653000e-004
83  5.574000e-002
84  9.787000e-002
85  9.855000e-002
86  3.656000e-001
87  2.854000e-002
88  0.000000e+000
89  0.000000e+000
90  0.000000e+000
91  0.000000e+000
92  0.000000e+000
93  0.000000e+000
94  0.000000e+000
95  4.727000e-003
96  2.952000e-002
97  6.077000e-002
98  4.397000e-002
99  8.365000e-001
100  2.432000e-001
101  4.694000e-002
102  0.000000e+000
103  0.000000e+000
104  0.000000e+000
105  0.000000e+000
106  5.037000e-002
107  1.763000e-001
108  2.427000e-001
109  2.728000e-001
110  1.395000e-001
111  1.952000e-002
112  1.256000e-004
113  0.000000e+000
114  0.000000e+000
115  0.000000e+000
116  0.000000e+000
117  0.000000e+000
118  2.725000e-004
119  1.788000e-002
120  7.429000e-002
121  5.931000e-002
122  1.923000e-002
123  8.700000e-002
124  0.000000e+000
125  0.000000e+000
126  0.000000e+000
127  0.000000e+000
128  0.000000e+000
129  0.000000e+000
130  0.000000e+000
131  0.000000e+000
132  1.840000e-002
133  2.230000e-002
134  2.197000e-005
135  0.000000e+000
136  0.000000e+000
137  0.000000e+000
138  0.000000e+000
139  0.000000e+000
140  0.000000e+000
141  0.000000e+000
142  0.000000e+000
143  1.884000e-005
144  1.482000e-003
   7 
1  5.644000e-001
2  2.269000e+000
3  2.748000e-001
4  7.147000e-001
5  1.558000e-001
6  0.000000e+000
7  2.418000e-005
8  0.000000e+000
9  0.000000e+000
10  9.935000e-002
11  2.018000e-001
12  2.866000e-001
13  3.033000e-001
14  1.983000e-001
15  2.042000e-001
16  8.082000e-001
17  9.801000e-001
18  7.016000e-001
19  4.554000e-001
20  4.051000e-001
21  4.682000e-001
22  6.249000e-001
23  7.006000e-001
24  8.141000e-001
25  1.976000e+000
26  1.923000e+000
27  1.045000e+000
28  1.077000e+000
29  9.649000e-001
30  5.770000e-001
31  3.073000e-001
32  3.339000e-001
33  3.839000e-001
34  4.490000e-001
35  5.791000e-001
36  6.326000e-001
37  5.854000e-001
38  4.669000e-001
39  3.394000e-001
40  6.547000e-002
41  2.606000e-002
42  0.000000e+000
43  0.000000e+000
44  0.000000e+000
45  0.000000e+000
46  1.638000e-003
47  2.266000e-001
48  4.350000e-001
49  1.423000e+000
50  1.769000e+000
51  1.732000e+000
52  2.073000e+000
53  1.917000e+000
54  1.513000e+000
55  1.155000e+000
56  1.009000e+000
57  1.054000e+000
58  1.142000e+000
59  1.272000e+000
60  1.205000e+000
61  1.059000e+000
62  8.586000e-001
63  6.096000e-001
64  3.965000e-001
65  1.299000e-001
66  7.778000e-003
67  0.000000e+000
68  0.000000e+000
69  4.440000e-003
70  8.505000e-002
71  1.836000e-001
72  2.614000e-001
73  2.584000e-001
74  1.469000e-001
75  9.546000e-002
76  3.760000e-003
77  0.000000e+000
78  0.000000e+000
79  0.000000e+000
80  0.000000e+000
81  0.000000e+000
82  0.000000e+000
83  5.449000e-004
84  7.390000e-003
85  1.788000e-002
86  2.243000e-002
87  7.766000e-004
88  0.000000e+000
89  0.000000e+000
90  0.000000e+000
91  0.000000e+000
92  0.000000e+000
93  0.000000e+000
94  0.000000e+000
95  5.368000e-005
96  9.651000e-004
97  8.987000e-003
98  3.417000e-003
99  3.161000e-001
100  2.642000e-001
101  1.720000e-001
102  3.449000e-003
103  0.000000e+000
104  0.000000e+000
105  1.681000e-003
106  8.773000e-002
107  2.154000e-001
108  2.674000e-001
109  2.857000e-001
110  1.432000e-001
111  1.873000e-002
112  5.377000e-005
113  0.000000e+000
114  0.000000e+000
115  0.000000e+000
116  0.000000e+000
117  0.000000e+000
118  8.041000e-005
119  6.196000e-003
120  3.733000e-002
121  2.274000e-002
122  1.486000e-003
123  2.923000e-004
124  0.000000e+000
125  0.000000e+000
126  0.000000e+000
127  0.000000e+000
128  0.000000e+000
129  0.000000e+000
130  0.000000e+000
131  0.000000e+000
132  4.836000e-003
133  4.171000e-003
134  0.000000e+000
135  0.000000e+000
136  0.000000e+000
137  0.000000e+000
138  0.000000e+000
139  0.000000e+000
140  0.000000e+000
141  0.000000e+000
142  0.000000e+000
143  0.000000e+000
144  2.296000e-004
   8 
1  3.213000e-001
2  1.003000e+001
3  1.195000e-001
4  1.937000e+000
5  4.862000e-003
6  0.000000e+000
7  0.000000e+000
8  0.000000e+000
9  0.000000e+000
10  1.188000e-003
11  2.840000e-002
12  1.169000e-001
13  1.567000e-001
14  6.872000e-002
15  7.278000e-001
16  2.484000e+000
17  1.006000e+000
18  5.027000e-001
19  2.556000e-001
20  2.096000e-001
21  2.868000e-001
22  5.005000e-001
23  5.814000e-001
24  7.148000e-001
25  7.472000e+000
26  8.878000e+000
27  8.528000e-001
28  1.641000e+000
29  5.644000e-001
30  9.569000e-002
31  1.941000e-003
32  1.002000e-002
33  1.772000e-002
34  1.296000e-001
35  2.855000e-001
36  3.615000e-001
37  3.338000e-001
38  2.355000e-001
39  2.864000e-001
40  7.689000e-004
41  6.259000e-002
42  0.000000e+000
43  0.000000e+000
44  0.000000e+000
45  0.000000e+000
46  0.000000e+000
47  2.182000e-001
48  8.310000e-001
49  3.950000e+000
50  3.656000e+000
51  2.083000e+000
52  2.160000e+000
53  1.765000e+000
54  1.305000e+000
55  1.030000e+000
56  8.786000e-001
57  9.109000e-001
58  1.001000e+000
59  1.151000e+000
60  1.088000e+000
61  9.240000e-001
62  7.387000e-001
63  4.943000e-001
64  2.931000e-001
65  5.714000e-002
66  6.550000e-004
67  0.000000e+000
68  0.000000e+000
69  4.141000e-004
70  2.488000e-002
71  1.035000e-001
72  1.890000e-001
73  1.897000e-001
74  8.848000e-002
75  3.903000e-002
76  7.968000e-004
77  0.000000e+000
78  0.000000e+000
79  0.000000e+000
80  0.000000e+000
81  0.000000e+000
82  0.000000e+000
83  0.000000e+000
84  7.959000e-004
85  5.051000e-003
86  2.579000e+000
87  1.721000e-003
88  0.000000e+000
89  0.000000e+000
90  0.000000e+000
91  0.000000e+000
92  0.000000e+000
93  0.000000e+000
94  0.000000e+000
95  5.689000e-005
96  1.019000e-003
97  9.130000e-003
98  5.331000e-001
99  3.221000e+000
100  4.949000e-001
101  1.113000e-001
102  0.000000e+000
103  0.000000e+000
104  0.000000e+000
105  0.000000e+000
106  2.535000e-002
107  1.240000e-001
108  1.841000e-001
109  2.090000e-001
110  7.626000e-002
111  1.380000e-003
112  0.000000e+000
113  0.000000e+000
114  0.000000e+000
115  0.000000e+000
116  0.000000e+000
117  0.000000e+000
118  0.000000e+000
119  1.989000e-003
120  1.225000e-002
121  8.126000e-003
122  8.560000e-005
123  1.224000e+000
124  0.000000e+000
125  0.000000e+000
126  0.000000e+000
127  0.000000e+000
128  0.000000e+000
129  0.000000e+000
130  0.000000e+000
131  0.000000e+000
132  4.811000e-003
133  4.043000e-003
134  0.000000e+000
135  0.000000e+000
136  0.000000e+000
137  0.000000e+000
138  0.000000e+000
139  0.000000e+000
140  0.000000e+000
141  0.000000e+000
142  0.000000e+000
143  0.000000e+000
144  2.039000e-004
   9 
1  5.657000e-001
2  1.337000e+000
3  2.682000e-001
4  6.245000e-001
5  2.053000e-001
6  0.000000e+000
7  0.000000e+000
8  0.000000e+000
9  0.000000e+000
10  8.342000e-002
11  1.811000e-001
12  2.719000e-001
13  2.866000e-001
14  1.800000e-001
15  1.807000e-001
16  1.032000e+000
17  1.210000e+000
18  7.819000e-001
19  4.942000e-001
20  4.232000e-001
21  4.771000e-001
22  6.677000e-001
23  7.290000e-001
24  8.307000e-001
25  1.467000e+000
26  1.470000e+000
27  1.314000e+000
28  1.129000e+000
29  1.102000e+000
30  6.445000e-001
31  3.467000e-001
32  3.559000e-001
33  3.927000e-001
34  4.909000e-001
35  6.087000e-001
36  6.511000e-001
37  5.947000e-001
38  4.691000e-001
39  3.359000e-001
40  5.971000e-002
41  2.129000e-002
42  0.000000e+000
43  0.000000e+000
44  0.000000e+000
45  0.000000e+000
46  3.464000e-004
47  1.985000e-001
48  5.092000e-001
49  1.704000e+000
50  1.966000e+000
51  1.951000e+000
52  2.401000e+000
53  2.068000e+000
54  1.574000e+000
55  1.264000e+000
56  1.097000e+000
57  1.114000e+000
58  1.180000e+000
59  1.264000e+000
60  1.181000e+000
61  1.024000e+000
62  8.171000e-001
63  5.628000e-001
64  3.455000e-001
65  9.143000e-002
66  2.640000e-003
67  0.000000e+000
68  0.000000e+000
69  7.775000e-004
70  4.011000e-002
71  1.267000e-001
72  2.080000e-001
73  2.064000e-001
74  1.022000e-001
75  4.945000e-002
76  1.131000e-003
77  0.000000e+000
78  0.000000e+000
79  0.000000e+000
80  0.000000e+000
81  0.000000e+000
82  0.000000e+000
83  4.418000e-006
84  1.066000e-003
85  5.916000e-003
86  7.996000e-003
87  7.021000e-005
88  0.000000e+000
89  0.000000e+000
90  0.000000e+000
91  0.000000e+000
92  0.000000e+000
93  0.000000e+000
94  0.000000e+000
95  1.063000e-005
96  1.735000e-004
97  2.798000e-003
98  1.226000e-003
99  2.480000e-001
100  4.855000e-001
101  2.503000e-001
102  9.191000e-003
103  0.000000e+000
104  0.000000e+000
105  2.303000e-003
106  8.951000e-002
107  2.130000e-001
108  2.608000e-001
109  2.758000e-001
110  1.314000e-001
111  1.428000e-002
112  0.000000e+000
113  0.000000e+000
114  0.000000e+000
115  0.000000e+000
116  0.000000e+000
117  0.000000e+000
118  4.144000e-005
119  4.428000e-003
120  2.760000e-002
121  1.608000e-002
122  5.241000e-004
123  2.255000e-004
124  0.000000e+000
125  0.000000e+000
126  0.000000e+000
127  0.000000e+000
128  0.000000e+000
129  0.000000e+000
130  0.000000e+000
131  0.000000e+000
132  3.761000e-003
133  1.918000e-003
134  0.000000e+000
135  0.000000e+000
136  0.000000e+000
137  0.000000e+000
138  0.000000e+000
139  0.000000e+000
140  0.000000e+000
141  0.000000e+000
142  0.000000e+000
143  0.000000e+000
144  1.741000e-004
   10 
1  5.740000e-001
2  2.158000e+000
3  2.810000e-001
4  6.788000e-001
5  1.513000e-001
6  0.000000e+000
7  1.124000e-004
8  0.000000e+000
9  0.000000e+000
10  1.103000e-001
11  2.120000e-001
12  2.923000e-001
13  3.087000e-001
14  2.033000e-001
15  1.996000e-001
16  7.237000e-001
17  9.343000e-001
18  6.829000e-001
19  4.628000e-001
20  4.173000e-001
21  4.716000e-001
22  6.267000e-001
23  7.030000e-001
24  8.169000e-001
25  1.906000e+000
26  1.860000e+000
27  1.001000e+000
28  1.049000e+000
29  9.614000e-001
30  5.880000e-001
31  3.242000e-001
32  3.522000e-001
33  3.763000e-001
34  4.551000e-001
35  5.858000e-001
36  6.392000e-001
37  5.919000e-001
38  4.733000e-001
39  3.455000e-001
40  6.989000e-002
41  2.857000e-002
42  0.000000e+000
43  0.000000e+000
44  0.000000e+000
45  0.000000e+000
46  1.932000e-003
47  2.312000e-001
48  4.205000e-001
49  1.311000e+000
50  1.701000e+000
51  1.694000e+000
52  2.008000e+000
53  1.899000e+000
54  1.521000e+000
55  1.157000e+000
56  1.009000e+000
57  1.055000e+000
58  1.145000e+000
59  1.275000e+000
60  1.209000e+000
61  1.063000e+000
62  8.635000e-001
63  6.148000e-001
64  4.019000e-001
65  1.342000e-001
66  8.437000e-003
67  0.000000e+000
68  0.000000e+000
69  5.212000e-003
70  8.987000e-002
71  1.889000e-001
72  2.664000e-001
73  2.633000e-001
74  1.514000e-001
75  9.957000e-002
76  4.316000e-003
77  0.000000e+000
78  0.000000e+000
79  0.000000e+000
80  0.000000e+000
81  0.000000e+000
82  0.000000e+000
83  7.347000e-004
84  8.631000e-003
85  1.908000e-002
86  2.279000e-002
87  8.349000e-004
88  0.000000e+000
89  0.000000e+000
90  0.000000e+000
91  0.000000e+000
92  0.000000e+000
93  0.000000e+000
94  0.000000e+000
95  5.636000e-005
96  1.049000e-003
97  9.469000e-003
98  3.613000e-003
99  2.787000e-001
100  2.134000e-001
101  1.551000e-001
102  2.973000e-003
103  0.000000e+000
104  0.000000e+000
105  2.107000e-003
106  9.202000e-002
107  2.209000e-001
108  2.727000e-001
109  2.907000e-001
110  1.463000e-001
111  1.451000e-002
112  0.000000e+000
113  0.000000e+000
114  0.000000e+000
115  0.000000e+000
116  0.000000e+000
117  0.000000e+000
118  8.622000e-005
119  6.482000e-003
120  3.861000e-002
121  2.364000e-002
122  1.661000e-003
123  3.011000e-004
124  0.000000e+000
125  0.000000e+000
126  0.000000e+000
127  0.000000e+000
128  0.000000e+000
129  0.000000e+000
130  0.000000e+000
131  0.000000e+000
132  4.941000e-003
133  4.416000e-003
134  0.000000e+000
135  0.000000e+000
136  0.000000e+000
137  0.000000e+000
138  0.000000e+000
139  0.000000e+000
140  0.000000e+000
141  0.000000e+000
142  0.000000e+000
143  0.000000e+000
144  2.359000e-004
   11 
1  2.112000e+000
2  3.340000e+001
3  1.586000e+000
4  1.325000e+001
5  1.654000e-001
6  0.000000e+000
7  0.000000e+000
8  0.000000e+000
9  0.000000e+000
10  2.721000e-002
11  1.001000e-001
12  2.553000e-001
13  5.928000e-001
14  8.604000e-001
15  1.192000e+001
16  1.995000e+001
17  4.928000e+000
18  0.000000e+000
19  0.000000e+000
20  0.000000e+000
21  2.215000e-003
22  1.538000e-001
23  2.899000e-001
24  1.023000e+001
25  2.629000e+001
26  4.006000e+001
27  1.741000e+000
28  8.494000e+000
29  1.905000e+000
30  0.000000e+000
31  0.000000e+000
32  4.051000e-004
33  1.896000e-003
34  2.140000e-002
35  1.812000e-001
36  1.078000e+000
37  3.687000e+000
38  4.610000e+000
39  9.950000e+000
40  1.926000e+000
41  3.427000e+000
42  8.133000e-001
43  0.000000e+000
44  0.000000e+000
45  0.000000e+000
46  6.800000e-003
47  1.325000e+001
48  5.294000e+000
49  1.308000e+001
50  1.017000e+001
51  1.347000e+001
52  2.009000e+000
53  1.837000e+000
54  4.691000e-001
55  3.714000e-001
56  3.534000e-001
57  4.755000e-001
58  5.855000e-001
59  1.391000e+001
60  8.265000e-001
61  1.445000e+000
62  7.223000e-001
63  4.048000e-001
64  3.191000e+000
65  5.440000e-002
66  5.790000e-004
67  0.000000e+000
68  0.000000e+000
69  1.398000e-003
70  5.895000e-002
71  1.613000e-001
72  2.486000e-001
73  2.529000e-001
74  1.473000e-001
75  1.322000e+000
76  2.220000e+000
77  7.495000e-001
78  0.000000e+000
79  0.000000e+000
80  0.000000e+000
81  0.000000e+000
82  4.191000e-004
83  5.007000e-002
84  8.944000e-002
85  8.911000e-002
86  2.362000e+001
87  6.475000e-001
88  0.000000e+000
89  2.089000e+000
90  0.000000e+000
91  4.359000e+000
92  0.000000e+000
93  0.000000e+000
94  2.164000e-004
95  3.420000e-001
96  1.491000e-001
97  3.610000e-001
98  2.449000e+001
99  1.824000e+001
100  4.437000e+000
101  9.612000e-001
102  0.000000e+000
103  0.000000e+000
104  0.000000e+000
105  0.000000e+000
106  4.454000e-003
107  6.555000e-002
108  1.393000e-001
109  6.648000e-001
110  7.074000e-002
111  2.283000e-003
112  0.000000e+000
113  0.000000e+000
114  0.000000e+000
115  0.000000e+000
116  0.000000e+000
117  0.000000e+000
118  6.254000e-005
119  6.459000e-002
120  3.955000e-002
121  2.653000e-002
122  1.969000e+000
123  2.146000e+001
124  3.945000e-002
125  3.082000e-003
126  0.000000e+000
127  0.000000e+000
128  0.000000e+000
129  0.000000e+000
130  0.000000e+000
131  2.489000e-001
132  1.598000e+000
133  8.172000e-002
134  6.424000e-004
135  1.034000e-002
136  0.000000e+000
137  0.000000e+000
138  0.000000e+000
139  0.000000e+000
140  0.000000e+000
141  0.000000e+000
142  0.000000e+000
143  3.434000e-003
144  1.981000e-002
   12 
1  1.309000e-002
2  6.236000e+000
3  0.000000e+000
4  1.214000e+000
5  0.000000e+000
6  0.000000e+000
7  0.000000e+000
8  0.000000e+000
9  0.000000e+000
10  0.000000e+000
11  0.000000e+000
12  2.270000e-004
13  4.625000e-005
14  0.000000e+000
15  3.272000e-001
16  8.279000e-001
17  0.000000e+000
18  0.000000e+000
19  0.000000e+000
20  0.000000e+000
21  0.000000e+000
22  0.000000e+000
23  0.000000e+000
24  3.624000e-002
25  4.358000e+000
26  4.695000e+000
27  9.625000e-003
28  6.294000e-001
29  0.000000e+000
30  0.000000e+000
31  0.000000e+000
32  0.000000e+000
33  0.000000e+000
34  0.000000e+000
35  0.000000e+000
36  0.000000e+000
37  0.000000e+000
38  0.000000e+000
39  3.828000e-004
40  0.000000e+000
41  0.000000e+000
42  0.000000e+000
43  0.000000e+000
44  0.000000e+000
45  0.000000e+000
46  0.000000e+000
47  3.862000e-002
48  2.615000e-001
49  1.308000e+000
50  7.231000e-001
51  7.147000e-003
52  0.000000e+000
53  0.000000e+000
54  0.000000e+000
55  0.000000e+000
56  0.000000e+000
57  0.000000e+000
58  0.000000e+000
59  9.863999e-004
60  2.132000e-003
61  1.990000e-004
62  0.000000e+000
63  0.000000e+000
64  0.000000e+000
65  0.000000e+000
66  0.000000e+000
67  0.000000e+000
68  0.000000e+000
69  0.000000e+000
70  0.000000e+000
71  0.000000e+000
72  0.000000e+000
73  0.000000e+000
74  0.000000e+000
75  0.000000e+000
76  0.000000e+000
77  0.000000e+000
78  0.000000e+000
79  0.000000e+000
80  0.000000e+000
81  0.000000e+000
82  0.000000e+000
83  0.000000e+000
84  0.000000e+000
85  0.000000e+000
86  9.793000e-001
87  0.000000e+000
88  0.000000e+000
89  0.000000e+000
90  0.000000e+000
91  0.000000e+000
92  0.000000e+000
93  0.000000e+000
94  0.000000e+000
95  0.000000e+000
96  0.000000e+000
97  4.756000e-004
98  8.271000e-002
99  1.514000e+000
100  9.065000e-003
101  0.000000e+000
102  0.000000e+000
103  0.000000e+000
104  0.000000e+000
105  0.000000e+000
106  0.000000e+000
107  0.000000e+000
108  0.000000e+000
109  0.000000e+000
110  0.000000e+000
111  0.000000e+000
112  0.000000e+000
113  0.000000e+000
114  0.000000e+000
115  0.000000e+000
116  0.000000e+000
117  0.000000e+000
118  0.000000e+000
119  0.000000e+000
120  0.000000e+000
121  0.000000e+000
122  0.000000e+000
123  4.110000e-001
124  0.000000e+000
125  0.000000e+000
126  0.000000e+000
127  0.000000e+000
128  0.000000e+000
129  0.000000e+000
130  0.000000e+000
131  0.000000e+000
132  1.038000e-003
133  0.000000e+000
134  0.000000e+000
135  0.000000e+000
136  0.000000e+000
137  0.000000e+000
138  0.000000e+000
139  0.000000e+000
140  0.000000e+000
141  0.000000e+000
142  0.000000e+000
143  0.000000e+000
144  1.006000e-004
