   1 
1  2.045000e+001
2  1.846000e+001
3  6.562000e+001
4  3.401000e+001
5  2.765000e+001
6  2.091000e+001
7  1.779000e+001
8  1.533000e+001
9  1.442000e+001
10  1.500000e+001
11  1.428000e+001
12  1.634000e+001
13  1.218000e+001
14  7.144000e+001
15  3.629000e+001
16  3.387000e+001
17  2.721000e+001
18  1.885000e+001
19  1.459000e+001
20  1.249000e+001
21  1.218000e+001
22  1.287000e+001
23  2.472000e+001
24  1.369000e+001
25  2.404000e+001
26  7.936000e+001
27  1.119000e+002
28  6.995000e+001
29  5.292000e+001
30  4.722000e+001
31  4.162000e+001
32  3.857000e+001
33  3.582000e+001
34  3.354000e+001
35  3.670000e+001
36  3.757000e+001
37  3.783000e+001
38  6.513000e+001
39  5.054000e+001
40  4.173000e+001
41  4.237000e+001
42  3.717000e+001
43  3.264000e+001
44  2.998000e+001
45  2.787000e+001
46  2.667000e+001
47  2.560000e+001
48  3.216000e+001
49  5.489000e+001
50  7.904000e+001
51  5.564000e+001
52  8.534000e+001
53  8.370000e+001
54  5.931000e+001
55  5.281000e+001
56  4.916000e+001
57  4.734000e+001
58  4.434000e+001
59  1.025000e+002
60  6.875000e+001
61  7.242000e+001
62  6.548000e+001
63  4.593000e+001
64  6.491000e+001
65  1.006000e+002
66  8.126000e+001
67  6.592000e+001
68  6.040000e+001
69  5.900000e+001
70  5.682000e+001
71  5.269000e+001
72  4.836000e+001
73  4.367000e+001
74  4.419000e+001
75  6.094000e+001
76  1.259000e+002
77  5.604000e+001
78  4.875000e+001
79  4.260000e+001
80  3.834000e+001
81  3.623000e+001
82  3.515000e+001
83  3.267000e+001
84  2.962000e+001
85  2.647000e+001
86  2.356000e+001
87  2.045000e+001
88  1.752000e+001
89  1.284000e+001
90  9.169000e+000
91  6.667000e+000
92  5.289000e+000
93  6.474000e+000
94  7.082000e+000
95  7.947000e+000
96  7.557000e+000
97  7.301000e+000
98  6.167000e+001
99  1.819000e+002
100  4.205000e+001
101  4.016000e+001
102  3.355000e+001
103  2.890000e+001
104  2.547000e+001
105  2.380000e+001
106  2.264000e+001
107  2.127000e+001
108  1.951000e+001
109  1.774000e+001
110  1.529000e+001
111  1.447000e+001
112  1.279000e+001
113  8.148000e+000
114  5.189000e+000
115  3.880000e+000
116  3.035000e+000
117  3.615000e+000
118  4.635000e+000
119  5.790000e+000
120  6.745000e+000
121  6.973000e+000
122  3.727000e+001
123  3.251000e+001
124  1.616000e+001
125  1.239000e+001
126  8.772000e+000
127  6.626000e+000
128  5.956000e+000
129  6.181000e+000
130  7.489000e+000
131  7.849000e+000
132  7.733000e+000
133  7.587000e+000
134  1.337000e+001
135  3.760000e+000
136  1.613000e+000
137  3.058000e-001
138  0.000000e+000
139  0.000000e+000
140  0.000000e+000
141  0.000000e+000
142  1.346000e-001
143  8.990000e-001
144  1.452000e+000
   2 
1  3.524000e+001
2  8.204000e+001
3  3.935000e+002
4  1.980000e+002
5  4.552000e+001
6  1.600000e+000
7  0.000000e+000
8  0.000000e+000
9  0.000000e+000
10  4.991000e-001
11  5.920000e+001
12  1.436000e+001
13  4.343000e+000
14  2.773000e+002
15  3.250000e+002
16  1.906000e+002
17  6.802000e+001
18  3.629000e+001
19  0.000000e+000
20  0.000000e+000
21  0.000000e+000
22  2.310000e+001
23  1.578000e+002
24  2.175000e+001
25  4.774000e+001
26  2.940000e+002
27  4.050000e+002
28  2.771000e+002
29  1.632000e+002
30  1.601000e+001
31  0.000000e+000
32  1.541000e-001
33  0.000000e+000
34  1.791000e+000
35  1.474000e+002
36  5.324000e+001
37  9.946000e+001
38  2.006000e+002
39  2.084000e+002
40  1.771000e+002
41  1.671000e+002
42  4.145000e+000
43  9.702000e-003
44  0.000000e+000
45  0.000000e+000
46  1.129000e+000
47  1.848000e+002
48  1.179000e+002
49  2.240000e+002
50  1.823000e+002
51  2.155000e+002
52  3.261000e+002
53  2.318000e+002
54  2.846000e+001
55  3.949000e-002
56  0.000000e+000
57  3.927000e-001
58  3.294000e+000
59  6.172000e+002
60  8.791000e+001
61  1.040000e+002
62  1.695000e+002
63  2.621000e+001
64  3.426000e+002
65  3.136000e+002
66  1.658000e+002
67  6.105000e-001
68  1.347000e-003
69  9.783000e-001
70  2.710000e+000
71  1.957000e+001
72  4.105000e+000
73  2.487000e+001
74  1.863000e+002
75  1.369000e+002
76  5.554000e+002
77  5.759000e+001
78  1.005000e+001
79  7.852000e-001
80  2.615000e-003
81  3.186000e-001
82  7.137000e+000
83  6.929000e+000
84  4.385000e+000
85  1.744000e+001
86  1.702000e+001
87  5.127000e+001
88  2.233000e+002
89  5.162000e+001
90  3.778000e-001
91  0.000000e+000
92  0.000000e+000
93  0.000000e+000
94  9.444000e+000
95  1.155000e+002
96  4.313000e+001
97  1.983000e+001
98  3.136000e+002
99  7.009000e+002
100  8.370000e+001
101  7.421000e+001
102  3.185000e+000
103  0.000000e+000
104  0.000000e+000
105  0.000000e+000
106  5.344000e-001
107  7.429000e+000
108  5.969000e+000
109  9.511000e+001
110  4.465000e+001
111  5.022000e+001
112  7.539000e+001
113  1.060000e+000
114  0.000000e+000
115  2.716000e+000
116  4.794000e+000
117  0.000000e+000
118  6.032000e-001
119  1.027000e+002
120  6.124000e+001
121  5.818000e+001
122  1.958000e+002
123  3.613000e+002
124  1.102000e+002
125  7.200000e-001
126  0.000000e+000
127  0.000000e+000
128  0.000000e+000
129  5.713000e-001
130  4.650000e+000
131  1.729000e+001
132  6.230000e+001
133  2.425000e+001
134  2.089000e+002
135  2.700000e+001
136  3.443000e+001
137  4.351000e+000
138  0.000000e+000
139  1.795000e-001
140  0.000000e+000
141  0.000000e+000
142  1.839000e-001
143  1.613000e+001
144  1.737000e+001
   3 
1  1.980000e+001
2  1.952000e+001
3  8.593000e+001
4  3.243000e+001
5  2.289000e+001
6  1.684000e+001
7  1.505000e+001
8  1.376000e+001
9  1.384000e+001
10  1.518000e+001
11  1.517000e+001
12  1.921000e+001
13  1.420000e+001
14  8.534000e+001
15  4.678000e+001
16  3.414000e+001
17  2.536000e+001
18  1.641000e+001
19  1.242000e+001
20  1.144000e+001
21  1.196000e+001
22  1.333000e+001
23  2.968000e+001
24  1.458000e+001
25  2.925000e+001
26  9.423000e+001
27  1.383000e+002
28  7.151000e+001
29  4.232000e+001
30  3.402000e+001
31  3.016000e+001
32  2.883000e+001
33  2.791000e+001
34  2.750000e+001
35  3.461000e+001
36  3.599000e+001
37  3.951000e+001
38  7.446000e+001
39  4.968000e+001
40  4.216000e+001
41  3.972000e+001
42  3.127000e+001
43  2.793000e+001
44  2.628000e+001
45  2.533000e+001
46  2.551000e+001
47  2.583000e+001
48  3.516000e+001
49  6.452000e+001
50  8.941000e+001
51  5.301000e+001
52  8.924000e+001
53  7.469000e+001
54  5.038000e+001
55  4.557000e+001
56  4.238000e+001
57  4.135000e+001
58  4.021000e+001
59  1.126000e+002
60  6.921000e+001
61  7.587000e+001
62  6.464000e+001
63  4.211000e+001
64  7.000000e+001
65  9.557000e+001
66  7.518000e+001
67  6.294000e+001
68  5.828000e+001
69  5.604000e+001
70  5.386000e+001
71  5.146000e+001
72  4.872000e+001
73  4.565000e+001
74  5.126000e+001
75  6.944000e+001
76  1.429000e+002
77  5.444000e+001
78  4.857000e+001
79  4.423000e+001
80  4.089000e+001
81  3.921000e+001
82  3.843000e+001
83  3.689000e+001
84  3.489000e+001
85  3.264000e+001
86  3.029000e+001
87  2.787000e+001
88  2.717000e+001
89  2.082000e+001
90  1.718000e+001
91  1.477000e+001
92  1.337000e+001
93  1.461000e+001
94  1.503000e+001
95  1.580000e+001
96  1.524000e+001
97  1.539000e+001
98  9.345000e+001
99  2.124000e+002
100  3.163000e+001
101  3.073000e+001
102  2.624000e+001
103  2.366000e+001
104  2.216000e+001
105  2.187000e+001
106  2.200000e+001
107  2.169000e+001
108  2.072000e+001
109  2.022000e+001
110  1.803000e+001
111  1.825000e+001
112  1.603000e+001
113  1.095000e+001
114  8.325000e+000
115  7.293000e+000
116  6.627000e+000
117  7.395000e+000
118  8.434000e+000
119  9.651000e+000
120  1.250000e+001
121  1.232000e+001
122  5.446000e+001
123  4.369000e+001
124  1.609000e+001
125  1.005000e+001
126  7.311000e+000
127  5.895000e+000
128  5.858000e+000
129  6.617000e+000
130  8.332000e+000
131  9.001000e+000
132  9.739000e+000
133  1.021000e+001
134  2.236000e+001
135  5.614000e+000
136  3.606000e+000
137  1.719000e+000
138  1.564000e-001
139  2.335000e-002
140  1.346000e-003
141  2.760000e-001
142  1.831000e+000
143  3.049000e+000
144  3.571000e+000
   4 
1  2.291000e+001
2  2.041000e+001
3  5.358000e+001
4  3.167000e+001
5  2.940000e+001
6  2.358000e+001
7  2.014000e+001
8  1.768000e+001
9  1.676000e+001
10  1.725000e+001
11  1.631000e+001
12  1.751000e+001
13  1.417000e+001
14  6.518000e+001
15  3.141000e+001
16  2.999000e+001
17  2.733000e+001
18  2.029000e+001
19  1.629000e+001
20  1.424000e+001
21  1.380000e+001
22  1.448000e+001
23  2.388000e+001
24  1.506000e+001
25  2.290000e+001
26  7.111000e+001
27  9.560000e+001
28  6.292000e+001
29  5.066000e+001
30  5.197000e+001
31  4.551000e+001
32  4.136000e+001
33  3.813000e+001
34  3.545000e+001
35  3.733000e+001
36  3.741000e+001
37  3.761000e+001
38  5.814000e+001
39  4.843000e+001
40  4.258000e+001
41  4.335000e+001
42  4.178000e+001
43  3.668000e+001
44  3.269000e+001
45  3.022000e+001
46  2.903000e+001
47  2.792000e+001
48  3.196000e+001
49  4.874000e+001
50  7.135000e+001
51  4.974000e+001
52  7.981000e+001
53  8.122000e+001
54  6.861000e+001
55  5.952000e+001
56  5.317000e+001
57  4.984000e+001
58  4.650000e+001
59  9.684000e+001
60  6.508000e+001
61  6.958000e+001
62  6.375000e+001
63  5.008000e+001
64  6.215000e+001
65  9.897000e+001
66  8.669000e+001
67  7.901000e+001
68  7.099000e+001
69  6.550000e+001
70  6.075000e+001
71  5.598000e+001
72  5.127000e+001
73  4.638000e+001
74  4.489000e+001
75  5.924000e+001
76  1.126000e+002
77  6.210000e+001
78  5.582000e+001
79  4.930000e+001
80  4.379000e+001
81  4.018000e+001
82  3.818000e+001
83  3.551000e+001
84  3.251000e+001
85  2.936000e+001
86  2.630000e+001
87  2.320000e+001
88  1.939000e+001
89  1.545000e+001
90  1.160000e+001
91  8.987000e+000
92  7.492000e+000
93  8.621000e+000
94  9.117000e+000
95  9.877000e+000
96  9.327000e+000
97  8.735000e+000
98  4.788000e+001
99  1.575000e+002
100  3.974000e+001
101  4.175000e+001
102  3.607000e+001
103  3.118000e+001
104  2.787000e+001
105  2.601000e+001
106  2.485000e+001
107  2.348000e+001
108  2.158000e+001
109  1.985000e+001
110  1.719000e+001
111  1.583000e+001
112  1.393000e+001
113  1.000000e+001
114  6.980000e+000
115  5.695000e+000
116  4.671000e+000
117  5.153000e+000
118  6.126000e+000
119  7.192000e+000
120  7.278000e+000
121  7.384000e+000
122  3.051000e+001
123  2.729000e+001
124  1.419000e+001
125  1.357000e+001
126  1.027000e+001
127  8.010000e+000
128  7.276000e+000
129  7.475000e+000
130  8.677000e+000
131  8.999000e+000
132  8.718000e+000
133  8.057000e+000
134  1.048000e+001
135  4.692000e+000
136  2.539000e+000
137  8.043000e-001
138  3.411000e-002
139  7.033000e-004
140  0.000000e+000
141  5.508000e-003
142  5.228000e-001
143  1.564000e+000
144  2.079000e+000
   5 
1  1.246000e+001
2  2.045000e+001
3  1.574000e+002
4  4.136000e+001
5  1.764000e+001
6  6.563000e+000
7  4.421000e+000
8  3.037000e+000
9  3.151000e+000
10  4.616000e+000
11  5.699000e+000
12  1.453000e+001
13  4.861000e+000
14  1.135000e+002
15  7.789000e+001
16  4.805000e+001
17  2.817000e+001
18  1.334000e+001
19  4.672000e+000
20  3.372000e+000
21  3.661000e+000
22  5.024000e+000
23  3.894000e+001
24  7.528000e+000
25  3.392000e+001
26  1.294000e+002
27  2.063000e+002
28  8.737000e+001
29  5.893000e+001
30  3.289000e+001
31  2.688000e+001
32  2.336000e+001
33  2.065000e+001
34  1.913000e+001
35  3.402000e+001
36  3.750000e+001
37  5.224000e+001
38  1.072000e+002
39  6.569000e+001
40  4.778000e+001
41  4.633000e+001
42  2.365000e+001
43  1.878000e+001
44  1.593000e+001
45  1.433000e+001
46  1.387000e+001
47  1.612000e+001
48  3.456000e+001
49  9.794000e+001
50  1.139000e+002
51  7.661000e+001
52  1.361000e+002
53  1.026000e+002
54  5.014000e+001
55  4.100000e+001
56  3.493000e+001
57  3.199000e+001
58  2.904000e+001
59  1.589000e+002
60  8.090000e+001
61  9.244000e+001
62  6.888000e+001
63  2.948000e+001
64  1.014000e+002
65  1.285000e+002
66  9.224000e+001
67  5.804000e+001
68  5.104000e+001
69  4.649000e+001
70  4.204000e+001
71  3.750000e+001
72  3.320000e+001
73  2.915000e+001
74  5.258000e+001
75  5.528000e+001
76  2.044000e+002
77  4.855000e+001
78  3.595000e+001
79  3.032000e+001
80  2.544000e+001
81  2.280000e+001
82  2.145000e+001
83  1.963000e+001
84  1.735000e+001
85  1.515000e+001
86  1.436000e+001
87  1.529000e+001
88  2.321000e+001
89  6.322000e+000
90  1.703000e+000
91  2.228000e-001
92  0.000000e+000
93  5.333000e-001
94  1.547000e+000
95  3.008000e+000
96  3.735000e+000
97  7.554000e+000
98  1.710000e+002
99  2.792000e+002
100  2.759000e+001
101  2.717000e+001
102  1.754000e+001
103  1.368000e+001
104  1.120000e+001
105  1.045000e+001
106  1.034000e+001
107  9.944000e+000
108  9.024000e+000
109  1.617000e+001
110  1.045000e+001
111  1.052000e+001
112  8.269000e+000
113  7.104000e-001
114  0.000000e+000
115  0.000000e+000
116  0.000000e+000
117  0.000000e+000
118  1.082000e-001
119  1.709000e+000
120  1.664000e+001
121  1.215000e+001
122  1.004000e+002
123  6.509000e+001
124  2.118000e+001
125  3.890000e+000
126  1.403000e+000
127  2.432000e-001
128  1.307000e-001
129  3.748000e-001
130  1.740000e+000
131  2.591000e+000
132  8.198000e+000
133  8.980000e+000
134  5.877000e+001
135  1.196000e+000
136  3.184000e-001
137  0.000000e+000
138  0.000000e+000
139  0.000000e+000
140  0.000000e+000
141  0.000000e+000
142  0.000000e+000
143  5.423000e-003
144  1.239000e-001
   6 
1  2.213000e+001
2  2.073000e+001
3  6.827000e+001
4  3.222000e+001
5  2.584000e+001
6  2.018000e+001
7  1.809000e+001
8  1.645000e+001
9  1.632000e+001
10  1.742000e+001
11  1.716000e+001
12  1.961000e+001
13  1.568000e+001
14  7.568000e+001
15  3.959000e+001
16  3.267000e+001
17  2.583000e+001
18  1.811000e+001
19  1.469000e+001
20  1.346000e+001
21  1.377000e+001
22  1.490000e+001
23  2.733000e+001
24  1.592000e+001
25  2.674000e+001
26  8.262000e+001
27  1.153000e+002
28  6.780000e+001
29  4.520000e+001
30  3.951000e+001
31  3.500000e+001
32  3.310000e+001
33  3.179000e+001
34  3.096000e+001
35  3.570000e+001
36  3.667000e+001
37  3.806000e+001
38  6.660000e+001
39  5.075000e+001
40  4.206000e+001
41  4.092000e+001
42  3.515000e+001
43  3.134000e+001
44  2.916000e+001
45  2.808000e+001
46  2.802000e+001
47  2.784000e+001
48  3.452000e+001
49  5.621000e+001
50  8.008000e+001
51  5.163000e+001
52  8.083000e+001
53  7.539000e+001
54  5.574000e+001
55  5.018000e+001
56  4.637000e+001
57  4.509000e+001
58  4.350000e+001
59  1.037000e+002
60  6.727000e+001
61  7.198000e+001
62  6.438000e+001
63  4.600000e+001
64  6.535000e+001
65  9.624000e+001
66  7.799000e+001
67  6.774000e+001
68  6.253000e+001
69  5.975000e+001
70  5.746000e+001
71  5.441000e+001
72  5.140000e+001
73  4.782000e+001
74  4.975000e+001
75  6.653000e+001
76  1.290000e+002
77  5.784000e+001
78  5.172000e+001
79  4.707000e+001
80  4.340000e+001
81  4.140000e+001
82  4.036000e+001
83  3.869000e+001
84  3.639000e+001
85  3.388000e+001
86  3.123000e+001
87  2.855000e+001
88  2.582000e+001
89  2.120000e+001
90  1.753000e+001
91  1.501000e+001
92  1.353000e+001
93  1.463000e+001
94  1.504000e+001
95  1.571000e+001
96  1.508000e+001
97  1.459000e+001
98  6.976000e+001
99  1.875000e+002
100  3.612000e+001
101  3.420000e+001
102  2.963000e+001
103  2.667000e+001
104  2.472000e+001
105  2.424000e+001
106  2.404000e+001
107  2.354000e+001
108  2.238000e+001
109  2.112000e+001
110  1.903000e+001
111  1.850000e+001
112  1.655000e+001
113  1.196000e+001
114  9.143000e+000
115  8.116000e+000
116  7.330000e+000
117  7.986000e+000
118  9.010000e+000
119  1.007000e+001
120  1.104000e+001
121  1.120000e+001
122  4.200000e+001
123  3.640000e+001
124  1.587000e+001
125  1.176000e+001
126  8.837000e+000
127  7.258000e+000
128  7.058000e+000
129  7.691000e+000
130  9.290000e+000
131  9.876000e+000
132  1.002000e+001
133  9.879000e+000
134  1.598000e+001
135  6.043000e+000
136  3.936000e+000
137  2.036000e+000
138  2.733000e-001
139  6.375000e-002
140  7.707000e-003
141  4.178000e-001
142  1.985000e+000
143  3.155000e+000
144  3.657000e+000
   7 
1  2.352000e+001
2  2.101000e+001
3  5.019000e+001
4  3.003000e+001
5  2.930000e+001
6  2.448000e+001
7  2.090000e+001
8  1.834000e+001
9  1.752000e+001
10  1.793000e+001
11  1.689000e+001
12  1.785000e+001
13  1.472000e+001
14  6.339000e+001
15  2.997000e+001
16  2.774000e+001
17  2.692000e+001
18  2.088000e+001
19  1.687000e+001
20  1.473000e+001
21  1.427000e+001
22  1.495000e+001
23  2.368000e+001
24  1.531000e+001
25  2.266000e+001
26  6.876000e+001
27  1.011000e+002
28  5.915000e+001
29  4.599000e+001
30  5.031000e+001
31  4.552000e+001
32  4.140000e+001
33  3.814000e+001
34  3.550000e+001
35  3.706000e+001
36  3.661000e+001
37  3.692000e+001
38  5.576000e+001
39  4.682000e+001
40  4.149000e+001
41  4.179000e+001
42  4.154000e+001
43  3.737000e+001
44  3.320000e+001
45  3.074000e+001
46  2.954000e+001
47  2.851000e+001
48  3.165000e+001
49  4.662000e+001
50  6.871000e+001
51  4.642000e+001
52  7.611000e+001
53  7.710000e+001
54  6.872000e+001
55  6.031000e+001
56  5.349000e+001
57  5.034000e+001
58  4.701000e+001
59  9.524000e+001
60  6.305000e+001
61  6.850000e+001
62  6.264000e+001
63  5.034000e+001
64  6.075000e+001
65  9.465000e+001
66  8.628000e+001
67  8.018000e+001
68  7.161000e+001
69  6.591000e+001
70  6.125000e+001
71  5.658000e+001
72  5.193000e+001
73  4.710000e+001
74  4.509000e+001
75  5.863000e+001
76  1.071000e+002
77  6.076000e+001
78  5.684000e+001
79  5.014000e+001
80  4.461000e+001
81  4.091000e+001
82  3.896000e+001
83  3.630000e+001
84  3.332000e+001
85  3.017000e+001
86  2.708000e+001
87  2.397000e+001
88  2.002000e+001
89  1.616000e+001
90  1.230000e+001
91  9.687000e+000
92  8.150000e+000
93  9.258000e+000
94  9.709000e+000
95  1.046000e+001
96  9.894000e+000
97  9.165000e+000
98  4.438000e+001
99  1.497000e+002
100  3.613000e+001
101  4.127000e+001
102  3.703000e+001
103  3.197000e+001
104  2.864000e+001
105  2.654000e+001
106  2.538000e+001
107  2.404000e+001
108  2.221000e+001
109  2.041000e+001
110  1.779000e+001
111  1.622000e+001
112  1.414000e+001
113  1.055000e+001
114  7.549000e+000
115  6.217000e+000
116  5.132000e+000
117  5.618000e+000
118  6.553000e+000
119  7.578000e+000
120  7.577000e+000
121  7.559000e+000
122  2.881000e+001
123  2.581000e+001
124  1.269000e+001
125  1.349000e+001
126  1.079000e+001
127  8.475000e+000
128  7.726000e+000
129  7.821000e+000
130  8.992000e+000
131  9.334000e+000
132  9.012000e+000
133  8.264000e+000
134  9.911000e+000
135  4.931000e+000
136  2.841000e+000
137  1.016000e+000
138  6.099000e-002
139  3.085000e-003
140  0.000000e+000
141  2.773000e-002
142  6.856000e-001
143  1.774000e+000
144  2.255000e+000
   8 
1  1.557000e+001
2  1.796000e+001
3  1.169000e+002
4  3.693000e+001
5  2.088000e+001
6  1.241000e+001
7  1.016000e+001
8  8.500000e+000
9  8.373000e+000
10  9.564000e+000
11  9.568000e+000
12  1.586000e+001
13  8.615000e+000
14  9.668000e+001
15  5.858000e+001
16  4.083000e+001
17  2.670000e+001
18  1.485000e+001
19  8.687000e+000
20  7.333000e+000
21  7.554000e+000
22  8.736000e+000
23  3.216000e+001
24  1.030000e+001
25  3.067000e+001
26  1.096000e+002
27  1.740000e+002
28  8.190000e+001
29  5.327000e+001
30  3.637000e+001
31  3.064000e+001
32  2.785000e+001
33  2.569000e+001
34  2.436000e+001
35  3.436000e+001
36  3.715000e+001
37  4.387000e+001
38  8.684000e+001
39  5.700000e+001
40  4.531000e+001
41  4.508000e+001
42  2.962000e+001
43  2.504000e+001
44  2.223000e+001
45  2.059000e+001
46  2.016000e+001
47  2.058000e+001
48  3.439000e+001
49  7.923000e+001
50  1.014000e+002
51  6.670000e+001
52  1.123000e+002
53  9.291000e+001
54  5.376000e+001
55  4.631000e+001
56  4.095000e+001
57  3.848000e+001
58  3.601000e+001
59  1.315000e+002
60  7.600000e+001
61  8.370000e+001
62  6.769000e+001
63  3.747000e+001
64  8.473000e+001
65  1.141000e+002
66  8.709000e+001
67  6.523000e+001
68  5.865000e+001
69  5.413000e+001
70  5.019000e+001
71  4.613000e+001
72  4.199000e+001
73  3.782000e+001
74  5.011000e+001
75  6.791000e+001
76  1.700000e+002
77  5.316000e+001
78  4.360000e+001
79  3.800000e+001
80  3.348000e+001
81  3.101000e+001
82  2.949000e+001
83  2.757000e+001
84  2.505000e+001
85  2.255000e+001
86  2.052000e+001
87  1.872000e+001
88  2.163000e+001
89  1.126000e+001
90  7.200000e+000
91  4.965000e+000
92  3.713000e+000
93  5.155000e+000
94  5.880000e+000
95  6.934000e+000
96  6.849000e+000
97  8.482000e+000
98  1.250000e+002
99  2.417000e+002
100  3.171000e+001
101  2.995000e+001
102  2.309000e+001
103  1.954000e+001
104  1.732000e+001
105  1.642000e+001
106  1.611000e+001
107  1.555000e+001
108  1.441000e+001
109  1.573000e+001
110  1.284000e+001
111  1.317000e+001
112  1.112000e+001
113  4.779000e+000
114  2.105000e+000
115  1.193000e+000
116  6.489000e-001
117  1.426000e+000
118  2.707000e+000
119  4.108000e+000
120  1.170000e+001
121  9.975000e+000
122  7.207000e+001
123  5.164000e+001
124  1.825000e+001
125  6.839000e+000
126  3.836000e+000
127  2.231000e+000
128  2.028000e+000
129  2.638000e+000
130  4.380000e+000
131  5.063000e+000
132  7.308000e+000
133  8.372000e+000
134  3.425000e+001
135  2.530000e+000
136  7.005000e-001
137  3.251000e-003
138  0.000000e+000
139  0.000000e+000
140  0.000000e+000
141  0.000000e+000
142  5.226000e-003
143  4.080000e-001
144  9.820000e-001
   9 
1  2.407000e+001
2  2.119000e+001
3  4.236000e+001
4  3.324000e+001
5  3.167000e+001
6  2.583000e+001
7  2.222000e+001
8  1.904000e+001
9  1.775000e+001
10  1.789000e+001
11  1.680000e+001
12  1.692000e+001
13  1.430000e+001
14  5.615000e+001
15  2.674000e+001
16  3.036000e+001
17  2.823000e+001
18  2.218000e+001
19  1.812000e+001
20  1.559000e+001
21  1.488000e+001
22  1.527000e+001
23  2.210000e+001
24  1.582000e+001
25  2.071000e+001
26  6.076000e+001
27  8.771000e+001
28  6.260000e+001
29  5.787000e+001
30  5.821000e+001
31  5.048000e+001
32  4.530000e+001
33  4.110000e+001
34  3.816000e+001
35  3.791000e+001
36  3.816000e+001
37  3.704000e+001
38  4.972000e+001
39  4.599000e+001
40  4.336000e+001
41  4.702000e+001
42  4.584000e+001
43  3.960000e+001
44  3.514000e+001
45  3.206000e+001
46  3.024000e+001
47  2.880000e+001
48  3.108000e+001
49  4.423000e+001
50  6.264000e+001
51  5.327000e+001
52  7.605000e+001
53  8.614000e+001
54  7.487000e+001
55  6.466000e+001
56  5.712000e+001
57  5.250000e+001
58  4.843000e+001
59  9.100000e+001
60  6.406000e+001
61  6.627000e+001
62  6.384000e+001
63  5.320000e+001
64  6.131000e+001
65  1.045000e+002
66  9.456000e+001
67  8.524000e+001
68  7.510000e+001
69  6.870000e+001
70  6.287000e+001
71  5.711000e+001
72  5.183000e+001
73  4.647000e+001
74  4.276000e+001
75  5.418000e+001
76  1.036000e+002
77  6.656000e+001
78  5.881000e+001
79  5.119000e+001
80  4.512000e+001
81  4.120000e+001
82  3.865000e+001
83  3.546000e+001
84  3.215000e+001
85  2.884000e+001
86  2.554000e+001
87  2.230000e+001
88  1.815000e+001
89  1.437000e+001
90  1.050000e+001
91  7.875000e+000
92  6.315000e+000
93  7.503000e+000
94  7.973000e+000
95  8.728000e+000
96  8.268000e+000
97  7.553000e+000
98  3.230000e+001
99  1.337000e+002
100  4.797000e+001
101  4.728000e+001
102  4.056000e+001
103  3.505000e+001
104  3.094000e+001
105  2.847000e+001
106  2.693000e+001
107  2.518000e+001
108  2.294000e+001
109  2.082000e+001
110  1.795000e+001
111  1.585000e+001
112  1.415000e+001
113  1.033000e+001
114  7.111000e+000
115  5.704000e+000
116  4.635000e+000
117  5.010000e+000
118  5.861000e+000
119  6.899000e+000
120  6.635000e+000
121  6.309000e+000
122  2.260000e+001
123  2.148000e+001
124  1.668000e+001
125  1.548000e+001
126  1.169000e+001
127  9.267000e+000
128  8.265000e+000
129  8.258000e+000
130  9.330000e+000
131  9.520000e+000
132  9.006000e+000
133  8.035000e+000
134  7.926000e+000
135  4.759000e+000
136  2.633000e+000
137  8.967000e-001
138  4.664000e-002
139  1.809000e-003
140  0.000000e+000
141  5.208000e-003
142  4.701000e-001
143  1.390000e+000
144  1.882000e+000
   10 
1  2.375000e+001
2  2.122000e+001
3  4.901000e+001
4  2.909000e+001
5  2.908000e+001
6  2.479000e+001
7  2.117000e+001
8  1.864000e+001
9  1.780000e+001
10  1.811000e+001
11  1.709000e+001
12  1.797000e+001
13  1.490000e+001
14  6.276000e+001
15  2.943000e+001
16  2.672000e+001
17  2.646000e+001
18  2.108000e+001
19  1.712000e+001
20  1.492000e+001
21  1.440000e+001
22  1.512000e+001
23  2.365000e+001
24  1.538000e+001
25  2.255000e+001
26  6.795000e+001
27  9.946000e+001
28  5.760000e+001
29  4.391000e+001
30  4.944000e+001
31  4.570000e+001
32  4.167000e+001
33  3.844000e+001
34  3.569000e+001
35  3.708000e+001
36  3.646000e+001
37  3.676000e+001
38  5.507000e+001
39  4.627000e+001
40  4.091000e+001
41  4.117000e+001
42  4.123000e+001
43  3.766000e+001
44  3.350000e+001
45  3.099000e+001
46  2.981000e+001
47  2.874000e+001
48  3.159000e+001
49  4.582000e+001
50  6.752000e+001
51  4.504000e+001
52  7.414000e+001
53  7.508000e+001
54  6.843000e+001
55  6.072000e+001
56  5.360000e+001
57  5.051000e+001
58  4.720000e+001
59  9.468000e+001
60  6.212000e+001
61  6.795000e+001
62  6.211000e+001
63  5.025000e+001
64  6.017000e+001
65  9.233000e+001
66  8.469000e+001
67  8.019000e+001
68  7.194000e+001
69  6.605000e+001
70  6.141000e+001
71  5.678000e+001
72  5.216000e+001
73  4.734000e+001
74  4.518000e+001
75  5.839000e+001
76  1.050000e+002
77  5.951000e+001
78  5.716000e+001
79  5.051000e+001
80  4.491000e+001
81  4.116000e+001
82  3.922000e+001
83  3.657000e+001
84  3.360000e+001
85  3.039000e+001
86  2.742000e+001
87  2.422000e+001
88  2.027000e+001
89  1.641000e+001
90  1.253000e+001
91  9.947000e+000
92  8.380000e+000
93  9.479000e+000
94  9.920000e+000
95  1.066000e+001
96  1.008000e+001
97  9.336000e+000
98  4.324000e+001
99  1.469000e+002
100  3.399000e+001
101  4.045000e+001
102  3.730000e+001
103  3.237000e+001
104  2.888000e+001
105  2.679000e+001
106  2.556000e+001
107  2.424000e+001
108  2.241000e+001
109  2.062000e+001
110  1.799000e+001
111  1.634000e+001
112  1.420000e+001
113  1.068000e+001
114  7.767000e+000
115  6.409000e+000
116  5.297000e+000
117  5.777000e+000
118  6.686000e+000
119  7.744000e+000
120  7.674000e+000
121  7.624000e+000
122  2.825000e+001
123  2.529000e+001
124  1.195000e+001
125  1.317000e+001
126  1.091000e+001
127  8.697000e+000
128  7.897000e+000
129  7.958000e+000
130  9.113000e+000
131  9.453000e+000
132  9.110000e+000
133  8.354000e+000
134  9.749000e+000
135  5.015000e+000
136  2.917000e+000
137  1.112000e+000
138  7.544000e-002
139  4.251000e-003
140  0.000000e+000
141  3.798000e-002
142  7.452000e-001
143  1.847000e+000
144  2.320000e+000
   11 
1  2.735000e+001
2  6.927000e+001
3  3.248000e+002
4  9.685000e+001
5  2.202000e+001
6  7.402000e-001
7  0.000000e+000
8  0.000000e+000
9  0.000000e+000
10  6.311000e-001
11  1.945000e+001
12  2.012000e+001
13  4.331000e+000
14  2.042000e+002
15  2.004000e+002
16  1.104000e+002
17  4.289000e+001
18  1.963000e+001
19  0.000000e+000
20  0.000000e+000
21  0.000000e+000
22  1.352000e+000
23  9.884000e+001
24  1.140000e+001
25  4.710000e+001
26  2.258000e+002
27  3.903000e+002
28  1.548000e+002
29  7.875000e+001
30  4.319000e+000
31  0.000000e+000
32  2.866000e-002
33  3.550000e-001
34  1.742000e+000
35  6.368000e+001
36  3.802000e+001
37  1.069000e+002
38  1.712000e+002
39  1.256000e+002
40  8.624000e+001
41  8.428000e+001
42  1.353000e+000
43  0.000000e+000
44  4.359000e-003
45  3.077000e-001
46  1.868000e+000
47  5.124000e+001
48  6.296000e+001
49  1.755000e+002
50  1.467000e+002
51  1.389000e+002
52  2.430000e+002
53  1.663000e+002
54  1.852000e+001
55  2.735000e+000
56  2.661000e+000
57  4.400000e+000
58  5.612000e+000
59  3.602000e+002
60  8.895000e+001
61  1.142000e+002
62  1.037000e+002
63  1.563000e+001
64  1.983000e+002
65  2.263000e+002
66  1.208000e+002
67  5.137000e+000
68  5.007000e+000
69  6.559000e+000
70  7.780000e+000
71  9.241000e+000
72  8.126000e+000
73  1.997000e+001
74  1.132000e+002
75  5.608000e+001
76  3.838000e+002
77  3.444000e+001
78  7.510000e+000
79  4.116000e+000
80  3.413000e+000
81  4.232000e+000
82  5.514000e+000
83  6.193000e+000
84  6.039000e+000
85  7.703000e+000
86  1.240000e+001
87  2.820000e+001
88  1.010000e+002
89  1.610000e+001
90  2.412000e-003
91  0.000000e+000
92  0.000000e+000
93  1.574000e-003
94  7.118000e-001
95  2.919000e+001
96  1.616000e+001
97  1.938000e+001
98  3.258000e+002
99  5.128000e+002
100  3.407000e+001
101  2.963000e+001
102  1.286000e+000
103  0.000000e+000
104  0.000000e+000
105  0.000000e+000
106  4.374000e-001
107  1.484000e+000
108  1.996000e+000
109  5.649000e+001
110  1.809000e+001
111  2.185000e+001
112  2.830000e+001
113  0.000000e+000
114  0.000000e+000
115  0.000000e+000
116  0.000000e+000
117  0.000000e+000
118  0.000000e+000
119  2.747000e+001
120  5.327000e+001
121  4.185000e+001
122  2.102000e+002
123  1.839000e+002
124  5.528000e+001
125  8.978000e-002
126  0.000000e+000
127  0.000000e+000
128  0.000000e+000
129  0.000000e+000
130  4.013000e-004
131  9.897000e-001
132  2.459000e+001
133  1.962000e+001
134  1.987000e+002
135  3.910000e+000
136  8.223000e+000
137  8.036000e-001
138  0.000000e+000
139  0.000000e+000
140  0.000000e+000
141  0.000000e+000
142  0.000000e+000
143  2.380000e+000
144  3.075000e+000
   12 
1  2.242000e-001
2  1.773000e+000
3  6.971000e+001
4  9.748000e+000
5  2.847000e+000
6  0.000000e+000
7  0.000000e+000
8  0.000000e+000
9  0.000000e+000
10  0.000000e+000
11  0.000000e+000
12  4.374000e+000
13  2.626000e-002
14  7.276000e+001
15  3.422000e+001
16  1.614000e+001
17  7.609000e+000
18  1.114000e+000
19  0.000000e+000
20  0.000000e+000
21  0.000000e+000
22  0.000000e+000
23  1.643000e+001
24  3.735000e-001
25  1.618000e+001
26  8.270000e+001
27  1.287000e+002
28  5.246000e+001
29  9.764000e+000
30  0.000000e+000
31  0.000000e+000
32  0.000000e+000
33  0.000000e+000
34  0.000000e+000
35  7.491000e+000
36  8.487000e+000
37  1.213000e+001
38  5.000000e+001
39  2.437000e+001
40  1.440000e+001
41  7.878000e+000
42  0.000000e+000
43  0.000000e+000
44  0.000000e+000
45  0.000000e+000
46  0.000000e+000
47  1.178000e-001
48  9.685000e+000
49  3.697000e+001
50  6.292000e+001
51  1.778000e+001
52  4.788000e+001
53  2.197000e+001
54  0.000000e+000
55  0.000000e+000
56  0.000000e+000
57  0.000000e+000
58  0.000000e+000
59  7.392000e+001
60  2.493000e+001
61  3.508000e+001
62  2.165000e+001
63  0.000000e+000
64  2.551000e+001
65  3.419000e+001
66  7.915000e+000
67  0.000000e+000
68  0.000000e+000
69  0.000000e+000
70  0.000000e+000
71  0.000000e+000
72  0.000000e+000
73  0.000000e+000
74  9.315000e+000
75  3.002000e+001
76  9.665000e+001
77  8.695000e-001
78  0.000000e+000
79  0.000000e+000
80  0.000000e+000
81  0.000000e+000
82  0.000000e+000
83  0.000000e+000
84  0.000000e+000
85  0.000000e+000
86  3.399000e-002
87  0.000000e+000
88  2.790000e+000
89  6.932000e-003
90  0.000000e+000
91  0.000000e+000
92  0.000000e+000
93  0.000000e+000
94  0.000000e+000
95  0.000000e+000
96  0.000000e+000
97  9.599000e-001
98  8.319000e+001
99  1.975000e+002
100  1.482000e+000
101  2.176000e-002
102  0.000000e+000
103  0.000000e+000
104  0.000000e+000
105  0.000000e+000
106  0.000000e+000
107  0.000000e+000
108  0.000000e+000
109  2.278000e-001
110  4.377000e-001
111  2.301000e+000
112  1.839000e+000
113  0.000000e+000
114  0.000000e+000
115  0.000000e+000
116  0.000000e+000
117  0.000000e+000
118  0.000000e+000
119  0.000000e+000
120  3.052000e+000
121  3.332000e+000
122  4.746000e+001
123  3.637000e+001
124  3.620000e+000
125  0.000000e+000
126  0.000000e+000
127  0.000000e+000
128  0.000000e+000
129  0.000000e+000
130  0.000000e+000
131  0.000000e+000
132  4.555000e-001
133  2.148000e+000
134  1.503000e+001
135  2.763000e-003
136  0.000000e+000
137  0.000000e+000
138  0.000000e+000
139  0.000000e+000
140  0.000000e+000
141  0.000000e+000
142  0.000000e+000
143  0.000000e+000
144  0.000000e+000
