   1 
1  1.967000e+000
2  1.775000e+000
3  1.492000e+001
4  6.853000e+000
5  5.610000e+000
6  4.549000e+000
7  4.052000e+000
8  3.608000e+000
9  3.246000e+000
10  2.955000e+000
11  2.663000e+000
12  2.406000e+000
13  2.152000e+000
14  2.295000e+000
15  9.090000e+000
16  7.329000e+000
17  5.056000e+000
18  4.472000e+000
19  3.965000e+000
20  3.532000e+000
21  3.188000e+000
22  2.902000e+000
23  2.616000e+000
24  2.369000e+000
25  2.114000e+000
26  2.284000e+000
27  2.799000e+001
28  9.382000e+000
29  5.899000e+000
30  5.429000e+000
31  4.807000e+000
32  4.310000e+000
33  3.878000e+000
34  3.502000e+000
35  3.159000e+000
36  2.846000e+000
37  2.705000e+000
38  7.938000e+000
39  7.665000e+000
40  4.001000e+000
41  6.246000e+000
42  5.395000e+000
43  4.792000e+000
44  4.285000e+000
45  3.846000e+000
46  3.493000e+000
47  3.158000e+000
48  5.831000e+000
49  1.112000e+001
50  1.164000e+001
51  8.123000e+000
52  1.142000e+001
53  1.049000e+001
54  6.434000e+000
55  5.788000e+000
56  5.795000e+000
57  5.853000e+000
58  5.569000e+000
59  5.733000e+000
60  6.848000e+000
61  7.368000e+000
62  8.089000e+000
63  5.119000e+000
64  8.153000e+000
65  7.662000e+000
66  8.019000e+000
67  6.145000e+000
68  5.788000e+000
69  5.845000e+000
70  5.894000e+000
71  5.632000e+000
72  5.057000e+000
73  4.524000e+000
74  4.053000e+000
75  4.121000e+000
76  1.692000e+001
77  6.028000e+000
78  5.810000e+000
79  5.772000e+000
80  5.325000e+000
81  4.792000e+000
82  4.330000e+000
83  3.898000e+000
84  3.504000e+000
85  3.125000e+000
86  2.802000e+000
87  2.519000e+000
88  2.619000e+000
89  1.938000e+000
90  1.678000e+000
91  1.470000e+000
92  1.292000e+000
93  1.205000e+000
94  1.110000e+000
95  1.028000e+000
96  9.298000e-001
97  8.404000e-001
98  1.353000e+001
99  2.516000e+001
100  4.859000e+000
101  4.866000e+000
102  4.279000e+000
103  3.804000e+000
104  3.400000e+000
105  3.064000e+000
106  2.776000e+000
107  2.516000e+000
108  2.257000e+000
109  2.037000e+000
110  1.807000e+000
111  1.595000e+000
112  1.395000e+000
113  1.188000e+000
114  1.017000e+000
115  8.908000e-001
116  7.862000e-001
117  7.332000e-001
118  6.873000e-001
119  6.512000e-001
120  1.134000e+000
121  5.435000e-001
122  2.937000e+000
123  9.348000e+000
124  3.013000e+000
125  2.485000e+000
126  2.161000e+000
127  1.885000e+000
128  1.680000e+000
129  1.527000e+000
130  1.416000e+000
131  1.291000e+000
132  1.457000e+000
133  1.381000e+000
134  4.523000e+000
135  9.164000e-001
136  7.875000e-001
137  6.552000e-001
138  5.291000e-001
139  4.541000e-001
140  3.950000e-001
141  3.847000e-001
142  3.804000e-001
143  3.653000e-001
144  3.502000e-001
   2 
1  1.216000e+000
2  8.030000e+000
3  4.457000e+001
4  2.132000e+001
5  4.960000e+000
6  3.585000e-001
7  3.097000e-001
8  2.716000e-001
9  2.671000e-001
10  3.226000e-001
11  3.084000e-001
12  2.861000e-001
13  2.672000e-001
14  2.062000e+001
15  3.969000e+001
16  1.641000e+001
17  3.312000e-001
18  2.511000e-001
19  1.902000e-001
20  1.629000e-001
21  1.793000e-001
22  4.847000e+000
23  2.685000e-001
24  1.911000e+000
25  2.732000e-001
26  1.970000e+001
27  4.122000e+001
28  2.373000e+001
29  1.966000e+001
30  3.073000e+000
31  2.683000e-001
32  2.643000e-001
33  2.668000e-001
34  2.661000e-001
35  5.160000e+000
36  3.034000e+000
37  6.933000e+000
38  1.776000e+001
39  2.385000e+001
40  1.814000e+001
41  2.114000e+001
42  4.930000e-001
43  3.230000e-001
44  2.992000e-001
45  2.866000e-001
46  3.092000e-001
47  2.896000e+001
48  1.604000e+001
49  2.314000e+001
50  1.387000e+001
51  2.343000e+001
52  3.243000e+001
53  2.355000e+001
54  4.456000e+000
55  3.731000e-001
56  3.369000e-001
57  3.507000e-001
58  3.571000e-001
59  4.322000e+001
60  5.185000e+000
61  5.968000e+000
62  1.668000e+001
63  2.096000e+000
64  4.050000e+001
65  2.529000e+001
66  1.591000e+001
67  4.967000e-001
68  4.234000e-001
69  4.274000e-001
70  4.293000e-001
71  2.792000e+000
72  4.209000e-001
73  1.349000e+000
74  1.891000e+001
75  1.284000e+001
76  4.831000e+001
77  3.343000e+000
78  6.503000e-001
79  4.752000e-001
80  4.286000e-001
81  4.168000e-001
82  1.145000e+000
83  7.350000e-001
84  1.065000e+000
85  3.521000e+000
86  9.471000e-001
87  2.778000e+000
88  2.432000e+001
89  5.663000e+000
90  3.427000e-001
91  2.781000e-001
92  2.407000e-001
93  2.678000e-001
94  1.375000e+000
95  1.671000e+001
96  4.427000e+000
97  3.960000e-001
98  2.506000e+001
99  5.769000e+001
100  1.088000e+001
101  1.175000e+001
102  8.171000e-001
103  3.458000e-001
104  3.145000e-001
105  3.129000e-001
106  3.201000e-001
107  1.593000e+000
108  3.253000e-001
109  9.361000e+000
110  2.492000e+000
111  1.943000e+000
112  8.027000e+000
113  6.650000e-001
114  1.158000e-001
115  1.070000e-001
116  9.018000e-001
117  1.052000e-001
118  4.169000e-001
119  1.642000e+001
120  4.597000e+000
121  1.284000e+000
122  7.008000e+000
123  3.856000e+001
124  8.680000e+000
125  2.005000e-001
126  1.132000e-001
127  7.762000e-002
128  7.763000e-002
129  2.385000e-001
130  3.214000e-001
131  3.396000e+000
132  8.790000e+000
133  3.457000e+000
134  1.956000e+001
135  3.350000e+000
136  5.788000e+000
137  8.803000e-001
138  1.842000e-001
139  1.636000e-001
140  1.308000e-001
141  1.529000e-001
142  2.100000e-001
143  3.049000e-001
144  4.811000e-001
   3 
1  1.951000e+000
2  1.900000e+000
3  1.807000e+001
4  6.304000e+000
5  4.444000e+000
6  3.488000e+000
7  3.240000e+000
8  3.014000e+000
9  2.839000e+000
10  2.705000e+000
11  2.546000e+000
12  2.401000e+000
13  2.242000e+000
14  2.974000e+000
15  1.107000e+001
16  6.709000e+000
17  3.953000e+000
18  3.643000e+000
19  3.375000e+000
20  3.137000e+000
21  2.965000e+000
22  2.822000e+000
23  2.655000e+000
24  2.495000e+000
25  2.303000e+000
26  2.771000e+000
27  3.181000e+001
28  9.541000e+000
29  5.098000e+000
30  4.151000e+000
31  3.837000e+000
32  3.598000e+000
33  3.393000e+000
34  3.193000e+000
35  3.013000e+000
36  2.833000e+000
37  3.114000e+000
38  1.025000e+001
39  9.071000e+000
40  3.352000e+000
41  5.657000e+000
42  4.251000e+000
43  3.950000e+000
44  3.691000e+000
45  3.470000e+000
46  3.286000e+000
47  3.106000e+000
48  6.194000e+000
49  1.214000e+001
50  1.176000e+001
51  7.537000e+000
52  1.249000e+001
53  1.035000e+001
54  6.683000e+000
55  6.207000e+000
56  5.776000e+000
57  5.377000e+000
58  5.061000e+000
59  6.404000e+000
60  6.973000e+000
61  8.061000e+000
62  8.385000e+000
63  4.803000e+000
64  9.222000e+000
65  7.521000e+000
66  8.399000e+000
67  7.226000e+000
68  6.737000e+000
69  6.259000e+000
70  5.874000e+000
71  5.512000e+000
72  5.163000e+000
73  4.821000e+000
74  4.648000e+000
75  4.850000e+000
76  1.905000e+001
77  6.551000e+000
78  6.107000e+000
79  5.676000e+000
80  5.255000e+000
81  4.901000e+000
82  4.621000e+000
83  4.341000e+000
84  4.064000e+000
85  3.789000e+000
86  3.546000e+000
87  3.424000e+000
88  4.032000e+000
89  2.815000e+000
90  2.575000e+000
91  2.377000e+000
92  2.206000e+000
93  2.112000e+000
94  2.008000e+000
95  1.912000e+000
96  1.796000e+000
97  1.680000e+000
98  1.731000e+001
99  2.878000e+001
100  3.717000e+000
101  3.918000e+000
102  3.500000e+000
103  3.247000e+000
104  3.031000e+000
105  2.861000e+000
106  2.709000e+000
107  2.558000e+000
108  2.405000e+000
109  2.355000e+000
110  2.109000e+000
111  1.904000e+000
112  1.742000e+000
113  1.573000e+000
114  1.432000e+000
115  1.319000e+000
116  1.228000e+000
117  1.178000e+000
118  1.139000e+000
119  1.102000e+000
120  2.166000e+000
121  9.852000e-001
122  4.652000e+000
123  1.102000e+001
124  2.708000e+000
125  1.929000e+000
126  1.752000e+000
127  1.615000e+000
128  1.518000e+000
129  1.452000e+000
130  1.399000e+000
131  1.337000e+000
132  1.789000e+000
133  1.775000e+000
134  6.746000e+000
135  1.067000e+000
136  9.941000e-001
137  8.615000e-001
138  7.496000e-001
139  6.801000e-001
140  6.271000e-001
141  6.227000e-001
142  6.221000e-001
143  6.080000e-001
144  6.002000e-001
   4 
1  2.242000e+000
2  2.026000e+000
3  1.223000e+001
4  6.123000e+000
5  5.752000e+000
6  4.871000e+000
7  4.317000e+000
8  3.881000e+000
9  3.529000e+000
10  3.235000e+000
11  2.941000e+000
12  2.675000e+000
13  2.425000e+000
14  2.287000e+000
15  7.615000e+000
16  6.519000e+000
17  5.330000e+000
18  4.668000e+000
19  4.160000e+000
20  3.739000e+000
21  3.414000e+000
22  3.130000e+000
23  2.846000e+000
24  2.594000e+000
25  2.347000e+000
26  2.177000e+000
27  2.563000e+001
28  8.814000e+000
29  5.515000e+000
30  5.733000e+000
31  5.061000e+000
32  4.551000e+000
33  4.135000e+000
34  3.760000e+000
35  3.433000e+000
36  3.115000e+000
37  2.846000e+000
38  6.687000e+000
39  6.709000e+000
40  4.083000e+000
41  5.833000e+000
42  5.670000e+000
43  5.045000e+000
44  4.514000e+000
45  4.092000e+000
46  3.742000e+000
47  3.423000e+000
48  5.377000e+000
49  9.712000e+000
50  1.095000e+001
51  7.647000e+000
52  1.166000e+001
53  1.097000e+001
54  8.791000e+000
55  7.882000e+000
56  7.108000e+000
57  6.466000e+000
58  5.879000e+000
59  5.628000e+000
60  6.698000e+000
61  7.171000e+000
62  7.770000e+000
63  5.616000e+000
64  7.494000e+000
65  8.596000e+000
66  9.621000e+000
67  8.762000e+000
68  7.893000e+000
69  7.173000e+000
70  6.520000e+000
71  5.917000e+000
72  5.362000e+000
73  4.842000e+000
74  4.367000e+000
75  4.229000e+000
76  1.520000e+001
77  7.699000e+000
78  6.889000e+000
79  6.194000e+000
80  5.583000e+000
81  5.070000e+000
82  4.622000e+000
83  4.201000e+000
84  3.802000e+000
85  3.436000e+000
86  3.103000e+000
87  2.799000e+000
88  2.629000e+000
89  2.209000e+000
90  1.940000e+000
91  1.717000e+000
92  1.535000e+000
93  1.440000e+000
94  1.329000e+000
95  1.236000e+000
96  1.126000e+000
97  1.020000e+000
98  1.151000e+001
99  2.235000e+001
100  4.723000e+000
101  5.056000e+000
102  4.630000e+000
103  4.052000e+000
104  3.650000e+000
105  3.330000e+000
106  3.038000e+000
107  2.771000e+000
108  2.519000e+000
109  2.275000e+000
110  2.045000e+000
111  1.829000e+000
112  1.616000e+000
113  1.409000e+000
114  1.223000e+000
115  1.087000e+000
116  9.721000e-001
117  9.053000e-001
118  8.533000e-001
119  8.115000e-001
120  9.788000e-001
121  6.767000e-001
122  2.199000e+000
123  8.335000e+000
124  2.631000e+000
125  2.626000e+000
126  2.355000e+000
127  2.100000e+000
128  1.856000e+000
129  1.678000e+000
130  1.562000e+000
131  1.444000e+000
132  1.454000e+000
133  1.357000e+000
134  3.300000e+000
135  1.086000e+000
136  1.007000e+000
137  8.547000e-001
138  7.196000e-001
139  6.284000e-001
140  5.578000e-001
141  5.363000e-001
142  5.217000e-001
143  4.966000e-001
144  4.762000e-001
   5 
1  9.239000e-001
2  1.875000e+000
3  2.739000e+001
4  9.337000e+000
5  4.710000e+000
6  2.673000e+000
7  2.303000e+000
8  1.975000e+000
9  1.729000e+000
10  1.554000e+000
11  1.361000e+000
12  1.198000e+000
13  1.045000e+000
14  4.318000e+000
15  1.742000e+001
16  8.764000e+000
17  3.525000e+000
18  2.922000e+000
19  2.497000e+000
20  2.153000e+000
21  1.890000e+000
22  1.688000e+000
23  1.488000e+000
24  1.309000e+000
25  1.136000e+000
26  3.912000e+000
27  3.466000e+001
28  9.370000e+000
29  7.518000e+000
30  4.128000e+000
31  3.455000e+000
32  2.999000e+000
33  2.624000e+000
34  2.308000e+000
35  2.028000e+000
36  1.779000e+000
37  4.626000e+000
38  1.006000e+001
39  1.222000e+001
40  3.611000e+000
41  7.569000e+000
42  4.048000e+000
43  3.422000e+000
44  2.959000e+000
45  2.579000e+000
46  2.289000e+000
47  2.531000e+000
48  7.905000e+000
49  1.767000e+001
50  1.421000e+001
51  1.069000e+001
52  1.783000e+001
53  1.346000e+001
54  6.620000e+000
55  5.612000e+000
56  4.855000e+000
57  4.255000e+000
58  3.730000e+000
59  1.014000e+001
60  7.197000e+000
61  9.257000e+000
62  9.117000e+000
63  2.982000e+000
64  1.461000e+001
65  1.010000e+001
66  9.543000e+000
67  6.390000e+000
68  5.724000e+000
69  5.007000e+000
70  4.385000e+000
71  3.829000e+000
72  3.345000e+000
73  2.925000e+000
74  4.658000e+000
75  4.475000e+000
76  2.555000e+001
77  5.731000e+000
78  4.956000e+000
79  4.270000e+000
80  3.690000e+000
81  3.223000e+000
82  2.836000e+000
83  2.492000e+000
84  2.169000e+000
85  1.879000e+000
86  1.633000e+000
87  2.666000e+000
88  4.830000e+000
89  1.062000e+000
90  8.607000e-001
91  7.097000e-001
92  5.923000e-001
93  5.561000e-001
94  5.114000e-001
95  5.673000e-001
96  4.844000e-001
97  3.846000e-001
98  2.392000e+001
99  3.579000e+001
100  3.662000e+000
101  4.129000e+000
102  2.656000e+000
103  2.206000e+000
104  1.900000e+000
105  1.671000e+000
106  1.487000e+000
107  1.311000e+000
108  1.147000e+000
109  2.031000e+000
110  1.069000e+000
111  7.396000e-001
112  8.793000e-001
113  4.709000e-001
114  3.586000e-001
115  2.876000e-001
116  2.372000e-001
117  2.250000e-001
118  2.264000e-001
119  6.115000e-001
120  3.950000e+000
121  3.167000e-001
122  8.030000e+000
123  1.448000e+001
124  3.469000e+000
125  1.208000e+000
126  1.003000e+000
127  8.409000e-001
128  7.061000e-001
129  6.146000e-001
130  5.749000e-001
131  5.255000e-001
132  1.796000e+000
133  1.925000e+000
134  1.324000e+001
135  4.618000e-001
136  7.130000e-001
137  2.913000e-001
138  1.792000e-001
139  1.316000e-001
140  9.819000e-002
141  1.120000e-001
142  1.301000e-001
143  1.361000e-001
144  1.336000e-001
   6 
1  2.191000e+000
2  2.052000e+000
3  1.504000e+001
4  6.025000e+000
5  4.810000e+000
6  3.995000e+000
7  3.699000e+000
8  3.434000e+000
9  3.212000e+000
10  3.041000e+000
11  2.848000e+000
12  2.644000e+000
13  2.469000e+000
14  2.677000e+000
15  9.349000e+000
16  6.590000e+000
17  4.419000e+000
18  4.058000e+000
19  3.739000e+000
20  3.471000e+000
21  3.260000e+000
22  3.077000e+000
23  2.864000e+000
24  2.686000e+000
25  2.503000e+000
26  2.738000e+000
27  2.860000e+001
28  9.327000e+000
29  5.193000e+000
30  4.686000e+000
31  4.310000e+000
32  4.023000e+000
33  3.766000e+000
34  3.537000e+000
35  3.298000e+000
36  3.077000e+000
37  3.029000e+000
38  8.413000e+000
39  7.992000e+000
40  3.779000e+000
41  5.674000e+000
42  4.760000e+000
43  4.395000e+000
44  4.090000e+000
45  3.819000e+000
46  3.606000e+000
47  3.367000e+000
48  5.884000e+000
49  1.076000e+001
50  1.118000e+001
51  7.431000e+000
52  1.157000e+001
53  1.031000e+001
54  7.360000e+000
55  6.765000e+000
56  6.271000e+000
57  5.879000e+000
58  5.507000e+000
59  5.888000e+000
60  6.879000e+000
61  7.581000e+000
62  8.167000e+000
63  5.237000e+000
64  8.308000e+000
65  7.886000e+000
66  8.638000e+000
67  7.758000e+000
68  7.157000e+000
69  6.701000e+000
70  6.274000e+000
71  5.862000e+000
72  5.467000e+000
73  5.084000e+000
74  4.733000e+000
75  4.817000e+000
76  1.728000e+001
77  7.013000e+000
78  6.484000e+000
79  5.955000e+000
80  5.528000e+000
81  5.170000e+000
82  4.852000e+000
83  4.539000e+000
84  4.232000e+000
85  3.929000e+000
86  3.661000e+000
87  3.408000e+000
88  3.556000e+000
89  2.866000e+000
90  2.611000e+000
91  2.396000e+000
92  2.222000e+000
93  2.114000e+000
94  2.001000e+000
95  1.898000e+000
96  1.775000e+000
97  1.654000e+000
98  1.446000e+001
99  2.573000e+001
100  4.209000e+000
101  4.249000e+000
102  3.892000e+000
103  3.599000e+000
104  3.351000e+000
105  3.142000e+000
106  2.959000e+000
107  2.779000e+000
108  2.595000e+000
109  2.415000e+000
110  2.231000e+000
111  2.046000e+000
112  1.867000e+000
113  1.682000e+000
114  1.522000e+000
115  1.407000e+000
116  1.298000e+000
117  1.239000e+000
118  1.190000e+000
119  1.145000e+000
120  1.639000e+000
121  1.010000e+000
122  3.457000e+000
123  9.777000e+000
124  2.715000e+000
125  2.192000e+000
126  1.986000e+000
127  1.826000e+000
128  1.707000e+000
129  1.616000e+000
130  1.551000e+000
131  1.477000e+000
132  1.680000e+000
133  1.628000e+000
134  4.848000e+000
135  1.150000e+000
136  1.039000e+000
137  9.219000e-001
138  8.041000e-001
139  7.295000e-001
140  6.739000e-001
141  6.598000e-001
142  6.539000e-001
143  6.350000e-001
144  6.235000e-001
   7 
1  2.317000e+000
2  2.101000e+000
3  1.138000e+001
4  5.682000e+000
5  5.697000e+000
6  5.008000e+000
7  4.387000e+000
8  3.956000e+000
9  3.605000e+000
10  3.313000e+000
11  3.019000e+000
12  2.751000e+000
13  2.501000e+000
14  2.311000e+000
15  7.172000e+000
16  6.031000e+000
17  5.307000e+000
18  4.804000e+000
19  4.212000e+000
20  3.797000e+000
21  3.475000e+000
22  3.193000e+000
23  2.911000e+000
24  2.658000e+000
25  2.412000e+000
26  2.204000e+000
27  2.495000e+001
28  8.504000e+000
29  5.201000e+000
30  5.697000e+000
31  5.200000e+000
32  4.614000e+000
33  4.203000e+000
34  3.831000e+000
35  3.505000e+000
36  3.188000e+000
37  2.902000e+000
38  6.348000e+000
39  6.390000e+000
40  3.960000e+000
41  5.597000e+000
42  5.642000e+000
43  5.173000e+000
44  4.575000e+000
45  4.157000e+000
46  3.811000e+000
47  3.493000e+000
48  5.203000e+000
49  9.186000e+000
50  1.066000e+001
51  7.310000e+000
52  1.134000e+001
53  1.062000e+001
54  8.883000e+000
55  7.932000e+000
56  7.171000e+000
57  6.539000e+000
58  5.961000e+000
59  5.630000e+000
60  6.588000e+000
61  7.149000e+000
62  7.615000e+000
63  5.699000e+000
64  7.280000e+000
65  8.240000e+000
66  9.441000e+000
67  8.835000e+000
68  7.933000e+000
69  7.227000e+000
70  6.586000e+000
71  5.992000e+000
72  5.443000e+000
73  4.928000e+000
74  4.455000e+000
75  4.256000e+000
76  1.438000e+001
77  7.554000e+000
78  7.022000e+000
79  6.254000e+000
80  5.652000e+000
81  5.145000e+000
82  4.702000e+000
83  4.284000e+000
84  3.888000e+000
85  3.521000e+000
86  3.188000e+000
87  2.883000e+000
88  2.652000e+000
89  2.294000e+000
90  2.016000e+000
91  1.791000e+000
92  1.607000e+000
93  1.504000e+000
94  1.399000e+000
95  1.298000e+000
96  1.186000e+000
97  1.077000e+000
98  1.092000e+001
99  2.144000e+001
100  4.374000e+000
101  5.021000e+000
102  4.761000e+000
103  4.121000e+000
104  3.723000e+000
105  3.404000e+000
106  3.112000e+000
107  2.845000e+000
108  2.587000e+000
109  2.353000e+000
110  2.116000e+000
111  1.898000e+000
112  1.682000e+000
113  1.473000e+000
114  1.284000e+000
115  1.146000e+000
116  1.028000e+000
117  9.587000e-001
118  9.040000e-001
119  8.556000e-001
120  9.622000e-001
121  7.182000e-001
122  2.007000e+000
123  8.026000e+000
124  2.352000e+000
125  2.611000e+000
126  2.415000e+000
127  2.184000e+000
128  1.902000e+000
129  1.720000e+000
130  1.603000e+000
131  1.485000e+000
132  1.460000e+000
133  1.358000e+000
134  2.990000e+000
135  1.121000e+000
136  1.087000e+000
137  9.176000e-001
138  7.722000e-001
139  6.852000e-001
140  6.077000e-001
141  5.831000e-001
142  5.656000e-001
143  5.377000e-001
144  5.158000e-001
   8 
1  1.343000e+000
2  1.632000e+000
3  2.272000e+001
4  7.996000e+000
5  4.737000e+000
6  3.288000e+000
7  2.902000e+000
8  2.568000e+000
9  2.329000e+000
10  2.136000e+000
11  1.936000e+000
12  1.754000e+000
13  1.584000e+000
14  3.349000e+000
15  1.401000e+001
16  8.067000e+000
17  3.936000e+000
18  3.473000e+000
19  3.034000e+000
20  2.707000e+000
21  2.464000e+000
22  2.259000e+000
23  2.045000e+000
24  1.857000e+000
25  1.667000e+000
26  3.039000e+000
27  3.580000e+001
28  1.027000e+001
29  6.123000e+000
30  4.022000e+000
31  3.561000e+000
32  3.153000e+000
33  2.850000e+000
34  2.585000e+000
35  2.356000e+000
36  2.128000e+000
37  3.298000e+000
38  7.970000e+000
39  1.086000e+001
40  3.506000e+000
41  6.855000e+000
42  4.400000e+000
43  3.898000e+000
44  3.458000e+000
45  3.112000e+000
46  2.841000e+000
47  2.644000e+000
48  7.093000e+000
49  1.506000e+001
50  1.317000e+001
51  9.422000e+000
52  1.528000e+001
53  1.261000e+001
54  7.049000e+000
55  6.249000e+000
56  5.597000e+000
57  5.066000e+000
58  4.584000e+000
59  7.876000e+000
60  7.253000e+000
61  8.702000e+000
62  8.876000e+000
63  4.031000e+000
64  1.177000e+001
65  9.103000e+000
66  9.693000e+000
67  7.285000e+000
68  6.516000e+000
69  5.889000e+000
70  5.326000e+000
71  4.806000e+000
72  4.330000e+000
73  3.882000e+000
74  4.313000e+000
75  4.519000e+000
76  2.251000e+001
77  6.406000e+000
78  5.663000e+000
79  5.052000e+000
80  4.522000e+000
81  4.084000e+000
82  3.707000e+000
83  3.349000e+000
84  3.015000e+000
85  2.702000e+000
86  2.434000e+000
87  2.721000e+000
88  3.988000e+000
89  1.711000e+000
90  1.478000e+000
91  1.294000e+000
92  1.142000e+000
93  1.072000e+000
94  9.935000e-001
95  9.269000e-001
96  8.461000e-001
97  7.627000e-001
98  2.032000e+001
99  3.239000e+001
100  3.759000e+000
101  3.976000e+000
102  3.112000e+000
103  2.769000e+000
104  2.474000e+000
105  2.211000e+000
106  2.021000e+000
107  1.840000e+000
108  1.661000e+000
109  1.958000e+000
110  1.434000e+000
111  1.183000e+000
112  1.044000e+000
113  8.653000e-001
114  7.303000e-001
115  6.399000e-001
116  5.608000e-001
117  5.293000e-001
118  5.097000e-001
119  5.219000e-001
120  2.700000e+000
121  4.469000e-001
122  6.034000e+000
123  1.254000e+001
124  3.163000e+000
125  1.628000e+000
126  1.409000e+000
127  1.234000e+000
128  1.111000e+000
129  1.021000e+000
130  9.613000e-001
131  8.908000e-001
132  1.715000e+000
133  1.754000e+000
134  9.581000e+000
135  6.890000e-001
136  7.110000e-001
137  4.849000e-001
138  3.782000e-001
139  3.198000e-001
140  2.696000e-001
141  2.735000e-001
142  2.847000e-001
143  2.779000e-001
144  2.701000e-001
   9 
1  2.391000e+000
2  2.137000e+000
3  9.879000e+000
4  6.430000e+000
5  6.245000e+000
6  5.444000e+000
7  4.835000e+000
8  4.221000e+000
9  3.796000e+000
10  3.455000e+000
11  3.107000e+000
12  2.800000e+000
13  2.515000e+000
14  2.251000e+000
15  6.374000e+000
16  6.742000e+000
17  5.774000e+000
18  5.127000e+000
19  4.486000e+000
20  3.957000e+000
21  3.575000e+000
22  3.248000e+000
23  2.926000e+000
24  2.643000e+000
25  2.370000e+000
26  2.116000e+000
27  2.259000e+001
28  8.994000e+000
29  6.149000e+000
30  6.334000e+000
31  5.641000e+000
32  4.962000e+000
33  4.439000e+000
34  4.001000e+000
35  3.616000e+000
36  3.252000e+000
37  2.908000e+000
38  5.169000e+000
39  5.799000e+000
40  4.646000e+000
41  6.171000e+000
42  6.182000e+000
43  5.528000e+000
44  4.876000e+000
45  4.331000e+000
46  3.924000e+000
47  3.555000e+000
48  5.142000e+000
49  8.821000e+000
50  1.040000e+001
51  8.043000e+000
52  1.127000e+001
53  1.144000e+001
54  9.648000e+000
55  8.459000e+000
56  7.559000e+000
57  6.812000e+000
58  6.138000e+000
59  5.620000e+000
60  6.542000e+000
61  6.725000e+000
62  7.533000e+000
63  5.894000e+000
64  7.274000e+000
65  9.421000e+000
66  1.016000e+001
67  9.340000e+000
68  8.229000e+000
69  7.411000e+000
70  6.676000e+000
71  6.005000e+000
72  5.394000e+000
73  4.828000e+000
74  4.317000e+000
75  4.143000e+000
76  1.385000e+001
77  8.195000e+000
78  7.303000e+000
79  6.402000e+000
80  5.718000e+000
81  5.146000e+000
82  4.649000e+000
83  4.188000e+000
84  3.762000e+000
85  3.361000e+000
86  3.013000e+000
87  2.695000e+000
88  2.382000e+000
89  2.080000e+000
90  1.805000e+000
91  1.579000e+000
92  1.402000e+000
93  1.298000e+000
94  1.194000e+000
95  1.104000e+000
96  9.985000e-001
97  8.972000e-001
98  8.877000e+000
99  1.971000e+001
100  5.708000e+000
101  5.734000e+000
102  5.190000e+000
103  4.626000e+000
104  4.043000e+000
105  3.634000e+000
106  3.285000e+000
107  2.967000e+000
108  2.667000e+000
109  2.398000e+000
110  2.133000e+000
111  1.892000e+000
112  1.657000e+000
113  1.433000e+000
114  1.232000e+000
115  1.084000e+000
116  9.599000e-001
117  8.854000e-001
118  8.275000e-001
119  7.813000e-001
120  7.484000e-001
121  6.353000e-001
122  1.313000e+000
123  7.170000e+000
124  3.058000e+000
125  2.947000e+000
126  2.591000e+000
127  2.300000e+000
128  2.056000e+000
129  1.866000e+000
130  1.715000e+000
131  1.569000e+000
132  1.432000e+000
133  1.292000e+000
134  2.088000e+000
135  1.175000e+000
136  1.164000e+000
137  9.969000e-001
138  8.191000e-001
139  7.178000e-001
140  6.281000e-001
141  5.936000e-001
142  5.679000e-001
143  5.334000e-001
144  5.059000e-001
   10 
1  2.353000e+000
2  2.128000e+000
3  1.108000e+001
4  5.450000e+000
5  5.623000e+000
6  5.071000e+000
7  4.411000e+000
8  3.981000e+000
9  3.630000e+000
10  3.340000e+000
11  3.045000e+000
12  2.778000e+000
13  2.527000e+000
14  2.324000e+000
15  7.012000e+000
16  5.789000e+000
17  5.244000e+000
18  4.871000e+000
19  4.230000e+000
20  3.817000e+000
21  3.495000e+000
22  3.214000e+000
23  2.932000e+000
24  2.680000e+000
25  2.434000e+000
26  2.218000e+000
27  2.470000e+001
28  8.362000e+000
29  5.019000e+000
30  5.627000e+000
31  5.265000e+000
32  4.635000e+000
33  4.226000e+000
34  3.856000e+000
35  3.530000e+000
36  3.213000e+000
37  2.923000e+000
38  6.232000e+000
39  6.271000e+000
40  3.875000e+000
41  5.468000e+000
42  5.589000e+000
43  5.231000e+000
44  4.595000e+000
45  4.179000e+000
46  3.834000e+000
47  3.517000e+000
48  5.133000e+000
49  8.966000e+000
50  1.052000e+001
51  7.150000e+000
52  1.116000e+001
53  1.042000e+001
54  8.904000e+000
55  7.948000e+000
56  7.192000e+000
57  6.564000e+000
58  5.988000e+000
59  5.634000e+000
60  6.536000e+000
61  7.145000e+000
62  7.548000e+000
63  5.709000e+000
64  7.185000e+000
65  8.041000e+000
66  9.303000e+000
67  8.872000e+000
68  7.946000e+000
69  7.245000e+000
70  6.608000e+000
71  6.017000e+000
72  5.470000e+000
73  4.956000e+000
74  4.485000e+000
75  4.265000e+000
76  1.404000e+001
77  7.413000e+000
78  7.087000e+000
79  6.275000e+000
80  5.675000e+000
81  5.171000e+000
82  4.730000e+000
83  4.312000e+000
84  3.917000e+000
85  3.550000e+000
86  3.217000e+000
87  2.912000e+000
88  2.665000e+000
89  2.321000e+000
90  2.043000e+000
91  1.816000e+000
92  1.632000e+000
93  1.527000e+000
94  1.422000e+000
95  1.320000e+000
96  1.206000e+000
97  1.097000e+000
98  1.073000e+001
99  2.110000e+001
100  4.153000e+000
101  4.945000e+000
102  4.794000e+000
103  4.168000e+000
104  3.748000e+000
105  3.429000e+000
106  3.138000e+000
107  2.871000e+000
108  2.612000e+000
109  2.378000e+000
110  2.140000e+000
111  1.922000e+000
112  1.705000e+000
113  1.497000e+000
114  1.304000e+000
115  1.166000e+000
116  1.048000e+000
117  9.774000e-001
118  9.218000e-001
119  8.724000e-001
120  9.578000e-001
121  7.328000e-001
122  1.943000e+000
123  7.918000e+000
124  2.206000e+000
125  2.567000e+000
126  2.431000e+000
127  2.217000e+000
128  1.926000e+000
129  1.734000e+000
130  1.618000e+000
131  1.500000e+000
132  1.462000e+000
133  1.359000e+000
134  2.887000e+000
135  1.131000e+000
136  1.107000e+000
137  9.475000e-001
138  7.911000e-001
139  7.031000e-001
140  6.245000e-001
141  5.989000e-001
142  5.805000e-001
143  5.516000e-001
144  5.293000e-001
   11 
1  8.383000e-001
2  5.965000e+000
3  3.723000e+001
4  1.599000e+001
5  3.731000e+000
6  3.460000e-001
7  3.340000e-001
8  3.141000e-001
9  3.181000e-001
10  3.496000e-001
11  3.439000e-001
12  3.354000e-001
13  3.197000e-001
14  1.211000e+001
15  3.026000e+001
16  1.275000e+001
17  2.615000e-001
18  2.133000e-001
19  1.748000e-001
20  1.588000e-001
21  1.822000e-001
22  8.007000e-001
23  2.115000e-001
24  2.325000e-001
25  2.051000e-001
26  1.218000e+001
27  4.319000e+001
28  1.588000e+001
29  1.274000e+001
30  1.359000e+000
31  1.799000e-001
32  2.032000e-001
33  2.224000e-001
34  2.384000e-001
35  1.170000e+000
36  8.178000e-001
37  8.701000e+000
38  1.354000e+001
39  1.834000e+001
40  9.418000e+000
41  1.380000e+001
42  2.661000e-001
43  2.326000e-001
44  2.410000e-001
45  2.437000e-001
46  2.779000e-001
47  1.252000e+001
48  1.168000e+001
49  2.069000e+001
50  1.294000e+001
51  1.755000e+001
52  2.583000e+001
53  1.829000e+001
54  3.533000e+000
55  1.015000e+000
56  9.899000e-001
57  9.846000e-001
58  9.592000e-001
59  2.672000e+001
60  5.631000e+000
61  8.381000e+000
62  1.243000e+001
63  1.334000e+000
64  2.960000e+001
65  1.902000e+001
66  1.199000e+001
67  9.117000e-001
68  8.939000e-001
69  8.992000e-001
70  8.852000e-001
71  1.068000e+000
72  7.226000e-001
73  1.362000e+000
74  1.037000e+001
75  5.646000e+000
76  3.957000e+001
77  1.605000e+000
78  9.590000e-001
79  9.036000e-001
80  8.678000e-001
81  8.461000e-001
82  8.374000e-001
83  7.207000e-001
84  6.657000e-001
85  1.109000e+000
86  7.036000e-001
87  8.819000e-001
88  1.515000e+001
89  2.541000e+000
90  4.225000e-001
91  3.784000e-001
92  3.121000e-001
93  3.384000e-001
94  3.727000e-001
95  6.910000e+000
96  1.796000e+000
97  4.281000e-001
98  2.811000e+001
99  4.995000e+001
100  6.367000e+000
101  7.045000e+000
102  5.830000e-001
103  3.411000e-001
104  3.329000e-001
105  3.431000e-001
106  3.565000e-001
107  3.530000e-001
108  3.060000e-001
109  4.850000e+000
110  8.318000e-001
111  4.968000e-001
112  4.296000e+000
113  1.591000e-001
114  7.439000e-002
115  5.342000e-002
116  4.348000e-002
117  6.933000e-002
118  1.012000e-001
119  7.477000e+000
120  3.442000e+000
121  1.065000e+000
122  1.272000e+001
123  2.703000e+001
124  5.914000e+000
125  1.414000e-001
126  8.053000e-002
127  5.776000e-002
128  6.584000e-002
129  8.919000e-002
130  1.309000e-001
131  3.712000e-001
132  3.339000e+000
133  2.578000e+000
134  1.944000e+001
135  9.094000e-001
136  3.120000e+000
137  1.675000e-001
138  1.010000e-001
139  8.478000e-002
140  7.473000e-002
141  1.061000e-001
142  1.376000e-001
143  1.541000e-001
144  1.603000e-001
   12 
1  0.000000e+000
2  8.894000e-002
3  1.622000e+001
4  2.728000e+000
5  6.847000e-001
6  0.000000e+000
7  0.000000e+000
8  0.000000e+000
9  0.000000e+000
10  0.000000e+000
11  0.000000e+000
12  2.939000e-006
13  8.044000e-007
14  9.857000e-001
15  8.990000e+000
16  2.839000e+000
17  0.000000e+000
18  0.000000e+000
19  0.000000e+000
20  0.000000e+000
21  0.000000e+000
22  0.000000e+000
23  0.000000e+000
24  0.000000e+000
25  4.045000e-006
26  6.884000e-001
27  3.023000e+001
28  6.879000e+000
29  1.280000e+000
30  0.000000e+000
31  0.000000e+000
32  0.000000e+000
33  0.000000e+000
34  0.000000e+000
35  0.000000e+000
36  0.000000e+000
37  5.491000e-001
38  8.073000e+000
39  6.743000e+000
40  1.565000e-001
41  1.753000e+000
42  0.000000e+000
43  0.000000e+000
44  0.000000e+000
45  0.000000e+000
46  0.000000e+000
47  2.616000e-004
48  2.894000e+000
49  8.165000e+000
50  7.473000e+000
51  2.329000e+000
52  6.913000e+000
53  3.605000e+000
54  0.000000e+000
55  0.000000e+000
56  0.000000e+000
57  0.000000e+000
58  0.000000e+000
59  1.752000e+000
60  2.017000e+000
61  3.385000e+000
62  3.628000e+000
63  0.000000e+000
64  4.232000e+000
65  5.607000e-001
66  9.067000e-001
67  0.000000e+000
68  0.000000e+000
69  0.000000e+000
70  0.000000e+000
71  0.000000e+000
72  5.434000e-007
73  1.179000e-004
74  1.761000e-001
75  5.281000e-001
76  1.350000e+001
77  0.000000e+000
78  0.000000e+000
79  0.000000e+000
80  0.000000e+000
81  0.000000e+000
82  0.000000e+000
83  0.000000e+000
84  0.000000e+000
85  0.000000e+000
86  0.000000e+000
87  1.384000e-001
88  1.053000e+000
89  0.000000e+000
90  0.000000e+000
91  0.000000e+000
92  0.000000e+000
93  0.000000e+000
94  0.000000e+000
95  0.000000e+000
96  0.000000e+000
97  7.350000e-007
98  1.612000e+001
99  2.718000e+001
100  5.868000e-002
101  1.814000e-001
102  0.000000e+000
103  0.000000e+000
104  0.000000e+000
105  0.000000e+000
106  0.000000e+000
107  0.000000e+000
108  0.000000e+000
109  1.174000e-001
110  4.326000e-002
111  0.000000e+000
112  0.000000e+000
113  0.000000e+000
114  0.000000e+000
115  0.000000e+000
116  0.000000e+000
117  0.000000e+000
118  0.000000e+000
119  0.000000e+000
120  1.204000e+000
121  0.000000e+000
122  3.899000e+000
123  1.021000e+001
124  7.556000e-001
125  0.000000e+000
126  0.000000e+000
127  0.000000e+000
128  0.000000e+000
129  0.000000e+000
130  0.000000e+000
131  0.000000e+000
132  5.564000e-001
133  6.355000e-001
134  5.899000e+000
135  1.458000e-003
136  2.035000e-002
137  0.000000e+000
138  0.000000e+000
139  0.000000e+000
140  0.000000e+000
141  0.000000e+000
142  0.000000e+000
143  0.000000e+000
144  0.000000e+000
