   1 
1  3.442000e+000
2  3.099000e+000
3  1.638000e+001
4  7.788000e+000
5  6.259000e+000
6  5.053000e+000
7  4.430000e+000
8  3.919000e+000
9  3.588000e+000
10  3.369000e+000
11  3.086000e+000
12  3.109000e+000
13  2.519000e+000
14  1.525000e+001
15  1.004000e+001
16  8.117000e+000
17  6.221000e+000
18  4.998000e+000
19  4.260000e+000
20  3.796000e+000
21  3.466000e+000
22  3.239000e+000
23  4.230000e+000
24  2.930000e+000
25  4.164000e+000
26  1.654000e+001
27  3.108000e+001
28  1.987000e+001
29  1.164000e+001
30  1.029000e+001
31  9.251000e+000
32  8.358000e+000
33  7.637000e+000
34  6.987000e+000
35  6.916000e+000
36  6.719000e+000
37  6.974000e+000
38  1.774000e+001
39  1.293000e+001
40  1.054000e+001
41  1.136000e+001
42  9.726000e+000
43  8.687000e+000
44  7.836000e+000
45  7.177000e+000
46  6.549000e+000
47  5.970000e+000
48  8.353000e+000
49  1.344000e+001
50  1.422000e+001
51  1.012000e+001
52  1.348000e+001
53  1.246000e+001
54  7.998000e+000
55  7.108000e+000
56  6.945000e+000
57  6.983000e+000
58  6.657000e+000
59  1.739000e+001
60  1.446000e+001
61  1.731000e+001
62  1.518000e+001
63  1.008000e+001
64  1.515000e+001
65  2.243000e+001
66  1.582000e+001
67  1.246000e+001
68  1.168000e+001
69  1.151000e+001
70  1.120000e+001
71  1.047000e+001
72  9.491000e+000
73  8.514000e+000
74  8.567000e+000
75  1.217000e+001
76  3.034000e+001
77  1.161000e+001
78  1.074000e+001
79  1.008000e+001
80  9.192000e+000
81  8.408000e+000
82  7.785000e+000
83  7.065000e+000
84  6.368000e+000
85  5.675000e+000
86  5.084000e+000
87  4.525000e+000
88  4.356000e+000
89  3.345000e+000
90  2.827000e+000
91  2.403000e+000
92  2.105000e+000
93  2.031000e+000
94  1.909000e+000
95  1.825000e+000
96  1.665000e+000
97  1.543000e+000
98  1.484000e+001
99  3.669000e+001
100  7.883000e+000
101  7.876000e+000
102  6.858000e+000
103  6.058000e+000
104  5.392000e+000
105  4.916000e+000
106  4.497000e+000
107  4.114000e+000
108  3.703000e+000
109  3.348000e+000
110  2.960000e+000
111  2.733000e+000
112  2.486000e+000
113  1.965000e+000
114  1.586000e+000
115  1.358000e+000
116  1.196000e+000
117  1.143000e+000
118  1.131000e+000
119  1.130000e+000
120  1.650000e+000
121  1.130000e+000
122  7.266000e+000
123  1.028000e+001
124  4.224000e+000
125  3.682000e+000
126  3.102000e+000
127  2.683000e+000
128  2.388000e+000
129  2.208000e+000
130  2.139000e+000
131  1.993000e+000
132  2.114000e+000
133  1.952000e+000
134  5.053000e+000
135  1.270000e+000
136  9.991000e-001
137  7.498000e-001
138  4.786000e-001
139  3.637000e-001
140  2.867000e-001
141  3.593000e-001
142  4.346000e-001
143  4.841000e-001
144  4.878000e-001
   2 
1  8.747000e+000
2  1.396000e+001
3  5.312000e+001
4  2.885000e+001
5  8.035000e+000
6  3.926000e-001
7  1.215000e-001
8  6.500000e-002
9  1.500000e-001
10  3.297000e-001
11  1.393000e+001
12  4.393000e+000
13  1.046000e+000
14  6.074000e+001
15  5.157000e+001
16  3.209000e+001
17  1.699000e+001
18  9.580000e+000
19  7.486000e-002
20  5.184000e-002
21  1.233000e-001
22  4.888000e+000
23  4.377000e+001
24  3.319000e+000
25  1.404000e+001
26  6.191000e+001
27  5.275000e+001
28  5.590000e+001
29  2.604000e+001
30  3.658000e+000
31  1.939000e-001
32  1.838000e-001
33  2.404000e-001
34  6.020000e-001
35  3.311000e+001
36  1.452000e+001
37  1.876000e+001
38  3.888000e+001
39  3.232000e+001
40  4.165000e+001
41  3.099000e+001
42  1.260000e+000
43  2.915000e-001
44  2.417000e-001
45  3.261000e-001
46  5.460000e-001
47  2.971000e+001
48  1.669000e+001
49  2.754000e+001
50  2.686000e+001
51  3.346000e+001
52  4.809000e+001
53  3.774000e+001
54  4.484000e+000
55  2.971000e-001
56  2.403000e-001
57  3.686000e-001
58  6.370000e-001
59  1.300000e+002
60  1.549000e+001
61  1.772000e+001
62  3.164000e+001
63  5.845000e+000
64  6.216000e+001
65  6.338000e+001
66  3.010000e+001
67  6.526000e-001
68  5.425000e-001
69  6.180000e-001
70  6.949000e-001
71  3.090000e+000
72  7.287000e-001
73  5.674000e+000
74  3.898000e+001
75  2.997000e+001
76  9.874000e+001
77  1.396000e+001
78  3.025000e+000
79  7.000000e-001
80  5.497000e-001
81  5.788000e-001
82  1.379000e+000
83  1.049000e+000
84  1.331000e+000
85  3.803000e+000
86  2.442000e+000
87  7.364000e+000
88  4.060000e+001
89  1.196000e+001
90  3.515000e-001
91  1.661000e-001
92  1.172000e-001
93  2.540000e-001
94  1.687000e+000
95  2.099000e+001
96  9.592000e+000
97  4.759000e+000
98  4.083000e+001
99  1.229000e+002
100  1.600000e+001
101  1.407000e+001
102  8.179000e-001
103  2.319000e-001
104  2.055000e-001
105  2.716000e-001
106  3.638000e-001
107  1.680000e+000
108  1.124000e+000
109  1.835000e+001
110  9.873000e+000
111  1.299000e+001
112  1.488000e+001
113  6.143000e-001
114  0.000000e+000
115  8.734000e-001
116  1.182000e+000
117  1.442000e-002
118  4.220000e-001
119  1.767000e+001
120  1.281000e+001
121  1.434000e+001
122  3.815000e+001
123  5.822000e+001
124  2.098000e+001
125  2.288000e-001
126  1.029000e-002
127  0.000000e+000
128  0.000000e+000
129  1.586000e-001
130  9.410000e-001
131  3.903000e+000
132  1.182000e+001
133  3.578000e+000
134  2.744000e+001
135  5.633000e+000
136  6.153000e+000
137  8.400000e-001
138  1.612000e-002
139  2.484000e-002
140  0.000000e+000
141  2.139000e-002
142  1.634000e-001
143  4.136000e+000
144  3.560000e+000
   3 
1  3.452000e+000
2  3.320000e+000
3  2.012000e+001
4  7.366000e+000
5  5.255000e+000
6  4.173000e+000
7  3.835000e+000
8  3.543000e+000
9  3.418000e+000
10  3.363000e+000
11  3.220000e+000
12  3.555000e+000
13  2.868000e+000
14  1.914000e+001
15  1.238000e+001
16  7.702000e+000
17  5.490000e+000
18  4.255000e+000
19  3.721000e+000
20  3.467000e+000
21  3.337000e+000
22  3.267000e+000
23  4.856000e+000
24  3.117000e+000
25  5.379000e+000
26  1.995000e+001
27  3.525000e+001
28  2.009000e+001
29  9.191000e+000
30  7.511000e+000
31  6.970000e+000
32  6.526000e+000
33  6.182000e+000
34  5.898000e+000
35  6.393000e+000
36  6.582000e+000
37  7.951000e+000
38  2.160000e+001
39  1.399000e+001
40  1.009000e+001
41  9.874000e+000
42  7.764000e+000
43  7.169000e+000
44  6.675000e+000
45  6.358000e+000
46  6.038000e+000
47  5.765000e+000
48  8.688000e+000
49  1.454000e+001
50  1.488000e+001
51  9.835000e+000
52  1.486000e+001
53  1.248000e+001
54  8.397000e+000
55  7.738000e+000
56  7.189000e+000
57  6.813000e+000
58  6.493000e+000
59  2.088000e+001
60  1.484000e+001
61  1.830000e+001
62  1.493000e+001
63  8.606000e+000
64  1.595000e+001
65  2.215000e+001
66  1.530000e+001
67  1.277000e+001
68  1.190000e+001
69  1.118000e+001
70  1.054000e+001
71  9.913000e+000
72  9.321000e+000
73  8.698000e+000
74  1.001000e+001
75  1.463000e+001
76  3.351000e+001
77  1.162000e+001
78  1.062000e+001
79  9.842000e+000
80  9.120000e+000
81  8.562000e+000
82  8.152000e+000
83  7.676000e+000
84  7.189000e+000
85  6.703000e+000
86  6.269000e+000
87  5.924000e+000
88  6.383000e+000
89  4.822000e+000
90  4.326000e+000
91  3.941000e+000
92  3.650000e+000
93  3.571000e+000
94  3.446000e+000
95  3.342000e+000
96  3.156000e+000
97  3.059000e+000
98  1.985000e+001
99  4.341000e+001
100  6.241000e+000
101  6.338000e+000
102  5.663000e+000
103  5.217000e+000
104  4.882000e+000
105  4.652000e+000
106  4.464000e+000
107  4.255000e+000
108  4.022000e+000
109  3.908000e+000
110  3.508000e+000
111  3.400000e+000
112  3.131000e+000
113  2.579000e+000
114  2.259000e+000
115  2.063000e+000
116  1.927000e+000
117  1.887000e+000
118  1.889000e+000
119  1.888000e+000
120  3.270000e+000
121  2.045000e+000
122  1.125000e+001
123  1.242000e+001
124  3.930000e+000
125  2.876000e+000
126  2.523000e+000
127  2.297000e+000
128  2.171000e+000
129  2.120000e+000
130  2.140000e+000
131  2.097000e+000
132  2.555000e+000
133  2.416000e+000
134  7.462000e+000
135  1.543000e+000
136  1.352000e+000
137  1.099000e+000
138  8.498000e-001
139  7.484000e-001
140  6.732000e-001
141  7.558000e-001
142  8.387000e-001
143  8.827000e-001
144  8.957000e-001
   4 
1  3.854000e+000
2  3.458000e+000
3  1.361000e+001
4  7.176000e+000
5  6.543000e+000
6  5.488000e+000
7  4.819000e+000
8  4.296000e+000
9  3.979000e+000
10  3.758000e+000
11  3.461000e+000
12  3.377000e+000
13  2.884000e+000
14  1.314000e+001
15  8.494000e+000
16  7.281000e+000
17  6.345000e+000
18  5.228000e+000
19  4.541000e+000
20  4.081000e+000
21  3.772000e+000
22  3.535000e+000
23  4.273000e+000
24  3.195000e+000
25  3.956000e+000
26  1.444000e+001
27  2.832000e+001
28  1.811000e+001
29  1.116000e+001
30  1.096000e+001
31  9.817000e+000
32  8.858000e+000
33  8.010000e+000
34  7.377000e+000
35  7.170000e+000
36  6.839000e+000
37  6.788000e+000
38  1.524000e+001
39  1.221000e+001
40  1.033000e+001
41  1.109000e+001
42  1.055000e+001
43  9.392000e+000
44  8.386000e+000
45  7.658000e+000
46  7.011000e+000
47  6.471000e+000
48  8.127000e+000
49  1.224000e+001
50  1.359000e+001
51  9.769000e+000
52  1.383000e+001
53  1.303000e+001
54  1.057000e+001
55  9.377000e+000
56  8.429000e+000
57  7.776000e+000
58  7.135000e+000
59  1.577000e+001
60  1.330000e+001
61  1.641000e+001
62  1.433000e+001
63  1.075000e+001
64  1.431000e+001
65  2.257000e+001
66  1.787000e+001
67  1.614000e+001
68  1.463000e+001
69  1.331000e+001
70  1.217000e+001
71  1.107000e+001
72  1.005000e+001
73  9.087000e+000
74  8.661000e+000
75  1.144000e+001
76  2.753000e+001
77  1.358000e+001
78  1.248000e+001
79  1.122000e+001
80  1.003000e+001
81  9.137000e+000
82  8.392000e+000
83  7.671000e+000
84  6.950000e+000
85  6.282000e+000
86  5.660000e+000
87  5.084000e+000
88  4.596000e+000
89  3.877000e+000
90  3.326000e+000
91  2.889000e+000
92  2.568000e+000
93  2.471000e+000
94  2.330000e+000
95  2.221000e+000
96  2.045000e+000
97  1.865000e+000
98  1.267000e+001
99  3.197000e+001
100  7.530000e+000
101  8.159000e+000
102  7.392000e+000
103  6.467000e+000
104  5.812000e+000
105  5.336000e+000
106  4.939000e+000
107  4.515000e+000
108  4.127000e+000
109  3.735000e+000
110  3.330000e+000
111  3.053000e+000
112  2.770000e+000
113  2.314000e+000
114  1.932000e+000
115  1.687000e+000
116  1.494000e+000
117  1.427000e+000
118  1.404000e+000
119  1.396000e+000
120  1.534000e+000
121  1.275000e+000
122  5.469000e+000
123  9.146000e+000
124  3.703000e+000
125  3.907000e+000
126  3.424000e+000
127  3.001000e+000
128  2.681000e+000
129  2.467000e+000
130  2.383000e+000
131  2.246000e+000
132  2.205000e+000
133  2.038000e+000
134  3.894000e+000
135  1.518000e+000
136  1.302000e+000
137  1.018000e+000
138  7.429000e-001
139  6.036000e-001
140  5.080000e-001
141  5.699000e-001
142  6.356000e-001
143  6.673000e-001
144  6.638000e-001
   5 
1  2.547000e+000
2  3.693000e+000
3  3.095000e+001
4  9.730000e+000
5  4.879000e+000
6  2.724000e+000
7  2.265000e+000
8  1.901000e+000
9  1.720000e+000
10  1.644000e+000
11  1.562000e+000
12  3.218000e+000
13  1.215000e+000
14  2.825000e+001
15  1.984000e+001
16  1.006000e+001
17  6.050000e+000
18  3.741000e+000
19  2.474000e+000
20  2.122000e+000
21  1.893000e+000
22  1.772000e+000
23  6.803000e+000
24  1.684000e+000
25  7.656000e+000
26  2.912000e+001
27  3.876000e+001
28  2.321000e+001
29  1.243000e+001
30  7.929000e+000
31  6.783000e+000
32  5.844000e+000
33  5.113000e+000
34  4.560000e+000
35  5.993000e+000
36  7.665000e+000
37  1.268000e+001
38  2.548000e+001
39  1.728000e+001
40  1.293000e+001
41  1.183000e+001
42  6.689000e+000
43  5.606000e+000
44  4.825000e+000
45  4.252000e+000
46  3.791000e+000
47  3.904000e+000
48  9.107000e+000
49  1.920000e+001
50  1.783000e+001
51  1.247000e+001
52  1.975000e+001
53  1.510000e+001
54  7.345000e+000
55  6.135000e+000
56  5.266000e+000
57  4.712000e+000
58  4.195000e+000
59  3.369000e+001
60  1.761000e+001
61  2.204000e+001
62  1.738000e+001
63  6.542000e+000
64  2.391000e+001
65  2.982000e+001
66  1.809000e+001
67  1.177000e+001
68  1.047000e+001
69  9.313000e+000
70  8.241000e+000
71  7.235000e+000
72  6.339000e+000
73  5.547000e+000
74  1.188000e+001
75  1.260000e+001
76  4.557000e+001
77  1.094000e+001
78  8.466000e+000
79  7.365000e+000
80  6.319000e+000
81  5.536000e+000
82  4.949000e+000
83  4.368000e+000
84  3.824000e+000
85  3.304000e+000
86  2.872000e+000
87  3.695000e+000
88  6.183000e+000
89  1.784000e+000
90  1.247000e+000
91  9.395000e-001
92  7.584000e-001
93  7.865000e-001
94  7.662000e-001
95  8.654000e-001
96  8.245000e-001
97  1.374000e+000
98  2.876000e+001
99  5.820000e+001
100  5.621000e+000
101  5.880000e+000
102  4.035000e+000
103  3.310000e+000
104  2.843000e+000
105  2.530000e+000
106  2.301000e+000
107  2.075000e+000
108  1.826000e+000
109  3.483000e+000
110  1.811000e+000
111  1.711000e+000
112  1.704000e+000
113  6.719000e-001
114  4.024000e-001
115  2.736000e-001
116  1.970000e-001
117  2.264000e-001
118  2.963000e-001
119  7.477000e-001
120  6.124000e+000
121  2.294000e+000
122  2.164000e+001
123  1.616000e+001
124  4.941000e+000
125  1.574000e+000
126  1.198000e+000
127  9.299000e-001
128  7.782000e-001
129  7.088000e-001
130  7.565000e-001
131  7.378000e-001
132  2.027000e+000
133  2.076000e+000
134  1.434000e+001
135  4.915000e-001
136  6.527000e-001
137  1.585000e-001
138  1.063000e-002
139  2.073000e-004
140  0.000000e+000
141  2.139000e-004
142  4.261000e-002
143  1.112000e-001
144  1.329000e-001
   6 
1  3.780000e+000
2  3.541000e+000
3  1.673000e+001
4  7.182000e+000
5  5.704000e+000
6  4.766000e+000
7  4.351000e+000
8  4.019000e+000
9  3.848000e+000
10  3.741000e+000
11  3.558000e+000
12  3.631000e+000
13  3.122000e+000
14  1.606000e+001
15  1.050000e+001
16  7.515000e+000
17  5.709000e+000
18  4.662000e+000
19  4.139000e+000
20  3.863000e+000
21  3.679000e+000
22  3.563000e+000
23  4.642000e+000
24  3.347000e+000
25  4.697000e+000
26  1.725000e+001
27  3.169000e+001
28  1.929000e+001
29  9.833000e+000
30  8.526000e+000
31  7.871000e+000
32  7.338000e+000
33  6.889000e+000
34  6.556000e+000
35  6.756000e+000
36  6.662000e+000
37  7.147000e+000
38  1.821000e+001
39  1.297000e+001
40  1.006000e+001
41  1.029000e+001
42  8.747000e+000
43  8.035000e+000
44  7.464000e+000
45  7.048000e+000
46  6.672000e+000
47  6.317000e+000
48  8.622000e+000
49  1.337000e+001
50  1.412000e+001
51  9.795000e+000
52  1.398000e+001
53  1.256000e+001
54  9.247000e+000
55  8.429000e+000
56  7.810000e+000
57  7.432000e+000
58  7.030000e+000
59  1.805000e+001
60  1.418000e+001
61  1.714000e+001
62  1.463000e+001
63  9.510000e+000
64  1.478000e+001
65  2.191000e+001
66  1.591000e+001
67  1.384000e+001
68  1.282000e+001
69  1.204000e+001
70  1.133000e+001
71  1.063000e+001
72  9.928000e+000
73  9.236000e+000
74  9.545000e+000
75  1.328000e+001
76  3.082000e+001
77  1.242000e+001
78  1.141000e+001
79  1.052000e+001
80  9.730000e+000
81  9.142000e+000
82  8.641000e+000
83  8.111000e+000
84  7.585000e+000
85  7.035000e+000
86  6.552000e+000
87  6.054000e+000
88  5.959000e+000
89  4.969000e+000
90  4.453000e+000
91  4.030000e+000
92  3.740000e+000
93  3.627000e+000
94  3.482000e+000
95  3.362000e+000
96  3.161000e+000
97  2.997000e+000
98  1.640000e+001
99  3.785000e+001
100  7.018000e+000
101  6.942000e+000
102  6.304000e+000
103  5.782000e+000
104  5.380000e+000
105  5.098000e+000
106  4.867000e+000
107  4.607000e+000
108  4.321000e+000
109  4.048000e+000
110  3.706000e+000
111  3.539000e+000
112  3.266000e+000
113  2.770000e+000
114  2.418000e+000
115  2.210000e+000
116  2.043000e+000
117  1.999000e+000
118  1.978000e+000
119  1.963000e+000
120  2.498000e+000
121  1.931000e+000
122  8.195000e+000
123  1.100000e+001
124  3.932000e+000
125  3.303000e+000
126  2.916000e+000
127  2.645000e+000
128  2.483000e+000
129  2.397000e+000
130  2.394000e+000
131  2.323000e+000
132  2.501000e+000
133  2.375000e+000
134  5.560000e+000
135  1.686000e+000
136  1.442000e+000
137  1.211000e+000
138  9.461000e-001
139  8.311000e-001
140  7.522000e-001
141  8.217000e-001
142  8.956000e-001
143  9.318000e-001
144  9.390000e-001
   7 
1  3.952000e+000
2  3.570000e+000
3  1.277000e+001
4  6.752000e+000
5  6.536000e+000
6  5.659000e+000
7  4.924000e+000
8  4.404000e+000
9  4.085000e+000
10  3.866000e+000
11  3.567000e+000
12  3.455000e+000
13  2.988000e+000
14  1.255000e+001
15  8.031000e+000
16  6.754000e+000
17  6.273000e+000
18  5.361000e+000
19  4.634000e+000
20  4.165000e+000
21  3.855000e+000
22  3.619000e+000
23  4.291000e+000
24  3.259000e+000
25  3.921000e+000
26  1.390000e+001
27  2.749000e+001
28  1.728000e+001
29  1.043000e+001
30  1.083000e+001
31  9.985000e+000
32  8.955000e+000
33  8.105000e+000
34  7.478000e+000
35  7.237000e+000
36  6.862000e+000
37  6.732000e+000
38  1.451000e+001
39  1.170000e+001
40  1.004000e+001
41  1.073000e+001
42  1.055000e+001
43  9.611000e+000
44  8.519000e+000
45  7.787000e+000
46  7.147000e+000
47  6.601000e+000
48  8.029000e+000
49  1.179000e+001
50  1.333000e+001
51  9.477000e+000
52  1.353000e+001
53  1.267000e+001
54  1.071000e+001
55  9.493000e+000
56  8.545000e+000
57  7.902000e+000
58  7.268000e+000
59  1.540000e+001
60  1.271000e+001
61  1.610000e+001
62  1.393000e+001
63  1.074000e+001
64  1.397000e+001
65  2.176000e+001
66  1.766000e+001
67  1.633000e+001
68  1.472000e+001
69  1.340000e+001
70  1.228000e+001
71  1.120000e+001
72  1.019000e+001
73  9.237000e+000
74  8.711000e+000
75  1.120000e+001
76  2.627000e+001
77  1.328000e+001
78  1.268000e+001
79  1.135000e+001
80  1.020000e+001
81  9.290000e+000
82  8.553000e+000
83  7.836000e+000
84  7.117000e+000
85  6.449000e+000
86  5.825000e+000
87  5.248000e+000
88  4.690000e+000
89  4.037000e+000
90  3.474000e+000
91  3.024000e+000
92  2.712000e+000
93  2.597000e+000
94  2.458000e+000
95  2.343000e+000
96  2.158000e+000
97  1.968000e+000
98  1.208000e+001
99  3.056000e+001
100  6.923000e+000
101  8.051000e+000
102  7.578000e+000
103  6.599000e+000
104  5.935000e+000
105  5.461000e+000
106  5.039000e+000
107  4.630000e+000
108  4.228000e+000
109  3.861000e+000
110  3.441000e+000
111  3.144000e+000
112  2.840000e+000
113  2.413000e+000
114  2.036000e+000
115  1.784000e+000
116  1.582000e+000
117  1.513000e+000
118  1.485000e+000
119  1.464000e+000
120  1.546000e+000
121  1.324000e+000
122  5.024000e+000
123  8.795000e+000
124  3.330000e+000
125  3.858000e+000
126  3.523000e+000
127  3.119000e+000
128  2.760000e+000
129  2.542000e+000
130  2.458000e+000
131  2.319000e+000
132  2.243000e+000
133  2.064000e+000
134  3.609000e+000
135  1.579000e+000
136  1.403000e+000
137  1.101000e+000
138  8.149000e-001
139  6.789000e-001
140  5.757000e-001
141  6.336000e-001
142  6.956000e-001
143  7.235000e-001
144  7.180000e-001
   8 
1  2.772000e+000
2  3.066000e+000
3  2.537000e+001
4  8.701000e+000
5  5.189000e+000
6  3.620000e+000
7  3.129000e+000
8  2.743000e+000
9  2.551000e+000
10  2.441000e+000
11  2.272000e+000
12  3.115000e+000
13  1.893000e+000
14  2.314000e+001
15  1.556000e+001
16  9.101000e+000
17  5.819000e+000
18  4.084000e+000
19  3.153000e+000
20  2.819000e+000
21  2.607000e+000
22  2.476000e+000
23  5.212000e+000
24  2.307000e+000
25  6.225000e+000
26  2.393000e+001
27  3.966000e+001
28  2.265000e+001
29  1.120000e+001
30  8.043000e+000
31  7.142000e+000
32  6.352000e+000
33  5.753000e+000
34  5.297000e+000
35  6.033000e+000
36  6.863000e+000
37  9.741000e+000
38  2.153000e+001
39  1.612000e+001
40  1.162000e+001
41  1.147000e+001
42  7.800000e+000
43  6.869000e+000
44  6.085000e+000
45  5.549000e+000
46  5.091000e+000
47  4.743000e+000
48  8.973000e+000
49  1.690000e+001
50  1.639000e+001
51  1.137000e+001
52  1.729000e+001
53  1.439000e+001
54  8.213000e+000
55  7.207000e+000
56  6.429000e+000
57  5.909000e+000
58  5.422000e+000
59  2.619000e+001
60  1.656000e+001
61  2.026000e+001
62  1.650000e+001
63  7.990000e+000
64  1.981000e+001
65  2.649000e+001
66  1.774000e+001
67  1.317000e+001
68  1.189000e+001
69  1.082000e+001
70  9.831000e+000
71  8.911000e+000
72  8.052000e+000
73  7.216000e+000
74  1.045000e+001
75  1.579000e+001
76  3.897000e+001
77  1.156000e+001
78  9.800000e+000
79  8.733000e+000
80  7.784000e+000
81  7.052000e+000
82  6.476000e+000
83  5.874000e+000
84  5.311000e+000
85  4.750000e+000
86  4.262000e+000
87  4.335000e+000
88  5.610000e+000
89  2.874000e+000
90  2.351000e+000
91  1.991000e+000
92  1.739000e+000
93  1.703000e+000
94  1.627000e+000
95  1.577000e+000
96  1.472000e+000
97  1.584000e+000
98  2.341000e+001
99  5.049000e+001
100  6.160000e+000
101  6.150000e+000
102  4.946000e+000
103  4.339000e+000
104  3.877000e+000
105  3.518000e+000
106  3.264000e+000
107  3.019000e+000
108  2.739000e+000
109  3.126000e+000
110  2.371000e+000
111  2.297000e+000
112  2.063000e+000
113  1.384000e+000
114  1.069000e+000
115  9.060000e-001
116  7.877000e-001
117  7.792000e-001
118  8.108000e-001
119  8.724000e-001
120  4.061000e+000
121  1.595000e+000
122  1.553000e+001
123  1.395000e+001
124  4.469000e+000
125  2.241000e+000
126  1.844000e+000
127  1.564000e+000
128  1.406000e+000
129  1.332000e+000
130  1.352000e+000
131  1.294000e+000
132  2.132000e+000
133  2.065000e+000
134  1.020000e+001
135  8.607000e-001
136  7.634000e-001
137  4.373000e-001
138  2.216000e-001
139  1.438000e-001
140  8.827000e-002
141  1.667000e-001
142  2.609000e-001
143  3.247000e-001
144  3.418000e-001
   9 
1  4.059000e+000
2  3.603000e+000
3  1.118000e+001
4  7.461000e+000
5  7.042000e+000
6  6.056000e+000
7  5.308000e+000
8  4.619000e+000
9  4.216000e+000
10  3.945000e+000
11  3.595000e+000
12  3.375000e+000
13  2.939000e+000
14  1.057000e+001
15  7.185000e+000
16  7.484000e+000
17  6.670000e+000
18  5.775000e+000
19  4.972000e+000
20  4.383000e+000
21  4.006000e+000
22  3.727000e+000
23  4.154000e+000
24  3.331000e+000
25  3.639000e+000
26  1.211000e+001
27  2.512000e+001
28  1.805000e+001
29  1.272000e+001
30  1.230000e+001
31  1.103000e+001
32  9.723000e+000
33  8.753000e+000
34  7.970000e+000
35  7.478000e+000
36  7.100000e+000
37  6.678000e+000
38  1.221000e+001
39  1.129000e+001
40  1.077000e+001
41  1.197000e+001
42  1.157000e+001
43  1.031000e+001
44  9.106000e+000
45  8.178000e+000
46  7.433000e+000
47  6.765000e+000
48  8.015000e+000
49  1.142000e+001
50  1.296000e+001
51  1.019000e+001
52  1.339000e+001
53  1.354000e+001
54  1.146000e+001
55  9.986000e+000
56  8.899000e+000
57  8.100000e+000
58  7.381000e+000
59  1.428000e+001
60  1.281000e+001
61  1.541000e+001
62  1.426000e+001
63  1.161000e+001
64  1.410000e+001
65  2.341000e+001
66  1.930000e+001
67  1.754000e+001
68  1.552000e+001
69  1.400000e+001
70  1.264000e+001
71  1.139000e+001
72  1.025000e+001
73  9.184000e+000
74  8.343000e+000
75  1.017000e+001
76  2.542000e+001
77  1.463000e+001
78  1.332000e+001
79  1.175000e+001
80  1.044000e+001
81  9.428000e+000
82  8.578000e+000
83  7.741000e+000
84  6.954000e+000
85  6.222000e+000
86  5.562000e+000
87  4.952000e+000
88  4.295000e+000
89  3.692000e+000
90  3.127000e+000
91  2.679000e+000
92  2.357000e+000
93  2.251000e+000
94  2.111000e+000
95  2.013000e+000
96  1.828000e+000
97  1.651000e+000
98  9.775000e+000
99  2.752000e+001
100  8.957000e+000
101  9.160000e+000
102  8.203000e+000
103  7.253000e+000
104  6.378000e+000
105  5.775000e+000
106  5.279000e+000
107  4.799000e+000
108  4.323000e+000
109  3.902000e+000
110  3.440000e+000
111  3.078000e+000
112  2.804000e+000
113  2.349000e+000
114  1.939000e+000
115  1.675000e+000
116  1.472000e+000
117  1.384000e+000
118  1.356000e+000
119  1.328000e+000
120  1.262000e+000
121  1.133000e+000
122  3.552000e+000
123  7.844000e+000
124  4.331000e+000
125  4.383000e+000
126  3.788000e+000
127  3.313000e+000
128  2.951000e+000
129  2.717000e+000
130  2.578000e+000
131  2.400000e+000
132  2.205000e+000
133  1.982000e+000
134  2.674000e+000
135  1.610000e+000
136  1.452000e+000
137  1.159000e+000
138  8.279000e-001
139  6.855000e-001
140  5.646000e-001
141  6.121000e-001
142  6.659000e-001
143  6.875000e-001
144  6.761000e-001
   10 
1  4.002000e+000
2  3.609000e+000
3  1.246000e+001
4  6.530000e+000
5  6.477000e+000
6  5.735000e+000
7  4.960000e+000
8  4.440000e+000
9  4.122000e+000
10  3.903000e+000
11  3.603000e+000
12  3.483000e+000
13  3.023000e+000
14  1.237000e+001
15  7.849000e+000
16  6.493000e+000
17  6.190000e+000
18  5.430000e+000
19  4.665000e+000
20  4.199000e+000
21  3.886000e+000
22  3.651000e+000
23  4.300000e+000
24  3.279000e+000
25  3.912000e+000
26  1.372000e+001
27  2.719000e+001
28  1.692000e+001
29  1.001000e+001
30  1.067000e+001
31  1.006000e+001
32  8.990000e+000
33  8.146000e+000
34  7.513000e+000
35  7.260000e+000
36  6.853000e+000
37  6.721000e+000
38  1.426000e+001
39  1.149000e+001
40  9.856000e+000
41  1.052000e+001
42  1.049000e+001
43  9.702000e+000
44  8.570000e+000
45  7.831000e+000
46  7.193000e+000
47  6.648000e+000
48  7.982000e+000
49  1.159000e+001
50  1.320000e+001
51  9.327000e+000
52  1.335000e+001
53  1.248000e+001
54  1.075000e+001
55  9.535000e+000
56  8.585000e+000
57  7.941000e+000
58  7.317000e+000
59  1.526000e+001
60  1.245000e+001
61  1.595000e+001
62  1.375000e+001
63  1.068000e+001
64  1.382000e+001
65  2.135000e+001
66  1.740000e+001
67  1.636000e+001
68  1.476000e+001
69  1.343000e+001
70  1.232000e+001
71  1.124000e+001
72  1.024000e+001
73  9.288000e+000
74  8.730000e+000
75  1.111000e+001
76  2.576000e+001
77  1.301000e+001
78  1.275000e+001
79  1.141000e+001
80  1.026000e+001
81  9.343000e+000
82  8.607000e+000
83  7.892000e+000
84  7.174000e+000
85  6.506000e+000
86  5.882000e+000
87  5.303000e+000
88  4.726000e+000
89  4.084000e+000
90  3.533000e+000
91  3.074000e+000
92  2.759000e+000
93  2.643000e+000
94  2.501000e+000
95  2.385000e+000
96  2.191000e+000
97  2.011000e+000
98  1.188000e+001
99  3.003000e+001
100  6.563000e+000
101  7.909000e+000
102  7.629000e+000
103  6.673000e+000
104  5.981000e+000
105  5.508000e+000
106  5.071000e+000
107  4.670000e+000
108  4.268000e+000
109  3.901000e+000
110  3.480000e+000
111  3.168000e+000
112  2.871000e+000
113  2.448000e+000
114  2.064000e+000
115  1.825000e+000
116  1.613000e+000
117  1.543000e+000
118  1.514000e+000
119  1.491000e+000
120  1.551000e+000
121  1.340000e+000
122  4.874000e+000
123  8.679000e+000
124  3.129000e+000
125  3.783000e+000
126  3.546000e+000
127  3.170000e+000
128  2.798000e+000
129  2.570000e+000
130  2.485000e+000
131  2.346000e+000
132  2.255000e+000
133  2.080000e+000
134  3.517000e+000
135  1.595000e+000
136  1.425000e+000
137  1.143000e+000
138  8.357000e-001
139  7.078000e-001
140  5.987000e-001
141  6.553000e-001
142  7.161000e-001
143  7.427000e-001
144  7.367000e-001
   11 
1  6.137000e+000
2  1.200000e+001
3  4.543000e+001
4  1.701000e+001
5  4.151000e+000
6  2.415000e-001
7  1.405000e-001
8  1.082000e-001
9  2.067000e-001
10  3.616000e-001
11  3.403000e+000
12  5.840000e+000
13  9.947000e-001
14  5.139000e+001
15  3.893000e+001
16  1.826000e+001
17  8.369000e+000
18  3.951000e+000
19  2.283000e-002
20  1.886000e-002
21  9.228000e-002
22  8.211000e-001
23  2.341000e+001
24  1.543000e+000
25  1.367000e+001
26  5.366000e+001
27  5.110000e+001
28  3.395000e+001
29  1.673000e+001
30  1.459000e+000
31  1.759000e-001
32  2.190000e-001
33  2.996000e-001
34  4.212000e-001
35  1.196000e+001
36  1.068000e+001
37  2.052000e+001
38  3.375000e+001
39  2.180000e+001
40  2.411000e+001
41  1.911000e+001
42  5.093000e-001
43  3.190000e-001
44  3.114000e-001
45  3.945000e-001
46  4.755000e-001
47  1.277000e+001
48  1.196000e+001
49  2.421000e+001
50  2.052000e+001
51  2.209000e+001
52  3.204000e+001
53  2.404000e+001
54  3.529000e+000
55  9.413000e-001
56  9.160000e-001
57  1.033000e+000
58  1.090000e+000
59  7.951000e+001
60  1.594000e+001
61  2.018000e+001
62  2.402000e+001
63  3.652000e+000
64  4.567000e+001
65  4.983000e+001
66  2.223000e+001
67  1.484000e+000
68  1.484000e+000
69  1.547000e+000
70  1.583000e+000
71  1.762000e+000
72  1.409000e+000
73  3.933000e+000
74  2.610000e+001
75  1.149000e+001
76  7.478000e+001
77  8.423000e+000
78  1.994000e+000
79  1.398000e+000
80  1.285000e+000
81  1.291000e+000
82  1.336000e+000
83  1.250000e+000
84  1.170000e+000
85  1.573000e+000
86  1.133000e+000
87  1.651000e+000
88  2.111000e+001
89  4.195000e+000
90  4.398000e-001
91  3.189000e-001
92  2.402000e-001
93  3.722000e-001
94  4.815000e-001
95  7.446000e+000
96  3.587000e+000
97  4.550000e+000
98  4.388000e+001
99  9.448000e+001
100  8.083000e+000
101  7.479000e+000
102  5.546000e-001
103  2.455000e-001
104  2.504000e-001
105  3.329000e-001
106  4.224000e-001
107  4.717000e-001
108  4.487000e-001
109  1.172000e+001
110  3.471000e+000
111  4.184000e+000
112  6.920000e+000
113  6.342000e-002
114  0.000000e+000
115  1.469000e-006
116  0.000000e+000
117  5.696000e-004
118  4.978000e-002
119  7.528000e+000
120  1.024000e+001
121  1.024000e+001
122  4.285000e+001
123  3.398000e+001
124  1.059000e+001
125  5.014000e-002
126  2.429000e-004
127  0.000000e+000
128  0.000000e+000
129  6.140000e-003
130  1.245000e-001
131  4.233000e-001
132  3.588000e+000
133  2.635000e+000
134  2.714000e+001
135  1.054000e+000
136  3.018000e+000
137  2.915000e-002
138  0.000000e+000
139  0.000000e+000
140  0.000000e+000
141  0.000000e+000
142  3.074000e-002
143  6.920000e-001
144  3.614000e-001
   12 
1  4.033000e-002
2  1.916000e-001
3  1.707000e+001
4  2.682000e+000
5  6.325000e-001
6  0.000000e+000
7  0.000000e+000
8  0.000000e+000
9  0.000000e+000
10  0.000000e+000
11  0.000000e+000
12  5.208000e-001
13  5.406000e-005
14  1.689000e+001
15  9.708000e+000
16  3.267000e+000
17  1.042000e+000
18  1.266000e-001
19  0.000000e+000
20  0.000000e+000
21  0.000000e+000
22  0.000000e+000
23  1.781000e+000
24  2.440000e-002
25  2.651000e+000
26  1.763000e+001
27  3.306000e+001
28  1.582000e+001
29  2.096000e+000
30  0.000000e+000
31  0.000000e+000
32  0.000000e+000
33  0.000000e+000
34  0.000000e+000
35  7.738000e-001
36  1.135000e+000
37  2.838000e+000
38  1.713000e+001
39  8.852000e+000
40  3.891000e+000
41  2.369000e+000
42  0.000000e+000
43  0.000000e+000
44  0.000000e+000
45  0.000000e+000
46  0.000000e+000
47  0.000000e+000
48  2.853000e+000
49  8.117000e+000
50  8.503000e+000
51  2.615000e+000
52  7.346000e+000
53  3.759000e+000
54  0.000000e+000
55  0.000000e+000
56  0.000000e+000
57  0.000000e+000
58  0.000000e+000
59  1.502000e+001
60  7.216000e+000
61  1.080000e+001
62  6.812000e+000
63  0.000000e+000
64  7.126000e+000
65  1.027000e+001
66  2.113000e+000
67  0.000000e+000
68  0.000000e+000
69  0.000000e+000
70  0.000000e+000
71  0.000000e+000
72  0.000000e+000
73  0.000000e+000
74  2.027000e+000
75  7.096000e+000
76  2.414000e+001
77  2.955000e-001
78  0.000000e+000
79  0.000000e+000
80  0.000000e+000
81  0.000000e+000
82  0.000000e+000
83  0.000000e+000
84  0.000000e+000
85  0.000000e+000
86  0.000000e+000
87  1.160000e-001
88  1.147000e+000
89  3.706000e-003
90  0.000000e+000
91  0.000000e+000
92  0.000000e+000
93  0.000000e+000
94  0.000000e+000
95  0.000000e+000
96  0.000000e+000
97  9.135000e-002
98  1.754000e+001
99  4.075000e+001
100  2.758000e-001
101  1.382000e-001
102  0.000000e+000
103  0.000000e+000
104  0.000000e+000
105  0.000000e+000
106  0.000000e+000
107  0.000000e+000
108  0.000000e+000
109  1.225000e-001
110  7.605000e-002
111  2.336000e-001
112  1.925000e-001
113  0.000000e+000
114  0.000000e+000
115  0.000000e+000
116  0.000000e+000
117  0.000000e+000
118  0.000000e+000
119  0.000000e+000
120  1.574000e+000
121  3.521000e-001
122  1.008000e+001
123  1.096000e+001
124  1.006000e+000
125  0.000000e+000
126  0.000000e+000
127  0.000000e+000
128  0.000000e+000
129  0.000000e+000
130  0.000000e+000
131  0.000000e+000
132  5.550000e-001
133  6.196000e-001
134  5.961000e+000
135  4.755000e-004
136  3.857000e-004
137  0.000000e+000
138  0.000000e+000
139  0.000000e+000
140  0.000000e+000
141  0.000000e+000
142  0.000000e+000
143  0.000000e+000
144  0.000000e+000
