   1 
1  0.000000e+000
2  0.000000e+000
3  0.000000e+000
4  0.000000e+000
5  0.000000e+000
6  0.000000e+000
7  0.000000e+000
8  0.000000e+000
9  0.000000e+000
10  0.000000e+000
11  0.000000e+000
12  0.000000e+000
13  0.000000e+000
14  4.790000e+003
15  6.191000e+000
16  5.286000e+003
17  0.000000e+000
18  0.000000e+000
19  0.000000e+000
20  0.000000e+000
21  0.000000e+000
22  0.000000e+000
23  0.000000e+000
24  0.000000e+000
25  0.000000e+000
26  7.270000e+004
27  5.041000e+002
28  0.000000e+000
29  3.189000e+003
30  0.000000e+000
31  0.000000e+000
32  0.000000e+000
33  0.000000e+000
34  0.000000e+000
35  0.000000e+000
36  0.000000e+000
37  0.000000e+000
38  0.000000e+000
39  0.000000e+000
40  0.000000e+000
41  0.000000e+000
42  0.000000e+000
43  0.000000e+000
44  0.000000e+000
45  0.000000e+000
46  0.000000e+000
47  0.000000e+000
48  4.531000e+003
49  1.544000e+004
50  6.632000e+003
51  0.000000e+000
52  0.000000e+000
53  0.000000e+000
54  0.000000e+000
55  0.000000e+000
56  0.000000e+000
57  0.000000e+000
58  0.000000e+000
59  0.000000e+000
60  1.012000e+003
61  0.000000e+000
62  0.000000e+000
63  0.000000e+000
64  0.000000e+000
65  0.000000e+000
66  0.000000e+000
67  0.000000e+000
68  0.000000e+000
69  0.000000e+000
70  0.000000e+000
71  0.000000e+000
72  0.000000e+000
73  0.000000e+000
74  0.000000e+000
75  0.000000e+000
76  0.000000e+000
77  0.000000e+000
78  0.000000e+000
79  0.000000e+000
80  0.000000e+000
81  0.000000e+000
82  0.000000e+000
83  0.000000e+000
84  0.000000e+000
85  0.000000e+000
86  0.000000e+000
87  0.000000e+000
88  0.000000e+000
89  0.000000e+000
90  0.000000e+000
91  0.000000e+000
92  0.000000e+000
93  0.000000e+000
94  0.000000e+000
95  0.000000e+000
96  0.000000e+000
97  0.000000e+000
98  6.704000e+004
99  3.669000e+004
100  0.000000e+000
101  0.000000e+000
102  0.000000e+000
103  0.000000e+000
104  0.000000e+000
105  0.000000e+000
106  0.000000e+000
107  0.000000e+000
108  0.000000e+000
109  0.000000e+000
110  0.000000e+000
111  0.000000e+000
112  0.000000e+000
113  0.000000e+000
114  0.000000e+000
115  0.000000e+000
116  0.000000e+000
117  0.000000e+000
118  0.000000e+000
119  0.000000e+000
120  0.000000e+000
121  0.000000e+000
122  0.000000e+000
123  6.871000e+003
124  0.000000e+000
125  0.000000e+000
126  0.000000e+000
127  0.000000e+000
128  0.000000e+000
129  0.000000e+000
130  0.000000e+000
131  0.000000e+000
132  0.000000e+000
133  0.000000e+000
134  0.000000e+000
135  0.000000e+000
136  0.000000e+000
137  0.000000e+000
138  0.000000e+000
139  0.000000e+000
140  0.000000e+000
141  0.000000e+000
142  0.000000e+000
143  0.000000e+000
144  0.000000e+000
   2 
1  0.000000e+000
2  8.930000e+005
3  6.831000e+005
4  1.139000e+006
5  5.198000e+005
6  0.000000e+000
7  0.000000e+000
8  0.000000e+000
9  0.000000e+000
10  0.000000e+000
11  0.000000e+000
12  0.000000e+000
13  0.000000e+000
14  1.009000e+006
15  4.298000e+005
16  8.411000e+005
17  7.712000e+005
18  8.686000e+003
19  0.000000e+000
20  0.000000e+000
21  0.000000e+000
22  0.000000e+000
23  0.000000e+000
24  1.258000e+005
25  2.926000e+004
26  7.980000e+005
27  1.248000e+005
28  1.656000e+005
29  5.567000e+005
30  6.897000e+003
31  0.000000e+000
32  9.363000e+002
33  1.554000e-003
34  0.000000e+000
35  1.601000e+003
36  2.727000e-006
37  5.740000e+004
38  4.231000e+002
39  1.894000e+005
40  0.000000e+000
41  0.000000e+000
42  0.000000e+000
43  0.000000e+000
44  0.000000e+000
45  0.000000e+000
46  0.000000e+000
47  4.120000e+005
48  1.693000e+005
49  5.876000e+005
50  4.211000e+005
51  4.744000e+005
52  6.517000e+005
53  3.018000e+005
54  0.000000e+000
55  0.000000e+000
56  0.000000e+000
57  0.000000e+000
58  0.000000e+000
59  1.257000e+005
60  8.343000e+004
61  1.167000e+003
62  3.632000e+004
63  9.328000e+003
64  1.274000e+004
65  4.520000e+005
66  3.401000e+005
67  0.000000e+000
68  0.000000e+000
69  0.000000e+000
70  0.000000e+000
71  0.000000e+000
72  0.000000e+000
73  1.289000e+004
74  1.832000e+004
75  6.951000e+004
76  1.278000e+005
77  3.563000e+005
78  0.000000e+000
79  0.000000e+000
80  0.000000e+000
81  0.000000e+000
82  0.000000e+000
83  0.000000e+000
84  0.000000e+000
85  4.867000e+003
86  9.790000e+004
87  2.679000e+003
88  4.389000e+004
89  2.257000e+002
90  0.000000e+000
91  0.000000e+000
92  0.000000e+000
93  0.000000e+000
94  0.000000e+000
95  1.774000e+004
96  1.067000e+004
97  1.755000e+005
98  1.071000e+006
99  1.260000e+006
100  8.980000e+004
101  0.000000e+000
102  0.000000e+000
103  0.000000e+000
104  0.000000e+000
105  0.000000e+000
106  0.000000e+000
107  0.000000e+000
108  0.000000e+000
109  8.400000e+003
110  6.546000e+002
111  0.000000e+000
112  2.291000e+004
113  0.000000e+000
114  0.000000e+000
115  0.000000e+000
116  4.981000e+003
117  0.000000e+000
118  0.000000e+000
119  0.000000e+000
120  0.000000e+000
121  5.803000e+004
122  1.182000e+006
123  1.996000e+006
124  9.885000e+005
125  0.000000e+000
126  0.000000e+000
127  0.000000e+000
128  0.000000e+000
129  1.682000e+003
130  0.000000e+000
131  3.716000e+003
132  0.000000e+000
133  0.000000e+000
134  5.671000e+003
135  1.122000e+004
136  3.172000e+003
137  9.830000e+004
138  0.000000e+000
139  0.000000e+000
140  0.000000e+000
141  0.000000e+000
142  0.000000e+000
143  0.000000e+000
144  0.000000e+000
   3 
1  0.000000e+000
2  0.000000e+000
3  0.000000e+000
4  0.000000e+000
5  0.000000e+000
6  0.000000e+000
7  0.000000e+000
8  0.000000e+000
9  0.000000e+000
10  0.000000e+000
11  0.000000e+000
12  0.000000e+000
13  0.000000e+000
14  1.306000e+004
15  8.864000e+002
16  1.338000e+004
17  4.449000e+002
18  0.000000e+000
19  0.000000e+000
20  0.000000e+000
21  0.000000e+000
22  0.000000e+000
23  0.000000e+000
24  0.000000e+000
25  0.000000e+000
26  1.069000e+005
27  1.747000e+003
28  0.000000e+000
29  8.278000e+003
30  0.000000e+000
31  0.000000e+000
32  0.000000e+000
33  0.000000e+000
34  0.000000e+000
35  0.000000e+000
36  0.000000e+000
37  0.000000e+000
38  0.000000e+000
39  0.000000e+000
40  0.000000e+000
41  0.000000e+000
42  0.000000e+000
43  0.000000e+000
44  0.000000e+000
45  0.000000e+000
46  0.000000e+000
47  0.000000e+000
48  8.261000e+003
49  2.944000e+004
50  1.514000e+004
51  3.826000e+002
52  0.000000e+000
53  0.000000e+000
54  0.000000e+000
55  0.000000e+000
56  0.000000e+000
57  0.000000e+000
58  0.000000e+000
59  0.000000e+000
60  2.825000e+003
61  0.000000e+000
62  0.000000e+000
63  0.000000e+000
64  0.000000e+000
65  7.594000e+003
66  0.000000e+000
67  0.000000e+000
68  0.000000e+000
69  0.000000e+000
70  0.000000e+000
71  0.000000e+000
72  0.000000e+000
73  0.000000e+000
74  0.000000e+000
75  0.000000e+000
76  0.000000e+000
77  0.000000e+000
78  0.000000e+000
79  0.000000e+000
80  0.000000e+000
81  0.000000e+000
82  0.000000e+000
83  0.000000e+000
84  0.000000e+000
85  0.000000e+000
86  0.000000e+000
87  0.000000e+000
88  0.000000e+000
89  0.000000e+000
90  0.000000e+000
91  0.000000e+000
92  0.000000e+000
93  0.000000e+000
94  0.000000e+000
95  0.000000e+000
96  0.000000e+000
97  0.000000e+000
98  1.295000e+005
99  6.510000e+004
100  0.000000e+000
101  0.000000e+000
102  0.000000e+000
103  0.000000e+000
104  0.000000e+000
105  0.000000e+000
106  0.000000e+000
107  0.000000e+000
108  0.000000e+000
109  0.000000e+000
110  0.000000e+000
111  0.000000e+000
112  0.000000e+000
113  0.000000e+000
114  0.000000e+000
115  0.000000e+000
116  0.000000e+000
117  0.000000e+000
118  0.000000e+000
119  0.000000e+000
120  0.000000e+000
121  0.000000e+000
122  4.456000e+003
123  3.396000e+004
124  0.000000e+000
125  0.000000e+000
126  0.000000e+000
127  0.000000e+000
128  0.000000e+000
129  0.000000e+000
130  0.000000e+000
131  0.000000e+000
132  0.000000e+000
133  0.000000e+000
134  0.000000e+000
135  0.000000e+000
136  0.000000e+000
137  0.000000e+000
138  0.000000e+000
139  0.000000e+000
140  0.000000e+000
141  0.000000e+000
142  0.000000e+000
143  0.000000e+000
144  0.000000e+000
   4 
1  0.000000e+000
2  0.000000e+000
3  0.000000e+000
4  0.000000e+000
5  0.000000e+000
6  0.000000e+000
7  0.000000e+000
8  0.000000e+000
9  0.000000e+000
10  0.000000e+000
11  0.000000e+000
12  0.000000e+000
13  0.000000e+000
14  1.044000e+003
15  1.578000e+000
16  1.242000e+003
17  0.000000e+000
18  0.000000e+000
19  0.000000e+000
20  0.000000e+000
21  0.000000e+000
22  0.000000e+000
23  0.000000e+000
24  0.000000e+000
25  0.000000e+000
26  4.977000e+004
27  1.891000e-006
28  0.000000e+000
29  9.542000e+002
30  0.000000e+000
31  0.000000e+000
32  0.000000e+000
33  0.000000e+000
34  0.000000e+000
35  0.000000e+000
36  0.000000e+000
37  0.000000e+000
38  0.000000e+000
39  0.000000e+000
40  0.000000e+000
41  0.000000e+000
42  0.000000e+000
43  0.000000e+000
44  0.000000e+000
45  0.000000e+000
46  0.000000e+000
47  0.000000e+000
48  2.602000e+003
49  7.704000e+003
50  2.958000e+003
51  0.000000e+000
52  0.000000e+000
53  0.000000e+000
54  0.000000e+000
55  0.000000e+000
56  0.000000e+000
57  0.000000e+000
58  0.000000e+000
59  0.000000e+000
60  1.731000e+002
61  0.000000e+000
62  0.000000e+000
63  0.000000e+000
64  0.000000e+000
65  0.000000e+000
66  0.000000e+000
67  0.000000e+000
68  0.000000e+000
69  0.000000e+000
70  0.000000e+000
71  0.000000e+000
72  0.000000e+000
73  0.000000e+000
74  0.000000e+000
75  0.000000e+000
76  0.000000e+000
77  0.000000e+000
78  0.000000e+000
79  0.000000e+000
80  0.000000e+000
81  0.000000e+000
82  0.000000e+000
83  0.000000e+000
84  0.000000e+000
85  0.000000e+000
86  0.000000e+000
87  0.000000e+000
88  0.000000e+000
89  0.000000e+000
90  0.000000e+000
91  0.000000e+000
92  0.000000e+000
93  0.000000e+000
94  0.000000e+000
95  0.000000e+000
96  0.000000e+000
97  0.000000e+000
98  3.413000e+004
99  2.255000e+004
100  0.000000e+000
101  0.000000e+000
102  0.000000e+000
103  0.000000e+000
104  0.000000e+000
105  0.000000e+000
106  0.000000e+000
107  0.000000e+000
108  0.000000e+000
109  0.000000e+000
110  0.000000e+000
111  0.000000e+000
112  0.000000e+000
113  0.000000e+000
114  0.000000e+000
115  0.000000e+000
116  0.000000e+000
117  0.000000e+000
118  0.000000e+000
119  0.000000e+000
120  0.000000e+000
121  0.000000e+000
122  0.000000e+000
123  0.000000e+000
124  0.000000e+000
125  0.000000e+000
126  0.000000e+000
127  0.000000e+000
128  0.000000e+000
129  0.000000e+000
130  0.000000e+000
131  0.000000e+000
132  0.000000e+000
133  0.000000e+000
134  0.000000e+000
135  0.000000e+000
136  0.000000e+000
137  0.000000e+000
138  0.000000e+000
139  0.000000e+000
140  0.000000e+000
141  0.000000e+000
142  0.000000e+000
143  0.000000e+000
144  0.000000e+000
   5 
1  0.000000e+000
2  0.000000e+000
3  8.779000e+002
4  4.861000e+004
5  4.994000e+003
6  0.000000e+000
7  0.000000e+000
8  0.000000e+000
9  0.000000e+000
10  0.000000e+000
11  0.000000e+000
12  0.000000e+000
13  0.000000e+000
14  6.672000e+004
15  1.870000e+004
16  6.221000e+004
17  3.416000e+004
18  0.000000e+000
19  0.000000e+000
20  0.000000e+000
21  0.000000e+000
22  0.000000e+000
23  0.000000e+000
24  1.163000e+002
25  0.000000e+000
26  2.468000e+005
27  8.838000e+003
28  2.292000e+003
29  3.750000e+004
30  0.000000e+000
31  0.000000e+000
32  0.000000e+000
33  0.000000e+000
34  0.000000e+000
35  0.000000e+000
36  0.000000e+000
37  0.000000e+000
38  0.000000e+000
39  0.000000e+000
40  0.000000e+000
41  0.000000e+000
42  0.000000e+000
43  0.000000e+000
44  0.000000e+000
45  0.000000e+000
46  0.000000e+000
47  9.432000e+001
48  2.640000e+004
49  1.098000e+005
50  6.569000e+004
51  1.870000e+004
52  1.242000e+004
53  1.823000e+003
54  0.000000e+000
55  0.000000e+000
56  0.000000e+000
57  0.000000e+000
58  0.000000e+000
59  2.504000e+003
60  1.444000e+004
61  4.308000e+000
62  0.000000e+000
63  0.000000e+000
64  0.000000e+000
65  4.742000e+004
66  3.007000e+004
67  0.000000e+000
68  0.000000e+000
69  0.000000e+000
70  0.000000e+000
71  0.000000e+000
72  0.000000e+000
73  0.000000e+000
74  0.000000e+000
75  1.399000e+004
76  0.000000e+000
77  0.000000e+000
78  0.000000e+000
79  0.000000e+000
80  0.000000e+000
81  0.000000e+000
82  0.000000e+000
83  0.000000e+000
84  0.000000e+000
85  0.000000e+000
86  3.453000e+003
87  0.000000e+000
88  0.000000e+000
89  0.000000e+000
90  0.000000e+000
91  0.000000e+000
92  0.000000e+000
93  0.000000e+000
94  0.000000e+000
95  0.000000e+000
96  0.000000e+000
97  0.000000e+000
98  3.575000e+005
99  1.834000e+005
100  0.000000e+000
101  0.000000e+000
102  0.000000e+000
103  0.000000e+000
104  0.000000e+000
105  0.000000e+000
106  0.000000e+000
107  0.000000e+000
108  0.000000e+000
109  0.000000e+000
110  0.000000e+000
111  0.000000e+000
112  0.000000e+000
113  0.000000e+000
114  0.000000e+000
115  0.000000e+000
116  0.000000e+000
117  0.000000e+000
118  0.000000e+000
119  0.000000e+000
120  0.000000e+000
121  0.000000e+000
122  1.503000e+005
123  2.146000e+005
124  4.423000e+004
125  0.000000e+000
126  0.000000e+000
127  0.000000e+000
128  0.000000e+000
129  0.000000e+000
130  0.000000e+000
131  0.000000e+000
132  0.000000e+000
133  0.000000e+000
134  0.000000e+000
135  0.000000e+000
136  0.000000e+000
137  0.000000e+000
138  0.000000e+000
139  0.000000e+000
140  0.000000e+000
141  0.000000e+000
142  0.000000e+000
143  0.000000e+000
144  0.000000e+000
   6 
1  0.000000e+000
2  0.000000e+000
3  0.000000e+000
4  0.000000e+000
5  0.000000e+000
6  0.000000e+000
7  0.000000e+000
8  0.000000e+000
9  0.000000e+000
10  0.000000e+000
11  0.000000e+000
12  0.000000e+000
13  0.000000e+000
14  4.889000e+003
15  6.637000e+000
16  5.740000e+003
17  0.000000e+000
18  0.000000e+000
19  0.000000e+000
20  0.000000e+000
21  0.000000e+000
22  0.000000e+000
23  0.000000e+000
24  0.000000e+000
25  0.000000e+000
26  7.449000e+004
27  5.642000e+002
28  0.000000e+000
29  3.418000e+003
30  0.000000e+000
31  0.000000e+000
32  0.000000e+000
33  0.000000e+000
34  0.000000e+000
35  0.000000e+000
36  0.000000e+000
37  0.000000e+000
38  0.000000e+000
39  0.000000e+000
40  0.000000e+000
41  0.000000e+000
42  0.000000e+000
43  0.000000e+000
44  0.000000e+000
45  0.000000e+000
46  0.000000e+000
47  0.000000e+000
48  4.728000e+003
49  1.584000e+004
50  6.804000e+003
51  0.000000e+000
52  0.000000e+000
53  0.000000e+000
54  0.000000e+000
55  0.000000e+000
56  0.000000e+000
57  0.000000e+000
58  0.000000e+000
59  0.000000e+000
60  9.969000e+002
61  0.000000e+000
62  0.000000e+000
63  0.000000e+000
64  0.000000e+000
65  0.000000e+000
66  0.000000e+000
67  0.000000e+000
68  0.000000e+000
69  0.000000e+000
70  0.000000e+000
71  0.000000e+000
72  0.000000e+000
73  0.000000e+000
74  0.000000e+000
75  0.000000e+000
76  0.000000e+000
77  0.000000e+000
78  0.000000e+000
79  0.000000e+000
80  0.000000e+000
81  0.000000e+000
82  0.000000e+000
83  0.000000e+000
84  0.000000e+000
85  0.000000e+000
86  0.000000e+000
87  0.000000e+000
88  0.000000e+000
89  0.000000e+000
90  0.000000e+000
91  0.000000e+000
92  0.000000e+000
93  0.000000e+000
94  0.000000e+000
95  0.000000e+000
96  0.000000e+000
97  0.000000e+000
98  7.067000e+004
99  3.810000e+004
100  0.000000e+000
101  0.000000e+000
102  0.000000e+000
103  0.000000e+000
104  0.000000e+000
105  0.000000e+000
106  0.000000e+000
107  0.000000e+000
108  0.000000e+000
109  0.000000e+000
110  0.000000e+000
111  0.000000e+000
112  0.000000e+000
113  0.000000e+000
114  0.000000e+000
115  0.000000e+000
116  0.000000e+000
117  0.000000e+000
118  0.000000e+000
119  0.000000e+000
120  0.000000e+000
121  0.000000e+000
122  0.000000e+000
123  8.019000e+003
124  0.000000e+000
125  0.000000e+000
126  0.000000e+000
127  0.000000e+000
128  0.000000e+000
129  0.000000e+000
130  0.000000e+000
131  0.000000e+000
132  0.000000e+000
133  0.000000e+000
134  0.000000e+000
135  0.000000e+000
136  0.000000e+000
137  0.000000e+000
138  0.000000e+000
139  0.000000e+000
140  0.000000e+000
141  0.000000e+000
142  0.000000e+000
143  0.000000e+000
144  0.000000e+000
   7 
1  0.000000e+000
2  0.000000e+000
3  0.000000e+000
4  0.000000e+000
5  0.000000e+000
6  0.000000e+000
7  0.000000e+000
8  0.000000e+000
9  0.000000e+000
10  0.000000e+000
11  0.000000e+000
12  0.000000e+000
13  0.000000e+000
14  5.305000e+002
15  7.501000e-001
16  7.299000e+002
17  0.000000e+000
18  0.000000e+000
19  0.000000e+000
20  0.000000e+000
21  0.000000e+000
22  0.000000e+000
23  0.000000e+000
24  0.000000e+000
25  0.000000e+000
26  4.320000e+004
27  1.077000e-006
28  0.000000e+000
29  3.782000e+002
30  0.000000e+000
31  0.000000e+000
32  0.000000e+000
33  0.000000e+000
34  0.000000e+000
35  0.000000e+000
36  0.000000e+000
37  0.000000e+000
38  0.000000e+000
39  0.000000e+000
40  0.000000e+000
41  0.000000e+000
42  0.000000e+000
43  0.000000e+000
44  0.000000e+000
45  0.000000e+000
46  0.000000e+000
47  0.000000e+000
48  2.217000e+003
49  5.825000e+003
50  2.449000e+003
51  0.000000e+000
52  0.000000e+000
53  0.000000e+000
54  0.000000e+000
55  0.000000e+000
56  0.000000e+000
57  0.000000e+000
58  0.000000e+000
59  0.000000e+000
60  0.000000e+000
61  0.000000e+000
62  0.000000e+000
63  0.000000e+000
64  0.000000e+000
65  0.000000e+000
66  0.000000e+000
67  0.000000e+000
68  0.000000e+000
69  0.000000e+000
70  0.000000e+000
71  0.000000e+000
72  0.000000e+000
73  0.000000e+000
74  0.000000e+000
75  0.000000e+000
76  0.000000e+000
77  0.000000e+000
78  0.000000e+000
79  0.000000e+000
80  0.000000e+000
81  0.000000e+000
82  0.000000e+000
83  0.000000e+000
84  0.000000e+000
85  0.000000e+000
86  0.000000e+000
87  0.000000e+000
88  0.000000e+000
89  0.000000e+000
90  0.000000e+000
91  0.000000e+000
92  0.000000e+000
93  0.000000e+000
94  0.000000e+000
95  0.000000e+000
96  0.000000e+000
97  0.000000e+000
98  2.699000e+004
99  1.952000e+004
100  0.000000e+000
101  0.000000e+000
102  0.000000e+000
103  0.000000e+000
104  0.000000e+000
105  0.000000e+000
106  0.000000e+000
107  0.000000e+000
108  0.000000e+000
109  0.000000e+000
110  0.000000e+000
111  0.000000e+000
112  0.000000e+000
113  0.000000e+000
114  0.000000e+000
115  0.000000e+000
116  0.000000e+000
117  0.000000e+000
118  0.000000e+000
119  0.000000e+000
120  0.000000e+000
121  0.000000e+000
122  0.000000e+000
123  0.000000e+000
124  0.000000e+000
125  0.000000e+000
126  0.000000e+000
127  0.000000e+000
128  0.000000e+000
129  0.000000e+000
130  0.000000e+000
131  0.000000e+000
132  0.000000e+000
133  0.000000e+000
134  0.000000e+000
135  0.000000e+000
136  0.000000e+000
137  0.000000e+000
138  0.000000e+000
139  0.000000e+000
140  0.000000e+000
141  0.000000e+000
142  0.000000e+000
143  0.000000e+000
144  0.000000e+000
   8 
1  0.000000e+000
2  0.000000e+000
3  0.000000e+000
4  1.171000e+004
5  0.000000e+000
6  0.000000e+000
7  0.000000e+000
8  0.000000e+000
9  0.000000e+000
10  0.000000e+000
11  0.000000e+000
12  0.000000e+000
13  0.000000e+000
14  3.206000e+004
15  6.413000e+003
16  3.207000e+004
17  1.123000e+004
18  0.000000e+000
19  0.000000e+000
20  0.000000e+000
21  0.000000e+000
22  0.000000e+000
23  0.000000e+000
24  0.000000e+000
25  0.000000e+000
26  1.617000e+005
27  4.089000e+003
28  4.960000e+002
29  2.024000e+004
30  0.000000e+000
31  0.000000e+000
32  0.000000e+000
33  0.000000e+000
34  0.000000e+000
35  0.000000e+000
36  0.000000e+000
37  0.000000e+000
38  0.000000e+000
39  0.000000e+000
40  0.000000e+000
41  0.000000e+000
42  0.000000e+000
43  0.000000e+000
44  0.000000e+000
45  0.000000e+000
46  0.000000e+000
47  0.000000e+000
48  1.494000e+004
49  6.101000e+004
50  3.497000e+004
51  5.109000e+003
52  2.131000e+003
53  0.000000e+000
54  0.000000e+000
55  0.000000e+000
56  0.000000e+000
57  0.000000e+000
58  0.000000e+000
59  3.593000e+002
60  7.341000e+003
61  3.747000e-003
62  0.000000e+000
63  0.000000e+000
64  0.000000e+000
65  2.310000e+004
66  1.222000e+004
67  0.000000e+000
68  0.000000e+000
69  0.000000e+000
70  0.000000e+000
71  0.000000e+000
72  0.000000e+000
73  0.000000e+000
74  0.000000e+000
75  3.881000e+003
76  0.000000e+000
77  0.000000e+000
78  0.000000e+000
79  0.000000e+000
80  0.000000e+000
81  0.000000e+000
82  0.000000e+000
83  0.000000e+000
84  0.000000e+000
85  0.000000e+000
86  0.000000e+000
87  0.000000e+000
88  0.000000e+000
89  0.000000e+000
90  0.000000e+000
91  0.000000e+000
92  0.000000e+000
93  0.000000e+000
94  0.000000e+000
95  0.000000e+000
96  0.000000e+000
97  0.000000e+000
98  2.261000e+005
99  1.138000e+005
100  0.000000e+000
101  0.000000e+000
102  0.000000e+000
103  0.000000e+000
104  0.000000e+000
105  0.000000e+000
106  0.000000e+000
107  0.000000e+000
108  0.000000e+000
109  0.000000e+000
110  0.000000e+000
111  0.000000e+000
112  0.000000e+000
113  0.000000e+000
114  0.000000e+000
115  0.000000e+000
116  0.000000e+000
117  0.000000e+000
118  0.000000e+000
119  0.000000e+000
120  0.000000e+000
121  0.000000e+000
122  4.604000e+004
123  9.671000e+004
124  1.175000e+004
125  0.000000e+000
126  0.000000e+000
127  0.000000e+000
128  0.000000e+000
129  0.000000e+000
130  0.000000e+000
131  0.000000e+000
132  0.000000e+000
133  0.000000e+000
134  0.000000e+000
135  0.000000e+000
136  0.000000e+000
137  0.000000e+000
138  0.000000e+000
139  0.000000e+000
140  0.000000e+000
141  0.000000e+000
142  0.000000e+000
143  0.000000e+000
144  0.000000e+000
   9 
1  0.000000e+000
2  0.000000e+000
3  0.000000e+000
4  0.000000e+000
5  0.000000e+000
6  0.000000e+000
7  0.000000e+000
8  0.000000e+000
9  0.000000e+000
10  0.000000e+000
11  0.000000e+000
12  0.000000e+000
13  0.000000e+000
14  0.000000e+000
15  0.000000e+000
16  0.000000e+000
17  0.000000e+000
18  0.000000e+000
19  0.000000e+000
20  0.000000e+000
21  0.000000e+000
22  0.000000e+000
23  0.000000e+000
24  0.000000e+000
25  0.000000e+000
26  2.813000e+004
27  0.000000e+000
28  0.000000e+000
29  0.000000e+000
30  0.000000e+000
31  0.000000e+000
32  0.000000e+000
33  0.000000e+000
34  0.000000e+000
35  0.000000e+000
36  0.000000e+000
37  0.000000e+000
38  0.000000e+000
39  0.000000e+000
40  0.000000e+000
41  0.000000e+000
42  0.000000e+000
43  0.000000e+000
44  0.000000e+000
45  0.000000e+000
46  0.000000e+000
47  0.000000e+000
48  9.141000e+002
49  1.944000e+003
50  8.447000e+002
51  0.000000e+000
52  0.000000e+000
53  0.000000e+000
54  0.000000e+000
55  0.000000e+000
56  0.000000e+000
57  0.000000e+000
58  0.000000e+000
59  0.000000e+000
60  0.000000e+000
61  0.000000e+000
62  0.000000e+000
63  0.000000e+000
64  0.000000e+000
65  0.000000e+000
66  0.000000e+000
67  0.000000e+000
68  0.000000e+000
69  0.000000e+000
70  0.000000e+000
71  0.000000e+000
72  0.000000e+000
73  0.000000e+000
74  0.000000e+000
75  0.000000e+000
76  0.000000e+000
77  0.000000e+000
78  0.000000e+000
79  0.000000e+000
80  0.000000e+000
81  0.000000e+000
82  0.000000e+000
83  0.000000e+000
84  0.000000e+000
85  0.000000e+000
86  0.000000e+000
87  0.000000e+000
88  0.000000e+000
89  0.000000e+000
90  0.000000e+000
91  0.000000e+000
92  0.000000e+000
93  0.000000e+000
94  0.000000e+000
95  0.000000e+000
96  0.000000e+000
97  0.000000e+000
98  1.164000e+004
99  1.018000e+004
100  0.000000e+000
101  0.000000e+000
102  0.000000e+000
103  0.000000e+000
104  0.000000e+000
105  0.000000e+000
106  0.000000e+000
107  0.000000e+000
108  0.000000e+000
109  0.000000e+000
110  0.000000e+000
111  0.000000e+000
112  0.000000e+000
113  0.000000e+000
114  0.000000e+000
115  0.000000e+000
116  0.000000e+000
117  0.000000e+000
118  0.000000e+000
119  0.000000e+000
120  0.000000e+000
121  0.000000e+000
122  0.000000e+000
123  0.000000e+000
124  0.000000e+000
125  0.000000e+000
126  0.000000e+000
127  0.000000e+000
128  0.000000e+000
129  0.000000e+000
130  0.000000e+000
131  0.000000e+000
132  0.000000e+000
133  0.000000e+000
134  0.000000e+000
135  0.000000e+000
136  0.000000e+000
137  0.000000e+000
138  0.000000e+000
139  0.000000e+000
140  0.000000e+000
141  0.000000e+000
142  0.000000e+000
143  0.000000e+000
144  0.000000e+000
   10 
1  0.000000e+000
2  0.000000e+000
3  0.000000e+000
4  0.000000e+000
5  0.000000e+000
6  0.000000e+000
7  0.000000e+000
8  0.000000e+000
9  0.000000e+000
10  0.000000e+000
11  0.000000e+000
12  0.000000e+000
13  0.000000e+000
14  3.134000e+002
15  4.709000e-001
16  5.117000e+002
17  0.000000e+000
18  0.000000e+000
19  0.000000e+000
20  0.000000e+000
21  0.000000e+000
22  0.000000e+000
23  0.000000e+000
24  0.000000e+000
25  0.000000e+000
26  4.162000e+004
27  0.000000e+000
28  0.000000e+000
29  2.373000e+002
30  0.000000e+000
31  0.000000e+000
32  0.000000e+000
33  0.000000e+000
34  0.000000e+000
35  0.000000e+000
36  0.000000e+000
37  0.000000e+000
38  0.000000e+000
39  0.000000e+000
40  0.000000e+000
41  0.000000e+000
42  0.000000e+000
43  0.000000e+000
44  0.000000e+000
45  0.000000e+000
46  0.000000e+000
47  0.000000e+000
48  2.014000e+003
49  5.318000e+003
50  2.178000e+003
51  0.000000e+000
52  0.000000e+000
53  0.000000e+000
54  0.000000e+000
55  0.000000e+000
56  0.000000e+000
57  0.000000e+000
58  0.000000e+000
59  0.000000e+000
60  0.000000e+000
61  0.000000e+000
62  0.000000e+000
63  0.000000e+000
64  0.000000e+000
65  0.000000e+000
66  0.000000e+000
67  0.000000e+000
68  0.000000e+000
69  0.000000e+000
70  0.000000e+000
71  0.000000e+000
72  0.000000e+000
73  0.000000e+000
74  0.000000e+000
75  0.000000e+000
76  0.000000e+000
77  0.000000e+000
78  0.000000e+000
79  0.000000e+000
80  0.000000e+000
81  0.000000e+000
82  0.000000e+000
83  0.000000e+000
84  0.000000e+000
85  0.000000e+000
86  0.000000e+000
87  0.000000e+000
88  0.000000e+000
89  0.000000e+000
90  0.000000e+000
91  0.000000e+000
92  0.000000e+000
93  0.000000e+000
94  0.000000e+000
95  0.000000e+000
96  0.000000e+000
97  0.000000e+000
98  2.427000e+004
99  1.796000e+004
100  0.000000e+000
101  0.000000e+000
102  0.000000e+000
103  0.000000e+000
104  0.000000e+000
105  0.000000e+000
106  0.000000e+000
107  0.000000e+000
108  0.000000e+000
109  0.000000e+000
110  0.000000e+000
111  0.000000e+000
112  0.000000e+000
113  0.000000e+000
114  0.000000e+000
115  0.000000e+000
116  0.000000e+000
117  0.000000e+000
118  0.000000e+000
119  0.000000e+000
120  0.000000e+000
121  0.000000e+000
122  0.000000e+000
123  0.000000e+000
124  0.000000e+000
125  0.000000e+000
126  0.000000e+000
127  0.000000e+000
128  0.000000e+000
129  0.000000e+000
130  0.000000e+000
131  0.000000e+000
132  0.000000e+000
133  0.000000e+000
134  0.000000e+000
135  0.000000e+000
136  0.000000e+000
137  0.000000e+000
138  0.000000e+000
139  0.000000e+000
140  0.000000e+000
141  0.000000e+000
142  0.000000e+000
143  0.000000e+000
144  0.000000e+000
   11 
1  0.000000e+000
2  6.365000e+005
3  2.053000e+005
4  4.586000e+005
5  1.693000e+005
6  0.000000e+000
7  0.000000e+000
8  0.000000e+000
9  0.000000e+000
10  0.000000e+000
11  0.000000e+000
12  0.000000e+000
13  0.000000e+000
14  5.733000e+005
15  2.870000e+005
16  3.371000e+005
17  2.957000e+005
18  0.000000e+000
19  0.000000e+000
20  0.000000e+000
21  0.000000e+000
22  0.000000e+000
23  0.000000e+000
24  3.285000e+004
25  1.678000e+004
26  5.525000e+005
27  8.195000e+004
28  3.451000e+004
29  1.868000e+005
30  0.000000e+000
31  0.000000e+000
32  0.000000e+000
33  0.000000e+000
34  0.000000e+000
35  0.000000e+000
36  0.000000e+000
37  3.424000e+004
38  1.278000e+002
39  4.031000e+004
40  0.000000e+000
41  0.000000e+000
42  0.000000e+000
43  0.000000e+000
44  0.000000e+000
45  0.000000e+000
46  0.000000e+000
47  5.883000e+004
48  1.036000e+005
49  3.331000e+005
50  2.250000e+005
51  1.405000e+005
52  2.213000e+005
53  8.485000e+004
54  0.000000e+000
55  0.000000e+000
56  0.000000e+000
57  0.000000e+000
58  0.000000e+000
59  3.914000e+004
60  5.178000e+004
61  7.174000e+002
62  8.768000e+003
63  0.000000e+000
64  0.000000e+000
65  2.188000e+005
66  1.601000e+005
67  0.000000e+000
68  0.000000e+000
69  0.000000e+000
70  0.000000e+000
71  0.000000e+000
72  0.000000e+000
73  0.000000e+000
74  5.934000e+003
75  8.963000e+004
76  2.389000e+004
77  8.422000e+004
78  0.000000e+000
79  0.000000e+000
80  0.000000e+000
81  0.000000e+000
82  0.000000e+000
83  0.000000e+000
84  0.000000e+000
85  2.983000e+003
86  6.207000e+004
87  0.000000e+000
88  1.841000e+003
89  0.000000e+000
90  0.000000e+000
91  0.000000e+000
92  0.000000e+000
93  0.000000e+000
94  0.000000e+000
95  0.000000e+000
96  0.000000e+000
97  1.129000e+005
98  1.140000e+006
99  6.308000e+005
100  1.589000e+004
101  0.000000e+000
102  0.000000e+000
103  0.000000e+000
104  0.000000e+000
105  0.000000e+000
106  0.000000e+000
107  0.000000e+000
108  0.000000e+000
109  0.000000e+000
110  0.000000e+000
111  0.000000e+000
112  0.000000e+000
113  0.000000e+000
114  0.000000e+000
115  0.000000e+000
116  0.000000e+000
117  0.000000e+000
118  0.000000e+000
119  0.000000e+000
120  0.000000e+000
121  9.442000e+003
122  9.336000e+005
123  1.090000e+006
124  4.341000e+005
125  0.000000e+000
126  0.000000e+000
127  0.000000e+000
128  0.000000e+000
129  0.000000e+000
130  0.000000e+000
131  0.000000e+000
132  0.000000e+000
133  0.000000e+000
134  1.416000e+003
135  0.000000e+000
136  0.000000e+000
137  1.651000e+003
138  0.000000e+000
139  0.000000e+000
140  0.000000e+000
141  0.000000e+000
142  0.000000e+000
143  0.000000e+000
144  0.000000e+000
   12 
1  0.000000e+000
2  0.000000e+000
3  0.000000e+000
4  0.000000e+000
5  0.000000e+000
6  0.000000e+000
7  0.000000e+000
8  0.000000e+000
9  0.000000e+000
10  0.000000e+000
11  0.000000e+000
12  0.000000e+000
13  0.000000e+000
14  1.429000e+004
15  1.213000e+003
16  1.523000e+004
17  7.891000e+002
18  0.000000e+000
19  0.000000e+000
20  0.000000e+000
21  0.000000e+000
22  0.000000e+000
23  0.000000e+000
24  0.000000e+000
25  1.159000e-009
26  1.121000e+005
27  1.972000e+003
28  0.000000e+000
29  9.190000e+003
30  0.000000e+000
31  0.000000e+000
32  0.000000e+000
33  0.000000e+000
34  0.000000e+000
35  0.000000e+000
36  0.000000e+000
37  0.000000e+000
38  0.000000e+000
39  0.000000e+000
40  0.000000e+000
41  0.000000e+000
42  0.000000e+000
43  0.000000e+000
44  0.000000e+000
45  0.000000e+000
46  0.000000e+000
47  0.000000e+000
48  8.915000e+003
49  3.080000e+004
50  1.593000e+004
51  4.645000e+002
52  0.000000e+000
53  0.000000e+000
54  0.000000e+000
55  0.000000e+000
56  0.000000e+000
57  0.000000e+000
58  0.000000e+000
59  0.000000e+000
60  2.824000e+003
61  0.000000e+000
62  0.000000e+000
63  0.000000e+000
64  0.000000e+000
65  8.103000e+003
66  1.459000e+003
67  0.000000e+000
68  0.000000e+000
69  0.000000e+000
70  0.000000e+000
71  0.000000e+000
72  0.000000e+000
73  0.000000e+000
74  0.000000e+000
75  0.000000e+000
76  0.000000e+000
77  0.000000e+000
78  0.000000e+000
79  0.000000e+000
80  0.000000e+000
81  0.000000e+000
82  0.000000e+000
83  0.000000e+000
84  0.000000e+000
85  0.000000e+000
86  0.000000e+000
87  0.000000e+000
88  0.000000e+000
89  0.000000e+000
90  0.000000e+000
91  0.000000e+000
92  0.000000e+000
93  0.000000e+000
94  0.000000e+000
95  0.000000e+000
96  0.000000e+000
97  0.000000e+000
98  1.389000e+005
99  6.967000e+004
100  0.000000e+000
101  0.000000e+000
102  0.000000e+000
103  0.000000e+000
104  0.000000e+000
105  0.000000e+000
106  0.000000e+000
107  0.000000e+000
108  0.000000e+000
109  0.000000e+000
110  0.000000e+000
111  0.000000e+000
112  0.000000e+000
113  0.000000e+000
114  0.000000e+000
115  0.000000e+000
116  0.000000e+000
117  0.000000e+000
118  0.000000e+000
119  0.000000e+000
120  0.000000e+000
121  0.000000e+000
122  6.714000e+003
123  3.725000e+004
124  3.943000e+002
125  0.000000e+000
126  0.000000e+000
127  0.000000e+000
128  0.000000e+000
129  0.000000e+000
130  0.000000e+000
131  0.000000e+000
132  0.000000e+000
133  0.000000e+000
134  0.000000e+000
135  0.000000e+000
136  0.000000e+000
137  0.000000e+000
138  0.000000e+000
139  0.000000e+000
140  0.000000e+000
141  0.000000e+000
142  0.000000e+000
143  0.000000e+000
144  0.000000e+000
