   1 
1  2.485000e+002
2  1.846000e+002
3  6.213000e+004
4  6.291000e+003
5  4.967000e+002
6  3.617000e+002
7  3.218000e+002
8  2.709000e+002
9  2.407000e+002
10  2.241000e+002
11  1.885000e+002
12  5.014000e+002
13  1.519000e+002
14  7.471000e+004
15  3.338000e+004
16  1.059000e+004
17  7.728000e+003
18  4.477000e+002
19  3.047000e+002
20  2.635000e+002
21  2.288000e+002
22  2.115000e+002
23  1.911000e+003
24  1.933000e+002
25  7.194000e+003
26  1.000000e+005
27  1.873000e+005
28  5.413000e+004
29  7.676000e+003
30  8.430000e+002
31  7.676000e+002
32  6.838000e+002
33  5.942000e+002
34  5.523000e+002
35  1.464000e+003
36  1.144000e+003
37  4.000000e+003
38  3.078000e+004
39  2.163000e+004
40  3.202000e+004
41  3.828000e+003
42  7.850000e+002
43  7.189000e+002
44  6.323000e+002
45  5.555000e+002
46  5.075000e+002
47  4.456000e+002
48  2.877000e+003
49  9.272000e+003
50  2.452000e+004
51  3.427000e+003
52  6.257000e+004
53  6.147000e+003
54  6.281000e+002
55  5.697000e+002
56  5.519000e+002
57  5.357000e+002
58  5.170000e+002
59  2.966000e+004
60  1.172000e+004
61  2.027000e+004
62  1.879000e+004
63  8.455000e+002
64  2.866000e+004
65  9.207000e+004
66  1.108000e+004
67  1.082000e+003
68  1.002000e+003
69  9.506000e+002
70  9.496000e+002
71  8.575000e+002
72  7.879000e+002
73  6.948000e+002
74  7.346000e+003
75  4.404000e+004
76  1.812000e+005
77  1.412000e+003
78  8.833000e+002
79  8.495000e+002
80  7.619000e+002
81  6.655000e+002
82  6.264000e+002
83  5.411000e+002
84  4.929000e+002
85  4.289000e+002
86  3.388000e+002
87  3.260000e+002
88  1.895000e+003
89  2.244000e+002
90  1.737000e+002
91  1.480000e+002
92  1.163000e+002
93  1.083000e+002
94  1.065000e+002
95  9.196000e+001
96  7.858000e+001
97  6.703000e+001
98  8.127000e+004
99  3.274000e+005
100  8.130000e+002
101  6.355000e+002
102  5.250000e+002
103  4.698000e+002
104  4.052000e+002
105  3.504000e+002
106  3.246000e+002
107  2.767000e+002
108  2.566000e+002
109  2.202000e+002
110  1.707000e+002
111  4.911000e+002
112  5.843000e+002
113  1.075000e+002
114  7.656000e+001
115  5.847000e+001
116  5.328000e+001
117  4.717000e+001
118  4.584000e+001
119  4.277000e+001
120  1.683000e+002
121  2.376000e+002
122  4.365000e+004
123  6.827000e+004
124  8.255000e+002
125  2.542000e+002
126  1.959000e+002
127  1.712000e+002
128  1.456000e+002
129  1.203000e+002
130  1.144000e+002
131  1.095000e+002
132  6.001000e+002
133  1.335000e+002
134  9.140000e+003
135  5.558000e+001
136  3.582000e+001
137  2.484000e+001
138  1.251000e+001
139  7.707000e+000
140  6.873000e+000
141  8.995000e+000
142  9.062000e+000
143  1.010000e+001
144  9.742000e+000
   2 
1  5.760000e+004
2  6.922000e+004
3  5.141000e+005
4  3.133000e+005
5  4.458000e+004
6  1.415000e+001
7  1.691000e+000
8  9.909000e-001
9  1.915000e+000
10  7.006000e+000
11  3.917000e+004
12  1.328000e+004
13  3.098000e+003
14  7.301000e+005
15  5.033000e+005
16  3.888000e+005
17  4.003000e+005
18  7.733000e+004
19  1.133000e+000
20  6.721000e-001
21  1.587000e+000
22  5.418000e+003
23  4.243000e+004
24  1.976000e+003
25  8.056000e+004
26  4.404000e+005
27  4.072000e+005
28  5.364000e+005
29  2.745000e+005
30  1.132000e+004
31  3.519000e+000
32  3.188000e+000
33  4.397000e+000
34  4.166000e+001
35  3.409000e+004
36  1.241000e+004
37  5.326000e+004
38  1.043000e+005
39  1.229000e+005
40  3.663000e+005
41  2.302000e+005
42  1.560000e+003
43  7.053000e+000
44  5.033000e+000
45  7.365000e+000
46  1.926000e+001
47  3.253000e+004
48  1.984000e+004
49  5.933000e+004
50  1.198000e+005
51  1.534000e+005
52  7.586000e+005
53  2.833000e+005
54  3.290000e+004
55  7.177000e+000
56  5.005000e+000
57  9.206000e+000
58  4.535000e+001
59  3.359000e+005
60  3.059000e+004
61  4.621000e+004
62  1.534000e+005
63  2.467000e+004
64  7.228000e+005
65  9.050000e+005
66  4.245000e+005
67  2.147000e+001
68  1.580000e+001
69  1.822000e+001
70  2.211000e+001
71  1.327000e+003
72  2.290000e+001
73  1.033000e+004
74  1.382000e+005
75  1.231000e+005
76  8.221000e+005
77  9.433000e+004
78  1.179000e+003
79  2.452000e+001
80  1.599000e+001
81  1.619000e+001
82  3.881000e+002
83  4.617000e+001
84  1.078000e+002
85  4.386000e+003
86  2.429000e+003
87  4.470000e+004
88  3.764000e+005
89  1.275000e+005
90  8.504000e+000
91  2.872000e+000
92  1.473000e+000
93  4.686000e+000
94  3.759000e+002
95  7.078000e+004
96  2.116000e+004
97  4.131000e+004
98  4.061000e+005
99  1.834000e+006
100  1.359000e+005
101  1.747000e+005
102  4.433000e+001
103  4.811000e+000
104  3.809000e+000
105  5.401000e+000
106  8.393000e+000
107  9.898000e+002
108  6.939000e+002
109  1.219000e+005
110  6.103000e+004
111  1.054000e+005
112  2.633000e+005
113  9.626000e+002
114  0.000000e+000
115  1.787000e+003
116  1.335000e+003
117  1.157000e-001
118  3.520000e+002
119  4.276000e+004
120  1.763000e+004
121  1.054000e+005
122  3.345000e+005
123  7.325000e+005
124  2.300000e+005
125  5.091000e+000
126  9.817000e-002
127  0.000000e+000
128  0.000000e+000
129  1.473000e+001
130  7.170000e+002
131  5.016000e+003
132  2.932000e+004
133  2.666000e+003
134  1.967000e+005
135  3.740000e+004
136  7.982000e+004
137  1.070000e+003
138  2.015000e-001
139  4.322000e-001
140  0.000000e+000
141  1.796000e-001
142  2.309000e+000
143  8.189000e+003
144  4.996000e+003
   3 
1  3.686000e+002
2  2.660000e+002
3  8.956000e+004
4  1.238000e+004
5  4.208000e+002
6  2.854000e+002
7  2.650000e+002
8  2.463000e+002
9  2.241000e+002
10  2.235000e+002
11  2.013000e+002
12  8.233000e+002
13  1.852000e+002
14  9.114000e+004
15  4.415000e+004
16  1.503000e+004
17  1.186000e+004
18  5.485000e+002
19  2.582000e+002
20  2.383000e+002
21  2.162000e+002
22  2.143000e+002
23  2.393000e+003
24  2.080000e+002
25  1.183000e+004
26  1.174000e+005
27  1.983000e+005
28  6.455000e+004
29  1.051000e+004
30  5.843000e+002
31  5.548000e+002
32  5.073000e+002
33  4.636000e+002
34  4.544000e+002
35  1.890000e+003
36  1.615000e+003
37  8.216000e+003
38  4.251000e+004
39  2.831000e+004
40  4.539000e+004
41  6.302000e+003
42  6.031000e+002
43  5.757000e+002
44  5.232000e+002
45  4.743000e+002
46  4.694000e+002
47  4.246000e+002
48  3.730000e+003
49  1.272000e+004
50  3.212000e+004
51  5.944000e+003
52  8.477000e+004
53  1.020000e+004
54  6.656000e+002
55  6.213000e+002
56  5.776000e+002
57  5.182000e+002
58  4.996000e+002
59  3.619000e+004
60  1.454000e+004
61  2.511000e+004
62  2.329000e+004
63  7.064000e+002
64  4.339000e+004
65  1.050000e+005
66  1.810000e+004
67  1.105000e+003
68  1.025000e+003
69  9.181000e+002
70  8.951000e+002
71  8.003000e+002
72  7.727000e+002
73  7.144000e+002
74  1.333000e+004
75  5.717000e+004
76  2.207000e+005
77  2.325000e+003
78  8.728000e+002
79  8.239000e+002
80  7.565000e+002
81  6.814000e+002
82  6.583000e+002
83  5.975000e+002
84  5.719000e+002
85  5.203000e+002
86  4.389000e+002
87  4.550000e+002
88  7.917000e+003
89  4.031000e+002
90  3.005000e+002
91  2.728000e+002
92  2.573000e+002
93  2.388000e+002
94  2.323000e+002
95  2.130000e+002
96  2.010000e+002
97  3.570000e+002
98  1.108000e+005
99  3.959000e+005
100  7.541000e+002
101  4.981000e+002
102  4.197000e+002
103  3.875000e+002
104  3.611000e+002
105  3.316000e+002
106  3.212000e+002
107  2.886000e+002
108  2.839000e+002
109  3.156000e+002
110  2.151000e+002
111  9.094000e+002
112  1.524000e+003
113  1.632000e+002
114  1.290000e+002
115  1.118000e+002
116  1.077000e+002
117  1.036000e+002
118  1.044000e+002
119  9.851000e+001
120  8.451000e+002
121  8.797000e+002
122  7.091000e+004
123  8.197000e+004
124  3.281000e+003
125  1.821000e+002
126  1.541000e+002
127  1.374000e+002
128  1.225000e+002
129  1.110000e+002
130  1.134000e+002
131  1.086000e+002
132  1.524000e+003
133  2.042000e+002
134  2.001000e+004
135  6.975000e+001
136  5.724000e+001
137  4.587000e+001
138  2.829000e+001
139  2.311000e+001
140  2.366000e+001
141  2.682000e+001
142  3.206000e+001
143  3.298000e+001
144  3.240000e+001
   4 
1  2.667000e+002
2  2.090000e+002
3  4.509000e+004
4  2.817000e+003
5  5.172000e+002
6  4.017000e+002
7  3.571000e+002
8  3.078000e+002
9  2.645000e+002
10  2.622000e+002
11  2.247000e+002
12  3.954000e+002
13  1.837000e+002
14  6.276000e+004
15  2.599000e+004
16  7.103000e+003
17  5.272000e+003
18  4.015000e+002
19  3.337000e+002
20  2.855000e+002
21  2.527000e+002
22  2.413000e+002
23  1.587000e+003
24  2.049000e+002
25  4.790000e+003
26  8.673000e+004
27  1.770000e+005
28  4.463000e+004
29  5.774000e+003
30  9.120000e+002
31  8.216000e+002
32  7.333000e+002
33  6.248000e+002
34  5.929000e+002
35  1.209000e+003
36  8.778000e+002
37  2.070000e+003
38  2.229000e+004
39  2.236000e+004
40  2.308000e+004
41  2.533000e+003
42  8.693000e+002
43  7.807000e+002
44  6.870000e+002
45  5.967000e+002
46  5.551000e+002
47  4.860000e+002
48  2.259000e+003
49  7.127000e+003
50  1.972000e+004
51  1.772000e+003
52  4.915000e+004
53  3.852000e+003
54  8.680000e+002
55  7.794000e+002
56  6.916000e+002
57  6.059000e+002
58  5.677000e+002
59  2.548000e+004
60  9.487000e+003
61  1.693000e+004
62  1.564000e+004
63  9.174000e+002
64  1.963000e+004
65  8.313000e+004
66  7.219000e+003
67  1.436000e+003
68  1.287000e+003
69  1.118000e+003
70  1.050000e+003
71  9.104000e+002
72  8.406000e+002
73  7.521000e+002
74  4.173000e+003
75  3.520000e+004
76  1.522000e+005
77  1.223000e+003
78  1.044000e+003
79  9.555000e+002
80  8.441000e+002
81  7.334000e+002
82  6.838000e+002
83  5.964000e+002
84  5.465000e+002
85  4.866000e+002
86  3.861000e+002
87  3.749000e+002
88  3.368000e+002
89  2.676000e+002
90  2.169000e+002
91  1.837000e+002
92  1.636000e+002
93  1.468000e+002
94  1.350000e+002
95  1.163000e+002
96  1.147000e+002
97  9.813000e+001
98  6.281000e+004
99  2.795000e+005
100  6.944000e+002
101  6.613000e+002
102  5.743000e+002
103  5.017000e+002
104  4.494000e+002
105  3.846000e+002
106  3.644000e+002
107  3.145000e+002
108  2.870000e+002
109  2.594000e+002
110  1.979000e+002
111  2.976000e+002
112  3.825000e+002
113  1.367000e+002
114  1.015000e+002
115  8.890000e+001
116  6.967000e+001
117  6.006000e+001
118  5.815000e+001
119  5.871000e+001
120  7.462000e+001
121  7.867000e+001
122  2.753000e+004
123  5.825000e+004
124  2.479000e+002
125  2.701000e+002
126  2.269000e+002
127  1.926000e+002
128  1.693000e+002
129  1.468000e+002
130  1.400000e+002
131  1.189000e+002
132  2.331000e+002
133  1.172000e+002
134  3.565000e+003
135  6.747000e+001
136  5.292000e+001
137  3.968000e+001
138  2.339000e+001
139  1.952000e+001
140  1.400000e+001
141  1.565000e+001
142  1.868000e+001
143  1.899000e+001
144  1.791000e+001
   5 
1  3.858000e+003
2  3.942000e+003
3  1.743000e+005
4  4.164000e+004
5  4.791000e+002
6  1.683000e+002
7  1.333000e+002
8  1.049000e+002
9  8.643000e+001
10  7.879000e+001
11  7.069000e+001
12  2.628000e+003
13  5.026000e+001
14  1.426000e+005
15  7.766000e+004
16  3.043000e+004
17  3.148000e+004
18  2.986000e+003
19  1.549000e+002
20  1.179000e+002
21  1.044000e+002
22  9.197000e+001
23  4.142000e+003
24  1.098000e+002
25  2.456000e+004
26  1.400000e+005
27  1.521000e+005
28  8.981000e+004
29  2.529000e+004
30  6.210000e+002
31  5.350000e+002
32  4.500000e+002
33  3.653000e+002
34  3.310000e+002
35  3.482000e+003
36  3.871000e+003
37  2.554000e+004
38  5.558000e+004
39  4.292000e+004
40  8.820000e+004
41  1.918000e+004
42  5.091000e+002
43  4.279000e+002
44  3.558000e+002
45  2.911000e+002
46  2.647000e+002
47  3.408000e+002
48  5.556000e+003
49  2.349000e+004
50  5.503000e+004
51  1.705000e+004
52  1.544000e+005
53  2.885000e+004
54  6.363000e+002
55  4.757000e+002
56  3.923000e+002
57  3.345000e+002
58  2.928000e+002
59  6.134000e+004
60  2.211000e+004
61  3.768000e+004
62  3.718000e+004
63  6.485000e+002
64  1.064000e+005
65  1.751000e+005
66  5.219000e+004
67  1.012000e+003
68  8.862000e+002
69  7.478000e+002
70  6.677000e+002
71  5.589000e+002
72  4.907000e+002
73  4.484000e+002
74  3.942000e+004
75  6.331000e+004
76  3.487000e+005
77  9.977000e+003
78  6.726000e+002
79  5.906000e+002
80  4.916000e+002
81  4.050000e+002
82  3.635000e+002
83  2.996000e+002
84  2.634000e+002
85  2.159000e+002
86  1.648000e+002
87  7.753000e+003
88  4.008000e+004
89  7.382000e+002
90  5.160000e+001
91  3.559000e+001
92  2.333000e+001
93  2.484000e+001
94  2.692000e+001
95  3.020000e+001
96  2.870000e+001
97  5.131000e+003
98  2.023000e+005
99  5.760000e+005
100  2.423000e+003
101  6.274000e+003
102  2.755000e+002
103  2.232000e+002
104  1.823000e+002
105  1.527000e+002
106  1.318000e+002
107  1.093000e+002
108  9.511000e+001
109  8.191000e+003
110  1.908000e+002
111  2.417000e+003
112  6.304000e+003
113  2.086000e+001
114  9.021000e+000
115  6.313000e+000
116  3.447000e+000
117  3.880000e+000
118  5.917000e+000
119  5.292000e+001
120  5.324000e+003
121  8.536000e+003
122  1.690000e+005
123  1.252000e+005
124  2.388000e+004
125  7.601000e+001
126  4.856000e+001
127  3.457000e+001
128  2.439000e+001
129  2.374000e+001
130  2.596000e+001
131  2.300000e+001
132  4.482000e+003
133  4.298000e+002
134  6.608000e+004
135  1.137000e+001
136  4.017000e+002
137  2.562000e+000
138  1.114000e-001
139  8.835000e-004
140  0.000000e+000
141  5.325000e-004
142  3.221000e-001
143  1.236000e+000
144  1.571000e+000
   6 
1  2.784000e+002
2  2.315000e+002
3  6.373000e+004
4  6.377000e+003
5  4.409000e+002
6  3.407000e+002
7  3.137000e+002
8  2.795000e+002
9  2.578000e+002
10  2.619000e+002
11  2.342000e+002
12  5.463000e+002
13  2.027000e+002
14  7.553000e+004
15  3.394000e+004
16  1.066000e+004
17  7.787000e+003
18  4.133000e+002
19  2.923000e+002
20  2.650000e+002
21  2.498000e+002
22  2.442000e+002
23  1.985000e+003
24  2.210000e+002
25  7.646000e+003
26  1.013000e+005
27  1.881000e+005
28  5.411000e+004
29  7.519000e+003
30  6.792000e+002
31  6.328000e+002
32  5.917000e+002
33  5.267000e+002
34  5.067000e+002
35  1.477000e+003
36  1.166000e+003
37  4.270000e+003
38  3.149000e+004
39  2.207000e+004
40  3.268000e+004
41  3.739000e+003
42  7.015000e+002
43  6.501000e+002
44  6.008000e+002
45  5.424000e+002
46  5.193000e+002
47  4.730000e+002
48  2.905000e+003
49  9.423000e+003
50  2.489000e+004
51  3.449000e+003
52  6.383000e+004
53  6.349000e+003
54  7.426000e+002
55  6.920000e+002
56  6.261000e+002
57  5.797000e+002
58  5.565000e+002
59  3.009000e+004
60  1.184000e+004
61  2.051000e+004
62  1.898000e+004
63  7.849000e+002
64  2.922000e+004
65  9.253000e+004
66  1.138000e+004
67  1.213000e+003
68  1.110000e+003
69  1.004000e+003
70  9.608000e+002
71  8.742000e+002
72  8.279000e+002
73  7.658000e+002
74  7.851000e+003
75  4.486000e+004
76  1.835000e+005
77  1.559000e+003
78  9.411000e+002
79  8.935000e+002
80  8.120000e+002
81  7.340000e+002
82  7.104000e+002
83  6.318000e+002
84  6.120000e+002
85  5.555000e+002
86  4.581000e+002
87  4.698000e+002
88  2.197000e+003
89  3.653000e+002
90  3.133000e+002
91  2.813000e+002
92  2.656000e+002
93  2.443000e+002
94  2.360000e+002
95  2.149000e+002
96  2.015000e+002
97  2.390000e+002
98  8.334000e+004
99  3.311000e+005
100  7.098000e+002
101  5.491000e+002
102  4.725000e+002
103  4.466000e+002
104  4.038000e+002
105  3.607000e+002
106  3.633000e+002
107  3.238000e+002
108  3.044000e+002
109  2.872000e+002
110  2.322000e+002
111  6.088000e+002
112  7.595000e+002
113  1.758000e+002
114  1.444000e+002
115  1.278000e+002
116  1.090000e+002
117  1.057000e+002
118  1.143000e+002
119  1.064000e+002
120  2.599000e+002
121  3.727000e+002
122  4.513000e+004
123  6.897000e+004
124  8.147000e+002
125  2.206000e+002
126  1.791000e+002
127  1.713000e+002
128  1.548000e+002
129  1.403000e+002
130  1.413000e+002
131  1.270000e+002
132  6.408000e+002
133  1.752000e+002
134  9.632000e+003
135  8.306000e+001
136  6.054000e+001
137  5.167000e+001
138  3.463000e+001
139  2.789000e+001
140  2.291000e+001
141  2.488000e+001
142  2.894000e+001
143  2.925000e+001
144  2.840000e+001
   7 
1  2.738000e+002
2  2.192000e+002
3  4.039000e+004
4  1.832000e+003
5  5.107000e+002
6  4.191000e+002
7  3.633000e+002
8  3.189000e+002
9  2.750000e+002
10  2.673000e+002
11  2.351000e+002
12  3.615000e+002
13  1.899000e+002
14  5.916000e+004
15  2.381000e+004
16  6.152000e+003
17  4.410000e+003
18  4.037000e+002
19  3.419000e+002
20  2.941000e+002
21  2.579000e+002
22  2.499000e+002
23  1.511000e+003
24  2.112000e+002
25  4.290000e+003
26  8.326000e+004
27  1.745000e+005
28  4.267000e+004
29  5.225000e+003
30  8.992000e+002
31  8.395000e+002
32  7.414000e+002
33  6.346000e+002
34  6.007000e+002
35  1.100000e+003
36  8.708000e+002
37  1.730000e+003
38  2.003000e+004
39  2.041000e+004
40  2.098000e+004
41  2.183000e+003
42  8.701000e+002
43  8.022000e+002
44  7.011000e+002
45  6.072000e+002
46  5.695000e+002
47  4.934000e+002
48  2.051000e+003
49  6.468000e+003
50  1.846000e+004
51  1.404000e+003
52  4.540000e+004
53  3.287000e+003
54  8.786000e+002
55  7.894000e+002
56  7.040000e+002
57  6.160000e+002
58  5.818000e+002
59  2.459000e+004
60  8.825000e+003
61  1.605000e+004
62  1.473000e+004
63  9.161000e+002
64  1.736000e+004
65  8.056000e+004
66  6.631000e+003
67  1.454000e+003
68  1.297000e+003
69  1.127000e+003
70  1.061000e+003
71  9.219000e+002
72  8.556000e+002
73  7.653000e+002
74  3.582000e+003
75  3.273000e+004
76  1.440000e+005
77  1.183000e+003
78  1.063000e+003
79  9.668000e+002
80  8.619000e+002
81  7.452000e+002
82  7.009000e+002
83  6.094000e+002
84  5.643000e+002
85  4.998000e+002
86  4.019000e+002
87  3.877000e+002
88  3.324000e+002
89  2.810000e+002
90  2.313000e+002
91  1.951000e+002
92  1.725000e+002
93  1.586000e+002
94  1.487000e+002
95  1.293000e+002
96  1.150000e+002
97  1.092000e+002
98  5.791000e+004
99  2.659000e+005
100  6.232000e+002
101  6.509000e+002
102  5.895000e+002
103  5.156000e+002
104  4.585000e+002
105  3.973000e+002
106  3.722000e+002
107  3.261000e+002
108  2.948000e+002
109  2.699000e+002
110  2.079000e+002
111  3.050000e+002
112  3.179000e+002
113  1.469000e+002
114  1.063000e+002
115  9.903000e+001
116  7.782000e+001
117  6.727000e+001
118  6.499000e+001
119  5.939000e+001
120  7.417000e+001
121  9.476000e+001
122  2.369000e+004
123  5.533000e+004
124  2.164000e+002
125  2.770000e+002
126  2.366000e+002
127  2.042000e+002
128  1.779000e+002
129  1.538000e+002
130  1.480000e+002
131  1.267000e+002
132  1.801000e+002
133  1.184000e+002
134  2.390000e+003
135  7.285000e+001
136  5.844000e+001
137  4.616000e+001
138  2.708000e+001
139  2.431000e+001
140  1.767000e+001
141  1.915000e+001
142  2.227000e+001
143  2.227000e+001
144  2.092000e+001
   8 
1  1.043000e+003
2  7.132000e+002
3  1.291000e+005
4  2.454000e+004
5  4.418000e+002
6  2.418000e+002
7  2.050000e+002
8  1.754000e+002
9  1.546000e+002
10  1.463000e+002
11  1.219000e+002
12  1.412000e+003
13  1.013000e+002
14  1.077000e+005
15  5.874000e+004
16  2.173000e+004
17  1.828000e+004
18  1.191000e+003
19  2.077000e+002
20  1.781000e+002
21  1.600000e+002
22  1.503000e+002
23  3.110000e+003
24  1.425000e+002
25  1.859000e+004
26  1.343000e+005
27  1.989000e+005
28  7.761000e+004
29  1.681000e+004
30  6.296000e+002
31  5.732000e+002
32  4.941000e+002
33  4.273000e+002
34  3.913000e+002
35  2.555000e+003
36  2.627000e+003
37  1.587000e+004
38  4.667000e+004
39  3.651000e+004
40  6.493000e+004
41  1.150000e+004
42  6.090000e+002
43  5.439000e+002
44  4.716000e+002
45  4.059000e+002
46  3.761000e+002
47  3.366000e+002
48  4.828000e+003
49  1.779000e+004
50  4.338000e+004
51  1.105000e+004
52  1.179000e+005
53  1.845000e+004
54  6.467000e+002
55  5.784000e+002
56  4.986000e+002
57  4.423000e+002
58  4.040000e+002
59  4.733000e+004
60  1.842000e+004
61  3.141000e+004
62  3.004000e+004
63  6.484000e+002
64  6.950000e+004
65  1.333000e+005
66  3.176000e+004
67  1.144000e+003
68  1.024000e+003
69  8.893000e+002
70  8.192000e+002
71  7.128000e+002
72  6.495000e+002
73  5.744000e+002
74  2.407000e+004
75  7.539000e+004
76  2.750000e+005
77  4.849000e+003
78  7.928000e+002
79  7.217000e+002
80  6.277000e+002
81  5.431000e+002
82  5.028000e+002
83  4.359000e+002
84  3.926000e+002
85  3.486000e+002
86  2.694000e+002
87  2.433000e+003
88  2.047000e+004
89  3.807000e+002
90  1.372000e+002
91  1.077000e+002
92  9.424000e+001
93  8.439000e+001
94  7.763000e+001
95  6.877000e+001
96  6.208000e+001
97  9.046000e+002
98  1.531000e+005
99  4.850000e+005
100  9.548000e+002
101  2.267000e+003
102  3.527000e+002
103  3.125000e+002
104  2.694000e+002
105  2.339000e+002
106  2.142000e+002
107  1.844000e+002
108  1.743000e+002
109  1.655000e+003
110  1.326000e+002
111  1.513000e+003
112  2.964000e+003
113  6.068000e+001
114  4.361000e+001
115  3.275000e+001
116  2.472000e+001
117  2.249000e+001
118  2.391000e+001
119  2.582000e+001
120  2.399000e+003
121  3.065000e+003
122  1.137000e+005
123  1.019000e+005
124  1.101000e+004
125  1.288000e+002
126  9.947000e+001
127  7.709000e+001
128  6.184000e+001
129  5.243000e+001
130  6.046000e+001
131  5.579000e+001
132  2.897000e+003
133  2.943000e+002
134  3.930000e+004
135  2.750000e+001
136  2.642000e+001
137  1.054000e+001
138  4.499000e+000
139  2.162000e+000
140  1.104000e+000
141  2.226000e+000
142  4.614000e+000
143  6.233000e+000
144  6.482000e+000
   9 
1  2.878000e+002
2  2.222000e+002
3  2.760000e+004
4  9.181000e+002
5  5.578000e+002
6  4.542000e+002
7  3.968000e+002
8  3.403000e+002
9  2.880000e+002
10  2.724000e+002
11  2.379000e+002
12  2.990000e+002
13  1.864000e+002
14  4.837000e+004
15  1.788000e+004
16  4.092000e+003
17  2.597000e+003
18  4.303000e+002
19  3.691000e+002
20  3.165000e+002
21  2.672000e+002
22  2.580000e+002
23  1.213000e+003
24  2.185000e+002
25  2.785000e+003
26  7.206000e+004
27  1.636000e+005
28  3.638000e+004
29  4.442000e+003
30  1.033000e+003
31  9.385000e+002
32  8.112000e+002
33  7.003000e+002
34  6.428000e+002
35  9.277000e+002
36  7.692000e+002
37  1.088000e+003
38  1.360000e+004
39  1.514000e+004
40  1.556000e+004
41  1.578000e+003
42  9.579000e+002
43  8.717000e+002
44  7.558000e+002
45  6.414000e+002
46  5.968000e+002
47  5.102000e+002
48  1.604000e+003
49  4.634000e+003
50  1.520000e+004
51  9.885000e+002
52  3.465000e+004
53  2.430000e+003
54  9.475000e+002
55  8.397000e+002
56  7.367000e+002
57  6.333000e+002
58  5.923000e+002
59  2.179000e+004
60  6.986000e+003
61  1.330000e+004
62  1.208000e+004
63  9.907000e+002
64  1.177000e+004
65  7.391000e+004
66  5.282000e+003
67  1.570000e+003
68  1.372000e+003
69  1.188000e+003
70  1.092000e+003
71  9.382000e+002
72  8.618000e+002
73  7.601000e+002
74  1.857000e+003
75  2.518000e+004
76  1.205000e+005
77  1.295000e+003
78  1.122000e+003
79  1.009000e+003
80  8.847000e+002
81  7.576000e+002
82  7.036000e+002
83  6.024000e+002
84  5.470000e+002
85  4.813000e+002
86  3.768000e+002
87  3.654000e+002
88  2.944000e+002
89  2.556000e+002
90  1.977000e+002
91  1.710000e+002
92  1.431000e+002
93  1.245000e+002
94  1.110000e+002
95  1.071000e+002
96  9.468000e+001
97  7.693000e+001
98  4.438000e+004
99  2.265000e+005
100  7.455000e+002
101  7.675000e+002
102  6.461000e+002
103  5.816000e+002
104  4.953000e+002
105  4.292000e+002
106  3.896000e+002
107  3.433000e+002
108  3.046000e+002
109  2.712000e+002
110  2.078000e+002
111  2.233000e+002
112  2.255000e+002
113  1.403000e+002
114  1.022000e+002
115  8.766000e+001
116  6.774000e+001
117  5.656000e+001
118  5.476000e+001
119  5.898000e+001
120  5.366000e+001
121  4.374000e+001
122  1.306000e+004
123  4.664000e+004
124  3.027000e+002
125  3.153000e+002
126  2.544000e+002
127  2.235000e+002
128  1.869000e+002
129  1.695000e+002
130  1.599000e+002
131  1.355000e+002
132  1.181000e+002
133  1.087000e+002
134  1.509000e+002
135  7.579000e+001
136  6.141000e+001
137  5.106000e+001
138  2.698000e+001
139  2.386000e+001
140  1.704000e+001
141  1.793000e+001
142  2.045000e+001
143  2.014000e+001
144  1.858000e+001
   10 
1  2.768000e+002
2  2.228000e+002
3  3.913000e+004
4  1.395000e+003
5  5.069000e+002
6  4.268000e+002
7  3.665000e+002
8  3.227000e+002
9  2.786000e+002
10  2.696000e+002
11  2.387000e+002
12  3.513000e+002
13  1.911000e+002
14  5.801000e+004
15  2.343000e+004
16  5.929000e+003
17  4.355000e+003
18  4.094000e+002
19  3.446000e+002
20  2.975000e+002
21  2.585000e+002
22  2.531000e+002
23  1.471000e+003
24  2.133000e+002
25  4.040000e+003
26  8.228000e+004
27  1.731000e+005
28  4.189000e+004
29  4.936000e+003
30  8.830000e+002
31  8.473000e+002
32  7.445000e+002
33  6.388000e+002
34  6.038000e+002
35  1.127000e+003
36  8.368000e+002
37  1.572000e+003
38  1.920000e+004
39  1.969000e+004
40  2.014000e+004
41  2.020000e+003
42  8.639000e+002
43  8.107000e+002
44  7.065000e+002
45  6.094000e+002
46  5.744000e+002
47  4.982000e+002
48  2.017000e+003
49  6.188000e+003
50  1.830000e+004
51  1.285000e+003
52  4.375000e+004
53  3.062000e+003
54  8.800000e+002
55  7.939000e+002
56  7.081000e+002
57  6.183000e+002
58  5.870000e+002
59  2.419000e+004
60  8.601000e+003
61  1.574000e+004
62  1.449000e+004
63  9.093000e+002
64  1.671000e+004
65  7.992000e+004
66  6.354000e+003
67  1.455000e+003
68  1.300000e+003
69  1.130000e+003
70  1.064000e+003
71  9.252000e+002
72  8.607000e+002
73  7.695000e+002
74  3.293000e+003
75  3.169000e+004
76  1.411000e+005
77  1.152000e+003
78  1.071000e+003
79  9.728000e+002
80  8.669000e+002
81  7.494000e+002
82  7.067000e+002
83  6.146000e+002
84  5.703000e+002
85  5.042000e+002
86  4.073000e+002
87  3.919000e+002
88  3.361000e+002
89  2.843000e+002
90  2.372000e+002
91  2.000000e+002
92  1.759000e+002
93  1.630000e+002
94  1.530000e+002
95  1.339000e+002
96  1.163000e+002
97  1.122000e+002
98  5.647000e+004
99  2.612000e+005
100  5.745000e+002
101  6.420000e+002
102  5.931000e+002
103  5.233000e+002
104  4.622000e+002
105  4.021000e+002
106  3.740000e+002
107  3.302000e+002
108  2.989000e+002
109  2.725000e+002
110  2.115000e+002
111  2.915000e+002
112  3.264000e+002
113  1.504000e+002
114  1.086000e+002
115  1.024000e+002
116  8.084000e+001
117  6.990000e+001
118  6.749000e+001
119  6.162000e+001
120  7.430000e+001
121  8.250000e+001
122  2.219000e+004
123  5.464000e+004
124  2.024000e+002
125  2.693000e+002
126  2.388000e+002
127  2.093000e+002
128  1.812000e+002
129  1.564000e+002
130  1.509000e+002
131  1.296000e+002
132  1.560000e+002
133  1.191000e+002
134  2.075000e+003
135  7.433000e+001
136  5.908000e+001
137  4.726000e+001
138  2.744000e+001
139  2.517000e+001
140  1.901000e+001
141  2.042000e+001
142  2.356000e+001
143  2.346000e+001
144  2.201000e+001
   11 
1  3.008000e+004
2  3.437000e+004
3  2.873000e+005
4  1.373000e+005
5  4.733000e+003
6  5.139000e+000
7  2.069000e+000
8  1.281000e+000
9  3.293000e+000
10  8.376000e+000
11  4.070000e+003
12  1.391000e+004
13  1.974000e+003
14  3.819000e+005
15  2.094000e+005
16  1.316000e+005
17  1.607000e+005
18  2.549000e+004
19  3.355000e-001
20  2.083000e-001
21  1.192000e+000
22  1.588000e+002
23  1.485000e+004
24  6.064000e+002
25  5.360000e+004
26  2.449000e+005
27  2.066000e+005
28  1.830000e+005
29  1.031000e+005
30  8.564000e+002
31  2.964000e+000
32  4.296000e+000
33  6.553000e+000
34  9.547000e+000
35  7.346000e+003
36  4.398000e+003
37  3.357000e+004
38  5.012000e+004
39  5.927000e+004
40  1.255000e+005
41  9.867000e+004
42  1.521000e+001
43  8.043000e+000
44  7.873000e+000
45  1.052000e+001
46  1.087000e+001
47  5.089000e+003
48  6.442000e+003
49  3.309000e+004
50  7.169000e+004
51  5.152000e+004
52  3.500000e+005
53  1.190000e+005
54  1.308000e+004
55  3.535000e+001
56  3.323000e+001
57  3.826000e+001
58  4.217000e+001
59  1.258000e+005
60  2.054000e+004
61  3.620000e+004
62  6.493000e+004
63  6.699000e+003
64  3.140000e+005
65  4.635000e+005
66  2.113000e+005
67  6.967000e+001
68  6.917000e+001
69  7.010000e+001
70  7.333000e+001
71  8.482000e+001
72  5.913000e+001
73  5.336000e+003
74  8.430000e+004
75  3.673000e+004
76  5.409000e+005
77  4.985000e+004
78  2.208000e+002
79  6.143000e+001
80  5.206000e+001
81  5.631000e+001
82  6.279000e+001
83  5.167000e+001
84  4.700000e+001
85  8.117000e+001
86  4.027000e+001
87  1.665000e+003
88  1.490000e+005
89  3.260000e+004
90  1.027000e+001
91  7.396000e+000
92  5.025000e+000
93  8.096000e+000
94  1.103000e+001
95  1.028000e+004
96  2.530000e+003
97  3.431000e+004
98  3.230000e+005
99  1.026000e+006
100  3.831000e+004
101  6.203000e+004
102  2.263000e+001
103  5.307000e+000
104  5.341000e+000
105  7.849000e+000
106  9.344000e+000
107  9.783000e+000
108  8.970000e+000
109  6.554000e+004
110  4.479000e+003
111  2.094000e+004
112  8.813000e+004
113  8.967000e-001
114  0.000000e+000
115  4.587000e-006
116  0.000000e+000
117  1.539000e-003
118  5.446000e-001
119  1.072000e+004
120  1.305000e+004
121  6.588000e+004
122  3.899000e+005
123  3.470000e+005
124  1.065000e+005
125  7.093000e-001
126  9.099000e-004
127  0.000000e+000
128  0.000000e+000
129  4.928000e-002
130  1.652000e+000
131  1.306000e+001
132  6.683000e+003
133  6.074000e+002
134  1.618000e+005
135  1.113000e+003
136  2.560000e+004
137  3.465000e-001
138  0.000000e+000
139  0.000000e+000
140  0.000000e+000
141  0.000000e+000
142  2.304000e-001
143  4.994000e+002
144  1.137000e+001
   12 
1  1.734000e+000
2  3.639000e+000
3  9.187000e+004
4  1.216000e+004
5  6.211000e+001
6  0.000000e+000
7  0.000000e+000
8  0.000000e+000
9  0.000000e+000
10  0.000000e+000
11  0.000000e+000
12  5.578000e+002
13  4.577000e-005
14  9.233000e+004
15  4.402000e+004
16  1.459000e+004
17  1.148000e+004
18  5.662000e+001
19  0.000000e+000
20  0.000000e+000
21  0.000000e+000
22  0.000000e+000
23  2.179000e+003
24  3.889000e-001
25  1.194000e+004
26  1.178000e+005
27  1.980000e+005
28  6.209000e+004
29  8.357000e+003
30  0.000000e+000
31  0.000000e+000
32  0.000000e+000
33  0.000000e+000
34  0.000000e+000
35  1.385000e+003
36  1.027000e+003
37  7.319000e+003
38  4.259000e+004
39  2.805000e+004
40  4.545000e+004
41  4.964000e+003
42  0.000000e+000
43  0.000000e+000
44  0.000000e+000
45  0.000000e+000
46  0.000000e+000
47  0.000000e+000
48  3.241000e+003
49  1.206000e+004
50  3.201000e+004
51  4.238000e+003
52  8.500000e+004
53  8.312000e+003
54  0.000000e+000
55  0.000000e+000
56  0.000000e+000
57  0.000000e+000
58  0.000000e+000
59  3.631000e+004
60  1.408000e+004
61  2.457000e+004
62  2.280000e+004
63  0.000000e+000
64  4.268000e+004
65  1.018000e+005
66  1.702000e+004
67  0.000000e+000
68  0.000000e+000
69  0.000000e+000
70  0.000000e+000
71  0.000000e+000
72  0.000000e+000
73  0.000000e+000
74  1.319000e+004
75  5.686000e+004
76  2.230000e+005
77  5.052000e+002
78  0.000000e+000
79  0.000000e+000
80  0.000000e+000
81  0.000000e+000
82  0.000000e+000
83  0.000000e+000
84  0.000000e+000
85  0.000000e+000
86  0.000000e+000
87  3.535000e+000
88  7.583000e+003
89  5.533000e-002
90  0.000000e+000
91  0.000000e+000
92  0.000000e+000
93  0.000000e+000
94  0.000000e+000
95  0.000000e+000
96  0.000000e+000
97  3.485000e+000
98  1.142000e+005
99  4.037000e+005
100  1.242000e+001
101  7.234000e+000
102  0.000000e+000
103  0.000000e+000
104  0.000000e+000
105  0.000000e+000
106  0.000000e+000
107  0.000000e+000
108  0.000000e+000
109  4.996000e+000
110  1.578000e+000
111  3.149000e+002
112  4.054000e+002
113  0.000000e+000
114  0.000000e+000
115  0.000000e+000
116  0.000000e+000
117  0.000000e+000
118  0.000000e+000
119  0.000000e+000
120  7.436000e+002
121  6.642000e+002
122  7.389000e+004
123  8.340000e+004
124  2.607000e+003
125  0.000000e+000
126  0.000000e+000
127  0.000000e+000
128  0.000000e+000
129  0.000000e+000
130  0.000000e+000
131  0.000000e+000
132  1.504000e+003
133  9.174000e+001
134  2.037000e+004
135  1.344000e-003
136  1.227000e-003
137  0.000000e+000
138  0.000000e+000
139  0.000000e+000
140  0.000000e+000
141  0.000000e+000
142  0.000000e+000
143  0.000000e+000
144  0.000000e+000
