   1 
1  1.931000e+003
2  1.051000e+003
3  2.304000e+004
4  0.000000e+000
5  0.000000e+000
6  0.000000e+000
7  0.000000e+000
8  0.000000e+000
9  0.000000e+000
10  0.000000e+000
11  0.000000e+000
12  5.978000e+003
13  0.000000e+000
14  3.125000e+005
15  1.978000e+004
16  1.952000e+004
17  8.035000e+004
18  3.567000e+003
19  0.000000e+000
20  0.000000e+000
21  0.000000e+000
22  0.000000e+000
23  1.923000e+004
24  8.091000e+001
25  8.912000e+004
26  4.789000e+005
27  6.169000e+004
28  1.989000e+005
29  1.492000e+004
30  4.191000e-008
31  2.794000e-008
32  0.000000e+000
33  0.000000e+000
34  1.397000e-009
35  1.427000e+004
36  1.159000e+004
37  4.542000e+004
38  1.125000e+005
39  7.541000e+004
40  1.643000e+005
41  6.871000e+002
42  2.235000e-008
43  0.000000e+000
44  0.000000e+000
45  1.397000e-009
46  0.000000e+000
47  0.000000e+000
48  0.000000e+000
49  0.000000e+000
50  6.820000e+004
51  1.294000e+004
52  6.470000e+004
53  2.794000e-009
54  0.000000e+000
55  0.000000e+000
56  0.000000e+000
57  0.000000e+000
58  0.000000e+000
59  2.086000e+005
60  4.393000e+004
61  5.256000e+004
62  3.433000e+004
63  4.051000e-008
64  7.315000e+004
65  3.221000e+005
66  3.811000e+004
67  4.331000e-008
68  4.331000e-008
69  4.191000e-008
70  4.191000e-008
71  4.191000e-008
72  1.676000e-008
73  0.000000e+000
74  7.010000e+004
75  3.170000e+005
76  3.884000e+005
77  2.270000e+003
78  4.051000e-008
79  1.816000e-008
80  0.000000e+000
81  0.000000e+000
82  0.000000e+000
83  1.397000e-009
84  0.000000e+000
85  0.000000e+000
86  0.000000e+000
87  0.000000e+000
88  6.362000e+003
89  0.000000e+000
90  0.000000e+000
91  0.000000e+000
92  0.000000e+000
93  0.000000e+000
94  0.000000e+000
95  0.000000e+000
96  0.000000e+000
97  4.502000e+003
98  5.960000e+004
99  8.504000e+005
100  1.396000e+003
101  0.000000e+000
102  0.000000e+000
103  0.000000e+000
104  0.000000e+000
105  0.000000e+000
106  0.000000e+000
107  0.000000e+000
108  0.000000e+000
109  0.000000e+000
110  0.000000e+000
111  1.233000e+004
112  2.378000e+004
113  0.000000e+000
114  0.000000e+000
115  0.000000e+000
116  0.000000e+000
117  0.000000e+000
118  0.000000e+000
119  0.000000e+000
120  7.592000e+002
121  1.452000e+004
122  2.520000e+005
123  6.521000e+004
124  2.570000e+003
125  0.000000e+000
126  0.000000e+000
127  0.000000e+000
128  0.000000e+000
129  0.000000e+000
130  0.000000e+000
131  0.000000e+000
132  0.000000e+000
133  0.000000e+000
134  5.215000e+003
135  0.000000e+000
136  0.000000e+000
137  0.000000e+000
138  0.000000e+000
139  0.000000e+000
140  0.000000e+000
141  0.000000e+000
142  0.000000e+000
143  0.000000e+000
144  0.000000e+000
   2 
1  2.943000e+005
2  1.253000e+005
3  3.034000e+005
4  3.490000e+005
5  2.352000e+005
6  1.397000e-009
7  0.000000e+000
8  0.000000e+000
9  0.000000e+000
10  0.000000e+000
11  2.236000e+005
12  4.409000e+004
13  1.801000e+004
14  1.235000e+006
15  4.115000e+005
16  8.902000e+005
17  1.412000e+006
18  3.046000e+005
19  0.000000e+000
20  0.000000e+000
21  0.000000e+000
22  0.000000e+000
23  1.526000e+005
24  3.828000e+003
25  2.918000e+005
26  1.081000e+006
27  4.164000e+005
28  1.647000e+006
29  2.553000e+005
30  1.590000e+004
31  0.000000e+000
32  0.000000e+000
33  0.000000e+000
34  1.472000e+003
35  1.261000e+005
36  3.689000e+004
37  1.458000e+005
38  2.543000e+005
39  1.800000e+005
40  1.130000e+006
41  3.666000e+005
42  1.364000e+004
43  0.000000e+000
44  0.000000e+000
45  0.000000e+000
46  1.734000e+002
47  2.054000e+003
48  2.095000e+003
49  6.283000e+004
50  2.570000e+005
51  2.277000e+005
52  7.958000e+005
53  3.141000e+005
54  0.000000e+000
55  0.000000e+000
56  0.000000e+000
57  0.000000e+000
58  1.121000e+003
59  1.001000e+006
60  1.081000e+005
61  1.286000e+005
62  2.946000e+005
63  1.007000e+005
64  9.998000e+005
65  1.936000e+006
66  7.912000e+005
67  0.000000e+000
68  0.000000e+000
69  0.000000e+000
70  0.000000e+000
71  0.000000e+000
72  0.000000e+000
73  4.467000e+004
74  2.740000e+005
75  3.770000e+005
76  1.439000e+006
77  3.743000e+005
78  4.976000e+003
79  0.000000e+000
80  0.000000e+000
81  0.000000e+000
82  0.000000e+000
83  0.000000e+000
84  0.000000e+000
85  0.000000e+000
86  3.573000e+004
87  1.832000e+005
88  5.566000e+005
89  3.316000e+005
90  0.000000e+000
91  0.000000e+000
92  0.000000e+000
93  0.000000e+000
94  4.984000e+002
95  5.264000e+004
96  6.594000e+004
97  1.570000e+005
98  4.692000e+005
99  3.488000e+006
100  2.952000e+005
101  2.244000e+005
102  1.641000e+003
103  0.000000e+000
104  0.000000e+000
105  0.000000e+000
106  0.000000e+000
107  0.000000e+000
108  5.657000e+003
109  1.561000e+005
110  3.440000e+005
111  4.368000e+005
112  5.258000e+005
113  1.359000e+003
114  0.000000e+000
115  8.308000e+003
116  1.467000e+003
117  0.000000e+000
118  4.470000e+002
119  4.677000e+003
120  2.715000e+004
121  3.346000e+005
122  7.044000e+005
123  8.190000e+005
124  3.684000e+005
125  2.462000e+003
126  0.000000e+000
127  0.000000e+000
128  0.000000e+000
129  3.179000e+002
130  7.847000e+003
131  7.629000e+003
132  4.403000e+004
133  0.000000e+000
134  2.482000e+005
135  1.481000e+005
136  3.109000e+004
137  1.281000e+004
138  0.000000e+000
139  0.000000e+000
140  0.000000e+000
141  0.000000e+000
142  0.000000e+000
143  3.691000e+004
144  2.903000e+004
   3 
1  7.301000e+003
2  4.849000e+003
3  3.781000e+004
4  0.000000e+000
5  0.000000e+000
6  0.000000e+000
7  0.000000e+000
8  0.000000e+000
9  0.000000e+000
10  0.000000e+000
11  0.000000e+000
12  7.822000e+003
13  0.000000e+000
14  3.319000e+005
15  2.371000e+004
16  2.624000e+004
17  1.087000e+005
18  7.968000e+003
19  0.000000e+000
20  0.000000e+000
21  0.000000e+000
22  0.000000e+000
23  2.285000e+004
24  3.873000e+002
25  1.119000e+005
26  5.321000e+005
27  7.935000e+004
28  2.444000e+005
29  1.669000e+004
30  0.000000e+000
31  0.000000e+000
32  0.000000e+000
33  0.000000e+000
34  0.000000e+000
35  1.954000e+004
36  1.612000e+004
37  6.839000e+004
38  1.454000e+005
39  8.802000e+003
40  2.275000e+005
41  1.348000e+003
42  0.000000e+000
43  0.000000e+000
44  1.397000e-009
45  0.000000e+000
46  0.000000e+000
47  0.000000e+000
48  0.000000e+000
49  1.858000e+003
50  9.204000e+004
51  2.163000e+004
52  9.679000e+004
53  4.191000e-009
54  0.000000e+000
55  0.000000e+000
56  0.000000e+000
57  0.000000e+000
58  0.000000e+000
59  2.351000e+005
60  5.371000e+004
61  6.469000e+004
62  4.300000e+004
63  0.000000e+000
64  9.864000e+004
65  3.767000e+005
66  5.779000e+004
67  4.331000e-008
68  4.331000e-008
69  4.191000e-008
70  4.331000e-008
71  2.515000e-008
72  0.000000e+000
73  0.000000e+000
74  1.029000e+005
75  3.422000e+005
76  4.713000e+005
77  1.087000e+004
78  4.051000e-008
79  4.331000e-008
80  1.118000e-008
81  0.000000e+000
82  0.000000e+000
83  1.397000e-009
84  0.000000e+000
85  0.000000e+000
86  0.000000e+000
87  0.000000e+000
88  1.914000e+004
89  3.479000e+003
90  0.000000e+000
91  0.000000e+000
92  0.000000e+000
93  0.000000e+000
94  0.000000e+000
95  0.000000e+000
96  0.000000e+000
97  1.173000e+004
98  9.100000e+004
99  9.777000e+005
100  2.180000e+003
101  0.000000e+000
102  0.000000e+000
103  0.000000e+000
104  0.000000e+000
105  0.000000e+000
106  0.000000e+000
107  0.000000e+000
108  0.000000e+000
109  2.591000e+003
110  0.000000e+000
111  1.984000e+004
112  3.934000e+004
113  0.000000e+000
114  0.000000e+000
115  0.000000e+000
116  0.000000e+000
117  0.000000e+000
118  0.000000e+000
119  0.000000e+000
120  2.381000e+003
121  2.673000e+004
122  3.210000e+005
123  8.933000e+004
124  8.729000e+003
125  0.000000e+000
126  0.000000e+000
127  0.000000e+000
128  0.000000e+000
129  0.000000e+000
130  0.000000e+000
131  0.000000e+000
132  0.000000e+000
133  0.000000e+000
134  1.403000e+004
135  0.000000e+000
136  0.000000e+000
137  0.000000e+000
138  0.000000e+000
139  0.000000e+000
140  0.000000e+000
141  0.000000e+000
142  0.000000e+000
143  0.000000e+000
144  0.000000e+000
   4 
1  0.000000e+000
2  0.000000e+000
3  1.385000e+004
4  0.000000e+000
5  0.000000e+000
6  0.000000e+000
7  0.000000e+000
8  0.000000e+000
9  0.000000e+000
10  0.000000e+000
11  0.000000e+000
12  4.539000e+003
13  0.000000e+000
14  2.902000e+005
15  1.707000e+004
16  1.457000e+004
17  6.002000e+004
18  1.277000e+003
19  0.000000e+000
20  0.000000e+000
21  0.000000e+000
22  0.000000e+000
23  1.619000e+004
24  0.000000e+000
25  7.157000e+004
26  4.355000e+005
27  4.805000e+004
28  1.696000e+005
29  1.379000e+004
30  4.191000e-008
31  4.191000e-008
32  3.772000e-008
33  0.000000e+000
34  1.397000e-009
35  1.062000e+004
36  8.439000e+003
37  3.002000e+004
38  8.877000e+004
39  6.196000e+004
40  1.244000e+005
41  2.605000e+002
42  4.191000e-008
43  4.331000e-008
44  1.816000e-008
45  0.000000e+000
46  1.397000e-009
47  0.000000e+000
48  0.000000e+000
49  0.000000e+000
50  5.251000e+004
51  7.901000e+003
52  4.501000e+004
53  2.794000e-009
54  0.000000e+000
55  0.000000e+000
56  0.000000e+000
57  0.000000e+000
58  0.000000e+000
59  1.906000e+005
60  3.631000e+004
61  4.368000e+004
62  2.844000e+004
63  4.331000e-008
64  5.743000e+004
65  2.900000e+005
66  2.597000e+004
67  4.331000e-008
68  4.331000e-008
69  4.191000e-008
70  4.331000e-008
71  4.191000e-008
72  4.331000e-008
73  2.794000e-009
74  4.725000e+004
75  2.776000e+005
76  3.370000e+005
77  4.331000e-008
78  4.191000e-008
79  4.331000e-008
80  4.331000e-008
81  2.934000e-008
82  0.000000e+000
83  1.397000e-009
84  0.000000e+000
85  0.000000e+000
86  0.000000e+000
87  0.000000e+000
88  0.000000e+000
89  0.000000e+000
90  0.000000e+000
91  0.000000e+000
92  0.000000e+000
93  0.000000e+000
94  0.000000e+000
95  0.000000e+000
96  0.000000e+000
97  9.815000e+002
98  4.072000e+004
99  7.546000e+005
100  8.831000e+002
101  0.000000e+000
102  0.000000e+000
103  0.000000e+000
104  0.000000e+000
105  0.000000e+000
106  0.000000e+000
107  0.000000e+000
108  0.000000e+000
109  0.000000e+000
110  0.000000e+000
111  7.295000e+003
112  1.435000e+004
113  0.000000e+000
114  0.000000e+000
115  0.000000e+000
116  0.000000e+000
117  0.000000e+000
118  0.000000e+000
119  0.000000e+000
120  7.503000e+001
121  8.227000e+003
122  2.042000e+005
123  4.681000e+004
124  0.000000e+000
125  0.000000e+000
126  0.000000e+000
127  0.000000e+000
128  0.000000e+000
129  0.000000e+000
130  0.000000e+000
131  0.000000e+000
132  0.000000e+000
133  0.000000e+000
134  1.036000e+003
135  0.000000e+000
136  0.000000e+000
137  0.000000e+000
138  0.000000e+000
139  0.000000e+000
140  0.000000e+000
141  0.000000e+000
142  0.000000e+000
143  0.000000e+000
144  0.000000e+000
   5 
1  3.982000e+004
2  2.509000e+004
3  9.035000e+004
4  0.000000e+000
5  1.398000e+003
6  0.000000e+000
7  0.000000e+000
8  0.000000e+000
9  0.000000e+000
10  0.000000e+000
11  7.826000e+002
12  1.320000e+004
13  1.496000e+003
14  4.067000e+005
15  4.540000e+004
16  6.306000e+004
17  2.259000e+005
18  3.115000e+004
19  0.000000e+000
20  0.000000e+000
21  0.000000e+000
22  0.000000e+000
23  3.003000e+004
24  1.375000e+003
25  1.494000e+005
26  5.579000e+005
27  1.159000e+005
28  3.305000e+005
29  2.678000e+004
30  4.191000e-009
31  0.000000e+000
32  0.000000e+000
33  0.000000e+000
34  0.000000e+000
35  3.334000e+004
36  2.623000e+004
37  1.215000e+005
38  1.986000e+005
39  2.175000e+004
40  3.832000e+005
41  2.345000e+004
42  0.000000e+000
43  0.000000e+000
44  0.000000e+000
45  0.000000e+000
46  0.000000e+000
47  0.000000e+000
48  0.000000e+000
49  2.125000e+004
50  1.505000e+005
51  5.208000e+004
52  2.142000e+005
53  2.166000e+004
54  0.000000e+000
55  0.000000e+000
56  0.000000e+000
57  0.000000e+000
58  0.000000e+000
59  3.032000e+005
60  7.552000e+004
61  9.465000e+004
62  7.337000e+004
63  1.895000e+003
64  2.047000e+005
65  5.547000e+005
66  1.305000e+005
67  4.331000e-008
68  4.331000e-008
69  1.397000e-008
70  1.397000e-009
71  0.000000e+000
72  0.000000e+000
73  1.949000e+003
74  1.932000e+005
75  3.545000e+005
76  7.674000e+005
77  6.459000e+004
78  0.000000e+000
79  1.397000e-009
80  0.000000e+000
81  0.000000e+000
82  0.000000e+000
83  0.000000e+000
84  0.000000e+000
85  0.000000e+000
86  0.000000e+000
87  0.000000e+000
88  9.275000e+004
89  3.852000e+004
90  0.000000e+000
91  0.000000e+000
92  0.000000e+000
93  0.000000e+000
94  0.000000e+000
95  0.000000e+000
96  9.288000e+002
97  4.627000e+004
98  2.003000e+005
99  1.284000e+006
100  9.886000e+003
101  0.000000e+000
102  0.000000e+000
103  0.000000e+000
104  0.000000e+000
105  0.000000e+000
106  0.000000e+000
107  0.000000e+000
108  0.000000e+000
109  3.293000e+004
110  9.479000e+003
111  4.766000e+004
112  9.453000e+004
113  0.000000e+000
114  0.000000e+000
115  0.000000e+000
116  0.000000e+000
117  0.000000e+000
118  0.000000e+000
119  0.000000e+000
120  1.056000e+004
121  7.982000e+004
122  5.394000e+005
123  1.429000e+005
124  5.085000e+004
125  0.000000e+000
126  0.000000e+000
127  0.000000e+000
128  0.000000e+000
129  0.000000e+000
130  0.000000e+000
131  0.000000e+000
132  0.000000e+000
133  0.000000e+000
134  7.151000e+004
135  0.000000e+000
136  0.000000e+000
137  0.000000e+000
138  0.000000e+000
139  0.000000e+000
140  0.000000e+000
141  0.000000e+000
142  0.000000e+000
143  0.000000e+000
144  0.000000e+000
   6 
1  2.187000e+003
2  1.237000e+003
3  2.373000e+004
4  0.000000e+000
5  0.000000e+000
6  0.000000e+000
7  0.000000e+000
8  0.000000e+000
9  0.000000e+000
10  0.000000e+000
11  0.000000e+000
12  6.069000e+003
13  0.000000e+000
14  3.138000e+005
15  1.994000e+004
16  1.985000e+004
17  8.172000e+004
18  3.756000e+003
19  0.000000e+000
20  0.000000e+000
21  0.000000e+000
22  0.000000e+000
23  1.941000e+004
24  9.392000e+001
25  9.028000e+004
26  4.823000e+005
27  6.274000e+004
28  2.020000e+005
29  1.509000e+004
30  0.000000e+000
31  0.000000e+000
32  1.397000e-009
33  0.000000e+000
34  0.000000e+000
35  1.453000e+004
36  1.181000e+004
37  4.657000e+004
38  1.145000e+005
39  7.631000e+004
40  1.677000e+005
41  7.228000e+002
42  1.676000e-008
43  0.000000e+000
44  0.000000e+000
45  1.397000e-009
46  0.000000e+000
47  0.000000e+000
48  0.000000e+000
49  0.000000e+000
50  6.935000e+004
51  1.329000e+004
52  6.615000e+004
53  2.794000e-009
54  0.000000e+000
55  0.000000e+000
56  0.000000e+000
57  0.000000e+000
58  0.000000e+000
59  2.099000e+005
60  4.443000e+004
61  5.317000e+004
62  3.475000e+004
63  4.331000e-008
64  7.424000e+004
65  3.243000e+005
66  3.901000e+004
67  4.331000e-008
68  4.331000e-008
69  4.191000e-008
70  4.191000e-008
71  4.191000e-008
72  3.073000e-008
73  0.000000e+000
74  7.179000e+004
75  3.196000e+005
76  3.926000e+005
77  2.722000e+003
78  4.191000e-008
79  4.331000e-008
80  4.331000e-008
81  1.397000e-008
82  0.000000e+000
83  0.000000e+000
84  1.397000e-009
85  0.000000e+000
86  0.000000e+000
87  0.000000e+000
88  6.874000e+003
89  0.000000e+000
90  0.000000e+000
91  0.000000e+000
92  0.000000e+000
93  0.000000e+000
94  0.000000e+000
95  0.000000e+000
96  0.000000e+000
97  4.969000e+003
98  6.108000e+004
99  8.566000e+005
100  1.431000e+003
101  0.000000e+000
102  0.000000e+000
103  0.000000e+000
104  0.000000e+000
105  0.000000e+000
106  0.000000e+000
107  0.000000e+000
108  0.000000e+000
109  0.000000e+000
110  0.000000e+000
111  1.269000e+004
112  2.448000e+004
113  0.000000e+000
114  0.000000e+000
115  0.000000e+000
116  0.000000e+000
117  0.000000e+000
118  0.000000e+000
119  0.000000e+000
120  8.154000e+002
121  1.515000e+004
122  2.556000e+005
123  6.674000e+004
124  2.791000e+003
125  0.000000e+000
126  0.000000e+000
127  0.000000e+000
128  0.000000e+000
129  0.000000e+000
130  0.000000e+000
131  0.000000e+000
132  0.000000e+000
133  0.000000e+000
134  5.777000e+003
135  0.000000e+000
136  0.000000e+000
137  0.000000e+000
138  0.000000e+000
139  0.000000e+000
140  0.000000e+000
141  0.000000e+000
142  0.000000e+000
143  0.000000e+000
144  0.000000e+000
   7 
1  0.000000e+000
2  0.000000e+000
3  1.153000e+004
4  0.000000e+000
5  0.000000e+000
6  0.000000e+000
7  0.000000e+000
8  0.000000e+000
9  0.000000e+000
10  0.000000e+000
11  0.000000e+000
12  4.104000e+003
13  0.000000e+000
14  2.824000e+005
15  1.620000e+004
16  1.316000e+004
17  5.437000e+004
18  7.203000e+002
19  0.000000e+000
20  0.000000e+000
21  0.000000e+000
22  0.000000e+000
23  1.536000e+004
24  0.000000e+000
25  6.688000e+004
26  4.214000e+005
27  4.414000e+004
28  1.593000e+005
29  1.323000e+004
30  4.191000e-008
31  4.331000e-008
32  4.331000e-008
33  1.397000e-009
34  0.000000e+000
35  9.613000e+003
36  7.587000e+003
37  2.567000e+004
38  8.223000e+004
39  5.795000e+004
40  1.141000e+005
41  9.655000e+001
42  4.191000e-008
43  4.331000e-008
44  2.654000e-008
45  0.000000e+000
46  1.397000e-009
47  0.000000e+000
48  0.000000e+000
49  0.000000e+000
50  4.816000e+004
51  6.713000e+003
52  3.967000e+004
53  2.794000e-009
54  0.000000e+000
55  0.000000e+000
56  0.000000e+000
57  0.000000e+000
58  0.000000e+000
59  1.853000e+005
60  3.404000e+004
61  4.104000e+004
62  2.685000e+004
63  4.331000e-008
64  5.307000e+004
65  2.811000e+005
66  2.286000e+004
67  4.331000e-008
68  4.331000e-008
69  4.191000e-008
70  4.331000e-008
71  4.191000e-008
72  4.331000e-008
73  1.118000e-008
74  4.108000e+004
75  2.658000e+005
76  3.227000e+005
77  4.331000e-008
78  4.191000e-008
79  4.331000e-008
80  4.331000e-008
81  3.772000e-008
82  0.000000e+000
83  0.000000e+000
84  1.397000e-009
85  0.000000e+000
86  0.000000e+000
87  0.000000e+000
88  0.000000e+000
89  0.000000e+000
90  0.000000e+000
91  0.000000e+000
92  0.000000e+000
93  0.000000e+000
94  0.000000e+000
95  0.000000e+000
96  0.000000e+000
97  2.604000e+002
98  3.650000e+004
99  7.268000e+005
100  6.975000e+002
101  0.000000e+000
102  0.000000e+000
103  0.000000e+000
104  0.000000e+000
105  0.000000e+000
106  0.000000e+000
107  0.000000e+000
108  0.000000e+000
109  0.000000e+000
110  0.000000e+000
111  5.959000e+003
112  1.199000e+004
113  0.000000e+000
114  0.000000e+000
115  0.000000e+000
116  0.000000e+000
117  0.000000e+000
118  0.000000e+000
119  0.000000e+000
120  0.000000e+000
121  6.758000e+003
122  1.909000e+005
123  4.185000e+004
124  0.000000e+000
125  0.000000e+000
126  0.000000e+000
127  0.000000e+000
128  0.000000e+000
129  0.000000e+000
130  0.000000e+000
131  0.000000e+000
132  0.000000e+000
133  0.000000e+000
134  0.000000e+000
135  0.000000e+000
136  0.000000e+000
137  0.000000e+000
138  0.000000e+000
139  0.000000e+000
140  0.000000e+000
141  0.000000e+000
142  0.000000e+000
143  0.000000e+000
144  0.000000e+000
   8 
1  1.831000e+004
2  1.250000e+004
3  6.029000e+004
4  0.000000e+000
5  0.000000e+000
6  0.000000e+000
7  0.000000e+000
8  0.000000e+000
9  0.000000e+000
10  0.000000e+000
11  7.629000e+000
12  9.919000e+003
13  1.876000e+002
14  3.499000e+005
15  3.247000e+004
16  4.008000e+004
17  1.556000e+005
18  1.656000e+004
19  0.000000e+000
20  0.000000e+000
21  0.000000e+000
22  0.000000e+000
23  2.678000e+004
24  8.920000e+002
25  1.353000e+005
26  5.618000e+005
27  9.860000e+004
28  2.873000e+005
29  2.055000e+004
30  0.000000e+000
31  1.397000e-009
32  0.000000e+000
33  0.000000e+000
34  0.000000e+000
35  2.717000e+004
36  2.238000e+004
37  9.896000e+004
38  1.790000e+005
39  1.465000e+004
40  3.075000e+005
41  4.947000e+003
42  0.000000e+000
43  1.397000e-009
44  0.000000e+000
45  0.000000e+000
46  0.000000e+000
47  0.000000e+000
48  0.000000e+000
49  8.815000e+003
50  1.214000e+005
51  3.531000e+004
52  1.461000e+005
53  7.566000e+003
54  0.000000e+000
55  0.000000e+000
56  0.000000e+000
57  0.000000e+000
58  0.000000e+000
59  2.696000e+005
60  6.552000e+004
61  7.994000e+004
62  5.735000e+004
63  2.794000e-009
64  1.437000e+005
65  4.557000e+005
66  8.918000e+004
67  4.331000e-008
68  4.331000e-008
69  4.191000e-008
70  2.654000e-008
71  0.000000e+000
72  1.397000e-009
73  0.000000e+000
74  1.470000e+005
75  3.845000e+005
76  5.802000e+005
77  2.874000e+004
78  4.191000e-008
79  1.397000e-009
80  0.000000e+000
81  1.397000e-009
82  0.000000e+000
83  0.000000e+000
84  0.000000e+000
85  0.000000e+000
86  0.000000e+000
87  0.000000e+000
88  4.621000e+004
89  1.677000e+004
90  0.000000e+000
91  0.000000e+000
92  0.000000e+000
93  0.000000e+000
94  0.000000e+000
95  0.000000e+000
96  5.092000e+001
97  2.488000e+004
98  1.384000e+005
99  1.123000e+006
100  3.997000e+003
101  0.000000e+000
102  0.000000e+000
103  0.000000e+000
104  0.000000e+000
105  0.000000e+000
106  0.000000e+000
107  0.000000e+000
108  0.000000e+000
109  1.347000e+004
110  2.493000e+003
111  3.122000e+004
112  6.500000e+004
113  0.000000e+000
114  0.000000e+000
115  0.000000e+000
116  0.000000e+000
117  0.000000e+000
118  0.000000e+000
119  0.000000e+000
120  5.811000e+003
121  4.807000e+004
122  4.227000e+005
123  1.167000e+005
124  2.657000e+004
125  0.000000e+000
126  0.000000e+000
127  0.000000e+000
128  0.000000e+000
129  0.000000e+000
130  0.000000e+000
131  0.000000e+000
132  0.000000e+000
133  0.000000e+000
134  3.442000e+004
135  0.000000e+000
136  0.000000e+000
137  0.000000e+000
138  0.000000e+000
139  0.000000e+000
140  0.000000e+000
141  0.000000e+000
142  0.000000e+000
143  0.000000e+000
144  0.000000e+000
   9 
1  0.000000e+000
2  0.000000e+000
3  5.388000e+003
4  0.000000e+000
5  0.000000e+000
6  0.000000e+000
7  0.000000e+000
8  0.000000e+000
9  0.000000e+000
10  0.000000e+000
11  0.000000e+000
12  2.772000e+003
13  0.000000e+000
14  2.569000e+005
15  1.342000e+004
16  9.087000e+003
17  3.825000e+004
18  0.000000e+000
19  0.000000e+000
20  0.000000e+000
21  0.000000e+000
22  0.000000e+000
23  1.270000e+004
24  0.000000e+000
25  5.276000e+004
26  3.829000e+005
27  3.359000e+004
28  1.360000e+005
29  1.235000e+004
30  4.191000e-008
31  4.331000e-008
32  4.191000e-008
33  3.353000e-008
34  0.000000e+000
35  6.729000e+003
36  5.095000e+003
37  1.568000e+004
38  6.209000e+004
39  4.552000e+004
40  8.430000e+004
41  4.331000e-008
42  4.191000e-008
43  4.191000e-008
44  4.331000e-008
45  5.588000e-009
46  0.000000e+000
47  1.397000e-009
48  0.000000e+000
49  0.000000e+000
50  3.521000e+004
51  3.601000e+003
52  2.749000e+004
53  2.794000e-009
54  0.000000e+000
55  0.000000e+000
56  0.000000e+000
57  0.000000e+000
58  0.000000e+000
59  1.701000e+005
60  2.707000e+004
61  3.345000e+004
62  2.234000e+004
63  4.331000e-008
64  4.049000e+004
65  2.541000e+005
66  1.464000e+004
67  4.331000e-008
68  4.331000e-008
69  4.191000e-008
70  4.331000e-008
71  4.191000e-008
72  4.331000e-008
73  1.537000e-008
74  2.451000e+004
75  2.267000e+005
76  2.791000e+005
77  4.331000e-008
78  4.191000e-008
79  4.331000e-008
80  4.331000e-008
81  4.191000e-008
82  6.985000e-009
83  0.000000e+000
84  1.397000e-009
85  0.000000e+000
86  0.000000e+000
87  0.000000e+000
88  0.000000e+000
89  0.000000e+000
90  0.000000e+000
91  0.000000e+000
92  0.000000e+000
93  0.000000e+000
94  0.000000e+000
95  0.000000e+000
96  0.000000e+000
97  0.000000e+000
98  2.494000e+004
99  6.424000e+005
100  1.070000e+002
101  0.000000e+000
102  1.397000e-009
103  0.000000e+000
104  0.000000e+000
105  0.000000e+000
106  0.000000e+000
107  0.000000e+000
108  0.000000e+000
109  0.000000e+000
110  0.000000e+000
111  2.333000e+003
112  5.729000e+003
113  0.000000e+000
114  0.000000e+000
115  0.000000e+000
116  0.000000e+000
117  0.000000e+000
118  0.000000e+000
119  0.000000e+000
120  0.000000e+000
121  2.855000e+003
122  1.519000e+005
123  2.879000e+004
124  0.000000e+000
125  0.000000e+000
126  0.000000e+000
127  0.000000e+000
128  0.000000e+000
129  0.000000e+000
130  0.000000e+000
131  0.000000e+000
132  0.000000e+000
133  0.000000e+000
134  0.000000e+000
135  0.000000e+000
136  0.000000e+000
137  0.000000e+000
138  0.000000e+000
139  0.000000e+000
140  0.000000e+000
141  0.000000e+000
142  0.000000e+000
143  0.000000e+000
144  0.000000e+000
   10 
1  0.000000e+000
2  0.000000e+000
3  1.076000e+004
4  0.000000e+000
5  0.000000e+000
6  0.000000e+000
7  0.000000e+000
8  0.000000e+000
9  0.000000e+000
10  0.000000e+000
11  0.000000e+000
12  3.950000e+003
13  0.000000e+000
14  2.795000e+005
15  1.589000e+004
16  1.268000e+004
17  5.246000e+004
18  5.610000e+002
19  0.000000e+000
20  0.000000e+000
21  0.000000e+000
22  0.000000e+000
23  1.507000e+004
24  0.000000e+000
25  6.527000e+004
26  4.166000e+005
27  4.280000e+004
28  1.559000e+005
29  1.306000e+004
30  4.191000e-008
31  4.331000e-008
32  4.331000e-008
33  4.191000e-009
34  0.000000e+000
35  9.273000e+003
36  7.294000e+003
37  2.446000e+004
38  7.997000e+004
39  5.654000e+004
40  1.106000e+005
41  4.331000e-008
42  4.191000e-008
43  4.331000e-008
44  2.794000e-008
45  0.000000e+000
46  1.397000e-009
47  0.000000e+000
48  0.000000e+000
49  0.000000e+000
50  4.663000e+004
51  6.325000e+003
52  3.779000e+004
53  2.794000e-009
54  0.000000e+000
55  0.000000e+000
56  0.000000e+000
57  0.000000e+000
58  0.000000e+000
59  1.836000e+005
60  3.323000e+004
61  4.013000e+004
62  2.631000e+004
63  4.331000e-008
64  5.156000e+004
65  2.779000e+005
66  2.183000e+004
67  4.331000e-008
68  4.331000e-008
69  4.191000e-008
70  4.331000e-008
71  4.051000e-008
72  4.331000e-008
73  1.257000e-008
74  3.904000e+004
75  2.616000e+005
76  3.178000e+005
77  4.331000e-008
78  4.191000e-008
79  4.331000e-008
80  4.331000e-008
81  4.051000e-008
82  0.000000e+000
83  0.000000e+000
84  1.397000e-009
85  0.000000e+000
86  0.000000e+000
87  0.000000e+000
88  0.000000e+000
89  0.000000e+000
90  0.000000e+000
91  0.000000e+000
92  0.000000e+000
93  0.000000e+000
94  0.000000e+000
95  0.000000e+000
96  0.000000e+000
97  0.000000e+000
98  3.520000e+004
99  7.171000e+005
100  6.013000e+002
101  0.000000e+000
102  0.000000e+000
103  0.000000e+000
104  0.000000e+000
105  0.000000e+000
106  0.000000e+000
107  0.000000e+000
108  0.000000e+000
109  0.000000e+000
110  0.000000e+000
111  5.509000e+003
112  1.122000e+004
113  0.000000e+000
114  0.000000e+000
115  0.000000e+000
116  0.000000e+000
117  0.000000e+000
118  0.000000e+000
119  0.000000e+000
120  0.000000e+000
121  6.271000e+003
122  1.865000e+005
123  4.020000e+004
124  0.000000e+000
125  0.000000e+000
126  0.000000e+000
127  0.000000e+000
128  0.000000e+000
129  0.000000e+000
130  0.000000e+000
131  0.000000e+000
132  0.000000e+000
133  0.000000e+000
134  0.000000e+000
135  0.000000e+000
136  0.000000e+000
137  0.000000e+000
138  0.000000e+000
139  0.000000e+000
140  0.000000e+000
141  0.000000e+000
142  0.000000e+000
143  0.000000e+000
144  0.000000e+000
   11 
1  1.677000e+005
2  8.324000e+004
3  2.024000e+005
4  6.945000e+004
5  6.548000e+004
6  0.000000e+000
7  0.000000e+000
8  0.000000e+000
9  0.000000e+000
10  0.000000e+000
11  3.435000e+004
12  4.295000e+004
13  1.211000e+004
14  8.332000e+005
15  1.770000e+005
16  3.236000e+005
17  7.580000e+005
18  1.525000e+005
19  0.000000e+000
20  0.000000e+000
21  0.000000e+000
22  0.000000e+000
23  6.387000e+004
24  2.442000e+003
25  2.070000e+005
26  7.204000e+005
27  2.074000e+005
28  7.477000e+005
29  1.154000e+005
30  3.841000e+003
31  0.000000e+000
32  0.000000e+000
33  0.000000e+000
34  0.000000e+000
35  4.304000e+004
36  1.789000e+004
37  8.527000e+004
38  1.362000e+005
39  6.327000e+004
40  5.521000e+005
41  1.445000e+005
42  2.711000e+003
43  0.000000e+000
44  0.000000e+000
45  0.000000e+000
46  0.000000e+000
47  0.000000e+000
48  0.000000e+000
49  3.744000e+004
50  1.327000e+005
51  8.622000e+004
52  3.773000e+005
53  1.338000e+005
54  0.000000e+000
55  0.000000e+000
56  0.000000e+000
57  0.000000e+000
58  0.000000e+000
59  3.762000e+005
60  5.821000e+004
61  7.667000e+004
62  1.277000e+005
63  3.170000e+004
64  4.541000e+005
65  9.762000e+005
66  3.718000e+005
67  0.000000e+000
68  0.000000e+000
69  0.000000e+000
70  0.000000e+000
71  0.000000e+000
72  0.000000e+000
73  1.960000e+004
74  2.101000e+005
75  1.750000e+005
76  1.055000e+006
77  2.222000e+005
78  1.604000e+003
79  0.000000e+000
80  0.000000e+000
81  0.000000e+000
82  0.000000e+000
83  0.000000e+000
84  0.000000e+000
85  0.000000e+000
86  5.785000e+002
87  6.343000e+004
88  3.717000e+005
89  1.867000e+005
90  0.000000e+000
91  0.000000e+000
92  0.000000e+000
93  0.000000e+000
94  0.000000e+000
95  4.411000e+003
96  1.346000e+004
97  1.155000e+005
98  3.329000e+005
99  1.963000e+006
100  9.431000e+004
101  6.243000e+004
102  0.000000e+000
103  0.000000e+000
104  0.000000e+000
105  0.000000e+000
106  0.000000e+000
107  0.000000e+000
108  7.367000e+001
109  1.408000e+005
110  7.140000e+004
111  1.798000e+005
112  2.588000e+005
113  0.000000e+000
114  0.000000e+000
115  0.000000e+000
116  0.000000e+000
117  0.000000e+000
118  0.000000e+000
119  0.000000e+000
120  3.055000e+004
121  2.707000e+005
122  8.702000e+005
123  4.587000e+005
124  2.164000e+005
125  0.000000e+000
126  0.000000e+000
127  0.000000e+000
128  0.000000e+000
129  0.000000e+000
130  0.000000e+000
131  0.000000e+000
132  5.450000e+003
133  0.000000e+000
134  2.459000e+005
135  2.553000e+004
136  9.445000e+002
137  0.000000e+000
138  0.000000e+000
139  0.000000e+000
140  0.000000e+000
141  0.000000e+000
142  0.000000e+000
143  4.605000e+003
144  5.191000e+003
   12 
1  8.202000e+003
2  5.489000e+003
3  3.999000e+004
4  0.000000e+000
5  0.000000e+000
6  0.000000e+000
7  0.000000e+000
8  0.000000e+000
9  0.000000e+000
10  0.000000e+000
11  0.000000e+000
12  8.073000e+003
13  0.000000e+000
14  3.334000e+005
15  2.432000e+004
16  2.715000e+004
17  1.129000e+005
18  8.682000e+003
19  0.000000e+000
20  0.000000e+000
21  0.000000e+000
22  0.000000e+000
23  2.331000e+004
24  4.036000e+002
25  1.147000e+005
26  5.364000e+005
27  8.134000e+004
28  2.484000e+005
29  1.672000e+004
30  0.000000e+000
31  0.000000e+000
32  0.000000e+000
33  0.000000e+000
34  0.000000e+000
35  2.025000e+004
36  1.673000e+004
37  7.152000e+004
38  1.490000e+005
39  9.358000e+003
40  2.354000e+005
41  1.342000e+003
42  0.000000e+000
43  0.000000e+000
44  0.000000e+000
45  0.000000e+000
46  0.000000e+000
47  0.000000e+000
48  0.000000e+000
49  1.830000e+003
50  9.527000e+004
51  2.293000e+004
52  1.015000e+005
53  1.041000e+002
54  0.000000e+000
55  0.000000e+000
56  0.000000e+000
57  0.000000e+000
58  0.000000e+000
59  2.385000e+005
60  5.495000e+004
61  6.630000e+004
62  4.430000e+004
63  0.000000e+000
64  1.023000e+005
65  3.847000e+005
66  6.074000e+004
67  0.000000e+000
68  0.000000e+000
69  0.000000e+000
70  0.000000e+000
71  0.000000e+000
72  0.000000e+000
73  0.000000e+000
74  1.076000e+005
75  3.474000e+005
76  4.831000e+005
77  1.226000e+004
78  0.000000e+000
79  0.000000e+000
80  0.000000e+000
81  0.000000e+000
82  0.000000e+000
83  0.000000e+000
84  0.000000e+000
85  0.000000e+000
86  0.000000e+000
87  0.000000e+000
88  2.131000e+004
89  3.928000e+003
90  0.000000e+000
91  0.000000e+000
92  0.000000e+000
93  0.000000e+000
94  0.000000e+000
95  0.000000e+000
96  0.000000e+000
97  1.287000e+004
98  9.564000e+004
99  9.929000e+005
100  2.043000e+003
101  0.000000e+000
102  0.000000e+000
103  0.000000e+000
104  0.000000e+000
105  0.000000e+000
106  0.000000e+000
107  0.000000e+000
108  0.000000e+000
109  3.209000e+003
110  0.000000e+000
111  2.093000e+004
112  4.172000e+004
113  0.000000e+000
114  0.000000e+000
115  0.000000e+000
116  0.000000e+000
117  0.000000e+000
118  0.000000e+000
119  0.000000e+000
120  2.676000e+003
121  2.838000e+004
122  3.307000e+005
123  9.250000e+004
124  1.032000e+004
125  0.000000e+000
126  0.000000e+000
127  0.000000e+000
128  0.000000e+000
129  0.000000e+000
130  0.000000e+000
131  0.000000e+000
132  0.000000e+000
133  0.000000e+000
134  1.539000e+004
135  0.000000e+000
136  0.000000e+000
137  0.000000e+000
138  0.000000e+000
139  0.000000e+000
140  0.000000e+000
141  0.000000e+000
142  0.000000e+000
143  0.000000e+000
144  0.000000e+000
