   1 
1  0.000000e+000
2  0.000000e+000
3  2.774000e+002
4  0.000000e+000
5  0.000000e+000
6  0.000000e+000
7  0.000000e+000
8  0.000000e+000
9  0.000000e+000
10  0.000000e+000
11  0.000000e+000
12  0.000000e+000
13  0.000000e+000
14  4.488000e+004
15  0.000000e+000
16  0.000000e+000
17  2.271000e+003
18  0.000000e+000
19  0.000000e+000
20  0.000000e+000
21  0.000000e+000
22  0.000000e+000
23  0.000000e+000
24  0.000000e+000
25  1.875000e+003
26  5.828000e+004
27  7.071000e+003
28  5.076000e+004
29  5.707000e+003
30  4.322000e-008
31  4.466000e-008
32  4.466000e-008
33  4.322000e-008
34  4.466000e-008
35  4.322000e-008
36  8.018000e+001
37  1.411000e+003
38  1.678000e+004
39  1.059000e+004
40  2.602000e+004
41  1.488000e+002
42  4.322000e-008
43  4.466000e-008
44  4.466000e-008
45  4.322000e-008
46  4.466000e-008
47  4.322000e-008
48  4.466000e-008
49  1.441000e-009
50  4.240000e+002
51  8.645000e-009
52  0.000000e+000
53  0.000000e+000
54  0.000000e+000
55  0.000000e+000
56  0.000000e+000
57  0.000000e+000
58  0.000000e+000
59  7.926000e+003
60  7.939000e+003
61  1.248000e+004
62  6.648000e+003
63  4.466000e-008
64  1.491000e+004
65  7.815000e+004
66  8.087000e+003
67  4.466000e-008
68  4.466000e-008
69  4.322000e-008
70  4.466000e-008
71  4.322000e-008
72  4.466000e-008
73  4.466000e-008
74  1.702000e+003
75  1.265000e+004
76  5.474000e+004
77  5.925000e+002
78  4.322000e-008
79  4.466000e-008
80  4.466000e-008
81  4.322000e-008
82  4.466000e-008
83  4.322000e-008
84  4.466000e-008
85  4.322000e-008
86  0.000000e+000
87  3.458000e-008
88  2.882000e-009
89  0.000000e+000
90  0.000000e+000
91  0.000000e+000
92  0.000000e+000
93  0.000000e+000
94  0.000000e+000
95  0.000000e+000
96  0.000000e+000
97  0.000000e+000
98  6.056000e+002
99  7.061000e+004
100  5.125000e+002
101  4.466000e-008
102  4.322000e-008
103  4.466000e-008
104  8.645000e-009
105  2.882000e-008
106  8.645000e-009
107  0.000000e+000
108  0.000000e+000
109  0.000000e+000
110  0.000000e+000
111  0.000000e+000
112  0.000000e+000
113  0.000000e+000
114  0.000000e+000
115  0.000000e+000
116  0.000000e+000
117  0.000000e+000
118  0.000000e+000
119  0.000000e+000
120  0.000000e+000
121  0.000000e+000
122  1.082000e+004
123  0.000000e+000
124  0.000000e+000
125  0.000000e+000
126  0.000000e+000
127  0.000000e+000
128  0.000000e+000
129  0.000000e+000
130  0.000000e+000
131  0.000000e+000
132  0.000000e+000
133  0.000000e+000
134  0.000000e+000
135  0.000000e+000
136  0.000000e+000
137  0.000000e+000
138  0.000000e+000
139  0.000000e+000
140  0.000000e+000
141  0.000000e+000
142  0.000000e+000
143  0.000000e+000
144  0.000000e+000
   2 
1  4.787000e+004
2  2.845000e+004
3  6.909000e+004
4  5.533000e+004
5  3.559000e+004
6  1.441000e-009
7  0.000000e+000
8  0.000000e+000
9  0.000000e+000
10  0.000000e+000
11  2.999000e+004
12  1.108000e+004
13  4.362000e+003
14  2.987000e+005
15  7.404000e+004
16  1.532000e+005
17  3.027000e+005
18  5.918000e+004
19  0.000000e+000
20  0.000000e+000
21  0.000000e+000
22  0.000000e+000
23  2.875000e+004
24  8.775000e+002
25  6.955000e+004
26  2.498000e+005
27  7.589000e+004
28  3.061000e+005
29  4.813000e+004
30  2.228000e+003
31  0.000000e+000
32  0.000000e+000
33  0.000000e+000
34  8.604000e+001
35  1.919000e+004
36  6.729000e+003
37  3.170000e+004
38  5.176000e+004
39  2.663000e+004
40  2.155000e+005
41  6.129000e+004
42  1.531000e+003
43  0.000000e+000
44  0.000000e+000
45  0.000000e+000
46  3.177000e+001
47  1.439000e+002
48  1.266000e+002
49  9.602000e+003
50  3.782000e+004
51  2.987000e+004
52  1.220000e+005
53  4.534000e+004
54  0.000000e+000
55  0.000000e+000
56  0.000000e+000
57  0.000000e+000
58  2.218000e+002
59  1.552000e+005
60  1.988000e+004
61  2.517000e+004
62  4.727000e+004
63  1.465000e+004
64  1.919000e+005
65  4.135000e+005
66  1.644000e+005
67  0.000000e+000
68  0.000000e+000
69  0.000000e+000
70  0.000000e+000
71  0.000000e+000
72  0.000000e+000
73  6.327000e+003
74  4.938000e+004
75  5.289000e+004
76  2.772000e+005
77  6.873000e+004
78  8.305000e+002
79  0.000000e+000
80  0.000000e+000
81  0.000000e+000
82  0.000000e+000
83  0.000000e+000
84  0.000000e+000
85  0.000000e+000
86  2.735000e+003
87  2.793000e+004
88  1.087000e+005
89  5.844000e+004
90  0.000000e+000
91  0.000000e+000
92  0.000000e+000
93  0.000000e+000
94  7.080000e+001
95  5.768000e+003
96  7.582000e+003
97  3.521000e+004
98  1.009000e+005
99  6.910000e+005
100  4.078000e+004
101  2.760000e+004
102  0.000000e+000
103  0.000000e+000
104  0.000000e+000
105  0.000000e+000
106  0.000000e+000
107  0.000000e+000
108  6.457000e+002
109  4.159000e+004
110  4.692000e+004
111  7.948000e+004
112  1.011000e+005
113  0.000000e+000
114  0.000000e+000
115  2.278000e+003
116  3.462000e+002
117  0.000000e+000
118  1.056000e+001
119  6.621000e+002
120  8.895000e+003
121  9.085000e+004
122  2.367000e+005
123  1.743000e+005
124  7.596000e+004
125  0.000000e+000
126  0.000000e+000
127  0.000000e+000
128  0.000000e+000
129  0.000000e+000
130  8.821000e+002
131  3.350000e+002
132  4.662000e+003
133  0.000000e+000
134  6.647000e+004
135  1.454000e+004
136  1.070000e+003
137  0.000000e+000
138  0.000000e+000
139  0.000000e+000
140  0.000000e+000
141  0.000000e+000
142  0.000000e+000
143  8.153000e+003
144  4.339000e+003
   3 
1  0.000000e+000
2  0.000000e+000
3  1.352000e+003
4  0.000000e+000
5  0.000000e+000
6  0.000000e+000
7  0.000000e+000
8  0.000000e+000
9  0.000000e+000
10  0.000000e+000
11  0.000000e+000
12  7.552000e+001
13  0.000000e+000
14  5.637000e+004
15  1.441000e-009
16  0.000000e+000
17  3.986000e+003
18  0.000000e+000
19  0.000000e+000
20  0.000000e+000
21  0.000000e+000
22  0.000000e+000
23  4.151000e+001
24  0.000000e+000
25  4.907000e+003
26  7.135000e+004
27  9.113000e+003
28  5.778000e+004
29  6.205000e+003
30  4.322000e-008
31  4.466000e-008
32  4.466000e-008
33  4.322000e-008
34  4.466000e-008
35  4.322000e-008
36  2.918000e+002
37  3.843000e+003
38  2.233000e+004
39  1.332000e+004
40  3.576000e+004
41  3.840000e+002
42  4.322000e-008
43  4.466000e-008
44  4.466000e-008
45  4.322000e-008
46  4.466000e-008
47  4.322000e-008
48  4.322000e-008
49  0.000000e+000
50  2.551000e+003
51  4.322000e-008
52  1.009000e-008
53  0.000000e+000
54  0.000000e+000
55  0.000000e+000
56  0.000000e+000
57  0.000000e+000
58  0.000000e+000
59  1.100000e+004
60  9.591000e+003
61  1.421000e+004
62  8.166000e+003
63  4.466000e-008
64  2.005000e+004
65  8.797000e+004
66  1.060000e+004
67  4.466000e-008
68  4.466000e-008
69  4.322000e-008
70  4.466000e-008
71  4.322000e-008
72  4.466000e-008
73  4.466000e-008
74  4.112000e+003
75  1.980000e+004
76  6.365000e+004
77  1.469000e+003
78  4.322000e-008
79  4.466000e-008
80  4.466000e-008
81  4.322000e-008
82  4.466000e-008
83  4.322000e-008
84  4.466000e-008
85  4.466000e-008
86  4.034000e-008
87  4.466000e-008
88  8.645000e-009
89  0.000000e+000
90  3.890000e-008
91  2.161000e-008
92  0.000000e+000
93  0.000000e+000
94  0.000000e+000
95  0.000000e+000
96  0.000000e+000
97  0.000000e+000
98  3.884000e+003
99  9.660000e+004
100  8.000000e+002
101  4.466000e-008
102  4.178000e-008
103  0.000000e+000
104  8.645000e-009
105  4.322000e-008
106  8.645000e-009
107  0.000000e+000
108  0.000000e+000
109  0.000000e+000
110  0.000000e+000
111  0.000000e+000
112  0.000000e+000
113  0.000000e+000
114  0.000000e+000
115  0.000000e+000
116  0.000000e+000
117  0.000000e+000
118  0.000000e+000
119  0.000000e+000
120  1.726000e+002
121  0.000000e+000
122  2.241000e+004
123  0.000000e+000
124  7.869000e+001
125  0.000000e+000
126  0.000000e+000
127  0.000000e+000
128  0.000000e+000
129  0.000000e+000
130  0.000000e+000
131  0.000000e+000
132  0.000000e+000
133  0.000000e+000
134  0.000000e+000
135  0.000000e+000
136  0.000000e+000
137  0.000000e+000
138  0.000000e+000
139  0.000000e+000
140  0.000000e+000
141  0.000000e+000
142  0.000000e+000
143  0.000000e+000
144  0.000000e+000
   4 
1  0.000000e+000
2  0.000000e+000
3  0.000000e+000
4  0.000000e+000
5  0.000000e+000
6  0.000000e+000
7  0.000000e+000
8  0.000000e+000
9  0.000000e+000
10  0.000000e+000
11  0.000000e+000
12  0.000000e+000
13  0.000000e+000
14  3.544000e+004
15  0.000000e+000
16  0.000000e+000
17  1.172000e+003
18  0.000000e+000
19  0.000000e+000
20  0.000000e+000
21  0.000000e+000
22  0.000000e+000
23  0.000000e+000
24  0.000000e+000
25  6.234000e+002
26  4.818000e+004
27  5.319000e+003
28  4.367000e+004
29  5.166000e+003
30  4.322000e-008
31  4.466000e-008
32  4.466000e-008
33  4.322000e-008
34  4.466000e-008
35  4.322000e-008
36  4.466000e-008
37  4.030000e+002
38  1.229000e+004
39  8.519000e+003
40  1.927000e+004
41  4.466000e-008
42  4.322000e-008
43  4.466000e-008
44  4.466000e-008
45  4.322000e-008
46  4.466000e-008
47  4.322000e-008
48  4.466000e-008
49  4.322000e-008
50  0.000000e+000
51  4.322000e-008
52  1.297000e-008
53  0.000000e+000
54  0.000000e+000
55  0.000000e+000
56  0.000000e+000
57  0.000000e+000
58  0.000000e+000
59  6.222000e+003
60  6.664000e+003
61  1.119000e+004
62  5.655000e+003
63  4.466000e-008
64  1.159000e+004
65  7.122000e+004
66  6.364000e+003
67  4.466000e-008
68  4.466000e-008
69  4.322000e-008
70  4.466000e-008
71  4.322000e-008
72  4.466000e-008
73  4.466000e-008
74  5.432000e+002
75  8.071000e+003
76  4.826000e+004
77  4.466000e-008
78  4.322000e-008
79  4.466000e-008
80  4.466000e-008
81  4.322000e-008
82  4.466000e-008
83  4.322000e-008
84  4.466000e-008
85  4.466000e-008
86  4.034000e-008
87  8.645000e-009
88  2.161000e-008
89  1.873000e-008
90  0.000000e+000
91  0.000000e+000
92  0.000000e+000
93  0.000000e+000
94  0.000000e+000
95  0.000000e+000
96  0.000000e+000
97  0.000000e+000
98  0.000000e+000
99  5.325000e+004
100  3.076000e+002
101  4.466000e-008
102  4.322000e-008
103  4.466000e-008
104  3.458000e-008
105  0.000000e+000
106  4.034000e-008
107  0.000000e+000
108  0.000000e+000
109  0.000000e+000
110  0.000000e+000
111  0.000000e+000
112  0.000000e+000
113  0.000000e+000
114  0.000000e+000
115  0.000000e+000
116  0.000000e+000
117  0.000000e+000
118  0.000000e+000
119  0.000000e+000
120  0.000000e+000
121  0.000000e+000
122  5.308000e+003
123  0.000000e+000
124  0.000000e+000
125  0.000000e+000
126  0.000000e+000
127  0.000000e+000
128  0.000000e+000
129  0.000000e+000
130  0.000000e+000
131  0.000000e+000
132  0.000000e+000
133  0.000000e+000
134  0.000000e+000
135  0.000000e+000
136  0.000000e+000
137  0.000000e+000
138  0.000000e+000
139  0.000000e+000
140  0.000000e+000
141  0.000000e+000
142  0.000000e+000
143  0.000000e+000
144  0.000000e+000
   5 
1  1.933000e+003
2  1.270000e+003
3  7.570000e+003
4  0.000000e+000
5  0.000000e+000
6  0.000000e+000
7  0.000000e+000
8  0.000000e+000
9  0.000000e+000
10  0.000000e+000
11  0.000000e+000
12  1.618000e+003
13  0.000000e+000
14  8.916000e+004
15  3.362000e+003
16  7.607000e+002
17  1.531000e+004
18  9.197000e+002
19  0.000000e+000
20  0.000000e+000
21  0.000000e+000
22  0.000000e+000
23  8.774000e+002
24  7.599000e+000
25  1.512000e+004
26  8.467000e+004
27  9.358000e+003
28  6.704000e+004
29  6.930000e+003
30  4.322000e-008
31  4.466000e-008
32  4.466000e-008
33  4.322000e-008
34  3.746000e-008
35  2.496000e+002
36  1.834000e+003
37  1.344000e+004
38  3.180000e+004
39  2.017000e+004
40  6.414000e+004
41  3.325000e+003
42  4.322000e-008
43  2.161000e-008
44  2.737000e-008
45  2.882000e-009
46  0.000000e+000
47  0.000000e+000
48  0.000000e+000
49  1.273000e+003
50  1.428000e+004
51  1.205000e+001
52  2.023000e+003
53  1.023000e+002
54  0.000000e+000
55  0.000000e+000
56  0.000000e+000
57  0.000000e+000
58  0.000000e+000
59  2.333000e+004
60  1.379000e+004
61  1.903000e+004
62  1.362000e+004
63  2.918000e+002
64  3.942000e+004
65  1.210000e+005
66  2.280000e+004
67  4.466000e-008
68  4.466000e-008
69  4.322000e-008
70  4.466000e-008
71  4.322000e-008
72  4.466000e-008
73  4.466000e-008
74  1.508000e+004
75  1.688000e+004
76  1.067000e+005
77  7.816000e+003
78  4.322000e-008
79  4.466000e-008
80  4.466000e-008
81  2.305000e-008
82  2.449000e-008
83  5.763000e-009
84  0.000000e+000
85  0.000000e+000
86  0.000000e+000
87  0.000000e+000
88  0.000000e+000
89  0.000000e+000
90  0.000000e+000
91  0.000000e+000
92  0.000000e+000
93  0.000000e+000
94  0.000000e+000
95  0.000000e+000
96  0.000000e+000
97  3.626000e+003
98  2.350000e+004
99  1.835000e+005
100  1.758000e+003
101  1.441000e-009
102  0.000000e+000
103  0.000000e+000
104  0.000000e+000
105  0.000000e+000
106  0.000000e+000
107  0.000000e+000
108  0.000000e+000
109  1.822000e+003
110  1.441000e-009
111  0.000000e+000
112  0.000000e+000
113  0.000000e+000
114  0.000000e+000
115  0.000000e+000
116  0.000000e+000
117  0.000000e+000
118  0.000000e+000
119  0.000000e+000
120  1.841000e+003
121  5.535000e+003
122  7.479000e+004
123  1.773000e+003
124  2.312000e+003
125  0.000000e+000
126  0.000000e+000
127  0.000000e+000
128  0.000000e+000
129  0.000000e+000
130  0.000000e+000
131  0.000000e+000
132  0.000000e+000
133  0.000000e+000
134  2.495000e+003
135  0.000000e+000
136  0.000000e+000
137  0.000000e+000
138  0.000000e+000
139  0.000000e+000
140  0.000000e+000
141  0.000000e+000
142  0.000000e+000
143  0.000000e+000
144  0.000000e+000
   6 
1  0.000000e+000
2  0.000000e+000
3  3.184000e+002
4  0.000000e+000
5  0.000000e+000
6  0.000000e+000
7  0.000000e+000
8  0.000000e+000
9  0.000000e+000
10  0.000000e+000
11  0.000000e+000
12  0.000000e+000
13  0.000000e+000
14  4.547000e+004
15  0.000000e+000
16  0.000000e+000
17  2.351000e+003
18  0.000000e+000
19  0.000000e+000
20  0.000000e+000
21  0.000000e+000
22  0.000000e+000
23  0.000000e+000
24  0.000000e+000
25  1.989000e+003
26  5.873000e+004
27  7.171000e+003
28  5.104000e+004
29  5.723000e+003
30  4.322000e-008
31  4.466000e-008
32  4.466000e-008
33  4.322000e-008
34  4.466000e-008
35  4.322000e-008
36  8.710000e+001
37  1.487000e+003
38  1.702000e+004
39  1.073000e+004
40  2.640000e+004
41  1.608000e+002
42  4.322000e-008
43  4.466000e-008
44  4.466000e-008
45  4.322000e-008
46  4.466000e-008
47  4.322000e-008
48  4.466000e-008
49  4.466000e-008
50  4.790000e+002
51  2.882000e-009
52  3.746000e-008
53  2.017000e-008
54  0.000000e+000
55  0.000000e+000
56  0.000000e+000
57  0.000000e+000
58  0.000000e+000
59  8.067000e+003
60  8.025000e+003
61  1.257000e+004
62  6.719000e+003
63  4.466000e-008
64  1.515000e+004
65  7.863000e+004
66  8.208000e+003
67  4.466000e-008
68  4.466000e-008
69  4.322000e-008
70  4.466000e-008
71  4.322000e-008
72  4.466000e-008
73  4.466000e-008
74  1.807000e+003
75  1.303000e+004
76  5.536000e+004
77  6.337000e+002
78  4.322000e-008
79  4.466000e-008
80  4.466000e-008
81  4.322000e-008
82  4.466000e-008
83  4.322000e-008
84  4.466000e-008
85  4.466000e-008
86  4.034000e-008
87  4.466000e-008
88  4.322000e-008
89  1.441000e-009
90  8.645000e-009
91  4.466000e-008
92  4.322000e-009
93  0.000000e+000
94  0.000000e+000
95  0.000000e+000
96  0.000000e+000
97  0.000000e+000
98  7.668000e+002
99  7.180000e+004
100  5.262000e+002
101  4.466000e-008
102  4.322000e-008
103  4.466000e-008
104  7.204000e-009
105  1.441000e-009
106  4.466000e-008
107  1.009000e-008
108  0.000000e+000
109  0.000000e+000
110  0.000000e+000
111  0.000000e+000
112  0.000000e+000
113  0.000000e+000
114  0.000000e+000
115  0.000000e+000
116  0.000000e+000
117  0.000000e+000
118  0.000000e+000
119  0.000000e+000
120  0.000000e+000
121  0.000000e+000
122  1.129000e+004
123  0.000000e+000
124  1.441000e-009
125  0.000000e+000
126  0.000000e+000
127  0.000000e+000
128  0.000000e+000
129  0.000000e+000
130  0.000000e+000
131  0.000000e+000
132  0.000000e+000
133  0.000000e+000
134  0.000000e+000
135  0.000000e+000
136  0.000000e+000
137  0.000000e+000
138  0.000000e+000
139  0.000000e+000
140  0.000000e+000
141  0.000000e+000
142  0.000000e+000
143  0.000000e+000
144  0.000000e+000
   7 
1  0.000000e+000
2  0.000000e+000
3  0.000000e+000
4  0.000000e+000
5  0.000000e+000
6  0.000000e+000
7  0.000000e+000
8  0.000000e+000
9  0.000000e+000
10  0.000000e+000
11  0.000000e+000
12  0.000000e+000
13  0.000000e+000
14  3.248000e+004
15  0.000000e+000
16  0.000000e+000
17  8.838000e+002
18  0.000000e+000
19  0.000000e+000
20  0.000000e+000
21  0.000000e+000
22  0.000000e+000
23  0.000000e+000
24  0.000000e+000
25  4.195000e+002
26  4.569000e+004
27  4.968000e+003
28  4.223000e+004
29  5.068000e+003
30  4.322000e-008
31  4.466000e-008
32  4.466000e-008
33  4.322000e-008
34  4.466000e-008
35  4.322000e-008
36  4.466000e-008
37  2.092000e+002
38  1.116000e+004
39  7.907000e+003
40  1.775000e+004
41  4.466000e-008
42  4.322000e-008
43  4.466000e-008
44  4.466000e-008
45  4.322000e-008
46  4.466000e-008
47  4.322000e-008
48  4.466000e-008
49  4.466000e-008
50  1.009000e-008
51  1.441000e-008
52  2.593000e-008
53  0.000000e+000
54  0.000000e+000
55  0.000000e+000
56  0.000000e+000
57  0.000000e+000
58  0.000000e+000
59  5.810000e+003
60  6.289000e+003
61  1.082000e+004
62  5.394000e+003
63  4.466000e-008
64  1.068000e+004
65  6.930000e+004
66  5.890000e+003
67  4.466000e-008
68  4.466000e-008
69  4.322000e-008
70  4.466000e-008
71  4.322000e-008
72  4.466000e-008
73  4.466000e-008
74  3.133000e+002
75  6.945000e+003
76  4.675000e+004
77  4.466000e-008
78  4.322000e-008
79  4.466000e-008
80  4.466000e-008
81  4.322000e-008
82  4.466000e-008
83  4.322000e-008
84  4.466000e-008
85  4.466000e-008
86  4.034000e-008
87  2.305000e-008
88  5.763000e-009
89  3.602000e-008
90  0.000000e+000
91  0.000000e+000
92  0.000000e+000
93  0.000000e+000
94  0.000000e+000
95  0.000000e+000
96  0.000000e+000
97  0.000000e+000
98  0.000000e+000
99  4.856000e+004
100  2.465000e+002
101  4.466000e-008
102  4.322000e-008
103  4.466000e-008
104  4.466000e-008
105  0.000000e+000
106  3.458000e-008
107  1.441000e-009
108  0.000000e+000
109  0.000000e+000
110  0.000000e+000
111  0.000000e+000
112  0.000000e+000
113  0.000000e+000
114  0.000000e+000
115  0.000000e+000
116  0.000000e+000
117  0.000000e+000
118  0.000000e+000
119  0.000000e+000
120  0.000000e+000
121  0.000000e+000
122  4.133000e+003
123  0.000000e+000
124  0.000000e+000
125  0.000000e+000
126  0.000000e+000
127  0.000000e+000
128  0.000000e+000
129  0.000000e+000
130  0.000000e+000
131  0.000000e+000
132  0.000000e+000
133  0.000000e+000
134  0.000000e+000
135  0.000000e+000
136  0.000000e+000
137  0.000000e+000
138  0.000000e+000
139  0.000000e+000
140  0.000000e+000
141  0.000000e+000
142  0.000000e+000
143  0.000000e+000
144  0.000000e+000
   8 
1  4.129000e+002
2  1.663000e+002
3  3.647000e+003
4  0.000000e+000
5  0.000000e+000
6  0.000000e+000
7  0.000000e+000
8  0.000000e+000
9  0.000000e+000
10  0.000000e+000
11  0.000000e+000
12  5.658000e+002
13  0.000000e+000
14  6.685000e+004
15  8.271000e+002
16  0.000000e+000
17  6.637000e+003
18  1.215000e+002
19  0.000000e+000
20  0.000000e+000
21  0.000000e+000
22  0.000000e+000
23  3.189000e+002
24  0.000000e+000
25  1.013000e+004
26  8.313000e+004
27  1.070000e+004
28  6.379000e+004
29  6.202000e+003
30  4.322000e-008
31  4.466000e-008
32  4.466000e-008
33  4.322000e-008
34  4.466000e-008
35  1.147000e+001
36  8.855000e+002
37  8.216000e+003
38  2.721000e+004
39  1.609000e+004
40  4.851000e+004
41  1.294000e+003
42  4.322000e-008
43  4.466000e-008
44  4.466000e-008
45  4.322000e-008
46  1.153000e-008
47  2.305000e-008
48  1.585000e-008
49  1.441000e-009
50  7.367000e+003
51  2.882000e-009
52  0.000000e+000
53  0.000000e+000
54  0.000000e+000
55  0.000000e+000
56  0.000000e+000
57  0.000000e+000
58  0.000000e+000
59  1.630000e+004
60  1.169000e+004
61  1.653000e+004
62  1.073000e+004
63  4.466000e-008
64  2.836000e+004
65  1.020000e+005
66  1.498000e+004
67  4.466000e-008
68  4.466000e-008
69  4.322000e-008
70  4.466000e-008
71  4.322000e-008
72  4.466000e-008
73  4.466000e-008
74  8.742000e+003
75  3.075000e+004
76  7.711000e+004
77  3.557000e+003
78  4.322000e-008
79  4.466000e-008
80  4.466000e-008
81  4.322000e-008
82  4.466000e-008
83  3.170000e-008
84  2.882000e-009
85  3.458000e-008
86  0.000000e+000
87  0.000000e+000
88  0.000000e+000
89  0.000000e+000
90  0.000000e+000
91  0.000000e+000
92  0.000000e+000
93  0.000000e+000
94  0.000000e+000
95  0.000000e+000
96  0.000000e+000
97  2.988000e+002
98  1.098000e+004
99  1.371000e+005
100  1.238000e+003
101  1.009000e-008
102  1.585000e-008
103  2.161000e-008
104  0.000000e+000
105  0.000000e+000
106  0.000000e+000
107  0.000000e+000
108  0.000000e+000
109  1.441000e-009
110  0.000000e+000
111  0.000000e+000
112  0.000000e+000
113  0.000000e+000
114  0.000000e+000
115  0.000000e+000
116  0.000000e+000
117  0.000000e+000
118  0.000000e+000
119  0.000000e+000
120  7.969000e+002
121  1.215000e+003
122  4.386000e+004
123  4.708000e+002
124  1.186000e+003
125  0.000000e+000
126  0.000000e+000
127  0.000000e+000
128  0.000000e+000
129  0.000000e+000
130  0.000000e+000
131  0.000000e+000
132  0.000000e+000
133  0.000000e+000
134  1.009000e+002
135  0.000000e+000
136  0.000000e+000
137  0.000000e+000
138  0.000000e+000
139  0.000000e+000
140  0.000000e+000
141  0.000000e+000
142  1.441000e-009
143  0.000000e+000
144  0.000000e+000
   9 
1  0.000000e+000
2  0.000000e+000
3  0.000000e+000
4  0.000000e+000
5  0.000000e+000
6  0.000000e+000
7  0.000000e+000
8  0.000000e+000
9  0.000000e+000
10  0.000000e+000
11  0.000000e+000
12  0.000000e+000
13  0.000000e+000
14  2.373000e+004
15  0.000000e+000
16  0.000000e+000
17  1.043000e+002
18  0.000000e+000
19  0.000000e+000
20  0.000000e+000
21  0.000000e+000
22  0.000000e+000
23  0.000000e+000
24  0.000000e+000
25  0.000000e+000
26  3.739000e+004
27  3.864000e+003
28  3.664000e+004
29  4.613000e+003
30  4.322000e-008
31  4.466000e-008
32  4.466000e-008
33  4.322000e-008
34  4.466000e-008
35  4.322000e-008
36  4.466000e-008
37  4.466000e-008
38  8.039000e+003
39  6.136000e+003
40  1.380000e+004
41  4.466000e-008
42  4.322000e-008
43  4.466000e-008
44  4.466000e-008
45  4.322000e-008
46  4.466000e-008
47  4.322000e-008
48  4.466000e-008
49  4.466000e-008
50  1.009000e-008
51  2.161000e-008
52  1.585000e-008
53  0.000000e+000
54  0.000000e+000
55  0.000000e+000
56  0.000000e+000
57  0.000000e+000
58  0.000000e+000
59  4.654000e+003
60  5.160000e+003
61  9.722000e+003
62  4.740000e+003
63  4.466000e-008
64  8.102000e+003
65  6.372000e+004
66  4.535000e+003
67  4.466000e-008
68  4.466000e-008
69  4.322000e-008
70  4.466000e-008
71  4.322000e-008
72  4.466000e-008
73  4.466000e-008
74  4.178000e-008
75  3.901000e+003
76  4.187000e+004
77  4.466000e-008
78  4.322000e-008
79  4.466000e-008
80  4.466000e-008
81  4.322000e-008
82  4.466000e-008
83  4.322000e-008
84  4.466000e-008
85  4.466000e-008
86  4.034000e-008
87  5.763000e-009
88  2.882000e-008
89  8.645000e-009
90  0.000000e+000
91  0.000000e+000
92  0.000000e+000
93  0.000000e+000
94  0.000000e+000
95  0.000000e+000
96  0.000000e+000
97  0.000000e+000
98  0.000000e+000
99  3.596000e+004
100  4.322000e-008
101  4.466000e-008
102  4.322000e-008
103  4.466000e-008
104  4.466000e-008
105  1.585000e-008
106  2.017000e-008
107  1.153000e-008
108  0.000000e+000
109  0.000000e+000
110  0.000000e+000
111  0.000000e+000
112  0.000000e+000
113  0.000000e+000
114  0.000000e+000
115  0.000000e+000
116  0.000000e+000
117  0.000000e+000
118  0.000000e+000
119  0.000000e+000
120  0.000000e+000
121  0.000000e+000
122  1.273000e+003
123  0.000000e+000
124  0.000000e+000
125  0.000000e+000
126  0.000000e+000
127  0.000000e+000
128  0.000000e+000
129  0.000000e+000
130  0.000000e+000
131  0.000000e+000
132  0.000000e+000
133  0.000000e+000
134  0.000000e+000
135  0.000000e+000
136  0.000000e+000
137  0.000000e+000
138  0.000000e+000
139  0.000000e+000
140  0.000000e+000
141  0.000000e+000
142  0.000000e+000
143  0.000000e+000
144  0.000000e+000
   10 
1  0.000000e+000
2  0.000000e+000
3  0.000000e+000
4  0.000000e+000
5  0.000000e+000
6  0.000000e+000
7  0.000000e+000
8  0.000000e+000
9  0.000000e+000
10  0.000000e+000
11  0.000000e+000
12  0.000000e+000
13  0.000000e+000
14  3.150000e+004
15  0.000000e+000
16  0.000000e+000
17  7.908000e+002
18  0.000000e+000
19  0.000000e+000
20  0.000000e+000
21  0.000000e+000
22  0.000000e+000
23  0.000000e+000
24  0.000000e+000
25  3.572000e+002
26  4.496000e+004
27  4.860000e+003
28  4.178000e+004
29  5.042000e+003
30  4.322000e-008
31  4.466000e-008
32  4.466000e-008
33  4.322000e-008
34  4.466000e-008
35  4.322000e-008
36  4.466000e-008
37  1.746000e+002
38  1.080000e+004
39  7.703000e+003
40  1.728000e+004
41  4.466000e-008
42  4.322000e-008
43  4.466000e-008
44  4.466000e-008
45  4.322000e-008
46  4.466000e-008
47  4.322000e-008
48  4.466000e-008
49  4.466000e-008
50  1.585000e-008
51  1.009000e-008
52  3.170000e-008
53  0.000000e+000
54  0.000000e+000
55  0.000000e+000
56  0.000000e+000
57  0.000000e+000
58  0.000000e+000
59  5.671000e+003
60  6.158000e+003
61  1.070000e+004
62  5.315000e+003
63  4.466000e-008
64  1.037000e+004
65  6.864000e+004
66  5.729000e+003
67  4.466000e-008
68  4.466000e-008
69  4.322000e-008
70  4.466000e-008
71  4.322000e-008
72  4.466000e-008
73  4.466000e-008
74  2.442000e+002
75  6.564000e+003
76  4.620000e+004
77  4.466000e-008
78  4.322000e-008
79  4.466000e-008
80  4.466000e-008
81  4.322000e-008
82  4.466000e-008
83  4.322000e-008
84  4.466000e-008
85  4.466000e-008
86  4.034000e-008
87  2.737000e-008
88  0.000000e+000
89  4.178000e-008
90  0.000000e+000
91  0.000000e+000
92  0.000000e+000
93  0.000000e+000
94  0.000000e+000
95  0.000000e+000
96  0.000000e+000
97  0.000000e+000
98  0.000000e+000
99  4.703000e+004
100  2.254000e+002
101  4.466000e-008
102  4.322000e-008
103  4.466000e-008
104  4.466000e-008
105  4.322000e-009
106  3.746000e-008
107  4.322000e-009
108  0.000000e+000
109  0.000000e+000
110  0.000000e+000
111  0.000000e+000
112  0.000000e+000
113  0.000000e+000
114  0.000000e+000
115  0.000000e+000
116  0.000000e+000
117  0.000000e+000
118  0.000000e+000
119  0.000000e+000
120  0.000000e+000
121  0.000000e+000
122  3.752000e+003
123  0.000000e+000
124  0.000000e+000
125  0.000000e+000
126  0.000000e+000
127  0.000000e+000
128  0.000000e+000
129  0.000000e+000
130  0.000000e+000
131  0.000000e+000
132  0.000000e+000
133  0.000000e+000
134  0.000000e+000
135  0.000000e+000
136  0.000000e+000
137  0.000000e+000
138  0.000000e+000
139  0.000000e+000
140  0.000000e+000
141  0.000000e+000
142  0.000000e+000
143  0.000000e+000
144  0.000000e+000
   11 
1  2.102000e+004
2  1.333000e+004
3  3.326000e+004
4  1.376000e+003
5  1.262000e+003
6  0.000000e+000
7  0.000000e+000
8  0.000000e+000
9  0.000000e+000
10  0.000000e+000
11  2.984000e+003
12  1.183000e+004
13  2.953000e+003
14  2.289000e+005
15  3.193000e+004
16  2.610000e+004
17  1.065000e+005
18  1.555000e+004
19  0.000000e+000
20  0.000000e+000
21  0.000000e+000
22  0.000000e+000
23  8.225000e+003
24  5.029000e+002
25  4.430000e+004
26  1.531000e+005
27  2.662000e+004
28  9.783000e+004
29  2.115000e+004
30  0.000000e+000
31  0.000000e+000
32  0.000000e+000
33  0.000000e+000
34  0.000000e+000
35  2.167000e+003
36  2.050000e+003
37  1.038000e+004
38  1.600000e+004
39  2.666000e+003
40  5.311000e+004
41  1.088000e+004
42  0.000000e+000
43  0.000000e+000
44  0.000000e+000
45  0.000000e+000
46  0.000000e+000
47  0.000000e+000
48  0.000000e+000
49  1.097000e+004
50  3.514000e+004
51  9.537000e+003
52  4.526000e+004
53  1.213000e+004
54  0.000000e+000
55  0.000000e+000
56  0.000000e+000
57  0.000000e+000
58  0.000000e+000
59  5.791000e+004
60  1.338000e+004
61  1.785000e+004
62  2.492000e+004
63  5.584000e+003
64  9.249000e+004
65  2.160000e+005
66  7.521000e+004
67  0.000000e+000
68  0.000000e+000
69  0.000000e+000
70  0.000000e+000
71  0.000000e+000
72  0.000000e+000
73  3.326000e+003
74  4.240000e+004
75  1.243000e+004
76  1.953000e+005
77  4.045000e+004
78  1.027000e+002
79  0.000000e+000
80  0.000000e+000
81  0.000000e+000
82  0.000000e+000
83  0.000000e+000
84  0.000000e+000
85  0.000000e+000
86  0.000000e+000
87  7.089000e+002
88  3.116000e+004
89  1.119000e+004
90  0.000000e+000
91  0.000000e+000
92  0.000000e+000
93  0.000000e+000
94  0.000000e+000
95  9.352000e+001
96  1.225000e+003
97  3.004000e+004
98  9.030000e+004
99  3.759000e+005
100  6.112000e+003
101  1.065000e+003
102  0.000000e+000
103  0.000000e+000
104  0.000000e+000
105  0.000000e+000
106  0.000000e+000
107  0.000000e+000
108  0.000000e+000
109  3.265000e+004
110  6.088000e+003
111  1.434000e+004
112  2.492000e+004
113  0.000000e+000
114  0.000000e+000
115  0.000000e+000
116  0.000000e+000
117  0.000000e+000
118  0.000000e+000
119  0.000000e+000
120  7.723000e+003
121  5.384000e+004
122  2.291000e+005
123  4.031000e+004
124  1.815000e+004
125  0.000000e+000
126  0.000000e+000
127  0.000000e+000
128  0.000000e+000
129  0.000000e+000
130  0.000000e+000
131  0.000000e+000
132  0.000000e+000
133  0.000000e+000
134  5.939000e+004
135  0.000000e+000
136  0.000000e+000
137  0.000000e+000
138  0.000000e+000
139  0.000000e+000
140  0.000000e+000
141  0.000000e+000
142  0.000000e+000
143  8.989000e+002
144  0.000000e+000
   12 
1  0.000000e+000
2  0.000000e+000
3  1.539000e+003
4  0.000000e+000
5  0.000000e+000
6  0.000000e+000
7  0.000000e+000
8  0.000000e+000
9  0.000000e+000
10  0.000000e+000
11  0.000000e+000
12  1.191000e+002
13  0.000000e+000
14  5.759000e+004
15  7.736000e+001
16  0.000000e+000
17  4.233000e+003
18  0.000000e+000
19  0.000000e+000
20  0.000000e+000
21  0.000000e+000
22  0.000000e+000
23  5.623000e+001
24  0.000000e+000
25  5.378000e+003
26  7.233000e+004
27  9.290000e+003
28  5.824000e+004
29  6.219000e+003
30  0.000000e+000
31  0.000000e+000
32  0.000000e+000
33  0.000000e+000
34  0.000000e+000
35  0.000000e+000
36  3.354000e+002
37  4.241000e+003
38  2.289000e+004
39  1.364000e+004
40  3.699000e+004
41  4.145000e+002
42  0.000000e+000
43  0.000000e+000
44  0.000000e+000
45  0.000000e+000
46  0.000000e+000
47  0.000000e+000
48  0.000000e+000
49  0.000000e+000
50  2.955000e+003
51  1.441000e-009
52  0.000000e+000
53  0.000000e+000
54  0.000000e+000
55  0.000000e+000
56  0.000000e+000
57  0.000000e+000
58  0.000000e+000
59  1.148000e+004
60  9.814000e+003
61  1.444000e+004
62  8.389000e+003
63  0.000000e+000
64  2.081000e+004
65  8.940000e+004
66  1.097000e+004
67  0.000000e+000
68  0.000000e+000
69  0.000000e+000
70  0.000000e+000
71  0.000000e+000
72  0.000000e+000
73  0.000000e+000
74  4.568000e+003
75  2.110000e+004
76  6.551000e+004
77  1.622000e+003
78  0.000000e+000
79  0.000000e+000
80  0.000000e+000
81  0.000000e+000
82  0.000000e+000
83  0.000000e+000
84  0.000000e+000
85  0.000000e+000
86  0.000000e+000
87  0.000000e+000
88  0.000000e+000
89  0.000000e+000
90  0.000000e+000
91  0.000000e+000
92  0.000000e+000
93  0.000000e+000
94  0.000000e+000
95  0.000000e+000
96  0.000000e+000
97  0.000000e+000
98  4.468000e+003
99  1.005000e+005
100  8.425000e+002
101  0.000000e+000
102  0.000000e+000
103  0.000000e+000
104  0.000000e+000
105  0.000000e+000
106  0.000000e+000
107  0.000000e+000
108  0.000000e+000
109  0.000000e+000
110  0.000000e+000
111  0.000000e+000
112  0.000000e+000
113  0.000000e+000
114  0.000000e+000
115  0.000000e+000
116  0.000000e+000
117  0.000000e+000
118  0.000000e+000
119  0.000000e+000
120  2.202000e+002
121  0.000000e+000
122  2.432000e+004
123  0.000000e+000
124  2.030000e+002
125  0.000000e+000
126  0.000000e+000
127  0.000000e+000
128  0.000000e+000
129  0.000000e+000
130  0.000000e+000
131  0.000000e+000
132  1.441000e-009
133  0.000000e+000
134  0.000000e+000
135  0.000000e+000
136  0.000000e+000
137  0.000000e+000
138  0.000000e+000
139  0.000000e+000
140  0.000000e+000
141  0.000000e+000
142  0.000000e+000
143  0.000000e+000
144  0.000000e+000
