   1 
1  0.000000e+000
2  1.773000e+005
3  0.000000e+000
4  6.683000e+003
5  0.000000e+000
6  0.000000e+000
7  0.000000e+000
8  0.000000e+000
9  0.000000e+000
10  0.000000e+000
11  0.000000e+000
12  0.000000e+000
13  0.000000e+000
14  0.000000e+000
15  4.728000e+003
16  4.950000e+003
17  0.000000e+000
18  0.000000e+000
19  0.000000e+000
20  0.000000e+000
21  0.000000e+000
22  0.000000e+000
23  0.000000e+000
24  0.000000e+000
25  8.557000e+004
26  6.384000e+004
27  0.000000e+000
28  6.892000e+003
29  0.000000e+000
30  0.000000e+000
31  0.000000e+000
32  0.000000e+000
33  0.000000e+000
34  0.000000e+000
35  0.000000e+000
36  0.000000e+000
37  0.000000e+000
38  0.000000e+000
39  0.000000e+000
40  0.000000e+000
41  0.000000e+000
42  0.000000e+000
43  0.000000e+000
44  0.000000e+000
45  0.000000e+000
46  0.000000e+000
47  0.000000e+000
48  1.931000e+003
49  1.320000e+004
50  5.204000e+002
51  0.000000e+000
52  0.000000e+000
53  0.000000e+000
54  0.000000e+000
55  0.000000e+000
56  0.000000e+000
57  0.000000e+000
58  0.000000e+000
59  0.000000e+000
60  0.000000e+000
61  0.000000e+000
62  0.000000e+000
63  0.000000e+000
64  0.000000e+000
65  0.000000e+000
66  0.000000e+000
67  0.000000e+000
68  0.000000e+000
69  0.000000e+000
70  0.000000e+000
71  0.000000e+000
72  0.000000e+000
73  0.000000e+000
74  0.000000e+000
75  0.000000e+000
76  0.000000e+000
77  0.000000e+000
78  0.000000e+000
79  0.000000e+000
80  0.000000e+000
81  0.000000e+000
82  0.000000e+000
83  0.000000e+000
84  0.000000e+000
85  0.000000e+000
86  8.811000e+003
87  0.000000e+000
88  0.000000e+000
89  0.000000e+000
90  0.000000e+000
91  0.000000e+000
92  0.000000e+000
93  0.000000e+000
94  0.000000e+000
95  0.000000e+000
96  0.000000e+000
97  0.000000e+000
98  1.456000e+004
99  1.406000e+004
100  0.000000e+000
101  0.000000e+000
102  0.000000e+000
103  0.000000e+000
104  0.000000e+000
105  0.000000e+000
106  0.000000e+000
107  0.000000e+000
108  0.000000e+000
109  0.000000e+000
110  0.000000e+000
111  0.000000e+000
112  0.000000e+000
113  0.000000e+000
114  0.000000e+000
115  0.000000e+000
116  0.000000e+000
117  0.000000e+000
118  0.000000e+000
119  0.000000e+000
120  0.000000e+000
121  0.000000e+000
122  0.000000e+000
123  0.000000e+000
124  0.000000e+000
125  0.000000e+000
126  0.000000e+000
127  0.000000e+000
128  0.000000e+000
129  0.000000e+000
130  0.000000e+000
131  0.000000e+000
132  0.000000e+000
133  0.000000e+000
134  0.000000e+000
135  0.000000e+000
136  0.000000e+000
137  0.000000e+000
138  0.000000e+000
139  0.000000e+000
140  0.000000e+000
141  0.000000e+000
142  0.000000e+000
143  0.000000e+000
144  0.000000e+000
   2 
1  1.361000e+005
2  8.556000e+005
3  2.674000e+005
4  1.111000e+006
5  1.096000e+003
6  0.000000e+000
7  0.000000e+000
8  0.000000e+000
9  0.000000e+000
10  0.000000e+000
11  8.409000e+003
12  1.194000e+005
13  6.233000e+004
14  3.386000e+005
15  9.947000e+005
16  7.798000e+005
17  4.124000e+005
18  0.000000e+000
19  0.000000e+000
20  0.000000e+000
21  0.000000e+000
22  0.000000e+000
23  0.000000e+000
24  5.727000e+005
25  7.050000e+005
26  8.416000e+005
27  4.145000e+004
28  6.243000e+005
29  2.912000e+005
30  1.957000e+004
31  0.000000e+000
32  0.000000e+000
33  0.000000e+000
34  0.000000e+000
35  0.000000e+000
36  9.777000e+004
37  5.598000e+004
38  1.068000e+005
39  4.954000e+005
40  3.716000e+005
41  3.652000e+005
42  8.572000e+004
43  0.000000e+000
44  0.000000e+000
45  0.000000e+000
46  5.062000e+003
47  5.603000e+005
48  1.298000e+005
49  5.685000e+005
50  2.874000e+005
51  7.218000e+005
52  1.662000e+005
53  8.298000e+004
54  0.000000e+000
55  0.000000e+000
56  0.000000e+000
57  0.000000e+000
58  0.000000e+000
59  3.509000e+005
60  0.000000e+000
61  1.286000e+005
62  3.860000e+004
63  9.711000e+002
64  4.446000e+005
65  3.142000e+003
66  0.000000e+000
67  0.000000e+000
68  0.000000e+000
69  0.000000e+000
70  0.000000e+000
71  0.000000e+000
72  0.000000e+000
73  3.475000e+003
74  2.435000e+003
75  3.480000e+005
76  5.654000e+005
77  2.549000e+005
78  0.000000e+000
79  0.000000e+000
80  0.000000e+000
81  0.000000e+000
82  0.000000e+000
83  4.587000e+003
84  0.000000e+000
85  0.000000e+000
86  9.349000e+005
87  1.650000e+005
88  3.684000e+003
89  3.988000e+005
90  4.297000e+003
91  1.355000e+005
92  0.000000e+000
93  0.000000e+000
94  0.000000e+000
95  1.040000e+005
96  1.472000e+003
97  1.595000e+003
98  1.133000e+006
99  5.609000e+005
100  3.219000e+005
101  6.847000e+004
102  0.000000e+000
103  0.000000e+000
104  0.000000e+000
105  0.000000e+000
106  0.000000e+000
107  0.000000e+000
108  0.000000e+000
109  1.584000e+005
110  4.747000e+003
111  0.000000e+000
112  2.419000e+003
113  0.000000e+000
114  0.000000e+000
115  0.000000e+000
116  0.000000e+000
117  0.000000e+000
118  0.000000e+000
119  4.534000e+004
120  0.000000e+000
121  1.753000e+004
122  6.836000e+004
123  2.432000e+006
124  1.019000e+005
125  7.085000e+004
126  0.000000e+000
127  0.000000e+000
128  0.000000e+000
129  0.000000e+000
130  0.000000e+000
131  9.415000e+004
132  1.708000e+005
133  3.807000e-006
134  0.000000e+000
135  1.611000e+005
136  6.157000e+003
137  0.000000e+000
138  0.000000e+000
139  0.000000e+000
140  0.000000e+000
141  0.000000e+000
142  0.000000e+000
143  3.668000e+004
144  1.350000e+005
   3 
1  0.000000e+000
2  2.623000e+005
3  0.000000e+000
4  1.264000e+004
5  0.000000e+000
6  0.000000e+000
7  0.000000e+000
8  0.000000e+000
9  0.000000e+000
10  0.000000e+000
11  0.000000e+000
12  0.000000e+000
13  0.000000e+000
14  0.000000e+000
15  1.244000e+004
16  1.413000e+004
17  0.000000e+000
18  0.000000e+000
19  0.000000e+000
20  0.000000e+000
21  0.000000e+000
22  0.000000e+000
23  0.000000e+000
24  0.000000e+000
25  1.317000e+005
26  1.007000e+005
27  0.000000e+000
28  1.625000e+004
29  3.165000e+002
30  0.000000e+000
31  0.000000e+000
32  0.000000e+000
33  0.000000e+000
34  0.000000e+000
35  0.000000e+000
36  0.000000e+000
37  0.000000e+000
38  0.000000e+000
39  0.000000e+000
40  0.000000e+000
41  0.000000e+000
42  0.000000e+000
43  0.000000e+000
44  0.000000e+000
45  0.000000e+000
46  0.000000e+000
47  0.000000e+000
48  5.134000e+003
49  3.139000e+004
50  4.205000e+003
51  8.419000e+002
52  0.000000e+000
53  0.000000e+000
54  0.000000e+000
55  0.000000e+000
56  0.000000e+000
57  0.000000e+000
58  0.000000e+000
59  0.000000e+000
60  0.000000e+000
61  0.000000e+000
62  0.000000e+000
63  0.000000e+000
64  0.000000e+000
65  0.000000e+000
66  0.000000e+000
67  0.000000e+000
68  0.000000e+000
69  0.000000e+000
70  0.000000e+000
71  0.000000e+000
72  0.000000e+000
73  0.000000e+000
74  0.000000e+000
75  0.000000e+000
76  0.000000e+000
77  0.000000e+000
78  0.000000e+000
79  0.000000e+000
80  0.000000e+000
81  0.000000e+000
82  0.000000e+000
83  0.000000e+000
84  0.000000e+000
85  0.000000e+000
86  4.497000e+004
87  0.000000e+000
88  0.000000e+000
89  0.000000e+000
90  0.000000e+000
91  0.000000e+000
92  0.000000e+000
93  0.000000e+000
94  0.000000e+000
95  0.000000e+000
96  0.000000e+000
97  0.000000e+000
98  2.439000e+004
99  2.558000e+004
100  1.135000e+002
101  0.000000e+000
102  0.000000e+000
103  0.000000e+000
104  0.000000e+000
105  0.000000e+000
106  0.000000e+000
107  0.000000e+000
108  0.000000e+000
109  0.000000e+000
110  0.000000e+000
111  0.000000e+000
112  0.000000e+000
113  0.000000e+000
114  0.000000e+000
115  0.000000e+000
116  0.000000e+000
117  0.000000e+000
118  0.000000e+000
119  0.000000e+000
120  0.000000e+000
121  0.000000e+000
122  0.000000e+000
123  5.352000e+003
124  0.000000e+000
125  0.000000e+000
126  0.000000e+000
127  0.000000e+000
128  0.000000e+000
129  0.000000e+000
130  0.000000e+000
131  0.000000e+000
132  0.000000e+000
133  0.000000e+000
134  0.000000e+000
135  0.000000e+000
136  0.000000e+000
137  0.000000e+000
138  0.000000e+000
139  0.000000e+000
140  0.000000e+000
141  0.000000e+000
142  0.000000e+000
143  0.000000e+000
144  0.000000e+000
   4 
1  0.000000e+000
2  1.210000e+005
3  0.000000e+000
4  3.172000e+003
5  0.000000e+000
6  0.000000e+000
7  0.000000e+000
8  0.000000e+000
9  0.000000e+000
10  0.000000e+000
11  0.000000e+000
12  0.000000e+000
13  0.000000e+000
14  0.000000e+000
15  1.630000e+003
16  1.488000e+003
17  0.000000e+000
18  0.000000e+000
19  0.000000e+000
20  0.000000e+000
21  0.000000e+000
22  0.000000e+000
23  0.000000e+000
24  0.000000e+000
25  5.217000e+004
26  4.494000e+004
27  0.000000e+000
28  2.621000e+003
29  0.000000e+000
30  0.000000e+000
31  0.000000e+000
32  0.000000e+000
33  0.000000e+000
34  1.398000e-009
35  0.000000e+000
36  0.000000e+000
37  0.000000e+000
38  0.000000e+000
39  0.000000e+000
40  0.000000e+000
41  0.000000e+000
42  0.000000e+000
43  0.000000e+000
44  0.000000e+000
45  0.000000e+000
46  0.000000e+000
47  0.000000e+000
48  3.741000e+002
49  6.379000e+003
50  0.000000e+000
51  0.000000e+000
52  0.000000e+000
53  0.000000e+000
54  0.000000e+000
55  0.000000e+000
56  0.000000e+000
57  0.000000e+000
58  0.000000e+000
59  0.000000e+000
60  0.000000e+000
61  0.000000e+000
62  0.000000e+000
63  0.000000e+000
64  0.000000e+000
65  0.000000e+000
66  0.000000e+000
67  0.000000e+000
68  0.000000e+000
69  0.000000e+000
70  0.000000e+000
71  0.000000e+000
72  0.000000e+000
73  0.000000e+000
74  0.000000e+000
75  0.000000e+000
76  0.000000e+000
77  0.000000e+000
78  0.000000e+000
79  0.000000e+000
80  0.000000e+000
81  0.000000e+000
82  0.000000e+000
83  0.000000e+000
84  0.000000e+000
85  0.000000e+000
86  1.214000e+003
87  0.000000e+000
88  0.000000e+000
89  0.000000e+000
90  0.000000e+000
91  0.000000e+000
92  0.000000e+000
93  0.000000e+000
94  0.000000e+000
95  0.000000e+000
96  0.000000e+000
97  0.000000e+000
98  8.765000e+003
99  7.736000e+003
100  0.000000e+000
101  0.000000e+000
102  0.000000e+000
103  0.000000e+000
104  0.000000e+000
105  0.000000e+000
106  1.398000e-009
107  0.000000e+000
108  0.000000e+000
109  0.000000e+000
110  0.000000e+000
111  0.000000e+000
112  0.000000e+000
113  0.000000e+000
114  0.000000e+000
115  0.000000e+000
116  0.000000e+000
117  0.000000e+000
118  0.000000e+000
119  0.000000e+000
120  0.000000e+000
121  0.000000e+000
122  0.000000e+000
123  0.000000e+000
124  0.000000e+000
125  0.000000e+000
126  0.000000e+000
127  0.000000e+000
128  0.000000e+000
129  0.000000e+000
130  0.000000e+000
131  0.000000e+000
132  0.000000e+000
133  0.000000e+000
134  0.000000e+000
135  0.000000e+000
136  0.000000e+000
137  0.000000e+000
138  0.000000e+000
139  0.000000e+000
140  0.000000e+000
141  0.000000e+000
142  0.000000e+000
143  0.000000e+000
144  0.000000e+000
   5 
1  0.000000e+000
2  5.966000e+005
3  0.000000e+000
4  4.935000e+004
5  0.000000e+000
6  0.000000e+000
7  0.000000e+000
8  0.000000e+000
9  0.000000e+000
10  0.000000e+000
11  0.000000e+000
12  0.000000e+000
13  0.000000e+000
14  0.000000e+000
15  7.912000e+004
16  7.411000e+004
17  9.927000e+003
18  0.000000e+000
19  0.000000e+000
20  0.000000e+000
21  0.000000e+000
22  0.000000e+000
23  0.000000e+000
24  4.487000e+003
25  2.782000e+005
26  2.303000e+005
27  2.566000e+003
28  4.978000e+004
29  9.614000e+003
30  0.000000e+000
31  0.000000e+000
32  0.000000e+000
33  0.000000e+000
34  0.000000e+000
35  0.000000e+000
36  0.000000e+000
37  0.000000e+000
38  1.408000e+003
39  2.186000e+003
40  0.000000e+000
41  3.719000e+003
42  0.000000e+000
43  0.000000e+000
44  0.000000e+000
45  0.000000e+000
46  0.000000e+000
47  2.076000e+003
48  2.778000e+004
49  9.615000e+004
50  5.863000e+004
51  2.633000e+004
52  0.000000e+000
53  0.000000e+000
54  0.000000e+000
55  0.000000e+000
56  0.000000e+000
57  0.000000e+000
58  0.000000e+000
59  1.054000e+003
60  0.000000e+000
61  0.000000e+000
62  0.000000e+000
63  0.000000e+000
64  8.593000e+002
65  0.000000e+000
66  0.000000e+000
67  0.000000e+000
68  0.000000e+000
69  0.000000e+000
70  0.000000e+000
71  0.000000e+000
72  0.000000e+000
73  0.000000e+000
74  0.000000e+000
75  0.000000e+000
76  0.000000e+000
77  0.000000e+000
78  0.000000e+000
79  0.000000e+000
80  0.000000e+000
81  0.000000e+000
82  0.000000e+000
83  0.000000e+000
84  0.000000e+000
85  0.000000e+000
86  2.278000e+005
87  0.000000e+000
88  0.000000e+000
89  0.000000e+000
90  0.000000e+000
91  0.000000e+000
92  0.000000e+000
93  0.000000e+000
94  0.000000e+000
95  0.000000e+000
96  0.000000e+000
97  0.000000e+000
98  4.722000e+004
99  1.065000e+005
100  1.303000e+004
101  0.000000e+000
102  0.000000e+000
103  0.000000e+000
104  0.000000e+000
105  0.000000e+000
106  0.000000e+000
107  0.000000e+000
108  0.000000e+000
109  0.000000e+000
110  0.000000e+000
111  0.000000e+000
112  0.000000e+000
113  0.000000e+000
114  0.000000e+000
115  0.000000e+000
116  0.000000e+000
117  0.000000e+000
118  0.000000e+000
119  0.000000e+000
120  0.000000e+000
121  0.000000e+000
122  0.000000e+000
123  1.434000e+005
124  0.000000e+000
125  0.000000e+000
126  0.000000e+000
127  0.000000e+000
128  0.000000e+000
129  0.000000e+000
130  0.000000e+000
131  0.000000e+000
132  1.398000e-009
133  0.000000e+000
134  0.000000e+000
135  0.000000e+000
136  0.000000e+000
137  0.000000e+000
138  0.000000e+000
139  0.000000e+000
140  0.000000e+000
141  0.000000e+000
142  0.000000e+000
143  0.000000e+000
144  0.000000e+000
   6 
1  0.000000e+000
2  1.814000e+005
3  0.000000e+000
4  6.130000e+003
5  0.000000e+000
6  0.000000e+000
7  0.000000e+000
8  0.000000e+000
9  0.000000e+000
10  0.000000e+000
11  0.000000e+000
12  0.000000e+000
13  0.000000e+000
14  0.000000e+000
15  5.124000e+003
16  5.272000e+003
17  0.000000e+000
18  0.000000e+000
19  0.000000e+000
20  0.000000e+000
21  0.000000e+000
22  0.000000e+000
23  0.000000e+000
24  0.000000e+000
25  8.817000e+004
26  6.638000e+004
27  0.000000e+000
28  7.244000e+003
29  0.000000e+000
30  0.000000e+000
31  0.000000e+000
32  0.000000e+000
33  0.000000e+000
34  0.000000e+000
35  0.000000e+000
36  0.000000e+000
37  0.000000e+000
38  0.000000e+000
39  0.000000e+000
40  0.000000e+000
41  0.000000e+000
42  0.000000e+000
43  0.000000e+000
44  0.000000e+000
45  0.000000e+000
46  0.000000e+000
47  0.000000e+000
48  2.123000e+003
49  1.397000e+004
50  5.617000e+002
51  0.000000e+000
52  0.000000e+000
53  0.000000e+000
54  0.000000e+000
55  0.000000e+000
56  0.000000e+000
57  0.000000e+000
58  0.000000e+000
59  0.000000e+000
60  0.000000e+000
61  0.000000e+000
62  0.000000e+000
63  0.000000e+000
64  0.000000e+000
65  0.000000e+000
66  0.000000e+000
67  0.000000e+000
68  0.000000e+000
69  0.000000e+000
70  0.000000e+000
71  0.000000e+000
72  0.000000e+000
73  0.000000e+000
74  0.000000e+000
75  0.000000e+000
76  0.000000e+000
77  0.000000e+000
78  0.000000e+000
79  0.000000e+000
80  0.000000e+000
81  0.000000e+000
82  0.000000e+000
83  0.000000e+000
84  0.000000e+000
85  0.000000e+000
86  8.913000e+003
87  1.398000e-009
88  0.000000e+000
89  0.000000e+000
90  0.000000e+000
91  0.000000e+000
92  0.000000e+000
93  0.000000e+000
94  0.000000e+000
95  0.000000e+000
96  0.000000e+000
97  0.000000e+000
98  1.516000e+004
99  1.474000e+004
100  0.000000e+000
101  0.000000e+000
102  0.000000e+000
103  0.000000e+000
104  0.000000e+000
105  0.000000e+000
106  0.000000e+000
107  0.000000e+000
108  0.000000e+000
109  0.000000e+000
110  0.000000e+000
111  0.000000e+000
112  0.000000e+000
113  0.000000e+000
114  0.000000e+000
115  0.000000e+000
116  0.000000e+000
117  0.000000e+000
118  0.000000e+000
119  0.000000e+000
120  0.000000e+000
121  0.000000e+000
122  0.000000e+000
123  0.000000e+000
124  0.000000e+000
125  0.000000e+000
126  0.000000e+000
127  0.000000e+000
128  0.000000e+000
129  0.000000e+000
130  0.000000e+000
131  0.000000e+000
132  0.000000e+000
133  0.000000e+000
134  0.000000e+000
135  0.000000e+000
136  0.000000e+000
137  0.000000e+000
138  0.000000e+000
139  0.000000e+000
140  0.000000e+000
141  0.000000e+000
142  0.000000e+000
143  0.000000e+000
144  0.000000e+000
   7 
1  0.000000e+000
2  1.061000e+005
3  0.000000e+000
4  2.217000e+003
5  0.000000e+000
6  0.000000e+000
7  0.000000e+000
8  0.000000e+000
9  0.000000e+000
10  0.000000e+000
11  0.000000e+000
12  0.000000e+000
13  0.000000e+000
14  0.000000e+000
15  9.273000e+002
16  5.851000e+002
17  0.000000e+000
18  0.000000e+000
19  0.000000e+000
20  0.000000e+000
21  1.398000e-009
22  0.000000e+000
23  0.000000e+000
24  0.000000e+000
25  4.344000e+004
26  4.025000e+004
27  0.000000e+000
28  2.026000e+003
29  0.000000e+000
30  0.000000e+000
31  0.000000e+000
32  0.000000e+000
33  0.000000e+000
34  0.000000e+000
35  0.000000e+000
36  0.000000e+000
37  0.000000e+000
38  0.000000e+000
39  0.000000e+000
40  0.000000e+000
41  0.000000e+000
42  0.000000e+000
43  0.000000e+000
44  0.000000e+000
45  0.000000e+000
46  0.000000e+000
47  0.000000e+000
48  3.624000e+001
49  4.604000e+003
50  0.000000e+000
51  0.000000e+000
52  0.000000e+000
53  0.000000e+000
54  0.000000e+000
55  0.000000e+000
56  0.000000e+000
57  0.000000e+000
58  0.000000e+000
59  0.000000e+000
60  0.000000e+000
61  0.000000e+000
62  0.000000e+000
63  0.000000e+000
64  0.000000e+000
65  0.000000e+000
66  0.000000e+000
67  0.000000e+000
68  0.000000e+000
69  0.000000e+000
70  0.000000e+000
71  0.000000e+000
72  0.000000e+000
73  0.000000e+000
74  0.000000e+000
75  0.000000e+000
76  0.000000e+000
77  0.000000e+000
78  0.000000e+000
79  0.000000e+000
80  0.000000e+000
81  0.000000e+000
82  0.000000e+000
83  0.000000e+000
84  0.000000e+000
85  0.000000e+000
86  2.641000e+002
87  0.000000e+000
88  0.000000e+000
89  0.000000e+000
90  0.000000e+000
91  0.000000e+000
92  0.000000e+000
93  0.000000e+000
94  0.000000e+000
95  0.000000e+000
96  0.000000e+000
97  0.000000e+000
98  7.538000e+003
99  5.889000e+003
100  0.000000e+000
101  0.000000e+000
102  0.000000e+000
103  0.000000e+000
104  0.000000e+000
105  0.000000e+000
106  0.000000e+000
107  0.000000e+000
108  0.000000e+000
109  0.000000e+000
110  0.000000e+000
111  0.000000e+000
112  0.000000e+000
113  0.000000e+000
114  0.000000e+000
115  0.000000e+000
116  0.000000e+000
117  0.000000e+000
118  0.000000e+000
119  0.000000e+000
120  1.398000e-009
121  0.000000e+000
122  0.000000e+000
123  0.000000e+000
124  0.000000e+000
125  0.000000e+000
126  0.000000e+000
127  0.000000e+000
128  0.000000e+000
129  0.000000e+000
130  0.000000e+000
131  0.000000e+000
132  0.000000e+000
133  0.000000e+000
134  0.000000e+000
135  0.000000e+000
136  0.000000e+000
137  0.000000e+000
138  0.000000e+000
139  0.000000e+000
140  0.000000e+000
141  0.000000e+000
142  0.000000e+000
143  0.000000e+000
144  0.000000e+000
   8 
1  0.000000e+000
2  4.071000e+005
3  0.000000e+000
4  2.617000e+004
5  0.000000e+000
6  0.000000e+000
7  0.000000e+000
8  0.000000e+000
9  0.000000e+000
10  0.000000e+000
11  0.000000e+000
12  0.000000e+000
13  0.000000e+000
14  0.000000e+000
15  3.861000e+004
16  3.896000e+004
17  1.115000e+003
18  0.000000e+000
19  0.000000e+000
20  0.000000e+000
21  0.000000e+000
22  0.000000e+000
23  0.000000e+000
24  0.000000e+000
25  1.942000e+005
26  1.519000e+005
27  2.710000e+002
28  3.307000e+004
29  4.144000e+003
30  0.000000e+000
31  0.000000e+000
32  0.000000e+000
33  0.000000e+000
34  0.000000e+000
35  0.000000e+000
36  0.000000e+000
37  0.000000e+000
38  0.000000e+000
39  0.000000e+000
40  0.000000e+000
41  3.646000e+002
42  0.000000e+000
43  0.000000e+000
44  0.000000e+000
45  0.000000e+000
46  0.000000e+000
47  0.000000e+000
48  1.393000e+004
49  5.990000e+004
50  1.845000e+004
51  7.654000e+003
52  0.000000e+000
53  0.000000e+000
54  0.000000e+000
55  0.000000e+000
56  0.000000e+000
57  0.000000e+000
58  0.000000e+000
59  0.000000e+000
60  0.000000e+000
61  0.000000e+000
62  0.000000e+000
63  0.000000e+000
64  1.398000e-009
65  0.000000e+000
66  0.000000e+000
67  0.000000e+000
68  0.000000e+000
69  0.000000e+000
70  0.000000e+000
71  0.000000e+000
72  0.000000e+000
73  0.000000e+000
74  0.000000e+000
75  0.000000e+000
76  0.000000e+000
77  0.000000e+000
78  0.000000e+000
79  0.000000e+000
80  0.000000e+000
81  0.000000e+000
82  0.000000e+000
83  0.000000e+000
84  0.000000e+000
85  0.000000e+000
86  1.157000e+005
87  0.000000e+000
88  0.000000e+000
89  0.000000e+000
90  0.000000e+000
91  0.000000e+000
92  0.000000e+000
93  0.000000e+000
94  0.000000e+000
95  0.000000e+000
96  0.000000e+000
97  0.000000e+000
98  4.000000e+004
99  5.147000e+004
100  3.440000e+003
101  0.000000e+000
102  0.000000e+000
103  0.000000e+000
104  0.000000e+000
105  0.000000e+000
106  0.000000e+000
107  0.000000e+000
108  0.000000e+000
109  0.000000e+000
110  0.000000e+000
111  0.000000e+000
112  0.000000e+000
113  0.000000e+000
114  0.000000e+000
115  0.000000e+000
116  0.000000e+000
117  0.000000e+000
118  0.000000e+000
119  0.000000e+000
120  0.000000e+000
121  0.000000e+000
122  0.000000e+000
123  3.891000e+004
124  0.000000e+000
125  0.000000e+000
126  0.000000e+000
127  0.000000e+000
128  0.000000e+000
129  0.000000e+000
130  0.000000e+000
131  0.000000e+000
132  0.000000e+000
133  0.000000e+000
134  0.000000e+000
135  0.000000e+000
136  0.000000e+000
137  0.000000e+000
138  0.000000e+000
139  0.000000e+000
140  0.000000e+000
141  0.000000e+000
142  0.000000e+000
143  0.000000e+000
144  0.000000e+000
   9 
1  0.000000e+000
2  6.557000e+004
3  0.000000e+000
4  5.680000e+002
5  0.000000e+000
6  0.000000e+000
7  0.000000e+000
8  0.000000e+000
9  0.000000e+000
10  0.000000e+000
11  0.000000e+000
12  0.000000e+000
13  0.000000e+000
14  0.000000e+000
15  0.000000e+000
16  0.000000e+000
17  0.000000e+000
18  0.000000e+000
19  0.000000e+000
20  0.000000e+000
21  0.000000e+000
22  0.000000e+000
23  0.000000e+000
24  0.000000e+000
25  2.392000e+004
26  2.815000e+004
27  0.000000e+000
28  0.000000e+000
29  0.000000e+000
30  0.000000e+000
31  0.000000e+000
32  0.000000e+000
33  0.000000e+000
34  0.000000e+000
35  0.000000e+000
36  0.000000e+000
37  0.000000e+000
38  0.000000e+000
39  0.000000e+000
40  0.000000e+000
41  0.000000e+000
42  0.000000e+000
43  0.000000e+000
44  0.000000e+000
45  0.000000e+000
46  0.000000e+000
47  0.000000e+000
48  0.000000e+000
49  1.839000e+003
50  0.000000e+000
51  0.000000e+000
52  0.000000e+000
53  0.000000e+000
54  0.000000e+000
55  0.000000e+000
56  0.000000e+000
57  0.000000e+000
58  0.000000e+000
59  0.000000e+000
60  0.000000e+000
61  0.000000e+000
62  0.000000e+000
63  0.000000e+000
64  0.000000e+000
65  0.000000e+000
66  0.000000e+000
67  0.000000e+000
68  0.000000e+000
69  0.000000e+000
70  0.000000e+000
71  0.000000e+000
72  0.000000e+000
73  0.000000e+000
74  0.000000e+000
75  0.000000e+000
76  0.000000e+000
77  0.000000e+000
78  0.000000e+000
79  0.000000e+000
80  0.000000e+000
81  0.000000e+000
82  0.000000e+000
83  0.000000e+000
84  0.000000e+000
85  0.000000e+000
86  0.000000e+000
87  0.000000e+000
88  0.000000e+000
89  0.000000e+000
90  0.000000e+000
91  0.000000e+000
92  0.000000e+000
93  0.000000e+000
94  0.000000e+000
95  0.000000e+000
96  0.000000e+000
97  0.000000e+000
98  3.109000e+003
99  2.308000e+003
100  0.000000e+000
101  0.000000e+000
102  0.000000e+000
103  0.000000e+000
104  0.000000e+000
105  0.000000e+000
106  0.000000e+000
107  0.000000e+000
108  0.000000e+000
109  0.000000e+000
110  0.000000e+000
111  0.000000e+000
112  0.000000e+000
113  0.000000e+000
114  0.000000e+000
115  0.000000e+000
116  0.000000e+000
117  0.000000e+000
118  0.000000e+000
119  0.000000e+000
120  0.000000e+000
121  0.000000e+000
122  0.000000e+000
123  0.000000e+000
124  0.000000e+000
125  0.000000e+000
126  0.000000e+000
127  0.000000e+000
128  0.000000e+000
129  0.000000e+000
130  0.000000e+000
131  0.000000e+000
132  0.000000e+000
133  0.000000e+000
134  0.000000e+000
135  0.000000e+000
136  0.000000e+000
137  0.000000e+000
138  0.000000e+000
139  0.000000e+000
140  0.000000e+000
141  0.000000e+000
142  0.000000e+000
143  0.000000e+000
144  0.000000e+000
   10 
1  0.000000e+000
2  1.010000e+005
3  0.000000e+000
4  1.929000e+003
5  0.000000e+000
6  0.000000e+000
7  0.000000e+000
8  0.000000e+000
9  0.000000e+000
10  0.000000e+000
11  0.000000e+000
12  0.000000e+000
13  0.000000e+000
14  0.000000e+000
15  6.794000e+002
16  1.645000e+002
17  0.000000e+000
18  0.000000e+000
19  0.000000e+000
20  0.000000e+000
21  0.000000e+000
22  0.000000e+000
23  0.000000e+000
24  0.000000e+000
25  4.100000e+004
26  3.946000e+004
27  0.000000e+000
28  1.730000e+003
29  0.000000e+000
30  0.000000e+000
31  0.000000e+000
32  0.000000e+000
33  0.000000e+000
34  1.398000e-009
35  0.000000e+000
36  0.000000e+000
37  0.000000e+000
38  0.000000e+000
39  0.000000e+000
40  0.000000e+000
41  0.000000e+000
42  0.000000e+000
43  0.000000e+000
44  0.000000e+000
45  0.000000e+000
46  0.000000e+000
47  0.000000e+000
48  0.000000e+000
49  4.068000e+003
50  0.000000e+000
51  0.000000e+000
52  0.000000e+000
53  0.000000e+000
54  0.000000e+000
55  0.000000e+000
56  0.000000e+000
57  0.000000e+000
58  0.000000e+000
59  0.000000e+000
60  0.000000e+000
61  0.000000e+000
62  0.000000e+000
63  0.000000e+000
64  0.000000e+000
65  0.000000e+000
66  0.000000e+000
67  0.000000e+000
68  0.000000e+000
69  0.000000e+000
70  0.000000e+000
71  0.000000e+000
72  0.000000e+000
73  0.000000e+000
74  0.000000e+000
75  0.000000e+000
76  0.000000e+000
77  0.000000e+000
78  0.000000e+000
79  0.000000e+000
80  0.000000e+000
81  0.000000e+000
82  0.000000e+000
83  0.000000e+000
84  0.000000e+000
85  0.000000e+000
86  7.739000e+001
87  0.000000e+000
88  0.000000e+000
89  0.000000e+000
90  0.000000e+000
91  0.000000e+000
92  0.000000e+000
93  0.000000e+000
94  0.000000e+000
95  0.000000e+000
96  0.000000e+000
97  0.000000e+000
98  6.887000e+003
99  5.310000e+003
100  0.000000e+000
101  0.000000e+000
102  0.000000e+000
103  0.000000e+000
104  0.000000e+000
105  0.000000e+000
106  0.000000e+000
107  0.000000e+000
108  0.000000e+000
109  0.000000e+000
110  0.000000e+000
111  0.000000e+000
112  0.000000e+000
113  0.000000e+000
114  0.000000e+000
115  0.000000e+000
116  0.000000e+000
117  0.000000e+000
118  0.000000e+000
119  0.000000e+000
120  0.000000e+000
121  0.000000e+000
122  0.000000e+000
123  0.000000e+000
124  0.000000e+000
125  0.000000e+000
126  0.000000e+000
127  0.000000e+000
128  0.000000e+000
129  0.000000e+000
130  0.000000e+000
131  0.000000e+000
132  0.000000e+000
133  0.000000e+000
134  0.000000e+000
135  0.000000e+000
136  0.000000e+000
137  0.000000e+000
138  0.000000e+000
139  0.000000e+000
140  0.000000e+000
141  0.000000e+000
142  0.000000e+000
143  0.000000e+000
144  0.000000e+000
   11 
1  5.224000e+003
2  1.111000e+006
3  3.918000e+004
4  3.832000e+005
5  0.000000e+000
6  0.000000e+000
7  0.000000e+000
8  0.000000e+000
9  0.000000e+000
10  0.000000e+000
11  0.000000e+000
12  3.051000e+003
13  5.763000e+003
14  3.681000e+004
15  4.041000e+005
16  4.029000e+005
17  1.835000e+005
18  0.000000e+000
19  0.000000e+000
20  0.000000e+000
21  0.000000e+000
22  0.000000e+000
23  0.000000e+000
24  1.889000e+005
25  5.640000e+005
26  5.867000e+005
27  1.315000e+004
28  2.047000e+005
29  7.645000e+004
30  0.000000e+000
31  0.000000e+000
32  0.000000e+000
33  0.000000e+000
34  0.000000e+000
35  0.000000e+000
36  8.203000e+003
37  2.782000e+004
38  6.185000e+004
39  1.288000e+005
40  6.299000e+004
41  8.274000e+004
42  1.364000e+004
43  0.000000e+000
44  0.000000e+000
45  0.000000e+000
46  0.000000e+000
47  1.755000e+005
48  6.365000e+004
49  2.437000e+005
50  1.534000e+005
51  2.867000e+005
52  2.319000e+004
53  8.586000e+003
54  0.000000e+000
55  0.000000e+000
56  1.398000e-009
57  0.000000e+000
58  0.000000e+000
59  1.262000e+005
60  0.000000e+000
61  2.806000e+004
62  3.000000e+003
63  0.000000e+000
64  1.097000e+005
65  0.000000e+000
66  0.000000e+000
67  0.000000e+000
68  0.000000e+000
69  0.000000e+000
70  0.000000e+000
71  0.000000e+000
72  0.000000e+000
73  0.000000e+000
74  1.398000e-009
75  2.324000e+004
76  9.058000e+004
77  5.169000e+004
78  0.000000e+000
79  0.000000e+000
80  0.000000e+000
81  0.000000e+000
82  0.000000e+000
83  0.000000e+000
84  0.000000e+000
85  0.000000e+000
86  9.512000e+005
87  7.021000e+003
88  0.000000e+000
89  2.945000e+004
90  0.000000e+000
91  4.067000e+004
92  0.000000e+000
93  0.000000e+000
94  0.000000e+000
95  1.126000e+004
96  0.000000e+000
97  1.470000e+003
98  6.226000e+005
99  3.466000e+005
100  1.230000e+005
101  7.042000e+003
102  0.000000e+000
103  0.000000e+000
104  0.000000e+000
105  0.000000e+000
106  0.000000e+000
107  0.000000e+000
108  0.000000e+000
109  7.321000e+003
110  0.000000e+000
111  0.000000e+000
112  0.000000e+000
113  0.000000e+000
114  0.000000e+000
115  0.000000e+000
116  0.000000e+000
117  0.000000e+000
118  0.000000e+000
119  0.000000e+000
120  0.000000e+000
121  0.000000e+000
122  5.774000e+004
123  1.166000e+006
124  1.156000e+003
125  2.250000e+003
126  0.000000e+000
127  0.000000e+000
128  0.000000e+000
129  0.000000e+000
130  0.000000e+000
131  2.835000e+003
132  4.259000e+004
133  0.000000e+000
134  0.000000e+000
135  2.733000e+003
136  0.000000e+000
137  0.000000e+000
138  0.000000e+000
139  0.000000e+000
140  0.000000e+000
141  0.000000e+000
142  0.000000e+000
143  0.000000e+000
144  2.189000e+003
   12 
1  0.000000e+000
2  2.748000e+005
3  0.000000e+000
4  1.376000e+004
5  0.000000e+000
6  0.000000e+000
7  0.000000e+000
8  0.000000e+000
9  0.000000e+000
10  0.000000e+000
11  0.000000e+000
12  0.000000e+000
13  0.000000e+000
14  0.000000e+000
15  1.415000e+004
16  1.578000e+004
17  0.000000e+000
18  0.000000e+000
19  0.000000e+000
20  0.000000e+000
21  0.000000e+000
22  0.000000e+000
23  0.000000e+000
24  0.000000e+000
25  1.391000e+005
26  1.060000e+005
27  0.000000e+000
28  1.773000e+004
29  2.943000e+002
30  0.000000e+000
31  0.000000e+000
32  0.000000e+000
33  0.000000e+000
34  0.000000e+000
35  0.000000e+000
36  0.000000e+000
37  0.000000e+000
38  0.000000e+000
39  0.000000e+000
40  0.000000e+000
41  0.000000e+000
42  0.000000e+000
43  0.000000e+000
44  0.000000e+000
45  0.000000e+000
46  0.000000e+000
47  0.000000e+000
48  5.784000e+003
49  3.393000e+004
50  4.736000e+003
51  8.866000e+002
52  0.000000e+000
53  0.000000e+000
54  0.000000e+000
55  0.000000e+000
56  0.000000e+000
57  0.000000e+000
58  0.000000e+000
59  0.000000e+000
60  0.000000e+000
61  0.000000e+000
62  0.000000e+000
63  0.000000e+000
64  0.000000e+000
65  0.000000e+000
66  0.000000e+000
67  0.000000e+000
68  0.000000e+000
69  0.000000e+000
70  0.000000e+000
71  0.000000e+000
72  0.000000e+000
73  0.000000e+000
74  0.000000e+000
75  0.000000e+000
76  0.000000e+000
77  0.000000e+000
78  0.000000e+000
79  0.000000e+000
80  0.000000e+000
81  0.000000e+000
82  0.000000e+000
83  0.000000e+000
84  0.000000e+000
85  0.000000e+000
86  5.070000e+004
87  0.000000e+000
88  0.000000e+000
89  0.000000e+000
90  0.000000e+000
91  0.000000e+000
92  0.000000e+000
93  0.000000e+000
94  0.000000e+000
95  0.000000e+000
96  0.000000e+000
97  0.000000e+000
98  2.557000e+004
99  2.650000e+004
100  2.782000e+002
101  0.000000e+000
102  0.000000e+000
103  0.000000e+000
104  0.000000e+000
105  0.000000e+000
106  0.000000e+000
107  0.000000e+000
108  0.000000e+000
109  0.000000e+000
110  0.000000e+000
111  0.000000e+000
112  0.000000e+000
113  0.000000e+000
114  0.000000e+000
115  0.000000e+000
116  0.000000e+000
117  0.000000e+000
118  0.000000e+000
119  0.000000e+000
120  0.000000e+000
121  0.000000e+000
122  0.000000e+000
123  7.610000e+003
124  0.000000e+000
125  0.000000e+000
126  0.000000e+000
127  0.000000e+000
128  0.000000e+000
129  0.000000e+000
130  0.000000e+000
131  0.000000e+000
132  0.000000e+000
133  0.000000e+000
134  0.000000e+000
135  0.000000e+000
136  0.000000e+000
137  0.000000e+000
138  0.000000e+000
139  0.000000e+000
140  0.000000e+000
141  0.000000e+000
142  0.000000e+000
143  0.000000e+000
144  0.000000e+000
