   1 
1  0.000000e+000
2  0.000000e+000
3  1.091000e+005
4  2.060000e+004
5  0.000000e+000
6  0.000000e+000
7  0.000000e+000
8  0.000000e+000
9  0.000000e+000
10  0.000000e+000
11  0.000000e+000
12  0.000000e+000
13  0.000000e+000
14  9.164000e+002
15  2.882000e+004
16  2.014000e+004
17  0.000000e+000
18  0.000000e+000
19  0.000000e+000
20  0.000000e+000
21  0.000000e+000
22  0.000000e+000
23  0.000000e+000
24  0.000000e+000
25  0.000000e+000
26  0.000000e+000
27  8.206000e+004
28  6.277000e+002
29  4.632000e+003
30  0.000000e+000
31  0.000000e+000
32  0.000000e+000
33  0.000000e+000
34  0.000000e+000
35  0.000000e+000
36  0.000000e+000
37  0.000000e+000
38  5.929000e+003
39  2.246000e+004
40  0.000000e+000
41  4.426000e+003
42  0.000000e+000
43  0.000000e+000
44  0.000000e+000
45  0.000000e+000
46  0.000000e+000
47  0.000000e+000
48  2.748000e+003
49  1.496000e+004
50  3.815000e+004
51  3.324000e+003
52  1.246000e+005
53  9.316000e+003
54  0.000000e+000
55  0.000000e+000
56  0.000000e+000
57  0.000000e+000
58  0.000000e+000
59  0.000000e+000
60  1.006000e+003
61  8.096000e+003
62  1.449000e+004
63  0.000000e+000
64  1.752000e+004
65  0.000000e+000
66  3.154000e+003
67  0.000000e+000
68  0.000000e+000
69  0.000000e+000
70  0.000000e+000
71  0.000000e+000
72  0.000000e+000
73  0.000000e+000
74  0.000000e+000
75  0.000000e+000
76  2.008000e+005
77  0.000000e+000
78  0.000000e+000
79  0.000000e+000
80  0.000000e+000
81  0.000000e+000
82  0.000000e+000
83  0.000000e+000
84  0.000000e+000
85  0.000000e+000
86  0.000000e+000
87  0.000000e+000
88  0.000000e+000
89  0.000000e+000
90  0.000000e+000
91  0.000000e+000
92  0.000000e+000
93  0.000000e+000
94  0.000000e+000
95  0.000000e+000
96  0.000000e+000
97  0.000000e+000
98  1.366000e+005
99  3.518000e+005
100  0.000000e+000
101  0.000000e+000
102  0.000000e+000
103  0.000000e+000
104  0.000000e+000
105  0.000000e+000
106  0.000000e+000
107  0.000000e+000
108  0.000000e+000
109  0.000000e+000
110  0.000000e+000
111  0.000000e+000
112  0.000000e+000
113  0.000000e+000
114  0.000000e+000
115  0.000000e+000
116  0.000000e+000
117  0.000000e+000
118  0.000000e+000
119  0.000000e+000
120  0.000000e+000
121  0.000000e+000
122  2.402000e+004
123  6.673000e+004
124  2.414000e+003
125  0.000000e+000
126  0.000000e+000
127  0.000000e+000
128  0.000000e+000
129  0.000000e+000
130  0.000000e+000
131  0.000000e+000
132  5.014000e+002
133  0.000000e+000
134  8.149000e+003
135  0.000000e+000
136  0.000000e+000
137  0.000000e+000
138  0.000000e+000
139  0.000000e+000
140  0.000000e+000
141  0.000000e+000
142  0.000000e+000
143  0.000000e+000
144  0.000000e+000
   2 
1  9.028000e+003
2  4.274000e+004
3  7.710000e+005
4  4.784000e+005
5  1.245000e+002
6  0.000000e+000
7  0.000000e+000
8  0.000000e+000
9  0.000000e+000
10  0.000000e+000
11  0.000000e+000
12  0.000000e+000
13  0.000000e+000
14  3.160000e+005
15  3.902000e+005
16  2.726000e+005
17  0.000000e+000
18  0.000000e+000
19  0.000000e+000
20  0.000000e+000
21  1.491000e-009
22  2.278000e+003
23  0.000000e+000
24  0.000000e+000
25  0.000000e+000
26  1.676000e+005
27  4.772000e+005
28  2.262000e+005
29  3.176000e+005
30  8.943000e+003
31  0.000000e+000
32  0.000000e+000
33  0.000000e+000
34  0.000000e+000
35  2.022000e+003
36  1.137000e+003
37  1.732000e+004
38  5.037000e+004
39  1.192000e+005
40  5.483000e+004
41  1.824000e+005
42  0.000000e+000
43  0.000000e+000
44  0.000000e+000
45  0.000000e+000
46  0.000000e+000
47  1.389000e+004
48  2.128000e+004
49  6.244000e+004
50  1.054000e+005
51  1.147000e+005
52  8.327000e+005
53  3.564000e+005
54  5.878000e+004
55  0.000000e+000
56  0.000000e+000
57  0.000000e+000
58  0.000000e+000
59  8.109000e+004
60  7.854000e+003
61  3.130000e+004
62  1.075000e+005
63  3.730000e+003
64  5.512000e+005
65  5.479000e+005
66  2.692000e+005
67  0.000000e+000
68  0.000000e+000
69  0.000000e+000
70  0.000000e+000
71  7.549000e+002
72  0.000000e+000
73  2.535000e+003
74  1.011000e+005
75  4.514000e+004
76  8.083000e+005
77  3.057000e+003
78  0.000000e+000
79  0.000000e+000
80  0.000000e+000
81  0.000000e+000
82  7.503000e+002
83  0.000000e+000
84  0.000000e+000
85  1.522000e+003
86  1.010000e+003
87  3.097000e+004
88  4.370000e+005
89  4.328000e+004
90  0.000000e+000
91  0.000000e+000
92  0.000000e+000
93  0.000000e+000
94  6.368000e+002
95  4.215000e+004
96  4.532000e+003
97  0.000000e+000
98  5.969000e+005
99  1.428000e+006
100  1.119000e+005
101  2.347000e+005
102  0.000000e+000
103  0.000000e+000
104  0.000000e+000
105  0.000000e+000
106  0.000000e+000
107  5.404000e+002
108  0.000000e+000
109  1.611000e+005
110  0.000000e+000
111  1.774000e+002
112  1.663000e+005
113  0.000000e+000
114  0.000000e+000
115  1.491000e-009
116  1.731000e+003
117  0.000000e+000
118  7.089000e+001
119  6.159000e+004
120  1.693000e+004
121  2.414000e+004
122  2.227000e+005
123  8.605000e+005
124  3.661000e+005
125  0.000000e+000
126  0.000000e+000
127  0.000000e+000
128  0.000000e+000
129  8.407000e+002
130  0.000000e+000
131  1.409000e+003
132  4.789000e+004
133  1.491000e-009
134  3.949000e+005
135  5.717000e+003
136  1.343000e+005
137  0.000000e+000
138  0.000000e+000
139  0.000000e+000
140  0.000000e+000
141  0.000000e+000
142  0.000000e+000
143  0.000000e+000
144  0.000000e+000
   3 
1  0.000000e+000
2  0.000000e+000
3  1.577000e+005
4  3.844000e+004
5  0.000000e+000
6  0.000000e+000
7  0.000000e+000
8  0.000000e+000
9  0.000000e+000
10  0.000000e+000
11  0.000000e+000
12  0.000000e+000
13  0.000000e+000
14  6.320000e+003
15  4.172000e+004
16  2.938000e+004
17  0.000000e+000
18  0.000000e+000
19  0.000000e+000
20  0.000000e+000
21  0.000000e+000
22  0.000000e+000
23  0.000000e+000
24  0.000000e+000
25  0.000000e+000
26  2.517000e+002
27  1.149000e+005
28  3.923000e+003
29  1.122000e+004
30  0.000000e+000
31  0.000000e+000
32  0.000000e+000
33  0.000000e+000
34  0.000000e+000
35  0.000000e+000
36  0.000000e+000
37  0.000000e+000
38  1.042000e+004
39  3.092000e+004
40  0.000000e+000
41  9.612000e+003
42  0.000000e+000
43  0.000000e+000
44  0.000000e+000
45  0.000000e+000
46  0.000000e+000
47  0.000000e+000
48  4.272000e+003
49  2.151000e+004
50  4.899000e+004
51  8.875000e+003
52  1.782000e+005
53  1.977000e+004
54  0.000000e+000
55  0.000000e+000
56  0.000000e+000
57  0.000000e+000
58  0.000000e+000
59  3.833000e+002
60  1.713000e+003
61  1.271000e+004
62  1.950000e+004
63  0.000000e+000
64  3.581000e+004
65  0.000000e+000
66  8.497000e+003
67  0.000000e+000
68  0.000000e+000
69  0.000000e+000
70  0.000000e+000
71  0.000000e+000
72  0.000000e+000
73  0.000000e+000
74  3.224000e+002
75  0.000000e+000
76  2.537000e+005
77  0.000000e+000
78  0.000000e+000
79  0.000000e+000
80  0.000000e+000
81  0.000000e+000
82  0.000000e+000
83  0.000000e+000
84  0.000000e+000
85  0.000000e+000
86  0.000000e+000
87  0.000000e+000
88  7.158000e+003
89  0.000000e+000
90  0.000000e+000
91  0.000000e+000
92  0.000000e+000
93  0.000000e+000
94  0.000000e+000
95  0.000000e+000
96  0.000000e+000
97  0.000000e+000
98  1.918000e+005
99  4.096000e+005
100  0.000000e+000
101  0.000000e+000
102  0.000000e+000
103  0.000000e+000
104  0.000000e+000
105  0.000000e+000
106  0.000000e+000
107  0.000000e+000
108  0.000000e+000
109  0.000000e+000
110  0.000000e+000
111  0.000000e+000
112  0.000000e+000
113  0.000000e+000
114  0.000000e+000
115  0.000000e+000
116  0.000000e+000
117  0.000000e+000
118  0.000000e+000
119  0.000000e+000
120  0.000000e+000
121  0.000000e+000
122  4.780000e+004
123  8.688000e+004
124  1.055000e+004
125  0.000000e+000
126  0.000000e+000
127  0.000000e+000
128  0.000000e+000
129  0.000000e+000
130  0.000000e+000
131  0.000000e+000
132  2.257000e+003
133  0.000000e+000
134  2.403000e+004
135  0.000000e+000
136  0.000000e+000
137  0.000000e+000
138  0.000000e+000
139  0.000000e+000
140  0.000000e+000
141  0.000000e+000
142  0.000000e+000
143  0.000000e+000
144  0.000000e+000
   4 
1  0.000000e+000
2  0.000000e+000
3  7.718000e+004
4  1.015000e+004
5  0.000000e+000
6  0.000000e+000
7  0.000000e+000
8  0.000000e+000
9  0.000000e+000
10  0.000000e+000
11  0.000000e+000
12  0.000000e+000
13  0.000000e+000
14  0.000000e+000
15  2.174000e+004
16  1.402000e+004
17  0.000000e+000
18  0.000000e+000
19  0.000000e+000
20  0.000000e+000
21  0.000000e+000
22  0.000000e+000
23  0.000000e+000
24  0.000000e+000
25  0.000000e+000
26  0.000000e+000
27  5.908000e+004
28  0.000000e+000
29  1.606000e+003
30  0.000000e+000
31  0.000000e+000
32  0.000000e+000
33  0.000000e+000
34  0.000000e+000
35  0.000000e+000
36  0.000000e+000
37  0.000000e+000
38  3.441000e+003
39  1.625000e+004
40  0.000000e+000
41  1.690000e+003
42  0.000000e+000
43  0.000000e+000
44  0.000000e+000
45  0.000000e+000
46  0.000000e+000
47  0.000000e+000
48  1.753000e+003
49  1.092000e+004
50  3.009000e+004
51  1.312000e+003
52  9.002000e+004
53  3.701000e+003
54  0.000000e+000
55  0.000000e+000
56  0.000000e+000
57  0.000000e+000
58  0.000000e+000
59  0.000000e+000
60  5.335000e+002
61  5.401000e+003
62  1.110000e+004
63  0.000000e+000
64  7.460000e+003
65  0.000000e+000
66  0.000000e+000
67  0.000000e+000
68  0.000000e+000
69  0.000000e+000
70  0.000000e+000
71  0.000000e+000
72  0.000000e+000
73  0.000000e+000
74  0.000000e+000
75  0.000000e+000
76  1.636000e+005
77  0.000000e+000
78  0.000000e+000
79  0.000000e+000
80  0.000000e+000
81  0.000000e+000
82  0.000000e+000
83  0.000000e+000
84  0.000000e+000
85  0.000000e+000
86  0.000000e+000
87  0.000000e+000
88  0.000000e+000
89  0.000000e+000
90  0.000000e+000
91  0.000000e+000
92  0.000000e+000
93  0.000000e+000
94  0.000000e+000
95  0.000000e+000
96  0.000000e+000
97  0.000000e+000
98  1.006000e+005
99  2.933000e+005
100  0.000000e+000
101  0.000000e+000
102  0.000000e+000
103  0.000000e+000
104  0.000000e+000
105  0.000000e+000
106  0.000000e+000
107  0.000000e+000
108  0.000000e+000
109  0.000000e+000
110  0.000000e+000
111  0.000000e+000
112  0.000000e+000
113  0.000000e+000
114  0.000000e+000
115  0.000000e+000
116  0.000000e+000
117  0.000000e+000
118  0.000000e+000
119  0.000000e+000
120  0.000000e+000
121  0.000000e+000
122  1.135000e+004
123  5.204000e+004
124  0.000000e+000
125  0.000000e+000
126  0.000000e+000
127  0.000000e+000
128  0.000000e+000
129  0.000000e+000
130  0.000000e+000
131  0.000000e+000
132  0.000000e+000
133  0.000000e+000
134  0.000000e+000
135  0.000000e+000
136  0.000000e+000
137  0.000000e+000
138  0.000000e+000
139  0.000000e+000
140  0.000000e+000
141  0.000000e+000
142  0.000000e+000
143  0.000000e+000
144  0.000000e+000
   5 
1  0.000000e+000
2  1.952000e+003
3  3.267000e+005
4  1.105000e+005
5  0.000000e+000
6  0.000000e+000
7  0.000000e+000
8  0.000000e+000
9  0.000000e+000
10  0.000000e+000
11  0.000000e+000
12  0.000000e+000
13  0.000000e+000
14  3.640000e+004
15  9.069000e+004
16  6.001000e+004
17  0.000000e+000
18  0.000000e+000
19  0.000000e+000
20  0.000000e+000
21  0.000000e+000
22  0.000000e+000
23  0.000000e+000
24  0.000000e+000
25  0.000000e+000
26  1.328000e+004
27  2.076000e+005
28  2.827000e+004
29  4.485000e+004
30  0.000000e+000
31  0.000000e+000
32  0.000000e+000
33  0.000000e+000
34  0.000000e+000
35  0.000000e+000
36  0.000000e+000
37  1.375000e+003
38  2.595000e+004
39  5.461000e+004
40  3.123000e+003
41  3.329000e+004
42  0.000000e+000
43  0.000000e+000
44  0.000000e+000
45  0.000000e+000
46  0.000000e+000
47  0.000000e+000
48  8.991000e+003
49  4.117000e+004
50  7.358000e+004
51  3.357000e+004
52  3.502000e+005
53  6.373000e+004
54  0.000000e+000
55  0.000000e+000
56  0.000000e+000
57  0.000000e+000
58  0.000000e+000
59  9.018000e+003
60  4.257000e+003
61  3.021000e+004
62  3.400000e+004
63  0.000000e+000
64  1.182000e+005
65  3.850000e+004
66  3.196000e+004
67  0.000000e+000
68  0.000000e+000
69  0.000000e+000
70  0.000000e+000
71  0.000000e+000
72  0.000000e+000
73  0.000000e+000
74  1.224000e+004
75  6.374000e+002
76  3.994000e+005
77  0.000000e+000
78  0.000000e+000
79  0.000000e+000
80  0.000000e+000
81  0.000000e+000
82  0.000000e+000
83  0.000000e+000
84  0.000000e+000
85  0.000000e+000
86  0.000000e+000
87  4.282000e+003
88  6.027000e+004
89  0.000000e+000
90  0.000000e+000
91  0.000000e+000
92  0.000000e+000
93  0.000000e+000
94  0.000000e+000
95  0.000000e+000
96  0.000000e+000
97  0.000000e+000
98  3.719000e+005
99  5.224000e+005
100  2.811000e+003
101  1.588000e+004
102  0.000000e+000
103  0.000000e+000
104  0.000000e+000
105  0.000000e+000
106  0.000000e+000
107  0.000000e+000
108  0.000000e+000
109  9.315000e+003
110  0.000000e+000
111  0.000000e+000
112  0.000000e+000
113  0.000000e+000
114  0.000000e+000
115  0.000000e+000
116  0.000000e+000
117  0.000000e+000
118  0.000000e+000
119  0.000000e+000
120  1.521000e+003
121  0.000000e+000
122  1.455000e+005
123  1.707000e+005
124  5.598000e+004
125  0.000000e+000
126  0.000000e+000
127  0.000000e+000
128  0.000000e+000
129  0.000000e+000
130  0.000000e+000
131  0.000000e+000
132  1.120000e+004
133  0.000000e+000
134  1.026000e+005
135  0.000000e+000
136  7.546000e+002
137  0.000000e+000
138  0.000000e+000
139  0.000000e+000
140  0.000000e+000
141  0.000000e+000
142  0.000000e+000
143  0.000000e+000
144  0.000000e+000
   6 
1  0.000000e+000
2  0.000000e+000
3  1.114000e+005
4  2.139000e+004
5  0.000000e+000
6  0.000000e+000
7  0.000000e+000
8  0.000000e+000
9  0.000000e+000
10  0.000000e+000
11  0.000000e+000
12  0.000000e+000
13  0.000000e+000
14  1.091000e+003
15  2.940000e+004
16  2.058000e+004
17  0.000000e+000
18  0.000000e+000
19  0.000000e+000
20  0.000000e+000
21  0.000000e+000
22  0.000000e+000
23  0.000000e+000
24  0.000000e+000
25  0.000000e+000
26  0.000000e+000
27  8.365000e+004
28  7.205000e+002
29  4.860000e+003
30  0.000000e+000
31  0.000000e+000
32  0.000000e+000
33  0.000000e+000
34  0.000000e+000
35  0.000000e+000
36  0.000000e+000
37  0.000000e+000
38  6.137000e+003
39  2.287000e+004
40  0.000000e+000
41  4.577000e+003
42  0.000000e+000
43  0.000000e+000
44  0.000000e+000
45  0.000000e+000
46  0.000000e+000
47  0.000000e+000
48  2.822000e+003
49  1.524000e+004
50  3.872000e+004
51  3.609000e+003
52  1.272000e+005
53  9.777000e+003
54  0.000000e+000
55  0.000000e+000
56  0.000000e+000
57  0.000000e+000
58  0.000000e+000
59  0.000000e+000
60  1.040000e+003
61  8.298000e+003
62  1.474000e+004
63  0.000000e+000
64  1.825000e+004
65  0.000000e+000
66  3.384000e+003
67  0.000000e+000
68  0.000000e+000
69  0.000000e+000
70  0.000000e+000
71  0.000000e+000
72  0.000000e+000
73  0.000000e+000
74  0.000000e+000
75  0.000000e+000
76  2.033000e+005
77  0.000000e+000
78  0.000000e+000
79  0.000000e+000
80  0.000000e+000
81  0.000000e+000
82  0.000000e+000
83  0.000000e+000
84  0.000000e+000
85  0.000000e+000
86  0.000000e+000
87  0.000000e+000
88  0.000000e+000
89  0.000000e+000
90  0.000000e+000
91  0.000000e+000
92  0.000000e+000
93  0.000000e+000
94  0.000000e+000
95  0.000000e+000
96  0.000000e+000
97  0.000000e+000
98  1.394000e+005
99  3.558000e+005
100  0.000000e+000
101  0.000000e+000
102  0.000000e+000
103  0.000000e+000
104  0.000000e+000
105  0.000000e+000
106  0.000000e+000
107  0.000000e+000
108  0.000000e+000
109  0.000000e+000
110  0.000000e+000
111  0.000000e+000
112  0.000000e+000
113  0.000000e+000
114  0.000000e+000
115  0.000000e+000
116  0.000000e+000
117  0.000000e+000
118  0.000000e+000
119  0.000000e+000
120  0.000000e+000
121  0.000000e+000
122  2.511000e+004
123  6.773000e+004
124  2.715000e+003
125  0.000000e+000
126  0.000000e+000
127  0.000000e+000
128  0.000000e+000
129  0.000000e+000
130  0.000000e+000
131  0.000000e+000
132  5.891000e+002
133  0.000000e+000
134  8.776000e+003
135  0.000000e+000
136  0.000000e+000
137  0.000000e+000
138  0.000000e+000
139  0.000000e+000
140  0.000000e+000
141  0.000000e+000
142  0.000000e+000
143  0.000000e+000
144  0.000000e+000
   7 
1  0.000000e+000
2  0.000000e+000
3  6.864000e+004
4  7.392000e+003
5  0.000000e+000
6  0.000000e+000
7  0.000000e+000
8  0.000000e+000
9  0.000000e+000
10  0.000000e+000
11  0.000000e+000
12  0.000000e+000
13  0.000000e+000
14  0.000000e+000
15  1.987000e+004
16  1.235000e+004
17  0.000000e+000
18  0.000000e+000
19  0.000000e+000
20  0.000000e+000
21  0.000000e+000
22  0.000000e+000
23  0.000000e+000
24  0.000000e+000
25  0.000000e+000
26  0.000000e+000
27  1.605000e+005
28  0.000000e+000
29  8.415000e+002
30  0.000000e+000
31  0.000000e+000
32  0.000000e+000
33  0.000000e+000
34  0.000000e+000
35  0.000000e+000
36  0.000000e+000
37  0.000000e+000
38  2.763000e+003
39  1.412000e+004
40  0.000000e+000
41  1.099000e+003
42  0.000000e+000
43  0.000000e+000
44  0.000000e+000
45  0.000000e+000
46  0.000000e+000
47  0.000000e+000
48  1.478000e+003
49  9.692000e+003
50  2.778000e+004
51  7.952000e+002
52  8.071000e+004
53  2.426000e+003
54  0.000000e+000
55  0.000000e+000
56  0.000000e+000
57  0.000000e+000
58  0.000000e+000
59  0.000000e+000
60  4.027000e+002
61  4.663000e+003
62  1.013000e+004
63  0.000000e+000
64  5.009000e+003
65  0.000000e+000
66  0.000000e+000
67  0.000000e+000
68  0.000000e+000
69  0.000000e+000
70  0.000000e+000
71  0.000000e+000
72  0.000000e+000
73  0.000000e+000
74  0.000000e+000
75  0.000000e+000
76  1.529000e+005
77  0.000000e+000
78  0.000000e+000
79  0.000000e+000
80  0.000000e+000
81  0.000000e+000
82  0.000000e+000
83  0.000000e+000
84  0.000000e+000
85  0.000000e+000
86  0.000000e+000
87  0.000000e+000
88  0.000000e+000
89  0.000000e+000
90  0.000000e+000
91  0.000000e+000
92  0.000000e+000
93  0.000000e+000
94  0.000000e+000
95  0.000000e+000
96  0.000000e+000
97  0.000000e+000
98  9.092000e+004
99  2.769000e+005
100  0.000000e+000
101  0.000000e+000
102  0.000000e+000
103  0.000000e+000
104  0.000000e+000
105  0.000000e+000
106  0.000000e+000
107  0.000000e+000
108  0.000000e+000
109  0.000000e+000
110  0.000000e+000
111  0.000000e+000
112  0.000000e+000
113  0.000000e+000
114  0.000000e+000
115  0.000000e+000
116  0.000000e+000
117  0.000000e+000
118  0.000000e+000
119  0.000000e+000
120  0.000000e+000
121  0.000000e+000
122  8.248000e+003
123  4.804000e+004
124  0.000000e+000
125  0.000000e+000
126  0.000000e+000
127  0.000000e+000
128  0.000000e+000
129  0.000000e+000
130  0.000000e+000
131  0.000000e+000
132  0.000000e+000
133  0.000000e+000
134  0.000000e+000
135  0.000000e+000
136  0.000000e+000
137  0.000000e+000
138  0.000000e+000
139  0.000000e+000
140  0.000000e+000
141  0.000000e+000
142  0.000000e+000
143  0.000000e+000
144  0.000000e+000
   8 
1  0.000000e+000
2  5.585000e+002
3  2.348000e+005
4  7.003000e+004
5  0.000000e+000
6  0.000000e+000
7  0.000000e+000
8  0.000000e+000
9  0.000000e+000
10  0.000000e+000
11  0.000000e+000
12  0.000000e+000
13  0.000000e+000
14  1.803000e+004
15  6.368000e+004
16  4.338000e+004
17  0.000000e+000
18  0.000000e+000
19  0.000000e+000
20  0.000000e+000
21  0.000000e+000
22  0.000000e+000
23  0.000000e+000
24  0.000000e+000
25  0.000000e+000
26  5.653000e+003
27  1.606000e+005
28  1.371000e+004
29  2.625000e+004
30  0.000000e+000
31  0.000000e+000
32  0.000000e+000
33  0.000000e+000
34  0.000000e+000
35  0.000000e+000
36  0.000000e+000
37  2.285000e+002
38  1.817000e+004
39  4.234000e+004
40  0.000000e+000
41  1.965000e+004
42  0.000000e+000
43  0.000000e+000
44  0.000000e+000
45  0.000000e+000
46  0.000000e+000
47  0.000000e+000
48  6.582000e+003
49  3.157000e+004
50  6.246000e+004
51  1.960000e+004
52  2.589000e+005
53  3.848000e+004
54  0.000000e+000
55  0.000000e+000
56  0.000000e+000
57  0.000000e+000
58  0.000000e+000
59  3.243000e+003
60  2.709000e+003
61  2.045000e+004
62  2.632000e+004
63  0.000000e+000
64  6.819000e+004
65  9.795000e+003
66  1.825000e+004
67  0.000000e+000
68  0.000000e+000
69  0.000000e+000
70  0.000000e+000
71  0.000000e+000
72  0.000000e+000
73  0.000000e+000
74  2.539000e+003
75  0.000000e+000
76  3.235000e+005
77  0.000000e+000
78  0.000000e+000
79  0.000000e+000
80  0.000000e+000
81  0.000000e+000
82  0.000000e+000
83  0.000000e+000
84  0.000000e+000
85  0.000000e+000
86  0.000000e+000
87  6.249000e+002
88  2.743000e+004
89  0.000000e+000
90  0.000000e+000
91  0.000000e+000
92  0.000000e+000
93  0.000000e+000
94  0.000000e+000
95  0.000000e+000
96  0.000000e+000
97  0.000000e+000
98  2.749000e+005
99  4.557000e+005
100  0.000000e+000
101  5.195000e+003
102  0.000000e+000
103  0.000000e+000
104  0.000000e+000
105  0.000000e+000
106  0.000000e+000
107  0.000000e+000
108  0.000000e+000
109  5.263000e+002
110  0.000000e+000
111  0.000000e+000
112  0.000000e+000
113  0.000000e+000
114  0.000000e+000
115  0.000000e+000
116  0.000000e+000
117  0.000000e+000
118  0.000000e+000
119  0.000000e+000
120  2.048000e+002
121  0.000000e+000
122  8.978000e+004
123  1.234000e+005
124  2.884000e+004
125  0.000000e+000
126  0.000000e+000
127  0.000000e+000
128  0.000000e+000
129  0.000000e+000
130  0.000000e+000
131  0.000000e+000
132  5.813000e+003
133  0.000000e+000
134  5.362000e+004
135  0.000000e+000
136  0.000000e+000
137  0.000000e+000
138  0.000000e+000
139  0.000000e+000
140  0.000000e+000
141  0.000000e+000
142  0.000000e+000
143  0.000000e+000
144  0.000000e+000
   9 
1  0.000000e+000
2  0.000000e+000
3  4.533000e+004
4  8.280000e+002
5  0.000000e+000
6  0.000000e+000
7  0.000000e+000
8  0.000000e+000
9  0.000000e+000
10  0.000000e+000
11  0.000000e+000
12  0.000000e+000
13  0.000000e+000
14  0.000000e+000
15  1.447000e+004
16  7.670000e+003
17  0.000000e+000
18  0.000000e+000
19  0.000000e+000
20  0.000000e+000
21  0.000000e+000
22  0.000000e+000
23  0.000000e+000
24  0.000000e+000
25  0.000000e+000
26  0.000000e+000
27  1.366000e+005
28  0.000000e+000
29  0.000000e+000
30  0.000000e+000
31  0.000000e+000
32  0.000000e+000
33  0.000000e+000
34  0.000000e+000
35  0.000000e+000
36  0.000000e+000
37  0.000000e+000
38  1.183000e+003
39  9.080000e+003
40  0.000000e+000
41  0.000000e+000
42  0.000000e+000
43  0.000000e+000
44  0.000000e+000
45  0.000000e+000
46  0.000000e+000
47  0.000000e+000
48  7.750000e+002
49  6.421000e+003
50  2.145000e+004
51  0.000000e+000
52  5.635000e+004
53  1.193000e-008
54  1.491000e-009
55  0.000000e+000
56  0.000000e+000
57  0.000000e+000
58  0.000000e+000
59  0.000000e+000
60  0.000000e+000
61  2.657000e+003
62  7.461000e+003
63  0.000000e+000
64  1.986000e+002
65  0.000000e+000
66  1.193000e-008
67  0.000000e+000
68  0.000000e+000
69  0.000000e+000
70  0.000000e+000
71  0.000000e+000
72  0.000000e+000
73  0.000000e+000
74  0.000000e+000
75  0.000000e+000
76  1.208000e+005
77  0.000000e+000
78  0.000000e+000
79  0.000000e+000
80  0.000000e+000
81  0.000000e+000
82  0.000000e+000
83  0.000000e+000
84  0.000000e+000
85  0.000000e+000
86  0.000000e+000
87  0.000000e+000
88  0.000000e+000
89  0.000000e+000
90  0.000000e+000
91  0.000000e+000
92  0.000000e+000
93  0.000000e+000
94  0.000000e+000
95  0.000000e+000
96  0.000000e+000
97  0.000000e+000
98  6.479000e+004
99  2.288000e+005
100  0.000000e+000
101  0.000000e+000
102  0.000000e+000
103  0.000000e+000
104  0.000000e+000
105  0.000000e+000
106  0.000000e+000
107  0.000000e+000
108  0.000000e+000
109  0.000000e+000
110  0.000000e+000
111  0.000000e+000
112  0.000000e+000
113  0.000000e+000
114  0.000000e+000
115  0.000000e+000
116  0.000000e+000
117  0.000000e+000
118  0.000000e+000
119  0.000000e+000
120  0.000000e+000
121  0.000000e+000
122  1.837000e+003
123  3.625000e+004
124  0.000000e+000
125  0.000000e+000
126  0.000000e+000
127  0.000000e+000
128  0.000000e+000
129  0.000000e+000
130  0.000000e+000
131  0.000000e+000
132  0.000000e+000
133  0.000000e+000
134  0.000000e+000
135  0.000000e+000
136  0.000000e+000
137  0.000000e+000
138  0.000000e+000
139  0.000000e+000
140  0.000000e+000
141  0.000000e+000
142  0.000000e+000
143  0.000000e+000
144  0.000000e+000
   10 
1  0.000000e+000
2  0.000000e+000
3  6.587000e+004
4  6.679000e+003
5  0.000000e+000
6  0.000000e+000
7  0.000000e+000
8  0.000000e+000
9  0.000000e+000
10  0.000000e+000
11  0.000000e+000
12  0.000000e+000
13  0.000000e+000
14  0.000000e+000
15  1.924000e+004
16  1.178000e+004
17  0.000000e+000
18  0.000000e+000
19  0.000000e+000
20  0.000000e+000
21  0.000000e+000
22  0.000000e+000
23  0.000000e+000
24  0.000000e+000
25  0.000000e+000
26  0.000000e+000
27  1.577000e+005
28  0.000000e+000
29  5.882000e+002
30  0.000000e+000
31  0.000000e+000
32  0.000000e+000
33  0.000000e+000
34  0.000000e+000
35  0.000000e+000
36  0.000000e+000
37  0.000000e+000
38  2.569000e+003
39  1.354000e+004
40  0.000000e+000
41  9.004000e+002
42  0.000000e+000
43  0.000000e+000
44  0.000000e+000
45  0.000000e+000
46  0.000000e+000
47  0.000000e+000
48  1.393000e+003
49  9.302000e+003
50  2.705000e+004
51  6.591000e+002
52  7.768000e+004
53  2.024000e+003
54  0.000000e+000
55  0.000000e+000
56  0.000000e+000
57  0.000000e+000
58  0.000000e+000
59  0.000000e+000
60  3.586000e+002
61  4.418000e+003
62  9.817000e+003
63  0.000000e+000
64  4.056000e+003
65  0.000000e+000
66  0.000000e+000
67  0.000000e+000
68  0.000000e+000
69  0.000000e+000
70  0.000000e+000
71  0.000000e+000
72  0.000000e+000
73  0.000000e+000
74  0.000000e+000
75  0.000000e+000
76  1.492000e+005
77  0.000000e+000
78  0.000000e+000
79  0.000000e+000
80  0.000000e+000
81  0.000000e+000
82  0.000000e+000
83  0.000000e+000
84  0.000000e+000
85  0.000000e+000
86  0.000000e+000
87  0.000000e+000
88  0.000000e+000
89  0.000000e+000
90  0.000000e+000
91  0.000000e+000
92  0.000000e+000
93  0.000000e+000
94  0.000000e+000
95  0.000000e+000
96  0.000000e+000
97  0.000000e+000
98  8.786000e+004
99  2.711000e+005
100  0.000000e+000
101  0.000000e+000
102  0.000000e+000
103  0.000000e+000
104  0.000000e+000
105  0.000000e+000
106  0.000000e+000
107  0.000000e+000
108  0.000000e+000
109  0.000000e+000
110  0.000000e+000
111  0.000000e+000
112  0.000000e+000
113  0.000000e+000
114  0.000000e+000
115  0.000000e+000
116  0.000000e+000
117  0.000000e+000
118  0.000000e+000
119  0.000000e+000
120  0.000000e+000
121  0.000000e+000
122  7.546000e+003
123  4.663000e+004
124  0.000000e+000
125  0.000000e+000
126  0.000000e+000
127  0.000000e+000
128  0.000000e+000
129  0.000000e+000
130  0.000000e+000
131  0.000000e+000
132  0.000000e+000
133  0.000000e+000
134  0.000000e+000
135  0.000000e+000
136  0.000000e+000
137  0.000000e+000
138  0.000000e+000
139  0.000000e+000
140  0.000000e+000
141  0.000000e+000
142  0.000000e+000
143  0.000000e+000
144  0.000000e+000
   11 
1  5.937000e+003
2  3.425000e+004
3  6.648000e+005
4  2.999000e+005
5  1.491000e-009
6  0.000000e+000
7  0.000000e+000
8  0.000000e+000
9  0.000000e+000
10  0.000000e+000
11  0.000000e+000
12  0.000000e+000
13  0.000000e+000
14  1.646000e+005
15  2.329000e+005
16  1.610000e+005
17  0.000000e+000
18  0.000000e+000
19  0.000000e+000
20  0.000000e+000
21  0.000000e+000
22  0.000000e+000
23  0.000000e+000
24  0.000000e+000
25  0.000000e+000
26  8.279000e+004
27  3.874000e+005
28  1.288000e+005
29  1.755000e+005
30  0.000000e+000
31  0.000000e+000
32  0.000000e+000
33  0.000000e+000
34  0.000000e+000
35  1.550000e+002
36  0.000000e+000
37  9.356000e+003
38  3.846000e+004
39  8.292000e+004
40  2.493000e+004
41  9.939000e+004
42  0.000000e+000
43  0.000000e+000
44  0.000000e+000
45  0.000000e+000
46  0.000000e+000
47  4.054000e+003
48  1.466000e+004
49  5.270000e+004
50  8.670000e+004
51  8.074000e+004
52  6.185000e+005
53  2.025000e+005
54  2.294000e+004
55  0.000000e+000
56  0.000000e+000
57  0.000000e+000
58  0.000000e+000
59  4.584000e+004
60  8.894000e+003
61  5.901000e+004
62  6.697000e+004
63  2.677000e+002
64  3.465000e+005
65  3.046000e+005
66  1.454000e+005
67  0.000000e+000
68  0.000000e+000
69  0.000000e+000
70  0.000000e+000
71  2.143000e+001
72  0.000000e+000
73  3.230000e+003
74  6.211000e+004
75  2.365000e+004
76  6.295000e+005
77  0.000000e+000
78  0.000000e+000
79  0.000000e+000
80  0.000000e+000
81  0.000000e+000
82  0.000000e+000
83  0.000000e+000
84  0.000000e+000
85  0.000000e+000
86  0.000000e+000
87  3.063000e+004
88  2.714000e+005
89  8.247000e+003
90  0.000000e+000
91  0.000000e+000
92  0.000000e+000
93  0.000000e+000
94  0.000000e+000
95  9.456000e+003
96  2.721000e+002
97  0.000000e+000
98  6.754000e+005
99  9.008000e+005
100  4.838000e+004
101  1.074000e+005
102  0.000000e+000
103  0.000000e+000
104  0.000000e+000
105  0.000000e+000
106  0.000000e+000
107  0.000000e+000
108  0.000000e+000
109  8.344000e+004
110  0.000000e+000
111  0.000000e+000
112  5.253000e+004
113  0.000000e+000
114  0.000000e+000
115  0.000000e+000
116  0.000000e+000
117  0.000000e+000
118  0.000000e+000
119  1.443000e+004
120  1.865000e+004
121  1.571000e+004
122  4.236000e+005
123  4.631000e+005
124  1.927000e+005
125  0.000000e+000
126  0.000000e+000
127  0.000000e+000
128  0.000000e+000
129  0.000000e+000
130  0.000000e+000
131  0.000000e+000
132  3.897000e+004
133  1.491000e-009
134  3.629000e+005
135  0.000000e+000
136  4.345000e+004
137  0.000000e+000
138  0.000000e+000
139  0.000000e+000
140  0.000000e+000
141  0.000000e+000
142  0.000000e+000
143  0.000000e+000
144  0.000000e+000
   12 
1  0.000000e+000
2  0.000000e+000
3  1.649000e+005
4  4.126000e+004
5  0.000000e+000
6  0.000000e+000
7  0.000000e+000
8  0.000000e+000
9  0.000000e+000
10  0.000000e+000
11  0.000000e+000
12  0.000000e+000
13  0.000000e+000
14  7.007000e+003
15  4.325000e+004
16  3.072000e+004
17  0.000000e+000
18  0.000000e+000
19  0.000000e+000
20  0.000000e+000
21  0.000000e+000
22  0.000000e+000
23  0.000000e+000
24  0.000000e+000
25  0.000000e+000
26  4.403000e+002
27  1.194000e+005
28  4.189000e+003
29  1.216000e+004
30  0.000000e+000
31  0.000000e+000
32  0.000000e+000
33  0.000000e+000
34  0.000000e+000
35  0.000000e+000
36  0.000000e+000
37  0.000000e+000
38  1.094000e+004
39  3.206000e+004
40  0.000000e+000
41  1.018000e+004
42  0.000000e+000
43  0.000000e+000
44  0.000000e+000
45  0.000000e+000
46  0.000000e+000
47  0.000000e+000
48  4.500000e+003
49  2.246000e+004
50  4.999000e+004
51  9.612000e+003
52  1.860000e+005
53  2.144000e+004
54  0.000000e+000
55  0.000000e+000
56  0.000000e+000
57  0.000000e+000
58  0.000000e+000
59  4.802000e+002
60  1.811000e+003
61  1.328000e+004
62  2.020000e+004
63  0.000000e+000
64  3.873000e+004
65  2.598000e+002
66  9.358000e+003
67  0.000000e+000
68  0.000000e+000
69  0.000000e+000
70  0.000000e+000
71  0.000000e+000
72  0.000000e+000
73  0.000000e+000
74  3.163000e+002
75  0.000000e+000
76  2.609000e+005
77  0.000000e+000
78  0.000000e+000
79  0.000000e+000
80  0.000000e+000
81  0.000000e+000
82  0.000000e+000
83  0.000000e+000
84  0.000000e+000
85  0.000000e+000
86  0.000000e+000
87  0.000000e+000
88  7.754000e+003
89  0.000000e+000
90  0.000000e+000
91  0.000000e+000
92  0.000000e+000
93  0.000000e+000
94  0.000000e+000
95  0.000000e+000
96  0.000000e+000
97  0.000000e+000
98  1.997000e+005
99  4.137000e+005
100  0.000000e+000
101  0.000000e+000
102  0.000000e+000
103  0.000000e+000
104  0.000000e+000
105  0.000000e+000
106  0.000000e+000
107  0.000000e+000
108  0.000000e+000
109  0.000000e+000
110  0.000000e+000
111  0.000000e+000
112  0.000000e+000
113  0.000000e+000
114  0.000000e+000
115  0.000000e+000
116  0.000000e+000
117  0.000000e+000
118  0.000000e+000
119  1.491000e-009
120  0.000000e+000
121  0.000000e+000
122  5.159000e+004
123  9.030000e+004
124  1.113000e+004
125  0.000000e+000
126  0.000000e+000
127  0.000000e+000
128  0.000000e+000
129  0.000000e+000
130  0.000000e+000
131  0.000000e+000
132  2.470000e+003
133  0.000000e+000
134  2.650000e+004
135  0.000000e+000
136  0.000000e+000
137  0.000000e+000
138  0.000000e+000
139  0.000000e+000
140  0.000000e+000
141  0.000000e+000
142  0.000000e+000
143  0.000000e+000
144  0.000000e+000
