   1 
1  6.583000e+000
2  1.161300e+001
3  2.930500e+001
4  3.558500e+001
5  4.572800e+001
6  4.052100e+001
7  2.964900e+001
8  5.000000e-001
9  0.000000e+000
10  1.030100e+001
11  1.088400e+001
12  3.200000e+000
13  3.013000e+000
14  1.653000e+001
15  3.585200e+001
16  4.407400e+001
17  2.943800e+001
18  3.959400e+001
19  4.631500e+001
20  0.000000e+000
21  0.000000e+000
22  2.244900e+001
23  1.120600e+001
24  1.265500e+001
25  5.289000e+000
26  1.211900e+001
27  2.772300e+001
28  4.704200e+001
29  6.107200e+001
30  4.830100e+001
31  6.313000e+001
32  7.683000e+000
33  7.405000e+000
34  1.000000e-001
35  7.515000e+000
36  1.268400e+001
37  1.007200e+001
38  1.737900e+001
39  3.128300e+001
40  3.341800e+001
41  5.082000e+001
42  3.158600e+001
43  2.299400e+001
44  1.578700e+001
45  1.189000e+000
46  3.815000e+000
47  2.336900e+001
48  2.088300e+001
49  1.836600e+001
50  2.549400e+001
51  3.924900e+001
52  4.622000e+001
53  5.119900e+001
54  3.755400e+001
55  3.680700e+001
56  0.000000e+000
57  9.000000e-001
58  3.225500e+001
59  2.842200e+001
60  1.688400e+001
61  2.198000e+001
62  2.604000e+001
63  3.406100e+001
64  4.388700e+001
65  5.561500e+001
66  6.170600e+001
67  6.142400e+001
68  0.000000e+000
69  3.684000e+000
70  4.387000e+000
71  2.823000e+000
72  2.000000e-003
73  4.075000e+000
74  2.202600e+001
75  3.608600e+001
76  4.771600e+001
77  4.723100e+001
78  4.122300e+001
79  4.596100e+001
80  1.000000e+000
81  1.100000e+000
82  1.565000e+001
83  1.477300e+001
84  1.125200e+001
85  6.469000e+000
86  1.947500e+001
87  2.889100e+001
88  3.450700e+001
89  3.656900e+001
90  2.878200e+001
91  1.698700e+001
92  0.000000e+000
93  4.000000e-001
94  9.168000e+000
95  2.167500e+001
96  1.927500e+001
97  7.359000e+000
98  1.446900e+001
99  3.857300e+001
100  4.072300e+001
101  3.824300e+001
102  5.474900e+001
103  2.783400e+001
104  1.200000e+000
105  8.000000e-001
106  4.597000e+000
107  1.129600e+001
108  1.169600e+001
109  1.445000e+001
110  2.215200e+001
111  2.023000e+001
112  3.443800e+001
113  3.014400e+001
114  1.213000e+000
115  3.799000e+000
116  1.795600e+001
117  2.310000e-001
118  5.095000e+000
119  9.818000e+000
120  1.259900e+001
121  1.222400e+001
122  2.413600e+001
123  3.711800e+001
124  4.356600e+001
125  2.963200e+001
126  5.074800e+001
127  8.062000e+000
128  1.999000e+000
129  1.935600e+001
130  2.513000e+001
131  1.826500e+001
132  1.657700e+001
133  1.235000e+001
134  1.537700e+001
135  2.439100e+001
136  3.402200e+001
137  3.294900e+001
138  2.551000e+001
139  2.657900e+001
140  2.000000e-001
141  0.000000e+000
142  2.102300e+001
143  1.530600e+001
144  1.393800e+001
   2 
1  6.957000e+000
2  1.173000e+001
3  2.756600e+001
4  2.997700e+001
5  3.022300e+001
6  2.578000e+001
7  4.429000e+000
8  5.000000e-001
9  0.000000e+000
10  8.840000e+000
11  1.090800e+001
12  4.865000e+000
13  3.462000e+000
14  1.617100e+001
15  3.460900e+001
16  3.574000e+001
17  1.996600e+001
18  3.162900e+001
19  1.889600e+001
20  0.000000e+000
21  0.000000e+000
22  2.097400e+001
23  1.229200e+001
24  1.186300e+001
25  4.862000e+000
26  1.123000e+001
27  2.493400e+001
28  4.123400e+001
29  5.185000e+001
30  4.038600e+001
31  2.126100e+001
32  5.872000e+000
33  8.663000e+000
34  1.000000e-001
35  7.071000e+000
36  1.068300e+001
37  9.488000e+000
38  1.497700e+001
39  3.011400e+001
40  3.161000e+001
41  4.855000e+001
42  2.206200e+001
43  6.301000e+000
44  1.562100e+001
45  3.488000e+000
46  3.501000e+000
47  2.185700e+001
48  1.904500e+001
49  1.755500e+001
50  2.203000e+001
51  3.542800e+001
52  3.756700e+001
53  3.849300e+001
54  3.425500e+001
55  1.606700e+001
56  0.000000e+000
57  9.000000e-001
58  2.854400e+001
59  2.732700e+001
60  1.559300e+001
61  1.776200e+001
62  2.205600e+001
63  2.985300e+001
64  3.773700e+001
65  4.735200e+001
66  4.912600e+001
67  1.988500e+001
68  0.000000e+000
69  3.109000e+000
70  4.956000e+000
71  2.831000e+000
72  0.000000e+000
73  3.957000e+000
74  1.972600e+001
75  3.590000e+001
76  4.500100e+001
77  3.999200e+001
78  2.957100e+001
79  2.228600e+001
80  1.000000e+000
81  1.100000e+000
82  1.373600e+001
83  1.290400e+001
84  1.122800e+001
85  6.838000e+000
86  1.559100e+001
87  2.516600e+001
88  3.169400e+001
89  3.390600e+001
90  2.104300e+001
91  1.694600e+001
92  0.000000e+000
93  4.000000e-001
94  8.841000e+000
95  2.103300e+001
96  1.861300e+001
97  6.881000e+000
98  1.406700e+001
99  3.468300e+001
100  3.533500e+001
101  3.230200e+001
102  3.786500e+001
103  7.656000e+000
104  1.202000e+000
105  8.000000e-001
106  4.597000e+000
107  1.006700e+001
108  1.034700e+001
109  1.407600e+001
110  2.034100e+001
111  1.901500e+001
112  3.131100e+001
113  2.877700e+001
114  1.099000e+000
115  3.799000e+000
116  1.717700e+001
117  2.470000e-001
118  5.080000e+000
119  9.778000e+000
120  1.204100e+001
121  1.114900e+001
122  1.893400e+001
123  3.251400e+001
124  3.522100e+001
125  2.377100e+001
126  9.445000e+000
127  4.398000e+000
128  1.999000e+000
129  1.811200e+001
130  2.108500e+001
131  1.702700e+001
132  1.603000e+001
133  1.248000e+001
134  1.456300e+001
135  2.238800e+001
136  3.121800e+001
137  2.832000e+001
138  1.944500e+001
139  2.556800e+001
140  2.000000e-001
141  0.000000e+000
142  2.063600e+001
143  1.483000e+001
144  1.300800e+001
   3 
1  6.626000e+000
2  1.163100e+001
3  2.930900e+001
4  3.555800e+001
5  4.547300e+001
6  4.043700e+001
7  2.924100e+001
8  5.000000e-001
9  0.000000e+000
10  1.028900e+001
11  1.089700e+001
12  3.198000e+000
13  3.013000e+000
14  1.653100e+001
15  3.572300e+001
16  4.402300e+001
17  2.929100e+001
18  3.952600e+001
19  4.625700e+001
20  0.000000e+000
21  0.000000e+000
22  2.244700e+001
23  1.120700e+001
24  1.265500e+001
25  5.288000e+000
26  1.211700e+001
27  2.764000e+001
28  4.679000e+001
29  6.098500e+001
30  4.827500e+001
31  6.310100e+001
32  7.682000e+000
33  7.406000e+000
34  1.000000e-001
35  7.515000e+000
36  1.268400e+001
37  1.007200e+001
38  1.737700e+001
39  3.127800e+001
40  3.341300e+001
41  5.081500e+001
42  3.158100e+001
43  2.291700e+001
44  1.578800e+001
45  1.197000e+000
46  3.814000e+000
47  2.336400e+001
48  2.086100e+001
49  1.835300e+001
50  2.543900e+001
51  3.923600e+001
52  4.621400e+001
53  5.118200e+001
54  3.755000e+001
55  3.680600e+001
56  0.000000e+000
57  9.000000e-001
58  3.225500e+001
59  2.842000e+001
60  1.685800e+001
61  2.189600e+001
62  2.595300e+001
63  3.387500e+001
64  4.364900e+001
65  5.554400e+001
66  6.164700e+001
67  6.130900e+001
68  0.000000e+000
69  3.688000e+000
70  4.383000e+000
71  2.823000e+000
72  2.000000e-003
73  4.074000e+000
74  2.202800e+001
75  3.609900e+001
76  4.773100e+001
77  4.722300e+001
78  4.121500e+001
79  4.588800e+001
80  1.000000e+000
81  1.100000e+000
82  1.575700e+001
83  1.487700e+001
84  1.113700e+001
85  6.447000e+000
86  1.933100e+001
87  2.886900e+001
88  3.449800e+001
89  3.656800e+001
90  2.867400e+001
91  1.698700e+001
92  0.000000e+000
93  4.000000e-001
94  9.163000e+000
95  2.167100e+001
96  1.927300e+001
97  7.359000e+000
98  1.445100e+001
99  3.852300e+001
100  4.071700e+001
101  3.824200e+001
102  5.478700e+001
103  2.779400e+001
104  1.200000e+000
105  8.000000e-001
106  4.597000e+000
107  1.132800e+001
108  1.173300e+001
109  1.441600e+001
110  2.213300e+001
111  2.023000e+001
112  3.443800e+001
113  3.013000e+001
114  1.211000e+000
115  3.799000e+000
116  1.794800e+001
117  2.390000e-001
118  5.094000e+000
119  9.817000e+000
120  1.259900e+001
121  1.222400e+001
122  2.404000e+001
123  3.700400e+001
124  4.329000e+001
125  2.929600e+001
126  4.945900e+001
127  7.724000e+000
128  1.999000e+000
129  1.935600e+001
130  2.513000e+001
131  1.826400e+001
132  1.657700e+001
133  1.235000e+001
134  1.537700e+001
135  2.439100e+001
136  3.402200e+001
137  3.294900e+001
138  2.551100e+001
139  2.657900e+001
140  2.000000e-001
141  0.000000e+000
142  2.108900e+001
143  1.530500e+001
144  1.392200e+001
   4 
1  6.570000e+000
2  1.160700e+001
3  2.930200e+001
4  3.559400e+001
5  4.584000e+001
6  4.055400e+001
7  2.981300e+001
8  5.000000e-001
9  0.000000e+000
10  1.030500e+001
11  1.088000e+001
12  3.201000e+000
13  3.013000e+000
14  1.653000e+001
15  3.588200e+001
16  4.410100e+001
17  2.947700e+001
18  3.961200e+001
19  4.634200e+001
20  0.000000e+000
21  0.000000e+000
22  2.245000e+001
23  1.120500e+001
24  1.265600e+001
25  5.289000e+000
26  1.211900e+001
27  2.776400e+001
28  4.712000e+001
29  6.110700e+001
30  4.830900e+001
31  6.314600e+001
32  7.683000e+000
33  7.405000e+000
34  1.000000e-001
35  7.515000e+000
36  1.268500e+001
37  1.007200e+001
38  1.737900e+001
39  3.128400e+001
40  3.341900e+001
41  5.082100e+001
42  3.158500e+001
43  2.299200e+001
44  1.578700e+001
45  1.189000e+000
46  3.815000e+000
47  2.336900e+001
48  2.089500e+001
49  1.837500e+001
50  2.552800e+001
51  3.925600e+001
52  4.622200e+001
53  5.119900e+001
54  3.755400e+001
55  3.680700e+001
56  0.000000e+000
57  9.000000e-001
58  3.225500e+001
59  2.842300e+001
60  1.689300e+001
61  2.200400e+001
62  2.608100e+001
63  3.416300e+001
64  4.401900e+001
65  5.565500e+001
66  6.173500e+001
67  6.147400e+001
68  0.000000e+000
69  3.679000e+000
70  4.391000e+000
71  2.823000e+000
72  2.000000e-003
73  4.075000e+000
74  2.202600e+001
75  3.607900e+001
76  4.770800e+001
77  4.723000e+001
78  4.122300e+001
79  4.597600e+001
80  1.000000e+000
81  1.100000e+000
82  1.558100e+001
83  1.470700e+001
84  1.131800e+001
85  6.485000e+000
86  1.951500e+001
87  2.889800e+001
88  3.451200e+001
89  3.656700e+001
90  2.879600e+001
91  1.698700e+001
92  0.000000e+000
93  4.000000e-001
94  9.168000e+000
95  2.167500e+001
96  1.927500e+001
97  7.359000e+000
98  1.448000e+001
99  3.860700e+001
100  4.072400e+001
101  3.824400e+001
102  5.471700e+001
103  2.786600e+001
104  1.200000e+000
105  8.000000e-001
106  4.597000e+000
107  1.127600e+001
108  1.167200e+001
109  1.447000e+001
110  2.216400e+001
111  2.023100e+001
112  3.443800e+001
113  3.015200e+001
114  1.214000e+000
115  3.799000e+000
116  1.796000e+001
117  2.270000e-001
118  5.095000e+000
119  9.819000e+000
120  1.259900e+001
121  1.222400e+001
122  2.413700e+001
123  3.715300e+001
124  4.372800e+001
125  2.982700e+001
126  5.086500e+001
127  8.841000e+000
128  1.999000e+000
129  1.937000e+001
130  2.521200e+001
131  1.825100e+001
132  1.658300e+001
133  1.234700e+001
134  1.537500e+001
135  2.438800e+001
136  3.401900e+001
137  3.294600e+001
138  2.543600e+001
139  2.657900e+001
140  2.000000e-001
141  0.000000e+000
142  2.097400e+001
143  1.530700e+001
144  1.395900e+001
   5 
1  6.783000e+000
2  1.170200e+001
3  2.922400e+001
4  3.516900e+001
5  4.399000e+001
6  3.983800e+001
7  2.601700e+001
8  5.000000e-001
9  0.000000e+000
10  1.014300e+001
11  1.104300e+001
12  3.166000e+000
13  3.015000e+000
14  1.653800e+001
15  3.528500e+001
16  4.310700e+001
17  2.777000e+001
18  3.860100e+001
19  4.320900e+001
20  0.000000e+000
21  0.000000e+000
22  2.233500e+001
23  1.132100e+001
24  1.261000e+001
25  5.231000e+000
26  1.195000e+001
27  2.737800e+001
28  4.538900e+001
29  6.022400e+001
30  4.806900e+001
31  6.280900e+001
32  7.676000e+000
33  7.413000e+000
34  1.000000e-001
35  7.513000e+000
36  1.267700e+001
37  1.007300e+001
38  1.733700e+001
39  3.116800e+001
40  3.331100e+001
41  5.071100e+001
42  3.147800e+001
43  2.126700e+001
44  1.579600e+001
45  1.326000e+000
46  3.797000e+000
47  2.329400e+001
48  2.066000e+001
49  1.825900e+001
50  2.463900e+001
51  3.918600e+001
52  4.590200e+001
53  5.066400e+001
54  3.745500e+001
55  3.674000e+001
56  0.000000e+000
57  9.000000e-001
58  3.224800e+001
59  2.840700e+001
60  1.674300e+001
61  1.982900e+001
62  2.534900e+001
63  3.325800e+001
64  4.298600e+001
65  5.530600e+001
66  6.101000e+001
67  5.956400e+001
68  0.000000e+000
69  3.678000e+000
70  4.392000e+000
71  2.823000e+000
72  2.000000e-003
73  4.074000e+000
74  2.200500e+001
75  3.611600e+001
76  4.769000e+001
77  4.696300e+001
78  4.103400e+001
79  4.447100e+001
80  1.000000e+000
81  1.100000e+000
82  1.587700e+001
83  1.490300e+001
84  1.115100e+001
85  6.399000e+000
86  1.806000e+001
87  2.791300e+001
88  3.434500e+001
89  3.655500e+001
90  2.818900e+001
91  1.698700e+001
92  0.000000e+000
93  4.000000e-001
94  9.142000e+000
95  2.165200e+001
96  1.926100e+001
97  7.290000e+000
98  1.437400e+001
99  3.831400e+001
100  4.066800e+001
101  3.822800e+001
102  5.478800e+001
103  2.776300e+001
104  1.200000e+000
105  8.000000e-001
106  4.597000e+000
107  1.138300e+001
108  1.179800e+001
109  1.436000e+001
110  2.211100e+001
111  2.023600e+001
112  3.444100e+001
113  3.008700e+001
114  1.203000e+000
115  3.799000e+000
116  1.793900e+001
117  2.480000e-001
118  5.093000e+000
119  9.815000e+000
120  1.259900e+001
121  1.222200e+001
122  2.381100e+001
123  3.672400e+001
124  4.224900e+001
125  2.801100e+001
126  4.360400e+001
127  6.068000e+000
128  1.999000e+000
129  1.927100e+001
130  2.463100e+001
131  1.836200e+001
132  1.653900e+001
133  1.236600e+001
134  1.536600e+001
135  2.439100e+001
136  3.404100e+001
137  3.296600e+001
138  2.594300e+001
139  2.657900e+001
140  2.000000e-001
141  0.000000e+000
142  2.137500e+001
143  1.532400e+001
144  1.384600e+001
   6 
1  6.584000e+000
2  1.161300e+001
3  2.930500e+001
4  3.558400e+001
5  4.571800e+001
6  4.051800e+001
7  2.963400e+001
8  5.000000e-001
9  0.000000e+000
10  1.030100e+001
11  1.088500e+001
12  3.200000e+000
13  3.013000e+000
14  1.653000e+001
15  3.584900e+001
16  4.407100e+001
17  2.943400e+001
18  3.959200e+001
19  4.631300e+001
20  0.000000e+000
21  0.000000e+000
22  2.244900e+001
23  1.120600e+001
24  1.265500e+001
25  5.289000e+000
26  1.211900e+001
27  2.771900e+001
28  4.703100e+001
29  6.107000e+001
30  4.830000e+001
31  6.312900e+001
32  7.683000e+000
33  7.405000e+000
34  1.000000e-001
35  7.515000e+000
36  1.268400e+001
37  1.007200e+001
38  1.737900e+001
39  3.128300e+001
40  3.341800e+001
41  5.082000e+001
42  3.158600e+001
43  2.299400e+001
44  1.578700e+001
45  1.189000e+000
46  3.815000e+000
47  2.336900e+001
48  2.088200e+001
49  1.836600e+001
50  2.549100e+001
51  3.924800e+001
52  4.622000e+001
53  5.119900e+001
54  3.755400e+001
55  3.680700e+001
56  0.000000e+000
57  9.000000e-001
58  3.225500e+001
59  2.842200e+001
60  1.688300e+001
61  2.197800e+001
62  2.603700e+001
63  3.405300e+001
64  4.387600e+001
65  5.561200e+001
66  6.170400e+001
67  6.141800e+001
68  0.000000e+000
69  3.684000e+000
70  4.386000e+000
71  2.823000e+000
72  2.000000e-003
73  4.075000e+000
74  2.202600e+001
75  3.608600e+001
76  4.771700e+001
77  4.723100e+001
78  4.122300e+001
79  4.596000e+001
80  1.000000e+000
81  1.100000e+000
82  1.565400e+001
83  1.477700e+001
84  1.124700e+001
85  6.468000e+000
86  1.947100e+001
87  2.889000e+001
88  3.450700e+001
89  3.656900e+001
90  2.878000e+001
91  1.698700e+001
92  0.000000e+000
93  4.000000e-001
94  9.168000e+000
95  2.167500e+001
96  1.927500e+001
97  7.359000e+000
98  1.446800e+001
99  3.857000e+001
100  4.072300e+001
101  3.824300e+001
102  5.474900e+001
103  2.783300e+001
104  1.200000e+000
105  8.000000e-001
106  4.597000e+000
107  1.129700e+001
108  1.169700e+001
109  1.444800e+001
110  2.215100e+001
111  2.023000e+001
112  3.443800e+001
113  3.014300e+001
114  1.213000e+000
115  3.799000e+000
116  1.795600e+001
117  2.320000e-001
118  5.095000e+000
119  9.818000e+000
120  1.259900e+001
121  1.222400e+001
122  2.413600e+001
123  3.711500e+001
124  4.355300e+001
125  2.961700e+001
126  5.068900e+001
127  8.049000e+000
128  1.999000e+000
129  1.935600e+001
130  2.513200e+001
131  1.826400e+001
132  1.657700e+001
133  1.235000e+001
134  1.537700e+001
135  2.439100e+001
136  3.402200e+001
137  3.294900e+001
138  2.550900e+001
139  2.657900e+001
140  2.000000e-001
141  0.000000e+000
142  2.102500e+001
143  1.530600e+001
144  1.393800e+001
   7 
1  6.558000e+000
2  1.160200e+001
3  2.930000e+001
4  3.559200e+001
5  4.585600e+001
6  4.055700e+001
7  2.982600e+001
8  5.000000e-001
9  0.000000e+000
10  1.030500e+001
11  1.088000e+001
12  3.201000e+000
13  3.013000e+000
14  1.653000e+001
15  3.589300e+001
16  4.410900e+001
17  2.947900e+001
18  3.961400e+001
19  4.634700e+001
20  0.000000e+000
21  0.000000e+000
22  2.245000e+001
23  1.120500e+001
24  1.265600e+001
25  5.289000e+000
26  1.211900e+001
27  2.776700e+001
28  4.712200e+001
29  6.111600e+001
30  4.831000e+001
31  6.314900e+001
32  7.683000e+000
33  7.405000e+000
34  1.000000e-001
35  7.515000e+000
36  1.268500e+001
37  1.007200e+001
38  1.737900e+001
39  3.128400e+001
40  3.341900e+001
41  5.082100e+001
42  3.158500e+001
43  2.299200e+001
44  1.578700e+001
45  1.189000e+000
46  3.815000e+000
47  2.336900e+001
48  2.089900e+001
49  1.837700e+001
50  2.553700e+001
51  3.925800e+001
52  4.622200e+001
53  5.120000e+001
54  3.755400e+001
55  3.680700e+001
56  0.000000e+000
57  9.000000e-001
58  3.225500e+001
59  2.842300e+001
60  1.689500e+001
61  2.200900e+001
62  2.609200e+001
63  3.418600e+001
64  4.404500e+001
65  5.566400e+001
66  6.174000e+001
67  6.148200e+001
68  0.000000e+000
69  3.678000e+000
70  4.393000e+000
71  2.823000e+000
72  2.000000e-003
73  4.075000e+000
74  2.202700e+001
75  3.607900e+001
76  4.770700e+001
77  4.723000e+001
78  4.122300e+001
79  4.597700e+001
80  1.000000e+000
81  1.100000e+000
82  1.556500e+001
83  1.469100e+001
84  1.133500e+001
85  6.488000e+000
86  1.952200e+001
87  2.889900e+001
88  3.451300e+001
89  3.656700e+001
90  2.879800e+001
91  1.698700e+001
92  0.000000e+000
93  4.000000e-001
94  9.168000e+000
95  2.167500e+001
96  1.927500e+001
97  7.359000e+000
98  1.448300e+001
99  3.861700e+001
100  4.072300e+001
101  3.824400e+001
102  5.471300e+001
103  2.787000e+001
104  1.200000e+000
105  8.000000e-001
106  4.597000e+000
107  1.127200e+001
108  1.166700e+001
109  1.447500e+001
110  2.216700e+001
111  2.023100e+001
112  3.443800e+001
113  3.015400e+001
114  1.215000e+000
115  3.799000e+000
116  1.796100e+001
117  2.260000e-001
118  5.095000e+000
119  9.819000e+000
120  1.259900e+001
121  1.222400e+001
122  2.413700e+001
123  3.716100e+001
124  4.376500e+001
125  2.987200e+001
126  5.087800e+001
127  9.029000e+000
128  1.999000e+000
129  1.937200e+001
130  2.522800e+001
131  1.824800e+001
132  1.658400e+001
133  1.234700e+001
134  1.537500e+001
135  2.438800e+001
136  3.401800e+001
137  3.294600e+001
138  2.542100e+001
139  2.657900e+001
140  2.000000e-001
141  0.000000e+000
142  2.096200e+001
143  1.530700e+001
144  1.396600e+001
   8 
1  6.690000e+000
2  1.166400e+001
3  2.929400e+001
4  3.544000e+001
5  4.489400e+001
6  4.021400e+001
7  2.810000e+001
8  5.000000e-001
9  0.000000e+000
10  1.024600e+001
11  1.094000e+001
12  3.188000e+000
13  3.013000e+000
14  1.653300e+001
15  3.551200e+001
16  4.388300e+001
17  2.888400e+001
18  3.932500e+001
19  4.601900e+001
20  0.000000e+000
21  0.000000e+000
22  2.244000e+001
23  1.121400e+001
24  1.265200e+001
25  5.270000e+000
26  1.207500e+001
27  2.752100e+001
28  4.629200e+001
29  6.076600e+001
30  4.820800e+001
31  6.302800e+001
32  7.681000e+000
33  7.407000e+000
34  1.000000e-001
35  7.514000e+000
36  1.268200e+001
37  1.007200e+001
38  1.736400e+001
39  3.125000e+001
40  3.338100e+001
41  5.078200e+001
42  3.155100e+001
43  2.241600e+001
44  1.579200e+001
45  1.251000e+000
46  3.807000e+000
47  2.333800e+001
48  2.080700e+001
49  1.833100e+001
50  2.533800e+001
51  3.921500e+001
52  4.614200e+001
53  5.103600e+001
54  3.751700e+001
55  3.679700e+001
56  0.000000e+000
57  9.000000e-001
58  3.225400e+001
59  2.841600e+001
60  1.680800e+001
61  2.117300e+001
62  2.574100e+001
63  3.360000e+001
64  4.333300e+001
65  5.544400e+001
66  6.143900e+001
67  6.082600e+001
68  0.000000e+000
69  3.686000e+000
70  4.384000e+000
71  2.823000e+000
72  2.000000e-003
73  4.074000e+000
74  2.202900e+001
75  3.611500e+001
76  4.773400e+001
77  4.715100e+001
78  4.116200e+001
79  4.547500e+001
80  1.000000e+000
81  1.100000e+000
82  1.585000e+001
83  1.487900e+001
84  1.113800e+001
85  6.424000e+000
86  1.890100e+001
87  2.860100e+001
88  3.443800e+001
89  3.656500e+001
90  2.847400e+001
91  1.698700e+001
92  0.000000e+000
93  4.000000e-001
94  9.155000e+000
95  2.166400e+001
96  1.926800e+001
97  7.347000e+000
98  1.441900e+001
99  3.845200e+001
100  4.069900e+001
101  3.823800e+001
102  5.479100e+001
103  2.778100e+001
104  1.200000e+000
105  8.000000e-001
106  4.597000e+000
107  1.136400e+001
108  1.177600e+001
109  1.438000e+001
110  2.211700e+001
111  2.023300e+001
112  3.443900e+001
113  3.010200e+001
114  1.208000e+000
115  3.799000e+000
116  1.794200e+001
117  2.450000e-001
118  5.093000e+000
119  9.815000e+000
120  1.259900e+001
121  1.222500e+001
122  2.394300e+001
123  3.686800e+001
124  4.282000e+001
125  2.871700e+001
126  4.700600e+001
127  7.076000e+000
128  1.999000e+000
129  1.932700e+001
130  2.495600e+001
131  1.829700e+001
132  1.656400e+001
133  1.235500e+001
134  1.538000e+001
135  2.439500e+001
136  3.402700e+001
137  3.295600e+001
138  2.566900e+001
139  2.657900e+001
140  2.000000e-001
141  0.000000e+000
142  2.123900e+001
143  1.530400e+001
144  1.388700e+001
   9 
1  6.540000e+000
2  1.159400e+001
3  2.929600e+001
4  3.559100e+001
5  4.588800e+001
6  4.056300e+001
7  2.985900e+001
8  5.000000e-001
9  0.000000e+000
10  1.030600e+001
11  1.087900e+001
12  3.201000e+000
13  3.013000e+000
14  1.653000e+001
15  3.591600e+001
16  4.412800e+001
17  2.948300e+001
18  3.961600e+001
19  4.635900e+001
20  0.000000e+000
21  0.000000e+000
22  2.245000e+001
23  1.120400e+001
24  1.265600e+001
25  5.289000e+000
26  1.211900e+001
27  2.777200e+001
28  4.712500e+001
29  6.113700e+001
30  4.831300e+001
31  6.315500e+001
32  7.684000e+000
33  7.405000e+000
34  1.000000e-001
35  7.515000e+000
36  1.268500e+001
37  1.007200e+001
38  1.737900e+001
39  3.128500e+001
40  3.341800e+001
41  5.082100e+001
42  3.158500e+001
43  2.299100e+001
44  1.578700e+001
45  1.189000e+000
46  3.815000e+000
47  2.336900e+001
48  2.090700e+001
49  1.838300e+001
50  2.556200e+001
51  3.926200e+001
52  4.622300e+001
53  5.120000e+001
54  3.755400e+001
55  3.680700e+001
56  0.000000e+000
57  9.000000e-001
58  3.225500e+001
59  2.842300e+001
60  1.689800e+001
61  2.202300e+001
62  2.611900e+001
63  3.424700e+001
64  4.411600e+001
65  5.568900e+001
66  6.175400e+001
67  6.150100e+001
68  0.000000e+000
69  3.674000e+000
70  4.397000e+000
71  2.823000e+000
72  2.000000e-003
73  4.076000e+000
74  2.202700e+001
75  3.607600e+001
76  4.770300e+001
77  4.723000e+001
78  4.122200e+001
79  4.598400e+001
80  1.000000e+000
81  1.100000e+000
82  1.551600e+001
83  1.464400e+001
84  1.138500e+001
85  6.498000e+000
86  1.954400e+001
87  2.890400e+001
88  3.451600e+001
89  3.656600e+001
90  2.880400e+001
91  1.698700e+001
92  0.000000e+000
93  4.000000e-001
94  9.169000e+000
95  2.167600e+001
96  1.927500e+001
97  7.359000e+000
98  1.449100e+001
99  3.864200e+001
100  4.072300e+001
101  3.824400e+001
102  5.466200e+001
103  2.792200e+001
104  1.200000e+000
105  8.000000e-001
106  4.597000e+000
107  1.125500e+001
108  1.164800e+001
109  1.449200e+001
110  2.217700e+001
111  2.023200e+001
112  3.443800e+001
113  3.016100e+001
114  1.215000e+000
115  3.799000e+000
116  1.796500e+001
117  2.220000e-001
118  5.095000e+000
119  9.820000e+000
120  1.259900e+001
121  1.222300e+001
122  2.413700e+001
123  3.717800e+001
124  4.384900e+001
125  2.997000e+001
126  5.090400e+001
127  9.438000e+000
128  1.999000e+000
129  1.937500e+001
130  2.524200e+001
131  1.824500e+001
132  1.658500e+001
133  1.234600e+001
134  1.537500e+001
135  2.438700e+001
136  3.401800e+001
137  3.294500e+001
138  2.540800e+001
139  2.657900e+001
140  2.000000e-001
141  0.000000e+000
142  2.092900e+001
143  1.530800e+001
144  1.398500e+001
   10 
1  6.554000e+000
2  1.160000e+001
3  2.929900e+001
4  3.559200e+001
5  4.586000e+001
6  4.055700e+001
7  2.982900e+001
8  5.000000e-001
9  0.000000e+000
10  1.030600e+001
11  1.088000e+001
12  3.201000e+000
13  3.013000e+000
14  1.653000e+001
15  3.589600e+001
16  4.411100e+001
17  2.947900e+001
18  3.961400e+001
19  4.634800e+001
20  0.000000e+000
21  0.000000e+000
22  2.245000e+001
23  1.120500e+001
24  1.265600e+001
25  5.289000e+000
26  1.211900e+001
27  2.776700e+001
28  4.712200e+001
29  6.111900e+001
30  4.831100e+001
31  6.315000e+001
32  7.683000e+000
33  7.405000e+000
34  1.000000e-001
35  7.515000e+000
36  1.268500e+001
37  1.007200e+001
38  1.737900e+001
39  3.128400e+001
40  3.341900e+001
41  5.082100e+001
42  3.158500e+001
43  2.299200e+001
44  1.578700e+001
45  1.189000e+000
46  3.815000e+000
47  2.336900e+001
48  2.090000e+001
49  1.837800e+001
50  2.554000e+001
51  3.925900e+001
52  4.622200e+001
53  5.120000e+001
54  3.755400e+001
55  3.680700e+001
56  0.000000e+000
57  9.000000e-001
58  3.225500e+001
59  2.842300e+001
60  1.689500e+001
61  2.201100e+001
62  2.609500e+001
63  3.419400e+001
64  4.405400e+001
65  5.566700e+001
66  6.174200e+001
67  6.148400e+001
68  0.000000e+000
69  3.677000e+000
70  4.393000e+000
71  2.823000e+000
72  2.000000e-003
73  4.075000e+000
74  2.202700e+001
75  3.607800e+001
76  4.770700e+001
77  4.723000e+001
78  4.122300e+001
79  4.597800e+001
80  1.000000e+000
81  1.100000e+000
82  1.555800e+001
83  1.468500e+001
84  1.134000e+001
85  6.490000e+000
86  1.952600e+001
87  2.890000e+001
88  3.451400e+001
89  3.656700e+001
90  2.879900e+001
91  1.698700e+001
92  0.000000e+000
93  4.000000e-001
94  9.168000e+000
95  2.167500e+001
96  1.927500e+001
97  7.359000e+000
98  1.448400e+001
99  3.862000e+001
100  4.072300e+001
101  3.824400e+001
102  5.471200e+001
103  2.787200e+001
104  1.200000e+000
105  8.000000e-001
106  4.597000e+000
107  1.127000e+001
108  1.166500e+001
109  1.447700e+001
110  2.216800e+001
111  2.023100e+001
112  3.443800e+001
113  3.015500e+001
114  1.215000e+000
115  3.799000e+000
116  1.796200e+001
117  2.250000e-001
118  5.095000e+000
119  9.819000e+000
120  1.259900e+001
121  1.222400e+001
122  2.413700e+001
123  3.716300e+001
124  4.377700e+001
125  2.988600e+001
126  5.088200e+001
127  9.088000e+000
128  1.999000e+000
129  1.937300e+001
130  2.523100e+001
131  1.824700e+001
132  1.658400e+001
133  1.234700e+001
134  1.537500e+001
135  2.438700e+001
136  3.401800e+001
137  3.294500e+001
138  2.541800e+001
139  2.657900e+001
140  2.000000e-001
141  0.000000e+000
142  2.095800e+001
143  1.530700e+001
144  1.396800e+001
   11 
1  7.146000e+000
2  1.183800e+001
3  2.858900e+001
4  3.237000e+001
5  3.638100e+001
6  3.779400e+001
7  1.133500e+001
8  5.000000e-001
9  0.000000e+000
10  9.690000e+000
11  1.149500e+001
12  3.326000e+000
13  3.328000e+000
14  1.607900e+001
15  3.438500e+001
16  4.011700e+001
17  2.315500e+001
18  3.492500e+001
19  3.226200e+001
20  0.000000e+000
21  0.000000e+000
22  2.184900e+001
23  1.181300e+001
24  1.236300e+001
25  4.885000e+000
26  1.126000e+001
27  2.596900e+001
28  4.326900e+001
29  5.576900e+001
30  4.321200e+001
31  3.671000e+001
32  6.645000e+000
33  8.443000e+000
34  1.000000e-001
35  7.283000e+000
36  1.171100e+001
37  1.015200e+001
38  1.603700e+001
39  3.051300e+001
40  3.278700e+001
41  5.016600e+001
42  3.092800e+001
43  1.073600e+001
44  1.583200e+001
45  2.197000e+000
46  3.681000e+000
47  2.277800e+001
48  1.983000e+001
49  1.792500e+001
50  2.276000e+001
51  3.825200e+001
52  4.311300e+001
53  4.654900e+001
54  3.637600e+001
55  3.201700e+001
56  0.000000e+000
57  9.000000e-001
58  3.157400e+001
59  2.816100e+001
60  1.623700e+001
61  1.694900e+001
62  2.371400e+001
63  3.181600e+001
64  4.070700e+001
65  5.121800e+001
66  5.507400e+001
67  4.032100e+001
68  0.000000e+000
69  3.459000e+000
70  4.609000e+000
71  2.827000e+000
72  0.000000e+000
73  4.060000e+000
74  2.156600e+001
75  3.607400e+001
76  4.674600e+001
77  4.445900e+001
78  3.938000e+001
79  3.094800e+001
80  1.000000e+000
81  1.100000e+000
82  1.523500e+001
83  1.437700e+001
84  1.174700e+001
85  6.416000e+000
86  1.520900e+001
87  2.510600e+001
88  3.372500e+001
89  3.634800e+001
90  2.499200e+001
91  1.698700e+001
92  0.000000e+000
93  4.000000e-001
94  9.004000e+000
95  2.152000e+001
96  1.914900e+001
97  6.915000e+000
98  1.412500e+001
99  3.465000e+001
100  3.754500e+001
101  3.494700e+001
102  5.291700e+001
103  1.107200e+001
104  1.200000e+000
105  8.000000e-001
106  4.597000e+000
107  1.091800e+001
108  1.125200e+001
109  1.457600e+001
110  2.220300e+001
111  2.023900e+001
112  3.410000e+001
113  2.999600e+001
114  1.225000e+000
115  3.799000e+000
116  1.793200e+001
117  2.550000e-001
118  5.092000e+000
119  9.813000e+000
120  1.259000e+001
121  1.188300e+001
122  2.024100e+001
123  3.523600e+001
124  3.940400e+001
125  2.562800e+001
126  2.407500e+001
127  4.398000e+000
128  1.999000e+000
129  1.892600e+001
130  2.270700e+001
131  1.861200e+001
132  1.650000e+001
133  1.244700e+001
134  1.468000e+001
135  2.403900e+001
136  3.367800e+001
137  3.183100e+001
138  2.523100e+001
139  2.657900e+001
140  2.000000e-001
141  0.000000e+000
142  2.136700e+001
143  1.530100e+001
144  1.383500e+001
   12 
1  6.632000e+000
2  1.163500e+001
3  2.930900e+001
4  3.555100e+001
5  4.542700e+001
6  4.042000e+001
7  2.915900e+001
8  5.000000e-001
9  0.000000e+000
10  1.028400e+001
11  1.090100e+001
12  3.197000e+000
13  3.013000e+000
14  1.653100e+001
15  3.571500e+001
16  4.401400e+001
17  2.926100e+001
18  3.951200e+001
19  4.624500e+001
20  0.000000e+000
21  0.000000e+000
22  2.244700e+001
23  1.120800e+001
24  1.265500e+001
25  5.287000e+000
26  1.211500e+001
27  2.762800e+001
28  4.674700e+001
29  6.096900e+001
30  4.827000e+001
31  6.309700e+001
32  7.682000e+000
33  7.406000e+000
34  1.000000e-001
35  7.515000e+000
36  1.268400e+001
37  1.007200e+001
38  1.737600e+001
39  3.127700e+001
40  3.341100e+001
41  5.081300e+001
42  3.157900e+001
43  2.288800e+001
44  1.578800e+001
45  1.200000e+000
46  3.814000e+000
47  2.336300e+001
48  2.085600e+001
49  1.835100e+001
50  2.543100e+001
51  3.923400e+001
52  4.621200e+001
53  5.117400e+001
54  3.754900e+001
55  3.680600e+001
56  0.000000e+000
57  9.000000e-001
58  3.225500e+001
59  2.842000e+001
60  1.685400e+001
61  2.185500e+001
62  2.593800e+001
63  3.384800e+001
64  4.361600e+001
65  5.553400e+001
66  6.163300e+001
67  6.128500e+001
68  0.000000e+000
69  3.688000e+000
70  4.383000e+000
71  2.823000e+000
72  2.000000e-003
73  4.074000e+000
74  2.202800e+001
75  3.609900e+001
76  4.773000e+001
77  4.721900e+001
78  4.121300e+001
79  4.586700e+001
80  1.000000e+000
81  1.100000e+000
82  1.577400e+001
83  1.489400e+001
84  1.111800e+001
85  6.444000e+000
86  1.929900e+001
87  2.886100e+001
88  3.449500e+001
89  3.656700e+001
90  2.864900e+001
91  1.698700e+001
92  0.000000e+000
93  4.000000e-001
94  9.162000e+000
95  2.167000e+001
96  1.927200e+001
97  7.359000e+000
98  1.444800e+001
99  3.851500e+001
100  4.071600e+001
101  3.824200e+001
102  5.478700e+001
103  2.779300e+001
104  1.200000e+000
105  8.000000e-001
106  4.597000e+000
107  1.133100e+001
108  1.173800e+001
109  1.441200e+001
110  2.213100e+001
111  2.023000e+001
112  3.443800e+001
113  3.012800e+001
114  1.211000e+000
115  3.799000e+000
116  1.794700e+001
117  2.400000e-001
118  5.094000e+000
119  9.816000e+000
120  1.259900e+001
121  1.222400e+001
122  2.403600e+001
123  3.699300e+001
124  4.324500e+001
125  2.924100e+001
126  4.924000e+001
127  7.666000e+000
128  1.999000e+000
129  1.935400e+001
130  2.511800e+001
131  1.826700e+001
132  1.657600e+001
133  1.235000e+001
134  1.537700e+001
135  2.439100e+001
136  3.402200e+001
137  3.295000e+001
138  2.552200e+001
139  2.657900e+001
140  2.000000e-001
141  0.000000e+000
142  2.110000e+001
143  1.530500e+001
144  1.391900e+001
