   1 
1  7.613000e+000
2  1.737900e+001
3  3.889900e+001
4  5.092200e+001
5  4.158700e+001
6  6.605800e+001
7  0.000000e+000
8  0.000000e+000
9  0.000000e+000
10  9.127000e+000
11  8.593000e+000
12  8.842000e+000
13  9.158000e+000
14  1.839500e+001
15  3.960300e+001
16  5.227000e+001
17  4.567900e+001
18  6.716600e+001
19  7.287000e+000
20  0.000000e+000
21  0.000000e+000
22  1.059500e+001
23  8.725000e+000
24  1.028600e+001
25  4.867000e+000
26  1.752200e+001
27  3.394500e+001
28  4.204800e+001
29  5.674500e+001
30  5.822200e+001
31  3.997100e+001
32  3.999000e+000
33  3.599000e+000
34  0.000000e+000
35  8.891000e+000
36  1.432700e+001
37  1.102300e+001
38  1.985400e+001
39  3.702800e+001
40  3.421200e+001
41  6.035000e+001
42  8.420000e+001
43  2.289900e+001
44  5.599000e+000
45  0.000000e+000
46  4.541000e+000
47  1.743600e+001
48  1.086300e+001
49  2.033800e+001
50  2.321600e+001
51  4.182100e+001
52  3.685100e+001
53  5.033100e+001
54  6.060200e+001
55  0.000000e+000
56  0.000000e+000
57  2.290000e+000
58  1.300100e+001
59  2.180900e+001
60  9.809000e+000
61  1.517600e+001
62  1.750600e+001
63  2.453200e+001
64  4.567400e+001
65  5.571400e+001
66  5.467700e+001
67  2.000000e+000
68  0.000000e+000
69  6.444000e+000
70  6.250000e+000
71  5.384000e+000
72  2.180000e-001
73  9.688000e+000
74  1.731600e+001
75  3.626600e+001
76  4.595500e+001
77  5.239200e+001
78  4.081300e+001
79  0.000000e+000
80  0.000000e+000
81  3.504000e+000
82  1.020100e+001
83  1.172300e+001
84  1.108500e+001
85  7.627000e+000
86  1.735500e+001
87  2.747000e+001
88  2.358700e+001
89  4.574900e+001
90  7.396500e+001
91  3.738600e+001
92  0.000000e+000
93  4.299000e+000
94  3.164000e+000
95  2.065700e+001
96  1.504000e+001
97  6.573000e+000
98  1.150400e+001
99  3.643400e+001
100  3.984800e+001
101  5.287900e+001
102  7.936000e+001
103  1.129800e+001
104  1.299600e+001
105  3.200000e+000
106  5.430000e+000
107  7.556000e+000
108  4.559000e+000
109  1.546500e+001
110  1.928600e+001
111  1.816800e+001
112  3.010700e+001
113  3.858800e+001
114  3.000000e-001
115  4.999000e+000
116  7.898000e+000
117  1.998000e+000
118  4.528000e+000
119  1.672300e+001
120  9.505000e+000
121  1.432200e+001
122  1.558200e+001
123  3.195200e+001
124  3.888400e+001
125  4.784300e+001
126  4.086100e+001
127  2.300000e+000
128  1.000000e-001
129  1.993000e+000
130  9.306000e+000
131  1.827400e+001
132  1.514600e+001
133  1.240100e+001
134  1.135400e+001
135  2.822300e+001
136  3.111300e+001
137  5.105000e+001
138  6.479000e+000
139  1.000000e+000
140  1.000000e+000
141  3.896000e+000
142  7.009000e+000
143  1.007300e+001
144  1.777000e+001
   2 
1  7.401000e+000
2  1.684900e+001
3  3.419500e+001
4  3.845900e+001
5  3.072500e+001
6  2.781100e+001
7  0.000000e+000
8  0.000000e+000
9  0.000000e+000
10  9.197000e+000
11  8.189000e+000
12  7.694000e+000
13  8.483000e+000
14  1.731900e+001
15  3.772300e+001
16  4.091700e+001
17  3.254000e+001
18  4.248100e+001
19  2.000000e+000
20  0.000000e+000
21  0.000000e+000
22  1.030300e+001
23  8.531000e+000
24  1.007400e+001
25  4.767000e+000
26  1.744300e+001
27  2.842400e+001
28  2.914900e+001
29  4.166200e+001
30  5.212900e+001
31  3.404000e+000
32  3.999000e+000
33  3.599000e+000
34  0.000000e+000
35  8.876000e+000
36  1.116100e+001
37  1.067400e+001
38  1.850500e+001
39  3.394100e+001
40  2.692600e+001
41  4.651500e+001
42  4.963900e+001
43  3.000000e+000
44  5.599000e+000
45  0.000000e+000
46  4.426000e+000
47  1.699900e+001
48  1.064000e+001
49  1.927900e+001
50  1.915200e+001
51  3.249600e+001
52  3.017700e+001
53  3.715700e+001
54  4.433700e+001
55  0.000000e+000
56  0.000000e+000
57  2.294000e+000
58  1.315400e+001
59  2.078000e+001
60  9.150000e+000
61  1.393500e+001
62  1.491700e+001
63  2.125000e+001
64  3.642900e+001
65  4.822400e+001
66  8.079000e+000
67  2.000000e+000
68  0.000000e+000
69  6.388000e+000
70  6.280000e+000
71  5.421000e+000
72  2.080000e-001
73  9.455000e+000
74  1.567700e+001
75  3.485400e+001
76  4.165500e+001
77  4.454100e+001
78  8.511000e+000
79  0.000000e+000
80  0.000000e+000
81  3.486000e+000
82  9.968000e+000
83  1.052800e+001
84  9.980000e+000
85  7.189000e+000
86  1.674600e+001
87  2.635000e+001
88  2.155800e+001
89  3.836900e+001
90  4.420200e+001
91  2.457400e+001
92  0.000000e+000
93  4.299000e+000
94  3.164000e+000
95  2.036800e+001
96  1.454300e+001
97  6.401000e+000
98  1.141300e+001
99  3.203800e+001
100  2.993600e+001
101  3.948800e+001
102  4.126500e+001
103  1.129800e+001
104  1.263100e+001
105  3.200000e+000
106  5.428000e+000
107  7.265000e+000
108  4.364000e+000
109  1.460600e+001
110  1.837900e+001
111  1.762400e+001
112  2.837300e+001
113  2.708600e+001
114  3.000000e-001
115  4.999000e+000
116  7.898000e+000
117  1.998000e+000
118  4.537000e+000
119  1.370300e+001
120  8.596000e+000
121  1.381500e+001
122  1.499600e+001
123  2.972800e+001
124  3.282000e+001
125  3.691800e+001
126  8.398000e+000
127  2.300000e+000
128  1.000000e-001
129  1.993000e+000
130  9.308000e+000
131  1.437000e+001
132  1.438800e+001
133  1.206500e+001
134  1.093300e+001
135  2.340100e+001
136  2.697600e+001
137  4.007100e+001
138  0.000000e+000
139  1.000000e+000
140  1.000000e+000
141  3.893000e+000
142  7.010000e+000
143  9.611000e+000
144  1.730500e+001
   3 
1  7.613000e+000
2  1.734900e+001
3  3.856800e+001
4  5.088700e+001
5  4.157700e+001
6  6.602400e+001
7  0.000000e+000
8  0.000000e+000
9  0.000000e+000
10  9.124000e+000
11  8.590000e+000
12  8.840000e+000
13  9.159000e+000
14  1.839600e+001
15  3.959900e+001
16  5.221500e+001
17  4.550400e+001
18  6.884600e+001
19  5.540000e+000
20  0.000000e+000
21  0.000000e+000
22  1.057300e+001
23  8.710000e+000
24  1.025500e+001
25  4.869000e+000
26  1.751300e+001
27  3.376400e+001
28  4.196700e+001
29  5.671600e+001
30  5.842400e+001
31  3.974600e+001
32  3.999000e+000
33  3.599000e+000
34  0.000000e+000
35  8.987000e+000
36  1.432000e+001
37  1.101400e+001
38  1.983200e+001
39  3.692100e+001
40  3.403500e+001
41  6.029400e+001
42  8.446600e+001
43  2.257200e+001
44  5.599000e+000
45  0.000000e+000
46  4.542000e+000
47  1.743100e+001
48  1.086000e+001
49  2.033500e+001
50  2.296700e+001
51  4.178500e+001
52  3.684300e+001
53  5.032900e+001
54  6.059700e+001
55  0.000000e+000
56  0.000000e+000
57  2.290000e+000
58  1.300700e+001
59  2.180500e+001
60  9.805000e+000
61  1.516800e+001
62  1.749600e+001
63  2.451500e+001
64  4.564300e+001
65  5.566200e+001
66  5.439900e+001
67  2.000000e+000
68  0.000000e+000
69  6.444000e+000
70  6.250000e+000
71  5.384000e+000
72  2.180000e-001
73  9.688000e+000
74  1.731600e+001
75  3.626600e+001
76  4.595500e+001
77  5.239200e+001
78  4.081300e+001
79  0.000000e+000
80  0.000000e+000
81  3.504000e+000
82  1.020100e+001
83  1.172300e+001
84  1.108500e+001
85  7.627000e+000
86  1.734000e+001
87  2.734700e+001
88  2.350100e+001
89  4.567400e+001
90  7.296600e+001
91  3.738600e+001
92  0.000000e+000
93  4.299000e+000
94  3.164000e+000
95  2.065700e+001
96  1.504000e+001
97  6.573000e+000
98  1.150200e+001
99  3.634800e+001
100  3.981200e+001
101  5.277900e+001
102  7.917600e+001
103  1.129800e+001
104  1.299600e+001
105  3.200000e+000
106  5.429000e+000
107  7.555000e+000
108  4.559000e+000
109  1.546500e+001
110  1.928500e+001
111  1.816800e+001
112  3.010700e+001
113  3.859200e+001
114  3.000000e-001
115  4.999000e+000
116  7.898000e+000
117  1.998000e+000
118  4.528000e+000
119  1.672300e+001
120  9.505000e+000
121  1.432200e+001
122  1.558200e+001
123  3.192000e+001
124  3.875700e+001
125  4.773100e+001
126  3.989000e+001
127  2.300000e+000
128  1.000000e-001
129  1.993000e+000
130  9.306000e+000
131  1.827400e+001
132  1.514700e+001
133  1.240100e+001
134  1.135400e+001
135  2.822300e+001
136  3.111200e+001
137  5.104900e+001
138  6.479000e+000
139  1.000000e+000
140  1.000000e+000
141  3.896000e+000
142  7.009000e+000
143  1.007300e+001
144  1.777000e+001
   4 
1  7.613000e+000
2  1.740100e+001
3  3.898900e+001
4  5.094100e+001
5  4.159000e+001
6  6.606700e+001
7  0.000000e+000
8  0.000000e+000
9  0.000000e+000
10  9.130000e+000
11  8.597000e+000
12  8.845000e+000
13  9.158000e+000
14  1.839700e+001
15  3.961800e+001
16  5.232100e+001
17  4.571000e+001
18  6.672900e+001
19  7.743000e+000
20  0.000000e+000
21  0.000000e+000
22  1.060100e+001
23  8.728000e+000
24  1.029400e+001
25  4.867000e+000
26  1.752500e+001
27  3.403500e+001
28  4.209300e+001
29  5.675500e+001
30  5.812700e+001
31  4.007300e+001
32  3.999000e+000
33  3.599000e+000
34  0.000000e+000
35  8.873000e+000
36  1.432900e+001
37  1.102600e+001
38  1.985700e+001
39  3.706300e+001
40  3.427200e+001
41  6.037300e+001
42  8.408800e+001
43  2.302500e+001
44  5.599000e+000
45  0.000000e+000
46  4.541000e+000
47  1.743600e+001
48  1.086300e+001
49  2.033900e+001
50  2.332300e+001
51  4.183600e+001
52  3.685400e+001
53  5.033100e+001
54  6.060400e+001
55  0.000000e+000
56  0.000000e+000
57  2.290000e+000
58  1.299700e+001
59  2.180700e+001
60  9.808000e+000
61  1.517700e+001
62  1.750700e+001
63  2.453300e+001
64  4.567600e+001
65  5.571600e+001
66  5.468900e+001
67  2.000000e+000
68  0.000000e+000
69  6.444000e+000
70  6.250000e+000
71  5.384000e+000
72  2.180000e-001
73  9.688000e+000
74  1.731600e+001
75  3.626600e+001
76  4.595500e+001
77  5.239200e+001
78  4.081300e+001
79  0.000000e+000
80  0.000000e+000
81  3.504000e+000
82  1.020100e+001
83  1.172300e+001
84  1.108500e+001
85  7.627000e+000
86  1.736300e+001
87  2.749100e+001
88  2.362400e+001
89  4.579700e+001
90  7.462400e+001
91  3.738600e+001
92  0.000000e+000
93  4.299000e+000
94  3.164000e+000
95  2.065600e+001
96  1.504000e+001
97  6.573000e+000
98  1.150500e+001
99  3.649800e+001
100  3.986400e+001
101  5.291900e+001
102  7.943300e+001
103  1.129800e+001
104  1.299600e+001
105  3.200000e+000
106  5.431000e+000
107  7.557000e+000
108  4.560000e+000
109  1.546500e+001
110  1.928600e+001
111  1.816800e+001
112  3.010700e+001
113  3.858600e+001
114  3.000000e-001
115  4.999000e+000
116  7.898000e+000
117  1.998000e+000
118  4.528000e+000
119  1.672300e+001
120  9.505000e+000
121  1.432200e+001
122  1.558200e+001
123  3.196900e+001
124  3.895200e+001
125  4.790300e+001
126  4.136200e+001
127  2.300000e+000
128  1.000000e-001
129  1.993000e+000
130  9.306000e+000
131  1.827400e+001
132  1.514600e+001
133  1.240100e+001
134  1.135400e+001
135  2.822300e+001
136  3.111300e+001
137  5.105100e+001
138  6.477000e+000
139  1.000000e+000
140  1.000000e+000
141  3.896000e+000
142  7.009000e+000
143  1.007300e+001
144  1.777000e+001
   5 
1  7.575000e+000
2  1.720900e+001
3  3.771300e+001
4  5.012200e+001
5  4.095100e+001
6  6.486400e+001
7  0.000000e+000
8  0.000000e+000
9  0.000000e+000
10  9.124000e+000
11  8.590000e+000
12  8.840000e+000
13  9.159000e+000
14  1.839200e+001
15  3.953800e+001
16  5.195300e+001
17  4.430600e+001
18  7.154100e+001
19  2.446000e+000
20  0.000000e+000
21  0.000000e+000
22  1.053000e+001
23  8.662000e+000
24  1.015300e+001
25  4.863000e+000
26  1.748500e+001
27  3.300000e+001
28  4.157300e+001
29  5.634300e+001
30  5.895000e+001
31  3.889700e+001
32  3.999000e+000
33  3.599000e+000
34  0.000000e+000
35  9.375000e+000
36  1.428900e+001
37  1.097700e+001
38  1.950400e+001
39  3.638600e+001
40  3.312500e+001
41  5.973500e+001
42  8.487900e+001
43  2.024300e+001
44  5.599000e+000
45  0.000000e+000
46  4.546000e+000
47  1.741200e+001
48  1.088600e+001
49  2.031500e+001
50  2.198500e+001
51  4.130000e+001
52  3.676100e+001
53  5.007300e+001
54  6.054700e+001
55  0.000000e+000
56  0.000000e+000
57  2.291000e+000
58  1.305100e+001
59  2.177100e+001
60  9.759000e+000
61  1.507800e+001
62  1.736600e+001
63  2.430200e+001
64  4.522700e+001
65  5.510200e+001
66  5.109100e+001
67  2.000000e+000
68  0.000000e+000
69  6.443000e+000
70  6.250000e+000
71  5.385000e+000
72  2.190000e-001
73  9.688000e+000
74  1.731600e+001
75  3.626500e+001
76  4.592100e+001
77  5.228600e+001
78  4.022100e+001
79  0.000000e+000
80  0.000000e+000
81  3.504000e+000
82  1.020000e+001
83  1.172200e+001
84  1.108500e+001
85  7.627000e+000
86  1.726000e+001
87  2.721000e+001
88  2.327500e+001
89  4.536000e+001
90  6.827700e+001
91  3.733700e+001
92  0.000000e+000
93  4.299000e+000
94  3.164000e+000
95  2.066000e+001
96  1.504200e+001
97  6.572000e+000
98  1.150400e+001
99  3.606000e+001
100  3.961300e+001
101  5.212600e+001
102  7.804200e+001
103  1.129800e+001
104  1.299600e+001
105  3.200000e+000
106  5.427000e+000
107  7.552000e+000
108  4.558000e+000
109  1.546400e+001
110  1.928500e+001
111  1.816800e+001
112  3.010800e+001
113  3.859800e+001
114  3.000000e-001
115  4.999000e+000
116  7.898000e+000
117  1.998000e+000
118  4.528000e+000
119  1.672300e+001
120  9.505000e+000
121  1.432200e+001
122  1.558200e+001
123  3.178400e+001
124  3.823300e+001
125  4.725500e+001
126  3.541700e+001
127  2.300000e+000
128  1.000000e-001
129  1.993000e+000
130  9.307000e+000
131  1.827500e+001
132  1.514800e+001
133  1.239900e+001
134  1.135200e+001
135  2.821900e+001
136  3.110800e+001
137  5.103600e+001
138  6.403000e+000
139  1.000000e+000
140  1.000000e+000
141  3.896000e+000
142  7.009000e+000
143  1.007300e+001
144  1.777100e+001
   6 
1  7.613000e+000
2  1.737800e+001
3  3.889000e+001
4  5.092100e+001
5  4.158600e+001
6  6.605700e+001
7  0.000000e+000
8  0.000000e+000
9  0.000000e+000
10  9.126000e+000
11  8.593000e+000
12  8.842000e+000
13  9.158000e+000
14  1.839500e+001
15  3.960200e+001
16  5.226700e+001
17  4.567400e+001
18  6.719700e+001
19  7.255000e+000
20  0.000000e+000
21  0.000000e+000
22  1.059500e+001
23  8.724000e+000
24  1.028600e+001
25  4.867000e+000
26  1.752200e+001
27  3.393700e+001
28  4.204400e+001
29  5.674400e+001
30  5.822900e+001
31  3.996400e+001
32  3.999000e+000
33  3.599000e+000
34  0.000000e+000
35  8.894000e+000
36  1.432700e+001
37  1.102300e+001
38  1.985400e+001
39  3.702400e+001
40  3.420500e+001
41  6.034700e+001
42  8.420700e+001
43  2.289000e+001
44  5.599000e+000
45  0.000000e+000
46  4.541000e+000
47  1.743600e+001
48  1.086300e+001
49  2.033800e+001
50  2.320400e+001
51  4.181900e+001
52  3.685100e+001
53  5.033000e+001
54  6.060200e+001
55  0.000000e+000
56  0.000000e+000
57  2.290000e+000
58  1.300100e+001
59  2.180900e+001
60  9.809000e+000
61  1.517600e+001
62  1.750600e+001
63  2.453200e+001
64  4.567400e+001
65  5.571300e+001
66  5.467200e+001
67  2.000000e+000
68  0.000000e+000
69  6.444000e+000
70  6.250000e+000
71  5.384000e+000
72  2.180000e-001
73  9.688000e+000
74  1.731600e+001
75  3.626600e+001
76  4.595500e+001
77  5.239200e+001
78  4.081300e+001
79  0.000000e+000
80  0.000000e+000
81  3.504000e+000
82  1.020100e+001
83  1.172300e+001
84  1.108500e+001
85  7.627000e+000
86  1.735400e+001
87  2.746900e+001
88  2.358500e+001
89  4.574600e+001
90  7.391500e+001
91  3.738600e+001
92  0.000000e+000
93  4.299000e+000
94  3.164000e+000
95  2.065700e+001
96  1.504000e+001
97  6.573000e+000
98  1.150400e+001
99  3.643000e+001
100  3.984700e+001
101  5.287500e+001
102  7.935300e+001
103  1.129800e+001
104  1.299600e+001
105  3.200000e+000
106  5.430000e+000
107  7.556000e+000
108  4.559000e+000
109  1.546500e+001
110  1.928600e+001
111  1.816800e+001
112  3.010700e+001
113  3.858800e+001
114  3.000000e-001
115  4.999000e+000
116  7.898000e+000
117  1.998000e+000
118  4.528000e+000
119  1.672300e+001
120  9.505000e+000
121  1.432200e+001
122  1.558200e+001
123  3.195100e+001
124  3.887900e+001
125  4.783800e+001
126  4.082000e+001
127  2.300000e+000
128  1.000000e-001
129  1.993000e+000
130  9.306000e+000
131  1.827400e+001
132  1.514600e+001
133  1.240100e+001
134  1.135400e+001
135  2.822300e+001
136  3.111300e+001
137  5.105000e+001
138  6.479000e+000
139  1.000000e+000
140  1.000000e+000
141  3.896000e+000
142  7.009000e+000
143  1.007300e+001
144  1.777000e+001
   7 
1  7.613000e+000
2  1.740700e+001
3  3.900900e+001
4  5.094600e+001
5  4.159100e+001
6  6.607000e+001
7  0.000000e+000
8  0.000000e+000
9  0.000000e+000
10  9.131000e+000
11  8.598000e+000
12  8.846000e+000
13  9.158000e+000
14  1.839700e+001
15  3.962200e+001
16  5.233400e+001
17  4.571100e+001
18  6.661300e+001
19  7.861000e+000
20  0.000000e+000
21  0.000000e+000
22  1.060200e+001
23  8.729000e+000
24  1.029600e+001
25  4.866000e+000
26  1.752600e+001
27  3.405300e+001
28  4.210400e+001
29  5.675600e+001
30  5.810100e+001
31  4.010000e+001
32  3.999000e+000
33  3.599000e+000
34  0.000000e+000
35  8.862000e+000
36  1.432900e+001
37  1.102700e+001
38  1.985800e+001
39  3.706800e+001
40  3.427900e+001
41  6.037700e+001
42  8.406600e+001
43  2.305000e+001
44  5.599000e+000
45  0.000000e+000
46  4.541000e+000
47  1.743700e+001
48  1.086300e+001
49  2.033900e+001
50  2.334700e+001
51  4.183900e+001
52  3.685500e+001
53  5.033100e+001
54  6.060400e+001
55  0.000000e+000
56  0.000000e+000
57  2.290000e+000
58  1.299600e+001
59  2.180700e+001
60  9.808000e+000
61  1.517700e+001
62  1.750700e+001
63  2.453300e+001
64  4.567600e+001
65  5.571600e+001
66  5.469000e+001
67  2.000000e+000
68  0.000000e+000
69  6.444000e+000
70  6.250000e+000
71  5.384000e+000
72  2.180000e-001
73  9.688000e+000
74  1.731600e+001
75  3.626600e+001
76  4.595500e+001
77  5.239200e+001
78  4.081300e+001
79  0.000000e+000
80  0.000000e+000
81  3.504000e+000
82  1.020100e+001
83  1.172300e+001
84  1.108500e+001
85  7.627000e+000
86  1.736500e+001
87  2.749600e+001
88  2.363400e+001
89  4.580800e+001
90  7.478400e+001
91  3.738600e+001
92  0.000000e+000
93  4.299000e+000
94  3.164000e+000
95  2.065600e+001
96  1.504000e+001
97  6.573000e+000
98  1.150500e+001
99  3.651700e+001
100  3.986600e+001
101  5.292400e+001
102  7.944400e+001
103  1.129800e+001
104  1.299600e+001
105  3.200000e+000
106  5.431000e+000
107  7.558000e+000
108  4.560000e+000
109  1.546500e+001
110  1.928600e+001
111  1.816800e+001
112  3.010700e+001
113  3.858600e+001
114  3.000000e-001
115  4.999000e+000
116  7.898000e+000
117  1.998000e+000
118  4.528000e+000
119  1.672300e+001
120  9.505000e+000
121  1.432200e+001
122  1.558200e+001
123  3.197300e+001
124  3.896700e+001
125  4.791600e+001
126  4.147100e+001
127  2.300000e+000
128  1.000000e-001
129  1.993000e+000
130  9.306000e+000
131  1.827400e+001
132  1.514600e+001
133  1.240100e+001
134  1.135400e+001
135  2.822300e+001
136  3.111300e+001
137  5.105200e+001
138  6.477000e+000
139  1.000000e+000
140  1.000000e+000
141  3.896000e+000
142  7.009000e+000
143  1.007300e+001
144  1.777000e+001
   8 
1  7.603000e+000
2  1.729700e+001
3  3.813900e+001
4  5.073300e+001
5  4.147900e+001
6  6.594400e+001
7  0.000000e+000
8  0.000000e+000
9  0.000000e+000
10  9.124000e+000
11  8.590000e+000
12  8.840000e+000
13  9.159000e+000
14  1.839900e+001
15  3.958500e+001
16  5.211300e+001
17  4.505200e+001
18  7.070100e+001
19  3.534000e+000
20  0.000000e+000
21  0.000000e+000
22  1.054700e+001
23  8.680000e+000
24  1.019400e+001
25  4.872000e+000
26  1.749600e+001
27  3.344400e+001
28  4.182900e+001
29  5.663200e+001
30  5.871700e+001
31  3.937700e+001
32  3.999000e+000
33  3.599000e+000
34  0.000000e+000
35  9.139000e+000
36  1.430900e+001
37  1.100000e+001
38  1.973500e+001
39  3.667500e+001
40  3.360800e+001
41  6.017200e+001
42  8.483600e+001
43  2.188100e+001
44  5.599000e+000
45  0.000000e+000
46  4.544000e+000
47  1.743400e+001
48  1.088600e+001
49  2.032800e+001
50  2.258700e+001
51  4.162300e+001
52  3.682100e+001
53  5.029700e+001
54  6.058300e+001
55  0.000000e+000
56  0.000000e+000
57  2.290000e+000
58  1.302500e+001
59  2.179200e+001
60  9.792000e+000
61  1.514100e+001
62  1.745700e+001
63  2.445100e+001
64  4.552200e+001
65  5.548100e+001
66  5.339200e+001
67  2.000000e+000
68  0.000000e+000
69  6.443000e+000
70  6.243000e+000
71  5.391000e+000
72  2.200000e-001
73  9.688000e+000
74  1.731600e+001
75  3.626600e+001
76  4.595500e+001
77  5.239100e+001
78  4.080500e+001
79  0.000000e+000
80  0.000000e+000
81  3.504000e+000
82  1.020100e+001
83  1.172200e+001
84  1.108500e+001
85  7.627000e+000
86  1.731100e+001
87  2.729000e+001
88  2.340000e+001
89  4.554300e+001
90  7.097700e+001
91  3.738600e+001
92  0.000000e+000
93  4.299000e+000
94  3.164000e+000
95  2.065800e+001
96  1.504000e+001
97  6.572000e+000
98  1.149700e+001
99  3.622600e+001
100  3.973900e+001
101  5.256200e+001
102  7.878000e+001
103  1.129800e+001
104  1.299600e+001
105  3.200000e+000
106  5.427000e+000
107  7.553000e+000
108  4.558000e+000
109  1.546400e+001
110  1.928500e+001
111  1.816800e+001
112  3.010800e+001
113  3.859700e+001
114  3.000000e-001
115  4.999000e+000
116  7.898000e+000
117  1.998000e+000
118  4.528000e+000
119  1.672300e+001
120  9.505000e+000
121  1.432200e+001
122  1.558200e+001
123  3.186200e+001
124  3.853200e+001
125  4.753100e+001
126  3.806800e+001
127  2.300000e+000
128  1.000000e-001
129  1.993000e+000
130  9.306000e+000
131  1.827400e+001
132  1.514700e+001
133  1.240100e+001
134  1.135400e+001
135  2.822300e+001
136  3.111200e+001
137  5.104700e+001
138  6.481000e+000
139  1.000000e+000
140  1.000000e+000
141  3.896000e+000
142  7.009000e+000
143  1.007300e+001
144  1.777000e+001
   9 
1  7.613000e+000
2  1.742700e+001
3  3.907000e+001
4  5.095500e+001
5  4.159500e+001
6  6.608000e+001
7  0.000000e+000
8  0.000000e+000
9  0.000000e+000
10  9.135000e+000
11  8.603000e+000
12  8.850000e+000
13  9.159000e+000
14  1.839900e+001
15  3.963300e+001
16  5.236900e+001
17  4.571500e+001
18  6.628300e+001
19  8.195000e+000
20  0.000000e+000
21  0.000000e+000
22  1.060600e+001
23  8.731000e+000
24  1.030100e+001
25  4.866000e+000
26  1.752800e+001
27  3.408500e+001
28  4.213100e+001
29  5.675900e+001
30  5.802500e+001
31  4.017700e+001
32  3.999000e+000
33  3.599000e+000
34  0.000000e+000
35  8.833000e+000
36  1.433200e+001
37  1.102900e+001
38  1.985900e+001
39  3.707300e+001
40  3.428500e+001
41  6.038300e+001
42  8.400900e+001
43  2.311100e+001
44  5.599000e+000
45  0.000000e+000
46  4.541000e+000
47  1.743700e+001
48  1.084600e+001
49  2.034000e+001
50  2.339600e+001
51  4.184400e+001
52  3.685500e+001
53  5.033100e+001
54  6.060400e+001
55  0.000000e+000
56  0.000000e+000
57  2.290000e+000
58  1.299400e+001
59  2.180600e+001
60  9.808000e+000
61  1.517700e+001
62  1.750700e+001
63  2.453300e+001
64  4.567600e+001
65  5.571600e+001
66  5.469200e+001
67  2.000000e+000
68  0.000000e+000
69  6.444000e+000
70  6.250000e+000
71  5.384000e+000
72  2.180000e-001
73  9.688000e+000
74  1.731600e+001
75  3.626600e+001
76  4.595500e+001
77  5.239200e+001
78  4.081300e+001
79  0.000000e+000
80  0.000000e+000
81  3.504000e+000
82  1.020100e+001
83  1.172300e+001
84  1.108500e+001
85  7.627000e+000
86  1.737000e+001
87  2.750800e+001
88  2.365600e+001
89  4.583600e+001
90  7.516700e+001
91  3.738600e+001
92  0.000000e+000
93  4.299000e+000
94  3.164000e+000
95  2.065600e+001
96  1.503900e+001
97  6.573000e+000
98  1.150500e+001
99  3.657200e+001
100  3.986900e+001
101  5.292800e+001
102  7.937200e+001
103  1.137700e+001
104  1.299600e+001
105  3.200000e+000
106  5.432000e+000
107  7.558000e+000
108  4.560000e+000
109  1.546600e+001
110  1.928600e+001
111  1.816700e+001
112  3.010700e+001
113  3.858400e+001
114  3.000000e-001
115  4.999000e+000
116  7.898000e+000
117  1.998000e+000
118  4.528000e+000
119  1.672300e+001
120  9.505000e+000
121  1.432200e+001
122  1.558200e+001
123  3.198100e+001
124  3.899700e+001
125  4.794100e+001
126  4.168800e+001
127  2.300000e+000
128  1.000000e-001
129  1.993000e+000
130  9.306000e+000
131  1.827400e+001
132  1.514600e+001
133  1.240100e+001
134  1.135400e+001
135  2.822300e+001
136  3.111300e+001
137  5.105200e+001
138  6.477000e+000
139  1.000000e+000
140  1.000000e+000
141  3.896000e+000
142  7.009000e+000
143  1.007300e+001
144  1.777000e+001
   10 
1  7.613000e+000
2  1.740900e+001
3  3.901600e+001
4  5.094700e+001
5  4.159100e+001
6  6.607100e+001
7  0.000000e+000
8  0.000000e+000
9  0.000000e+000
10  9.132000e+000
11  8.599000e+000
12  8.847000e+000
13  9.158000e+000
14  1.839700e+001
15  3.962300e+001
16  5.233800e+001
17  4.571200e+001
18  6.657300e+001
19  7.901000e+000
20  0.000000e+000
21  0.000000e+000
22  1.060200e+001
23  8.729000e+000
24  1.029700e+001
25  4.866000e+000
26  1.752700e+001
27  3.405900e+001
28  4.210800e+001
29  5.675600e+001
30  5.809200e+001
31  4.010900e+001
32  3.999000e+000
33  3.599000e+000
34  0.000000e+000
35  8.859000e+000
36  1.433000e+001
37  1.102700e+001
38  1.985800e+001
39  3.706900e+001
40  3.428100e+001
41  6.037900e+001
42  8.405900e+001
43  2.305700e+001
44  5.599000e+000
45  0.000000e+000
46  4.541000e+000
47  1.743700e+001
48  1.085500e+001
49  2.033900e+001
50  2.335400e+001
51  4.184000e+001
52  3.685500e+001
53  5.033100e+001
54  6.060400e+001
55  0.000000e+000
56  0.000000e+000
57  2.290000e+000
58  1.299600e+001
59  2.180700e+001
60  9.808000e+000
61  1.517700e+001
62  1.750700e+001
63  2.453300e+001
64  4.567600e+001
65  5.571600e+001
66  5.469000e+001
67  2.000000e+000
68  0.000000e+000
69  6.444000e+000
70  6.250000e+000
71  5.384000e+000
72  2.180000e-001
73  9.688000e+000
74  1.731600e+001
75  3.626600e+001
76  4.595500e+001
77  5.239200e+001
78  4.081300e+001
79  0.000000e+000
80  0.000000e+000
81  3.504000e+000
82  1.020100e+001
83  1.172300e+001
84  1.108500e+001
85  7.627000e+000
86  1.736500e+001
87  2.749800e+001
88  2.363700e+001
89  4.581200e+001
90  7.483600e+001
91  3.738600e+001
92  0.000000e+000
93  4.299000e+000
94  3.164000e+000
95  2.065600e+001
96  1.504000e+001
97  6.573000e+000
98  1.150500e+001
99  3.652300e+001
100  3.986700e+001
101  5.292600e+001
102  7.944600e+001
103  1.129800e+001
104  1.299600e+001
105  3.200000e+000
106  5.431000e+000
107  7.558000e+000
108  4.560000e+000
109  1.546500e+001
110  1.928600e+001
111  1.816800e+001
112  3.010700e+001
113  3.858500e+001
114  3.000000e-001
115  4.999000e+000
116  7.898000e+000
117  1.998000e+000
118  4.528000e+000
119  1.672300e+001
120  9.505000e+000
121  1.432200e+001
122  1.558200e+001
123  3.197400e+001
124  3.897200e+001
125  4.792000e+001
126  4.150500e+001
127  2.300000e+000
128  1.000000e-001
129  1.993000e+000
130  9.306000e+000
131  1.827400e+001
132  1.514600e+001
133  1.240100e+001
134  1.135400e+001
135  2.822300e+001
136  3.111300e+001
137  5.105200e+001
138  6.477000e+000
139  1.000000e+000
140  1.000000e+000
141  3.896000e+000
142  7.009000e+000
143  1.007300e+001
144  1.777000e+001
   11 
1  7.483000e+000
2  1.691400e+001
3  3.615300e+001
4  4.470900e+001
5  3.561600e+001
6  4.614000e+001
7  0.000000e+000
8  0.000000e+000
9  0.000000e+000
10  9.182000e+000
11  8.655000e+000
12  8.862000e+000
13  9.014000e+000
14  1.810500e+001
15  3.914100e+001
16  4.936500e+001
17  3.939400e+001
18  6.889000e+001
19  2.000000e+000
20  0.000000e+000
21  0.000000e+000
22  1.053200e+001
23  8.663000e+000
24  1.009000e+001
25  4.802000e+000
26  1.744700e+001
27  3.013200e+001
28  3.661500e+001
29  5.060100e+001
30  5.567700e+001
31  1.904100e+001
32  3.999000e+000
33  3.599000e+000
34  0.000000e+000
35  9.330000e+000
36  1.339400e+001
37  1.085800e+001
38  1.862000e+001
39  3.488900e+001
40  2.993600e+001
41  5.361300e+001
42  7.719900e+001
43  2.999000e+000
44  5.599000e+000
45  0.000000e+000
46  4.540000e+000
47  1.719900e+001
48  1.082400e+001
49  2.023700e+001
50  2.108700e+001
51  3.909100e+001
52  3.510400e+001
53  4.534200e+001
54  5.961700e+001
55  0.000000e+000
56  0.000000e+000
57  2.297000e+000
58  1.329200e+001
59  2.153800e+001
60  9.544000e+000
61  1.463400e+001
62  1.653300e+001
63  2.303800e+001
64  4.224200e+001
65  5.225300e+001
66  2.859200e+001
67  2.000000e+000
68  0.000000e+000
69  6.416000e+000
70  6.238000e+000
71  5.406000e+000
72  2.360000e-001
73  9.689000e+000
74  1.731700e+001
75  3.611100e+001
76  4.445000e+001
77  4.836400e+001
78  2.791500e+001
79  0.000000e+000
80  0.000000e+000
81  3.500000e+000
82  1.021900e+001
83  1.166700e+001
84  1.105600e+001
85  7.642000e+000
86  1.696200e+001
87  2.662500e+001
88  2.275600e+001
89  4.318700e+001
90  5.400000e+001
91  3.244900e+001
92  0.000000e+000
93  4.299000e+000
94  3.164000e+000
95  2.065100e+001
96  1.502500e+001
97  6.563000e+000
98  1.133400e+001
99  3.449700e+001
100  3.500500e+001
101  4.628800e+001
102  6.458400e+001
103  1.129800e+001
104  1.299600e+001
105  3.200000e+000
106  5.424000e+000
107  7.549000e+000
108  4.557000e+000
109  1.543300e+001
110  1.918400e+001
111  1.808100e+001
112  2.996500e+001
113  3.550500e+001
114  3.000000e-001
115  4.999000e+000
116  7.898000e+000
117  1.998000e+000
118  4.528000e+000
119  1.617800e+001
120  9.376000e+000
121  1.428100e+001
122  1.556100e+001
123  3.142100e+001
124  3.610800e+001
125  4.509500e+001
126  1.868000e+001
127  2.300000e+000
128  1.000000e-001
129  1.993000e+000
130  9.312000e+000
131  1.750400e+001
132  1.511700e+001
133  1.229800e+001
134  1.124800e+001
135  2.663800e+001
136  3.003500e+001
137  5.047100e+001
138  1.938000e+000
139  1.000000e+000
140  1.000000e+000
141  3.896000e+000
142  7.008000e+000
143  1.003100e+001
144  1.772500e+001
   12 
1  7.612000e+000
2  1.734400e+001
3  3.852200e+001
4  5.088100e+001
5  4.157500e+001
6  6.601700e+001
7  0.000000e+000
8  0.000000e+000
9  0.000000e+000
10  9.124000e+000
11  8.590000e+000
12  8.840000e+000
13  9.159000e+000
14  1.839700e+001
15  3.960000e+001
16  5.220900e+001
17  4.546800e+001
18  6.907100e+001
19  5.303000e+000
20  0.000000e+000
21  0.000000e+000
22  1.057500e+001
23  8.706000e+000
24  1.024800e+001
25  4.870000e+000
26  1.751200e+001
27  3.373400e+001
28  4.195400e+001
29  5.671100e+001
30  5.845300e+001
31  3.971100e+001
32  3.999000e+000
33  3.599000e+000
34  0.000000e+000
35  9.002000e+000
36  1.431900e+001
37  1.101300e+001
38  1.982500e+001
39  3.690100e+001
40  3.400100e+001
41  6.028400e+001
42  8.452700e+001
43  2.249500e+001
44  5.599000e+000
45  0.000000e+000
46  4.542000e+000
47  1.743100e+001
48  1.086000e+001
49  2.033500e+001
50  2.293000e+001
51  4.177800e+001
52  3.684100e+001
53  5.032900e+001
54  6.059600e+001
55  0.000000e+000
56  0.000000e+000
57  2.290000e+000
58  1.300800e+001
59  2.180400e+001
60  9.804000e+000
61  1.516600e+001
62  1.749300e+001
63  2.451000e+001
64  4.563500e+001
65  5.565000e+001
66  5.433200e+001
67  2.000000e+000
68  0.000000e+000
69  6.444000e+000
70  6.250000e+000
71  5.384000e+000
72  2.180000e-001
73  9.688000e+000
74  1.731600e+001
75  3.626600e+001
76  4.595500e+001
77  5.239200e+001
78  4.081300e+001
79  0.000000e+000
80  0.000000e+000
81  3.504000e+000
82  1.020100e+001
83  1.172300e+001
84  1.108500e+001
85  7.627000e+000
86  1.733800e+001
87  2.734200e+001
88  2.349200e+001
89  4.566200e+001
90  7.278900e+001
91  3.738600e+001
92  0.000000e+000
93  4.299000e+000
94  3.164000e+000
95  2.065700e+001
96  1.504000e+001
97  6.573000e+000
98  1.150100e+001
99  3.633700e+001
100  3.980600e+001
101  5.276100e+001
102  7.914300e+001
103  1.129800e+001
104  1.299600e+001
105  3.200000e+000
106  5.429000e+000
107  7.555000e+000
108  4.559000e+000
109  1.546500e+001
110  1.928500e+001
111  1.816800e+001
112  3.010800e+001
113  3.859200e+001
114  3.000000e-001
115  4.999000e+000
116  7.898000e+000
117  1.998000e+000
118  4.528000e+000
119  1.672300e+001
120  9.505000e+000
121  1.432200e+001
122  1.558200e+001
123  3.191400e+001
124  3.873700e+001
125  4.771300e+001
126  3.973100e+001
127  2.300000e+000
128  1.000000e-001
129  1.993000e+000
130  9.306000e+000
131  1.827400e+001
132  1.514700e+001
133  1.240100e+001
134  1.135400e+001
135  2.822300e+001
136  3.111200e+001
137  5.104900e+001
138  6.479000e+000
139  1.000000e+000
140  1.000000e+000
141  3.896000e+000
142  7.009000e+000
143  1.007300e+001
144  1.777000e+001
