   1 
1  6.708000e+000
2  8.168000e+000
3  4.073100e+001
4  3.777100e+001
5  3.550700e+001
6  4.355000e+001
7  2.680500e+001
8  0.000000e+000
9  0.000000e+000
10  6.810000e+000
11  1.334500e+001
12  6.751000e+000
13  2.393000e+000
14  6.316000e+000
15  3.690700e+001
16  3.994900e+001
17  1.959800e+001
18  3.292600e+001
19  3.419900e+001
20  0.000000e+000
21  0.000000e+000
22  2.855300e+001
23  1.511500e+001
24  9.889000e+000
25  2.440000e+000
26  4.291000e+000
27  1.657400e+001
28  4.650200e+001
29  5.002700e+001
30  3.988700e+001
31  6.039300e+001
32  7.403000e+000
33  2.595000e+000
34  0.000000e+000
35  1.614100e+001
36  1.438900e+001
37  6.873000e+000
38  1.494100e+001
39  2.939200e+001
40  4.424700e+001
41  6.083300e+001
42  4.610800e+001
43  4.780000e+001
44  3.000000e+000
45  0.000000e+000
46  4.947000e+000
47  2.345100e+001
48  2.103000e+001
49  1.396500e+001
50  2.025600e+001
51  3.506500e+001
52  3.978300e+001
53  5.782500e+001
54  5.632600e+001
55  4.370100e+001
56  0.000000e+000
57  4.400000e+000
58  1.788500e+001
59  2.661300e+001
60  1.251800e+001
61  1.901500e+001
62  2.353600e+001
63  2.726400e+001
64  5.000400e+001
65  5.363200e+001
66  6.236300e+001
67  6.843800e+001
68  0.000000e+000
69  3.999000e+000
70  2.000000e+000
71  1.529300e+001
72  8.061000e+000
73  4.366000e+000
74  2.510300e+001
75  3.885900e+001
76  5.088600e+001
77  4.173500e+001
78  4.402100e+001
79  3.372200e+001
80  0.000000e+000
81  1.000000e+000
82  7.284000e+000
83  1.074600e+001
84  1.120300e+001
85  1.180200e+001
86  1.462800e+001
87  2.854800e+001
88  4.311600e+001
89  5.581700e+001
90  4.667400e+001
91  3.132000e+001
92  0.000000e+000
93  2.000000e+000
94  8.807000e+000
95  2.100500e+001
96  1.804200e+001
97  3.945000e+000
98  9.679000e+000
99  3.251000e+001
100  4.281600e+001
101  5.328900e+001
102  5.616000e+001
103  3.395700e+001
104  5.000000e-001
105  0.000000e+000
106  3.665000e+000
107  1.029400e+001
108  9.008000e+000
109  1.470400e+001
110  2.309300e+001
111  2.619300e+001
112  2.853800e+001
113  2.584000e+001
114  2.898100e+001
115  1.079800e+001
116  2.099600e+001
117  0.000000e+000
118  6.917000e+000
119  1.705400e+001
120  1.463900e+001
121  7.672000e+000
122  1.572000e+001
123  3.139900e+001
124  3.771200e+001
125  2.901600e+001
126  5.299800e+001
127  8.544000e+000
128  0.000000e+000
129  2.718000e+000
130  1.791100e+001
131  1.737200e+001
132  1.078300e+001
133  1.365100e+001
134  1.856600e+001
135  3.101100e+001
136  3.000200e+001
137  2.997700e+001
138  4.933400e+001
139  2.597400e+001
140  0.000000e+000
141  0.000000e+000
142  1.207800e+001
143  1.001000e+001
144  1.114800e+001
   2 
1  6.527000e+000
2  7.506000e+000
3  3.901400e+001
4  3.233700e+001
5  2.265500e+001
6  4.011400e+001
7  6.008000e+000
8  0.000000e+000
9  0.000000e+000
10  6.674000e+000
11  1.263200e+001
12  6.856000e+000
13  2.734000e+000
14  6.285000e+000
15  3.564400e+001
16  3.124200e+001
17  1.518400e+001
18  3.053200e+001
19  1.211700e+001
20  0.000000e+000
21  0.000000e+000
22  2.701500e+001
23  1.411000e+001
24  9.552000e+000
25  2.405000e+000
26  4.263000e+000
27  1.627900e+001
28  3.951200e+001
29  4.397200e+001
30  3.091100e+001
31  3.531800e+001
32  7.265000e+000
33  2.715000e+000
34  0.000000e+000
35  1.407400e+001
36  1.371200e+001
37  6.431000e+000
38  1.417600e+001
39  2.638700e+001
40  3.714900e+001
41  5.119300e+001
42  4.038300e+001
43  1.798400e+001
44  3.000000e+000
45  0.000000e+000
46  4.932000e+000
47  2.295200e+001
48  2.029600e+001
49  1.342000e+001
50  1.753000e+001
51  3.248400e+001
52  3.377200e+001
53  4.126200e+001
54  4.617300e+001
55  1.531500e+001
56  0.000000e+000
57  4.400000e+000
58  1.734800e+001
59  2.584700e+001
60  1.144500e+001
61  1.452300e+001
62  1.901100e+001
63  2.180100e+001
64  4.192700e+001
65  4.418200e+001
66  5.015600e+001
67  3.196500e+001
68  0.000000e+000
69  3.999000e+000
70  2.000000e+000
71  1.491600e+001
72  8.273000e+000
73  3.817000e+000
74  2.480600e+001
75  3.800700e+001
76  4.475400e+001
77  3.366800e+001
78  4.413500e+001
79  8.062000e+000
80  0.000000e+000
81  1.000000e+000
82  7.303000e+000
83  1.158400e+001
84  1.097700e+001
85  1.027300e+001
86  1.393800e+001
87  2.747800e+001
88  3.993600e+001
89  4.524800e+001
90  3.102200e+001
91  1.900000e+000
92  0.000000e+000
93  2.000000e+000
94  7.550000e+000
95  1.972500e+001
96  1.709400e+001
97  3.660000e+000
98  9.168000e+000
99  2.976700e+001
100  3.528500e+001
101  3.863400e+001
102  4.803000e+001
103  3.400000e+000
104  5.000000e-001
105  0.000000e+000
106  3.653000e+000
107  9.973000e+000
108  8.406000e+000
109  1.325100e+001
110  2.145500e+001
111  2.434900e+001
112  2.622500e+001
113  2.388700e+001
114  2.580000e+000
115  1.070600e+001
116  1.739800e+001
117  2.192000e+000
118  6.630000e+000
119  1.566400e+001
120  1.370500e+001
121  7.266000e+000
122  1.512600e+001
123  2.786100e+001
124  2.868600e+001
125  2.166200e+001
126  2.177200e+001
127  2.000000e-001
128  0.000000e+000
129  2.617000e+000
130  1.693500e+001
131  1.512100e+001
132  1.009200e+001
133  1.229700e+001
134  1.807500e+001
135  2.627700e+001
136  1.992000e+001
137  2.331200e+001
138  2.348800e+001
139  1.553900e+001
140  0.000000e+000
141  0.000000e+000
142  1.192400e+001
143  9.384000e+000
144  1.074200e+001
   3 
1  6.708000e+000
2  8.168000e+000
3  4.072900e+001
4  3.776400e+001
5  3.541000e+001
6  4.352800e+001
7  2.673700e+001
8  0.000000e+000
9  0.000000e+000
10  6.834000e+000
11  1.348100e+001
12  6.591000e+000
13  2.393000e+000
14  6.316000e+000
15  3.687100e+001
16  3.985100e+001
17  1.958900e+001
18  3.302700e+001
19  3.408300e+001
20  0.000000e+000
21  0.000000e+000
22  2.889700e+001
23  1.534700e+001
24  9.963000e+000
25  2.423000e+000
26  4.282000e+000
27  1.656400e+001
28  4.644400e+001
29  5.000400e+001
30  3.988800e+001
31  6.039000e+001
32  7.504000e+000
33  2.494000e+000
34  0.000000e+000
35  1.625900e+001
36  1.446200e+001
37  6.864000e+000
38  1.492200e+001
39  2.931900e+001
40  4.420900e+001
41  6.077900e+001
42  4.610700e+001
43  4.779200e+001
44  3.000000e+000
45  0.000000e+000
46  4.954000e+000
47  2.349000e+001
48  2.103600e+001
49  1.395100e+001
50  2.020400e+001
51  3.505200e+001
52  3.977700e+001
53  5.773900e+001
54  5.632200e+001
55  4.362700e+001
56  0.000000e+000
57  4.400000e+000
58  1.799900e+001
59  2.666500e+001
60  1.253800e+001
61  1.853300e+001
62  2.325400e+001
63  2.725700e+001
64  4.994400e+001
65  5.358700e+001
66  6.234700e+001
67  6.842700e+001
68  0.000000e+000
69  3.999000e+000
70  2.000000e+000
71  1.537900e+001
72  8.115000e+000
73  4.345000e+000
74  2.509100e+001
75  3.884500e+001
76  5.084700e+001
77  4.172500e+001
78  4.419900e+001
79  3.353200e+001
80  0.000000e+000
81  1.000000e+000
82  7.286000e+000
83  1.078200e+001
84  1.120800e+001
85  1.178300e+001
86  1.462500e+001
87  2.854000e+001
88  4.301400e+001
89  5.566000e+001
90  4.655100e+001
91  3.041500e+001
92  0.000000e+000
93  2.000000e+000
94  8.793000e+000
95  2.099100e+001
96  1.803500e+001
97  3.945000e+000
98  9.680000e+000
99  3.246900e+001
100  4.278800e+001
101  5.327800e+001
102  5.641500e+001
103  3.369100e+001
104  5.000000e-001
105  0.000000e+000
106  3.670000e+000
107  1.034000e+001
108  9.062000e+000
109  1.469700e+001
110  2.308400e+001
111  2.618500e+001
112  2.852100e+001
113  2.581900e+001
114  2.866100e+001
115  1.079800e+001
116  2.099600e+001
117  0.000000e+000
118  6.919000e+000
119  1.705700e+001
120  1.461100e+001
121  7.662000e+000
122  1.571400e+001
123  3.122900e+001
124  3.765500e+001
125  2.897100e+001
126  5.350900e+001
127  7.925000e+000
128  0.000000e+000
129  2.727000e+000
130  1.799700e+001
131  1.738400e+001
132  1.080600e+001
133  1.362600e+001
134  1.855900e+001
135  3.057800e+001
136  2.939900e+001
137  2.947200e+001
138  4.908900e+001
139  2.361000e+001
140  0.000000e+000
141  0.000000e+000
142  1.207500e+001
143  9.979000e+000
144  1.114800e+001
   4 
1  6.709000e+000
2  8.168000e+000
3  4.073300e+001
4  3.777800e+001
5  3.556800e+001
6  4.354000e+001
7  2.686100e+001
8  0.000000e+000
9  0.000000e+000
10  6.791000e+000
11  1.323000e+001
12  6.885000e+000
13  2.504000e+000
14  6.312000e+000
15  3.693400e+001
16  4.001600e+001
17  1.960400e+001
18  3.284800e+001
19  3.428600e+001
20  0.000000e+000
21  0.000000e+000
22  2.839300e+001
23  1.500800e+001
24  9.853000e+000
25  2.447000e+000
26  4.295000e+000
27  1.657900e+001
28  4.652000e+001
29  5.004000e+001
30  3.988700e+001
31  6.039400e+001
32  7.341000e+000
33  2.657000e+000
34  0.000000e+000
35  1.606800e+001
36  1.434400e+001
37  6.878000e+000
38  1.495300e+001
39  2.944300e+001
40  4.427000e+001
41  6.086700e+001
42  4.611000e+001
43  4.780500e+001
44  3.000000e+000
45  0.000000e+000
46  4.942000e+000
47  2.343200e+001
48  2.102700e+001
49  1.397400e+001
50  2.027900e+001
51  3.507400e+001
52  3.978600e+001
53  5.787900e+001
54  5.631400e+001
55  4.374800e+001
56  0.000000e+000
57  4.400000e+000
58  1.780600e+001
59  2.657500e+001
60  1.250100e+001
61  1.913800e+001
62  2.365900e+001
63  2.726800e+001
64  5.004000e+001
65  5.365300e+001
66  6.237000e+001
67  6.844400e+001
68  0.000000e+000
69  3.999000e+000
70  2.000000e+000
71  1.525500e+001
72  8.037000e+000
73  4.376000e+000
74  2.510900e+001
75  3.886700e+001
76  5.091100e+001
77  4.173900e+001
78  4.390000e+001
79  3.384600e+001
80  0.000000e+000
81  1.000000e+000
82  7.283000e+000
83  1.072400e+001
84  1.119900e+001
85  1.181300e+001
86  1.462900e+001
87  2.855100e+001
88  4.316300e+001
89  5.588900e+001
90  4.671500e+001
91  3.173400e+001
92  0.000000e+000
93  2.000000e+000
94  8.803000e+000
95  2.100000e+001
96  1.804000e+001
97  3.945000e+000
98  9.680000e+000
99  3.254100e+001
100  4.282100e+001
101  5.329200e+001
102  5.597700e+001
103  3.414500e+001
104  5.000000e-001
105  0.000000e+000
106  3.664000e+000
107  1.028400e+001
108  8.997000e+000
109  1.470600e+001
110  2.309600e+001
111  2.619500e+001
112  2.854100e+001
113  2.584400e+001
114  2.903800e+001
115  1.079800e+001
116  2.099600e+001
117  0.000000e+000
118  6.917000e+000
119  1.705300e+001
120  1.464800e+001
121  7.677000e+000
122  1.572400e+001
123  3.151300e+001
124  3.773500e+001
125  2.903400e+001
126  5.261300e+001
127  8.977000e+000
128  0.000000e+000
129  2.712000e+000
130  1.785400e+001
131  1.736400e+001
132  1.076700e+001
133  1.365600e+001
134  1.857100e+001
135  3.114500e+001
136  3.012700e+001
137  3.006900e+001
138  4.919900e+001
139  2.654200e+001
140  0.000000e+000
141  0.000000e+000
142  1.207600e+001
143  9.987000e+000
144  1.114800e+001
   5 
1  6.699000e+000
2  8.153000e+000
3  4.061400e+001
4  3.759500e+001
5  3.459600e+001
6  4.336800e+001
7  2.621300e+001
8  0.000000e+000
9  0.000000e+000
10  6.874000e+000
11  1.371300e+001
12  6.319000e+000
13  2.393000e+000
14  6.316000e+000
15  3.673200e+001
16  3.940400e+001
17  1.952100e+001
18  3.321100e+001
19  3.382300e+001
20  0.000000e+000
21  0.000000e+000
22  3.001100e+001
23  1.610700e+001
24  1.020900e+001
25  2.370000e+000
26  4.253000e+000
27  1.636600e+001
28  4.582700e+001
29  4.987800e+001
30  3.983000e+001
31  6.035800e+001
32  7.809000e+000
33  2.190000e+000
34  0.000000e+000
35  1.662200e+001
36  1.468200e+001
37  6.739000e+000
38  1.490100e+001
39  2.891500e+001
40  4.403700e+001
41  6.055500e+001
42  4.607600e+001
43  4.771900e+001
44  3.000000e+000
45  0.000000e+000
46  4.984000e+000
47  2.360400e+001
48  2.107400e+001
49  1.388900e+001
50  1.954800e+001
51  3.499600e+001
52  3.975300e+001
53  5.705700e+001
54  5.587700e+001
55  4.308700e+001
56  0.000000e+000
57  4.400000e+000
58  1.803300e+001
59  2.680200e+001
60  1.254500e+001
61  1.556100e+001
62  2.265400e+001
63  2.718600e+001
64  4.968800e+001
65  5.324200e+001
66  6.223800e+001
67  6.836500e+001
68  0.000000e+000
69  3.999000e+000
70  2.000000e+000
71  1.578300e+001
72  8.369000e+000
73  4.245000e+000
74  2.502600e+001
75  3.877600e+001
76  5.049700e+001
77  4.162700e+001
78  4.483900e+001
79  3.283300e+001
80  0.000000e+000
81  1.000000e+000
82  7.294000e+000
83  1.093100e+001
84  1.123400e+001
85  1.170500e+001
86  1.461600e+001
87  2.850000e+001
88  4.257300e+001
89  5.492600e+001
90  4.600300e+001
91  2.579200e+001
92  0.000000e+000
93  2.000000e+000
94  8.787000e+000
95  2.098200e+001
96  1.801300e+001
97  3.918000e+000
98  9.674000e+000
99  3.219700e+001
100  4.245400e+001
101  5.301100e+001
102  5.694900e+001
103  3.295500e+001
104  5.000000e-001
105  0.000000e+000
106  3.686000e+000
107  1.047000e+001
108  9.215000e+000
109  1.467700e+001
110  2.300800e+001
111  2.614400e+001
112  2.838400e+001
113  2.567800e+001
114  2.649600e+001
115  1.079800e+001
116  2.099600e+001
117  0.000000e+000
118  6.918000e+000
119  1.704500e+001
120  1.444000e+001
121  7.590000e+000
122  1.561000e+001
123  3.063300e+001
124  3.713600e+001
125  2.853100e+001
126  5.488300e+001
127  5.386000e+000
128  0.000000e+000
129  2.746000e+000
130  1.818600e+001
131  1.741100e+001
132  1.085800e+001
133  1.326200e+001
134  1.853600e+001
135  2.940400e+001
136  2.757200e+001
137  2.801600e+001
138  4.787800e+001
139  1.559700e+001
140  0.000000e+000
141  0.000000e+000
142  1.205800e+001
143  9.834000e+000
144  1.114900e+001
   6 
1  6.708000e+000
2  8.168000e+000
3  4.073100e+001
4  3.777100e+001
5  3.550300e+001
6  4.354900e+001
7  2.680300e+001
8  0.000000e+000
9  0.000000e+000
10  6.812000e+000
11  1.335100e+001
12  6.743000e+000
13  2.393000e+000
14  6.316000e+000
15  3.690500e+001
16  3.994400e+001
17  1.959700e+001
18  3.293100e+001
19  3.419300e+001
20  0.000000e+000
21  0.000000e+000
22  2.856900e+001
23  1.512500e+001
24  9.892000e+000
25  2.439000e+000
26  4.290000e+000
27  1.657400e+001
28  4.650000e+001
29  5.002600e+001
30  3.988800e+001
31  6.039300e+001
32  7.408000e+000
33  2.590000e+000
34  0.000000e+000
35  1.614700e+001
36  1.439200e+001
37  6.873000e+000
38  1.494000e+001
39  2.938900e+001
40  4.424600e+001
41  6.083000e+001
42  4.610800e+001
43  4.780000e+001
44  3.000000e+000
45  0.000000e+000
46  4.947000e+000
47  2.345200e+001
48  2.103100e+001
49  1.396400e+001
50  2.025400e+001
51  3.506500e+001
52  3.978300e+001
53  5.782100e+001
54  5.632700e+001
55  4.369900e+001
56  0.000000e+000
57  4.400000e+000
58  1.789000e+001
59  2.661500e+001
60  1.251900e+001
61  1.900200e+001
62  2.352100e+001
63  2.726300e+001
64  5.000100e+001
65  5.363100e+001
66  6.236200e+001
67  6.843800e+001
68  0.000000e+000
69  3.999000e+000
70  2.000000e+000
71  1.529600e+001
72  8.063000e+000
73  4.365000e+000
74  2.510300e+001
75  3.885900e+001
76  5.088500e+001
77  4.173500e+001
78  4.402900e+001
79  3.371300e+001
80  0.000000e+000
81  1.000000e+000
82  7.284000e+000
83  1.074800e+001
84  1.120300e+001
85  1.180100e+001
86  1.462800e+001
87  2.854800e+001
88  4.311100e+001
89  5.581100e+001
90  4.666900e+001
91  3.128400e+001
92  0.000000e+000
93  2.000000e+000
94  8.807000e+000
95  2.100500e+001
96  1.804300e+001
97  3.945000e+000
98  9.679000e+000
99  3.250800e+001
100  4.281600e+001
101  5.328800e+001
102  5.617300e+001
103  3.394400e+001
104  5.000000e-001
105  0.000000e+000
106  3.665000e+000
107  1.029600e+001
108  9.011000e+000
109  1.470400e+001
110  2.309200e+001
111  2.619300e+001
112  2.853700e+001
113  2.584000e+001
114  2.897000e+001
115  1.079800e+001
116  2.099600e+001
117  0.000000e+000
118  6.917000e+000
119  1.705400e+001
120  1.463800e+001
121  7.671000e+000
122  1.572000e+001
123  3.139100e+001
124  3.771000e+001
125  2.901400e+001
126  5.302300e+001
127  8.514000e+000
128  0.000000e+000
129  2.718000e+000
130  1.791600e+001
131  1.737200e+001
132  1.078400e+001
133  1.365100e+001
134  1.856600e+001
135  3.098900e+001
136  2.997200e+001
137  2.995300e+001
138  4.932200e+001
139  2.586300e+001
140  0.000000e+000
141  0.000000e+000
142  1.207800e+001
143  1.001000e+001
144  1.114800e+001
   7 
1  6.709000e+000
2  8.168000e+000
3  4.073300e+001
4  3.777900e+001
5  3.558400e+001
6  4.354100e+001
7  2.687300e+001
8  0.000000e+000
9  0.000000e+000
10  6.785000e+000
11  1.320000e+001
12  6.920000e+000
13  2.504000e+000
14  6.312000e+000
15  3.694100e+001
16  4.002500e+001
17  1.960500e+001
18  3.282700e+001
19  3.431000e+001
20  0.000000e+000
21  0.000000e+000
22  2.833600e+001
23  1.497000e+001
24  9.840000e+000
25  2.450000e+000
26  4.296000e+000
27  1.658000e+001
28  4.652500e+001
29  5.004300e+001
30  3.988600e+001
31  6.039400e+001
32  7.325000e+000
33  2.673000e+000
34  0.000000e+000
35  1.605000e+001
36  1.433300e+001
37  6.880000e+000
38  1.495600e+001
39  2.945700e+001
40  4.427500e+001
41  6.087600e+001
42  4.611000e+001
43  4.780600e+001
44  3.000000e+000
45  0.000000e+000
46  4.941000e+000
47  2.342700e+001
48  2.102700e+001
49  1.397700e+001
50  2.028600e+001
51  3.507600e+001
52  3.978700e+001
53  5.789400e+001
54  5.630600e+001
55  4.376400e+001
56  0.000000e+000
57  4.400000e+000
58  1.778500e+001
59  2.656500e+001
60  1.249300e+001
61  1.916900e+001
62  2.368400e+001
63  2.726900e+001
64  5.004900e+001
65  5.365700e+001
66  6.237100e+001
67  6.844600e+001
68  0.000000e+000
69  3.999000e+000
70  2.000000e+000
71  1.525700e+001
72  8.038000e+000
73  4.375000e+000
74  2.511000e+001
75  3.886800e+001
76  5.091700e+001
77  4.174000e+001
78  4.384300e+001
79  3.390400e+001
80  0.000000e+000
81  1.000000e+000
82  7.282000e+000
83  1.071700e+001
84  1.119800e+001
85  1.181700e+001
86  1.462900e+001
87  2.855200e+001
88  4.317200e+001
89  5.590300e+001
90  4.672500e+001
91  3.181100e+001
92  0.000000e+000
93  2.000000e+000
94  8.801000e+000
95  2.099900e+001
96  1.804000e+001
97  3.945000e+000
98  9.680000e+000
99  3.255000e+001
100  4.282100e+001
101  5.329300e+001
102  5.585400e+001
103  3.426800e+001
104  5.000000e-001
105  0.000000e+000
106  3.663000e+000
107  1.027500e+001
108  8.986000e+000
109  1.470800e+001
110  2.309600e+001
111  2.619600e+001
112  2.854300e+001
113  2.584500e+001
114  2.905500e+001
115  1.079800e+001
116  2.099600e+001
117  0.000000e+000
118  6.916000e+000
119  1.705200e+001
120  1.464900e+001
121  7.678000e+000
122  1.572400e+001
123  3.154400e+001
124  3.774100e+001
125  2.903900e+001
126  5.249500e+001
127  9.106000e+000
128  0.000000e+000
129  2.711000e+000
130  1.783900e+001
131  1.736200e+001
132  1.076300e+001
133  1.365700e+001
134  1.857200e+001
135  3.116900e+001
136  3.013200e+001
137  3.007400e+001
138  4.914100e+001
139  2.662500e+001
140  0.000000e+000
141  0.000000e+000
142  1.207500e+001
143  9.979000e+000
144  1.114800e+001
   8 
1  6.708000e+000
2  8.168000e+000
3  4.068400e+001
4  3.772900e+001
5  3.518900e+001
6  4.348100e+001
7  2.657500e+001
8  0.000000e+000
9  0.000000e+000
10  6.863000e+000
11  1.364900e+001
12  6.395000e+000
13  2.393000e+000
14  6.316000e+000
15  3.681800e+001
16  3.969500e+001
17  1.957300e+001
18  3.315900e+001
19  3.392800e+001
20  0.000000e+000
21  0.000000e+000
22  2.940700e+001
23  1.569400e+001
24  1.007500e+001
25  2.399000e+000
26  4.269000e+000
27  1.655000e+001
28  4.627800e+001
29  4.995600e+001
30  3.989000e+001
31  6.038300e+001
32  7.656000e+000
33  2.342000e+000
34  0.000000e+000
35  1.643900e+001
36  1.457200e+001
37  6.828000e+000
38  1.494100e+001
39  2.915300e+001
40  4.414200e+001
41  6.069200e+001
42  4.610200e+001
43  4.778000e+001
44  3.000000e+000
45  0.000000e+000
46  4.964000e+000
47  2.352800e+001
48  2.104000e+001
49  1.392900e+001
50  1.985300e+001
51  3.503300e+001
52  3.976900e+001
53  5.759000e+001
54  5.623400e+001
55  4.345000e+001
56  0.000000e+000
57  4.400000e+000
58  1.802900e+001
59  2.674600e+001
60  1.255600e+001
61  1.719800e+001
62  2.294200e+001
63  2.724800e+001
64  4.984300e+001
65  5.346100e+001
66  6.231300e+001
67  6.840500e+001
68  0.000000e+000
69  3.999000e+000
70  2.000000e+000
71  1.551600e+001
72  8.200000e+000
73  4.311000e+000
74  2.506800e+001
75  3.881900e+001
76  5.076200e+001
77  4.170300e+001
78  4.447800e+001
79  3.322800e+001
80  0.000000e+000
81  1.000000e+000
82  7.288000e+000
83  1.082300e+001
84  1.121500e+001
85  1.176000e+001
86  1.462200e+001
87  2.852400e+001
88  4.282800e+001
89  5.536900e+001
90  4.631900e+001
91  2.861600e+001
92  0.000000e+000
93  2.000000e+000
94  8.802000e+000
95  2.100000e+001
96  1.803900e+001
97  3.943000e+000
98  9.679000e+000
99  3.237300e+001
100  4.267300e+001
101  5.324200e+001
102  5.672800e+001
103  3.335200e+001
104  5.000000e-001
105  0.000000e+000
106  3.678000e+000
107  1.040200e+001
108  9.135000e+000
109  1.468800e+001
110  2.306700e+001
111  2.616800e+001
112  2.848000e+001
113  2.577000e+001
114  2.791100e+001
115  1.079800e+001
116  2.099600e+001
117  0.000000e+000
118  6.920000e+000
119  1.705800e+001
120  1.454900e+001
121  7.642000e+000
122  1.569200e+001
123  3.098000e+001
124  3.744900e+001
125  2.882600e+001
126  5.422400e+001
127  6.886000e+000
128  0.000000e+000
129  2.736000e+000
130  1.808800e+001
131  1.739700e+001
132  1.083100e+001
133  1.348400e+001
134  1.855100e+001
135  3.002500e+001
136  2.853400e+001
137  2.876400e+001
138  4.874400e+001
139  1.983400e+001
140  0.000000e+000
141  0.000000e+000
142  1.206800e+001
143  9.921000e+000
144  1.114800e+001
   9 
1  6.709000e+000
2  8.168000e+000
3  4.073400e+001
4  3.778300e+001
5  3.562700e+001
6  4.350600e+001
7  2.694200e+001
8  0.000000e+000
9  0.000000e+000
10  6.768000e+000
11  1.310300e+001
12  7.033000e+000
13  2.504000e+000
14  6.312000e+000
15  3.696200e+001
16  4.004600e+001
17  1.960700e+001
18  3.276300e+001
19  3.437700e+001
20  0.000000e+000
21  0.000000e+000
22  2.817600e+001
23  1.486500e+001
24  9.802000e+000
25  2.458000e+000
26  4.301000e+000
27  1.658200e+001
28  4.653700e+001
29  5.005200e+001
30  3.988500e+001
31  6.039500e+001
32  7.302000e+000
33  2.696000e+000
34  0.000000e+000
35  1.602300e+001
36  1.431600e+001
37  6.882000e+000
38  1.496500e+001
39  2.949700e+001
40  4.428900e+001
41  6.090100e+001
42  4.611100e+001
43  4.781000e+001
44  3.000000e+000
45  0.000000e+000
46  4.937000e+000
47  2.341400e+001
48  2.102600e+001
49  1.398400e+001
50  2.030500e+001
51  3.508100e+001
52  3.978900e+001
53  5.793300e+001
54  5.629500e+001
55  4.379600e+001
56  0.000000e+000
57  4.400000e+000
58  1.772500e+001
59  2.653500e+001
60  1.247000e+001
61  1.926200e+001
62  2.372800e+001
63  2.727100e+001
64  5.007300e+001
65  5.366500e+001
66  6.237500e+001
67  6.844900e+001
68  0.000000e+000
69  3.999000e+000
70  2.000000e+000
71  1.524100e+001
72  8.028000e+000
73  4.379000e+000
74  2.511300e+001
75  3.887200e+001
76  5.093300e+001
77  4.174100e+001
78  4.373900e+001
79  3.400800e+001
80  0.000000e+000
81  1.000000e+000
82  7.281000e+000
83  1.070000e+001
84  1.119500e+001
85  1.182600e+001
86  1.463000e+001
87  2.855300e+001
88  4.319100e+001
89  5.593000e+001
90  4.674300e+001
91  3.195500e+001
92  0.000000e+000
93  2.000000e+000
94  8.798000e+000
95  2.099600e+001
96  1.803800e+001
97  3.945000e+000
98  9.680000e+000
99  3.257600e+001
100  4.282200e+001
101  5.329300e+001
102  5.568400e+001
103  3.443900e+001
104  5.000000e-001
105  0.000000e+000
106  3.659000e+000
107  1.024800e+001
108  8.955000e+000
109  1.471200e+001
110  2.309800e+001
111  2.619700e+001
112  2.854600e+001
113  2.584800e+001
114  2.910200e+001
115  1.079800e+001
116  2.099600e+001
117  0.000000e+000
118  6.916000e+000
119  1.705100e+001
120  1.465200e+001
121  7.681000e+000
122  1.572600e+001
123  3.162900e+001
124  3.775500e+001
125  2.904700e+001
126  5.225400e+001
127  9.370000e+000
128  0.000000e+000
129  2.707000e+000
130  1.780500e+001
131  1.735700e+001
132  1.075400e+001
133  1.366000e+001
134  1.857500e+001
135  3.123500e+001
136  3.014500e+001
137  3.008500e+001
138  4.897900e+001
139  2.684100e+001
140  0.000000e+000
141  0.000000e+000
142  1.207200e+001
143  9.958000e+000
144  1.114800e+001
   10 
1  6.709000e+000
2  8.168000e+000
3  4.073300e+001
4  3.778000e+001
5  3.558900e+001
6  4.352600e+001
7  2.689200e+001
8  0.000000e+000
9  0.000000e+000
10  6.782000e+000
11  1.318300e+001
12  6.940000e+000
13  2.504000e+000
14  6.312000e+000
15  3.694400e+001
16  4.002700e+001
17  1.960500e+001
18  3.281900e+001
19  3.431800e+001
20  0.000000e+000
21  0.000000e+000
22  2.831700e+001
23  1.495700e+001
24  9.835000e+000
25  2.451000e+000
26  4.297000e+000
27  1.658000e+001
28  4.652600e+001
29  5.004500e+001
30  3.988600e+001
31  6.039400e+001
32  7.320000e+000
33  2.678000e+000
34  0.000000e+000
35  1.604400e+001
36  1.432900e+001
37  6.880000e+000
38  1.495700e+001
39  2.946200e+001
40  4.427700e+001
41  6.087900e+001
42  4.611000e+001
43  4.780700e+001
44  3.000000e+000
45  0.000000e+000
46  4.940000e+000
47  2.342500e+001
48  2.102700e+001
49  1.397800e+001
50  2.028800e+001
51  3.507700e+001
52  3.978700e+001
53  5.789900e+001
54  5.630500e+001
55  4.376800e+001
56  0.000000e+000
57  4.400000e+000
58  1.777800e+001
59  2.656100e+001
60  1.249000e+001
61  1.918000e+001
62  2.369300e+001
63  2.726900e+001
64  5.005200e+001
65  5.365800e+001
66  6.237200e+001
67  6.844600e+001
68  0.000000e+000
69  3.999000e+000
70  2.000000e+000
71  1.525600e+001
72  8.038000e+000
73  4.375000e+000
74  2.511000e+001
75  3.886800e+001
76  5.091800e+001
77  4.174000e+001
78  4.383100e+001
79  3.391600e+001
80  0.000000e+000
81  1.000000e+000
82  7.282000e+000
83  1.071500e+001
84  1.119800e+001
85  1.181800e+001
86  1.463000e+001
87  2.855200e+001
88  4.317500e+001
89  5.590800e+001
90  4.672800e+001
91  3.183400e+001
92  0.000000e+000
93  2.000000e+000
94  8.801000e+000
95  2.099900e+001
96  1.803900e+001
97  3.945000e+000
98  9.680000e+000
99  3.255300e+001
100  4.282100e+001
101  5.329300e+001
102  5.583500e+001
103  3.428800e+001
104  5.000000e-001
105  0.000000e+000
106  3.662000e+000
107  1.027100e+001
108  8.982000e+000
109  1.470800e+001
110  2.309700e+001
111  2.619600e+001
112  2.854300e+001
113  2.584500e+001
114  2.906000e+001
115  1.079800e+001
116  2.099600e+001
117  0.000000e+000
118  6.916000e+000
119  1.705200e+001
120  1.465000e+001
121  7.679000e+000
122  1.572500e+001
123  3.155500e+001
124  3.774300e+001
125  2.904000e+001
126  5.246700e+001
127  9.139000e+000
128  0.000000e+000
129  2.710000e+000
130  1.783500e+001
131  1.736100e+001
132  1.076200e+001
133  1.365700e+001
134  1.857200e+001
135  3.117700e+001
136  3.013400e+001
137  3.007600e+001
138  4.912100e+001
139  2.665300e+001
140  0.000000e+000
141  0.000000e+000
142  1.207500e+001
143  9.977000e+000
144  1.114800e+001
   11 
1  6.658000e+000
2  7.586000e+000
3  4.010300e+001
4  3.582600e+001
5  2.908100e+001
6  4.259700e+001
7  2.340900e+001
8  0.000000e+000
9  0.000000e+000
10  6.848000e+000
11  1.356000e+001
12  6.498000e+000
13  2.393000e+000
14  6.316000e+000
15  3.645800e+001
16  3.694600e+001
17  1.873600e+001
18  3.294500e+001
19  3.258100e+001
20  0.000000e+000
21  0.000000e+000
22  3.017500e+001
23  1.622400e+001
24  1.024500e+001
25  2.358000e+000
26  4.246000e+000
27  1.628700e+001
28  4.357300e+001
29  4.848800e+001
30  3.698600e+001
31  5.769000e+001
32  7.962000e+000
33  2.036000e+000
34  0.000000e+000
35  1.624400e+001
36  1.462100e+001
37  6.372000e+000
38  1.424600e+001
39  2.693100e+001
40  4.127900e+001
41  5.761600e+001
42  4.497700e+001
43  4.581700e+001
44  3.000000e+000
45  0.000000e+000
46  5.052000e+000
47  2.377600e+001
48  2.107100e+001
49  1.365800e+001
50  1.841400e+001
51  3.461100e+001
52  3.893100e+001
53  5.040000e+001
54  5.173800e+001
55  3.937000e+001
56  0.000000e+000
57  4.400000e+000
58  1.804000e+001
59  2.670900e+001
60  1.219500e+001
61  1.353200e+001
62  2.005300e+001
63  2.460900e+001
64  4.668700e+001
65  5.042600e+001
66  5.932400e+001
67  6.527800e+001
68  0.000000e+000
69  3.999000e+000
70  2.000000e+000
71  1.733400e+001
72  9.444000e+000
73  3.836000e+000
74  2.477700e+001
75  3.833500e+001
76  4.908700e+001
77  3.994500e+001
78  4.707000e+001
79  2.943300e+001
80  0.000000e+000
81  1.000000e+000
82  7.392000e+000
83  1.278000e+001
84  1.165700e+001
85  1.081800e+001
86  1.426400e+001
87  2.792800e+001
88  4.013400e+001
89  5.139100e+001
90  4.476300e+001
91  1.048300e+001
92  0.000000e+000
93  2.000000e+000
94  8.688000e+000
95  2.078200e+001
96  1.782400e+001
97  3.703000e+000
98  9.251000e+000
99  3.079600e+001
100  3.934300e+001
101  4.763100e+001
102  5.526700e+001
103  2.296500e+001
104  5.000000e-001
105  0.000000e+000
106  3.713000e+000
107  1.069800e+001
108  9.481000e+000
109  1.447400e+001
110  2.220800e+001
111  2.574600e+001
112  2.760400e+001
113  2.503000e+001
114  1.582500e+001
115  1.079800e+001
116  2.099600e+001
117  0.000000e+000
118  6.883000e+000
119  1.682700e+001
120  1.418600e+001
121  7.395000e+000
122  1.518600e+001
123  2.904600e+001
124  3.249400e+001
125  2.465100e+001
126  4.171400e+001
127  2.000000e-001
128  0.000000e+000
129  2.752000e+000
130  1.824700e+001
131  1.739500e+001
132  1.086600e+001
133  1.251600e+001
134  1.835700e+001
135  2.768700e+001
136  2.347700e+001
137  2.603900e+001
138  3.590700e+001
139  1.559700e+001
140  0.000000e+000
141  0.000000e+000
142  1.202300e+001
143  9.531000e+000
144  1.115700e+001
   12 
1  6.708000e+000
2  8.168000e+000
3  4.072600e+001
4  3.776300e+001
5  3.539500e+001
6  4.352400e+001
7  2.672300e+001
8  0.000000e+000
9  0.000000e+000
10  6.837000e+000
11  1.349900e+001
12  6.570000e+000
13  2.393000e+000
14  6.316000e+000
15  3.686500e+001
16  3.983600e+001
17  1.958800e+001
18  3.304100e+001
19  3.406700e+001
20  0.000000e+000
21  0.000000e+000
22  2.895300e+001
23  1.538500e+001
24  9.976000e+000
25  2.421000e+000
26  4.280000e+000
27  1.656300e+001
28  4.642800e+001
29  5.000000e+001
30  3.988900e+001
31  6.039000e+001
32  7.515000e+000
33  2.483000e+000
34  0.000000e+000
35  1.627300e+001
36  1.447000e+001
37  6.863000e+000
38  1.491900e+001
39  2.930800e+001
40  4.420300e+001
41  6.077000e+001
42  4.610600e+001
43  4.779100e+001
44  3.000000e+000
45  0.000000e+000
46  4.955000e+000
47  2.349200e+001
48  2.103500e+001
49  1.394900e+001
50  2.019100e+001
51  3.505000e+001
52  3.977600e+001
53  5.772600e+001
54  5.632100e+001
55  4.361500e+001
56  0.000000e+000
57  4.400000e+000
58  1.801600e+001
59  2.667300e+001
60  1.254000e+001
61  1.842600e+001
62  2.321900e+001
63  2.725700e+001
64  4.993500e+001
65  5.357700e+001
66  6.234400e+001
67  6.842500e+001
68  0.000000e+000
69  3.999000e+000
70  2.000000e+000
71  1.539400e+001
72  8.124000e+000
73  4.341000e+000
74  2.508900e+001
75  3.884300e+001
76  5.084100e+001
77  4.172300e+001
78  4.422600e+001
79  3.350300e+001
80  0.000000e+000
81  1.000000e+000
82  7.286000e+000
83  1.078800e+001
84  1.120900e+001
85  1.178000e+001
86  1.462500e+001
87  2.853900e+001
88  4.299700e+001
89  5.563400e+001
90  4.653100e+001
91  3.026100e+001
92  0.000000e+000
93  2.000000e+000
94  8.794000e+000
95  2.099200e+001
96  1.803600e+001
97  3.945000e+000
98  9.680000e+000
99  3.246300e+001
100  4.278100e+001
101  5.327600e+001
102  5.646000e+001
103  3.364400e+001
104  5.000000e-001
105  0.000000e+000
106  3.671000e+000
107  1.034600e+001
108  9.069000e+000
109  1.469600e+001
110  2.308300e+001
111  2.618300e+001
112  2.851800e+001
113  2.581600e+001
114  2.860400e+001
115  1.079800e+001
116  2.099600e+001
117  0.000000e+000
118  6.919000e+000
119  1.705700e+001
120  1.460600e+001
121  7.660000e+000
122  1.571300e+001
123  3.120500e+001
124  3.763700e+001
125  2.896100e+001
126  5.357900e+001
127  7.836000e+000
128  0.000000e+000
129  2.728000e+000
130  1.800700e+001
131  1.738500e+001
132  1.080900e+001
133  1.361700e+001
134  1.855800e+001
135  3.051900e+001
136  2.931300e+001
137  2.940000e+001
138  4.905300e+001
139  2.325600e+001
140  0.000000e+000
141  0.000000e+000
142  1.207400e+001
143  9.975000e+000
144  1.114800e+001
