   1 
1  6.796000e+000
2  8.179000e+000
3  4.063800e+001
4  4.043000e+001
5  3.879400e+001
6  4.665900e+001
7  5.927900e+001
8  0.000000e+000
9  0.000000e+000
10  6.722000e+000
11  1.443600e+001
12  5.417000e+000
13  2.556000e+000
14  6.106000e+000
15  3.721000e+001
16  4.195000e+001
17  2.266100e+001
18  3.654300e+001
19  6.495100e+001
20  0.000000e+000
21  0.000000e+000
22  2.875700e+001
23  1.605400e+001
24  9.949000e+000
25  2.342000e+000
26  4.178000e+000
27  1.666800e+001
28  4.878500e+001
29  5.384500e+001
30  4.266300e+001
31  7.815300e+001
32  2.482100e+001
33  2.019000e+000
34  0.000000e+000
35  1.547300e+001
36  1.379300e+001
37  6.465000e+000
38  1.550500e+001
39  3.053000e+001
40  4.677500e+001
41  6.390600e+001
42  5.056200e+001
43  7.229500e+001
44  1.159100e+001
45  0.000000e+000
46  4.831000e+000
47  2.329700e+001
48  2.125500e+001
49  1.406500e+001
50  2.083800e+001
51  3.654400e+001
52  4.372900e+001
53  5.979500e+001
54  6.021900e+001
55  7.188400e+001
56  6.214000e+000
57  4.301000e+000
58  1.805800e+001
59  2.742900e+001
60  1.302300e+001
61  1.996900e+001
62  2.294500e+001
63  2.873800e+001
64  5.197200e+001
65  5.755200e+001
66  6.761900e+001
67  8.123700e+001
68  2.327100e+001
69  3.995000e+000
70  1.999000e+000
71  1.489900e+001
72  8.767000e+000
73  4.036000e+000
74  2.463300e+001
75  3.900200e+001
76  5.221600e+001
77  4.527200e+001
78  4.740100e+001
79  5.381400e+001
80  1.161000e+001
81  1.000000e+000
82  7.280000e+000
83  1.068600e+001
84  1.052100e+001
85  9.941000e+000
86  1.377900e+001
87  2.843300e+001
88  4.431600e+001
89  5.696200e+001
90  4.885300e+001
91  3.083900e+001
92  0.000000e+000
93  1.999000e+000
94  8.228000e+000
95  2.153200e+001
96  1.824800e+001
97  4.810000e+000
98  1.018600e+001
99  3.281600e+001
100  4.565400e+001
101  5.646700e+001
102  5.985100e+001
103  6.399200e+001
104  3.247000e+000
105  0.000000e+000
106  3.711000e+000
107  1.067000e+001
108  8.902000e+000
109  1.283800e+001
110  2.450500e+001
111  2.759100e+001
112  3.116100e+001
113  2.759200e+001
114  2.323400e+001
115  1.078600e+001
116  2.097100e+001
117  0.000000e+000
118  6.949000e+000
119  1.664300e+001
120  1.512000e+001
121  7.791000e+000
122  1.552500e+001
123  3.280400e+001
124  3.996300e+001
125  3.222700e+001
126  5.688100e+001
127  3.167000e+001
128  0.000000e+000
129  2.979000e+000
130  1.808300e+001
131  1.492300e+001
132  1.050800e+001
133  1.391700e+001
134  1.949500e+001
135  3.146500e+001
136  2.987000e+001
137  3.015400e+001
138  4.978000e+001
139  3.215800e+001
140  0.000000e+000
141  0.000000e+000
142  1.204200e+001
143  1.045800e+001
144  9.617000e+000
   2 
1  6.783000e+000
2  7.633000e+000
3  4.000900e+001
4  3.781800e+001
5  3.194900e+001
6  4.403400e+001
7  3.440300e+001
8  0.000000e+000
9  0.000000e+000
10  6.700000e+000
11  1.429300e+001
12  5.576000e+000
13  2.556000e+000
14  6.104000e+000
15  3.670400e+001
16  3.916400e+001
17  2.025400e+001
18  3.464900e+001
19  4.555300e+001
20  0.000000e+000
21  0.000000e+000
22  2.878700e+001
23  1.605500e+001
24  9.927000e+000
25  2.256000e+000
26  4.105000e+000
27  1.664000e+001
28  4.541200e+001
29  5.215100e+001
30  3.961100e+001
31  7.771500e+001
32  8.540000e+000
33  1.440000e+000
34  0.000000e+000
35  1.602300e+001
36  1.389100e+001
37  5.888000e+000
38  1.488300e+001
39  2.874300e+001
40  4.425200e+001
41  6.029700e+001
42  4.780100e+001
43  6.062000e+001
44  2.999000e+000
45  0.000000e+000
46  4.942000e+000
47  2.337600e+001
48  2.130100e+001
49  1.363100e+001
50  1.898600e+001
51  3.581900e+001
52  4.244000e+001
53  5.249500e+001
54  5.494700e+001
55  6.645500e+001
56  0.000000e+000
57  4.281000e+000
58  1.809000e+001
59  2.693700e+001
60  1.295600e+001
61  1.555700e+001
62  2.109700e+001
63  2.654100e+001
64  4.922400e+001
65  5.407500e+001
66  6.407400e+001
67  8.705700e+001
68  1.101000e+000
69  3.995000e+000
70  1.999000e+000
71  1.682600e+001
72  9.609000e+000
73  3.722000e+000
74  2.332800e+001
75  3.858400e+001
76  5.083900e+001
77  4.312700e+001
78  4.834500e+001
79  4.910500e+001
80  0.000000e+000
81  1.000000e+000
82  7.349000e+000
83  1.206300e+001
84  1.108100e+001
85  9.330000e+000
86  1.313100e+001
87  2.687200e+001
88  4.249900e+001
89  5.416800e+001
90  4.796000e+001
91  1.099300e+001
92  0.000000e+000
93  1.999000e+000
94  8.085000e+000
95  2.094200e+001
96  1.811100e+001
97  4.681000e+000
98  1.001100e+001
99  3.162300e+001
100  4.249400e+001
101  5.151000e+001
102  5.731600e+001
103  3.576700e+001
104  5.000000e-001
105  0.000000e+000
106  3.710000e+000
107  1.088000e+001
108  9.138000e+000
109  1.214500e+001
110  2.235400e+001
111  2.672900e+001
112  3.088400e+001
113  2.730300e+001
114  1.276300e+001
115  1.075500e+001
116  2.068000e+001
117  0.000000e+000
118  6.876000e+000
119  1.605500e+001
120  1.473200e+001
121  7.629000e+000
122  1.514500e+001
123  3.193000e+001
124  3.510300e+001
125  2.760700e+001
126  5.237400e+001
127  2.000000e-001
128  0.000000e+000
129  2.957000e+000
130  1.764300e+001
131  1.472200e+001
132  1.037800e+001
133  1.254500e+001
134  1.904300e+001
135  2.966900e+001
136  2.618700e+001
137  2.772200e+001
138  3.593600e+001
139  1.557900e+001
140  0.000000e+000
141  0.000000e+000
142  1.193200e+001
143  9.755000e+000
144  9.431000e+000
   3 
1  6.795000e+000
2  8.179000e+000
3  4.062200e+001
4  4.042900e+001
5  3.878300e+001
6  4.665600e+001
7  5.925700e+001
8  0.000000e+000
9  0.000000e+000
10  6.740000e+000
11  1.455100e+001
12  5.284000e+000
13  2.556000e+000
14  6.105000e+000
15  3.719400e+001
16  4.193600e+001
17  2.266100e+001
18  3.655700e+001
19  6.493900e+001
20  0.000000e+000
21  0.000000e+000
22  2.888000e+001
23  1.613100e+001
24  9.971000e+000
25  2.331000e+000
26  4.169000e+000
27  1.666600e+001
28  4.871000e+001
29  5.383400e+001
30  4.266600e+001
31  7.845600e+001
32  2.457600e+001
33  1.963000e+000
34  0.000000e+000
35  1.549100e+001
36  1.382800e+001
37  6.457000e+000
38  1.549700e+001
39  3.048900e+001
40  4.673500e+001
41  6.388200e+001
42  5.056300e+001
43  7.253300e+001
44  1.135300e+001
45  0.000000e+000
46  4.837000e+000
47  2.332600e+001
48  2.126900e+001
49  1.405700e+001
50  2.080900e+001
51  3.653500e+001
52  4.372400e+001
53  5.977600e+001
54  6.023300e+001
55  7.230400e+001
56  5.765000e+000
57  4.300000e+000
58  1.806000e+001
59  2.746100e+001
60  1.302700e+001
61  1.965700e+001
62  2.282900e+001
63  2.873300e+001
64  5.196300e+001
65  5.755000e+001
66  6.761900e+001
67  8.186300e+001
68  2.264300e+001
69  3.995000e+000
70  1.999000e+000
71  1.496200e+001
72  8.801000e+000
73  4.030000e+000
74  2.462700e+001
75  3.900300e+001
76  5.220900e+001
77  4.527100e+001
78  4.750500e+001
79  5.383900e+001
80  1.147900e+001
81  1.000000e+000
82  7.282000e+000
83  1.072600e+001
84  1.053500e+001
85  9.927000e+000
86  1.377500e+001
87  2.842800e+001
88  4.430000e+001
89  5.694000e+001
90  4.883700e+001
91  3.058300e+001
92  0.000000e+000
93  1.999000e+000
94  8.232000e+000
95  2.153500e+001
96  1.824900e+001
97  4.810000e+000
98  1.017300e+001
99  3.277700e+001
100  4.565400e+001
101  5.646700e+001
102  5.994800e+001
103  6.423800e+001
104  2.905000e+000
105  0.000000e+000
106  3.711000e+000
107  1.069000e+001
108  8.926000e+000
109  1.283000e+001
110  2.449700e+001
111  2.759000e+001
112  3.116000e+001
113  2.759100e+001
114  2.319900e+001
115  1.078600e+001
116  2.097100e+001
117  0.000000e+000
118  6.950000e+000
119  1.664500e+001
120  1.512100e+001
121  7.790000e+000
122  1.552400e+001
123  3.277900e+001
124  3.993800e+001
125  3.217800e+001
126  5.695100e+001
127  3.129000e+001
128  0.000000e+000
129  2.981000e+000
130  1.810400e+001
131  1.492000e+001
132  1.051100e+001
133  1.391000e+001
134  1.949200e+001
135  3.136500e+001
136  2.974000e+001
137  3.001500e+001
138  4.968000e+001
139  3.099100e+001
140  0.000000e+000
141  0.000000e+000
142  1.203900e+001
143  1.043400e+001
144  9.612000e+000
   4 
1  6.796000e+000
2  8.179000e+000
3  4.064600e+001
4  4.043100e+001
5  3.880000e+001
6  4.666200e+001
7  5.929300e+001
8  0.000000e+000
9  0.000000e+000
10  6.709000e+000
11  1.435400e+001
12  5.512000e+000
13  2.556000e+000
14  6.106000e+000
15  3.722200e+001
16  4.196000e+001
17  2.266100e+001
18  3.652800e+001
19  6.496400e+001
20  0.000000e+000
21  0.000000e+000
22  2.867400e+001
23  1.600100e+001
24  9.933000e+000
25  2.349000e+000
26  4.183000e+000
27  1.667000e+001
28  4.882000e+001
29  5.385200e+001
30  4.266200e+001
31  7.800800e+001
32  2.493600e+001
33  2.049000e+000
34  0.000000e+000
35  1.542300e+001
36  1.376800e+001
37  6.470000e+000
38  1.551000e+001
39  3.055000e+001
40  4.679000e+001
41  6.391700e+001
42  5.056200e+001
43  7.220100e+001
44  1.168500e+001
45  0.000000e+000
46  4.827000e+000
47  2.328700e+001
48  2.124800e+001
49  1.406900e+001
50  2.084900e+001
51  3.654900e+001
52  4.373200e+001
53  5.980600e+001
54  6.020800e+001
55  7.166400e+001
56  6.454000e+000
57  4.301000e+000
58  1.805700e+001
59  2.740900e+001
60  1.301800e+001
61  2.011000e+001
62  2.303500e+001
63  2.874000e+001
64  5.197900e+001
65  5.755500e+001
66  6.762000e+001
67  8.090900e+001
68  2.359900e+001
69  3.995000e+000
70  1.999000e+000
71  1.486800e+001
72  8.751000e+000
73  4.040000e+000
74  2.463700e+001
75  3.900500e+001
76  5.222300e+001
77  4.527200e+001
78  4.735700e+001
79  5.383100e+001
80  1.163600e+001
81  1.000000e+000
82  7.279000e+000
83  1.066900e+001
84  1.051500e+001
85  9.947000e+000
86  1.378000e+001
87  2.843400e+001
88  4.432100e+001
89  5.696900e+001
90  4.885800e+001
91  3.091400e+001
92  0.000000e+000
93  1.999000e+000
94  8.226000e+000
95  2.153000e+001
96  1.824700e+001
97  4.810000e+000
98  1.019400e+001
99  3.283000e+001
100  4.565500e+001
101  5.646800e+001
102  5.978100e+001
103  6.382000e+001
104  3.489000e+000
105  0.000000e+000
106  3.711000e+000
107  1.065500e+001
108  8.884000e+000
109  1.284500e+001
110  2.451100e+001
111  2.759100e+001
112  3.116200e+001
113  2.759200e+001
114  2.325300e+001
115  1.078600e+001
116  2.097100e+001
117  0.000000e+000
118  6.949000e+000
119  1.664300e+001
120  1.512000e+001
121  7.791000e+000
122  1.552600e+001
123  3.281600e+001
124  3.997000e+001
125  3.224400e+001
126  5.681500e+001
127  3.183000e+001
128  0.000000e+000
129  2.980000e+000
130  1.808400e+001
131  1.492200e+001
132  1.050800e+001
133  1.391800e+001
134  1.949600e+001
135  3.152000e+001
136  2.994000e+001
137  3.022900e+001
138  4.983400e+001
139  3.274100e+001
140  0.000000e+000
141  0.000000e+000
142  1.204200e+001
143  1.046000e+001
144  9.617000e+000
   5 
1  6.795000e+000
2  8.179000e+000
3  4.055400e+001
4  4.039900e+001
5  3.874200e+001
6  4.663400e+001
7  5.913400e+001
8  0.000000e+000
9  0.000000e+000
10  6.808000e+000
11  1.497900e+001
12  4.788000e+000
13  2.556000e+000
14  6.105000e+000
15  3.712900e+001
16  4.187700e+001
17  2.265600e+001
18  3.655900e+001
19  6.494300e+001
20  0.000000e+000
21  0.000000e+000
22  2.943300e+001
23  1.648200e+001
24  1.006700e+001
25  2.279000e+000
26  4.126000e+000
27  1.665400e+001
28  4.772500e+001
29  5.374000e+001
30  4.267500e+001
31  7.991600e+001
32  2.335000e+001
33  1.744000e+000
34  0.000000e+000
35  1.582400e+001
36  1.400400e+001
37  6.413000e+000
38  1.545900e+001
39  3.027300e+001
40  4.651600e+001
41  6.375900e+001
42  5.056700e+001
43  7.398800e+001
44  9.890000e+000
45  0.000000e+000
46  4.867000e+000
47  2.342400e+001
48  2.134600e+001
49  1.402200e+001
50  2.058300e+001
51  3.648900e+001
52  4.369600e+001
53  5.969800e+001
54  6.018900e+001
55  7.424300e+001
56  3.687000e+000
57  4.296000e+000
58  1.806800e+001
59  2.757600e+001
60  1.302600e+001
61  1.844000e+001
62  2.251000e+001
63  2.867000e+001
64  5.189800e+001
65  5.748700e+001
66  6.761300e+001
67  8.295300e+001
68  2.155000e+001
69  3.995000e+000
70  1.999000e+000
71  1.525900e+001
72  8.963000e+000
73  3.996000e+000
74  2.441000e+001
75  3.895000e+001
76  5.214000e+001
77  4.526800e+001
78  4.784300e+001
79  5.403600e+001
80  1.094400e+001
81  1.000000e+000
82  7.289000e+000
83  1.085800e+001
84  1.058500e+001
85  9.879000e+000
86  1.375600e+001
87  2.830000e+001
88  4.421400e+001
89  5.681800e+001
90  4.874000e+001
91  2.887500e+001
92  0.000000e+000
93  1.999000e+000
94  8.223000e+000
95  2.152600e+001
96  1.824600e+001
97  4.809000e+000
98  1.013100e+001
99  3.263900e+001
100  4.559900e+001
101  5.645100e+001
102  6.024700e+001
103  6.507700e+001
104  1.758000e+000
105  0.000000e+000
106  3.712000e+000
107  1.077300e+001
108  9.025000e+000
109  1.278600e+001
110  2.440600e+001
111  2.757900e+001
112  3.114000e+001
113  2.756800e+001
114  2.244500e+001
115  1.078600e+001
116  2.097100e+001
117  0.000000e+000
118  6.951000e+000
119  1.664700e+001
120  1.509300e+001
121  7.785000e+000
122  1.551100e+001
123  3.263600e+001
124  3.977200e+001
125  3.188800e+001
126  5.708400e+001
127  2.887900e+001
128  0.000000e+000
129  2.986000e+000
130  1.816800e+001
131  1.491000e+001
132  1.052100e+001
133  1.370500e+001
134  1.946700e+001
135  3.100700e+001
136  2.919500e+001
137  2.947100e+001
138  4.923100e+001
139  2.508800e+001
140  0.000000e+000
141  0.000000e+000
142  1.202800e+001
143  1.033400e+001
144  9.589000e+000
   6 
1  6.796000e+000
2  8.179000e+000
3  4.063700e+001
4  4.043000e+001
5  3.879300e+001
6  4.665900e+001
7  5.927800e+001
8  0.000000e+000
9  0.000000e+000
10  6.723000e+000
11  1.444100e+001
12  5.411000e+000
13  2.556000e+000
14  6.106000e+000
15  3.720900e+001
16  4.194900e+001
17  2.266100e+001
18  3.654400e+001
19  6.495000e+001
20  0.000000e+000
21  0.000000e+000
22  2.876400e+001
23  1.605800e+001
24  9.950000e+000
25  2.342000e+000
26  4.177000e+000
27  1.666800e+001
28  4.878200e+001
29  5.384500e+001
30  4.266300e+001
31  7.816500e+001
32  2.481200e+001
33  2.017000e+000
34  0.000000e+000
35  1.547800e+001
36  1.379500e+001
37  6.465000e+000
38  1.550500e+001
39  3.052800e+001
40  4.677400e+001
41  6.390500e+001
42  5.056200e+001
43  7.230300e+001
44  1.158300e+001
45  0.000000e+000
46  4.831000e+000
47  2.329800e+001
48  2.125600e+001
49  1.406400e+001
50  2.083700e+001
51  3.654400e+001
52  4.372900e+001
53  5.979400e+001
54  6.021900e+001
55  7.190200e+001
56  6.195000e+000
57  4.301000e+000
58  1.805800e+001
59  2.743000e+001
60  1.302300e+001
61  1.995600e+001
62  2.293900e+001
63  2.873800e+001
64  5.197200e+001
65  5.755200e+001
66  6.761900e+001
67  8.126400e+001
68  2.324300e+001
69  3.995000e+000
70  1.999000e+000
71  1.490200e+001
72  8.769000e+000
73  4.036000e+000
74  2.463300e+001
75  3.900200e+001
76  5.221600e+001
77  4.527200e+001
78  4.740500e+001
79  5.381600e+001
80  1.160400e+001
81  1.000000e+000
82  7.280000e+000
83  1.068800e+001
84  1.052100e+001
85  9.940000e+000
86  1.377900e+001
87  2.843200e+001
88  4.431500e+001
89  5.696100e+001
90  4.885300e+001
91  3.083000e+001
92  0.000000e+000
93  1.999000e+000
94  8.228000e+000
95  2.153200e+001
96  1.824800e+001
97  4.810000e+000
98  1.018500e+001
99  3.281500e+001
100  4.565400e+001
101  5.646700e+001
102  5.985700e+001
103  6.401100e+001
104  3.223000e+000
105  0.000000e+000
106  3.711000e+000
107  1.067100e+001
108  8.903000e+000
109  1.283800e+001
110  2.450500e+001
111  2.759100e+001
112  3.116100e+001
113  2.759200e+001
114  2.323300e+001
115  1.078600e+001
116  2.097100e+001
117  0.000000e+000
118  6.949000e+000
119  1.664400e+001
120  1.512000e+001
121  7.791000e+000
122  1.552500e+001
123  3.280300e+001
124  3.996200e+001
125  3.222500e+001
126  5.688500e+001
127  3.165500e+001
128  0.000000e+000
129  2.980000e+000
130  1.808400e+001
131  1.492300e+001
132  1.050800e+001
133  1.391700e+001
134  1.949400e+001
135  3.146000e+001
136  2.986400e+001
137  3.014800e+001
138  4.977600e+001
139  3.210900e+001
140  0.000000e+000
141  0.000000e+000
142  1.204100e+001
143  1.045700e+001
144  9.616000e+000
   7 
1  6.796000e+000
2  8.179000e+000
3  4.064800e+001
4  4.043100e+001
5  3.880200e+001
6  4.666200e+001
7  5.929700e+001
8  0.000000e+000
9  0.000000e+000
10  6.705000e+000
11  1.433200e+001
12  5.538000e+000
13  2.556000e+000
14  6.106000e+000
15  3.722500e+001
16  4.196300e+001
17  2.266100e+001
18  3.652700e+001
19  6.496500e+001
20  0.000000e+000
21  0.000000e+000
22  2.865300e+001
23  1.598800e+001
24  9.929000e+000
25  2.350000e+000
26  4.184000e+000
27  1.667000e+001
28  4.881900e+001
29  5.385000e+001
30  4.266300e+001
31  7.797300e+001
32  2.497800e+001
33  2.041000e+000
34  0.000000e+000
35  1.543400e+001
36  1.377400e+001
37  6.470000e+000
38  1.550900e+001
39  3.055100e+001
40  4.679000e+001
41  6.391600e+001
42  5.056200e+001
43  7.218000e+001
44  1.170600e+001
45  0.000000e+000
46  4.828000e+000
47  2.328700e+001
48  2.124800e+001
49  1.406900e+001
50  2.085200e+001
51  3.654800e+001
52  4.373200e+001
53  5.980800e+001
54  6.020600e+001
55  7.160800e+001
56  6.514000e+000
57  4.301000e+000
58  1.805700e+001
59  2.740500e+001
60  1.301800e+001
61  2.013800e+001
62  2.305200e+001
63  2.874100e+001
64  5.198100e+001
65  5.755500e+001
66  6.762000e+001
67  8.085200e+001
68  2.365600e+001
69  3.995000e+000
70  1.999000e+000
71  1.486300e+001
72  8.748000e+000
73  4.041000e+000
74  2.463800e+001
75  3.900600e+001
76  5.222500e+001
77  4.527200e+001
78  4.734700e+001
79  5.383700e+001
80  1.164100e+001
81  1.000000e+000
82  7.278000e+000
83  1.066500e+001
84  1.051300e+001
85  9.949000e+000
86  1.378000e+001
87  2.843500e+001
88  4.432200e+001
89  5.696900e+001
90  4.885800e+001
91  3.091800e+001
92  0.000000e+000
93  1.999000e+000
94  8.226000e+000
95  2.153000e+001
96  1.824700e+001
97  4.810000e+000
98  1.019600e+001
99  3.283300e+001
100  4.565500e+001
101  5.646800e+001
102  5.976100e+001
103  6.376800e+001
104  3.562000e+000
105  0.000000e+000
106  3.711000e+000
107  1.065100e+001
108  8.878000e+000
109  1.284700e+001
110  2.451200e+001
111  2.759100e+001
112  3.116200e+001
113  2.759300e+001
114  2.325900e+001
115  1.078600e+001
116  2.097100e+001
117  0.000000e+000
118  6.949000e+000
119  1.664300e+001
120  1.512000e+001
121  7.791000e+000
122  1.552600e+001
123  3.281900e+001
124  3.997100e+001
125  3.224500e+001
126  5.679600e+001
127  3.185600e+001
128  0.000000e+000
129  2.980000e+000
130  1.808400e+001
131  1.492200e+001
132  1.050800e+001
133  1.391800e+001
134  1.949700e+001
135  3.153200e+001
136  2.995600e+001
137  3.024500e+001
138  4.984200e+001
139  3.287100e+001
140  0.000000e+000
141  0.000000e+000
142  1.204200e+001
143  1.045900e+001
144  9.617000e+000
   8 
1  6.795000e+000
2  8.179000e+000
3  4.059300e+001
4  4.042900e+001
5  3.876800e+001
6  4.664900e+001
7  5.922100e+001
8  0.000000e+000
9  0.000000e+000
10  6.770000e+000
11  1.474000e+001
12  5.065000e+000
13  2.556000e+000
14  6.105000e+000
15  3.716700e+001
16  4.191300e+001
17  2.266000e+001
18  3.655800e+001
19  6.494200e+001
20  0.000000e+000
21  0.000000e+000
22  2.910500e+001
23  1.627200e+001
24  1.001000e+001
25  2.311000e+000
26  4.152000e+000
27  1.666100e+001
28  4.796200e+001
29  5.381300e+001
30  4.266900e+001
31  7.910400e+001
32  2.402700e+001
33  1.871000e+000
34  0.000000e+000
35  1.565700e+001
36  1.390600e+001
37  6.439000e+000
38  1.548200e+001
39  3.041300e+001
40  4.664900e+001
41  6.383400e+001
42  5.056400e+001
43  7.307000e+001
44  1.081200e+001
45  0.000000e+000
46  4.847000e+000
47  2.335700e+001
48  2.129400e+001
49  1.404400e+001
50  2.076300e+001
51  3.651800e+001
52  4.371300e+001
53  5.974600e+001
54  6.024900e+001
55  7.311700e+001
56  4.908000e+000
57  4.298000e+000
58  1.806300e+001
59  2.751300e+001
60  1.302800e+001
61  1.916900e+001
62  2.267200e+001
63  2.871100e+001
64  5.193800e+001
65  5.753300e+001
66  6.761800e+001
67  8.220900e+001
68  2.229600e+001
69  3.995000e+000
70  1.999000e+000
71  1.507300e+001
72  8.861000e+000
73  4.017000e+000
74  2.457800e+001
75  3.898800e+001
76  5.218500e+001
77  4.527000e+001
78  4.764000e+001
79  5.387300e+001
80  1.131000e+001
81  1.000000e+000
82  7.284000e+000
83  1.076800e+001
84  1.055100e+001
85  9.911000e+000
86  1.377100e+001
87  2.839700e+001
88  4.426800e+001
89  5.689400e+001
90  4.880000e+001
91  2.997000e+001
92  0.000000e+000
93  1.999000e+000
94  8.232000e+000
95  2.153500e+001
96  1.824900e+001
97  4.810000e+000
98  1.015200e+001
99  3.271600e+001
100  4.564100e+001
101  5.646400e+001
102  6.005000e+001
103  6.441300e+001
104  2.625000e+000
105  0.000000e+000
106  3.712000e+000
107  1.072100e+001
108  8.963000e+000
109  1.281500e+001
110  2.447800e+001
111  2.758600e+001
112  3.115300e+001
113  2.758400e+001
114  2.297400e+001
115  1.078600e+001
116  2.097100e+001
117  0.000000e+000
118  6.950000e+000
119  1.664600e+001
120  1.511400e+001
121  7.789000e+000
122  1.551800e+001
123  3.270200e+001
124  3.988000e+001
125  3.207200e+001
126  5.703600e+001
127  3.045200e+001
128  0.000000e+000
129  2.983000e+000
130  1.813500e+001
131  1.491500e+001
132  1.051600e+001
133  1.386300e+001
134  1.948500e+001
135  3.120200e+001
136  2.951700e+001
137  2.977700e+001
138  4.949300e+001
139  2.860900e+001
140  0.000000e+000
141  0.000000e+000
142  1.203500e+001
143  1.039700e+001
144  9.603000e+000
   9 
1  6.796000e+000
2  8.179000e+000
3  4.065200e+001
4  4.043100e+001
5  3.880700e+001
6  4.666400e+001
7  5.930700e+001
8  0.000000e+000
9  0.000000e+000
10  6.695000e+000
11  1.426800e+001
12  5.612000e+000
13  2.556000e+000
14  6.106000e+000
15  3.723400e+001
16  4.197100e+001
17  2.266200e+001
18  3.651200e+001
19  6.497900e+001
20  0.000000e+000
21  0.000000e+000
22  2.859400e+001
23  1.595100e+001
24  9.917000e+000
25  2.355000e+000
26  4.187000e+000
27  1.667000e+001
28  4.882500e+001
29  5.385400e+001
30  4.266200e+001
31  7.787800e+001
32  2.505000e+001
33  2.064000e+000
34  0.000000e+000
35  1.539600e+001
36  1.375500e+001
37  6.473000e+000
38  1.551200e+001
39  3.056400e+001
40  4.679700e+001
41  6.392200e+001
42  5.056200e+001
43  7.213300e+001
44  1.175400e+001
45  0.000000e+000
46  4.825000e+000
47  2.328100e+001
48  2.124400e+001
49  1.407200e+001
50  2.086100e+001
51  3.655100e+001
52  4.373400e+001
53  5.981500e+001
54  6.020000e+001
55  7.146800e+001
56  6.665000e+000
57  4.302000e+000
58  1.805600e+001
59  2.738900e+001
60  1.301200e+001
61  2.019400e+001
62  2.306100e+001
63  2.874300e+001
64  5.198600e+001
65  5.755700e+001
66  6.762000e+001
67  8.065200e+001
68  2.385600e+001
69  3.995000e+000
70  1.999000e+000
71  1.484400e+001
72  8.738000e+000
73  4.043000e+000
74  2.463800e+001
75  3.900600e+001
76  5.223000e+001
77  4.527200e+001
78  4.731200e+001
79  5.386200e+001
80  1.165100e+001
81  1.000000e+000
82  7.278000e+000
83  1.065100e+001
84  1.050900e+001
85  9.954000e+000
86  1.378100e+001
87  2.843600e+001
88  4.432300e+001
89  5.697000e+001
90  4.885800e+001
91  3.092700e+001
92  0.000000e+000
93  1.999000e+000
94  8.225000e+000
95  2.152900e+001
96  1.824700e+001
97  4.810000e+000
98  1.020200e+001
99  3.284300e+001
100  4.565500e+001
101  5.646800e+001
102  5.970500e+001
103  6.363000e+001
104  3.755000e+000
105  0.000000e+000
106  3.711000e+000
107  1.063500e+001
108  8.860000e+000
109  1.285300e+001
110  2.451700e+001
111  2.759200e+001
112  3.116300e+001
113  2.759300e+001
114  2.328100e+001
115  1.078600e+001
116  2.097100e+001
117  0.000000e+000
118  6.950000e+000
119  1.664500e+001
120  1.512100e+001
121  7.791000e+000
122  1.552600e+001
123  3.282600e+001
124  3.997300e+001
125  3.224800e+001
126  5.674600e+001
127  3.191600e+001
128  0.000000e+000
129  2.979000e+000
130  1.807500e+001
131  1.492400e+001
132  1.050600e+001
133  1.391800e+001
134  1.949800e+001
135  3.155800e+001
136  2.998900e+001
137  3.028000e+001
138  4.986200e+001
139  3.314100e+001
140  0.000000e+000
141  0.000000e+000
142  1.204200e+001
143  1.045900e+001
144  9.617000e+000
   10 
1  6.796000e+000
2  8.179000e+000
3  4.064800e+001
4  4.043100e+001
5  3.880300e+001
6  4.666300e+001
7  5.929800e+001
8  0.000000e+000
9  0.000000e+000
10  6.704000e+000
11  1.432400e+001
12  5.546000e+000
13  2.556000e+000
14  6.106000e+000
15  3.722600e+001
16  4.196400e+001
17  2.266100e+001
18  3.652600e+001
19  6.496500e+001
20  0.000000e+000
21  0.000000e+000
22  2.864600e+001
23  1.598400e+001
24  9.928000e+000
25  2.351000e+000
26  4.184000e+000
27  1.667000e+001
28  4.882000e+001
29  5.385000e+001
30  4.266200e+001
31  7.796100e+001
32  2.498700e+001
33  2.044000e+000
34  0.000000e+000
35  1.542900e+001
36  1.377200e+001
37  6.470000e+000
38  1.550900e+001
39  3.055300e+001
40  4.679100e+001
41  6.391700e+001
42  5.056200e+001
43  7.217400e+001
44  1.171300e+001
45  0.000000e+000
46  4.827000e+000
47  2.328700e+001
48  2.124800e+001
49  1.406900e+001
50  2.085300e+001
51  3.654900e+001
52  4.373300e+001
53  5.980900e+001
54  6.020500e+001
55  7.158900e+001
56  6.534000e+000
57  4.301000e+000
58  1.805700e+001
59  2.740300e+001
60  1.301700e+001
61  2.014600e+001
62  2.305300e+001
63  2.874100e+001
64  5.198100e+001
65  5.755500e+001
66  6.762000e+001
67  8.082600e+001
68  2.368100e+001
69  3.995000e+000
70  1.999000e+000
71  1.486000e+001
72  8.747000e+000
73  4.041000e+000
74  2.463800e+001
75  3.900600e+001
76  5.222600e+001
77  4.527200e+001
78  4.734300e+001
79  5.384000e+001
80  1.164200e+001
81  1.000000e+000
82  7.278000e+000
83  1.066300e+001
84  1.051300e+001
85  9.950000e+000
86  1.378000e+001
87  2.843500e+001
88  4.432200e+001
89  5.696900e+001
90  4.885800e+001
91  3.091900e+001
92  0.000000e+000
93  1.999000e+000
94  8.226000e+000
95  2.153000e+001
96  1.824700e+001
97  4.810000e+000
98  1.019600e+001
99  3.283400e+001
100  4.565500e+001
101  5.646800e+001
102  5.975400e+001
103  6.375100e+001
104  3.585000e+000
105  0.000000e+000
106  3.711000e+000
107  1.064900e+001
108  8.876000e+000
109  1.284700e+001
110  2.451300e+001
111  2.759200e+001
112  3.116200e+001
113  2.759300e+001
114  2.326200e+001
115  1.078600e+001
116  2.097100e+001
117  0.000000e+000
118  6.949000e+000
119  1.664300e+001
120  1.512000e+001
121  7.791000e+000
122  1.552600e+001
123  3.282000e+001
124  3.997200e+001
125  3.224600e+001
126  5.679000e+001
127  3.186400e+001
128  0.000000e+000
129  2.980000e+000
130  1.808400e+001
131  1.492200e+001
132  1.050800e+001
133  1.391800e+001
134  1.949700e+001
135  3.153500e+001
136  2.996000e+001
137  3.025000e+001
138  4.984500e+001
139  3.291000e+001
140  0.000000e+000
141  0.000000e+000
142  1.204200e+001
143  1.045900e+001
144  9.617000e+000
   11 
1  6.800000e+000
2  7.746000e+000
3  4.017000e+001
4  3.911400e+001
5  3.560100e+001
6  4.514700e+001
7  4.364600e+001
8  0.000000e+000
9  0.000000e+000
10  6.784000e+000
11  1.482600e+001
12  4.965000e+000
13  2.556000e+000
14  6.105000e+000
15  3.694100e+001
16  4.091400e+001
17  2.189100e+001
18  3.594100e+001
19  5.962900e+001
20  0.000000e+000
21  0.000000e+000
22  2.975500e+001
23  1.669400e+001
24  1.012800e+001
25  2.251000e+000
26  4.103000e+000
27  1.663800e+001
28  4.625500e+001
29  5.313900e+001
30  4.159500e+001
31  8.056800e+001
32  1.799900e+001
33  1.372000e+000
34  0.000000e+000
35  1.642800e+001
36  1.419200e+001
37  6.169000e+000
38  1.496700e+001
39  2.897900e+001
40  4.513700e+001
41  6.226400e+001
42  4.953800e+001
43  7.283500e+001
44  2.999000e+000
45  0.000000e+000
46  4.949000e+000
47  2.365500e+001
48  2.146400e+001
49  1.382500e+001
50  1.944900e+001
51  3.630100e+001
52  4.359400e+001
53  5.739900e+001
54  5.837700e+001
55  7.510200e+001
56  0.000000e+000
57  4.283000e+000
58  1.808800e+001
59  2.783000e+001
60  1.301900e+001
61  1.516700e+001
62  2.120300e+001
63  2.722600e+001
64  5.100100e+001
65  5.672700e+001
66  6.706000e+001
67  8.930300e+001
68  1.481800e+001
69  3.995000e+000
70  1.999000e+000
71  1.652900e+001
72  9.550000e+000
73  3.820000e+000
74  2.365900e+001
75  3.870800e+001
76  5.173900e+001
77  4.492600e+001
78  4.899500e+001
79  5.926800e+001
80  2.493000e+000
81  1.000000e+000
82  7.329000e+000
83  1.164100e+001
84  1.091800e+001
85  9.611000e+000
86  1.354000e+001
87  2.727200e+001
88  4.365100e+001
89  5.605300e+001
90  4.839100e+001
91  1.959800e+001
92  0.000000e+000
93  1.999000e+000
94  8.202000e+000
95  2.145700e+001
96  1.821700e+001
97  4.727000e+000
98  1.005300e+001
99  3.195200e+001
100  4.417800e+001
101  5.448500e+001
102  5.933500e+001
103  5.655000e+001
104  5.000000e-001
105  0.000000e+000
106  3.710000e+000
107  1.097800e+001
108  9.273000e+000
109  1.254300e+001
110  2.347800e+001
111  2.747900e+001
112  3.101600e+001
113  2.742800e+001
114  1.746500e+001
115  1.078600e+001
116  2.097100e+001
117  0.000000e+000
118  6.936000e+000
119  1.656900e+001
120  1.452800e+001
121  7.452000e+000
122  1.510400e+001
123  3.213400e+001
124  3.730000e+001
125  2.948800e+001
126  5.602400e+001
127  1.122700e+001
128  0.000000e+000
129  2.975000e+000
130  1.796100e+001
131  1.490400e+001
132  1.048200e+001
133  1.260800e+001
134  1.908100e+001
135  2.987400e+001
136  2.766300e+001
137  2.833900e+001
138  3.994200e+001
139  1.557900e+001
140  0.000000e+000
141  0.000000e+000
142  1.197900e+001
143  9.898000e+000
144  9.480000e+000
   12 
1  6.795000e+000
2  8.179000e+000
3  4.062000e+001
4  4.042900e+001
5  3.878200e+001
6  4.665500e+001
7  5.925400e+001
8  0.000000e+000
9  0.000000e+000
10  6.743000e+000
11  1.456900e+001
12  5.263000e+000
13  2.556000e+000
14  6.105000e+000
15  3.719200e+001
16  4.193400e+001
17  2.266000e+001
18  3.655700e+001
19  6.493900e+001
20  0.000000e+000
21  0.000000e+000
22  2.889500e+001
23  1.614000e+001
24  9.973000e+000
25  2.330000e+000
26  4.168000e+000
27  1.666500e+001
28  4.869800e+001
29  5.383200e+001
30  4.266600e+001
31  7.851300e+001
32  2.453000e+001
33  1.954000e+000
34  0.000000e+000
35  1.550800e+001
36  1.383600e+001
37  6.455000e+000
38  1.549500e+001
39  3.048200e+001
40  4.672700e+001
41  6.387800e+001
42  5.056300e+001
43  7.257800e+001
44  1.130800e+001
45  0.000000e+000
46  4.838000e+000
47  2.332900e+001
48  2.127100e+001
49  1.405600e+001
50  2.080400e+001
51  3.653300e+001
52  4.372300e+001
53  5.977400e+001
54  6.023500e+001
55  7.237400e+001
56  5.692000e+000
57  4.300000e+000
58  1.806000e+001
59  2.746600e+001
60  1.302700e+001
61  1.960700e+001
62  2.281300e+001
63  2.873200e+001
64  5.196100e+001
65  5.754900e+001
66  6.761900e+001
67  8.188500e+001
68  2.262100e+001
69  3.995000e+000
70  1.999000e+000
71  1.497100e+001
72  8.806000e+000
73  4.029000e+000
74  2.462300e+001
75  3.900300e+001
76  5.220800e+001
77  4.527100e+001
78  4.751800e+001
79  5.384100e+001
80  1.146400e+001
81  1.000000e+000
82  7.282000e+000
83  1.073100e+001
84  1.053700e+001
85  9.925000e+000
86  1.377500e+001
87  2.842600e+001
88  4.429800e+001
89  5.693700e+001
90  4.883400e+001
91  3.053500e+001
92  0.000000e+000
93  1.999000e+000
94  8.232000e+000
95  2.153500e+001
96  1.824900e+001
97  4.810000e+000
98  1.017100e+001
99  3.277100e+001
100  4.565400e+001
101  5.646700e+001
102  5.995700e+001
103  6.424500e+001
104  2.888000e+000
105  0.000000e+000
106  3.711000e+000
107  1.069200e+001
108  8.928000e+000
109  1.282900e+001
110  2.449700e+001
111  2.758900e+001
112  3.115900e+001
113  2.759100e+001
114  2.318800e+001
115  1.078600e+001
116  2.097100e+001
117  0.000000e+000
118  6.950000e+000
119  1.664500e+001
120  1.512000e+001
121  7.790000e+000
122  1.552000e+001
123  3.274300e+001
124  3.993500e+001
125  3.217200e+001
126  5.696900e+001
127  3.124500e+001
128  0.000000e+000
129  2.981000e+000
130  1.810800e+001
131  1.491900e+001
132  1.051200e+001
133  1.390700e+001
134  1.949100e+001
135  3.134900e+001
136  2.972000e+001
137  2.999300e+001
138  4.966200e+001
139  3.079200e+001
140  0.000000e+000
141  0.000000e+000
142  1.203900e+001
143  1.043200e+001
144  9.611000e+000
