   1 
1  3.091000e+000
2  2.530000e+000
3  2.332000e+001
4  1.046200e+001
5  8.946000e+000
6  7.119000e+000
7  6.586000e+000
8  5.886000e+000
9  5.100000e+000
10  4.718000e+000
11  4.088000e+000
12  3.782000e+000
13  3.380000e+000
14  3.244000e+000
15  1.424100e+001
16  1.119000e+001
17  8.060000e+000
18  6.983000e+000
19  6.461000e+000
20  5.774000e+000
21  5.003000e+000
22  4.629000e+000
23  4.011000e+000
24  3.712000e+000
25  3.317000e+000
26  3.355000e+000
27  4.366300e+001
28  1.426900e+001
29  9.345000e+000
30  8.406000e+000
31  7.777000e+000
32  6.950000e+000
33  6.022000e+000
34  5.571000e+000
35  4.828000e+000
36  4.467000e+000
37  4.229000e+000
38  1.122400e+001
39  1.201500e+001
40  6.157000e+000
41  9.898000e+000
42  8.370000e+000
43  7.744000e+000
44  6.921000e+000
45  5.996000e+000
46  5.548000e+000
47  4.811000e+000
48  9.120000e+000
49  1.736900e+001
50  1.643100e+001
51  1.274100e+001
52  1.736800e+001
53  1.654400e+001
54  9.945000e+000
55  9.314000e+000
56  9.301000e+000
57  9.000000e+000
58  8.782000e+000
59  8.701000e+000
60  1.070500e+001
61  1.152000e+001
62  1.143600e+001
63  8.071000e+000
64  1.242200e+001
65  1.211900e+001
66  1.231300e+001
67  9.870000e+000
68  9.304000e+000
69  9.003000e+000
70  9.301000e+000
71  8.556000e+000
72  7.917000e+000
73  7.075000e+000
74  5.955000e+000
75  6.491000e+000
76  2.564800e+001
77  9.591000e+000
78  9.002000e+000
79  9.268000e+000
80  8.554000e+000
81  7.411000e+000
82  6.857000e+000
83  5.941000e+000
84  5.497000e+000
85  4.913000e+000
86  3.988000e+000
87  3.984000e+000
88  4.079000e+000
89  3.208000e+000
90  2.780000e+000
91  2.572000e+000
92  2.299000e+000
93  1.992000e+000
94  1.843000e+000
95  1.599000e+000
96  1.481000e+000
97  1.324000e+000
98  1.908900e+001
99  3.927900e+001
100  7.468000e+000
101  7.774000e+000
102  6.717000e+000
103  6.215000e+000
104  5.554000e+000
105  4.812000e+000
106  4.452000e+000
107  3.858000e+000
108  3.570000e+000
109  3.209000e+000
110  2.598000e+000
111  2.579000e+000
112  2.236000e+000
113  2.069000e+000
114  1.792000e+000
115  1.659000e+000
116  1.483000e+000
117  1.285000e+000
118  1.189000e+000
119  1.032000e+000
120  1.803000e+000
121  8.750000e-001
122  4.321000e+000
123  1.464200e+001
124  4.697000e+000
125  4.072000e+000
126  3.530000e+000
127  3.228000e+000
128  2.869000e+000
129  2.486000e+000
130  2.300000e+000
131  1.994000e+000
132  2.284000e+000
133  2.197000e+000
134  6.405000e+000
135  1.528000e+000
136  1.330000e+000
137  1.221000e+000
138  1.058000e+000
139  9.790000e-001
140  8.760000e-001
141  7.590000e-001
142  7.020000e-001
143  6.090000e-001
144  5.640000e-001
   2 
1  1.919000e+000
2  1.133700e+001
3  6.955200e+001
4  3.227900e+001
5  7.943000e+000
6  7.970000e-001
7  7.510000e-001
8  6.830000e-001
9  6.020000e-001
10  6.110000e-001
11  5.270000e-001
12  4.820000e-001
13  4.390000e-001
14  2.904900e+001
15  6.194500e+001
16  2.490800e+001
17  6.930000e-001
18  6.100000e-001
19  5.740000e-001
20  5.220000e-001
21  4.610000e-001
22  7.662000e+000
23  4.600000e-001
24  3.002000e+000
25  4.430000e-001
26  2.875000e+001
27  6.431400e+001
28  3.591700e+001
29  3.079700e+001
30  4.861000e+000
31  7.000000e-001
32  6.440000e-001
33  5.660000e-001
34  5.300000e-001
35  7.843000e+000
36  4.758000e+000
37  1.081800e+001
38  2.506600e+001
39  3.724800e+001
40  2.748500e+001
41  3.312800e+001
42  9.680000e-001
43  7.770000e-001
44  7.070000e-001
45  6.230000e-001
46  5.870000e-001
47  4.372700e+001
48  2.505900e+001
49  3.609800e+001
50  1.956600e+001
51  3.662400e+001
52  4.906000e+001
53  3.690000e+001
54  6.972000e+000
55  8.700000e-001
56  7.920000e-001
57  6.980000e-001
58  6.580000e-001
59  6.524400e+001
60  8.111000e+000
61  9.352000e+000
62  2.353800e+001
63  3.358000e+000
64  6.120700e+001
65  3.960500e+001
66  2.423600e+001
67  1.060000e+000
68  9.410000e-001
69  8.300000e-001
70  7.810000e-001
71  4.272000e+000
72  6.880000e-001
73  2.111000e+000
74  2.762300e+001
75  2.008900e+001
76  7.301600e+001
77  5.388000e+000
78  1.228000e+000
79  1.010000e+000
80  9.190000e-001
81  8.110000e-001
82  1.878000e+000
83  1.180000e+000
84  1.684000e+000
85  5.540000e+000
86  1.371000e+000
87  4.379000e+000
88  3.681600e+001
89  9.024000e+000
90  7.630000e-001
91  7.200000e-001
92  6.550000e-001
93  5.780000e-001
94  2.256000e+000
95  2.525200e+001
96  6.936000e+000
97  6.340000e-001
98  3.532100e+001
99  8.998900e+001
100  1.655100e+001
101  1.850800e+001
102  1.505000e+000
103  8.190000e-001
104  7.460000e-001
105  6.580000e-001
106  6.190000e-001
107  2.468000e+000
108  5.520000e-001
109  1.461500e+001
110  3.574000e+000
111  3.119000e+000
112  1.224600e+001
113  1.247000e+000
114  4.310000e-001
115  4.350000e-001
116  1.663000e+000
117  3.420000e-001
118  7.600000e-001
119  2.483000e+001
120  7.201000e+000
121  2.033000e+000
122  1.026200e+001
123  6.017900e+001
124  1.324900e+001
125  5.110000e-001
126  4.310000e-001
127  4.050000e-001
128  3.690000e-001
129  5.490000e-001
130  5.920000e-001
131  5.168000e+000
132  1.372200e+001
133  5.426000e+000
134  2.758300e+001
135  5.320000e+000
136  8.879000e+000
137  1.567000e+000
138  5.370000e-001
139  5.260000e-001
140  4.640000e-001
141  4.090000e-001
142  4.370000e-001
143  5.180000e-001
144  7.610000e-001
   3 
1  3.066000e+000
2  2.705000e+000
3  2.822900e+001
4  9.631000e+000
5  7.131000e+000
6  5.514000e+000
7  5.321000e+000
8  4.963000e+000
9  4.485000e+000
10  4.327000e+000
11  3.911000e+000
12  3.773000e+000
13  3.519000e+000
14  4.202000e+000
15  1.733300e+001
16  1.025400e+001
17  6.342000e+000
18  5.736000e+000
19  5.535000e+000
20  5.163000e+000
21  4.665000e+000
22  4.502000e+000
23  4.068000e+000
24  3.907000e+000
25  3.610000e+000
26  4.071000e+000
27  4.963000e+001
28  1.450900e+001
29  8.097000e+000
30  6.478000e+000
31  6.266000e+000
32  5.845000e+000
33  5.281000e+000
34  5.096000e+000
35  4.605000e+000
36  4.444000e+000
37  4.868000e+000
38  1.447800e+001
39  1.421200e+001
40  5.176000e+000
41  8.980000e+000
42  6.644000e+000
43  6.431000e+000
44  5.999000e+000
45  5.421000e+000
46  5.230000e+000
47  4.731000e+000
48  9.689000e+000
49  1.895400e+001
50  1.660400e+001
51  1.182800e+001
52  1.897900e+001
53  1.632200e+001
54  1.032100e+001
55  9.967000e+000
56  9.271000e+000
57  8.282000e+000
58  7.991000e+000
59  9.713000e+000
60  1.090000e+001
61  1.260100e+001
62  1.185200e+001
63  7.579000e+000
64  1.403500e+001
65  1.189900e+001
66  1.288500e+001
67  1.155600e+001
68  1.078300e+001
69  9.627000e+000
70  9.269000e+000
71  8.376000e+000
72  8.082000e+000
73  7.538000e+000
74  6.820000e+000
75  7.629000e+000
76  2.885600e+001
77  1.040600e+001
78  9.450000e+000
79  9.119000e+000
80  8.444000e+000
81  7.577000e+000
82  7.311000e+000
83  6.606000e+000
84  6.375000e+000
85  5.946000e+000
86  5.026000e+000
87  5.402000e+000
88  6.210000e+000
89  4.574000e+000
90  4.134000e+000
91  3.989000e+000
92  3.720000e+000
93  3.362000e+000
94  3.244000e+000
95  2.933000e+000
96  2.831000e+000
97  2.641000e+000
98  2.440000e+001
99  4.492700e+001
100  5.746000e+000
101  6.298000e+000
102  5.538000e+000
103  5.345000e+000
104  4.985000e+000
105  4.505000e+000
106  4.347000e+000
107  3.928000e+000
108  3.790000e+000
109  3.701000e+000
110  3.026000e+000
111  3.060000e+000
112  2.766000e+000
113  2.669000e+000
114  2.412000e+000
115  2.327000e+000
116  2.171000e+000
117  1.962000e+000
118  1.893000e+000
119  1.712000e+000
120  3.411000e+000
121  1.564000e+000
122  6.821000e+000
123  1.724500e+001
124  4.233000e+000
125  3.215000e+000
126  2.906000e+000
127  2.804000e+000
128  2.615000e+000
129  2.363000e+000
130  2.281000e+000
131  2.062000e+000
132  2.802000e+000
133  2.810000e+000
134  9.536000e+000
135  1.763000e+000
136  1.648000e+000
137  1.543000e+000
138  1.391000e+000
139  1.326000e+000
140  1.237000e+000
141  1.118000e+000
142  1.079000e+000
143  9.750000e-001
144  9.410000e-001
   4 
1  3.521000e+000
2  2.884000e+000
3  1.913200e+001
4  9.360000e+000
5  9.166000e+000
6  7.605000e+000
7  6.998000e+000
8  6.313000e+000
9  5.521000e+000
10  5.155000e+000
11  4.508000e+000
12  4.210000e+000
13  3.798000e+000
14  3.241000e+000
15  1.193800e+001
16  9.967000e+000
17  8.488000e+000
18  7.279000e+000
19  6.764000e+000
20  6.102000e+000
21  5.336000e+000
22  4.983000e+000
23  4.358000e+000
24  4.070000e+000
25  3.672000e+000
26  3.201000e+000
27  3.999500e+001
28  1.341100e+001
29  8.747000e+000
30  8.864000e+000
31  8.172000e+000
32  7.326000e+000
33  6.407000e+000
34  5.982000e+000
35  5.232000e+000
36  4.886000e+000
37  4.454000e+000
38  9.461000e+000
39  1.052500e+001
40  6.280000e+000
41  9.254000e+000
42  8.785000e+000
43  8.139000e+000
44  7.279000e+000
45  6.365000e+000
46  5.943000e+000
47  5.202000e+000
48  8.417000e+000
49  1.517100e+001
50  1.546200e+001
51  1.200000e+001
52  1.772500e+001
53  1.729000e+001
54  1.350100e+001
55  1.257900e+001
56  1.134800e+001
57  9.923000e+000
58  9.266000e+000
59  8.543000e+000
60  1.047100e+001
61  1.121400e+001
62  1.098700e+001
63  8.845000e+000
64  1.142900e+001
65  1.357600e+001
66  1.472900e+001
67  1.395100e+001
68  1.258600e+001
69  1.100600e+001
70  1.027700e+001
71  8.987000e+000
72  8.392000e+000
73  7.571000e+000
74  6.411000e+000
75  6.660000e+000
76  2.305700e+001
77  1.219600e+001
78  1.063100e+001
79  9.927000e+000
80  8.955000e+000
81  7.831000e+000
82  7.312000e+000
83  6.395000e+000
84  5.971000e+000
85  5.388000e+000
86  4.412000e+000
87  4.429000e+000
88  4.085000e+000
89  3.631000e+000
90  3.176000e+000
91  2.966000e+000
92  2.675000e+000
93  2.340000e+000
94  2.185000e+000
95  1.913000e+000
96  1.787000e+000
97  1.613000e+000
98  1.623400e+001
99  3.490100e+001
100  7.263000e+000
101  8.072000e+000
102  7.247000e+000
103  6.598000e+000
104  5.953000e+000
105  5.205000e+000
106  4.861000e+000
107  4.251000e+000
108  3.970000e+000
109  3.581000e+000
110  2.933000e+000
111  2.945000e+000
112  2.576000e+000
113  2.406000e+000
114  2.104000e+000
115  1.965000e+000
116  1.773000e+000
117  1.550000e+000
118  1.448000e+000
119  1.268000e+000
120  1.560000e+000
121  1.083000e+000
122  3.247000e+000
123  1.306300e+001
124  4.119000e+000
125  4.302000e+000
126  3.811000e+000
127  3.562000e+000
128  3.145000e+000
129  2.714000e+000
130  2.534000e+000
131  2.217000e+000
132  2.282000e+000
133  2.159000e+000
134  4.684000e+000
135  1.792000e+000
136  1.668000e+000
137  1.532000e+000
138  1.340000e+000
139  1.252000e+000
140  1.129000e+000
141  9.880000e-001
142  9.220000e-001
143  8.070000e-001
144  7.540000e-001
   5 
1  1.463000e+000
2  2.661000e+000
3  4.276800e+001
4  1.420000e+001
5  7.549000e+000
6  4.295000e+000
7  3.856000e+000
8  3.343000e+000
9  2.811000e+000
10  2.524000e+000
11  2.123000e+000
12  1.906000e+000
13  1.653000e+000
14  6.089000e+000
15  2.723300e+001
16  1.335800e+001
17  5.672000e+000
18  4.652000e+000
19  4.177000e+000
20  3.621000e+000
21  3.044000e+000
22  2.734000e+000
23  2.300000e+000
24  2.066000e+000
25  1.791000e+000
26  5.727000e+000
27  5.407100e+001
28  1.425000e+001
29  1.187000e+001
30  6.445000e+000
31  5.668000e+000
32  4.913000e+000
33  4.131000e+000
34  3.710000e+000
35  3.120000e+000
36  2.802000e+000
37  7.219000e+000
38  1.420000e+001
39  1.914000e+001
40  5.561000e+000
41  1.195600e+001
42  6.340000e+000
43  5.606000e+000
44  4.860000e+000
45  4.087000e+000
46  3.670000e+000
47  3.858000e+000
48  1.235500e+001
49  2.758000e+001
50  2.005600e+001
51  1.674500e+001
52  2.703300e+001
53  2.116000e+001
54  1.022500e+001
55  9.039000e+000
56  7.836000e+000
57  6.588000e+000
58  5.916000e+000
59  1.534700e+001
60  1.124800e+001
61  1.447500e+001
62  1.287800e+001
63  4.746000e+000
64  2.215400e+001
65  1.592300e+001
66  1.461100e+001
67  1.025300e+001
68  9.204000e+000
69  7.738000e+000
70  6.948000e+000
71  5.843000e+000
72  5.246000e+000
73  4.576000e+000
74  6.838000e+000
75  7.050000e+000
76  3.865900e+001
77  9.128000e+000
78  7.714000e+000
79  6.926000e+000
80  6.004000e+000
81  5.049000e+000
82  4.533000e+000
83  3.812000e+000
84  3.423000e+000
85  2.968000e+000
86  2.340000e+000
87  4.211000e+000
88  7.413000e+000
89  1.840000e+000
90  1.546000e+000
91  1.388000e+000
92  1.204000e+000
93  1.013000e+000
94  9.100000e-001
95  9.030000e-001
96  7.860000e-001
97  6.200000e-001
98  3.370800e+001
99  5.585200e+001
100  5.658000e+000
101  6.625000e+000
102  4.281000e+000
103  3.716000e+000
104  3.222000e+000
105  2.709000e+000
106  2.433000e+000
107  2.046000e+000
108  1.837000e+000
109  3.181000e+000
110  1.574000e+000
111  1.238000e+000
112  1.464000e+000
113  9.490000e-001
114  7.980000e-001
115  7.170000e-001
116  6.220000e-001
117  5.230000e-001
118  4.700000e-001
119  9.720000e-001
120  6.193000e+000
121  5.260000e-001
122  1.174900e+001
123  2.265300e+001
124  5.380000e+000
125  2.090000e+000
126  1.776000e+000
127  1.597000e+000
128  1.344000e+000
129  1.107000e+000
130  9.950000e-001
131  8.370000e-001
132  2.812000e+000
133  3.043000e+000
134  1.868200e+001
135  8.180000e-001
136  1.223000e+000
137  6.480000e-001
138  5.290000e-001
139  4.760000e-001
140  4.130000e-001
141  3.470000e-001
142  3.120000e-001
143  2.630000e-001
144  2.370000e-001
   6 
1  3.441000e+000
2  2.919000e+000
3  2.351600e+001
4  9.209000e+000
5  7.698000e+000
6  6.284000e+000
7  6.039000e+000
8  5.610000e+000
9  5.048000e+000
10  4.852000e+000
11  4.367000e+000
12  4.162000e+000
13  3.866000e+000
14  3.787000e+000
15  1.464500e+001
16  1.007400e+001
17  7.066000e+000
18  6.360000e+000
19  6.112000e+000
20  5.677000e+000
21  5.109000e+000
22  4.900000e+000
23  4.383000e+000
24  4.213000e+000
25  3.914000e+000
26  4.026000e+000
27  4.462500e+001
28  1.418600e+001
29  8.245000e+000
30  7.285000e+000
31  7.002000e+000
32  6.504000e+000
33  5.853000e+000
34  5.625000e+000
35  5.035000e+000
36  4.826000e+000
37  4.738000e+000
38  1.188700e+001
39  1.252600e+001
40  5.826000e+000
41  9.006000e+000
42  7.411000e+000
43  7.124000e+000
44  6.617000e+000
45  5.955000e+000
46  5.723000e+000
47  5.124000e+000
48  9.208000e+000
49  1.680400e+001
50  1.578600e+001
51  1.166400e+001
52  1.759700e+001
53  1.625800e+001
54  1.134300e+001
55  1.083700e+001
56  1.004200e+001
57  9.038000e+000
58  8.685000e+000
59  8.935000e+000
60  1.075300e+001
61  1.185300e+001
62  1.154600e+001
63  8.254000e+000
64  1.265600e+001
65  1.246800e+001
66  1.324600e+001
67  1.238600e+001
68  1.143800e+001
69  1.029400e+001
70  9.892000e+000
71  8.903000e+000
72  8.556000e+000
73  7.948000e+000
74  6.944000e+000
75  7.577000e+000
76  2.618800e+001
77  1.112500e+001
78  1.001900e+001
79  9.553000e+000
80  8.870000e+000
81  7.983000e+000
82  7.671000e+000
83  6.904000e+000
84  6.635000e+000
85  6.164000e+000
86  5.190000e+000
87  5.375000e+000
88  5.492000e+000
89  4.654000e+000
90  4.189000e+000
91  4.025000e+000
92  3.739000e+000
93  3.365000e+000
94  3.234000e+000
95  2.912000e+000
96  2.800000e+000
97  2.601000e+000
98  2.039700e+001
99  4.016300e+001
100  6.487000e+000
101  6.813000e+000
102  6.135000e+000
103  5.895000e+000
104  5.476000e+000
105  4.928000e+000
106  4.736000e+000
107  4.263000e+000
108  4.097000e+000
109  3.796000e+000
110  3.188000e+000
111  3.282000e+000
112  2.955000e+000
113  2.840000e+000
114  2.556000e+000
115  2.456000e+000
116  2.282000e+000
117  2.054000e+000
118  1.974000e+000
119  1.778000e+000
120  2.591000e+000
121  1.602000e+000
122  5.070000e+000
123  1.531800e+001
124  4.244000e+000
125  3.624000e+000
126  3.261000e+000
127  3.134000e+000
128  2.911000e+000
129  2.619000e+000
130  2.518000e+000
131  2.266000e+000
132  2.634000e+000
133  2.581000e+000
134  6.863000e+000
135  1.892000e+000
136  1.715000e+000
137  1.637000e+000
138  1.473000e+000
139  1.409000e+000
140  1.305000e+000
141  1.174000e+000
142  1.128000e+000
143  1.016000e+000
144  9.770000e-001
   7 
1  3.642000e+000
2  2.990000e+000
3  1.781100e+001
4  8.693000e+000
5  9.080000e+000
6  7.812000e+000
7  7.108000e+000
8  6.429000e+000
9  5.636000e+000
10  5.276000e+000
11  4.625000e+000
12  4.330000e+000
13  3.916000e+000
14  3.281000e+000
15  1.124200e+001
16  9.231000e+000
17  8.451000e+000
18  7.485000e+000
19  6.846000e+000
20  6.192000e+000
21  5.428000e+000
22  5.082000e+000
23  4.455000e+000
24  4.171000e+000
25  3.773000e+000
26  3.242000e+000
27  3.892900e+001
28  1.294300e+001
29  8.258000e+000
30  8.810000e+000
31  8.390000e+000
32  7.424000e+000
33  6.508000e+000
34  6.092000e+000
35  5.341000e+000
36  5.001000e+000
37  4.544000e+000
38  8.980000e+000
39  1.002400e+001
40  6.100000e+000
41  8.886000e+000
42  8.742000e+000
43  8.339000e+000
44  7.372000e+000
45  6.463000e+000
46  6.050000e+000
47  5.308000e+000
48  8.147000e+000
49  1.435100e+001
50  1.505400e+001
51  1.147400e+001
52  1.724000e+001
53  1.673300e+001
54  1.364000e+001
55  1.265600e+001
56  1.144700e+001
57  1.003400e+001
58  9.393000e+000
59  8.547000e+000
60  1.029900e+001
61  1.117900e+001
62  1.076700e+001
63  8.975000e+000
64  1.110500e+001
65  1.302000e+001
66  1.445700e+001
67  1.406400e+001
68  1.264800e+001
69  1.108800e+001
70  1.037900e+001
71  9.099000e+000
72  8.518000e+000
73  7.704000e+000
74  6.539000e+000
75  6.703000e+000
76  2.180800e+001
77  1.196900e+001
78  1.083000e+001
79  1.002100e+001
80  9.063000e+000
81  7.945000e+000
82  7.437000e+000
83  6.520000e+000
84  6.103000e+000
85  5.521000e+000
86  4.532000e+000
87  4.560000e+000
88  4.129000e+000
89  3.754000e+000
90  3.292000e+000
91  3.081000e+000
92  2.787000e+000
93  2.443000e+000
94  2.287000e+000
95  2.007000e+000
96  1.880000e+000
97  1.701000e+000
98  1.541400e+001
99  3.348000e+001
100  6.735000e+000
101  8.016000e+000
102  7.444000e+000
103  6.706000e+000
104  6.065000e+000
105  5.316000e+000
106  4.977000e+000
107  4.363000e+000
108  4.084000e+000
109  3.694000e+000
110  3.033000e+000
111  3.052000e+000
112  2.677000e+000
113  2.506000e+000
114  2.197000e+000
115  2.057000e+000
116  1.860000e+000
117  1.631000e+000
118  1.527000e+000
119  1.340000e+000
120  1.528000e+000
121  1.148000e+000
122  2.967000e+000
123  1.258700e+001
124  3.692000e+000
125  4.275000e+000
126  3.909000e+000
127  3.684000e+000
128  3.217000e+000
129  2.776000e+000
130  2.599000e+000
131  2.279000e+000
132  2.291000e+000
133  2.159000e+000
134  4.246000e+000
135  1.847000e+000
136  1.788000e+000
137  1.631000e+000
138  1.425000e+000
139  1.334000e+000
140  1.207000e+000
141  1.058000e+000
142  9.910000e-001
143  8.690000e-001
144  8.140000e-001
   8 
1  2.118000e+000
2  2.327000e+000
3  3.548600e+001
4  1.218200e+001
5  7.590000e+000
6  5.213000e+000
7  4.799000e+000
8  4.268000e+000
9  3.708000e+000
10  3.440000e+000
11  2.989000e+000
12  2.773000e+000
13  2.486000e+000
14  4.730000e+000
15  2.191300e+001
16  1.230300e+001
17  6.317000e+000
18  5.474000e+000
19  5.014000e+000
20  4.494000e+000
21  3.904000e+000
22  3.623000e+000
23  3.148000e+000
24  2.921000e+000
25  2.618000e+000
26  4.446000e+000
27  5.584800e+001
28  1.561300e+001
29  9.693000e+000
30  6.283000e+000
31  5.834000e+000
32  5.151000e+000
33  4.472000e+000
34  4.149000e+000
35  3.605000e+000
36  3.346000e+000
37  5.153000e+000
38  1.126200e+001
39  1.701600e+001
40  5.405000e+000
41  1.084500e+001
42  6.868000e+000
43  6.353000e+000
44  5.629000e+000
45  4.891000e+000
46  4.537000e+000
47  4.032000e+000
48  1.108600e+001
49  2.349700e+001
50  1.859300e+001
51  1.476700e+001
52  2.319600e+001
53  1.984500e+001
54  1.087200e+001
55  1.003300e+001
56  8.991000e+000
57  7.812000e+000
58  7.248000e+000
59  1.193400e+001
60  1.133600e+001
61  1.360300e+001
62  1.254100e+001
63  6.377000e+000
64  1.787700e+001
65  1.436500e+001
66  1.483800e+001
67  1.164800e+001
68  1.043900e+001
69  9.070000e+000
70  8.414000e+000
71  7.311000e+000
72  6.783000e+000
73  6.079000e+000
74  6.326000e+000
75  7.113000e+000
76  3.408200e+001
77  1.017900e+001
78  8.780000e+000
79  8.146000e+000
80  7.301000e+000
81  6.343000e+000
82  5.885000e+000
83  5.113000e+000
84  4.744000e+000
85  4.252000e+000
86  3.461000e+000
87  4.306000e+000
88  6.143000e+000
89  2.852000e+000
90  2.479000e+000
91  2.300000e+000
92  2.061000e+000
93  1.791000e+000
94  1.662000e+000
95  1.446000e+000
96  1.350000e+000
97  1.204000e+000
98  2.864200e+001
99  5.056000e+001
100  5.801000e+000
101  6.387000e+000
102  4.960000e+000
103  4.602000e+000
104  4.106000e+000
105  3.528000e+000
106  3.274000e+000
107  2.844000e+000
108  2.639000e+000
109  3.066000e+000
110  2.083000e+000
111  1.937000e+000
112  1.713000e+000
113  1.565000e+000
114  1.359000e+000
115  1.261000e+000
116  1.131000e+000
117  9.830000e-001
118  9.120000e-001
119  8.360000e-001
120  4.243000e+000
121  7.240000e-001
122  8.838000e+000
123  1.962000e+001
124  4.926000e+000
125  2.746000e+000
126  2.383000e+000
127  2.211000e+000
128  1.981000e+000
129  1.722000e+000
130  1.598000e+000
131  1.389000e+000
132  2.682000e+000
133  2.775000e+000
134  1.353200e+001
135  1.167000e+000
136  1.220000e+000
137  9.550000e-001
138  8.300000e-001
139  7.700000e-001
140  6.800000e-001
141  5.910000e-001
142  5.480000e-001
143  4.770000e-001
144  4.430000e-001
   9 
1  3.745000e+000
2  3.041000e+000
3  1.546100e+001
4  9.825000e+000
5  9.935000e+000
6  8.470000e+000
7  7.806000e+000
8  6.842000e+000
9  5.931000e+000
10  5.490000e+000
11  4.759000e+000
12  4.405000e+000
13  3.939000e+000
14  3.199000e+000
15  9.996000e+000
16  1.030400e+001
17  9.180000e+000
18  7.972000e+000
19  7.272000e+000
20  6.438000e+000
21  5.581000e+000
22  5.167000e+000
23  4.479000e+000
24  4.147000e+000
25  3.708000e+000
26  3.113000e+000
27  3.525400e+001
28  1.368200e+001
29  9.735000e+000
30  9.770000e+000
31  9.077000e+000
32  7.966000e+000
33  6.865000e+000
34  6.355000e+000
35  5.509000e+000
36  5.100000e+000
37  4.561000e+000
38  7.312000e+000
39  9.102000e+000
40  7.135000e+000
41  9.780000e+000
42  9.557000e+000
43  8.891000e+000
44  7.843000e+000
45  6.725000e+000
46  6.225000e+000
47  5.401000e+000
48  8.053000e+000
49  1.378200e+001
50  1.469300e+001
51  1.261700e+001
52  1.713400e+001
53  1.802100e+001
54  1.479400e+001
55  1.347800e+001
56  1.205100e+001
57  1.044700e+001
58  9.670000e+000
59  8.531000e+000
60  1.022800e+001
61  1.051700e+001
62  1.065300e+001
63  9.279000e+000
64  1.109500e+001
65  1.486200e+001
66  1.553900e+001
67  1.485300e+001
68  1.311100e+001
69  1.136500e+001
70  1.052000e+001
71  9.120000e+000
72  8.442000e+000
73  7.549000e+000
74  6.338000e+000
75  6.527000e+000
76  2.100800e+001
77  1.296900e+001
78  1.125500e+001
79  1.025100e+001
80  9.166000e+000
81  7.945000e+000
82  7.355000e+000
83  6.376000e+000
84  5.902000e+000
85  5.278000e+000
86  4.286000e+000
87  4.266000e+000
88  3.713000e+000
89  3.428000e+000
90  2.972000e+000
91  2.752000e+000
92  2.461000e+000
93  2.133000e+000
94  1.975000e+000
95  1.714000e+000
96  1.588000e+000
97  1.420000e+000
98  1.253000e+001
99  3.078600e+001
100  8.750000e+000
101  9.128000e+000
102  8.091000e+000
103  7.492000e+000
104  6.561000e+000
105  5.667000e+000
106  5.245000e+000
107  4.547000e+000
108  4.210000e+000
109  3.764000e+000
110  3.057000e+000
111  3.043000e+000
112  2.639000e+000
113  2.443000e+000
114  2.118000e+000
115  1.961000e+000
116  1.754000e+000
117  1.521000e+000
118  1.408000e+000
119  1.222000e+000
120  1.201000e+000
121  1.018000e+000
122  1.948000e+000
123  1.125200e+001
124  4.757000e+000
125  4.804000e+000
126  4.176000e+000
127  3.866000e+000
128  3.457000e+000
129  2.997000e+000
130  2.774000e+000
131  2.406000e+000
132  2.261000e+000
133  2.045000e+000
134  2.976000e+000
135  1.929000e+000
136  1.904000e+000
137  1.755000e+000
138  1.496000e+000
139  1.385000e+000
140  1.239000e+000
141  1.074000e+000
142  9.950000e-001
143  8.620000e-001
144  7.990000e-001
   10 
1  3.685000e+000
2  3.027000e+000
3  1.733000e+001
4  8.346000e+000
5  8.966000e+000
6  7.907000e+000
7  7.146000e+000
8  6.468000e+000
9  5.675000e+000
10  5.317000e+000
11  4.665000e+000
12  4.371000e+000
13  3.956000e+000
14  3.300000e+000
15  1.099200e+001
16  8.866000e+000
17  8.353000e+000
18  7.586000e+000
19  6.874000e+000
20  6.222000e+000
21  5.459000e+000
22  5.115000e+000
23  4.488000e+000
24  4.206000e+000
25  3.807000e+000
26  3.262000e+000
27  3.854700e+001
28  1.273000e+001
29  7.974000e+000
30  8.705000e+000
31  8.491000e+000
32  7.457000e+000
33  6.543000e+000
34  6.130000e+000
35  5.379000e+000
36  5.040000e+000
37  4.579000e+000
38  8.816000e+000
39  9.838000e+000
40  5.971000e+000
41  8.685000e+000
42  8.662000e+000
43  8.428000e+000
44  7.404000e+000
45  6.496000e+000
46  6.086000e+000
47  5.344000e+000
48  8.039000e+000
49  1.400800e+001
50  1.486000e+001
51  1.122500e+001
52  1.696700e+001
53  1.643600e+001
54  1.367200e+001
55  1.268200e+001
56  1.147900e+001
57  1.007100e+001
58  9.436000e+000
59  8.552000e+000
60  1.021800e+001
61  1.117200e+001
62  1.067400e+001
63  8.991000e+000
64  1.096200e+001
65  1.270900e+001
66  1.425000e+001
67  1.412300e+001
68  1.266900e+001
69  1.111500e+001
70  1.041300e+001
71  9.137000e+000
72  8.560000e+000
73  7.749000e+000
74  6.583000e+000
75  6.716000e+000
76  2.130000e+001
77  1.174900e+001
78  1.092800e+001
79  1.005300e+001
80  9.099000e+000
81  7.983000e+000
82  7.480000e+000
83  6.563000e+000
84  6.149000e+000
85  5.566000e+000
86  4.573000e+000
87  4.605000e+000
88  4.149000e+000
89  3.797000e+000
90  3.332000e+000
91  3.121000e+000
92  2.826000e+000
93  2.479000e+000
94  2.323000e+000
95  2.040000e+000
96  1.913000e+000
97  1.731000e+000
98  1.513700e+001
99  3.295400e+001
100  6.398000e+000
101  7.898000e+000
102  7.494000e+000
103  6.779000e+000
104  6.103000e+000
105  5.355000e+000
106  5.017000e+000
107  4.402000e+000
108  4.124000e+000
109  3.733000e+000
110  3.067000e+000
111  3.090000e+000
112  2.712000e+000
113  2.541000e+000
114  2.229000e+000
115  2.089000e+000
116  1.891000e+000
117  1.659000e+000
118  1.555000e+000
119  1.366000e+000
120  1.522000e+000
121  1.170000e+000
122  2.874000e+000
123  1.242200e+001
124  3.471000e+000
125  4.205000e+000
126  3.932000e+000
127  3.736000e+000
128  3.255000e+000
129  2.798000e+000
130  2.622000e+000
131  2.301000e+000
132  2.295000e+000
133  2.161000e+000
134  4.102000e+000
135  1.861000e+000
136  1.818000e+000
137  1.678000e+000
138  1.454000e+000
139  1.362000e+000
140  1.233000e+000
141  1.082000e+000
142  1.014000e+000
143  8.900000e-001
144  8.340000e-001
   11 
1  1.329000e+000
2  8.435000e+000
3  5.810200e+001
4  2.424100e+001
5  6.028000e+000
6  7.780000e-001
7  7.890000e-001
8  7.490000e-001
9  6.790000e-001
10  6.530000e-001
11  5.850000e-001
12  5.590000e-001
13  5.150000e-001
14  1.706900e+001
15  4.725100e+001
16  1.938300e+001
17  5.800000e-001
18  5.570000e-001
19  5.500000e-001
20  5.160000e-001
21  4.650000e-001
22  1.348000e+000
23  3.790000e-001
24  3.860000e-001
25  3.370000e-001
26  1.777700e+001
27  6.738700e+001
28  2.406500e+001
29  2.001100e+001
30  2.271000e+000
31  5.630000e-001
32  5.490000e-001
33  5.040000e-001
34  4.870000e-001
35  1.823000e+000
36  1.300000e+000
37  1.357900e+001
38  1.912100e+001
39  2.865400e+001
40  1.432100e+001
41  2.169000e+001
42  6.240000e-001
43  6.360000e-001
44  6.120000e-001
45  5.580000e-001
46  5.380000e-001
47  1.892700e+001
48  1.825300e+001
49  3.227400e+001
50  1.825800e+001
51  2.744500e+001
52  3.909500e+001
53  2.870100e+001
54  5.582000e+000
55  1.871000e+000
56  1.810000e+000
57  1.655000e+000
58  1.597000e+000
59  4.035500e+001
60  8.808000e+000
61  1.311900e+001
62  1.754400e+001
63  2.166000e+000
64  4.477100e+001
65  2.983100e+001
66  1.832200e+001
67  1.711000e+000
68  1.674000e+000
69  1.541000e+000
70  1.492000e+000
71  1.667000e+000
72  1.159000e+000
73  2.132000e+000
74  1.517700e+001
75  8.863000e+000
76  5.982700e+001
77  2.694000e+000
78  1.683000e+000
79  1.679000e+000
80  1.605000e+000
81  1.459000e+000
82  1.411000e+000
83  1.140000e+000
84  1.076000e+000
85  1.764000e+000
86  1.029000e+000
87  1.426000e+000
88  2.299000e+001
89  4.145000e+000
90  8.830000e-001
91  8.770000e-001
92  7.670000e-001
93  6.840000e-001
94  6.930000e-001
95  1.047300e+001
96  2.834000e+000
97  6.840000e-001
98  3.961900e+001
99  7.793000e+001
100  9.744000e+000
101  1.117200e+001
102  1.151000e+000
103  8.120000e-001
104  7.750000e-001
105  7.030000e-001
106  6.760000e-001
107  5.990000e-001
108  5.200000e-001
109  7.582000e+000
110  1.231000e+000
111  8.640000e-001
112  6.618000e+000
113  4.610000e-001
114  3.690000e-001
115  3.520000e-001
116  3.240000e-001
117  2.890000e-001
118  2.760000e-001
119  1.133100e+001
120  5.401000e+000
121  1.693000e+000
122  1.858300e+001
123  4.220700e+001
124  9.077000e+000
125  4.180000e-001
126  3.810000e-001
127  3.750000e-001
128  3.510000e-001
129  3.160000e-001
130  3.020000e-001
131  6.040000e-001
132  5.225000e+000
133  4.056000e+000
134  2.741500e+001
135  1.510000e+000
136  4.854000e+000
137  4.600000e-001
138  4.110000e-001
139  4.030000e-001
140  3.770000e-001
141  3.390000e-001
142  3.240000e-001
143  2.900000e-001
144  2.770000e-001
   12 
1  9.000000e-003
2  1.440000e-001
3  2.536500e+001
4  4.163000e+000
5  1.133000e+000
6  1.200000e-002
7  1.200000e-002
8  1.100000e-002
9  1.000000e-002
10  9.000000e-003
11  8.000000e-003
12  8.000000e-003
13  7.000000e-003
14  1.397000e+000
15  1.409500e+001
16  4.338000e+000
17  1.300000e-002
18  1.200000e-002
19  1.100000e-002
20  1.000000e-002
21  9.000000e-003
22  9.000000e-003
23  9.000000e-003
24  9.000000e-003
25  8.000000e-003
26  1.029000e+000
27  4.716300e+001
28  1.048500e+001
29  2.062000e+000
30  1.400000e-002
31  1.300000e-002
32  1.200000e-002
33  1.100000e-002
34  1.000000e-002
35  1.000000e-002
36  1.000000e-002
37  8.690000e-001
38  1.141400e+001
39  1.057100e+001
40  3.030000e-001
41  2.811000e+000
42  1.500000e-002
43  1.400000e-002
44  1.300000e-002
45  1.200000e-002
46  1.100000e-002
47  1.500000e-002
48  4.546000e+000
49  1.275500e+001
50  1.055300e+001
51  3.686000e+000
52  1.046700e+001
53  5.750000e+000
54  2.100000e-002
55  2.000000e-002
56  1.800000e-002
57  1.600000e-002
58  1.500000e-002
59  2.696000e+000
60  3.154000e+000
61  5.311000e+000
62  5.139000e+000
63  1.700000e-002
64  6.503000e+000
65  9.730000e-001
66  1.456000e+000
67  2.300000e-002
68  2.100000e-002
69  1.900000e-002
70  1.800000e-002
71  1.600000e-002
72  1.600000e-002
73  1.500000e-002
74  2.920000e-001
75  8.660000e-001
76  2.047500e+001
77  2.200000e-002
78  1.900000e-002
79  1.800000e-002
80  1.600000e-002
81  1.400000e-002
82  1.400000e-002
83  1.200000e-002
84  1.200000e-002
85  1.200000e-002
86  1.000000e-002
87  2.440000e-001
88  1.627000e+000
89  1.200000e-002
90  1.100000e-002
91  1.100000e-002
92  1.000000e-002
93  9.000000e-003
94  8.000000e-003
95  1.000000e-002
96  1.000000e-002
97  9.000000e-003
98  2.271600e+001
99  4.243600e+001
100  1.610000e-001
101  3.400000e-001
102  1.400000e-002
103  1.300000e-002
104  1.200000e-002
105  1.100000e-002
106  1.000000e-002
107  9.000000e-003
108  9.000000e-003
109  2.120000e-001
110  6.100000e-002
111  8.000000e-003
112  8.000000e-003
113  8.000000e-003
114  7.000000e-003
115  7.000000e-003
116  6.000000e-003
117  6.000000e-003
118  6.000000e-003
119  7.000000e-003
120  1.901000e+000
121  7.000000e-003
122  5.725000e+000
123  1.596700e+001
124  1.207000e+000
125  1.300000e-002
126  9.000000e-003
127  9.000000e-003
128  8.000000e-003
129  7.000000e-003
130  7.000000e-003
131  7.000000e-003
132  8.760000e-001
133  1.009000e+000
134  8.347000e+000
135  1.100000e-002
136  6.900000e-002
137  7.000000e-003
138  7.000000e-003
139  6.000000e-003
140  6.000000e-003
141  5.000000e-003
142  5.000000e-003
143  5.000000e-003
144  5.000000e-003
