   1 
1  1.584000e+000
2  1.280000e+000
3  1.537000e+000
4  1.113000e+000
5  1.033000e+000
6  8.960000e-001
7  8.290000e-001
8  7.400000e-001
9  6.410000e-001
10  5.940000e-001
11  5.220000e-001
12  4.890000e-001
13  4.360000e-001
14  1.380600e+001
15  4.070000e-001
16  3.430000e-001
17  6.730000e-001
18  2.940000e-001
19  2.730000e-001
20  2.430000e-001
21  2.100000e-001
22  1.940000e-001
23  1.760000e-001
24  1.720000e-001
25  1.026000e+000
26  1.613200e+001
27  3.582000e+000
28  1.483200e+001
29  8.314000e+000
30  7.187000e+000
31  6.811000e+000
32  6.044000e+000
33  5.236000e+000
34  4.845000e+000
35  4.203000e+000
36  4.067000e+000
37  4.519000e+000
38  1.179900e+001
39  7.540000e+000
40  8.327000e+000
41  7.443000e+000
42  6.208000e+000
43  5.777000e+000
44  5.127000e+000
45  4.441000e+000
46  4.109000e+000
47  3.561000e+000
48  3.296000e+000
49  2.945000e+000
50  2.504000e+000
51  2.450000e+000
52  2.076000e+000
53  1.929000e+000
54  1.672000e+000
55  1.546000e+000
56  1.381000e+000
57  1.196000e+000
58  1.107000e+000
59  1.036500e+001
60  9.633000e+000
61  1.427500e+001
62  8.442000e+000
63  6.568000e+000
64  9.476000e+000
65  2.167600e+001
66  1.065100e+001
67  9.278000e+000
68  8.844000e+000
69  8.075000e+000
70  7.554000e+000
71  6.545000e+000
72  6.055000e+000
73  5.412000e+000
74  5.399000e+000
75  9.386000e+000
76  1.772800e+001
77  7.655000e+000
78  6.899000e+000
79  6.381000e+000
80  5.682000e+000
81  4.922000e+000
82  4.554000e+000
83  3.945000e+000
84  3.650000e+000
85  3.262000e+000
86  2.647000e+000
87  2.634000e+000
88  2.290000e+000
89  2.122000e+000
90  1.840000e+000
91  1.701000e+000
92  1.520000e+000
93  1.316000e+000
94  1.218000e+000
95  1.059000e+000
96  9.830000e-001
97  8.780000e-001
98  8.900000e-001
99  1.042500e+001
100  3.904000e+000
101  4.127000e+000
102  3.621000e+000
103  3.348000e+000
104  2.992000e+000
105  2.592000e+000
106  2.393000e+000
107  2.063000e+000
108  1.910000e+000
109  1.706000e+000
110  1.387000e+000
111  1.385000e+000
112  1.204000e+000
113  1.114000e+000
114  9.650000e-001
115  8.930000e-001
116  7.990000e-001
117  6.930000e-001
118  6.410000e-001
119  5.570000e-001
120  5.620000e-001
121  4.700000e-001
122  2.917000e+000
123  4.470000e-001
124  9.660000e-001
125  1.170000e+000
126  1.029000e+000
127  9.520000e-001
128  8.500000e-001
129  7.360000e-001
130  6.820000e-001
131  5.920000e-001
132  5.500000e-001
133  4.920000e-001
134  3.980000e-001
135  3.960000e-001
136  3.410000e-001
137  3.160000e-001
138  2.730000e-001
139  2.530000e-001
140  2.270000e-001
141  1.960000e-001
142  1.820000e-001
143  1.590000e-001
144  1.520000e-001
   2 
1  1.068900e+001
2  8.176000e+000
3  1.284200e+001
4  1.031700e+001
5  4.408000e+000
6  6.470000e-001
7  3.020000e-001
8  2.740000e-001
9  2.420000e-001
10  2.290000e-001
11  1.808900e+001
12  6.011000e+000
13  1.213000e+000
14  5.360800e+001
15  1.728500e+001
16  2.097700e+001
17  2.382300e+001
18  1.294800e+001
19  4.390000e-001
20  3.990000e-001
21  3.520000e-001
22  3.310000e-001
23  6.072500e+001
24  2.144000e+000
25  2.046900e+001
26  5.844800e+001
27  1.641100e+001
28  4.354200e+001
29  9.379000e+000
30  1.260000e+000
31  4.700000e-001
32  4.280000e-001
33  3.770000e-001
34  6.730000e-001
35  3.765900e+001
36  1.674000e+001
37  1.743100e+001
38  2.809800e+001
39  1.204200e+001
40  3.219500e+001
41  1.498900e+001
42  1.424000e+000
43  5.150000e-001
44  4.680000e-001
45  4.130000e-001
46  6.260000e-001
47  1.099000e+000
48  9.520000e-001
49  6.307000e+000
50  1.609000e+001
51  1.450700e+001
52  2.068000e+001
53  2.068000e+001
54  5.370000e-001
55  4.980000e-001
56  4.520000e-001
57  3.990000e-001
58  6.590000e-001
59  1.206380e+002
60  1.476600e+001
61  1.791800e+001
62  1.943100e+001
63  5.339000e+000
64  3.015400e+001
65  5.539700e+001
66  2.018400e+001
67  7.070000e-001
68  6.430000e-001
69  5.670000e-001
70  5.330000e-001
71  4.710000e-001
72  4.430000e-001
73  6.038000e+000
74  2.735800e+001
75  2.342900e+001
76  7.057900e+001
77  1.544400e+001
78  3.577000e+000
79  7.340000e-001
80  6.010000e-001
81  5.300000e-001
82  5.030000e-001
83  4.470000e-001
84  4.210000e-001
85  3.830000e-001
86  1.698000e+000
87  6.116000e+000
88  2.248500e+001
89  8.791000e+000
90  4.710000e-001
91  4.180000e-001
92  3.800000e-001
93  3.350000e-001
94  7.260000e-001
95  5.817000e+000
96  7.017000e+000
97  6.479000e+000
98  2.120400e+001
99  9.435000e+001
100  7.117000e+000
101  3.406000e+000
102  4.900000e-001
103  4.410000e-001
104  4.010000e-001
105  3.530000e-001
106  3.330000e-001
107  2.940000e-001
108  1.165000e+000
109  1.304600e+001
110  9.307000e+000
111  1.565000e+001
112  9.631000e+000
113  3.340000e-001
114  2.890000e-001
115  1.644000e+000
116  8.490000e-001
117  2.560000e-001
118  2.950000e-001
119  1.630000e+000
120  1.200900e+001
121  1.905100e+001
122  4.375600e+001
123  2.748300e+001
124  1.677500e+001
125  4.280000e-001
126  3.530000e-001
127  3.320000e-001
128  3.020000e-001
129  2.940000e-001
130  1.067000e+000
131  6.620000e-001
132  3.742000e+000
133  2.760000e-001
134  1.064800e+001
135  2.909000e+000
136  6.610000e-001
137  3.450000e-001
138  2.690000e-001
139  2.810000e-001
140  2.380000e-001
141  2.100000e-001
142  1.980000e-001
143  5.646000e+000
144  3.886000e+000
   3 
1  1.598000e+000
2  1.366000e+000
3  2.299000e+000
4  1.272000e+000
5  1.230000e+000
6  1.112000e+000
7  1.073000e+000
8  1.000000e+000
9  9.030000e-001
10  8.710000e-001
11  7.940000e-001
12  9.100000e-001
13  7.160000e-001
14  1.804300e+001
15  8.290000e-001
16  6.090000e-001
17  1.198000e+000
18  5.480000e-001
19  5.240000e-001
20  4.870000e-001
21  4.390000e-001
22  4.220000e-001
23  5.680000e-001
24  3.870000e-001
25  2.476000e+000
26  2.002300e+001
27  4.211000e+000
28  1.503600e+001
29  5.904000e+000
30  4.644000e+000
31  4.585000e+000
32  4.277000e+000
33  3.864000e+000
34  3.729000e+000
35  3.374000e+000
36  3.898000e+000
37  5.404000e+000
38  1.393800e+001
39  7.344000e+000
40  8.380000e+000
41  5.952000e+000
42  4.652000e+000
43  4.515000e+000
44  4.210000e+000
45  3.803000e+000
46  3.669000e+000
47  3.316000e+000
48  3.200000e+000
49  2.985000e+000
50  3.012000e+000
51  2.802000e+000
52  2.358000e+000
53  2.283000e+000
54  2.062000e+000
55  1.988000e+000
56  1.853000e+000
57  1.673000e+000
58  1.615000e+000
59  1.397800e+001
60  1.035800e+001
61  1.492100e+001
62  7.929000e+000
63  4.786000e+000
64  8.939000e+000
65  2.143600e+001
66  9.305000e+000
67  7.803000e+000
68  7.312000e+000
69  6.606000e+000
70  6.358000e+000
71  5.713000e+000
72  5.511000e+000
73  5.141000e+000
74  6.357000e+000
75  1.190200e+001
76  1.915800e+001
77  6.682000e+000
78  5.878000e+000
79  5.689000e+000
80  5.304000e+000
81  4.791000e+000
82  4.623000e+000
83  4.124000e+000
84  3.972000e+000
85  3.705000e+000
86  3.131000e+000
87  3.244000e+000
88  2.939000e+000
89  2.839000e+000
90  2.566000e+000
91  2.474000e+000
92  2.307000e+000
93  2.083000e+000
94  2.010000e+000
95  1.819000e+000
96  1.758000e+000
97  1.640000e+000
98  2.124000e+000
99  1.452700e+001
100  3.362000e+000
101  3.370000e+000
102  3.095000e+000
103  2.986000e+000
104  2.783000e+000
105  2.514000e+000
106  2.425000e+000
107  2.191000e+000
108  2.115000e+000
109  1.972000e+000
110  1.669000e+000
111  1.734000e+000
112  1.567000e+000
113  1.506000e+000
114  1.360000e+000
115  1.301000e+000
116  1.214000e+000
117  1.097000e+000
118  1.058000e+000
119  9.580000e-001
120  1.325000e+000
121  9.210000e-001
122  5.721000e+000
123  8.150000e-001
124  1.229000e+000
125  1.097000e+000
126  9.980000e-001
127  9.620000e-001
128  8.960000e-001
129  8.060000e-001
130  7.780000e-001
131  7.000000e-001
132  6.740000e-001
133  6.290000e-001
134  5.310000e-001
135  5.510000e-001
136  4.990000e-001
137  4.820000e-001
138  4.340000e-001
139  4.190000e-001
140  3.910000e-001
141  3.530000e-001
142  3.410000e-001
143  3.090000e-001
144  3.030000e-001
   4 
1  1.776000e+000
2  1.438000e+000
3  1.470000e+000
4  1.268000e+000
5  1.187000e+000
6  1.039000e+000
7  9.700000e-001
8  8.750000e-001
9  7.650000e-001
10  7.140000e-001
11  6.320000e-001
12  5.940000e-001
13  5.350000e-001
14  1.093200e+001
15  4.690000e-001
16  4.120000e-001
17  5.810000e-001
18  3.540000e-001
19  3.300000e-001
20  2.970000e-001
21  2.590000e-001
22  2.410000e-001
23  2.150000e-001
24  2.130000e-001
25  5.180000e-001
26  1.355900e+001
27  3.020000e+000
28  1.307000e+001
29  7.788000e+000
30  7.110000e+000
31  6.816000e+000
32  6.171000e+000
33  5.314000e+000
34  4.963000e+000
35  4.344000e+000
36  4.097000e+000
37  4.104000e+000
38  1.006000e+001
39  6.960000e+000
40  7.725000e+000
41  7.192000e+000
42  6.511000e+000
43  6.100000e+000
44  5.473000e+000
45  4.730000e+000
46  4.417000e+000
47  3.863000e+000
48  3.608000e+000
49  3.255000e+000
50  2.672000e+000
51  2.693000e+000
52  2.350000e+000
53  2.203000e+000
54  1.926000e+000
55  1.798000e+000
56  1.621000e+000
57  1.417000e+000
58  1.324000e+000
59  8.629000e+000
60  8.293000e+000
61  1.320600e+001
62  7.716000e+000
63  6.522000e+000
64  8.912000e+000
65  2.045700e+001
66  1.147900e+001
67  1.060300e+001
68  9.564000e+000
69  8.320000e+000
70  7.768000e+000
71  6.793000e+000
72  6.342000e+000
73  5.722000e+000
74  5.173000e+000
75  8.082000e+000
76  1.637200e+001
77  7.679000e+000
78  7.283000e+000
79  6.826000e+000
80  6.096000e+000
81  5.304000e+000
82  4.952000e+000
83  4.330000e+000
84  4.043000e+000
85  3.648000e+000
86  2.987000e+000
87  2.998000e+000
88  2.629000e+000
89  2.458000e+000
90  2.151000e+000
91  2.008000e+000
92  1.810000e+000
93  1.583000e+000
94  1.478000e+000
95  1.296000e+000
96  1.213000e+000
97  1.094000e+000
98  9.070000e-001
99  8.066000e+000
100  3.549000e+000
101  4.191000e+000
102  3.850000e+000
103  3.570000e+000
104  3.191000e+000
105  2.790000e+000
106  2.604000e+000
107  2.244000e+000
108  2.096000e+000
109  1.891000e+000
110  1.550000e+000
111  1.561000e+000
112  1.370000e+000
113  1.279000e+000
114  1.117000e+000
115  1.044000e+000
116  9.420000e-001
117  8.240000e-001
118  7.690000e-001
119  6.750000e-001
120  6.310000e-001
121  5.720000e-001
122  1.739000e+000
123  5.210000e-001
124  8.910000e-001
125  1.257000e+000
126  1.160000e+000
127  1.086000e+000
128  9.800000e-001
129  8.560000e-001
130  8.010000e-001
131  7.010000e-001
132  6.560000e-001
133  5.930000e-001
134  4.840000e-001
135  4.810000e-001
136  4.140000e-001
137  3.870000e-001
138  3.380000e-001
139  3.160000e-001
140  2.850000e-001
141  2.490000e-001
142  2.330000e-001
143  2.050000e-001
144  1.960000e-001
   5 
1  1.580000e+000
2  1.931000e+000
3  4.583000e+000
4  4.900000e-001
5  4.430000e-001
6  3.740000e-001
7  3.360000e-001
8  2.910000e-001
9  2.450000e-001
10  2.210000e-001
11  1.930000e-001
12  2.167000e+000
13  1.760000e-001
14  2.878100e+001
15  2.315000e+000
16  5.590000e-001
17  2.020000e+000
18  5.840000e-001
19  2.330000e-001
20  2.010000e-001
21  1.690000e-001
22  1.520000e-001
23  4.015000e+000
24  2.250000e-001
25  7.817000e+000
26  3.111800e+001
27  4.884000e+000
28  1.948400e+001
29  7.203000e+000
30  5.440000e+000
31  5.056000e+000
32  4.337000e+000
33  3.627000e+000
34  3.259000e+000
35  3.342000e+000
36  6.851000e+000
37  9.934000e+000
38  1.909800e+001
39  7.764000e+000
40  1.176500e+001
41  6.090000e+000
42  3.477000e+000
43  3.099000e+000
44  2.689000e+000
45  2.235000e+000
46  1.994000e+000
47  1.678000e+000
48  1.508000e+000
49  1.750000e+000
50  3.652000e+000
51  2.032000e+000
52  1.118000e+000
53  1.145000e+000
54  6.900000e-001
55  6.190000e-001
56  5.360000e-001
57  4.510000e-001
58  4.060000e-001
59  2.623100e+001
60  1.388400e+001
61  1.852000e+001
62  1.017600e+001
63  4.459000e+000
64  1.264400e+001
65  2.886500e+001
66  1.201600e+001
67  8.254000e+000
68  7.123000e+000
69  5.988000e+000
70  5.376000e+000
71  4.521000e+000
72  4.059000e+000
73  3.521000e+000
74  8.895000e+000
75  9.215000e+000
76  2.640700e+001
77  6.767000e+000
78  4.678000e+000
79  4.196000e+000
80  3.586000e+000
81  3.015000e+000
82  2.708000e+000
83  2.277000e+000
84  2.045000e+000
85  1.773000e+000
86  1.398000e+000
87  1.352000e+000
88  1.157000e+000
89  1.034000e+000
90  8.710000e-001
91  7.820000e-001
92  6.780000e-001
93  5.700000e-001
94  5.120000e-001
95  4.340000e-001
96  3.960000e-001
97  1.038000e+000
98  4.679000e+000
99  2.584400e+001
100  2.669000e+000
101  2.421000e+000
102  2.071000e+000
103  1.823000e+000
104  1.580000e+000
105  1.329000e+000
106  1.193000e+000
107  1.004000e+000
108  9.030000e-001
109  1.552000e+000
110  8.240000e-001
111  6.520000e-001
112  5.500000e-001
113  4.910000e-001
114  4.130000e-001
115  3.710000e-001
116  3.230000e-001
117  2.720000e-001
118  2.450000e-001
119  2.080000e-001
120  2.962000e+000
121  1.992000e+000
122  1.553300e+001
123  6.550000e-001
124  1.143000e+000
125  2.720000e-001
126  2.280000e-001
127  2.050000e-001
128  1.780000e-001
129  1.490000e-001
130  1.360000e-001
131  1.160000e-001
132  1.040000e-001
133  9.100000e-002
134  7.680000e-001
135  8.600000e-002
136  7.200000e-002
137  6.600000e-002
138  5.500000e-002
139  5.000000e-002
140  4.400000e-002
141  3.700000e-002
142  3.400000e-002
143  3.000000e-002
144  3.200000e-002
   6 
1  1.769000e+000
2  1.488000e+000
3  1.821000e+000
4  1.390000e+000
5  1.338000e+000
6  1.205000e+000
7  1.154000e+000
8  1.069000e+000
9  9.620000e-001
10  9.240000e-001
11  8.390000e-001
12  8.130000e-001
13  7.520000e-001
14  1.427900e+001
15  6.980000e-001
16  6.170000e-001
17  9.580000e-001
18  5.470000e-001
19  5.260000e-001
20  4.870000e-001
21  4.380000e-001
22  4.200000e-001
23  3.870000e-001
24  3.790000e-001
25  1.271000e+000
26  1.648600e+001
27  3.685000e+000
28  1.418400e+001
29  6.570000e+000
30  5.252000e+000
31  5.133000e+000
32  4.767000e+000
33  4.289000e+000
34  4.122000e+000
35  3.715000e+000
36  3.748000e+000
37  4.389000e+000
38  1.185700e+001
39  7.178000e+000
40  7.763000e+000
41  6.393000e+000
42  5.266000e+000
43  5.079000e+000
44  4.716000e+000
45  4.244000e+000
46  4.078000e+000
47  3.670000e+000
48  3.526000e+000
49  3.261000e+000
50  2.873000e+000
51  2.908000e+000
52  2.564000e+000
53  2.472000e+000
54  2.224000e+000
55  2.136000e+000
56  1.982000e+000
57  1.783000e+000
58  1.714000e+000
59  1.103800e+001
60  9.426000e+000
61  1.389000e+001
62  7.733000e+000
63  5.407000e+000
64  8.502000e+000
65  2.052800e+001
66  9.782000e+000
67  8.577000e+000
68  7.987000e+000
69  7.163000e+000
70  6.874000e+000
71  6.186000e+000
72  5.944000e+000
73  5.507000e+000
74  5.690000e+000
75  9.908000e+000
76  1.795900e+001
77  7.135000e+000
78  6.449000e+000
79  6.209000e+000
80  5.765000e+000
81  5.178000e+000
82  4.961000e+000
83  4.450000e+000
84  4.274000e+000
85  3.970000e+000
86  3.342000e+000
87  3.449000e+000
88  3.112000e+000
89  2.993000e+000
90  2.695000e+000
91  2.588000e+000
92  2.403000e+000
93  2.162000e+000
94  2.077000e+000
95  1.873000e+000
96  1.802000e+000
97  1.674000e+000
98  1.602000e+000
99  1.120300e+001
100  3.676000e+000
101  3.719000e+000
102  3.391000e+000
103  3.257000e+000
104  3.024000e+000
105  2.721000e+000
106  2.614000e+000
107  2.352000e+000
108  2.262000e+000
109  2.100000e+000
110  1.770000e+000
111  1.831000e+000
112  1.652000e+000
113  1.584000e+000
114  1.423000e+000
115  1.362000e+000
116  1.264000e+000
117  1.138000e+000
118  1.093000e+000
119  9.850000e-001
120  1.000000e+000
121  8.870000e-001
122  3.397000e+000
123  8.170000e-001
124  1.181000e+000
125  1.259000e+000
126  1.138000e+000
127  1.093000e+000
128  1.014000e+000
129  9.120000e-001
130  8.780000e-001
131  7.890000e-001
132  7.570000e-001
133  7.020000e-001
134  5.900000e-001
135  6.100000e-001
136  5.500000e-001
137  5.290000e-001
138  4.750000e-001
139  4.570000e-001
140  4.240000e-001
141  3.820000e-001
142  3.670000e-001
143  3.320000e-001
144  3.230000e-001
   7 
1  1.807000e+000
2  1.483000e+000
3  1.500000e+000
4  1.312000e+000
5  1.231000e+000
6  1.081000e+000
7  1.011000e+000
8  9.140000e-001
9  8.010000e-001
10  7.500000e-001
11  6.650000e-001
12  6.260000e-001
13  5.660000e-001
14  1.011000e+001
15  4.940000e-001
16  4.360000e-001
17  5.640000e-001
18  3.740000e-001
19  3.500000e-001
20  3.150000e-001
21  2.760000e-001
22  2.570000e-001
23  2.300000e-001
24  2.270000e-001
25  4.290000e-001
26  1.284400e+001
27  2.825000e+000
28  1.235200e+001
29  7.168000e+000
30  6.905000e+000
31  6.854000e+000
32  6.207000e+000
33  5.337000e+000
34  4.987000e+000
35  4.377000e+000
36  4.120000e+000
37  4.026000e+000
38  9.539000e+000
39  6.673000e+000
40  7.447000e+000
41  6.966000e+000
42  6.517000e+000
43  6.229000e+000
44  5.564000e+000
45  4.803000e+000
46  4.496000e+000
47  3.942000e+000
48  3.691000e+000
49  3.338000e+000
50  2.742000e+000
51  2.768000e+000
52  2.426000e+000
53  2.280000e+000
54  1.998000e+000
55  1.869000e+000
56  1.690000e+000
57  1.481000e+000
58  1.387000e+000
59  8.206000e+000
60  7.707000e+000
61  1.277800e+001
62  7.392000e+000
63  6.348000e+000
64  8.701000e+000
65  1.970300e+001
66  1.110100e+001
67  1.060600e+001
68  9.629000e+000
69  8.355000e+000
70  7.820000e+000
71  6.855000e+000
72  6.416000e+000
73  5.804000e+000
74  5.140000e+000
75  7.730000e+000
76  1.588300e+001
77  7.415000e+000
78  7.383000e+000
79  6.950000e+000
80  6.215000e+000
81  5.405000e+000
82  5.059000e+000
83  4.435000e+000
84  4.151000e+000
85  3.754000e+000
86  3.081000e+000
87  3.101000e+000
88  2.726000e+000
89  2.555000e+000
90  2.241000e+000
91  2.097000e+000
92  1.895000e+000
93  1.661000e+000
94  1.555000e+000
95  1.366000e+000
96  1.282000e+000
97  1.160000e+000
98  9.540000e-001
99  7.417000e+000
100  3.235000e+000
101  4.088000e+000
102  3.901000e+000
103  3.666000e+000
104  3.260000e+000
105  2.858000e+000
106  2.631000e+000
107  2.293000e+000
108  2.148000e+000
109  1.942000e+000
110  1.596000e+000
111  1.611000e+000
112  1.417000e+000
113  1.326000e+000
114  1.161000e+000
115  1.087000e+000
116  9.840000e-001
117  8.630000e-001
118  8.080000e-001
119  7.100000e-001
120  6.660000e-001
121  6.040000e-001
122  1.495000e+000
123  5.430000e-001
124  8.400000e-001
125  1.232000e+000
126  1.189000e+000
127  1.129000e+000
128  1.023000e+000
129  8.970000e-001
130  8.410000e-001
131  7.380000e-001
132  6.930000e-001
133  6.270000e-001
134  5.140000e-001
135  5.080000e-001
136  4.340000e-001
137  4.060000e-001
138  3.560000e-001
139  3.330000e-001
140  3.020000e-001
141  2.640000e-001
142  2.470000e-001
143  2.190000e-001
144  2.090000e-001
   8 
1  1.404000e+000
2  1.336000e+000
3  3.153000e+000
4  8.480000e-001
5  7.890000e-001
6  6.870000e-001
7  6.370000e-001
8  5.710000e-001
9  4.950000e-001
10  4.580000e-001
11  4.050000e-001
12  1.174000e+000
13  3.540000e-001
14  2.304400e+001
15  1.094000e+000
16  4.140000e-001
17  1.378000e+000
18  4.010000e-001
19  2.830000e-001
20  2.520000e-001
21  2.180000e-001
22  2.010000e-001
23  1.394000e+000
24  2.050000e-001
25  4.683000e+000
26  2.502200e+001
27  4.717000e+000
28  1.750000e+001
29  7.369000e+000
30  5.693000e+000
31  5.333000e+000
32  4.779000e+000
33  4.152000e+000
34  3.853000e+000
35  3.400000e+000
36  5.095000e+000
37  7.567000e+000
38  1.678600e+001
39  7.926000e+000
40  1.015500e+001
41  6.566000e+000
42  4.530000e+000
43  4.219000e+000
44  3.747000e+000
45  3.254000e+000
46  3.019000e+000
47  2.624000e+000
48  2.427000e+000
49  2.206000e+000
50  3.129000e+000
51  2.301000e+000
52  1.572000e+000
53  1.491000e+000
54  1.268000e+000
55  1.175000e+000
56  1.053000e+000
57  9.140000e-001
58  8.490000e-001
59  1.902300e+001
60  1.225200e+001
61  1.678500e+001
62  9.326000e+000
63  5.018000e+000
64  1.083800e+001
65  2.557900e+001
66  1.128200e+001
67  8.648000e+000
68  7.774000e+000
69  6.708000e+000
70  6.223000e+000
71  5.407000e+000
72  5.015000e+000
73  4.496000e+000
74  7.436000e+000
75  1.459200e+001
76  2.149600e+001
77  6.798000e+000
78  5.354000e+000
79  4.937000e+000
80  4.423000e+000
81  3.842000e+000
82  3.553000e+000
83  3.077000e+000
84  2.854000e+000
85  2.558000e+000
86  2.081000e+000
87  2.077000e+000
88  1.812000e+000
89  1.684000e+000
90  1.465000e+000
91  1.358000e+000
92  1.217000e+000
93  1.056000e+000
94  9.800000e-001
95  8.550000e-001
96  7.960000e-001
97  8.290000e-001
98  2.596000e+000
99  1.942200e+001
100  3.243000e+000
101  3.037000e+000
102  2.670000e+000
103  2.476000e+000
104  2.219000e+000
105  1.924000e+000
106  1.770000e+000
107  1.538000e+000
108  1.428000e+000
109  1.327000e+000
110  1.082000e+000
111  1.064000e+000
112  9.290000e-001
113  8.620000e-001
114  7.460000e-001
115  6.910000e-001
116  6.200000e-001
117  5.390000e-001
118  5.000000e-001
119  4.370000e-001
120  1.736000e+000
121  9.030000e-001
122  9.693000e+000
123  4.950000e-001
124  1.063000e+000
125  5.600000e-001
126  4.870000e-001
127  4.500000e-001
128  4.020000e-001
129  3.490000e-001
130  3.250000e-001
131  2.820000e-001
132  2.620000e-001
133  2.360000e-001
134  3.020000e-001
135  1.980000e-001
136  1.740000e-001
137  1.610000e-001
138  1.400000e-001
139  1.300000e-001
140  1.170000e-001
141  1.010000e-001
142  9.400000e-002
143  8.400000e-002
144  8.200000e-002
   9 
1  1.862000e+000
2  1.487000e+000
3  1.474000e+000
4  1.281000e+000
5  1.189000e+000
6  1.032000e+000
7  9.550000e-001
8  8.530000e-001
9  7.390000e-001
10  6.850000e-001
11  6.010000e-001
12  5.610000e-001
13  5.010000e-001
14  7.562000e+000
15  4.300000e-001
16  3.770000e-001
17  4.360000e-001
18  4.160000e-001
19  3.880000e-001
20  3.460000e-001
21  2.970000e-001
22  2.730000e-001
23  2.410000e-001
24  2.350000e-001
25  2.510000e-001
26  1.065300e+001
27  2.686000e+000
28  1.258500e+001
29  8.995000e+000
30  8.063000e+000
31  7.680000e+000
32  6.791000e+000
33  5.886000e+000
34  5.450000e+000
35  4.704000e+000
36  4.342000e+000
37  3.948000e+000
38  7.995000e+000
39  6.835000e+000
40  7.544000e+000
41  7.854000e+000
42  7.145000e+000
43  6.692000e+000
44  5.954000e+000
45  5.120000e+000
46  4.739000e+000
47  4.095000e+000
48  3.761000e+000
49  3.363000e+000
50  2.732000e+000
51  2.725000e+000
52  2.365000e+000
53  2.197000e+000
54  1.905000e+000
55  1.763000e+000
56  1.575000e+000
57  1.365000e+000
58  1.264000e+000
59  6.944000e+000
60  7.623000e+000
61  1.229800e+001
62  7.859000e+000
63  7.306000e+000
64  8.852000e+000
65  2.029600e+001
66  1.232500e+001
67  1.163200e+001
68  1.036800e+001
69  8.938000e+000
70  8.220000e+000
71  7.126000e+000
72  6.595000e+000
73  5.898000e+000
74  4.965000e+000
75  6.491000e+000
76  1.524300e+001
77  8.328000e+000
78  7.837000e+000
79  7.282000e+000
80  6.455000e+000
81  5.595000e+000
82  5.179000e+000
83  4.441000e+000
84  4.109000e+000
85  3.674000e+000
86  2.983000e+000
87  2.970000e+000
88  2.582000e+000
89  2.393000e+000
90  2.076000e+000
91  1.921000e+000
92  1.717000e+000
93  1.488000e+000
94  1.377000e+000
95  1.197000e+000
96  1.111000e+000
97  9.940000e-001
98  8.070000e-001
99  5.827000e+000
100  4.003000e+000
101  4.583000e+000
102  4.115000e+000
103  3.812000e+000
104  3.408000e+000
105  2.954000e+000
106  2.730000e+000
107  2.338000e+000
108  2.165000e+000
109  1.936000e+000
110  1.574000e+000
111  1.571000e+000
112  1.367000e+000
113  1.265000e+000
114  1.096000e+000
115  1.015000e+000
116  9.080000e-001
117  7.810000e-001
118  7.210000e-001
119  6.270000e-001
120  5.820000e-001
121  5.230000e-001
122  8.070000e-001
123  4.740000e-001
124  9.660000e-001
125  1.366000e+000
126  1.223000e+000
127  1.132000e+000
128  1.012000e+000
129  8.770000e-001
130  8.130000e-001
131  7.060000e-001
132  6.550000e-001
133  5.870000e-001
134  4.760000e-001
135  4.750000e-001
136  4.080000e-001
137  3.740000e-001
138  3.240000e-001
139  3.000000e-001
140  2.690000e-001
141  2.330000e-001
142  2.160000e-001
143  1.890000e-001
144  1.790000e-001
   10 
1  1.824000e+000
2  1.498000e+000
3  1.513000e+000
4  1.328000e+000
5  1.246000e+000
6  1.095000e+000
7  1.025000e+000
8  9.280000e-001
9  8.130000e-001
10  7.620000e-001
11  6.760000e-001
12  6.370000e-001
13  5.760000e-001
14  9.828000e+000
15  5.030000e-001
16  4.440000e-001
17  5.620000e-001
18  3.890000e-001
19  3.630000e-001
20  3.280000e-001
21  2.870000e-001
22  2.680000e-001
23  2.400000e-001
24  2.360000e-001
25  4.080000e-001
26  1.260100e+001
27  2.754000e+000
28  1.205100e+001
29  6.823000e+000
30  6.737000e+000
31  6.866000e+000
32  6.222000e+000
33  5.359000e+000
34  4.996000e+000
35  4.388000e+000
36  4.131000e+000
37  4.004000e+000
38  9.360000e+000
39  6.549000e+000
40  7.310000e+000
41  6.838000e+000
42  6.482000e+000
43  6.281000e+000
44  5.604000e+000
45  4.828000e+000
46  4.523000e+000
47  3.969000e+000
48  3.719000e+000
49  3.366000e+000
50  2.767000e+000
51  2.794000e+000
52  2.453000e+000
53  2.306000e+000
54  2.023000e+000
55  1.894000e+000
56  1.714000e+000
57  1.503000e+000
58  1.409000e+000
59  8.064000e+000
60  7.452000e+000
61  1.257300e+001
62  7.237000e+000
63  6.224000e+000
64  8.597000e+000
65  1.938300e+001
66  1.088100e+001
67  1.058200e+001
68  9.661000e+000
69  8.366000e+000
70  7.837000e+000
71  6.876000e+000
72  6.441000e+000
73  5.831000e+000
74  5.133000e+000
75  7.612000e+000
76  1.570100e+001
77  7.246000e+000
78  7.373000e+000
79  7.008000e+000
80  6.264000e+000
81  5.439000e+000
82  5.096000e+000
83  4.470000e+000
84  4.188000e+000
85  3.791000e+000
86  3.114000e+000
87  3.136000e+000
88  2.759000e+000
89  2.588000e+000
90  2.272000e+000
91  2.127000e+000
92  1.925000e+000
93  1.688000e+000
94  1.582000e+000
95  1.391000e+000
96  1.306000e+000
97  1.182000e+000
98  9.720000e-001
99  7.196000e+000
100  3.067000e+000
101  3.991000e+000
102  3.900000e+000
103  3.713000e+000
104  3.288000e+000
105  2.887000e+000
106  2.635000e+000
107  2.310000e+000
108  2.165000e+000
109  1.959000e+000
110  1.611000e+000
111  1.628000e+000
112  1.433000e+000
113  1.342000e+000
114  1.176000e+000
115  1.102000e+000
116  9.990000e-001
117  8.760000e-001
118  8.210000e-001
119  7.220000e-001
120  6.780000e-001
121  6.160000e-001
122  1.420000e+000
123  5.500000e-001
124  8.140000e-001
125  1.205000e+000
126  1.192000e+000
127  1.146000e+000
128  1.042000e+000
129  9.150000e-001
130  8.590000e-001
131  7.550000e-001
132  7.090000e-001
133  6.420000e-001
134  5.270000e-001
135  5.140000e-001
136  4.400000e-001
137  4.130000e-001
138  3.620000e-001
139  3.390000e-001
140  3.070000e-001
141  2.690000e-001
142  2.520000e-001
143  2.230000e-001
144  2.140000e-001
   11 
1  7.130000e+000
2  8.235000e+000
3  1.210700e+001
4  7.640000e-001
5  4.710000e-001
6  2.290000e-001
7  1.930000e-001
8  1.810000e-001
9  1.620000e-001
10  1.550000e-001
11  3.131000e+000
12  8.062000e+000
13  9.600000e-001
14  5.210400e+001
15  1.227200e+001
16  5.307000e+000
17  9.741000e+000
18  4.240000e+000
19  3.020000e-001
20  2.900000e-001
21  2.630000e-001
22  2.530000e-001
23  2.929000e+001
24  1.941000e+000
25  1.987700e+001
26  5.713200e+001
27  1.055700e+001
28  2.224000e+001
29  6.046000e+000
30  4.160000e-001
31  3.600000e-001
32  3.460000e-001
33  3.140000e-001
34  3.040000e-001
35  1.170500e+001
36  1.413000e+001
37  1.720900e+001
38  2.667200e+001
39  4.071000e+000
40  1.867200e+001
41  7.734000e+000
42  4.450000e-001
43  3.880000e-001
44  3.670000e-001
45  3.320000e-001
46  3.190000e-001
47  2.870000e-001
48  2.740000e-001
49  4.940000e+000
50  8.919000e+000
51  5.778000e+000
52  6.078000e+000
53  6.859000e+000
54  3.040000e-001
55  3.070000e-001
56  2.930000e-001
57  2.650000e-001
58  2.560000e-001
59  6.794800e+001
60  1.455600e+001
61  1.771500e+001
62  1.495800e+001
63  3.164000e+000
64  2.249900e+001
65  4.557100e+001
66  1.458000e+001
67  9.300000e-001
68  9.360000e-001
69  8.710000e-001
70  8.480000e-001
71  7.660000e-001
72  7.330000e-001
73  3.284000e+000
74  2.098100e+001
75  5.817000e+000
76  4.757500e+001
77  9.613000e+000
78  1.223000e+000
79  6.620000e-001
80  5.900000e-001
81  5.310000e-001
82  5.090000e-001
83  4.560000e-001
84  4.350000e-001
85  4.000000e-001
86  3.340000e-001
87  5.260000e-001
88  6.368000e+000
89  1.541000e+000
90  3.070000e-001
91  2.960000e-001
92  2.750000e-001
93  2.460000e-001
94  2.350000e-001
95  5.100000e-001
96  1.994000e+000
97  5.889000e+000
98  2.071400e+001
99  5.988900e+001
100  2.033000e+000
101  5.340000e-001
102  3.150000e-001
103  3.130000e-001
104  2.940000e-001
105  2.650000e-001
106  2.530000e-001
107  2.190000e-001
108  2.070000e-001
109  9.532000e+000
110  3.397000e+000
111  3.780000e+000
112  2.887000e+000
113  2.300000e-001
114  2.120000e-001
115  2.060000e-001
116  1.830000e-001
117  1.550000e-001
118  1.480000e-001
119  1.340000e-001
120  9.970000e+000
121  1.290200e+001
122  4.138500e+001
123  7.397000e+000
124  4.905000e+000
125  2.520000e-001
126  2.460000e-001
127  2.440000e-001
128  2.300000e-001
129  2.070000e-001
130  2.000000e-001
131  1.800000e-001
132  1.750000e-001
133  1.610000e-001
134  1.014600e+001
135  1.540000e-001
136  1.460000e-001
137  1.420000e-001
138  1.250000e-001
139  1.120000e-001
140  1.020000e-001
141  9.100000e-002
142  8.700000e-002
143  9.020000e-001
144  1.000000e-001
   12 
1  1.900000e-002
2  3.700000e-002
3  1.017000e+000
4  1.300000e-002
5  1.500000e-002
6  1.400000e-002
7  1.300000e-002
8  1.100000e-002
9  9.000000e-003
10  9.000000e-003
11  1.600000e-002
12  2.030000e-001
13  1.600000e-002
14  1.798700e+001
15  2.250000e-001
16  2.600000e-002
17  6.700000e-001
18  3.100000e-002
19  2.100000e-002
20  1.800000e-002
21  1.500000e-002
22  1.400000e-002
23  2.530000e-001
24  2.700000e-002
25  2.350000e+000
26  2.023100e+001
27  3.865000e+000
28  1.345500e+001
29  1.683000e+000
30  3.200000e-002
31  2.900000e-002
32  2.500000e-002
33  2.100000e-002
34  2.100000e-002
35  2.300000e-002
36  7.580000e-001
37  2.593000e+000
38  1.167200e+001
39  4.135000e+000
40  4.956000e+000
41  1.346000e+000
42  2.900000e-002
43  2.600000e-002
44  2.300000e-002
45  1.900000e-002
46  1.800000e-002
47  1.700000e-002
48  1.700000e-002
49  1.500000e-002
50  5.890000e-001
51  2.410000e-001
52  1.900000e-002
53  2.700000e-002
54  2.300000e-002
55  2.100000e-002
56  1.800000e-002
57  1.500000e-002
58  1.500000e-002
59  1.293100e+001
60  7.597000e+000
61  1.181100e+001
62  4.426000e+000
63  4.600000e-002
64  4.396000e+000
65  1.516000e+001
66  1.850000e+000
67  4.100000e-002
68  3.500000e-002
69  2.900000e-002
70  2.600000e-002
71  2.300000e-002
72  2.100000e-002
73  2.000000e-002
74  2.034000e+000
75  7.781000e+000
76  1.471700e+001
77  5.760000e-001
78  3.200000e-002
79  3.000000e-002
80  2.600000e-002
81  2.200000e-002
82  2.000000e-002
83  1.700000e-002
84  1.600000e-002
85  1.500000e-002
86  1.200000e-002
87  1.200000e-002
88  1.800000e-002
89  2.000000e-002
90  1.900000e-002
91  1.700000e-002
92  1.500000e-002
93  1.200000e-002
94  1.100000e-002
95  1.300000e-002
96  1.600000e-002
97  1.500000e-002
98  8.420000e-001
99  1.338200e+001
100  4.390000e-001
101  2.800000e-002
102  2.400000e-002
103  2.200000e-002
104  1.900000e-002
105  1.600000e-002
106  1.400000e-002
107  1.300000e-002
108  1.300000e-002
109  1.200000e-002
110  1.100000e-002
111  1.600000e-002
112  1.900000e-002
113  1.700000e-002
114  1.400000e-002
115  1.400000e-002
116  1.300000e-002
117  1.200000e-002
118  1.100000e-002
119  1.200000e-002
120  4.790000e-001
121  8.300000e-002
122  5.356000e+000
123  3.000000e-002
124  3.510000e-001
125  2.100000e-002
126  1.700000e-002
127  1.600000e-002
128  1.400000e-002
129  1.100000e-002
130  1.200000e-002
131  1.100000e-002
132  1.200000e-002
133  1.200000e-002
134  1.000000e-002
135  1.100000e-002
136  1.100000e-002
137  1.000000e-002
138  9.000000e-003
139  8.000000e-003
140  8.000000e-003
141  7.000000e-003
142  6.000000e-003
143  7.000000e-003
144  1.100000e-002
