19790101
1.000
1.000
1.000
0.856
1.000
0.867
0.875
0.880
0.881
0.817
0.822
0.863
0.947
1.000
1.000
1.000
1.000
1.000
1.000
1.000
1.000
1.000
0.973
0.980
1.000
0.960
0.971
0.988
1.000
1.000
0.815
0.796
0.782
1.000
1.000
1.000
0.939
1.000
1.000
0.895
1.000
1.000
1.000
1.000
1.000
0.908
0.625
0.634
0.640
0.996
0.981
1.000
1.000
0.962
1.000
1.000
0.825
0.886
0.788
0.669
1.000
0.894
0.787
1.000
1.000
1.000
1.000
1.000
0.837
1.000
1.000
1.000
1.000
1.000
1.000
1.000
1.000
1.000
1.000
0.834
1.000
1.000
1.000
1.000
1.000
1.000
1.000
0.903
0.951
0.967
0.948
1.000
1.000
1.000
1.000
1.000
1.000
0.888
1.000
1.000
1.000
0.955
0.971
0.741
0.975
1.000
0.957
1.000
1.000
0.807
0.579
0.715
0.818
0.868
0.955
0.612
0.780
0.906
0.920
0.930
1.000
1.000
1.000
1.000
0.997
1.000
1.000
0.974
0.972
0.995
1.000
1.000
1.000
1.000
1.000
0.763
0.738
0.847
0.700
0.735
0.841
0.732
0.917
0.904
0.967
1.000
1.000
1.000
1.000
1.000
0.852
0.673
0.728
0.678
0.834
0.852
1.000
0.922
0.736
0.616
1.000
1.000
1.000
0.879
0.961
0.742
0.734
0.883
1.000
1.000
0.994
1.000
1.000
1.000
0.982
0.973
1.000
1.000
1.000
1.000
1.000
0.978
0.887
0.816
0.828
0.918
0.879
0.782
0.792
0.825
0.899
0.939
0.861
0.765
0.743
0.671
0.726
0.770
0.771
0.758
0.926
0.930
0.846
0.764
0.861
0.923
0.909
0.953
0.984
1.000
1.000
0.950
0.985
1.000
1.000
0.878
0.908
0.958
0.950
0.960
0.948
1.000
0.994
0.923
0.889
0.795
0.826
0.818
0.881
1.000
1.000
1.000
1.000
1.000
1.000
1.000
1.000
0.861
0.850
0.982
0.982
0.931
0.969
0.906
0.969
1.000
1.000
0.983
0.941
1.000
0.889
1.000
1.000
1.000
0.977
0.913
0.966
0.875
0.912
0.957
1.000
1.000
0.989
0.969
0.958
1.000
1.000
1.000
1.000
0.886
0.793
0.804
0.810
0.822
0.819
0.686
0.723
0.746
0.662
0.704
0.631
0.697
0.710
0.687
0.678
0.776
0.846
0.951
0.806
0.893
0.668
0.729
0.697
0.568
0.642
0.684
0.624
0.753
0.847
0.835
0.766
0.786
0.614
0.571
0.631
0.995
0.966
0.939
0.934
0.950
1.000
1.000
1.000
0.916
0.891
1.000
0.767
0.888
0.968
0.837
1.000
0.833
0.564
0.748
0.951
1.000
0.964
0.957
0.747
0.803
0.964
0.663
0.517
0.706
0.769
0.735
0.712
0.717
0.815
0.894
0.970
0.897
0.911
0.879
0.953
1.000
0.728
0.786
0.859
0.932
0.966
0.985
0.979
1.000
0.761
0.997
0.985
0.833
0.887
0.847
0.862
0.914
0.813
0.771
0.867
0.842
0.767
0.745
1.000
0.883
0.983
0.786
0.953
0.700
0.705
0.931
1.000
0.946
0.762
0.664
0.892
1.000
0.957
0.930
0.931
0.997
0.950
0.876
0.810
0.844
0.852
0.928
1.000
1.000
0.930
0.855
0.978
1.000
1.000
1.000
0.996
1.000
1.000
1.000
1.000
1.000
0.991
0.970
1.000
0.879
0.892
0.893
0.823
1.000
0.995
1.000
0.987
1.000
1.000
0.990
1.000
1.000
0.993
0.814
1.000
1.000
1.000
1.000
1.000
1.000
1.000
1.000
1.000
0.952
1.000
1.000
1.000
1.000
1.000
1.000
1.000
0.987
1.000
1.000
0.978
0.947
0.715
0.645
0.719
0.895
1.000
1.000
1.000
0.937
1.000
1.000
1.000
0.806
1.000
0.965
0.894
1.000
0.943
1.000
1.000
1.000
0.989
1.000
1.000
0.994
0.770
0.614
0.534
0.802
1.000
1.000
1.000
1.000
1.000
1.000
1.000
1.000
1.000
1.000
1.000
1.000
1.000
1.000
0.953
1.000
1.000
1.000
1.000
1.000
0.864
0.990
1.000
1.000
0.838
0.850
1.000
1.000
0.753
0.771
0.891
0.982
0.941
0.924
1.000
1.000
1.000
1.000
0.880
0.715
0.810
0.910
0.979
0.993
0.960
1.000
0.962
0.996
0.975
1.000
1.000
0.976
0.872
0.788
0.768
0.838
0.895
0.823
0.844
0.792
0.775
0.746
0.860
0.973
0.864
0.698
0.616
0.782
0.971
0.979
1.000
0.864
0.793
0.756
0.779
0.893
0.849
0.893
0.959
1.000
0.896
0.936
1.000
1.000
1.000
1.000
1.000
0.951
0.825
0.783
0.919
0.927
0.798
0.897
0.699
0.791
0.812
0.786
0.884
1.000
0.989
0.986
0.985
0.893
0.743
0.734
0.817
1.000
1.000
1.000
1.000
0.998
0.958
0.973
0.996
0.955
0.898
0.866
0.948
0.910
0.965
0.960
0.991
0.821
0.905
0.952
0.820
0.847
0.819
0.784
0.983
1.000
1.000
1.000
1.000
0.982
0.937
0.950
0.848
0.871
0.834
0.920
0.954
0.942
1.000
0.856
0.810
0.762
0.830
0.858
0.970
0.803
0.986
1.000
1.000
0.874
0.999
1.000
1.000
1.000
1.000
0.855
0.831
0.879
0.866
0.964
0.991
0.981
0.982
0.918
0.866
0.798
0.843
0.905
0.818
0.899
0.933
1.000
0.920
0.845
0.847
0.988
1.000
1.000
0.975
0.788
1.000
1.000
1.000
0.795
0.823
0.779
0.821
0.762
0.922
1.000
0.831
0.903
0.950
0.813
0.981
0.954
0.918
0.834
0.832
0.868
0.856
0.874
0.935
0.927
1.000
1.000
1.000
1.000
1.000
1.000
1.000
0.958
0.942
0.854
0.948
0.929
1.000
0.877
0.917
0.961
0.969
0.911
0.849
0.888
0.942
0.966
1.000
0.894
0.640
0.609
0.727
0.429
0.578
0.705
1.000
0.995
0.906
1.000
1.000
0.825
0.881
0.944
0.731
0.675
0.896
0.820
0.922
0.681
0.678
0.705
0.747
0.840
0.677
0.649
0.702
0.917
0.988
1.000
0.940
0.953
0.959
0.866
0.669
0.642
0.660
0.695
0.710
0.575
0.756
0.655
0.761
0.721
0.924
0.880
0.847
1.000
1.000
0.935
0.943
1.000
1.000
1.000
1.000
1.000
1.000
1.000
1.000
1.000
0.837
0.957
0.787
0.768
0.855
0.966
0.982
0.814
0.867
1.000
1.000
1.000
1.000
1.000
1.000
1.000
0.947
1.000
0.978
0.878
1.000
1.000
1.000
1.000
1.000
1.000
0.810
1.000
0.917
1.000
0.960
1.000
1.000
1.000
0.878
0.962
1.000
0.990
1.000
1.000
1.000
1.000
0.769
0.991
1.000
1.000
0.997
0.739
0.912
0.925
0.961
1.000
0.952
0.846
0.971
1.000
0.948
1.000
1.000
1.000
1.000
1.000
1.000
1.000
0.973
1.000
1.000
1.000
0.781
0.695
0.931
1.000
0.777
1.000
1.000
1.000
0.982
1.000
1.000
1.000
0.991
1.000
1.000
0.975
0.918
1.000
0.930
0.921
0.774
0.643
0.773
0.845
1.000
1.000
1.000
0.825
1.000
1.000
0.840
0.662
0.580
0.741
1.000
1.000
1.000
0.844
0.653
0.982
1.000
1.000
1.000
1.000
1.000
1.000
1.000
1.000
1.000
1.000
1.000
1.000
1.000
1.000
0.871
0.883
0.969
1.000
1.000
1.000
0.999
0.900
0.876
0.904
0.986
1.000
0.761
0.929
0.944
1.000
0.991
0.824
0.827
0.926
1.000
1.000
0.970
0.894
0.755
0.701
0.771
0.900
0.984
0.964
0.907
0.831
0.829
0.867
0.895
0.779
0.751
0.818
0.929
1.000
1.000
1.000
1.000
1.000
1.000
1.000
1.000
1.000
1.000
0.958
0.835
0.939
1.000
1.000
1.000
0.994
0.816
0.903
0.890
0.857
0.797
0.831
0.959
0.840
0.862
0.883
0.942
1.000
0.962
0.853
0.822
0.895
0.855
0.826
0.843
0.784
0.928
0.804
0.929
0.975
1.000
1.000
0.969
0.915
1.000
1.000
0.922
0.959
1.000
1.000
0.950
0.935
0.936
0.940
1.000
1.000
1.000
1.000
1.000
0.999
0.904
0.932
0.968
1.000
1.000
1.000
1.000
1.000
1.000
0.940
0.995
1.000
0.871
0.855
0.866
0.843
0.972
0.942
0.943
1.000
0.984
1.000
1.000
0.968
0.966
0.954
1.000
0.988
0.933
0.930
0.974
1.000
1.000
1.000
0.873
1.000
0.878
0.665
0.755
0.874
0.908
0.964
1.000
0.890
1.000
1.000
1.000
1.000
1.000
1.000
1.000
1.000
1.000
0.808
0.717
0.753
0.748
0.842
0.912
0.898
0.990
0.910
0.796
0.778
0.729
0.870
0.851
0.931
0.979
0.950
1.000
1.000
0.936
0.991
1.000
0.674
0.670
0.827
0.912
0.939
0.850
0.735
0.724
0.678
0.896
0.887
0.828
0.794
0.918
0.685
0.936
1.000
1.000
0.705
0.591
0.612
0.665
0.686
0.781
0.793
0.829
0.881
0.878
0.938
1.000
0.910
0.865
0.923
0.792
0.984
0.998
0.938
0.827
0.721
0.551
0.711
0.802
0.996
0.998
1.000
0.742
0.827
0.605
0.391
0.488
0.576
0.669
0.882
0.970
0.709
0.848
0.964
0.897
0.864
1.000
0.830
0.766
0.719
0.741
0.853
1.000
1.000
1.000
1.000
1.000
1.000
1.000
1.000
0.901
1.000
1.000
1.000
1.000
0.805
1.000
0.953
0.861
0.944
1.000
1.000
1.000
1.000
1.000
1.000
1.000
1.000
0.942
1.000
1.000
1.000
1.000
1.000
1.000
1.000
1.000
1.000
0.982
1.000
0.986
1.000
1.000
0.875
0.833
0.773
0.917
1.000
0.974
0.859
1.000
1.000
1.000
1.000
1.000
1.000
0.880
0.912
1.000
1.000
1.000
1.000
1.000
1.000
0.915
0.891
0.806
0.719
0.694
0.747
0.937
0.858
0.682
0.604
0.683
0.893
0.972
0.890
1.000
1.000
1.000
1.000
1.000
0.869
0.911
1.000
1.000
1.000
1.000
1.000
0.667
0.696
1.000
1.000
1.000
0.945
0.854
1.000
1.000
0.926
0.982
1.000
1.000
0.991
0.872
0.821
0.905
0.790
0.750
0.741
0.677
0.731
0.737
0.864
1.000
1.000
1.000
1.000
0.905
1.000
1.000
0.789
0.722
0.695
1.000
1.000
1.000
1.000
1.000
1.000
0.927
1.000
1.000
1.000
1.000
1.000
1.000
1.000
0.962
0.962
1.000
1.000
1.000
0.869
0.753
1.000
1.000
1.000
1.000
1.000
1.000
1.000
1.000
1.000
1.000
1.000
0.912
0.923
0.934
0.792
0.765
0.893
0.885
0.805
0.739
0.976
0.974
0.945
0.780
0.745
0.758
0.841
0.820
0.864
0.838
0.921
0.911
1.000
1.000
1.000
1.000
1.000
1.000
0.970
0.962
0.937
0.967
0.990
1.000
0.921
0.991
0.902
0.918
1.000
1.000
1.000
1.000
1.000
1.000
0.940
0.836
0.834
0.840
0.846
0.855
0.928
0.878
0.905
0.726
0.910
0.947
0.963
0.964
0.929
0.963
0.987
0.841
0.816
0.815
0.895
1.000
1.000
1.000
1.000
1.000
1.000
1.000
0.927
0.885
0.867
0.983
1.000
1.000
1.000
0.847
0.933
0.892
0.868
0.902
0.950
0.965
0.863
0.900
0.936
0.981
1.000
1.000
0.840
0.795
0.834
0.931
0.899
1.000
1.000
0.988
0.909
0.975
0.867
0.836
0.866
0.809
0.975
0.977
1.000
1.000
1.000
1.000
1.000
1.000
1.000
1.000
1.000
1.000
1.000
0.857
0.924
1.000
0.949
1.000
1.000
1.000
0.575
0.599
0.788
0.901
0.939
1.000
1.000
1.000
1.000
1.000
1.000
0.902
1.000
1.000
1.000
0.977
1.000
1.000
1.000
1.000
0.931
0.835
1.000
0.971
0.953
1.000
1.000
1.000
0.995
0.953
0.858
1.000
1.000
0.824
0.827
0.906
0.828
0.822
0.766
0.847
0.870
0.745
0.744
0.767
0.955
1.000
0.866
0.653
0.731
0.721
0.873
0.943
0.922
1.000
0.998
1.000
1.000
1.000
1.000
1.000
1.000
1.000
1.000
0.984
0.971
0.883
0.977
0.956
1.000
0.948
0.956
1.000
0.801
0.775
0.960
0.930
0.780
0.692
0.612
0.995
1.000
0.934
1.000
1.000
0.958
0.709
0.884
1.000
1.000
1.000
1.000
1.000
1.000
1.000
0.914
0.930
1.000
1.000
1.000
0.811
0.735
0.938
1.000
1.000
1.000
1.000
1.000
1.000
1.000
1.000
1.000
1.000
0.862
1.000
1.000
0.915
0.777
0.937
1.000
1.000
1.000
1.000
1.000
0.714
0.969
1.000
1.000
0.903
0.838
1.000
1.000
1.000
1.000
0.974
1.000
1.000
0.903
1.000
1.000
1.000
1.000
1.000
0.737
0.688
0.786
1.000
0.974
1.000
1.000
1.000
1.000
1.000
0.918
1.000
1.000
1.000
1.000
1.000
1.000
1.000
1.000
1.000
1.000
1.000
1.000
1.000
0.935
0.836
0.902
0.939
1.000
1.000
1.000
1.000
0.907
0.873
1.000
1.000
0.743
0.850
1.000
1.000
1.000
1.000
0.935
1.000
1.000
1.000
0.959
0.859
1.000
1.000
1.000
1.000
0.926
1.000
1.000
1.000
1.000
0.996
1.000
1.000
0.968
1.000
1.000
1.000
0.975
0.914
0.727
0.828
0.934
0.981
0.973
0.951
0.803
1.000
1.000
1.000
1.000
1.000
1.000
1.000
0.984
0.996
0.887
0.843
0.782
0.813
0.876
0.885
0.872
0.941
0.930
0.942
0.993
0.970
0.845
0.829
0.738
0.936
0.757
0.774
0.788
0.836
0.832
0.906
0.861
0.813
0.738
1.000
0.908
0.711
0.730
0.901
0.863
0.720
0.768
1.000
0.952
0.954
0.929
0.895
0.861
0.705
0.619
0.717
0.663
0.759
0.631
0.642
0.858
0.801
0.858
0.797
0.919
0.801
0.725
0.856
1.000
0.794
0.809
0.811
0.707
0.911
0.887
0.926
0.993
1.000
1.000
1.000
0.827
0.760
0.933
0.951
0.877
0.822
0.772
0.941
0.896
0.944
0.935
0.963
0.893
0.991
1.000
0.988
0.936
0.882
0.761
0.713
0.831
0.845
1.000
1.000
0.932
0.975
0.906
0.881
0.887
1.000
0.940
0.857
0.744
0.957
1.000
1.000
1.000
0.840
0.858
0.803
0.880
0.844
0.972
0.829
0.707
0.846
1.000
1.000
0.999
0.959
0.874
0.785
0.798
0.794
0.840
0.908
0.973
1.000
1.000
1.000
1.000
1.000
0.971
1.000
1.000
0.771
0.813
0.837
0.738
0.788
0.840
0.802
0.815
0.772
0.751
1.000
1.000
1.000
0.917
0.802
0.687
0.748
0.764
0.691
0.698
0.809
0.722
0.866
0.838
0.792
0.758
0.633
0.799
0.876
0.909
0.780
0.668
0.687
0.651
0.681
0.639
0.709
0.723
0.721
0.694
0.605
0.848
0.860
0.862
0.951
0.953
0.878
1.000
1.000
1.000
1.000
0.957
1.000
0.963
0.763
0.715
0.653
0.607
0.792
0.984
0.792
0.902
0.773
0.863
0.838
0.965
0.800
0.774
0.648
0.666
0.581
0.619
0.594
0.600
0.607
0.737
0.808
1.000
1.000
1.000
0.998
1.000
1.000
1.000
1.000
1.000
1.000
1.000
0.955
1.000
1.000
1.000
1.000
1.000
1.000
1.000
1.000
1.000
0.987
0.780
0.742
0.932
1.000
1.000
1.000
1.000
1.000
1.000
1.000
1.000
0.936
1.000
1.000
1.000
1.000
1.000
1.000
1.000
0.874
1.000
1.000
0.663
0.634
0.598
0.439
0.613
0.693
1.000
1.000
1.000
1.000
1.000
1.000
1.000
0.997
0.950
0.944
0.955
1.000
1.000
1.000
1.000
0.955
1.000
1.000
1.000
1.000
0.968
0.981
1.000
1.000
0.953
0.930
1.000
1.000
1.000
1.000
1.000
1.000
1.000
1.000
1.000
1.000
1.000
1.000
0.753
0.963
0.906
0.949
1.000
1.000
1.000
1.000
1.000
1.000
0.522
0.848
1.000
1.000
1.000
1.000
1.000
1.000
0.977
1.000
1.000
1.000
1.000
1.000
0.915
0.786
0.710
0.614
0.646
0.960
0.956
1.000
1.000
1.000
1.000
1.000
0.888
0.942
0.965
0.969
0.967
0.817
0.934
0.990
1.000
0.944
1.000
1.000
1.000
1.000
0.995
0.836
0.857
0.968
0.944
0.795
0.829
0.908
1.000
1.000
1.000
0.942
0.974
1.000
1.000
1.000
1.000
1.000
1.000
1.000
0.884
0.944
1.000
1.000
0.951
0.949
0.900
0.988
0.950
0.840
0.821
0.982
0.969
0.948
0.865
0.849
0.936
0.890
0.823
0.730
0.699
0.682
0.747
0.742
0.796
0.881
0.931
1.000
0.951
0.949
0.854
0.902
0.851
0.882
0.829
0.674
0.688
0.730
0.745
0.862
0.971
1.000
1.000
0.968
0.908
0.952
0.974
1.000
0.911
0.997
0.983
0.924
1.000
0.921
1.000
0.951
1.000
0.958
1.000
0.862
0.962
0.993
0.792
0.943
0.883
0.999
0.940
0.939
1.000
1.000
1.000
1.000
1.000
0.980
1.000
0.985
0.860
0.842
0.777
0.779
0.780
0.798
0.930
1.000
1.000
1.000
1.000
1.000
1.000
1.000
1.000
0.976
0.980
0.881
0.838
0.820
0.975
1.000
0.869
0.806
0.836
0.795
0.745
0.794
1.000
1.000
1.000
1.000
1.000
1.000
1.000
0.950
0.892
1.000
0.921
0.880
1.000
1.000
1.000
0.921
0.892
0.737
0.749
0.850
1.000
1.000
1.000
1.000
1.000
0.779
0.893
0.971
0.989
0.984
0.971
0.938
1.000
0.886
0.845
0.803
0.793
0.791
0.842
0.949
1.000
1.000
1.000
0.938
0.749
0.911
0.904
0.960
1.000
1.000
0.951
0.961
0.972
0.931
0.980
0.913
1.000
1.000
0.711
0.923
0.996
1.000
1.000
1.000
0.981
0.811
0.805
0.832
0.923
0.954
0.893
0.851
0.867
1.000
1.000
1.000
1.000
1.000
1.000
1.000
0.766
0.745
0.889
0.754
0.643
0.707
0.597
0.717
1.000
0.928
0.871
0.873
1.000
0.947
1.000
1.000
1.000
1.000
1.000
0.929
1.000
0.822
0.742
0.844
1.000
1.000
1.000
0.864
0.931
0.961
0.877
0.948
1.000
0.954
0.986
0.972
1.000
0.985
0.897
0.855
0.963
0.807
0.787
0.766
1.000
1.000
1.000
1.000
0.911
0.897
1.000
1.000
1.000
1.000
1.000
1.000
1.000
1.000
1.000
1.000
1.000
1.000
1.000
1.000
1.000
1.000
1.000
0.975
0.963
1.000
1.000
1.000
0.971
1.000
1.000
0.977
1.000
1.000
1.000
1.000
1.000
1.000
1.000
1.000
1.000
1.000
1.000
1.000
1.000
1.000
0.867
0.937
1.000
1.000
1.000
1.000
1.000
0.959
0.709
1.000
1.000
0.827
0.735
0.933
1.000
1.000
0.961
0.936
1.000
1.000
0.996
1.000
1.000
1.000
1.000
0.751
0.603
0.933
1.000
0.868
0.707
0.676
0.476
0.538
1.000
0.910
0.738
0.738
0.990
1.000
1.000
1.000
0.923
0.932
0.843
0.923
0.891
0.935
0.761
0.873
0.878
0.744
0.806
0.861
1.000
1.000
0.874
0.896
1.000
1.000
0.956
0.997
0.804
0.912
1.000
1.000
1.000
1.000
1.000
1.000
1.000
1.000
1.000
1.000
1.000
1.000
1.000
0.868
0.796
0.918
0.929
0.996
1.000
0.755
0.933
1.000
1.000
1.000
0.906
0.762
0.901
0.932
1.000
1.000
1.000
1.000
1.000
0.965
0.941
0.854
0.903
1.000
1.000
1.000
0.819
0.757
0.872
1.000
1.000
0.931
0.803
0.755
0.726
0.698
0.684
0.738
0.731
0.838
0.951
1.000
0.939
1.000
0.904
0.883
0.968
0.966
0.902
0.982
0.934
0.837
0.804
0.963
0.935
0.945
0.917
0.951
0.900
0.936
0.871
0.935
0.869
0.863
0.942
0.948
0.906
0.995
0.880
0.971
0.730
0.925
1.000
0.998
1.000
1.000
1.000
1.000
1.000
0.974
0.872
0.873
0.821
0.890
0.965
1.000
1.000
1.000
1.000
1.000
1.000
0.904
0.934
0.822
0.914
0.893
0.885
1.000
0.928
0.957
1.000
0.986
0.917
1.000
1.000
0.974
0.999
1.000
1.000
1.000
1.000
1.000
1.000
0.946
0.739
0.792
0.980
1.000
1.000
0.924
0.875
0.889
0.860
0.819
0.814
0.848
0.821
0.832
0.791
0.880
0.981
1.000
1.000
1.000
1.000
1.000
1.000
0.931
0.929
0.993
0.997
0.885
0.934
0.962
0.966
0.888
0.855
0.884
0.963
0.829
0.963
0.897
1.000
1.000
0.886
0.903
0.768
0.828
0.743
0.833
1.000
0.864
0.747
0.789
0.805
1.000
0.993
0.953
0.955
0.703
0.925
0.823
1.000
1.000
0.888
0.858
0.905
0.867
0.944
1.000
0.990
0.985
0.995
0.964
1.000
1.000
0.890
0.787
0.805
0.699
0.459
0.593
0.665
0.731
0.890
0.883
0.900
0.767
0.746
0.948
1.000
0.936
0.986
0.904
0.989
1.000
0.962
0.883
0.985
0.804
0.569
0.513
0.420
0.554
0.586
0.640
0.728
0.742
0.791
0.773
0.725
0.852
1.000
1.000
1.000
0.901
1.000
1.000
0.872
0.904
1.000
1.000
0.799
0.740
0.722
0.785
0.908
1.000
1.000
1.000
1.000
1.000
1.000
1.000
0.891
0.917
0.834
0.742
0.760
0.904
1.000
1.000
1.000
1.000
1.000
1.000
0.986
0.835
0.776
0.837
0.678
0.835
0.963
1.000
0.991
0.990
0.558
0.504
0.615
0.631
0.542
0.689
0.666
0.806
1.000
0.876
0.956
1.000
1.000
1.000
1.000
1.000
1.000
1.000
1.000
1.000
1.000
0.915
0.893
1.000
1.000
0.991
1.000
0.911
1.000
1.000
1.000
1.000
0.971
0.949
0.986
1.000
0.743
0.948
0.967
0.816
0.805
0.675
0.884
0.952
1.000
1.000
1.000
1.000
1.000
1.000
1.000
1.000
1.000
1.000
0.969
0.846
0.752
1.000
0.941
0.938
0.852
1.000
0.988
0.991
0.988
1.000
1.000
0.855
0.780
1.000
0.966
1.000
1.000
0.945
0.688
0.608
0.686
1.000
1.000
1.000
1.000
0.790
0.783
0.794
0.758
0.757
0.802
0.974
1.000
0.908
0.728
0.934
1.000
0.934
1.000
1.000
1.000
1.000
0.969
0.929
0.913
1.000
1.000
1.000
0.931
0.888
0.818
1.000
1.000
0.988
0.927
0.968
0.939
0.801
0.981
1.000
1.000
1.000
1.000
0.927
0.871
0.968
1.000
1.000
1.000
1.000
0.934
0.799
0.896
1.000
1.000
1.000
1.000
1.000
0.770
0.727
0.887
0.961
0.897
0.973
0.909
0.885
0.749
0.710
0.621
0.681
0.674
0.758
0.756
0.757
0.751
0.769
0.931
0.943
0.828
0.730
0.878
0.977
0.890
0.780
0.848
0.930
0.850
0.913
0.728
0.767
0.830
0.787
0.763
0.708
0.657
0.747
0.967
0.803
0.713
0.762
0.880
0.834
0.773
0.820
0.842
0.800
0.796
0.838
0.959
1.000
1.000
0.950
0.925
0.799
0.783
0.757
0.732
0.712
0.832
0.769
0.777
0.897
1.000
0.812
0.563
1.000
0.908
0.581
0.574
0.601
0.563
0.543
0.558
0.576
0.771
0.661
0.696
0.563
0.599
0.569
0.585
0.741
0.883
0.802
0.674
0.665
0.887
0.711
0.740
0.599
0.616
0.572
0.823
1.000
1.000
1.000
1.000
0.901
0.989
0.965
0.961
0.919
0.818
1.000
1.000
1.000
0.886
0.986
0.948
0.904
0.910
0.953
0.770
0.753
1.000
1.000
0.862
0.794
0.919
0.927
0.993
0.997
1.000
1.000
1.000
1.000
1.000
1.000
1.000
1.000
1.000
1.000
1.000
1.000
1.000
1.000
1.000
0.989
0.908
1.000
0.857
0.666
0.754
1.000
1.000
0.832
0.819
0.820
0.797
0.884
0.855
0.822
0.925
0.869
1.000
0.929
0.744
0.778
0.730
0.817
0.886
0.866
0.972
0.956
0.810
0.794
0.747
0.916
0.941
1.000
0.887
1.000
1.000
0.866
0.897
0.881
0.782
0.649
0.818
0.997
0.574
0.499
0.533
0.604
0.730
0.808
0.822
1.000
0.841
0.811
0.742
0.953
0.954
0.640
0.662
0.500
0.525
0.685
0.740
0.778
0.808
0.712
0.623
0.476
0.497
0.561
0.704
0.685
0.812
0.919
0.893
0.917
0.858
0.727
0.812
0.739
0.730
0.837
0.965
1.000
1.000
1.000
1.000
0.959
0.977
1.000
0.966
0.635
0.598
0.644
0.758
1.000
1.000
1.000
0.922
1.000
0.930
1.000
1.000
1.000
0.839
1.000
1.000
1.000
1.000
1.000
1.000
1.000
1.000
1.000
1.000
1.000
1.000
0.935
1.000
1.000
1.000
0.901
0.958
0.967
1.000
1.000
1.000
1.000
1.000
1.000
1.000
0.965
0.912
1.000
1.000
1.000
1.000
0.995
0.897
0.844
0.779
0.592
0.914
0.853
0.970
0.765
0.732
0.687
0.957
1.000
0.772
0.880
0.773
0.853
0.924
1.000
1.000
1.000
1.000
1.000
1.000
0.993
1.000
0.881
0.987
1.000
1.000
1.000
1.000
1.000
0.984
1.000
1.000
1.000
1.000
0.902
0.932
0.928
0.914
0.930
1.000
1.000
0.979
0.973
1.000
0.764
0.861
0.880
0.995
1.000
1.000
1.000
0.742
0.689
0.670
0.707
0.844
0.842
1.000
1.000
0.899
0.967
1.000
1.000
0.900
0.926
1.000
1.000
1.000
1.000
1.000
1.000
0.988
1.000
1.000
0.967
0.987
0.962
0.794
0.790
0.808
0.848
0.770
0.707
0.705
0.679
0.828
0.969
0.891
0.952
0.957
1.000
0.939
0.828
0.806
0.967
1.000
0.994
1.000
1.000
1.000
1.000
1.000
1.000
1.000
0.952
0.869
0.782
0.750
0.772
0.819
0.814
0.930
0.987
0.990
0.966
0.934
0.920
0.886
0.949
0.967
0.953
0.908
0.911
0.757
0.900
0.935
0.911
0.858
0.787
0.746
0.756
0.806
0.824
0.914
1.000
0.981
0.991
0.926
0.919
0.986
1.000
1.000
0.901
1.000
1.000
1.000
1.000
1.000
0.944
0.824
0.732
0.751
0.771
0.829
0.978
1.000
1.000
0.923
0.867
1.000
1.000
1.000
0.942
0.811
0.814
0.730
0.828
0.865
0.842
0.819
0.880
1.000
1.000
1.000
1.000
1.000
1.000
0.818
0.944
1.000
0.929
0.907
0.979
1.000
1.000
0.976
1.000
1.000
1.000
1.000
1.000
1.000
1.000
0.935
0.920
0.955
0.839
0.964
1.000
1.000
1.000
1.000
1.000
1.000
0.890
1.000
0.942
0.973
1.000
1.000
0.946
1.000
1.000
1.000
1.000
0.949
1.000
1.000
1.000
1.000
0.917
0.806
0.937
1.000
1.000
1.000
0.716
0.598
0.976
0.909
0.621
0.685
0.683
0.803
0.875
0.876
0.791
0.702
0.752
0.826
0.848
0.702
0.748
0.832
0.891
0.720
0.665
0.666
0.696
0.880
0.871
0.827
0.952
0.975
0.962
1.000
0.790
0.859
0.940
0.928
0.857
0.996
1.000
0.967
0.952
0.882
0.900
0.889
0.763
0.722
0.795
0.879
0.946
1.000
1.000
1.000
0.985
0.822
0.924
1.000
1.000
0.950
0.995
0.942
1.000
1.000
1.000
1.000
1.000
1.000
1.000
1.000
1.000
1.000
1.000
1.000
1.000
1.000
1.000
1.000
0.926
1.000
1.000
1.000
1.000
0.917
1.000
0.986
0.835
0.897
0.805
0.940
1.000
1.000
1.000
1.000
1.000
1.000
1.000
1.000
1.000
1.000
1.000
0.811
0.833
0.830
0.824
1.000
0.985
0.964
0.774
0.973
1.000
1.000
1.000
1.000
1.000
1.000
1.000
1.000
1.000
1.000
1.000
1.000
1.000
1.000
1.000
1.000
1.000
1.000
1.000
0.793
1.000
1.000
1.000
0.680
0.664
0.813
1.000
1.000
1.000
0.720
0.655
1.000
1.000
0.690
0.933
1.000
1.000
1.000
0.687
0.620
0.444
0.899
1.000
1.000
1.000
0.939
0.767
0.744
0.736
0.978
1.000
1.000
0.823
0.983
1.000
1.000
1.000
1.000
1.000
1.000
1.000
0.912
0.952
1.000
1.000
1.000
1.000
1.000
1.000
1.000
1.000
1.000
1.000
1.000
0.976
1.000
1.000
1.000
0.584
0.564
0.546
0.665
0.914
0.921
0.886
0.689
0.765
0.797
0.984
1.000
0.979
0.929
1.000
0.949
1.000
0.989
0.912
0.927
0.997
1.000
1.000
1.000
1.000
1.000
0.976
1.000
0.964
0.842
0.788
0.736
0.714
0.705
0.729
0.738
0.688
0.729
0.895
1.000
1.000
0.807
0.896
0.700
0.690
0.699
0.699
1.000
0.973
0.935
0.825
0.720
0.661
0.632
0.982
0.877
0.865
0.882
0.809
0.839
0.722
0.843
0.691
0.729
0.804
0.805
0.840
0.947
0.928
1.000
0.950
0.882
0.810
0.910
0.757
0.924
0.969
0.988
0.954
0.815
0.876
0.735
1.000
1.000
1.000
0.826
0.866
0.945
0.997
1.000
1.000
1.000
1.000
1.000
1.000
1.000
0.989
0.936
1.000
0.987
0.844
0.929
0.965
0.956
1.000
1.000
1.000
1.000
0.950
0.830
0.916
1.000
1.000
1.000
1.000
1.000
0.908
0.861
0.879
1.000
1.000
1.000
1.000
0.888
0.712
0.903
1.000
0.878
0.751
0.864
1.000
0.999
0.976
1.000
0.945
0.794
0.725
0.845
1.000
0.781
0.961
0.863
0.980
1.000
0.984
1.000
1.000
1.000
1.000
1.000
0.946
0.886
1.000
0.797
0.788
0.788
0.780
0.804
0.776
0.973
0.874
0.827
0.579
0.668
0.437
0.734
1.000
1.000
1.000
0.834
0.712
0.785
0.922
0.878
0.974
0.858
0.727
0.843
0.730
0.598
0.541
0.632
0.667
0.728
0.657
0.679
0.676
0.788
0.837
0.853
1.000
0.575
0.580
0.458
0.508
0.614
0.765
0.668
0.690
0.655
0.653
0.731
0.909
0.914
0.867
0.886
1.000
0.776
0.851
0.933
0.809
1.000
1.000
1.000
0.932
0.982
1.000
1.000
1.000
1.000
1.000
1.000
1.000
1.000
1.000
1.000
0.713
0.720
1.000
1.000
0.960
0.910
0.902
0.962
0.973
0.735
0.805
0.853
0.915
0.881
0.697
1.000
1.000
1.000
1.000
1.000
1.000
1.000
1.000
1.000
1.000
1.000
1.000
0.946
0.855
0.733
0.725
1.000
1.000
1.000
0.968
1.000
1.000
0.825
0.878
0.873
0.856
0.909
0.731
0.636
0.638
0.632
0.812
0.904
0.951
1.000
0.776
0.729
0.797
0.598
0.653
0.642
0.659
0.677
0.696
0.898
0.887
1.000
0.968
1.000
1.000
1.000
0.948
0.948
1.000
0.954
1.000
1.000
0.634
0.524
0.772
0.880
1.000
1.000
0.895
1.000
1.000
1.000
1.000
1.000
1.000
1.000
0.801
0.661
1.000
1.000
1.000
1.000
0.772
0.902
1.000
1.000
1.000
0.976
1.000
1.000
0.893
1.000
0.893
1.000
0.987
0.958
0.969
1.000
1.000
1.000
1.000
0.900
0.725
0.669
0.978
1.000
0.940
0.870
1.000
1.000
1.000
1.000
1.000
1.000
1.000
1.000
1.000
1.000
1.000
1.000
1.000
0.963
1.000
1.000
1.000
1.000
1.000
1.000
1.000
1.000
1.000
1.000
0.935
0.907
0.819
0.826
0.773
0.916
1.000
0.907
0.798
0.739
0.661
0.729
0.881
0.996
1.000
1.000
1.000
1.000
1.000
0.849
0.820
1.000
0.940
0.880
0.906
1.000
0.883
0.937
0.915
0.940
0.867
0.723
0.773
0.756
0.775
0.890
0.841
0.736
0.755
0.728
0.704
0.951
0.975
0.902
0.706
0.707
0.803
1.000
0.993
0.953
0.999
1.000
0.998
1.000
0.971
1.000
1.000
0.997
0.930
0.812
0.726
0.722
0.821
0.817
0.944
0.844
0.871
0.782
0.722
0.744
0.816
0.714
0.943
1.000
0.917
0.822
0.825
1.000
0.927
0.939
1.000
0.969
0.920
1.000
0.947
1.000
0.947
0.854
0.851
0.798
1.000
1.000
0.984
1.000
1.000
0.944
0.968
0.950
1.000
1.000
1.000
1.000
1.000
1.000
1.000
0.958
0.988
1.000
1.000
1.000
1.000
0.826
0.807
0.837
0.901
0.878
1.000
1.000
1.000
0.924
0.911
0.936
0.844
0.892
0.913
0.678
0.924
0.756
0.841
1.000
1.000
0.894
0.883
1.000
1.000
0.876
1.000
0.930
0.943
0.814
0.892
0.866
0.765
0.936
0.945
1.000
1.000
0.893
1.000
1.000
0.801
0.862
0.872
0.806
0.823
0.766
0.883
1.000
1.000
0.941
0.803
1.000
1.000
1.000
0.995
1.000
1.000
0.828
0.878
1.000
1.000
1.000
1.000
1.000
1.000
0.898
0.588
0.655
0.599
0.680
0.590
0.639
0.594
0.641
0.667
0.645
0.749
0.862
0.822
0.932
0.977
0.835
1.000
0.850
0.862
0.914
0.909
0.910
0.975
1.000
1.000
1.000
1.000
1.000
1.000
1.000
1.000
0.762
0.892
0.996
1.000
1.000
0.939
0.907
0.877
0.955
0.867
0.909
0.869
0.994
1.000
1.000
1.000
1.000
1.000
0.910
0.933
1.000
1.000
1.000
1.000
1.000
0.873
0.848
0.958
1.000
1.000
0.832
0.971
1.000
1.000
0.971
1.000
1.000
1.000
1.000
0.956
1.000
0.958
0.972
1.000
1.000
1.000
1.000
1.000
0.931
1.000
1.000
1.000
0.937
1.000
1.000
1.000
1.000
1.000
1.000
1.000
1.000
1.000
1.000
1.000
1.000
1.000
0.998
0.804
0.754
0.761
0.704
0.859
1.000
1.000
0.746
0.851
0.994
0.985
1.000
0.955
0.689
0.619
0.572
0.629
0.903
0.923
0.998
0.960
1.000
0.934
1.000
1.000
1.000
1.000
1.000
1.000
1.000
0.745
0.919
1.000
0.961
0.904
1.000
1.000
1.000
0.836
1.000
1.000
1.000
1.000
1.000
1.000
1.000
1.000
1.000
1.000
1.000
1.000
0.999
0.981
0.797
0.785
0.841
0.752
0.814
0.969
1.000
0.671
0.631
0.592
0.553
0.769
0.802
1.000
1.000
1.000
0.982
0.887
0.928
1.000
1.000
0.963
0.713
0.622
0.736
0.926
1.000
1.000
1.000
1.000
1.000
0.999
0.927
0.976
1.000
1.000
1.000
0.942
0.946
1.000
1.000
1.000
1.000
0.906
1.000
1.000
1.000
0.833
0.928
0.970
1.000
1.000
0.918
0.852
0.848
1.000
1.000
1.000
0.982
0.827
0.841
0.970
1.000
1.000
1.000
1.000
0.979
0.919
0.833
0.826
0.733
0.704
0.756
0.815
0.749
0.817
0.922
1.000
0.864
0.794
0.739
0.625
0.751
0.812
0.822
0.845
0.761
0.739
0.812
0.841
0.997
0.946
1.000
1.000
1.000
1.000
1.000
1.000
1.000
0.980
0.998
0.827
0.821
0.964
0.943
0.869
0.775
0.737
0.792
0.735
0.740
0.819
1.000
1.000
1.000
1.000
1.000
1.000
0.971
1.000
0.885
0.812
1.000
0.899
0.836
1.000
1.000
1.000
1.000
1.000
0.904
1.000
1.000
1.000
1.000
1.000
1.000
1.000
0.999
0.980
1.000
0.980
0.992
0.884
0.966
1.000
0.980
0.989
1.000
1.000
1.000
1.000
1.000
0.834
0.923
0.968
1.000
1.000
0.988
1.000
0.870
0.831
0.743
0.736
0.835
0.866
0.844
0.867
1.000
0.999
0.958
0.757
0.911
0.839
0.854
0.867
0.948
1.000
1.000
1.000
1.000
0.795
0.862
0.817
0.947
0.924
0.962
0.905
1.000
1.000
0.898
0.924
0.876
0.894
0.913
1.000
0.830
0.766
0.776
0.847
0.818
1.000
1.000
0.904
0.935
0.856
1.000
1.000
0.845
0.900
0.884
0.963
0.976
0.984
1.000
0.904
0.857
0.567
0.556
0.639
0.776
0.781
0.802
0.875
0.899
0.833
0.845
0.859
0.833
0.949
1.000
1.000
1.000
0.956
0.881
0.892
1.000
0.790
0.874
0.745
0.752
0.828
0.916
0.886
0.988
0.957
1.000
1.000
0.998
1.000
1.000
1.000
0.865
1.000
1.000
1.000
0.802
0.945
0.961
0.818
0.911
1.000
0.921
0.851
1.000
1.000
1.000
0.947
1.000
0.985
0.906
1.000
1.000
1.000
1.000
1.000
0.999
0.893
1.000
0.904
0.887
1.000
0.859
0.865
0.976
0.876
0.876
0.862
0.811
0.997
1.000
1.000
1.000
0.916
1.000
1.000
0.983
1.000
0.836
0.599
0.581
0.582
0.656
0.860
1.000
1.000
0.920
1.000
1.000
1.000
1.000
1.000
0.824
0.702
0.824
0.839
0.812
0.959
1.000
1.000
1.000
1.000
0.965
1.000
1.000
0.862
0.848
1.000
1.000
1.000
1.000
1.000
1.000
1.000
1.000
1.000
1.000
1.000
0.850
0.763
0.860
1.000
1.000
1.000
0.856
1.000
1.000
1.000
0.770
0.764
0.882
0.879
0.742
0.907
0.926
0.910
1.000
1.000
0.738
0.800
0.755
0.801
0.842
0.981
1.000
0.949
1.000
1.000
1.000
0.823
0.957
1.000
1.000
1.000
1.000
1.000
1.000
1.000
1.000
1.000
1.000
0.928
0.829
0.774
0.783
0.999
0.868
0.862
0.800
0.740
0.829
0.889
0.733
0.776
0.845
0.932
0.909
0.830
0.783
0.809
0.786
0.735
0.781
0.816
0.990
1.000
1.000
1.000
1.000
0.976
0.998
0.885
0.894
0.803
0.759
0.877
0.942
0.938
1.000
1.000
1.000
0.885
0.846
1.000
1.000
1.000
1.000
0.869
0.942
0.863
0.924
0.946
0.944
0.987
0.836
0.772
0.656
0.678
0.825
0.779
0.938
0.929
0.875
0.774
0.881
0.836
0.827
1.000
1.000
1.000
0.727
0.884
1.000
0.894
0.761
0.721
0.799
0.886
0.962
1.000
0.990
0.817
0.752
0.765
0.886
0.868
0.846
1.000
0.906
0.960
1.000
0.975
0.919
0.908
0.867
0.838
0.762
0.963
1.000
0.926
0.905
0.774
0.725
0.755
0.860
0.861
0.781
0.833
0.765
0.721
0.727
0.728
0.770
0.785
1.000
1.000
1.000
1.000
0.982
0.942
0.871
0.826
0.969
1.000
0.837
0.802
1.000
1.000
1.000
0.852
0.639
0.788
0.754
1.000
1.000
0.992
0.963
0.992
1.000
1.000
1.000
1.000
1.000
0.924
1.000
1.000
1.000
0.836
0.812
0.754
0.773
0.683
0.751
0.987
1.000
1.000
1.000
1.000
0.989
0.857
0.869
1.000
1.000
1.000
0.985
0.716
0.799
0.574
0.680
1.000
1.000
0.685
0.732
0.634
0.644
0.803
1.000
0.850
0.988
0.994
0.942
1.000
0.832
0.802
0.817
0.720
0.807
0.900
0.869
0.788
0.757
0.802
0.792
0.760
0.963
1.000
1.000
1.000
1.000
0.901
1.000
1.000
1.000
1.000
0.988
0.958
0.964
0.992
0.932
0.812
0.819
0.779
0.985
1.000
0.967
0.697
0.864
0.876
0.800
0.886
1.000
1.000
0.839
0.886
0.831
0.776
0.850
0.964
1.000
0.714
0.644
0.910
1.000
1.000
1.000
1.000
1.000
1.000
1.000
1.000
0.965
0.770
0.727
0.892
0.871
0.992
0.747
0.658
0.591
0.589
0.731
0.780
0.816
0.620
0.651
0.697
0.730
0.731
0.753
0.670
0.647
0.728
0.738
0.893
0.688
1.000
1.000
1.000
1.000
1.000
1.000
1.000
1.000
1.000
1.000
1.000
1.000
1.000
1.000
1.000
1.000
1.000
1.000
0.960
0.970
1.000
0.769
0.547
0.579
0.651
0.687
1.000
1.000
1.000
1.000
1.000
1.000
1.000
1.000
1.000
1.000
1.000
1.000
1.000
1.000
1.000
0.803
0.615
0.877
1.000
1.000
1.000
1.000
1.000
1.000
1.000
1.000
1.000
1.000
1.000
1.000
1.000
1.000
1.000
1.000
1.000
1.000
0.979
1.000
0.986
0.950
1.000
0.994
1.000
1.000
0.937
0.821
0.743
0.575
0.576
0.656
1.000
1.000
1.000
1.000
1.000
0.996
1.000
1.000
1.000
0.978
0.826
0.694
0.926
0.987
0.997
0.898
1.000
0.955
0.907
0.996
1.000
1.000
0.998
0.834
0.803
0.989
1.000
0.967
0.990
1.000
1.000
1.000
0.907
1.000
0.946
0.794
0.694
1.000
1.000
0.916
0.805
0.801
1.000
1.000
0.971
0.803
0.909
1.000
1.000
1.000
1.000
0.870
0.832
0.834
0.879
1.000
1.000
1.000
1.000
1.000
1.000
1.000
1.000
1.000
0.977
0.872
1.000
1.000
0.985
0.883
0.989
0.901
0.955
1.000
0.966
0.841
0.903
0.991
1.000
1.000
1.000
1.000
1.000
0.912
0.743
0.879
0.807
0.727
0.635
0.668
0.857
0.933
0.881
0.681
0.726
0.869
0.837
0.743
0.773
0.723
0.659
0.646
0.649
0.725
0.832
0.879
0.742
0.872
0.805
0.877
0.851
0.889
0.922
0.845
0.724
0.757
0.736
0.773
0.844
0.938
1.000
1.000
1.000
1.000
0.980
0.875
0.855
0.937
0.964
0.969
0.956
1.000
1.000
1.000
1.000
1.000
1.000
1.000
0.895
1.000
1.000
1.000
1.000
1.000
0.985
0.983
0.932
0.922
0.823
0.883
0.897
0.925
0.986
1.000
1.000
0.930
1.000
1.000
1.000
1.000
0.917
0.955
0.796
0.843
0.976
1.000
0.940
0.828
0.830
0.972
1.000
1.000
0.930
1.000
0.961
0.933
1.000
0.991
1.000
1.000
1.000
0.820
0.712
0.640
0.616
0.671
0.785
0.724
0.934
0.763
0.667
0.850
0.937
0.770
0.757
0.549
0.591
0.681
0.644
0.620
0.773
0.771
0.759
0.745
1.000
0.778
0.619
0.609
0.730
0.775
0.859
0.981
1.000
1.000
1.000
0.835
0.918
0.550
0.603
0.601
0.698
0.680
0.704
0.827
0.822
0.945
1.000
1.000
0.883
0.756
0.750
0.900
0.809
0.813
0.921
0.951
0.801
0.944
1.000
0.993
1.000
1.000
0.848
0.942
1.000
0.989
0.933
0.982
0.995
0.911
0.656
0.801
1.000
1.000
1.000
0.962
1.000
1.000
0.869
0.903
0.867
1.000
1.000
0.972
0.974
0.878
0.827
0.829
1.000
1.000
0.996
1.000
1.000
0.806
0.741
0.733
1.000
1.000
1.000
1.000
1.000
1.000
0.704
0.829
0.583
0.559
0.594
0.514
0.557
0.590
0.649
0.679
0.622
0.572
0.770
0.705
0.809
0.883
0.806
0.714
0.685
0.612
0.848
0.958
0.867
0.875
0.961
1.000
1.000
1.000
1.000
1.000
1.000
1.000
1.000
1.000
1.000
1.000
1.000
1.000
0.985
0.895
1.000
1.000
1.000
1.000
1.000
1.000
0.780
0.842
1.000
1.000
1.000
1.000
1.000
1.000
1.000
1.000
0.934
1.000
0.843
0.819
0.815
0.818
1.000
1.000
1.000
1.000
1.000
1.000
0.840
0.920
1.000
1.000
1.000
0.872
0.728
1.000
1.000
1.000
0.877
0.898
0.985
0.922
0.963
1.000
1.000
0.995
0.895
0.843
1.000
0.979
0.888
1.000
1.000
1.000
0.941
0.914
0.952
1.000
1.000
1.000
1.000
0.911
1.000
1.000
1.000
0.917
0.931
0.869
0.934
0.936
1.000
1.000
0.957
1.000
0.818
0.803
0.827
0.984
1.000
1.000
1.000
1.000
1.000
0.974
0.826
0.918
1.000
1.000
0.785
0.815
1.000
1.000
1.000
1.000
1.000
1.000
1.000
1.000
1.000
1.000
1.000
1.000
1.000
1.000
1.000
1.000
1.000
0.971
0.971
1.000
1.000
0.825
0.846
0.879
1.000
0.980
0.982
1.000
1.000
0.962
0.887
0.832
0.763
0.787
0.851
0.722
0.741
0.864
0.930
0.839
0.879
0.997
0.788
0.818
0.727
0.760
0.849
1.000
0.994
0.967
0.876
0.948
0.950
0.919
0.830
0.832
0.960
1.000
1.000
1.000
0.947
0.863
0.798
0.796
0.801
0.863
0.916
0.961
0.980
0.978
0.834
0.773
0.924
0.985
0.882
0.855
0.944
1.000
1.000
0.846
0.718
0.707
0.716
0.740
0.815
0.978
0.876
0.850
0.937
0.982
0.682
0.703
0.692
0.857
0.953
0.771
0.721
0.740
0.806
0.724
0.898
0.966
1.000
0.887
0.963
0.940
0.851
0.840
0.758
0.814
0.820
0.985
1.000
1.000
1.000
1.000
1.000
1.000
1.000
0.986
0.869
0.848
1.000
0.719
0.704
0.790
0.686
0.626
0.627
0.697
0.873
0.951
1.000
1.000
0.950
0.907
1.000
1.000
0.765
0.633
0.582
0.742
0.810
0.951
1.000
1.000
1.000
1.000
0.852
0.719
0.880
1.000
1.000
1.000
1.000
0.831
0.877
1.000
1.000
0.970
0.868
1.000
0.766
0.858
0.816
0.826
0.956
1.000
1.000
0.960
0.881
0.648
0.911
0.704
0.899
0.896
0.977
0.832
0.845
1.000
0.995
0.942
0.978
1.000
0.973
0.654
0.822
0.952
0.889
1.000
0.909
0.985
1.000
1.000
1.000
1.000
0.933
1.000
0.855
0.915
0.809
0.671
0.647
0.657
0.443
0.669
0.634
0.805
0.942
0.860
0.942
0.904
0.941
0.818
0.811
0.749
0.881
0.933
0.866
0.803
0.961
0.835
0.845
1.000
0.935
0.955
1.000
0.817
1.000
1.000
1.000
0.726
0.741
0.705
0.800
0.986
0.842
0.791
0.665
0.681
0.794
0.818
0.841
0.913
0.755
1.000
1.000
1.000
0.953
0.820
0.669
0.868
1.000
0.957
1.000
1.000
1.000
1.000
1.000
1.000
1.000
1.000
0.864
0.971
1.000
1.000
1.000
1.000
1.000
1.000
1.000
1.000
0.823
0.809
0.741
1.000
1.000
1.000
1.000
0.847
1.000
1.000
1.000
1.000
1.000
1.000
1.000
0.972
1.000
0.672
0.923
1.000
0.815
0.570
0.620
0.684
0.686
0.837
0.986
1.000
1.000
0.907
0.771
0.922
0.749
0.730
0.672
0.708
0.936
1.000
1.000
1.000
1.000
1.000
1.000
0.965
0.924
0.874
0.770
0.826
0.809
1.000
0.967
1.000
1.000
1.000
1.000
1.000
0.964
0.995
0.807
1.000
1.000
1.000
1.000
0.663
0.709
0.754
0.773
0.680
1.000
0.729
0.658
0.852
1.000
0.672
0.935
1.000
0.952
0.757
0.733
0.919
1.000
1.000
0.936
1.000
0.947
1.000
1.000
0.902
0.737
0.880
0.914
0.717
0.811
0.817
0.780
0.843
0.937
1.000
1.000
1.000
1.000
1.000
1.000
1.000
1.000
1.000
1.000
1.000
1.000
1.000
1.000
0.996
0.894
0.846
1.000
0.991
0.868
0.743
0.746
0.709
0.727
0.750
0.998
1.000
0.985
0.846
0.978
0.930
0.913
0.981
1.000
1.000
1.000
1.000
0.861
0.784
0.932
0.866
0.859
0.932
1.000
0.911
0.776
0.785
0.888
1.000
0.910
0.738
0.779
0.746
0.771
0.816
0.932
0.963
1.000
1.000
1.000
0.954
1.000
0.965
0.939
0.901
0.865
0.819
0.702
0.886
1.000
0.959
0.890
0.970
0.991
1.000
0.999
0.996
0.811
0.802
0.804
0.679
0.859
0.864
0.985
0.853
1.000
0.991
0.822
0.938
0.768
0.888
0.894
0.865
0.884
0.827
0.951
1.000
1.000
1.000
0.995
0.919
1.000
0.856
0.991
1.000
0.898
1.000
1.000
0.837
0.821
0.801
0.772
0.800
0.768
0.641
0.660
0.716
0.832
0.958
1.000
1.000
1.000
1.000
1.000
1.000
1.000
0.999
0.946
0.803
0.860
0.837
0.850
0.889
1.000
0.913
0.658
0.700
0.652
0.819
0.903
0.959
1.000
0.879
0.892
0.875
0.686
0.795
0.736
0.768
0.720
0.764
0.766
0.677
0.772
0.751
0.798
0.738
0.854
0.937
0.883
1.000
0.945
0.945
0.964
0.940
0.904
1.000
0.966
0.990
0.953
0.916
0.785
0.861
0.945
1.000
0.976
0.949
1.000
1.000
1.000
0.932
0.842
0.963
1.000
1.000
1.000
1.000
1.000
0.924
1.000
1.000
1.000
0.969
1.000
0.964
0.994
1.000
0.845
0.875
0.987
1.000
1.000
1.000
1.000
1.000
1.000
1.000
1.000
0.966
1.000
0.784
0.778
0.661
0.697
0.750
0.783
0.781
0.901
0.866
0.635
0.710
1.000
0.837
0.818
0.838
0.891
0.769
1.000
0.893
1.000
1.000
1.000
1.000
1.000
1.000
1.000
1.000
0.730
0.738
0.676
0.869
0.608
0.595
0.613
0.596
0.985
0.956
0.920
0.847
0.742
1.000
1.000
1.000
0.996
1.000
1.000
1.000
1.000
1.000
1.000
1.000
1.000
1.000
1.000
0.965
0.703
0.933
1.000
0.827
0.619
0.667
0.661
0.771
0.963
1.000
0.957
1.000
1.000
1.000
1.000
1.000
0.981
1.000
0.946
0.752
0.995
1.000
0.985
1.000
0.877
1.000
0.698
0.656
1.000
1.000
1.000
1.000
1.000
1.000
1.000
1.000
1.000
1.000
1.000
1.000
0.986
1.000
0.887
0.933
1.000
1.000
0.938
0.939
0.863
0.881
1.000
1.000
0.983
0.678
0.918
0.829
0.932
1.000
0.998
0.716
0.877
1.000
0.882
0.937
1.000
1.000
0.848
0.738
0.744
0.607
0.715
0.731
0.881
0.850
0.696
0.858
1.000
1.000
1.000
1.000
1.000
0.815
1.000
1.000
1.000
1.000
0.942
0.944
0.923
0.876
0.840
0.850
1.000
0.907
0.882
0.853
1.000
1.000
0.818
0.969
1.000
1.000
0.899
0.953
0.792
0.731
0.980
1.000
1.000
1.000
1.000
1.000
0.987
0.873
0.879
0.803
0.863
0.815
0.903
1.000
1.000
1.000
0.961
0.980
1.000
1.000
1.000
0.989
0.968
0.777
0.788
0.949
1.000
1.000
1.000
1.000
1.000
0.969
0.814
0.836
0.775
0.783
0.745
0.754
0.740
0.904
0.982
1.000
1.000
1.000
0.985
0.915
1.000
1.000
1.000
1.000
1.000
1.000
0.945
0.935
0.983
0.908
0.803
0.876
0.917
1.000
1.000
1.000
1.000
1.000
0.937
0.900
0.848
0.835
0.800
0.839
0.834
1.000
0.957
0.977
0.921
0.893
0.902
0.987
1.000
0.966
0.832
0.790
0.760
0.785
0.851
0.807
0.792
0.714
0.773
0.915
0.848
0.846
0.866
0.940
1.000
0.784
0.838
0.855
0.985
1.000
0.827
0.754
0.800
0.938
0.761
0.735
0.899
0.933
1.000
1.000
0.943
1.000
0.916
1.000
1.000
1.000
1.000
1.000
0.981
0.926
0.926
0.852
0.847
0.986
0.855
0.718
0.741
0.853
0.850
0.880
0.845
0.801
1.000
1.000
0.882
0.830
0.791
0.827
0.763
0.854
0.856
0.710
0.761
0.965
1.000
1.000
0.948
0.647
0.798
0.766
0.779
0.792
0.824
1.000
1.000
0.905
0.907
0.885
0.841
0.850
0.907
1.000
0.680
0.506
0.633
0.553
0.701
0.960
0.965
1.000
1.000
0.830
1.000
0.923
0.755
0.656
0.633
0.636
0.634
0.743
0.768
0.790
0.885
0.905
0.708
1.000
1.000
1.000
0.994
0.976
0.962
0.867
0.975
0.837
0.746
0.930
1.000
0.870
0.757
0.644
0.598
0.716
0.648
0.688
0.655
0.836
0.927
0.987
1.000
0.998
0.996
0.876
0.905
0.911
0.885
1.000
1.000
0.783
0.955
1.000
0.938
0.914
0.957
0.979
1.000
1.000
1.000
1.000
0.951
0.976
0.883
1.000
0.810
0.650
0.632
0.791
0.694
0.605
0.676
1.000
0.700
0.606
0.642
0.760
0.796
0.775
0.790
1.000
1.000
1.000
0.967
1.000
1.000
1.000
1.000
1.000
1.000
1.000
1.000
1.000
1.000
0.843
0.777
0.673
0.648
0.673
0.739
0.797
1.000
1.000
1.000
0.955
1.000
1.000
1.000
1.000
0.999
0.952
1.000
1.000
1.000
1.000
1.000
1.000
1.000
1.000
1.000
0.984
0.936
1.000
1.000
1.000
1.000
1.000
1.000
0.867
1.000
1.000
1.000
0.999
1.000
1.000
0.801
0.998
1.000
1.000
1.000
0.688
0.846
0.992
1.000
0.685
0.621
0.666
0.746
0.796
0.795
0.817
0.687
0.741
0.990
0.887
0.955
0.985
1.000
1.000
1.000
1.000
1.000
0.853
0.830
1.000
0.985
1.000
0.811
0.666
0.691
0.672
0.653
0.630
0.744
1.000
0.779
0.589
0.685
0.661
0.936
1.000
1.000
1.000
1.000
1.000
1.000
1.000
0.946
0.878
0.827
0.760
0.707
0.657
0.694
0.890
0.899
0.913
0.900
0.976
0.931
1.000
1.000
0.990
0.880
0.869
0.848
1.000
1.000
1.000
1.000
1.000
1.000
0.974
1.000
0.977
0.890
0.951
0.959
0.856
0.799
0.742
0.764
0.745
0.860
0.978
0.938
0.910
0.997
0.889
0.888
0.796
0.740
0.777
0.788
0.926
0.739
0.768
0.933
0.845
0.911
0.969
1.000
1.000
1.000
1.000
0.819
0.881
1.000
1.000
1.000
0.950
0.923
1.000
1.000
1.000
1.000
1.000
0.827
0.795
0.893
0.836
0.904
0.967
1.000
0.992
0.799
0.745
0.758
0.844
1.000
0.994
0.945
0.772
0.818
0.888
0.801
1.000
1.000
1.000
0.966
0.914
0.842
0.823
0.771
0.885
0.980
0.971
1.000
0.951
0.903
0.890
0.901
0.974
0.893
0.738
0.771
0.774
0.888
1.000
1.000
1.000
1.000
1.000
1.000
1.000
1.000
1.000
0.829
0.796
0.785
0.822
0.818
0.776
0.792
0.898
1.000
1.000
1.000
0.964
0.970
1.000
1.000
0.962
0.943
0.856
0.949
0.860
0.988
1.000
1.000
0.906
0.912
0.979
1.000
0.961
0.859
0.853
0.892
0.788
0.770
1.000
1.000
1.000
0.995
0.987
1.000
0.959
1.000
1.000
1.000
0.971
0.930
0.944
0.963
1.000
1.000
0.692
0.658
0.759
0.901
0.851
0.885
0.885
0.864
0.851
0.975
0.809
1.000
0.520
0.599
1.000
0.993
0.992
1.000
0.614
0.668
0.789
0.752
0.708
0.791
0.761
0.739
0.762
0.844
0.871
0.989
1.000
1.000
0.781
0.782
0.735
0.735
0.745
0.816
0.837
0.839
0.831
0.787
0.815
0.838
0.981
1.000
1.000
1.000
0.960
0.929
0.900
0.822
0.874
0.825
0.705
0.692
0.697
0.813
0.933
0.997
0.902
1.000
1.000
1.000
1.000
0.878
1.000
0.911
0.880
0.802
0.872
0.838
0.617
1.000
0.927
0.900
1.000
1.000
1.000
1.000
1.000
1.000
1.000
1.000
0.999
0.716
0.805
0.968
1.000
1.000
1.000
1.000
0.815
0.755
0.877
0.889
0.807
0.885
0.829
0.825
0.892
0.943
0.764
0.896
1.000
0.746
0.917
0.858
0.870
0.889
0.827
0.852
0.847
0.783
0.844
0.798
0.789
0.879
1.000
1.000
1.000
1.000
1.000
1.000
1.000
1.000
0.870
1.000
1.000
1.000
1.000
1.000
1.000
1.000
0.919
1.000
0.980
1.000
1.000
1.000
0.968
1.000
0.994
1.000
0.951
0.976
1.000
1.000
0.937
0.876
0.995
1.000
1.000
1.000
1.000
1.000
0.840
0.862
0.918
0.787
0.944
0.791
0.851
1.000
1.000
0.854
0.618
0.806
1.000
1.000
1.000
1.000
1.000
1.000
1.000
1.000
0.888
0.889
0.970
1.000
1.000
0.989
0.931
0.876
0.966
1.000
1.000
0.959
0.782
0.458
0.541
0.757
1.000
0.832
0.672
0.852
1.000
1.000
1.000
0.940
1.000
1.000
1.000
1.000
1.000
0.784
0.629
0.947
1.000
0.896
0.843
0.619
0.643
0.768
0.697
0.867
0.947
1.000
1.000
1.000
0.998
0.884
0.825
0.928
0.974
0.932
1.000
1.000
1.000
1.000
1.000
1.000
1.000
1.000
1.000
1.000
1.000
0.939
0.906
0.972
1.000
1.000
1.000
0.967
0.932
0.869
0.921
0.903
0.794
0.821
0.812
0.805
0.807
0.739
0.764
0.919
0.974
1.000
1.000
0.937
0.934
0.939
0.893
0.900
1.000
1.000
1.000
1.000
1.000
0.969
0.937
0.976
0.934
1.000
1.000
1.000
1.000
0.993
1.000
0.864
0.829
0.820
0.928
0.955
1.000
1.000
1.000
0.939
1.000
0.941
1.000
1.000
1.000
0.968
1.000
1.000
0.981
0.939
0.955
0.958
0.900
1.000
0.940
0.968
1.000
0.996
1.000
1.000
0.975
0.961
0.922
1.000
0.906
1.000
1.000
0.965
1.000
1.000
0.983
0.897
1.000
1.000
1.000
1.000
0.968
0.997
1.000
0.959
1.000
1.000
1.000
1.000
1.000
0.954
0.886
0.823
0.830
0.882
0.862
0.923
0.844
0.971
1.000
1.000
1.000
0.968
0.842
0.773
0.986
1.000
0.947
0.820
0.784
0.901
0.949
0.822
0.934
0.955
0.971
0.901
0.959
0.959
0.998
1.000
0.860
0.761
0.911
0.895
0.891
1.000
1.000
1.000
1.000
1.000
1.000
1.000
0.968
1.000
1.000
1.000
1.000
0.950
0.931
1.000
1.000
1.000
0.964
0.873
0.724
1.000
0.883
0.944
0.988
0.991
0.947
0.864
1.000
1.000
1.000
1.000
1.000
1.000
1.000
1.000
0.934
0.878
0.912
1.000
0.996
1.000
0.999
0.937
1.000
0.880
0.883
1.000
0.861
1.000
1.000
1.000
1.000
1.000
1.000
1.000
1.000
1.000
1.000
1.000
1.000
1.000
1.000
1.000
0.831
0.831
1.000
1.000
1.000
0.903
0.948
0.901
1.000
1.000
1.000
1.000
0.919
1.000
0.732
0.698
0.864
1.000
1.000
0.945
0.758
1.000
0.944
1.000
1.000
1.000
1.000
1.000
0.998
0.919
1.000
1.000
0.884
0.953
0.988
0.896
0.782
1.000
1.000
1.000
0.838
1.000
1.000
1.000
1.000
0.990
0.954
0.999
0.766
0.856
0.888
1.000
1.000
1.000
1.000
1.000
1.000
1.000
1.000
1.000
0.854
0.846
0.920
0.961
0.927
0.774
0.766
0.949
0.724
0.771
0.880
0.941
0.768
0.729
0.698
0.929
0.851
0.786
1.000
1.000
0.866
0.901
0.688
0.575
0.531
0.707
0.961
0.955
0.981
0.948
1.000
0.916
1.000
1.000
1.000
1.000
1.000
1.000
1.000
0.966
1.000
0.964
0.937
0.805
0.859
0.965
1.000
1.000
1.000
1.000
1.000
1.000
0.944
0.972
0.999
0.956
0.980
0.935
0.938
0.918
1.000
1.000
1.000
0.953
0.967
0.830
0.987
0.847
1.000
1.000
1.000
1.000
0.904
0.746
0.917
1.000
1.000
1.000
1.000
1.000
1.000
0.898
1.000
0.945
1.000
0.953
1.000
1.000
1.000
1.000
1.000
1.000
1.000
1.000
1.000
0.989
0.782
0.888
0.965
0.884
0.887
0.856
0.935
0.966
0.852
0.892
0.887
0.949
0.994
1.000
0.980
0.972
0.881
0.774
0.798
0.818
0.893
0.827
0.828
0.822
0.901
1.000
0.853
0.862
0.988
0.993
0.948
0.904
0.825
0.764
0.763
0.755
0.829
1.000
1.000
0.866
0.803
0.781
0.848
0.922
0.865
0.774
0.811
0.774
0.784
0.763
0.758
0.813
0.771
0.889
0.760
0.727
0.825
0.793
0.765
0.763
0.997
1.000
1.000
1.000
1.000
0.869
0.775
0.846
1.000
1.000
1.000
0.888
0.964
1.000
1.000
1.000
1.000
0.890
0.802
0.953
0.873
0.710
0.748
0.949
0.905
0.835
0.803
0.824
0.849
0.840
0.860
1.000
1.000
0.839
0.707
0.680
0.782
0.947
0.975
0.825
0.807
0.824
0.760
0.807
0.913
0.827
0.923
0.938
1.000
1.000
0.699
0.676
0.872
0.868
0.786
0.821
0.790
0.986
1.000
1.000
1.000
1.000
1.000
0.902
0.953
1.000
1.000
0.993
1.000
0.934
0.731
0.747
0.762
0.767
0.768
0.766
0.777
0.751
0.815
0.853
0.924
1.000
1.000
1.000
1.000
1.000
0.786
0.890
0.741
0.929
1.000
1.000
0.988
0.911
1.000
1.000
1.000
1.000
1.000
1.000
0.890
1.000
0.817
0.882
0.936
0.848
0.923
0.882
0.865
0.793
0.713
0.719
0.848
1.000
1.000
1.000
1.000
1.000
0.932
0.769
0.878
0.998
0.907
0.898
0.805
0.958
1.000
1.000
0.738
0.787
0.709
0.813
0.835
0.774
0.718
0.766
0.916
1.000
1.000
1.000
0.720
0.794
0.845
1.000
1.000
1.000
0.925
0.898
1.000
1.000
0.918
0.949
0.931
1.000
1.000
0.857
0.998
1.000
0.791
0.531
0.482
0.594
0.544
0.570
0.664
0.721
0.863
0.790
0.633
0.719
0.771
0.810
0.980
0.921
1.000
0.826
0.806
0.811
0.815
0.819
0.752
0.950
0.754
1.000
0.837
0.799
0.813
0.901
0.859
0.651
0.653
0.925
0.963
1.000
1.000
1.000
1.000
1.000
1.000
1.000
0.895
1.000
1.000
1.000
1.000
1.000
1.000
1.000
1.000
1.000
0.842
1.000
1.000
1.000
0.894
0.811
0.937
1.000
1.000
1.000
0.799
0.612
0.562
0.643
1.000
0.963
0.894
0.886
0.790
0.607
0.850
0.906
1.000
1.000
1.000
1.000
1.000
0.883
0.877
0.909
1.000
1.000
0.843
1.000
0.932
0.919
1.000
1.000
1.000
1.000
0.933
0.829
0.703
0.816
1.000
0.827
0.905
0.784
0.694
0.775
1.000
1.000
1.000
1.000
1.000
0.885
0.910
0.948
0.907
1.000
1.000
1.000
0.856
0.716
0.733
1.000
1.000
0.942
0.981
0.998
0.929
0.707
1.000
1.000
1.000
1.000
0.927
0.931
1.000
1.000
0.989
0.959
0.925
1.000
1.000
1.000
1.000
1.000
1.000
1.000
0.882
0.962
0.873
0.826
0.826
0.928
0.893
0.948
0.992
1.000
0.915
0.949
0.892
0.940
0.984
1.000
0.992
1.000
1.000
0.989
1.000
1.000
0.972
0.930
1.000
0.923
0.920
0.989
0.922
1.000
0.901
0.986
0.933
1.000
1.000
0.979
1.000
1.000
0.924
0.948
1.000
0.974
1.000
1.000
0.901
0.834
0.899
0.957
1.000
1.000
1.000
1.000
0.896
0.902
0.902
0.806
0.737
0.900
1.000
0.998
1.000
1.000
1.000
0.994
0.976
1.000
1.000
1.000
1.000
1.000
0.989
1.000
1.000
1.000
0.900
0.832
0.787
0.815
0.821
0.906
0.832
0.896
1.000
1.000
1.000
1.000
0.897
0.935
1.000
1.000
0.881
0.741
0.715
0.836
0.874
0.986
0.899
0.766
0.770
0.873
0.872
1.000
1.000
1.000
1.000
1.000
1.000
1.000
1.000
0.945
0.866
0.947
0.910
0.817
1.000
0.997
0.877
0.924
0.811
0.736
0.883
1.000
0.778
0.751
1.000
0.930
0.920
0.935
0.930
0.950
0.900
0.839
0.825
1.000
1.000
0.957
1.000
1.000
1.000
0.938
1.000
0.956
0.895
0.901
0.901
0.798
0.802
0.857
0.820
0.972
0.844
0.731
0.731
0.809
0.847
0.981
0.930
0.969
0.795
0.931
0.817
0.797
0.960
1.000
1.000
0.855
0.827
0.834
0.763
0.733
0.721
0.727
0.905
0.924
0.745
0.814
1.000
1.000
0.762
0.655
0.378
0.441
0.438
0.488
0.512
0.613
0.758
0.750
0.856
0.718
0.690
0.704
0.743
0.785
0.860
0.904
1.000
1.000
0.900
0.922
0.836
0.924
1.000
1.000
1.000
0.982
1.000
1.000
0.963
0.822
0.852
0.820
0.798
1.000
1.000
1.000
0.803
0.609
0.729
0.672
0.663
0.887
0.924
1.000
1.000
0.892
0.887
0.838
0.819
0.641
0.717
1.000
1.000
0.919
0.868
1.000
0.862
0.945
0.988
1.000
1.000
1.000
1.000
1.000
1.000
1.000
1.000
0.794
1.000
1.000
1.000
1.000
1.000
0.911
0.885
1.000
1.000
1.000
1.000
1.000
1.000
0.967
1.000
1.000
0.983
0.890
1.000
0.994
1.000
0.993
0.739
0.799
0.851
1.000
0.883
0.649
0.611
0.457
0.355
0.487
0.668
0.782
1.000
1.000
1.000
1.000
1.000
0.869
1.000
1.000
1.000
1.000
1.000
1.000
1.000
1.000
1.000
0.668
0.634
0.703
0.916
0.977
0.808
1.000
1.000
1.000
0.977
1.000
0.875
1.000
1.000
1.000
1.000
1.000
0.662
0.597
0.598
0.651
0.722
0.909
0.852
0.984
0.621
0.600
0.535
0.654
0.600
0.640
0.840
1.000
0.853
0.644
0.626
0.665
0.745
0.843
1.000
1.000
1.000
1.000
1.000
0.978
0.844
0.891
0.794
0.663
0.638
0.891
1.000
0.960
0.826
1.000
1.000
1.000
1.000
0.914
0.746
0.805
0.869
0.953
1.000
1.000
1.000
1.000
1.000
0.982
0.973
0.847
0.807
0.750
0.727
0.682
0.716
0.883
0.959
0.949
0.944
1.000
0.837
0.824
0.903
1.000
0.749
0.966
0.745
0.721
0.704
0.823
0.915
1.000
1.000
1.000
0.988
0.857
0.836
0.751
0.684
0.707
0.822
0.851
0.845
0.941
1.000
0.927
0.952
0.916
0.999
0.985
1.000
1.000
0.823
0.918
0.860
0.794
0.906
0.931
1.000
1.000
0.947
1.000
1.000
0.896
0.846
0.812
0.935
0.963
1.000
1.000
1.000
1.000
1.000
0.925
1.000
1.000
0.972
1.000
0.993
0.999
0.817
0.871
0.968
0.987
0.945
1.000
0.906
0.815
0.979
0.922
0.881
0.664
0.705
0.791
0.675
0.905
0.972
0.776
0.779
0.715
0.733
0.713
0.772
0.780
0.801
0.979
0.866
0.863
0.797
0.983
1.000
1.000
1.000
0.946
0.847
0.833
0.950
0.945
1.000
1.000
1.000
1.000
1.000
0.948
1.000
0.862
1.000
1.000
1.000
1.000
0.970
1.000
1.000
0.912
0.904
1.000
0.992
1.000
0.950
0.846
0.798
0.934
1.000
1.000
1.000
1.000
1.000
1.000
1.000
1.000
1.000
1.000
1.000
1.000
1.000
1.000
1.000
1.000
0.722
0.907
0.806
0.834
0.878
0.869
0.940
0.953
0.838
0.959
0.985
1.000
1.000
0.878
0.929
0.907
0.889
0.923
0.920
0.944
0.994
1.000
1.000
0.919
0.901
0.970
0.981
0.977
1.000
1.000
1.000
0.975
0.709
0.766
0.862
0.976
0.900
0.827
0.947
0.956
0.978
0.764
0.763
1.000
1.000
0.983
0.904
0.862
0.805
0.947
1.000
0.926
1.000
0.847
0.796
0.584
0.705
0.704
0.811
0.828
0.916
0.911
1.000
1.000
1.000
1.000
0.802
0.820
0.900
0.876
0.832
0.973
1.000
1.000
1.000
1.000
1.000
0.973
1.000
1.000
1.000
1.000
0.976
0.975
1.000
0.711
0.714
0.688
0.730
0.803
0.768
0.814
0.775
0.725
0.720
1.000
1.000
1.000
1.000
1.000
0.621
0.714
0.922
0.532
0.632
0.812
1.000
0.774
0.685
0.967
1.000
0.654
0.697
0.787
0.953
1.000
0.969
0.930
1.000
1.000
0.556
0.699
0.832
0.775
1.000
0.958
1.000
0.938
0.673
0.572
0.673
0.743
1.000
1.000
1.000
0.919
1.000
1.000
1.000
0.879
1.000
1.000
0.698
0.694
0.662
0.916
1.000
1.000
1.000
1.000
1.000
1.000
1.000
1.000
1.000
1.000
1.000
0.898
0.901
0.829
0.926
1.000
0.994
0.999
0.964
1.000
1.000
1.000
1.000
1.000
1.000
0.802
0.605
1.000
0.987
0.838
0.955
1.000
1.000
1.000
0.912
1.000
0.905
0.756
0.796
0.712
0.738
0.883
1.000
1.000
1.000
0.967
0.759
0.867
1.000
1.000
1.000
0.879
0.975
1.000
1.000
1.000
1.000
1.000
1.000
0.907
0.849
1.000
0.991
0.763
0.822
1.000
0.974
0.918
1.000
0.994
1.000
1.000
1.000
0.860
0.783
0.800
0.937
0.680
0.796
0.955
1.000
1.000
1.000
0.896
0.846
0.779
0.845
0.963
1.000
1.000
0.945
1.000
1.000
1.000
0.984
0.790
0.848
0.785
0.852
0.893
0.989
0.926
0.885
0.889
0.839
0.880
1.000
1.000
0.980
0.886
0.883
0.893
0.861
0.861
0.886
0.922
0.874
0.913
0.970
0.962
0.920
0.775
0.955
0.949
0.921
0.850
0.823
0.768
0.715
0.811
0.951
0.939
1.000
1.000
1.000
1.000
1.000
1.000
1.000
1.000
1.000
0.986
1.000
1.000
0.927
0.904
0.877
0.825
0.805
0.804
0.798
0.819
0.806
0.939
0.807
0.968
1.000
1.000
0.985
0.993
1.000
0.899
1.000
1.000
1.000
1.000
1.000
1.000
0.947
0.862
0.797
1.000
1.000
1.000
0.874
0.900
1.000
0.818
0.760
0.698
0.759
0.648
0.627
0.731
0.798
0.875
0.719
0.662
0.686
0.765
0.801
0.842
0.810
0.796
0.954
1.000
1.000
0.923
0.954
1.000
1.000
1.000
1.000
1.000
0.955
0.848
0.844
0.841
0.902
0.803
0.679
0.688
0.696
0.614
0.613
0.560
0.602
0.631
0.671
0.670
0.686
0.579
0.651
0.747
0.788
0.778
0.848
0.913
1.000
0.970
0.902
0.773
0.868
0.744
0.961
1.000
1.000
1.000
1.000
1.000
1.000
0.977
0.882
0.729
0.917
1.000
1.000
1.000
0.989
0.846
0.536
0.543
0.604
0.674
0.723
0.767
0.754
0.657
0.701
0.700
0.715
0.621
0.480
0.568
0.635
0.709
0.701
0.703
0.709
0.724
0.770
0.727
0.725
0.984
1.000
0.982
1.000
1.000
1.000
0.985
0.832
0.813
0.701
1.000
1.000
1.000
1.000
1.000
0.988
0.811
0.937
1.000
0.889
0.836
1.000
1.000
1.000
1.000
1.000
1.000
1.000
0.772
0.760
0.828
0.785
1.000
0.792
0.878
0.919
0.901
0.683
0.780
0.742
0.985
0.919
0.871
0.779
0.683
0.712
0.871
0.892
0.832
0.825
1.000
0.727
0.508
0.558
0.745
0.839
0.906
0.758
0.931
1.000
1.000
1.000
1.000
0.743
0.720
0.823
0.795
0.756
1.000
1.000
1.000
0.967
1.000
1.000
0.999
0.978
0.793
0.703
0.778
0.849
1.000
0.893
0.739
0.775
0.874
1.000
1.000
1.000
0.706
0.515
0.937
0.952
0.785
0.936
1.000
0.938
0.840
0.903
0.679
0.699
1.000
1.000
1.000
1.000
0.892
0.813
0.775
0.778
0.740
0.718
0.852
0.826
0.720
0.706
1.000
0.923
1.000
1.000
1.000
1.000
1.000
0.912
0.786
1.000
0.759
0.897
1.000
1.000
1.000
1.000
0.980
0.724
0.682
0.624
0.588
0.875
1.000
0.840
0.739
0.716
0.748
0.679
0.813
0.746
0.740
0.756
0.869
0.870
1.000
1.000
0.852
1.000
1.000
1.000
1.000
1.000
1.000
1.000
0.854
0.854
0.931
0.829
0.810
0.894
0.943
0.804
0.924
0.942
0.951
0.857
0.790
0.872
0.768
0.943
1.000
1.000
1.000
1.000
1.000
0.971
0.868
0.830
0.851
1.000
1.000
1.000
1.000
1.000
0.899
0.747
0.659
0.710
0.764
0.772
0.872
0.862
0.920
0.822
0.881
1.000
1.000
1.000
1.000
1.000
1.000
1.000
1.000
1.000
1.000
1.000
1.000
0.942
0.875
0.900
0.956
0.950
0.951
1.000
0.849
0.724
0.796
0.838
0.788
0.779
0.753
0.744
0.853
0.893
0.846
0.849
0.829
0.906
0.677
0.751
0.839
0.773
0.949
1.000
0.998
1.000
0.779
0.967
1.000
1.000
1.000
1.000
1.000
1.000
1.000
1.000
1.000
0.957
1.000
0.965
1.000
0.821
1.000
0.929
0.925
0.868
0.810
0.783
0.714
0.701
0.835
0.906
0.830
0.724
0.819
0.892
0.943
0.796
0.815
0.785
0.715
0.937
0.952
1.000
0.880
1.000
1.000
1.000
1.000
1.000
1.000
1.000
1.000
1.000
1.000
1.000
1.000
1.000
0.990
0.626
0.655
0.793
0.899
0.885
0.698
0.745
0.829
0.919
0.876
0.952
0.978
1.000
1.000
0.743
1.000
1.000
1.000
1.000
1.000
0.987
1.000
0.843
0.671
0.739
1.000
1.000
1.000
1.000
1.000
1.000
1.000
0.915
0.963
1.000
1.000
0.717
0.666
0.966
0.865
0.781
0.894
0.868
0.879
0.906
1.000
1.000
1.000
1.000
1.000
1.000
0.983
1.000
0.977
1.000
1.000
0.994
0.956
0.939
0.915
1.000
0.813
0.781
0.717
0.972
0.975
0.967
0.976
0.773
0.710
0.735
0.760
0.704
0.711
0.728
0.821
0.797
0.691
0.697
0.796
0.988
0.739
0.754
1.000
1.000
0.933
0.674
0.607
0.717
1.000
1.000
0.865
0.926
0.951
0.654
0.624
0.870
1.000
1.000
0.841
1.000
1.000
1.000
1.000
1.000
0.934
0.954
0.927
1.000
0.575
0.959
0.907
0.883
0.864
0.869
0.742
0.824
0.880
0.831
1.000
1.000
1.000
1.000
1.000
0.871
0.723
0.739
0.666
0.622
0.935
1.000
0.889
0.953
0.748
0.893
1.000
1.000
1.000
0.828
0.783
1.000
1.000
0.749
0.746
1.000
1.000
0.914
1.000
1.000
0.948
0.962
1.000
1.000
1.000
0.959
1.000
0.761
0.999
1.000
1.000
0.984
1.000
1.000
0.730
0.861
1.000
0.870
0.833
0.805
0.954
0.861
0.801
0.881
0.893
0.829
0.768
0.740
0.737
1.000
0.654
0.689
1.000
1.000
0.967
1.000
1.000
1.000
0.999
0.979
1.000
0.982
0.959
1.000
1.000
1.000
1.000
1.000
0.828
0.745
0.804
0.995
1.000
1.000
0.912
0.742
0.761
0.824
0.940
0.721
0.657
0.620
0.619
0.902
0.814
0.930
1.000
1.000
1.000
0.968
1.000
1.000
1.000
1.000
1.000
1.000
0.932
0.788
0.728
0.740
0.838
1.000
0.978
0.862
0.831
0.983
1.000
1.000
0.979
0.843
0.771
0.740
0.726
0.744
0.773
0.690
0.717
0.672
0.796
0.771
0.919
0.835
0.736
0.679
0.562
0.619
0.610
0.716
0.667
0.728
0.893
0.718
0.689
0.824
0.978
0.762
0.580
0.819
0.700
0.698
0.656
0.693
0.662
0.606
0.721
1.000
1.000
1.000
0.802
0.755
0.680
0.691
0.714
0.924
0.911
0.901
1.000
1.000
0.993
0.989
0.908
1.000
1.000
0.985
0.921
0.845
0.872
0.741
0.676
0.718
0.784
0.757
0.777
0.960
1.000
1.000
0.997
0.978
0.918
0.841
0.667
0.694
0.796
0.993
0.764
0.762
0.875
0.948
0.888
0.825
0.674
0.654
1.000
1.000
1.000
1.000
1.000
0.886
0.865
0.723
0.670
0.708
0.788
0.777
0.804
0.958
1.000
0.991
0.810
0.941
0.949
0.813
0.842
0.894
0.956
1.000
1.000
0.609
0.587
0.676
0.777
0.632
0.622
0.669
0.649
0.501
0.500
0.528
0.609
0.683
0.633
0.641
0.588
0.616
0.597
0.599
0.679
0.903
0.679
0.797
0.938
1.000
1.000
1.000
1.000
0.835
0.844
0.878
0.939
0.892
0.971
0.874
0.836
0.897
1.000
0.833
0.975
0.877
0.915
0.966
1.000
1.000
0.999
0.722
0.626
0.644
0.642
0.802
0.860
0.871
1.000
0.919
0.951
0.733
0.984
0.714
0.631
0.649
0.674
0.628
0.630
0.639
0.550
0.515
0.648
0.687
0.711
0.693
0.700
0.564
0.527
0.748
0.779
0.756
0.592
0.700
0.728
0.729
0.703
0.766
0.801
0.856
0.785
0.744
0.919
0.968
0.934
0.652
0.646
0.803
0.927
0.845
0.994
1.000
1.000
0.761
0.700
0.921
0.400
0.411
0.587
0.586
1.000
1.000
0.997
0.908
0.988
1.000
0.999
1.000
0.802
0.640
0.979
1.000
0.870
0.613
0.652
0.781
0.674
0.516
0.500
0.639
0.645
0.870
0.924
0.755
0.755
0.783
0.520
1.000
1.000
0.854
0.714
0.831
0.765
1.000
1.000
1.000
0.647
0.524
0.406
0.445
0.495
0.522
0.654
0.771
0.955
0.963
1.000
0.646
0.849
0.930
1.000
1.000
0.947
1.000
0.868
1.000
1.000
1.000
1.000
1.000
0.996
1.000
0.904
1.000
1.000
0.759
0.646
0.464
0.588
0.910
1.000
1.000
0.766
0.826
0.782
1.000
0.863
1.000
1.000
1.000
1.000
0.823
0.485
0.408
0.601
0.803
0.986
1.000
1.000
1.000
0.589
0.861
0.952
0.871
0.941
0.936
0.687
0.929
0.831
0.704
1.000
1.000
0.718
0.555
0.672
0.910
1.000
1.000
0.977
1.000
1.000
0.899
1.000
0.857
0.809
0.655
0.530
0.556
0.662
0.767
0.809
0.879
0.922
0.952
0.974
1.000
1.000
0.968
0.812
0.910
1.000
1.000
0.866
0.664
0.687
0.634
0.606
0.484
0.423
0.777
0.961
0.861
0.874
0.934
1.000
0.823
1.000
0.995
0.948
0.893
0.738
0.676
0.773
0.851
0.836
1.000
1.000
1.000
0.832
0.907
1.000
1.000
1.000
0.857
0.765
0.775
0.830
0.728
0.688
0.801
0.872
0.922
0.810
0.936
0.934
0.703
0.677
0.680
0.670
0.769
0.741
1.000
1.000
0.866
0.956
0.737
0.765
0.795
0.719
0.792
0.754
0.680
0.626
0.637
0.554
0.741
0.726
0.930
1.000
0.954
0.762
0.729
0.775
0.737
0.774
0.916
0.904
0.811
0.902
0.941
1.000
1.000
1.000
1.000
0.883
0.953
0.950
0.797
0.959
0.824
0.894
0.973
0.954
0.949
1.000
1.000
1.000
1.000
0.836
0.733
0.880
1.000
1.000
0.903
0.845
0.831
0.788
0.981
1.000
0.932
0.863
0.789
0.759
0.734
0.783
0.767
0.791
0.956
0.920
0.574
0.631
0.622
0.703
0.755
0.674
0.580
0.581
0.603
0.650
0.796
0.757
0.609
0.638
0.599
0.635
0.810
0.680
0.679
0.707
0.901
0.934
1.000
0.935
0.772
0.772
0.763
0.684
0.671
0.936
0.689
0.595
0.473
0.767
0.915
0.859
0.838
0.926
1.000
0.875
1.000
0.825
0.872
1.000
1.000
0.940
0.601
0.607
0.686
0.748
0.983
1.000
1.000
1.000
1.000
0.787
0.743
0.734
0.685
1.000
1.000
1.000
1.000
0.672
0.777
0.860
0.803
0.819
0.781
0.726
0.627
0.579
0.603
0.688
0.722
0.708
0.804
0.757
1.000
0.736
0.758
0.945
1.000
1.000
0.993
0.983
0.949
0.745
0.993
0.639
0.558
0.488
0.794
0.826
0.969
0.739
0.869
0.727
1.000
0.873
0.950
1.000
1.000
0.850
0.575
0.604
0.568
0.720
1.000
1.000
0.976
1.000
0.744
0.899
0.905
1.000
1.000
1.000
1.000
1.000
0.853
0.650
0.980
1.000
1.000
0.820
0.952
0.873
1.000
0.782
1.000
1.000
0.902
1.000
1.000
1.000
1.000
1.000
1.000
0.843
0.788
0.964
1.000
1.000
1.000
1.000
1.000
1.000
1.000
0.990
1.000
0.960
0.601
0.385
0.469
0.482
0.544
0.668
0.827
0.911
1.000
0.580
0.733
1.000
1.000
0.939
0.999
0.705
0.672
0.937
0.979
0.748
0.656
0.653
1.000
1.000
0.925
1.000
1.000
1.000
1.000
1.000
0.613
0.509
0.667
1.000
0.814
0.815
0.933
0.972
1.000
1.000
0.609
0.529
0.623
0.866
1.000
0.979
0.957
0.772
0.575
0.884
1.000
1.000
0.909
0.647
0.535
0.953
0.860
0.865
0.852
0.911
0.990
0.992
0.984
1.000
1.000
1.000
1.000
1.000
0.986
1.000
1.000
1.000
1.000
1.000
0.932
0.958
1.000
1.000
0.891
0.885
0.963
1.000
1.000
1.000
1.000
1.000
0.964
0.743
0.936
0.863
1.000
0.842
0.695
0.557
0.567
0.577
0.757
0.603
0.750
0.935
0.970
1.000
0.940
0.968
0.842
1.000
1.000
1.000
1.000
1.000
1.000
1.000
1.000
1.000
1.000
0.893
0.813
1.000
0.964
0.883
0.720
0.712
0.757
0.650
0.664
0.952
1.000
0.944
0.892
0.598
0.640
0.755
0.914
0.816
0.676
0.766
1.000
1.000
1.000
1.000
1.000
0.861
0.737
0.688
0.673
0.667
0.608
0.943
0.984
0.877
0.672
0.611
0.620
0.765
1.000
1.000
0.958
0.914
0.866
0.770
0.855
0.973
1.000
1.000
0.961
0.807
0.788
0.852
0.984
1.000
1.000
0.961
1.000
1.000
0.976
0.945
0.951
0.766
0.821
0.821
0.954
1.000
1.000
0.996
0.867
0.933
0.984
0.773
0.918
0.985
0.952
0.739
0.705
0.763
0.895
0.868
0.859
0.720
0.810
0.803
0.632
0.621
0.851
1.000
1.000
1.000
0.961
0.736
0.849
0.729
0.659
0.732
1.000
1.000
1.000
1.000
0.959
0.967
1.000
0.954
0.925
1.000
0.790
0.787
0.917
0.932
0.953
0.856
0.693
0.794
0.930
0.747
1.000
1.000
0.900
0.945
0.977
0.829
0.860
1.000
0.825
0.627
0.664
0.790
0.733
0.742
0.700
0.770
1.000
1.000
0.976
0.921
0.869
1.000
0.959
1.000
1.000
1.000
1.000
1.000
1.000
1.000
0.850
1.000
0.943
0.894
0.887
0.825
0.871
0.847
1.000
0.925
0.868
0.962
1.000
0.804
0.541
0.504
0.664
0.844
0.785
1.000
1.000
0.880
0.724
0.685
0.572
0.461
0.520
0.555
0.903
0.885
0.434
0.359
0.437
0.518
0.631
0.725
0.908
1.000
1.000
1.000
0.998
0.885
0.897
0.816
0.762
1.000
0.867
0.683
0.904
0.686
0.787
0.928
0.746
0.822
0.840
0.937
0.888
0.977
1.000
1.000
1.000
1.000
1.000
0.965
1.000
0.970
0.898
0.813
0.929
0.840
0.794
0.738
0.851
0.781
0.976
1.000
0.963
0.986
0.712
0.702
0.798
1.000
0.920
0.795
0.787
1.000
0.841
0.879
1.000
1.000
0.981
1.000
0.811
0.962
1.000
1.000
1.000
1.000
1.000
1.000
0.873
0.652
0.586
0.822
1.000
1.000
1.000
1.000
0.851
0.818
0.946
1.000
0.951
0.767
1.000
1.000
0.954
0.962
0.878
1.000
1.000
1.000
1.000
1.000
1.000
1.000
1.000
0.679
0.615
0.580
0.921
1.000
1.000
1.000
0.806
0.894
1.000
0.718
0.778
1.000
0.932
0.933
1.000
1.000
1.000
1.000
0.793
0.822
0.921
0.928
0.974
0.947
0.995
0.950
1.000
1.000
1.000
1.000
1.000
0.712
0.799
0.896
0.873
0.765
0.828
1.000
0.996
1.000
0.910
0.800
0.918
0.943
0.778
1.000
0.722
0.713
1.000
1.000
1.000
0.923
0.838
1.000
1.000
1.000
1.000
1.000
1.000
0.924
0.936
0.838
1.000
1.000
1.000
0.863
1.000
1.000
1.000
1.000
1.000
1.000
0.920
0.738
0.833
0.878
1.000
1.000
1.000
1.000
0.973
0.947
0.934
0.939
0.793
0.759
0.782
0.881
0.941
0.915
0.925
1.000
0.983
0.982
0.846
0.733
0.808
0.826
0.849
0.788
0.896
0.952
0.987
0.898
0.909
0.898
1.000
1.000
1.000
1.000
1.000
0.935
0.783
0.771
0.771
0.740
0.743
0.837
1.000
1.000
1.000
1.000
0.851
0.859
0.934
0.804
0.883
0.996
1.000
0.966
0.774
0.891
0.874
0.881
0.934
0.847
0.735
0.654
0.730
0.847
0.840
0.885
0.874
0.694
0.897
0.958
1.000
1.000
1.000
1.000
0.912
0.856
0.842
0.754
0.831
0.759
0.746
0.853
0.880
0.877
0.915
0.944
0.961
1.000
1.000
1.000
1.000
1.000
1.000
1.000
1.000
1.000
0.811
0.723
0.741
0.780
0.809
0.834
0.847
0.885
0.771
0.739
0.754
0.778
0.944
0.870
0.962
0.989
1.000
0.915
0.602
0.566
0.590
0.789
0.950
0.817
0.876
0.837
0.774
0.871
0.799
0.737
0.759
0.853
0.785
0.836
0.756
0.811
1.000
1.000
0.909
0.859
0.976
0.975
0.968
0.893
0.797
0.814
0.622
0.656
0.662
0.658
0.633
0.789
0.665
0.680
0.773
0.662
0.673
0.680
0.709
0.802
0.835
0.943
1.000
1.000
1.000
1.000
1.000
0.936
1.000
1.000
1.000
0.983
1.000
1.000
1.000
1.000
1.000
0.956
0.974
0.851
0.828
0.909
0.966
1.000
1.000
0.928
0.939
1.000
1.000
1.000
0.792
0.630
0.719
0.840
1.000
0.834
0.760
0.930
0.869
0.816
0.779
0.810
0.976
0.713
0.967
1.000
0.828
0.891
1.000
0.972
0.919
0.764
0.556
0.599
0.663
0.700
1.000
0.981
0.961
0.915
0.845
0.989
0.964
1.000
1.000
1.000
1.000
1.000
1.000
0.772
0.835
0.954
0.768
0.500
0.450
0.568
0.588
0.593
0.504
0.460
0.531
0.620
0.685
0.748
0.736
0.739
0.993
0.957
0.873
0.913
0.990
1.000
1.000
1.000
1.000
1.000
1.000
1.000
1.000
0.879
0.984
0.893
0.750
0.775
0.914
1.000
0.994
0.895
1.000
0.885
1.000
1.000
1.000
1.000
1.000
1.000
1.000
0.981
1.000
0.840
0.865
1.000
1.000
1.000
0.952
0.731
0.833
0.952
1.000
0.949
1.000
1.000
0.973
0.904
0.865
0.850
0.938
1.000
1.000
0.976
1.000
0.977
0.915
0.941
0.770
1.000
0.810
0.595
0.771
0.928
0.790
0.761
1.000
0.648
0.624
0.564
0.811
1.000
1.000
1.000
1.000
0.868
0.889
1.000
1.000
0.955
0.628
0.520
0.524
0.706
1.000
0.698
0.534
0.617
0.520
0.595
0.694
0.740
1.000
0.865
0.893
0.902
0.811
0.987
0.854
1.000
0.922
0.981
1.000
0.873
0.917
0.949
1.000
0.884
0.947
0.933
0.928
0.941
0.997
1.000
1.000
1.000
1.000
1.000
1.000
1.000
1.000
1.000
0.959
1.000
1.000
0.905
0.914
0.977
0.864
0.885
0.931
0.837
0.912
0.815
0.806
0.933
0.973
1.000
1.000
1.000
0.951
0.851
0.908
0.875
0.878
0.954
0.872
0.797
0.785
0.711
0.703
0.735
0.845
0.822
0.931
0.871
0.972
0.950
0.840
0.728
0.694
0.687
0.737
0.687
0.733
0.746
0.722
0.730
0.760
0.686
0.688
0.669
0.703
0.723
0.871
0.911
0.872
0.816
0.854
1.000
1.000
1.000
1.000
1.000
1.000
1.000
1.000
1.000
1.000
1.000
1.000
1.000
1.000
1.000
1.000
0.986
1.000
1.000
0.977
0.851
0.853
0.876
0.884
0.973
0.957
1.000
1.000
1.000
1.000
0.955
0.857
0.908
0.957
0.995
0.777
0.667
0.779
0.859
0.992
1.000
1.000
1.000
1.000
1.000
1.000
1.000
1.000
1.000
0.828
0.857
0.961
0.956
1.000
1.000
1.000
0.959
0.931
0.827
1.000
1.000
1.000
1.000
1.000
0.949
0.887
0.894
0.927
1.000
1.000
0.802
0.732
0.711
0.787
0.727
0.690
0.753
0.989
0.843
0.813
0.792
0.808
0.950
1.000
1.000
1.000
0.986
0.767
0.829
0.999
1.000
1.000
0.951
0.638
0.692
0.765
0.755
0.667
0.657
0.711
0.765
0.828
1.000
1.000
0.833
0.909
1.000
0.947
0.957
1.000
1.000
1.000
0.601
0.595
0.620
0.763
0.887
0.783
0.966
0.985
0.859
0.876
0.862
0.954
0.849
0.921
0.746
0.863
0.959
0.901
0.853
0.808
0.991
0.930
0.932
1.000
1.000
1.000
1.000
1.000
0.969
0.761
0.902
1.000
0.607
0.535
0.472
0.540
0.601
0.702
0.694
0.687
0.708
0.764
0.755
0.657
0.657
0.682
0.832
0.796
0.782
0.778
0.777
0.786
0.769
0.697
0.787
0.803
0.743
0.714
0.871
0.913
0.897
0.875
0.881
0.906
0.880
0.911
0.871
0.757
0.801
0.882
0.829
0.874
0.837
0.719
0.686
0.684
0.587
0.519
0.470
0.507
0.555
0.672
0.863
0.784
0.765
0.666
0.671
0.699
0.566
0.878
0.767
0.573
0.518
0.481
0.478
0.482
0.414
0.423
0.518
0.554
0.552
0.816
0.741
0.689
0.680
0.596
0.847
0.797
0.613
0.623
0.880
0.868
0.659
0.682
0.843
0.915
0.562
0.509
0.496
0.458
0.430
0.848
0.889
0.767
0.906
0.903
0.904
0.911
0.873
0.711
0.670
0.636
0.591
0.796
0.706
0.838
0.904
0.926
0.849
0.718
0.800
0.711
0.798
0.752
0.912
0.856
0.811
0.757
0.616
0.506
0.460
0.542
0.763
0.774
0.828
0.663
0.704
0.781
0.798
0.888
0.894
0.913
0.825
0.845
0.793
0.596
0.557
0.582
0.567
0.591
0.542
0.536
0.762
0.851
0.561
0.927
0.798
0.806
0.800
0.859
0.761
0.704
0.732
0.841
0.894
0.715
0.895
0.841
0.748
0.643
0.644
0.842
0.904
0.886
0.726
0.698
0.900
0.919
0.924
0.860
0.756
0.835
0.902
0.899
0.774
0.678
0.650
0.683
0.659
0.652
0.721
0.805
0.920
0.885
0.817
0.794
0.706
0.664
0.644
0.631
0.596
0.662
0.756
0.851
0.770
0.751
0.859
0.813
0.751
0.720
0.708
0.680
0.642
0.818
0.829
0.718
0.725
0.661
0.628
0.634
0.576
0.636
0.702
0.822
0.927
0.881
0.813
0.733
0.709
0.664
0.611
0.836
0.822
0.838
0.705
0.717
0.825
0.785
0.728
0.700
0.682
0.709
0.664
0.641
0.645
0.651
0.664
0.573
0.681
0.737
0.726
0.756
0.856
0.842
0.790
0.722
0.728
0.726
0.709
0.711
0.727
0.830
0.836
0.838
0.799
0.724
0.685
0.667
0.692
0.736
0.686
0.691
0.790
0.697
0.678
0.774
0.767
0.723
0.683
0.575
0.698
0.807
0.753
0.675
0.645
0.534
0.685
0.663
0.700
0.744
0.683
0.885
0.855
0.939
0.861
0.750
0.737
0.708
0.735
0.851
0.800
0.778
0.751
0.753
0.897
0.834
0.823
0.731
0.663
0.700
0.734
0.864
0.800
0.761
0.827
0.716
0.756
0.758
0.767
0.793
0.761
0.928
0.862
0.856
0.840
0.748
0.902
0.743
0.650
0.617
0.731
0.748
0.766
0.752
0.710
0.763
0.830
0.684
0.641
0.616
0.691
0.716
0.685
0.664
0.657
0.472
0.531
0.554
0.625
0.607
0.601
0.705
0.649
0.492
0.454
0.606
0.624
0.613
0.611
0.612
0.687
0.582
0.682
0.688
0.697
0.640
0.651
0.717
0.703
0.622
0.755
0.732
0.764
0.693
0.598
0.842
0.895
0.874
0.847
0.717
0.542
0.614
0.642
0.697
0.734
0.751
0.775
0.705
0.542
0.538
0.534
0.529
0.530
0.467
0.492
0.534
0.567
0.598
0.619
0.661
0.737
0.881
0.694
0.457
0.503
0.912
0.921
0.894
0.924
0.820
0.789
0.700
0.694
0.780
0.785
0.789
0.752
0.663
0.666
0.631
0.679
0.627
0.431
0.674
0.639
0.662
0.795
0.745
0.669
0.704
0.582
0.683
0.743
0.677
0.565
0.558
0.669
0.804
0.883
0.892
0.929
0.924
0.920
0.932
0.925
0.912
0.931
0.842
0.761
0.895
0.735
0.939
0.584
0.548
0.534
0.584
0.667
0.754
0.772
0.849
0.875
0.848
0.892
0.671
0.657
0.903
0.936
0.929
0.905
0.786
0.611
0.781
0.839
0.798
0.923
0.703
0.698
0.593
0.555
0.631
0.675
0.823
0.827
0.716
0.663
0.787
0.786
0.746
0.885
0.792
0.644
0.774
0.746
0.782
0.914
0.713
0.607
0.444
0.582
0.635
0.598
0.586
0.914
0.710
0.620
0.496
0.426
0.415
0.457
0.560
0.634
0.596
0.776
0.717
0.563
0.473
0.807
0.925
0.928
0.752
0.766
0.862
0.845
0.857
0.848
0.889
0.885
0.851
0.714
0.676
0.730
0.806
0.652
0.936
0.911
0.700
0.584
0.636
0.591
0.724
0.760
0.921
0.870
0.775
0.929
0.880
0.859
0.772
0.799
0.768
0.680
0.689
0.802
0.914
0.881
0.881
0.787
0.819
0.755
0.667
0.662
0.738
0.935
0.936
0.755
0.716
0.728
0.736
0.691
0.668
0.657
0.660
0.722
0.822
0.914
0.703
0.691
0.626
0.782
0.762
0.695
0.704
0.692
0.692
0.693
0.806
0.849
0.769
0.690
0.666
0.668
0.666
0.692
0.636
0.674
0.758
0.802
0.783
0.824
0.830
0.929
0.929
0.821
0.901
0.823
0.759
0.781
0.873
0.811
0.744
0.730
0.736
0.730
0.729
0.749
0.761
0.691
0.702
0.715
0.685
0.733
0.779
0.843
0.796
0.755
0.769
0.716
0.692
0.683
0.690
0.733
0.709
0.707
0.719
0.677
0.726
0.816
0.752
0.737
0.728
0.680
0.847
0.856
0.811
0.864
0.789
0.753
0.773
0.691
0.795
0.865
0.928
0.871
0.849
0.738
0.655
0.622
0.695
0.611
0.567
0.579
0.685
0.759
0.817
0.830
0.807
0.883
0.736
0.775
0.627
0.640
0.639
0.747
0.592
0.515
0.609
0.609
0.578
0.535
0.609
0.679
0.688
0.664
0.687
0.594
0.485
0.584
0.682
0.722
0.700
0.735
0.797
0.872
0.810
0.939
0.939
0.866
0.829
0.896
0.942
0.906
0.896
0.891
0.857
0.862
0.851
0.839
0.855
0.844
0.843
0.733
0.779
0.830
0.833
0.838
0.705
0.652
0.739
0.686
0.732
0.799
0.945
0.943
0.905
0.857
0.827
0.905
0.795
0.843
0.875
0.877
0.770
0.675
0.652
0.658
0.725
0.767
0.774
0.898
0.925
0.890
0.831
0.939
0.855
0.733
0.894
0.937
0.858
0.765
0.809
0.927
0.931
0.919
0.821
0.902
0.928
0.842
0.710
0.688
0.658
0.750
0.796
0.784
0.732
0.842
0.935
0.933
0.930
0.915
0.897
0.733
0.817
0.893
0.825
0.796
0.723
0.762
0.869
0.918
0.937
0.921
0.914
0.894
0.784
0.757
0.652
0.876
0.881
0.904
0.942
0.929
0.919
0.861
0.774
0.783
0.728
0.723
0.863
0.772
0.732
0.721
0.866
0.846
0.703
0.693
0.753
0.709
0.814
0.668
0.868
0.924
0.932
0.766
0.621
0.536
0.774
0.935
0.809
0.948
0.833
0.791
0.706
0.578
0.784
0.705
0.654
0.677
0.894
0.768
0.570
0.749
0.577
0.487
0.743
0.662
0.745
0.931
0.928
0.957
0.919
0.959
0.923
0.937
0.807
0.818
0.833
0.950
0.949
0.919
0.917
0.844
0.736
0.960
0.841
0.843
0.747
0.939
0.816
0.585
0.587
0.930
0.627
0.661
0.613
0.551
0.543
0.595
0.574
0.549
0.797
0.896
0.922
0.819
0.958
0.913
0.954
0.918
0.848
0.938
0.935
0.858
0.780
0.701
0.927
0.868
0.875
0.871
0.810
0.668
0.583
0.591
0.906
0.840
0.944
0.908
0.689
0.765
0.864
0.680
0.757
0.700
0.686
0.751
0.552
0.870
0.911
0.816
0.769
0.919
0.947
0.954
0.925
0.925
0.930
0.832
0.823
0.921
0.903
0.942
0.922
0.939
0.921
0.873
0.815
0.774
0.791
0.740
0.672
0.669
0.687
0.682
0.750
0.923
0.733
0.759
0.661
0.708
0.669
0.658
0.787
0.741
0.663
0.708
0.815
0.739
0.760
0.745
0.792
0.782
0.740
0.739
0.846
0.824
0.772
0.750
0.806
0.770
0.714
0.727
0.683
0.660
0.872
0.858
0.842
0.739
0.702
0.817
0.756
0.712
0.719
0.705
0.666
0.687
0.675
0.767
0.877
0.743
0.744
0.694
0.754
0.791
0.761
0.767
0.832
0.834
0.835
0.791
0.825
0.858
0.927
0.838
0.829
0.717
0.721
0.805
0.678
0.797
0.917
0.854
0.802
0.724
0.717
0.815
0.744
0.741
0.808
0.629
0.726
0.856
0.792
0.851
0.846
0.799
0.864
0.866
0.806
0.849
0.862
0.807
0.741
0.795
0.671
0.733
0.712
0.754
0.819
0.824
0.828
0.857
0.829
0.876
0.816
0.876
0.794
0.770
0.632
0.677
0.774
0.864
0.911
0.946
0.944
0.917
0.769
0.695
0.657
0.657
0.674
0.683
0.682
0.735
0.733
0.755
0.851
0.828
0.747
0.685
0.653
0.634
0.593
0.638
0.773
0.832
0.744
0.771
0.824
0.830
0.883
0.798
0.765
0.896
0.881
0.767
0.673
0.650
0.652
0.926
0.893
0.872
0.863
0.756
0.740
0.729
0.757
0.710
0.584
0.541
0.566
0.872
0.902
0.901
0.827
0.905
0.962
0.805
0.747
0.768
0.734
0.715
0.705
0.658
0.625
0.873
0.899
0.702
0.699
0.623
0.622
0.519
0.407
0.453
0.614
0.831
0.842
0.881
0.857
0.778
0.762
0.634
0.645
0.852
0.676
0.683
0.710
0.760
0.542
0.604
0.753
0.778
0.900
0.826
0.805
0.805
0.838
0.861
0.923
0.890
0.851
0.767
0.585
0.623
0.790
0.777
0.766
0.713
0.686
0.648
0.606
0.628
0.689
0.787
0.864
0.605
0.898
0.649
0.875
0.942
0.941
0.942
0.928
0.871
0.771
0.775
0.863
0.950
0.835
0.713
0.694
0.582
0.747
0.750
0.896
0.817
0.684
0.857
0.861
0.542
0.549
0.728
0.883
0.900
0.798
0.729
0.886
0.553
0.481
0.914
0.953
0.800
0.733
0.894
0.783
0.705
0.595
0.690
0.660
0.452
0.434
0.439
0.444
0.508
0.556
0.795
0.866
0.684
0.562
0.680
0.872
0.802
0.674
0.842
0.773
0.724
0.629
0.633
0.749
0.875
0.586
0.500
0.560
0.510
0.939
0.537
0.440
0.397
0.536
0.533
0.630
0.685
0.827
0.882
0.841
0.940
0.944
0.873
0.942
0.902
0.800
0.774
0.691
0.783
0.920
0.947
0.950
0.948
0.943
0.694
0.544
0.616
0.569
0.618
0.735
0.863
0.923
0.869
0.804
0.835
0.587
0.502
0.591
0.608
0.640
0.844
0.808
0.649
0.701
0.648
0.805
0.843
0.685
0.758
0.832
0.872
0.815
0.746
0.721
0.738
0.758
0.681
0.720
0.683
0.720
0.742
0.649
0.680
0.817
0.607
0.754
0.885
0.851
0.766
0.731
0.708
0.646
0.639
0.601
0.623
0.584
0.596
0.725
0.790
0.832
0.836
0.750
0.826
0.862
0.903
0.933
0.909
0.790
0.845
0.749
0.733
0.666
0.644
0.717
0.646
0.629
0.635
0.712
0.740
0.791
0.706
0.709
0.729
0.676
0.661
0.715
0.655
0.829
0.851
0.752
0.747
0.711
0.655
0.653
0.618
0.630
0.623
0.650
0.660
0.621
0.632
0.652
0.806
0.849
0.847
0.718
0.785
0.846
0.893
0.956
0.950
0.922
0.839
0.783
0.759
0.788
0.823
0.816
0.746
0.771
0.693
0.779
0.765
0.707
0.699
0.692
0.667
0.681
0.784
0.844
0.760
0.813
0.824
0.829
0.719
0.782
0.819
0.687
0.815
0.830
0.791
0.795
0.753
0.926
0.884
0.861
0.868
0.864
0.758
0.724
0.758
0.776
0.866
0.921
0.938
0.857
0.680
0.710
0.684
0.717
0.732
0.727
0.743
0.749
0.747
0.923
0.763
0.718
0.725
0.789
0.800
0.734
0.747
0.829
0.877
0.907
0.840
0.816
0.794
0.948
0.938
0.874
0.820
0.811
0.792
0.747
0.715
0.847
0.848
0.943
0.899
0.753
0.718
0.755
0.753
0.731
0.773
0.867
0.820
0.803
0.799
0.758
0.850
0.852
0.758
0.766
0.867
0.841
0.907
0.891
0.705
0.572
0.635
0.711
0.787
0.807
0.654
0.670
0.674
0.711
0.719
0.724
0.739
0.832
0.815
0.614
0.587
0.611
0.751
0.746
0.927
0.910
0.889
0.796
0.821
0.925
0.873
0.920
0.922
0.921
0.878
0.852
0.821
0.784
0.822
0.936
0.946
0.942
0.853
0.824
0.848
0.909
0.895
0.934
0.910
0.874
0.915
0.824
0.876
0.922
0.862
0.867
0.815
0.793
0.788
0.922
0.879
0.889
0.853
0.842
0.826
0.528
0.746
0.927
0.916
0.889
0.776
0.818
0.849
0.913
0.842
0.771
0.696
0.714
0.754
0.864
0.852
0.935
0.936
0.901
0.929
0.877
0.911
0.843
0.827
0.867
0.908
0.943
0.933
0.930
0.927
0.920
0.845
0.698
0.669
0.837
0.811
0.776
0.799
0.750
0.833
0.740
0.888
0.779
0.668
0.830
0.589
0.498
0.452
0.494
0.514
0.687
0.701
0.643
0.527
0.624
0.461
0.678
0.930
0.830
0.668
0.927
0.924
0.787
0.877
0.885
0.817
0.819
0.875
0.888
0.866
0.936
0.877
0.877
0.732
0.617
0.729
0.843
0.919
0.771
0.907
0.784
0.893
0.868
0.812
0.875
0.911
0.846
0.713
0.701
0.730
0.738
0.852
0.928
0.829
0.860
0.941
0.854
0.899
0.873
0.807
0.597
0.812
0.698
0.711
0.635
0.688
0.743
0.803
0.901
0.933
0.811
0.725
0.845
0.682
0.770
0.886
0.836
0.751
0.788
0.819
0.758
0.737
0.892
0.856
0.939
0.872
0.697
0.747
0.701
0.905
0.944
0.846
0.875
0.910
0.724
0.925
0.844
0.851
0.808
0.751
0.730
0.673
0.730
0.748
0.681
0.629
0.621
0.572
0.682
0.689
0.673
0.662
0.629
0.583
0.656
0.660
0.607
0.659
0.785
0.894
0.886
0.861
0.791
0.769
0.738
0.833
0.875
0.804
0.877
0.804
0.809
0.832
0.774
0.705
0.752
0.638
0.809
0.947
0.841
0.759
0.754
0.727
0.720
0.720
0.832
0.818
0.731
0.700
0.699
0.644
0.756
0.742
0.776
0.774
0.730
0.711
0.678
0.726
0.817
0.896
0.718
0.715
0.758
0.748
0.809
0.760
0.733
0.801
0.918
0.896
0.843
0.773
0.793
0.758
0.799
0.821
0.778
0.753
0.765
0.816
0.792
0.676
0.661
0.728
0.776
0.724
0.825
0.807
0.900
0.924
0.747
0.727
0.771
0.701
0.676
0.615
0.696
0.698
0.699
0.675
0.652
0.681
0.734
0.662
0.735
0.653
0.615
0.620
0.598
0.641
0.675
0.679
0.759
0.619
0.653
0.657
0.633
0.685
0.754
0.769
0.693
0.626
0.651
0.741
0.844
0.944
0.819
0.758
0.761
0.752
0.724
0.600
0.593
0.808
0.905
0.899
0.908
0.835
0.844
0.719
0.766
0.765
0.824
0.860
0.804
0.826
0.731
0.950
0.950
0.858
0.900
0.924
0.897
0.851
0.943
0.899
0.944
0.940
0.882
0.854
0.828
0.898
0.798
0.765
0.892
0.777
0.800
0.922
0.892
0.819
0.820
0.763
0.867
0.864
0.939
0.810
0.855
0.850
0.903
0.800
0.759
0.827
0.874
0.945
0.892
0.930
0.660
0.665
0.611
0.763
0.917
0.925
0.879
0.892
0.862
0.821
0.828
0.819
0.844
0.789
0.851
0.753
0.678
0.696
0.901
0.683
0.709
0.709
0.829
0.787
0.773
0.833
0.780
0.794
0.667
0.647
0.704
0.735
0.755
0.698
0.715
0.798
0.873
0.860
0.772
0.857
0.901
0.902
0.906
0.920
0.890
0.847
0.817
0.879
0.825
0.808
0.804
0.879
0.873
0.844
0.888
0.751
0.717
0.747
0.848
0.815
0.733
0.760
0.898
0.661
0.535
0.495
0.553
0.538
0.549
0.504
0.549
0.595
0.578
0.708
0.784
0.726
0.667
0.699
0.847
0.772
0.851
0.876
0.716
0.700
0.798
0.732
0.943
0.881
0.946
0.945
0.929
0.875
0.887
0.864
0.891
0.948
0.944
0.865
0.630
0.813
0.837
0.672
0.732
0.611
0.611
0.622
0.480
0.640
0.804
0.827
0.902
0.898
0.888
0.867
0.815
0.911
0.859
0.653
0.700
0.806
0.775
0.897
0.668
0.468
0.555
0.934
0.946
0.884
0.857
0.885
0.878
0.908
0.874
0.808
0.692
0.745
0.893
0.868
0.816
0.799
0.862
0.940
0.913
0.948
0.789
0.765
0.711
0.782
0.862
0.745
0.802
0.825
0.803
0.723
0.853
0.825
0.936
0.821
0.887
0.775
0.869
0.768
0.874
0.927
0.953
0.947
0.908
0.914
0.744
0.691
0.766
0.794
0.768
0.827
0.812
0.779
0.796
0.794
0.809
0.692
0.664
0.685
0.619
0.651
0.661
0.668
0.612
0.656
0.685
0.713
0.651
0.610
0.689
0.679
0.606
0.901
0.849
0.794
0.888
0.810
0.832
0.808
0.831
0.897
0.862
0.699
0.694
0.657
0.798
0.733
0.729
0.700
0.661
0.644
0.654
0.899
0.775
0.714
0.635
0.642
0.633
0.651
0.670
0.733
0.662
0.670
0.761
0.933
0.916
0.770
0.815
0.731
0.748
0.758
0.785
0.932
0.848
0.864
0.767
0.786
0.763
0.731
0.809
0.936
0.860
0.817
0.734
0.725
0.696
0.739
0.757
0.830
0.770
0.723
0.672
0.652
0.702
0.744
0.843
0.760
0.615
0.640
0.740
0.785
0.637
0.754
0.893
0.885
0.830
0.722
0.921
0.793
0.766
0.821
0.813
0.752
0.625
0.668
0.602
0.664
0.683
0.904
0.920
0.871
0.814
0.745
0.586
0.673
0.789
0.710
0.714
0.684
0.711
0.723
0.815
0.836
0.702
0.589
0.552
0.563
0.538
0.687
0.653
0.670
0.702
0.692
0.757
0.823
0.920
0.882
0.814
0.870
0.809
0.761
0.789
0.832
0.930
0.924
0.923
0.868
0.845
0.763
0.681
0.642
0.600
0.644
0.662
0.716
0.731
0.915
0.683
0.764
0.917
0.556
0.573
0.654
0.626
0.620
0.613
0.578
0.713
0.727
0.793
0.829
0.823
0.795
0.667
0.743
0.841
0.920
0.950
0.944
0.922
0.791
0.705
0.747
0.688
0.700
0.740
0.736
0.715
0.631
0.629
0.530
0.558
0.569
0.563
0.587
0.703
0.678
0.609
0.627
0.682
0.745
0.806
0.779
0.750
0.782
0.841
0.883
0.863
0.730
0.726
0.721
0.620
0.658
0.701
0.503
0.502
0.581
0.565
0.776
0.721
0.651
0.696
0.678
0.687
0.621
0.650
0.687
0.642
0.781
0.915
0.850
0.831
0.863
0.930
0.829
0.680
0.760
0.912
0.847
0.813
0.918
0.817
0.936
0.866
0.663
0.618
0.612
0.658
0.802
0.756
0.887
0.837
0.816
0.828
0.905
0.914
0.920
0.848
0.900
0.931
0.938
0.814
0.669
0.931
0.936
0.728
0.740
0.731
0.901
0.838
0.845
0.723
0.908
0.754
0.523
0.603
0.648
0.677
0.646
0.825
0.800
0.880
0.808
0.912
0.856
0.821
0.897
0.808
0.648
0.855
0.846
0.904
0.794
0.689
0.630
0.672
0.778
0.803
0.586
0.640
0.701
0.647
0.681
0.822
0.729
0.866
0.940
0.899
0.920
0.937
0.804
0.699
0.708
0.934
0.767
0.656
0.610
0.791
0.931
0.744
0.921
0.786
0.868
0.794
0.792
0.893
0.800
0.770
0.839
0.931
0.906
0.897
0.844
0.807
0.884
0.926
0.869
0.848
0.817
0.888
0.836
0.771
0.880
0.921
0.895
0.731
0.916
0.714
0.675
0.855
0.934
0.900
0.798
0.690
0.706
0.675
0.598
0.578
0.604
0.779
0.947
0.840
0.901
0.857
0.829
0.816
0.851
0.916
0.915
0.851
0.786
0.782
0.815
0.788
0.753
0.724
0.745
0.789
0.737
0.742
0.779
0.785
0.810
0.840
0.754
0.717
0.677
0.754
0.874
0.787
0.737
0.711
0.777
0.775
0.738
0.682
0.627
0.901
0.930
0.831
0.741
0.707
0.773
0.727
0.693
0.712
0.794
0.745
0.784
0.720
0.723
0.819
0.799
0.779
0.847
0.842
0.852
0.917
0.914
0.868
0.816
0.801
0.834
0.858
0.921
0.908
0.829
0.804
0.819
0.793
0.736
0.769
0.732
0.761
0.799
0.782
0.774
0.753
0.746
0.814
0.827
0.871
0.790
0.769
0.744
0.803
0.797
0.771
0.749
0.743
0.859
0.845
0.785
0.785
0.762
0.831
0.884
0.896
0.862
0.843
0.877
0.818
0.852
0.801
0.818
0.760
0.848
0.845
0.828
0.786
0.668
0.631
0.652
0.692
0.721
0.705
0.704
0.672
0.692
0.681
0.726
0.717
0.686
0.678
0.738
0.712
0.712
0.725
0.773
0.780
0.757
0.757
0.806
0.697
0.706
0.732
0.718
0.756
0.734
0.885
0.723
0.713
0.789
0.854
0.918
0.934
0.839
0.916
0.936
0.943
0.946
0.834
0.801
0.798
0.811
0.664
0.746
0.766
0.763
0.797
0.759
0.750
0.782
0.829
0.790
0.813
0.819
0.897
0.787
0.717
0.816
0.760
0.636
0.665
0.736
0.651
0.715
0.726
0.820
0.702
0.595
0.701
0.749
0.458
0.500
0.556
0.846
0.705
0.645
0.582
0.656
0.608
0.613
0.783
0.907
0.904
0.740
0.675
0.627
0.639
0.545
0.510
0.609
0.775
0.734
0.837
0.696
0.705
0.691
0.606
0.825
0.934
0.866
0.787
0.836
0.717
0.666
0.572
0.626
0.703
0.562
0.520
0.657
0.883
0.892
0.872
0.778
0.712
0.795
0.850
0.809
0.778
0.766
0.858
0.646
0.628
0.690
0.501
0.628
0.671
0.708
0.494
0.409
0.591
0.904
0.805
0.812
0.892
0.736
0.755
0.910
0.910
0.840
0.825
0.693
0.594
0.741
0.760
0.759
0.803
0.908
0.908
0.915
0.900
0.847
0.901
0.632
0.891
0.910
0.755
0.786
0.910
0.905
0.912
0.696
0.672
0.635
0.661
0.637
0.758
0.873
0.641
0.587
0.866
0.846
0.687
0.738
0.730
0.679
0.609
0.569
0.588
0.520
0.470
0.608
0.824
0.848
0.908
0.864
0.821
0.665
0.502
0.472
0.467
0.457
0.542
0.701
0.725
0.861
0.858
0.641
0.590
0.616
0.766
0.773
0.749
0.924
0.685
0.580
0.830
0.792
0.711
0.929
0.850
0.872
0.770
0.823
0.878
0.827
0.825
0.483
0.573
0.647
0.632
0.806
0.758
0.837
0.927
0.934
0.929
0.808
0.930
0.888
0.885
0.917
0.862
0.875
0.754
0.901
0.897
0.837
0.721
0.779
0.878
0.925
0.915
0.734
0.729
0.750
0.780
0.863
0.830
0.818
0.742
0.699
0.640
0.607
0.740
0.809
0.768
0.744
0.793
0.885
0.796
0.779
0.695
0.631
0.699
0.637
0.660
0.724
0.927
0.922
0.890
0.899
0.885
0.877
0.898
0.824
0.673
0.709
0.714
0.631
0.631
0.702
0.760
0.831
0.744
0.694
0.905
0.902
0.915
0.830
0.804
0.786
0.749
0.677
0.705
0.758
0.734
0.686
0.644
0.583
0.595
0.628
0.665
0.611
0.798
0.882
0.937
0.911
0.825
0.813
0.918
0.896
0.860
0.861
0.883
0.943
0.813
0.754
0.726
0.745
0.778
0.841
0.700
0.751
0.812
0.904
0.943
0.937
0.935
0.933
0.902
0.848
0.917
0.852
0.900
0.779
0.757
0.762
0.752
0.749
0.760
0.915
0.827
0.749
0.784
0.735
0.663
0.755
0.932
0.940
0.914
0.826
0.843
0.790
0.896
0.684
0.707
0.941
0.857
0.874
0.890
0.856
0.855
0.777
0.810
0.837
0.860
0.933
0.790
0.704
0.683
0.695
0.720
0.731
0.670
0.631
0.649
0.740
0.853
0.717
0.754
0.703
0.743
0.714
0.784
0.810
0.887
0.867
0.924
0.938
0.927
0.853
0.854
0.874
0.854
0.841
0.841
0.856
0.916
0.908
0.928
0.925
0.942
0.895
0.842
0.894
0.775
0.800
0.882
0.897
0.890
0.913
0.876
0.784
0.809
0.627
0.677
0.740
0.927
0.915
0.876
0.919
0.858
0.665
0.877
0.892
0.836
0.822
0.930
0.896
0.883
0.899
0.907
0.917
0.891
0.730
0.642
0.669
0.766
0.839
0.888
0.930
0.932
0.913
0.810
0.886
0.915
0.831
0.803
0.895
0.826
0.761
0.831
0.830
0.843
0.934
0.859
0.848
0.830
0.802
0.912
0.913
0.904
0.871
0.819
0.915
0.862
0.820
0.766
0.824
0.922
0.918
0.922
0.782
0.496
0.550
0.643
0.919
0.929
0.928
0.845
0.877
0.915
0.871
0.871
0.871
0.890
0.658
0.599
0.544
0.471
0.730
0.758
0.762
0.723
0.900
0.848
0.738
0.686
0.650
0.878
0.647
0.740
0.926
0.911
0.789
0.546
0.848
0.822
0.750
0.582
0.549
0.536
0.448
0.591
0.721
0.779
0.774
0.818
0.890
0.874
0.816
0.915
0.922
0.870
0.771
0.920
0.876
0.908
0.676
0.935
0.901
0.867
0.937
0.884
0.675
0.557
0.590
0.516
0.741
0.884
0.807
0.703
0.737
0.918
0.894
0.743
0.596
0.657
0.863
0.874
0.927
0.928
0.862
0.935
0.891
0.910
0.901
0.934
0.887
0.813
0.760
0.857
0.759
0.867
0.898
0.887
0.849
0.811
0.682
0.691
0.882
0.858
0.732
0.699
0.721
0.822
0.776
0.846
0.885
0.831
0.876
0.744
0.676
0.653
0.743
0.778
0.765
0.747
0.738
0.946
0.947
0.938
0.930
0.834
0.835
0.857
0.731
0.788
0.773
0.894
0.888
0.748
0.718
0.803
0.858
0.897
0.931
0.793
0.764
0.837
0.785
0.856
0.844
0.905
0.943
0.928
0.847
0.913
0.929
0.918
0.739
0.683
0.712
0.738
0.662
0.741
0.688
0.818
0.777
0.751
0.795
0.899
0.779
0.694
0.771
0.684
0.720
0.728
0.720
0.804
0.940
0.908
0.874
0.863
0.818
0.814
0.747
0.828
0.903
0.930
0.803
0.718
0.724
0.723
0.705
0.706
0.774
0.789
0.782
0.676
0.716
0.722
0.699
0.826
0.806
0.800
0.857
0.819
0.807
0.842
0.819
0.820
0.859
0.924
0.888
0.892
0.823
0.847
0.785
0.828
0.846
0.799
0.846
0.827
0.739
0.711
0.741
0.795
0.866
0.846
0.801
0.735
0.711
0.742
0.836
0.934
0.863
0.712
0.824
0.768
0.866
0.783
0.801
0.885
0.902
0.859
0.795
0.889
0.932
0.884
0.905
0.862
0.733
0.737
0.765
0.777
0.738
0.750
0.723
0.728
0.772
0.937
0.930
0.904
0.859
0.889
0.873
0.824
0.840
0.908
0.917
0.902
0.888
0.912
0.919
0.912
0.796
0.809
0.835
0.882
0.854
0.924
0.912
0.907
0.838
0.900
0.826
0.919
0.915
0.841
0.818
0.801
0.909
0.887
0.823
0.885
0.862
0.841
0.774
0.806
0.856
0.791
0.896
0.918
0.833
0.754
0.915
0.879
0.849
0.903
0.851
0.814
0.826
0.844
0.932
0.923
0.907
0.910
0.888
0.913
0.917
0.857
0.689
0.820
0.830
0.844
0.792
0.802
0.835
0.821
0.787
0.816
0.885
0.879
0.836
0.858
0.811
0.828
0.814
0.801
0.615
0.777
0.795
0.781
0.804
0.855
0.821
0.773
0.762
0.894
0.770
0.755
0.762
0.648
0.746
0.804
0.807
0.786
0.781
0.744
0.823
0.848
0.916
0.765
0.766
0.750
0.843
0.954
0.947
0.816
0.889
0.809
0.919
0.960
0.939
0.771
0.664
0.587
0.667
0.755
0.790
0.754
0.710
0.788
0.830
0.966
0.835
0.803
0.821
0.759
0.753
0.810
0.695
0.653
0.874
0.641
0.456
0.425
0.524
0.522
0.569
0.573
0.660
0.652
0.694
0.665
0.771
0.762
0.774
0.908
0.936
0.912
0.646
0.550
0.660
0.550
0.449
0.613
0.716
0.898
0.828
0.912
0.833
0.750
0.954
0.875
0.904
0.881
0.759
0.740
0.926
0.936
0.903
0.911
0.853
0.801
0.917
0.800
0.814
0.884
0.641
0.584
0.737
0.850
0.811
0.955
0.576
0.523
0.649
0.613
0.720
0.812
0.841
0.796
0.821
0.798
0.833
0.890
0.684
0.717
0.770
0.875
0.908
0.693
0.921
0.858
0.962
0.729
0.716
0.739
0.872
0.959
0.935
0.591
0.568
0.673
0.752
0.919
0.855
0.884
0.853
0.758
0.840
0.844
0.628
0.675
0.741
0.935
0.729
0.676
0.927
0.802
0.722
0.695
0.792
0.760
0.766
0.803
0.835
0.885
0.862
0.582
0.576
0.575
0.645
0.743
0.707
0.888
0.960
0.960
0.936
0.827
0.806
0.901
0.900
0.795
0.710
0.735
0.849
0.913
0.931
0.964
0.961
0.955
0.952
0.936
0.935
0.912
0.883
0.778
0.769
0.810
0.900
0.932
0.875
0.848
0.782
0.816
0.794
0.787
0.805
0.825
0.831
0.846
0.845
0.779
0.703
0.772
0.758
0.722
0.690
0.664
0.694
0.757
0.803
0.700
0.655
0.613
0.610
0.716
0.705
0.598
0.624
0.630
0.606
0.678
0.956
0.951
0.947
0.954
0.849
0.761
0.813
0.788
0.794
0.719
0.695
0.844
0.823
0.732
0.643
0.690
0.656
0.686
0.722
0.774
0.775
0.723
0.789
0.767
0.844
0.806
0.860
0.755
0.740
0.725
0.633
0.700
0.767
0.715
0.734
0.841
0.825
0.743
0.702
0.845
0.908
0.846
0.758
0.799
0.875
0.751
0.525
0.657
0.641
0.584
0.716
0.731
0.679
0.804
0.859
0.846
0.795
0.722
0.667
0.616
0.754
0.878
0.778
0.712
0.698
0.849
0.797
0.777
0.730
0.785
0.705
0.817
0.773
0.696
0.667
0.668
0.904
0.942
0.857
0.785
0.770
0.775
0.763
0.618
0.586
0.588
0.662
0.592
0.612
0.641
0.648
0.503
0.611
0.674
0.670
0.580
0.482
0.625
0.717
0.733
0.856
0.896
0.663
0.692
0.763
0.778
0.889
0.799
0.870
0.770
0.768
0.937
0.943
0.942
0.926
0.805
0.645
0.845
0.945
0.929
0.814
0.865
0.865
0.936
0.903
0.842
0.780
0.745
0.652
0.766
0.617
0.516
0.670
0.718
0.621
0.754
0.859
0.941
0.950
0.826
0.571
0.499
0.522
0.503
0.530
0.782
0.844
0.550
0.556
0.590
0.755
0.937
0.860
0.813
0.729
0.699
0.798
0.798
0.852
0.922
0.948
0.950
0.963
0.511
0.440
0.475
0.515
0.646
0.721
0.790
0.705
0.748
0.810
0.785
0.820
0.825
0.820
0.814
0.815
0.763
0.831
0.698
0.951
0.847
0.856
0.929
0.696
0.714
0.597
0.526
0.480
0.505
0.554
0.639
0.900
0.848
0.661
0.480
0.568
0.699
0.828
0.798
0.820
0.773
0.796
0.915
0.903
0.917
0.823
0.907
0.944
0.830
0.752
0.881
0.748
0.748
0.767
0.869
0.858
0.765
0.887
0.732
0.535
0.512
0.465
0.576
0.674
0.724
0.944
0.865
0.790
0.842
0.900
0.827
0.614
0.558
0.533
0.680
0.798
0.818
0.731
0.696
0.738
0.764
0.664
0.664
0.621
0.811
0.812
0.680
0.765
0.496
0.479
0.482
0.610
0.713
0.849
0.835
0.873
0.857
0.886
0.792
0.473
0.923
0.836
0.817
0.793
0.707
0.870
0.806
0.894
0.855
0.885
0.954
0.952
0.917
0.860
0.926
0.661
0.733
0.831
0.879
0.757
0.765
0.857
0.876
0.837
0.823
0.853
0.763
0.676
0.684
0.693
0.796
0.865
0.709
0.774
0.844
0.811
0.667
0.693
0.824
0.891
0.878
0.874
0.895
0.939
0.885
0.899
0.877
0.907
0.967
0.950
0.875
0.872
0.942
0.670
0.817
0.860
0.857
0.689
0.661
0.729
0.880
0.889
0.898
0.915
0.948
0.895
0.826
0.767
0.707
0.697
0.704
0.772
0.829
0.875
0.876
0.843
0.776
0.795
0.881
0.924
0.837
0.733
0.634
0.910
0.780
0.863
0.822
0.741
0.795
0.789
0.805
0.800
0.708
0.678
0.841
0.881
0.847
0.822
0.833
0.824
0.794
0.830
0.761
0.845
0.805
0.864
0.904
0.858
0.870
0.845
0.810
0.768
0.680
0.645
0.632
0.680
0.724
0.920
0.922
1.000
0.806
0.884
0.846
0.837
0.838
0.787
0.845
0.912
0.956
0.931
0.926
0.953
1.000
0.959
0.933
0.905
0.816
0.820
0.869
0.914
0.858
0.917
0.921
0.849
0.708
0.813
0.871
0.876
0.781
0.728
0.891
0.902
0.826
0.758
0.828
0.879
0.888
0.924
0.910
0.722
0.686
0.682
0.636
0.694
0.618
0.620
0.705
0.657
0.574
0.572
0.639
0.712
0.722
0.748
0.922
0.879
0.751
0.794
0.933
0.948
0.913
0.895
0.770
0.776
0.841
0.775
0.883
0.763
0.897
0.873
0.883
0.591
0.765
0.407
0.681
0.486
0.910
1.000
0.845
0.890
0.842
1.000
0.667
0.800
0.765
0.836
0.884
0.980
0.864
0.903
0.906
0.956
0.899
0.884
0.793
0.914
1.000
0.755
0.874
0.723
0.875
0.844
0.860
0.767
0.758
0.846
0.904
0.867
0.752
0.811
0.856
0.911
0.981
0.893
0.927
0.875
0.764
0.755
0.900
0.914
0.883
0.791
0.545
0.568
0.705
0.899
0.921
0.855
0.917
0.923
0.927
0.854
0.881
0.754
0.697
0.753
0.890
