19790101
0.877
0.875
0.864
0.931
1.000
0.902
0.909
0.921
0.866
0.869
0.874
0.855
0.820
1.000
0.852
0.858
0.798
0.703
0.855
0.883
0.953
1.000
0.955
0.941
0.801
0.929
0.890
0.887
0.912
1.000
0.726
0.881
0.862
1.000
0.996
0.877
0.931
1.000
0.967
0.958
1.000
1.000
1.000
1.000
0.947
0.841
0.767
0.784
0.782
0.965
0.816
0.593
0.593
0.798
0.694
0.754
0.823
0.952
0.747
0.668
1.000
0.817
0.899
1.000
0.949
1.000
1.000
0.868
0.781
0.865
0.988
0.939
0.882
0.980
1.000
1.000
1.000
0.977
1.000
0.869
0.936
0.857
0.691
1.000
1.000
0.992
0.998
0.825
0.809
0.514
0.901
0.986
0.984
0.852
1.000
0.993
1.000
0.852
1.000
0.902
0.867
0.836
0.724
0.789
0.979
0.923
0.955
0.960
0.763
0.772
0.707
0.683
0.659
0.810
0.932
0.719
0.608
0.764
0.832
0.762
0.954
0.712
0.982
0.858
0.949
0.912
0.843
0.730
0.957
0.916
0.951
0.717
0.893
1.000
0.981
0.883
0.734
0.777
0.743
0.638
0.655
0.718
0.750
0.712
0.933
0.978
0.991
1.000
0.879
0.711
0.791
0.777
0.799
0.810
0.730
0.871
0.991
0.897
0.792
0.717
0.901
0.965
0.808
0.836
0.720
0.736
0.695
0.873
0.765
0.842
1.000
1.000
0.977
0.668
0.732
0.650
0.611
0.680
0.941
0.937
0.767
0.671
0.752
0.784
0.795
0.685
0.720
0.780
0.768
0.758
0.637
0.655
0.656
0.673
0.741
0.690
0.710
0.653
0.730
0.882
0.964
0.817
0.791
0.758
0.836
0.912
0.888
0.718
0.610
0.727
0.777
0.730
0.520
0.743
0.872
0.831
0.753
0.685
0.663
0.670
0.663
0.765
0.780
0.815
0.796
0.842
0.784
0.814
0.640
0.762
0.918
0.914
1.000
0.964
0.882
0.886
0.815
0.849
0.874
0.944
0.901
0.852
0.782
0.824
0.937
0.842
0.911
0.866
0.855
0.871
0.898
1.000
0.998
0.932
0.874
0.884
0.829
0.878
0.802
0.805
0.897
0.727
0.744
0.782
0.761
0.692
0.920
1.000
0.840
0.843
0.849
0.881
0.786
0.815
0.814
0.698
0.738
0.743
0.732
0.736
0.718
0.759
0.765
0.711
0.722
0.770
0.793
0.793
0.738
0.747
0.746
0.760
0.749
0.627
0.684
0.773
0.786
0.812
0.757
0.729
0.828
0.799
0.773
0.686
0.695
0.736
0.834
0.924
0.749
0.796
0.814
0.730
0.815
0.793
0.807
0.717
0.650
0.726
0.748
0.818
0.668
0.720
0.737
0.712
0.824
0.988
0.816
0.822
0.746
0.732
0.863
0.698
0.654
0.614
0.686
0.795
0.737
0.737
0.808
0.874
0.896
0.876
0.863
0.731
0.795
0.867
0.855
0.826
0.796
0.815
0.783
0.635
0.890
0.760
0.876
0.856
0.766
0.907
0.932
0.901
0.826
0.912
0.878
0.833
0.857
0.796
0.785
0.779
0.829
0.909
0.899
0.805
0.649
0.701
0.772
0.770
0.902
0.827
0.766
0.698
0.878
0.917
0.778
0.938
0.813
0.879
0.861
0.860
0.829
0.808
0.931
0.881
1.000
0.880
0.843
0.746
0.824
1.000
1.000
0.935
0.747
1.000
1.000
0.960
0.789
0.852
0.738
0.892
0.969
0.936
0.758
0.871
0.856
0.811
0.899
0.947
0.779
0.936
1.000
0.939
1.000
1.000
0.807
0.862
0.776
0.920
0.871
0.799
1.000
0.968
1.000
1.000
0.932
0.874
0.860
0.964
0.945
0.839
0.866
0.856
1.000
0.895
0.886
0.899
0.910
0.654
0.863
0.772
0.833
0.973
0.993
0.930
0.812
0.877
0.763
0.958
0.861
0.786
0.937
0.735
0.580
0.848
0.899
1.000
1.000
1.000
0.954
1.000
1.000
0.845
0.805
0.697
0.618
0.514
0.780
1.000
0.954
0.862
0.962
1.000
1.000
1.000
0.836
0.967
1.000
0.899
0.937
0.999
0.921
0.921
0.901
0.982
0.963
0.981
0.719
0.649
0.717
0.703
0.778
0.785
0.970
0.938
0.643
0.658
0.715
0.893
0.864
0.812
0.803
0.833
0.858
0.726
0.831
0.689
0.770
0.926
0.916
0.837
0.772
0.938
0.898
0.915
0.908
0.818
0.966
0.946
0.830
0.792
0.790
0.909
0.903
0.798
0.745
0.687
0.762
0.735
0.736
0.892
0.823
0.730
0.672
0.683
0.733
0.824
0.892
0.817
0.795
0.783
0.691
0.809
0.744
0.832
0.922
0.912
0.815
0.764
0.650
0.574
0.793
1.000
0.930
0.791
0.818
0.785
0.848
0.743
0.738
0.695
0.679
0.734
0.793
0.788
0.668
0.466
0.609
0.677
0.802
0.720
0.732
0.747
0.862
1.000
0.974
0.955
0.979
0.932
0.838
0.819
0.831
0.810
0.841
0.943
0.934
0.850
0.797
0.683
0.751
0.802
0.826
0.743
0.636
0.714
0.848
0.783
0.698
0.843
0.872
0.873
1.000
0.836
0.874
0.902
0.885
0.796
0.834
0.892
0.827
0.818
0.696
0.817
0.869
0.826
0.754
0.730
0.757
0.810
0.488
0.974
0.916
0.921
0.931
0.970
0.944
0.853
0.877
0.856
0.862
0.820
0.836
0.810
0.809
0.788
0.764
0.819
0.841
0.803
0.788
0.789
0.827
0.851
0.801
0.746
0.820
0.843
0.820
0.962
0.923
0.823
0.832
0.564
0.834
1.000
0.974
0.717
0.859
0.895
0.828
0.842
0.814
0.793
0.838
0.880
0.831
0.867
0.843
0.819
0.896
0.878
0.842
0.863
0.888
0.859
0.860
0.879
0.901
0.850
0.771
0.712
0.870
1.000
0.924
0.889
0.926
0.861
0.884
0.861
0.995
0.975
1.000
1.000
0.949
0.886
0.975
0.939
0.900
0.964
0.980
0.847
0.817
0.751
0.777
0.523
0.780
0.906
0.931
0.887
0.900
0.894
0.797
0.762
0.752
0.865
0.780
0.799
0.835
0.594
0.712
0.836
0.761
0.759
0.803
0.668
0.715
0.703
0.747
0.803
0.999
1.000
0.951
0.888
0.870
0.873
0.781
0.740
0.747
0.738
0.759
0.683
0.784
0.722
0.795
0.795
0.819
0.799
0.744
1.000
0.994
0.950
0.871
1.000
0.912
0.903
0.769
0.929
0.958
0.861
1.000
0.943
0.893
0.958
0.800
0.817
0.850
0.752
0.819
0.934
0.711
0.939
0.981
1.000
0.903
0.861
0.802
0.725
0.759
0.910
0.949
0.756
1.000
1.000
1.000
0.986
0.906
0.959
0.886
1.000
0.957
1.000
0.873
1.000
0.984
0.830
0.867
0.904
0.981
0.921
1.000
0.973
0.888
0.994
0.791
0.985
0.935
0.754
0.843
0.765
0.868
0.858
0.995
1.000
0.833
0.798
0.858
0.788
0.829
0.930
1.000
0.991
1.000
0.949
1.000
1.000
0.736
0.753
0.966
1.000
0.853
0.737
0.794
0.870
0.812
0.940
0.904
1.000
0.867
0.950
0.924
0.923
0.957
0.955
0.856
0.740
0.811
0.944
0.778
0.822
0.813
0.783
0.701
0.884
0.826
0.893
0.933
0.744
0.960
0.935
0.767
0.661
0.686
0.750
0.993
1.000
0.878
0.870
0.815
0.839
0.965
0.974
0.861
0.927
0.968
0.874
1.000
0.983
0.833
1.000
0.983
0.918
0.772
0.586
0.762
0.806
0.915
0.946
0.810
0.743
0.865
0.757
0.724
0.825
0.750
0.688
0.754
0.928
0.725
0.676
0.707
0.768
0.652
0.525
0.778
0.760
0.788
0.685
0.684
0.690
0.744
0.771
0.763
0.674
0.733
0.680
0.698
0.806
0.828
0.717
0.726
0.789
0.679
0.574
0.591
0.928
0.816
0.917
0.879
0.871
0.786
0.842
0.855
0.796
0.760
0.926
0.940
0.806
0.830
0.784
0.844
0.843
0.826
0.860
0.809
0.811
0.732
0.825
0.792
0.867
0.857
0.848
0.818
0.838
0.869
0.877
0.902
0.834
0.753
0.814
0.710
0.791
0.882
0.853
0.933
0.827
0.828
0.809
0.778
0.842
0.760
0.793
0.765
0.732
0.870
0.882
0.872
0.899
0.867
0.988
0.885
0.968
0.858
0.905
0.919
0.942
0.873
0.539
0.783
0.871
0.967
0.897
0.949
0.891
0.853
0.729
0.881
0.909
0.903
0.842
0.905
0.846
0.845
0.767
0.884
1.000
0.987
0.835
0.899
0.858
0.778
0.832
0.837
0.875
0.915
0.955
0.918
0.898
0.870
0.777
0.805
0.817
0.759
0.791
0.864
0.794
0.773
0.855
0.961
0.806
0.978
0.972
1.000
0.870
0.960
0.880
0.832
0.826
0.873
0.914
0.916
0.924
0.939
0.975
0.997
0.938
0.976
0.867
0.842
0.915
0.885
1.000
1.000
0.987
0.871
0.814
0.877
0.889
0.874
0.775
0.798
0.834
0.845
0.750
0.879
0.826
0.808
0.799
0.859
0.890
0.846
0.763
0.816
0.799
0.692
0.990
0.865
0.727
0.760
0.748
0.784
0.798
0.847
0.864
0.831
0.910
0.823
0.750
0.822
0.834
0.921
0.935
0.852
0.855
0.809
0.877
0.866
0.863
0.683
0.803
0.817
1.000
0.962
0.884
0.886
0.889
0.721
0.612
0.690
0.628
0.789
0.833
0.743
0.668
0.768
0.740
0.776
0.770
0.779
0.860
0.856
0.777
0.894
0.935
0.810
0.966
1.000
1.000
1.000
1.000
1.000
0.941
0.955
1.000
0.993
0.890
0.893
0.938
0.983
0.868
0.887
0.808
1.000
0.910
0.754
0.836
1.000
0.946
0.922
0.895
0.815
0.830
0.592
0.908
1.000
1.000
1.000
0.870
0.861
1.000
0.979
1.000
0.898
0.998
0.862
0.838
0.863
0.834
0.831
0.801
0.878
0.860
0.943
0.919
1.000
0.909
0.992
0.887
0.888
0.923
0.942
0.860
0.890
0.964
0.777
0.860
0.874
0.770
0.785
0.779
0.763
0.794
0.991
0.792
0.748
0.739
0.895
0.785
0.849
0.736
0.999
0.981
0.937
0.926
0.968
0.865
0.724
0.903
0.984
0.976
0.845
0.952
0.755
0.688
0.849
0.936
1.000
0.819
0.867
0.963
0.970
0.813
0.950
1.000
0.952
0.884
0.847
0.906
0.923
0.817
0.796
0.795
0.699
0.826
0.793
0.840
0.945
0.907
0.951
0.815
0.865
0.881
0.920
0.751
0.805
0.837
1.000
0.999
0.930
0.894
0.903
0.955
0.874
1.000
1.000
1.000
1.000
0.911
1.000
0.824
0.725
0.677
0.982
0.931
0.900
0.878
0.744
0.620
0.730
0.756
0.857
0.902
0.892
1.000
0.959
0.888
0.913
0.954
0.844
0.811
0.736
0.779
0.782
0.720
0.819
0.786
0.736
0.693
0.680
0.801
0.771
0.755
0.751
0.717
0.712
0.841
0.876
0.794
0.554
0.709
1.000
0.862
0.780
0.796
0.871
0.760
0.794
0.878
0.843
0.744
0.707
0.809
0.828
0.802
0.795
0.791
0.586
0.616
0.719
0.709
0.852
0.806
0.843
0.838
0.840
0.878
0.821
0.881
0.837
0.858
0.759
0.877
0.816
0.821
0.740
0.731
0.671
0.700
0.802
0.774
0.751
0.882
0.795
0.930
0.899
1.000
0.989
0.882
0.871
0.912
0.856
0.883
0.788
0.896
0.847
0.794
0.867
0.879
0.815
0.892
0.866
0.768
0.859
0.877
0.859
0.830
0.863
0.827
0.792
0.830
0.807
0.801
0.828
0.851
0.701
0.729
0.827
0.800
0.777
0.855
0.789
0.822
0.786
1.000
0.893
0.965
1.000
1.000
1.000
1.000
0.966
0.949
0.955
1.000
0.923
0.813
0.933
0.983
1.000
0.953
1.000
0.964
0.725
0.680
0.821
0.835
0.828
0.947
1.000
0.937
0.878
1.000
0.852
0.917
0.903
0.991
0.853
0.886
0.869
0.993
0.874
0.957
0.796
0.842
0.987
0.948
0.983
0.970
1.000
0.854
0.863
0.947
0.999
0.998
0.833
0.861
0.851
0.917
0.881
0.728
0.833
0.812
0.824
0.831
0.787
0.776
0.857
1.000
0.912
0.781
0.734
0.827
0.832
0.804
0.755
0.817
0.799
0.822
1.000
1.000
1.000
1.000
0.939
0.974
0.935
0.937
0.920
0.905
0.918
0.811
0.964
0.943
0.877
0.785
0.637
0.749
0.688
0.781
0.849
0.724
0.750
0.724
0.894
0.815
0.868
0.912
0.934
0.776
0.685
0.641
1.000
0.900
0.789
0.861
0.796
0.968
0.893
0.903
0.738
0.945
0.981
0.987
0.859
0.809
0.806
0.910
0.960
0.948
1.000
1.000
0.952
1.000
0.996
1.000
0.906
0.880
0.913
0.717
0.728
0.747
0.943
0.820
1.000
0.930
1.000
1.000
0.743
0.939
1.000
0.918
0.781
0.761
1.000
1.000
0.849
0.665
0.747
0.926
0.914
0.890
1.000
0.965
0.980
0.900
0.825
0.820
0.739
0.785
0.953
0.847
0.812
0.876
0.761
0.860
0.774
0.789
0.593
0.737
0.933
0.880
0.981
1.000
1.000
0.917
0.941
0.901
0.972
0.981
0.942
0.626
0.717
0.480
0.574
0.980
0.984
0.917
1.000
0.893
0.815
0.871
0.835
0.794
0.715
0.931
0.953
0.822
0.805
0.835
0.729
0.832
0.722
0.689
0.780
0.787
0.884
0.808
0.718
0.826
0.951
0.718
0.700
0.736
0.809
0.719
0.706
0.814
0.871
0.824
0.714
0.762
0.698
0.757
0.686
0.636
0.795
0.829
0.612
0.755
0.995
0.919
0.898
0.990
0.969
0.886
0.829
0.768
0.827
0.855
0.795
0.812
0.789
0.736
0.740
0.777
0.650
0.600
0.551
0.874
0.753
0.580
0.647
0.689
0.747
0.762
0.718
0.774
0.826
0.841
0.832
0.768
0.814
0.774
0.660
0.696
0.748
0.708
0.530
0.642
0.617
0.669
0.490
0.623
0.520
0.542
0.589
0.613
0.665
0.605
0.677
0.654
0.655
0.645
0.644
0.808
0.782
0.799
0.737
0.551
0.652
0.664
0.819
0.770
0.758
0.693
0.740
0.678
0.809
0.847
0.770
0.815
0.913
0.925
0.822
0.831
0.811
0.729
0.735
0.808
0.780
0.866
0.965
0.886
0.810
0.812
0.785
0.733
0.825
0.778
0.823
0.932
0.809
0.772
0.749
0.700
0.834
0.944
0.915
0.859
0.866
0.884
0.869
0.838
0.930
0.806
0.840
0.814
0.714
0.981
0.885
0.880
0.859
0.841
0.861
0.757
0.714
0.864
0.887
0.790
0.747
0.697
0.768
0.919
0.744
0.887
0.815
0.788
0.782
0.856
0.828
0.850
0.763
0.609
0.598
0.926
0.817
0.733
0.620
0.699
0.800
0.816
0.862
0.792
0.783
0.891
0.873
0.874
0.819
0.712
0.936
1.000
0.909
0.822
0.881
0.783
0.810
0.783
0.811
0.819
0.812
0.747
0.904
0.898
0.835
0.786
0.703
0.761
0.800
0.775
0.775
0.744
0.790
0.721
0.742
0.760
0.654
0.692
0.757
0.747
0.611
0.806
0.855
0.890
0.901
0.907
0.930
0.853
0.681
0.954
0.927
0.953
0.910
0.863
0.783
0.649
0.714
0.645
0.866
0.923
0.869
0.893
0.875
0.870
0.794
0.732
0.780
0.627
0.629
0.666
0.694
0.646
0.668
0.686
0.691
0.720
0.755
0.946
0.803
0.908
0.841
1.000
0.802
0.780
0.844
0.958
1.000
0.933
1.000
0.985
0.993
0.961
0.872
0.866
1.000
1.000
1.000
0.987
0.947
0.785
0.806
0.843
0.953
0.956
0.886
0.970
0.876
0.878
1.000
0.711
0.808
0.918
0.958
0.744
0.636
0.819
0.871
0.826
0.742
0.969
1.000
0.727
0.763
0.704
0.587
0.641
0.700
1.000
0.932
0.983
0.998
0.851
0.963
0.987
0.831
0.807
0.797
0.763
0.784
0.779
0.861
1.000
0.877
1.000
0.943
0.964
1.000
0.959
0.886
0.791
0.932
0.870
0.793
0.949
0.877
0.978
0.970
0.909
1.000
1.000
1.000
0.955
0.927
0.920
0.946
0.884
1.000
0.935
0.782
0.908
0.879
0.805
0.946
0.812
0.850
0.671
0.832
0.718
0.889
0.956
0.819
0.935
0.826
0.929
0.937
0.942
0.950
0.756
0.776
0.850
0.794
0.730
0.703
0.700
0.600
0.857
0.915
0.926
0.811
0.987
0.944
0.899
0.944
0.798
0.711
0.713
0.679
0.815
1.000
0.927
0.847
0.904
0.864
1.000
0.995
0.887
0.909
0.802
0.781
0.613
0.724
0.698
0.676
0.905
0.963
0.797
0.710
0.674
0.988
0.781
0.951
0.775
0.867
0.807
0.817
0.871
0.788
0.694
0.660
0.746
0.784
0.712
0.593
0.646
0.669
0.822
0.941
1.000
0.803
0.780
0.758
0.680
0.702
0.789
0.758
0.694
0.716
0.744
0.772
0.751
0.912
0.857
0.892
0.946
0.850
0.833
0.833
0.775
0.752
0.739
0.727
0.711
0.739
0.732
0.885
0.807
0.781
0.653
0.665
0.718
0.688
0.727
0.871
0.795
0.833
0.799
0.758
0.633
0.700
0.686
0.633
0.697
0.739
0.645
0.735
0.682
0.762
0.821
0.855
0.932
0.930
0.884
0.801
0.534
0.910
0.931
0.843
0.980
0.834
0.853
0.779
0.720
0.806
0.827
0.795
0.837
0.845
0.846
0.865
0.759
0.840
0.992
0.911
1.000
0.907
0.866
0.820
0.742
0.868
0.857
0.905
0.757
0.759
0.820
0.897
0.856
0.858
0.837
0.747
0.804
0.956
0.984
0.968
0.941
0.913
0.918
0.867
0.863
0.873
0.881
0.842
0.961
0.989
0.940
0.892
0.878
0.805
0.818
0.793
0.751
0.734
0.615
0.693
0.611
0.753
0.776
0.762
0.842
0.847
0.829
0.844
0.793
0.843
0.897
0.838
0.872
0.863
0.828
0.849
0.902
0.910
0.820
0.976
0.952
0.967
0.840
0.823
0.747
0.747
0.901
0.926
0.906
0.881
0.785
0.931
0.924
0.857
0.817
0.818
0.820
0.864
0.796
0.799
0.833
0.857
0.848
0.771
0.839
0.803
0.769
0.846
0.794
0.859
0.922
0.932
0.970
0.912
0.951
0.939
0.812
0.787
0.875
0.760
0.652
0.694
0.628
0.676
0.667
0.919
0.947
0.889
0.974
0.863
1.000
0.921
0.992
1.000
0.846
0.930
0.913
0.829
0.824
0.835
0.896
0.990
0.905
1.000
0.994
0.885
0.947
0.837
0.826
0.927
0.817
0.788
0.833
0.924
0.823
0.857
0.863
0.816
1.000
0.899
1.000
1.000
1.000
1.000
0.955
1.000
1.000
0.944
0.933
0.974
1.000
0.965
1.000
1.000
0.939
1.000
1.000
0.986
0.987
1.000
1.000
1.000
1.000
0.986
0.964
1.000
1.000
1.000
0.902
0.875
1.000
0.920
1.000
1.000
1.000
1.000
1.000
0.985
0.769
0.692
0.899
0.917
0.893
0.970
1.000
1.000
0.912
1.000
1.000
0.990
0.976
0.961
0.850
0.931
0.664
0.957
0.802
0.920
0.799
0.960
1.000
0.934
0.783
0.722
0.883
0.814
0.942
0.971
1.000
1.000
0.855
0.821
0.747
0.921
0.966
0.905
0.816
0.714
0.652
0.714
0.881
0.816
0.695
0.721
0.921
1.000
0.990
0.912
0.708
0.606
0.801
0.835
0.830
0.954
0.889
0.720
0.626
0.844
0.812
0.896
0.916
0.895
0.859
0.885
0.835
0.902
0.957
1.000
0.897
0.785
0.927
1.000
0.872
0.890
0.877
0.985
1.000
0.901
0.873
0.770
0.878
0.800
0.851
0.863
0.774
0.728
0.828
0.892
0.839
0.726
0.585
0.676
0.640
0.740
0.667
0.808
0.734
0.475
0.770
0.802
1.000
1.000
0.753
0.813
0.849
0.821
0.749
0.856
0.769
0.855
0.689
0.775
0.729
0.729
0.914
0.779
0.766
0.741
0.754
0.730
0.754
0.725
0.684
0.625
0.825
0.932
0.898
0.921
0.861
0.951
0.874
0.841
0.848
0.965
0.828
0.816
0.753
0.790
0.913
0.826
0.896
0.902
0.868
0.869
0.909
0.972
0.841
0.874
0.881
0.841
0.919
0.890
0.894
0.830
0.808
0.839
0.853
0.822
0.875
0.826
1.000
0.804
0.766
0.748
0.866
0.892
0.852
0.894
0.967
0.989
0.941
0.722
0.820
0.860
0.863
0.887
0.846
0.838
0.907
0.930
0.946
0.911
0.886
0.824
0.989
0.929
0.875
0.809
0.969
0.927
0.891
1.000
0.889
0.761
0.895
0.967
0.995
0.830
0.769
0.837
0.657
0.716
0.863
0.900
0.913
0.936
0.935
0.877
0.844
0.853
0.793
0.848
0.808
0.836
0.789
0.801
0.676
0.837
0.993
0.895
0.865
0.878
0.884
0.866
0.814
0.868
0.806
0.853
0.895
0.809
0.865
0.885
0.772
0.831
0.888
0.849
0.976
0.892
0.867
0.805
0.792
0.859
0.844
0.975
0.931
0.882
0.888
0.877
0.881
0.989
1.000
0.843
0.882
0.818
0.801
0.868
1.000
0.975
0.976
0.789
0.858
0.940
0.947
1.000
1.000
1.000
0.885
0.936
1.000
0.914
0.981
0.823
0.845
0.723
0.699
0.715
0.679
0.789
0.908
0.726
0.916
0.943
0.805
0.859
0.816
0.857
0.838
0.857
0.902
1.000
0.903
0.889
0.898
0.743
0.581
0.571
0.555
0.606
0.630
0.691
0.766
0.798
0.855
0.864
0.884
0.910
0.620
0.977
0.838
0.878
0.993
0.896
0.898
0.942
0.955
0.968
0.816
0.845
0.805
0.803
0.871
1.000
0.977
1.000
1.000
1.000
0.998
0.896
0.930
0.961
0.887
0.736
0.763
0.824
0.991
0.942
1.000
1.000
0.889
0.838
0.685
0.713
0.761
0.838
0.690
0.843
0.850
0.936
0.955
0.880
0.618
0.577
0.681
0.677
0.605
0.716
0.671
0.816
0.844
0.950
0.867
1.000
1.000
1.000
0.918
0.877
0.934
0.716
1.000
1.000
0.836
0.818
0.834
1.000
0.942
0.994
1.000
0.837
0.975
0.930
0.991
1.000
0.919
0.775
0.780
0.901
0.845
0.927
0.703
0.743
0.766
0.814
0.817
0.868
0.770
1.000
1.000
1.000
1.000
0.998
0.958
0.838
0.851
0.759
0.862
0.844
0.816
0.953
0.952
0.903
0.919
1.000
0.808
0.827
0.823
0.887
0.893
0.841
0.741
0.827
0.882
1.000
0.885
0.781
0.771
0.721
0.616
0.801
0.746
0.905
0.926
0.749
0.588
0.768
0.800
0.759
0.833
0.909
0.908
0.711
0.780
0.867
0.980
0.904
0.936
0.969
1.000
0.883
0.871
0.861
0.805
0.624
0.778
0.772
0.835
0.853
0.772
0.933
0.954
0.892
0.824
0.718
0.695
0.629
0.944
0.912
0.664
0.749
0.637
0.746
0.842
0.879
0.933
0.920
0.819
0.783
0.678
0.863
0.885
0.657
0.567
0.658
0.928
0.765
0.773
0.780
0.760
0.707
0.784
0.718
0.623
0.643
0.735
0.737
0.715
0.736
0.713
0.675
0.712
0.735
0.744
0.777
0.732
0.725
0.739
0.725
0.892
1.000
0.894
0.837
0.676
0.767
0.900
0.907
0.768
0.694
0.661
0.655
0.638
0.662
0.677
0.757
0.977
0.740
0.712
0.697
0.672
0.732
0.685
0.776
0.766
0.651
0.861
0.905
0.782
0.497
0.643
0.770
0.821
0.732
0.731
0.735
0.712
0.714
0.900
0.859
0.787
0.784
0.752
0.657
0.525
0.674
0.581
0.667
0.655
0.669
0.626
0.571
0.651
0.621
0.686
0.636
0.707
0.645
0.599
0.588
0.658
0.784
0.746
0.666
0.710
0.644
0.749
0.580
0.610
0.645
0.623
0.594
0.635
0.750
0.932
0.749
0.710
0.843
0.782
0.874
1.000
0.910
0.939
1.000
0.926
0.772
0.860
0.817
0.874
0.886
0.849
0.827
0.837
0.814
0.938
0.892
0.896
0.901
0.797
0.972
0.920
0.836
1.000
0.945
0.854
0.839
0.911
0.690
0.623
0.856
0.911
0.885
0.770
0.728
0.767
0.758
0.739
0.765
0.935
0.864
0.828
0.797
0.833
0.919
0.799
0.830
0.835
0.827
0.876
0.866
0.890
0.782
0.903
0.910
0.839
0.814
0.858
0.808
0.649
0.777
0.896
0.813
0.806
0.737
0.817
0.916
0.791
0.884
0.861
0.838
0.770
0.863
0.947
0.908
0.952
0.866
0.800
0.660
0.755
0.806
0.748
0.591
0.628
0.678
0.719
0.878
0.819
0.650
0.684
0.788
0.815
0.884
0.549
0.525
0.631
0.531
0.679
0.710
0.855
0.764
0.839
0.682
0.650
0.621
0.491
0.542
0.746
0.755
0.696
0.579
0.579
0.981
0.906
0.684
0.758
0.797
0.733
0.718
0.830
0.996
0.962
1.000
0.996
0.950
0.880
0.964
0.825
0.667
0.584
0.680
0.748
1.000
0.959
0.906
0.774
0.480
0.661
0.775
0.887
0.803
0.726
0.880
1.000
1.000
0.976
0.698
0.888
1.000
0.958
0.955
0.948
0.941
0.982
0.940
1.000
1.000
1.000
0.934
0.983
0.936
0.918
0.843
1.000
1.000
0.984
0.971
0.897
0.791
0.798
0.970
0.938
0.981
0.851
0.736
0.796
0.840
0.805
0.621
0.537
0.730
0.755
0.851
0.571
0.652
0.784
0.725
0.744
0.640
0.712
0.755
0.860
0.878
0.983
1.000
1.000
0.973
0.929
0.929
0.987
0.948
0.804
0.946
0.826
0.852
0.944
0.730
0.696
0.792
1.000
0.887
0.944
0.879
0.755
0.667
0.742
0.923
0.986
0.837
0.840
0.898
0.894
0.793
0.853
0.748
0.804
0.782
0.907
0.990
0.790
0.751
0.743
0.699
0.758
0.789
0.907
0.927
0.829
0.826
0.794
0.679
0.808
0.787
0.780
0.949
0.868
0.833
0.918
0.974
0.885
0.912
0.941
0.705
0.692
0.694
0.700
0.707
0.666
0.671
0.760
0.757
0.751
0.722
0.766
0.848
0.826
0.836
0.686
0.687
0.820
0.793
0.750
0.781
0.863
0.928
0.968
0.923
0.816
0.764
0.639
0.621
0.658
0.644
0.684
0.763
0.753
0.784
0.752
0.787
0.897
0.850
0.970
0.933
0.870
0.896
0.832
0.839
0.882
0.940
0.885
0.879
0.764
0.730
0.643
0.693
0.793
0.801
0.733
0.767
0.752
0.842
0.893
0.726
0.720
0.776
0.807
0.794
0.897
0.700
0.706
0.648
0.718
1.000
1.000
0.846
1.000
0.852
0.827
0.830
0.847
0.823
0.897
0.976
0.969
0.798
0.895
0.871
1.000
0.839
0.732
0.727
0.797
0.904
0.925
0.894
0.871
0.897
0.906
0.905
0.947
0.917
1.000
1.000
1.000
1.000
0.845
0.840
0.846
0.870
0.870
0.945
1.000
0.963
0.924
0.887
0.853
0.916
1.000
0.901
0.844
0.907
0.899
0.868
0.820
0.797
1.000
1.000
0.963
0.961
1.000
0.899
0.916
0.932
0.919
0.951
0.949
0.901
0.871
0.892
0.983
0.977
0.994
0.858
0.944
1.000
1.000
0.945
0.973
0.938
0.947
0.972
0.990
0.998
0.850
0.753
0.778
0.706
0.651
0.527
0.733
0.696
0.815
0.834
0.870
0.791
0.788
0.817
0.756
0.805
0.782
0.730
0.788
0.816
0.779
0.775
0.848
0.802
0.884
0.906
0.846
1.000
1.000
1.000
0.885
0.941
0.951
0.927
0.921
0.914
0.827
0.762
0.918
0.931
0.832
0.788
0.770
0.869
0.834
0.891
0.851
0.831
0.795
0.828
0.787
0.811
0.762
0.885
0.603
0.897
1.000
1.000
0.952
0.979
0.970
1.000
0.977
1.000
0.974
0.972
0.870
0.893
0.952
1.000
1.000
1.000
1.000
0.930
0.964
1.000
1.000
1.000
1.000
0.961
0.901
1.000
0.915
0.903
0.894
0.827
0.841
0.764
0.962
0.915
1.000
0.998
0.965
1.000
0.963
0.820
0.744
0.940
0.627
0.807
0.781
0.810
0.947
0.710
0.570
0.671
0.812
0.951
1.000
1.000
1.000
1.000
1.000
1.000
1.000
1.000
1.000
0.888
1.000
1.000
1.000
0.899
0.992
1.000
1.000
0.984
0.958
1.000
0.967
0.828
0.834
0.731
0.913
1.000
0.937
0.815
0.767
0.700
0.901
1.000
0.785
0.736
0.915
0.864
1.000
0.841
0.730
0.609
0.859
0.942
0.957
0.834
0.595
0.658
0.683
0.688
0.971
0.964
0.630
0.651
0.686
0.878
0.917
0.997
1.000
1.000
1.000
0.847
0.869
0.862
0.857
0.933
0.931
1.000
0.851
0.912
1.000
0.967
1.000
0.858
0.880
0.790
0.682
0.675
0.878
0.730
0.727
0.671
0.671
0.643
0.662
0.661
0.687
0.714
0.700
0.959
1.000
0.977
0.969
1.000
0.902
1.000
0.774
0.805
0.865
0.953
0.943
0.958
0.965
0.784
0.954
0.774
0.836
0.626
0.719
0.795
0.721
0.736
0.749
0.732
0.738
0.706
0.724
0.628
0.541
0.578
0.663
0.691
0.700
0.708
0.681
0.613
0.488
0.611
0.609
0.586
0.637
0.632
0.680
0.807
0.817
0.835
0.781
0.762
0.659
0.622
0.581
0.624
0.724
0.775
0.802
0.823
0.729
0.746
0.796
0.709
0.662
0.742
0.871
0.746
0.669
0.801
0.879
0.656
0.652
0.592
0.694
0.944
0.937
0.920
0.813
0.852
0.890
0.921
0.944
0.968
0.933
0.905
0.974
1.000
0.968
0.935
0.924
0.828
0.875
0.787
0.831
0.828
0.891
1.000
0.870
0.812
0.763
0.790
0.775
0.575
0.839
1.000
1.000
1.000
0.881
0.860
0.817
0.788
0.735
0.772
0.763
0.784
0.894
0.794
0.780
0.866
0.762
0.819
0.803
0.747
0.781
0.796
0.746
0.853
0.897
0.842
0.781
0.689
0.779
0.722
0.625
0.721
0.751
0.861
0.737
0.484
0.766
1.000
0.722
0.724
0.797
0.763
0.821
0.835
0.851
0.805
0.807
0.835
0.761
0.758
0.721
0.754
0.819
0.713
0.677
0.803
1.000
1.000
0.848
0.827
0.789
0.842
0.906
0.835
0.834
0.846
0.814
0.803
0.636
0.663
0.738
0.719
0.779
0.735
0.720
0.664
0.849
0.880
0.735
0.817
0.706
0.692
0.651
0.620
0.686
0.774
0.703
0.729
0.774
0.707
0.728
0.866
0.898
0.924
0.872
0.861
0.817
0.911
0.891
0.747
1.000
1.000
0.979
0.961
1.000
1.000
1.000
1.000
1.000
1.000
0.982
0.900
0.951
1.000
1.000
1.000
0.958
0.973
0.871
0.976
0.992
0.956
0.997
0.902
0.915
0.915
0.839
0.674
0.661
0.560
0.906
0.984
0.963
0.986
1.000
0.957
0.796
0.850
0.904
1.000
1.000
0.944
0.792
0.735
0.787
0.763
0.856
1.000
1.000
0.970
0.871
0.992
0.949
0.951
0.891
0.824
0.849
0.842
0.760
0.765
0.785
0.735
0.784
0.919
0.848
0.673
0.778
0.736
0.642
0.732
0.700
0.769
0.733
0.665
0.752
0.900
1.000
0.961
1.000
0.899
0.743
0.911
0.968
0.953
0.931
0.975
0.888
0.692
0.663
0.870
0.920
0.984
0.888
0.739
1.000
0.995
1.000
0.868
0.938
1.000
1.000
0.820
0.485
0.711
0.969
0.926
0.777
0.779
1.000
0.905
0.987
0.960
0.932
0.811
0.901
0.842
1.000
0.872
0.913
0.696
0.909
0.887
0.910
0.867
0.844
0.902
0.798
0.828
0.780
0.980
0.959
0.536
0.820
0.986
0.987
0.842
1.000
1.000
0.892
0.932
0.789
0.976
1.000
0.940
0.983
0.991
0.874
1.000
0.946
0.926
1.000
1.000
0.840
0.878
0.868
0.911
0.689
0.908
0.727
0.652
0.791
0.709
0.740
0.965
0.896
0.816
0.780
0.666
0.628
0.754
0.956
1.000
0.827
0.967
1.000
0.850
0.863
0.751
0.792
0.862
0.898
0.962
1.000
0.958
0.936
0.936
0.963
0.800
0.799
0.778
0.817
0.778
0.639
0.700
0.754
0.730
0.755
0.645
0.570
0.702
0.650
0.737
0.730
0.789
0.747
0.689
0.611
0.807
0.927
0.935
0.712
0.910
0.911
0.908
0.879
0.804
0.766
0.753
0.777
0.798
0.801
0.854
0.908
0.787
0.740
0.745
0.750
0.737
0.779
0.941
0.850
0.731
0.753
0.746
0.775
0.810
0.783
0.836
0.815
0.819
0.707
0.712
0.641
0.638
0.713
0.745
0.766
0.888
0.921
0.936
0.853
0.803
0.777
0.681
0.731
0.596
0.851
0.836
0.987
0.774
0.820
0.908
0.895
0.881
0.794
0.894
0.701
0.782
0.869
0.805
0.842
0.802
0.851
0.754
0.755
0.827
0.694
0.841
0.789
0.796
0.728
0.638
0.601
0.662
0.740
0.772
0.986
1.000
0.915
0.898
0.945
0.879
0.718
0.699
0.845
0.780
0.799
0.793
0.802
0.839
0.896
0.862
0.849
0.949
0.884
0.960
0.808
0.895
0.873
0.875
0.833
0.843
0.789
0.839
0.732
0.802
0.875
0.814
1.000
1.000
0.986
0.974
0.864
0.813
0.882
0.846
0.811
0.873
0.985
0.940
0.798
0.904
0.679
0.529
0.748
0.683
0.792
0.774
0.757
0.780
0.739
0.808
0.750
0.835
0.890
0.872
0.871
0.814
0.915
0.845
0.892
0.878
0.880
0.915
0.793
0.805
0.955
0.911
0.781
0.840
0.996
0.890
0.907
1.000
0.899
0.934
0.935
0.977
0.888
0.815
0.849
0.943
0.861
0.898
0.904
0.959
1.000
1.000
0.921
0.979
1.000
0.827
0.859
0.901
1.000
1.000
0.987
1.000
1.000
1.000
0.968
0.828
0.861
0.812
0.840
0.892
1.000
0.942
0.967
1.000
0.981
0.920
1.000
0.971
0.931
0.888
0.849
0.811
0.756
0.796
0.854
1.000
0.870
1.000
1.000
1.000
0.857
0.966
0.960
1.000
0.969
0.973
0.989
0.934
1.000
1.000
0.870
0.926
1.000
1.000
0.938
0.791
0.755
0.828
0.786
0.945
1.000
0.828
0.769
0.787
0.886
0.960
0.865
0.892
0.825
0.783
0.637
0.747
0.716
0.926
0.907
1.000
0.932
0.871
0.967
1.000
1.000
1.000
0.956
0.971
0.786
0.885
0.933
0.958
0.819
0.909
0.984
1.000
0.920
0.815
0.968
1.000
0.997
0.882
0.860
1.000
0.934
0.859
0.927
1.000
0.905
1.000
0.935
0.937
0.818
0.764
0.665
0.770
0.707
0.889
0.886
0.787
0.769
0.664
0.683
0.864
0.770
1.000
1.000
1.000
0.815
0.716
0.696
0.946
0.966
0.784
0.774
0.728
0.747
0.949
0.980
0.896
1.000
1.000
0.901
0.770
0.819
0.893
0.982
0.951
0.961
0.870
0.838
1.000
0.813
0.973
0.787
0.810
0.929
1.000
0.919
0.749
0.770
0.920
0.899
0.888
0.811
0.826
0.802
0.698
0.685
0.815
0.901
0.814
0.857
0.740
0.696
0.887
0.819
0.893
0.859
0.791
0.789
0.841
0.767
0.765
0.759
0.749
0.725
0.670
0.704
1.000
0.758
0.722
0.736
0.745
0.757
0.752
0.696
0.729
0.729
0.674
0.805
0.715
0.546
0.556
0.690
0.672
0.836
0.984
0.875
0.984
0.826
0.823
0.784
0.771
0.798
0.968
0.936
0.872
0.805
0.768
0.764
0.811
0.791
0.582
0.700
0.889
1.000
1.000
1.000
1.000
0.783
0.910
0.758
0.625
0.754
0.725
0.712
0.804
0.844
0.630
0.738
0.707
0.867
0.880
0.737
0.931
1.000
0.982
0.817
0.746
0.933
0.956
0.895
0.896
0.858
0.867
0.860
0.947
0.983
0.979
0.965
0.955
0.949
0.762
0.850
0.789
0.837
0.853
0.941
0.943
0.983
0.838
0.850
0.892
0.818
0.787
0.691
0.773
0.812
0.839
0.866
0.878
0.814
0.806
0.711
0.767
0.876
0.867
1.000
0.995
1.000
0.932
0.725
0.808
0.901
0.965
0.905
0.899
0.988
0.949
0.995
0.951
0.926
0.910
0.926
0.858
0.891
0.884
0.832
0.881
0.901
0.904
0.921
0.865
0.984
0.989
0.958
0.894
0.936
0.859
0.919
0.902
0.889
0.948
0.925
0.870
0.838
0.807
0.686
0.527
0.673
0.707
0.770
0.815
0.821
0.871
0.905
0.823
0.891
0.922
0.980
1.000
0.969
0.938
0.880
0.895
0.840
0.883
0.884
0.986
0.931
0.854
0.829
0.911
0.804
0.886
0.967
0.888
0.958
1.000
0.857
0.831
1.000
1.000
0.927
1.000
0.952
0.945
0.918
0.995
0.912
0.887
0.911
1.000
0.894
0.951
1.000
1.000
1.000
0.995
0.934
0.950
0.968
1.000
1.000
1.000
0.924
0.900
0.823
0.880
0.916
0.884
0.887
1.000
0.903
0.921
0.999
0.856
0.907
0.766
0.816
0.912
0.765
1.000
0.844
0.929
0.925
0.910
0.975
1.000
0.854
0.682
0.675
0.674
0.690
0.949
1.000
0.950
0.806
0.893
1.000
1.000
1.000
1.000
0.894
0.781
0.847
0.988
0.732
0.900
0.887
0.814
0.979
1.000
0.937
1.000
1.000
0.938
0.831
1.000
0.897
1.000
1.000
0.997
0.780
1.000
0.998
1.000
1.000
1.000
0.812
0.871
0.784
0.991
0.991
0.942
0.912
0.874
0.720
0.813
0.848
0.814
0.820
0.857
0.859
0.755
0.550
1.000
0.968
0.829
0.886
0.775
0.766
0.831
0.811
0.951
0.926
0.862
0.955
1.000
0.945
0.760
0.850
0.962
0.939
0.908
0.904
0.852
0.893
1.000
1.000
1.000
0.930
0.944
0.841
0.767
0.708
0.652
0.758
0.883
0.708
0.735
0.645
0.564
0.652
0.836
0.902
0.897
0.875
0.830
0.763
0.665
0.716
0.785
0.823
0.914
1.000
0.947
0.938
0.934
0.922
0.892
0.750
0.738
0.703
0.730
0.816
0.893
0.793
0.848
0.932
0.904
0.779
0.700
0.652
0.876
0.964
0.959
0.806
0.704
0.646
0.703
0.615
0.649
0.553
0.770
0.597
0.657
0.634
0.651
0.777
0.750
0.744
0.664
0.699
0.802
0.803
0.800
0.544
0.526
0.604
0.698
0.715
0.617
0.636
0.754
0.708
0.876
0.783
0.919
0.888
0.730
0.706
0.797
0.732
0.739
0.716
0.815
0.722
1.000
0.904
0.877
1.000
0.848
0.757
0.724
0.682
0.860
0.795
0.744
0.932
0.779
0.727
0.750
0.769
0.743
0.747
0.824
0.798
0.784
0.788
0.734
0.737
0.770
0.802
0.719
0.734
0.914
0.960
0.965
0.819
0.755
0.787
0.781
0.780
0.939
0.727
0.683
0.748
0.804
0.766
0.779
0.681
0.677
0.726
0.593
0.792
0.729
0.740
0.802
0.900
1.000
0.848
0.892
0.887
0.893
0.917
0.896
0.794
0.846
0.843
0.829
0.857
0.822
0.861
1.000
1.000
1.000
1.000
0.952
0.899
0.795
0.789
0.829
0.769
0.882
0.963
0.910
0.860
0.677
0.632
0.753
0.752
0.780
0.789
0.709
0.731
0.741
0.700
0.862
0.929
0.773
0.810
0.811
0.866
0.857
0.843
0.811
0.776
0.876
0.917
0.912
0.854
0.868
0.873
0.890
1.000
1.000
0.961
0.862
1.000
0.927
1.000
0.930
0.942
0.984
0.885
0.976
1.000
1.000
0.998
0.876
0.911
0.782
0.862
0.938
0.952
0.948
0.933
0.914
0.882
0.953
0.943
0.879
0.869
0.865
0.856
0.744
0.873
0.831
1.000
0.777
0.843
0.866
1.000
0.993
0.966
1.000
1.000
1.000
0.878
0.851
0.972
0.816
0.800
0.889
0.772
0.794
0.748
0.802
0.781
0.662
0.767
0.697
0.898
0.865
0.683
0.718
0.790
0.789
0.778
0.735
0.713
0.701
0.715
0.818
0.791
0.903
0.901
1.000
1.000
0.972
1.000
0.953
1.000
1.000
0.980
0.857
0.847
1.000
1.000
0.968
0.920
1.000
0.995
0.848
0.816
0.741
0.716
0.699
0.619
0.708
0.752
0.615
0.836
0.967
0.996
0.959
0.937
0.799
0.794
0.942
0.978
0.964
0.899
0.860
1.000
0.995
0.823
0.633
0.837
0.993
1.000
1.000
1.000
0.905
0.994
1.000
1.000
1.000
1.000
1.000
1.000
0.924
1.000
1.000
0.897
0.965
1.000
0.905
0.823
0.825
0.801
0.962
0.895
0.819
0.973
0.921
0.864
0.777
0.650
0.659
0.449
0.889
0.849
0.697
0.922
0.849
0.806
0.986
0.972
0.881
0.929
0.850
0.737
0.850
0.964
0.948
0.828
0.762
0.635
0.541
0.791
0.879
0.782
0.856
0.788
0.820
0.859
0.865
0.812
0.734
1.000
0.888
0.790
0.795
1.000
0.893
0.790
0.764
1.000
1.000
0.861
0.842
0.913
0.955
0.898
0.829
0.789
0.710
0.894
0.903
0.895
0.925
0.792
0.720
0.671
0.711
0.714
0.828
0.752
0.905
0.850
1.000
0.803
1.000
1.000
0.853
0.689
0.976
1.000
0.923
0.891
0.835
0.852
0.900
0.871
0.793
0.846
0.838
0.878
0.913
1.000
0.826
0.710
0.846
0.950
0.835
0.755
0.799
0.785
0.782
0.723
0.586
0.751
0.718
0.691
0.721
0.621
0.616
0.728
0.765
0.767
0.715
0.711
0.683
0.679
0.805
0.821
0.805
0.912
0.741
0.870
0.864
0.927
0.880
0.760
0.737
0.730
0.746
0.776
0.705
0.835
0.814
0.802
0.817
0.892
0.791
0.757
0.671
0.810
0.786
0.771
0.844
0.780
0.763
0.708
0.845
0.956
0.835
0.834
0.838
0.674
0.759
0.729
0.827
0.818
0.812
0.857
0.775
0.801
0.844
0.759
0.922
0.780
0.847
0.727
0.684
0.676
0.533
0.605
0.778
0.783
0.760
0.607
0.706
0.714
0.852
0.913
0.838
0.813
0.771
0.713
0.822
0.719
0.856
0.798
0.728
0.727
0.824
0.677
0.734
0.628
0.601
0.772
0.734
0.659
0.632
0.659
0.711
0.677
0.686
0.588
0.600
0.653
0.665
0.732
0.766
0.692
0.684
0.660
0.788
0.764
0.750
0.801
0.796
0.854
0.854
0.567
0.792
0.775
0.698
0.717
0.727
0.708
0.946
0.888
0.918
0.734
0.519
0.696
0.795
0.714
0.741
0.677
0.616
0.689
0.727
0.688
0.694
0.746
0.887
0.845
0.698
0.829
0.841
0.898
0.955
0.908
0.872
0.822
1.000
1.000
0.980
0.975
1.000
0.884
0.971
0.999
0.944
0.928
0.855
0.690
0.816
0.789
1.000
1.000
0.783
0.751
0.878
0.938
0.951
0.938
0.855
0.864
0.993
0.963
0.991
0.825
0.914
0.882
0.885
0.913
0.870
1.000
1.000
0.825
0.891
0.889
0.829
1.000
0.913
1.000
0.936
0.935
0.841
0.789
0.528
0.681
0.663
0.596
0.666
0.634
0.747
0.719
0.770
0.707
0.749
0.784
0.745
0.695
0.809
0.785
0.690
0.689
0.614
0.952
0.830
0.913
0.827
0.848
0.859
0.969
0.855
0.960
1.000
1.000
0.888
0.961
1.000
0.967
0.762
0.994
0.895
0.821
1.000
0.873
1.000
0.982
0.923
0.859
0.826
0.767
0.947
1.000
1.000
0.992
0.939
0.905
1.000
0.867
0.916
0.514
0.707
0.702
0.766
0.645
0.870
0.990
0.935
0.829
1.000
0.996
0.794
0.821
0.992
1.000
0.891
0.802
0.709
0.997
1.000
0.885
0.805
0.866
0.795
0.948
0.853
0.898
0.838
0.862
0.812
0.776
1.000
0.901
0.901
0.783
0.947
0.962
0.902
0.707
0.848
0.987
0.954
0.958
0.938
0.884
0.963
0.823
0.902
0.859
0.757
0.687
0.659
0.938
0.874
0.941
0.916
1.000
0.847
0.786
0.802
0.902
1.000
0.854
0.827
0.985
0.854
0.714
0.807
0.889
1.000
0.911
0.830
0.804
0.879
0.822
0.869
0.740
0.953
0.963
0.876
0.840
0.838
0.873
0.849
0.920
0.894
0.918
0.941
0.961
0.885
0.762
0.863
0.917
0.942
0.851
0.825
0.619
0.651
0.692
0.800
0.977
0.975
0.803
0.775
0.802
0.776
0.721
0.752
0.739
0.685
0.562
0.597
0.659
0.865
0.846
0.708
0.775
0.741
0.795
0.905
0.868
0.879
0.873
0.860
0.967
0.943
0.915
0.873
0.768
0.790
0.763
0.679
0.676
0.757
0.781
0.748
0.827
0.887
0.913
0.882
0.785
0.842
0.820
0.809
0.769
0.799
0.801
0.820
0.828
0.773
0.836
0.844
0.796
0.767
0.724
0.732
0.793
0.749
0.836
0.920
0.853
0.852
0.858
0.773
0.777
0.742
0.877
0.833
0.799
0.747
0.734
0.775
0.713
0.720
0.756
0.901
0.818
0.740
0.623
0.717
0.775
0.773
0.818
0.741
0.847
0.884
0.922
0.914
0.962
0.872
0.997
0.843
0.699
0.760
0.770
0.725
0.773
0.749
0.753
0.689
0.715
0.710
0.644
0.676
0.823
0.927
0.931
0.822
0.768
0.722
0.754
0.740
0.682
0.646
0.715
0.756
0.984
0.992
1.000
0.966
0.837
0.674
0.757
0.750
0.734
0.858
0.837
0.852
0.837
0.775
0.800
0.815
0.848
0.873
0.927
0.897
0.806
0.864
0.761
0.818
0.820
0.865
0.939
0.868
0.847
0.808
0.809
0.890
0.673
0.754
0.816
0.832
1.000
0.914
0.878
0.875
0.831
0.865
0.839
0.845
0.808
0.804
0.694
0.905
0.967
1.000
0.914
0.961
0.981
0.820
0.697
0.786
0.746
0.682
0.782
0.746
0.660
0.752
0.772
0.710
0.670
0.827
0.671
0.726
0.930
0.938
0.861
0.832
0.747
0.866
0.833
0.797
0.823
0.932
0.839
0.851
0.893
0.790
0.888
0.897
0.808
0.829
1.000
1.000
0.900
0.901
0.793
0.819
0.814
0.794
0.783
0.697
0.789
0.750
0.740
0.856
0.855
0.785
0.899
0.978
1.000
0.712
0.793
0.721
0.857
0.892
0.839
0.966
0.978
0.964
1.000
1.000
1.000
0.993
0.865
0.888
0.773
0.939
0.938
0.916
1.000
0.979
1.000
0.986
0.889
0.860
0.914
0.885
1.000
1.000
0.750
0.891
0.995
0.926
0.909
0.970
0.889
1.000
1.000
0.970
0.931
1.000
0.844
0.972
0.989
0.839
0.722
0.684
0.748
0.746
0.819
1.000
1.000
1.000
0.863
0.708
0.872
0.735
0.620
0.667
0.722
0.954
0.890
1.000
0.890
0.883
0.824
0.952
0.844
0.925
0.730
0.750
0.678
0.823
0.890
0.973
1.000
1.000
1.000
1.000
0.922
0.873
0.888
0.806
0.892
1.000
0.905
0.793
0.715
0.702
0.791
0.718
0.652
0.835
0.763
0.740
0.738
0.968
0.768
1.000
1.000
0.825
0.832
0.729
0.965
0.931
0.971
0.819
1.000
0.908
1.000
0.965
0.786
0.724
0.866
0.785
0.770
0.706
0.752
0.742
0.686
0.728
0.658
0.594
0.979
0.963
0.784
0.898
0.949
1.000
0.952
0.976
0.937
1.000
1.000
0.988
0.926
0.837
0.744
0.652
0.742
0.755
0.791
0.820
0.783
0.806
0.659
0.769
0.698
0.772
0.797
0.762
0.742
0.775
0.678
0.976
0.861
0.807
0.745
0.811
0.751
0.787
0.889
0.804
0.840
0.823
0.881
0.838
0.804
0.789
0.852
0.918
0.805
0.818
0.730
0.786
0.742
0.679
0.614
0.881
0.920
0.890
0.819
0.730
0.740
0.903
0.861
0.832
0.874
0.836
0.815
0.775
0.645
0.812
0.873
0.686
0.627
0.887
0.721
0.810
0.809
0.811
0.704
0.767
0.824
0.812
0.799
0.742
0.839
0.787
0.939
0.789
0.917
0.859
0.888
0.866
0.804
0.759
1.000
0.898
0.840
0.811
0.809
0.949
0.871
0.930
1.000
0.848
0.821
1.000
0.870
0.907
0.876
0.862
0.907
0.868
0.757
0.707
0.662
0.804
1.000
0.991
1.000
0.937
0.851
0.796
0.782
0.850
0.844
0.809
0.886
0.873
0.843
0.855
0.810
0.806
0.570
0.701
0.755
0.752
0.791
0.817
0.732
0.771
0.834
0.884
0.837
0.795
0.806
0.834
0.834
0.801
0.847
0.829
0.758
0.791
0.861
0.836
0.842
0.877
0.857
0.846
0.775
0.835
0.881
0.866
0.839
0.896
0.861
0.833
0.906
0.985
0.949
0.906
0.835
0.950
0.897
1.000
0.971
1.000
1.000
0.991
0.919
0.966
1.000
1.000
1.000
0.974
0.930
0.897
0.869
0.961
1.000
0.939
0.967
1.000
0.913
0.975
0.959
0.986
1.000
0.996
1.000
1.000
0.961
0.842
0.969
0.895
0.898
0.879
0.879
0.955
0.858
0.813
0.809
0.792
0.844
0.830
0.774
0.733
0.902
0.700
0.729
0.944
0.933
0.947
0.856
0.891
0.889
0.985
0.909
0.962
0.971
1.000
1.000
0.993
0.914
0.849
0.752
0.740
0.724
0.719
0.818
0.639
0.688
0.671
0.672
1.000
0.983
0.994
0.872
0.858
1.000
0.927
1.000
0.938
0.985
1.000
1.000
1.000
1.000
1.000
1.000
1.000
0.980
0.862
0.867
0.731
0.933
0.964
0.653
0.665
0.663
0.683
0.795
0.987
1.000
0.789
1.000
0.925
1.000
0.926
1.000
0.910
1.000
0.948
0.813
0.853
1.000
0.905
0.915
0.758
0.870
0.779
0.679
0.846
1.000
0.988
1.000
1.000
1.000
0.805
1.000
1.000
1.000
0.839
0.955
0.998
1.000
0.925
0.768
0.736
0.643
0.932
0.815
0.850
0.843
0.797
0.719
0.775
0.604
0.954
0.931
0.992
1.000
0.987
0.838
0.700
0.981
0.846
0.739
1.000
1.000
0.842
0.786
0.775
0.647
0.735
0.742
0.699
0.721
0.701
0.820
0.875
0.965
1.000
0.949
0.744
0.729
0.974
0.899
0.827
0.760
0.881
0.872
0.884
0.856
0.916
0.841
0.762
0.861
0.824
0.880
1.000
0.870
0.917
0.878
1.000
0.827
0.714
0.895
0.849
0.759
0.889
0.986
1.000
1.000
0.856
0.934
0.655
0.737
0.717
0.689
0.659
0.657
0.734
1.000
0.997
0.848
1.000
0.861
0.871
0.943
0.936
0.933
0.970
0.795
0.770
0.846
0.842
0.867
0.818
0.815
0.793
0.812
0.796
0.828
0.822
0.802
0.797
0.787
0.764
0.939
0.795
0.814
0.806
0.824
0.667
0.607
0.629
0.874
0.999
0.844
0.850
0.864
0.946
0.944
0.922
0.856
0.793
0.821
0.780
0.695
0.981
1.000
1.000
0.980
0.946
0.935
0.889
0.809
0.782
0.888
0.880
0.886
0.786
0.875
0.859
0.817
0.777
0.604
0.565
0.745
0.833
0.835
0.810
0.765
0.675
0.772
0.773
0.714
0.860
0.875
0.831
0.840
0.831
0.835
0.831
0.740
0.757
0.816
0.872
0.746
0.788
0.775
0.796
0.972
0.820
0.689
0.666
0.864
0.858
0.737
0.923
0.872
0.737
0.879
1.000
0.910
0.843
0.767
0.853
0.841
0.829
0.891
0.879
0.943
0.818
0.808
0.793
0.861
0.841
0.811
0.878
0.801
0.894
0.953
0.894
0.898
0.886
0.872
0.802
0.736
0.646
0.685
0.738
0.689
0.874
0.990
0.797
0.747
0.786
0.785
0.811
0.850
0.920
0.790
0.856
0.879
0.887
0.867
0.770
0.818
0.801
0.964
0.647
0.663
0.723
0.624
0.682
1.000
0.981
0.916
0.765
0.882
0.909
0.823
0.773
0.673
0.690
0.708
0.720
0.776
0.774
0.805
0.876
0.846
0.736
1.000
1.000
1.000
0.960
0.982
0.917
0.932
0.926
0.813
0.744
0.773
0.818
0.830
0.765
0.743
0.700
0.751
0.673
0.721
0.780
0.796
0.869
0.953
0.811
0.809
0.846
0.900
0.736
0.942
0.961
0.958
0.884
0.763
0.927
0.808
0.941
0.944
0.908
0.924
0.946
0.918
0.952
0.909
0.934
0.946
0.817
0.809
0.727
0.726
0.672
0.854
0.721
0.702
0.852
0.894
0.665
0.715
0.738
0.708
0.780
0.857
0.790
0.532
1.000
0.991
0.961
0.982
0.861
0.969
1.000
0.943
0.958
0.997
0.937
0.892
1.000
0.864
0.806
0.717
0.735
0.731
0.638
0.717
0.813
0.946
0.936
0.922
1.000
0.959
0.854
0.855
0.608
0.814
1.000
1.000
0.983
1.000
0.960
1.000
0.971
0.928
0.976
0.826
0.781
0.947
1.000
1.000
0.930
0.930
0.876
0.836
0.998
1.000
1.000
0.952
1.000
0.893
0.769
0.693
0.970
0.993
1.000
0.854
0.882
0.688
0.953
0.599
0.665
0.652
0.659
0.674
0.813
0.796
0.751
0.644
0.900
0.924
1.000
0.798
0.822
0.973
0.967
1.000
1.000
0.804
0.848
0.931
0.943
0.796
0.852
0.797
0.614
0.717
0.731
0.791
0.840
0.953
0.936
0.618
0.732
0.737
0.903
1.000
0.763
0.684
0.843
1.000
1.000
1.000
0.919
0.781
0.764
0.775
0.739
0.736
0.738
0.784
0.883
0.934
0.968
1.000
0.944
0.948
0.979
0.791
0.801
0.626
0.799
0.971
1.000
0.874
0.778
0.856
0.921
0.782
0.700
0.687
0.645
0.625
0.661
0.682
0.715
0.735
0.794
0.761
0.826
0.870
0.889
0.807
0.958
0.904
0.718
0.724
0.747
0.705
0.721
0.796
0.745
0.703
0.766
0.774
0.768
0.719
0.650
0.894
0.873
0.802
0.745
0.625
0.969
0.854
0.834
0.852
0.770
0.745
0.894
0.943
0.953
0.794
0.816
0.891
0.900
0.832
0.833
0.866
0.821
0.855
0.844
0.794
0.789
0.946
0.898
0.839
0.803
0.857
0.849
0.859
0.852
0.962
0.988
0.947
0.892
0.812
0.819
0.865
0.789
0.705
0.562
0.701
0.747
0.747
0.773
0.801
0.778
0.714
0.885
0.774
0.771
0.715
0.839
0.922
1.000
0.950
0.942
0.948
0.884
0.829
0.691
0.760
0.793
0.835
0.871
0.824
0.808
0.846
0.773
0.798
0.854
0.988
0.946
0.800
0.915
0.863
0.814
0.798
0.815
0.801
0.880
0.784
0.620
0.669
0.743
0.765
0.757
0.728
0.833
0.823
0.853
0.868
0.825
0.820
0.757
0.713
0.787
0.787
0.777
0.774
0.696
0.772
0.780
0.929
0.692
0.735
0.650
0.728
0.756
0.634
0.711
0.758
0.761
0.770
0.684
0.789
0.793
0.864
0.890
0.826
0.846
0.806
0.798
0.583
0.627
0.963
0.943
0.990
0.837
0.729
0.722
0.791
0.709
0.738
0.730
0.744
0.802
0.780
0.814
0.879
0.879
0.807
0.841
0.904
0.820
0.765
0.756
0.749
0.727
0.809
0.816
0.854
0.839
0.835
0.856
0.890
0.781
1.000
0.869
0.851
0.785
0.798
0.724
0.759
0.787
0.602
0.722
0.816
0.812
0.825
0.906
0.879
1.000
1.000
1.000
1.000
0.880
1.000
0.907
0.848
0.917
0.852
0.789
0.688
0.673
0.855
0.792
1.000
1.000
0.955
0.961
1.000
1.000
0.963
0.927
0.813
0.711
0.791
0.986
1.000
0.923
0.859
0.949
0.623
0.756
0.891
0.770
0.719
0.762
0.668
0.795
0.858
0.676
0.683
0.792
1.000
0.826
0.876
0.777
0.923
0.945
0.780
0.797
0.840
0.590
0.769
0.860
0.859
0.775
1.000
0.921
1.000
1.000
0.875
1.000
1.000
0.995
0.751
0.985
1.000
0.963
1.000
0.878
0.930
1.000
1.000
0.922
1.000
0.958
0.805
0.953
0.892
0.989
0.991
1.000
0.800
0.994
1.000
0.960
0.953
0.823
0.895
0.925
1.000
0.932
0.922
0.883
0.813
0.927
0.955
0.687
0.866
0.816
0.963
0.984
0.902
0.905
0.681
0.748
0.876
0.902
0.729
0.953
0.916
0.959
0.756
0.696
0.840
0.896
0.941
1.000
0.853
0.916
0.898
0.754
0.922
0.987
0.835
0.921
0.905
0.747
0.813
0.872
1.000
0.914
0.691
0.886
1.000
0.925
0.946
0.863
0.879
0.831
0.883
0.930
0.827
0.751
0.747
0.932
0.900
0.839
0.719
0.701
0.766
0.822
0.785
0.767
0.976
1.000
0.983
1.000
0.891
0.850
0.798
0.800
0.749
0.781
0.772
0.899
1.000
1.000
0.937
0.834
0.934
0.992
0.869
0.988
0.936
0.757
0.820
0.756
0.804
0.730
0.786
0.925
0.817
0.859
0.899
0.852
0.830
0.876
0.861
0.838
0.922
0.881
0.810
0.982
0.962
0.937
0.949
0.834
0.960
0.915
0.855
0.806
0.960
1.000
1.000
0.995
0.976
0.856
0.904
0.822
0.737
0.678
0.908
0.950
0.818
0.908
0.921
0.789
0.768
0.803
0.833
0.769
0.705
0.974
0.961
0.798
0.903
0.846
0.897
0.929
0.922
0.937
0.981
0.938
0.982
0.890
0.894
0.876
0.840
0.879
0.769
0.911
0.928
0.782
1.000
0.935
0.880
0.933
0.871
0.951
0.869
0.955
0.916
0.813
0.997
0.906
0.835
0.812
1.000
0.922
0.918
0.994
1.000
1.000
0.973
0.913
1.000
0.898
1.000
0.989
0.803
0.911
0.864
0.797
0.866
0.953
0.871
0.905
0.877
0.858
0.920
0.918
0.806
0.876
0.882
0.809
0.784
0.706
0.863
0.810
0.897
0.843
0.870
0.829
0.847
0.898
0.997
0.809
0.781
0.891
0.988
1.000
0.898
0.845
0.863
0.908
0.891
0.754
0.804
0.911
0.861
0.884
1.000
0.973
0.921
0.905
1.000
0.846
0.939
0.984
0.968
0.918
0.725
0.915
0.742
0.863
0.863
0.831
0.965
0.952
0.912
0.896
0.871
0.935
1.000
1.000
1.000
0.923
0.891
0.965
1.000
0.966
1.000
0.928
1.000
0.912
1.000
0.939
0.965
0.908
0.935
0.880
0.969
1.000
0.918
0.811
0.815
0.879
0.790
1.000
0.973
0.839
1.000
0.868
0.888
0.889
1.000
1.000
1.000
0.844
0.777
0.909
0.989
1.000
0.809
0.813
0.904
0.960
1.000
1.000
1.000
1.000
0.914
0.823
0.814
0.788
0.869
0.962
0.902
0.899
0.771
0.923
0.907
1.000
1.000
1.000
1.000
0.964
0.958
0.993
1.000
0.998
0.849
0.766
0.907
0.857
0.799
1.000
1.000
0.952
0.915
1.000
1.000
1.000
1.000
0.829
0.904
0.875
0.861
0.812
0.881
1.000
0.999
0.837
0.723
1.000
1.000
1.000
1.000
0.926
0.793
0.708
0.898
0.940
0.910
0.849
0.653
0.914
0.891
0.881
0.805
0.853
0.751
0.650
0.778
1.000
0.883
0.623
0.904
0.827
0.732
0.841
0.703
0.681
0.657
0.836
0.802
0.838
0.842
0.648
0.941
0.856
1.000
0.917
1.000
0.878
0.802
0.705
1.000
0.955
1.000
0.947
0.891
0.866
0.834
0.777
0.776
0.943
0.875
0.712
1.000
0.857
0.807
0.919
0.857
0.835
0.816
0.754
0.700
0.760
1.000
0.999
0.866
0.795
0.781
0.819
1.000
0.848
0.767
0.933
0.741
0.871
0.895
0.809
0.765
0.958
1.000
0.878
0.959
0.875
0.754
0.818
0.804
0.805
0.877
0.803
1.000
1.000
0.995
1.000
0.997
1.000
0.887
0.834
0.743
0.831
0.772
0.787
0.854
0.799
0.786
0.907
0.841
0.741
0.707
0.788
0.817
0.787
0.750
0.751
0.652
0.758
0.744
0.755
0.760
0.700
0.785
0.688
0.733
0.709
0.641
0.840
0.819
0.842
0.983
0.941
0.891
0.735
0.721
0.714
0.747
0.740
0.693
0.967
1.000
0.860
0.841
0.754
0.685
0.733
0.784
0.785
0.788
0.765
0.717
0.766
0.717
0.742
0.709
0.678
0.747
0.775
0.871
0.863
0.785
0.783
0.951
0.932
0.951
0.955
0.876
0.861
0.856
0.946
1.000
0.999
0.897
0.859
0.840
0.906
0.912
0.861
0.827
0.830
0.815
0.867
0.852
0.805
0.819
0.782
0.793
0.839
0.834
0.789
0.821
0.857
0.820
0.778
0.806
0.760
0.748
0.740
0.683
0.727
0.800
0.796
0.785
0.746
0.869
0.862
0.858
0.767
0.810
0.842
0.634
0.598
0.706
0.741
0.705
0.651
0.755
0.794
0.655
0.599
0.940
0.996
0.985
0.946
0.919
0.960
0.952
1.000
1.000
0.960
0.857
0.890
0.901
0.864
0.815
0.876
0.807
0.798
0.850
0.871
0.872
0.894
0.895
1.000
1.000
0.934
0.877
0.881
0.854
0.838
0.750
0.614
0.764
0.899
0.894
0.948
1.000
1.000
1.000
0.925
1.000
0.936
0.909
0.928
0.901
0.846
0.816
0.854
0.886
0.851
0.784
0.903
0.788
0.755
0.894
0.879
0.871
0.885
1.000
0.937
0.865
0.971
0.948
0.937
0.943
0.947
0.815
0.776
0.869
0.786
0.710
0.823
0.836
0.821
0.848
0.872
0.808
0.807
0.620
0.946
0.876
0.862
0.845
0.740
0.814
1.000
0.973
0.951
0.963
0.948
0.985
0.982
0.833
0.820
0.957
0.851
0.907
0.913
0.820
0.913
0.684
0.572
0.668
0.682
0.669
0.639
0.707
0.765
0.779
0.723
0.615
0.821
0.758
0.813
0.908
0.956
0.953
0.702
0.707
0.769
0.802
0.861
0.743
0.619
0.712
0.805
0.726
0.800
0.763
0.860
0.836
0.728
0.665
0.777
0.782
1.000
1.000
1.000
1.000
1.000
1.000
0.930
0.956
0.933
1.000
1.000
0.974
1.000
1.000
1.000
1.000
1.000
0.885
1.000
1.000
1.000
0.969
0.917
0.853
1.000
1.000
0.987
0.808
0.714
0.681
0.691
0.951
0.906
0.944
0.888
0.712
0.730
0.824
0.806
1.000
0.858
0.786
0.817
1.000
0.831
0.682
0.680
0.978
0.905
0.974
0.961
0.943
0.632
0.852
1.000
1.000
0.941
0.905
0.896
0.738
0.844
0.942
0.856
0.793
0.782
0.757
0.810
1.000
0.914
0.907
0.980
0.838
0.804
0.873
0.818
0.809
1.000
1.000
1.000
0.858
0.744
0.823
1.000
0.985
0.925
0.906
0.866
0.946
0.739
0.730
0.917
0.860
0.876
0.812
0.954
0.986
0.993
0.853
0.785
0.836
0.838
0.968
0.990
0.972
0.821
0.815
0.656
0.668
0.739
0.766
0.790
0.794
0.767
0.709
0.845
0.986
0.963
0.836
0.850
0.833
0.836
0.815
0.791
0.923
0.923
0.927
0.957
0.982
0.998
0.895
0.804
0.992
0.847
0.897
1.000
0.851
0.792
0.722
0.692
0.829
0.974
0.924
0.807
0.973
0.969
0.895
0.896
0.865
0.977
0.885
0.795
0.807
0.875
0.903
0.824
0.940
0.893
0.811
0.773
0.797
0.950
0.867
0.847
0.830
0.756
0.778
0.841
0.825
0.864
0.880
0.799
0.895
0.936
0.882
0.822
0.957
0.996
0.929
0.859
0.909
0.803
0.925
0.841
0.864
0.846
0.845
0.814
0.824
0.742
0.720
0.781
0.848
0.913
0.864
0.913
0.881
0.764
0.826
0.844
0.780
0.800
0.736
0.773
0.800
0.886
0.838
0.804
0.717
0.852
0.793
0.672
0.889
0.862
0.792
0.818
0.869
0.871
0.873
0.790
0.812
0.858
0.845
0.699
0.634
0.723
0.782
0.734
0.885
0.925
0.852
0.806
0.921
0.839
1.000
0.910
0.861
0.858
0.791
0.720
0.689
0.687
0.705
0.795
0.938
0.875
0.880
0.810
1.000
0.910
0.875
0.887
0.646
0.761
0.735
0.795
0.841
0.821
0.879
0.767
0.783
0.850
0.912
0.907
0.824
0.741
0.771
0.659
0.884
0.803
0.589
0.921
0.902
0.731
0.575
0.747
0.743
0.759
0.714
0.833
0.803
0.753
0.806
0.801
0.777
0.706
0.700
0.588
0.500
0.622
0.542
0.630
0.581
0.572
0.637
0.739
0.878
0.618
0.711
0.763
0.792
0.834
0.918
0.971
0.945
0.986
1.000
0.952
0.944
0.827
0.911
0.940
1.000
1.000
0.828
0.898
0.905
0.832
0.776
0.775
0.867
1.000
1.000
0.839
0.835
0.762
0.706
0.688
0.684
0.765
0.811
0.866
0.868
0.946
0.941
0.846
0.787
0.626
0.741
1.000
1.000
1.000
0.868
0.787
0.635
0.989
0.904
0.817
0.976
0.943
1.000
1.000
1.000
1.000
0.900
0.812
1.000
1.000
0.883
1.000
0.977
0.950
0.879
0.942
0.895
1.000
0.963
0.936
0.939
0.972
1.000
0.914
1.000
0.967
0.985
0.945
1.000
0.980
0.929
0.809
0.757
0.890
0.564
0.860
0.642
0.558
0.499
0.647
0.820
1.000
1.000
0.835
1.000
0.922
0.854
0.895
0.960
1.000
0.986
0.703
0.919
0.995
1.000
0.952
0.728
0.744
0.658
0.742
0.839
0.767
0.611
1.000
0.952
0.919
0.842
1.000
0.705
0.975
0.879
0.901
0.958
0.935
0.782
0.754
0.724
0.766
0.780
0.880
0.897
0.596
0.728
0.664
0.615
0.718
0.669
0.680
0.787
1.000
0.946
0.777
0.671
0.674
0.661
0.765
0.692
0.828
0.966
0.879
0.943
0.769
0.797
0.821
0.795
0.756
0.625
0.885
0.907
0.756
0.700
0.920
1.000
1.000
1.000
0.881
0.783
0.737
0.858
0.678
1.000
1.000
0.994
0.837
0.843
0.800
0.813
0.731
0.709
0.676
0.788
0.740
0.724
0.930
0.835
0.784
0.618
0.711
0.694
0.708
0.615
0.602
0.721
0.739
0.700
0.679
0.678
0.688
0.598
0.763
0.737
0.861
0.760
0.698
0.750
0.731
0.671
0.718
0.845
0.779
0.783
0.832
1.000
0.916
0.844
0.800
0.795
0.701
0.777
0.761
0.684
0.868
0.762
0.760
0.907
0.808
0.799
0.889
0.865
0.958
0.928
0.936
0.854
0.904
0.887
0.639
0.951
1.000
0.994
0.829
0.909
0.805
0.763
0.796
0.856
0.724
0.681
0.616
0.718
0.799
0.863
0.876
0.704
0.785
0.810
0.763
0.643
0.592
0.659
0.696
0.759
0.742
0.836
0.711
0.813
0.943
0.878
0.800
0.824
0.786
0.756
0.843
0.887
0.951
0.928
0.816
0.813
0.815
0.923
1.000
1.000
0.802
0.839
0.857
0.794
0.781
0.851
0.923
0.919
0.768
0.745
0.808
0.816
0.815
1.000
1.000
1.000
0.978
0.941
0.740
0.833
0.864
0.869
0.629
0.678
0.792
0.651
0.754
0.915
0.800
0.722
0.782
0.919
1.000
0.959
1.000
1.000
0.910
0.813
0.833
0.817
0.881
0.883
0.913
0.961
0.812
0.786
0.909
0.892
0.929
0.987
0.918
0.824
0.821
0.857
0.853
0.752
0.916
0.951
0.845
0.919
0.903
0.866
0.930
0.989
0.950
0.996
0.960
0.947
0.898
0.905
0.980
0.989
0.850
1.000
0.862
0.698
0.800
0.977
0.942
0.900
0.834
0.862
0.812
0.929
0.818
0.805
0.918
0.929
1.000
1.000
0.936
0.904
0.909
0.864
0.817
0.882
0.953
0.992
0.895
0.759
0.656
0.744
0.800
0.988
1.000
0.970
0.944
1.000
0.999
0.918
0.955
0.929
0.919
0.908
0.807
0.799
0.952
0.975
0.960
1.000
0.907
1.000
0.854
0.731
0.892
1.000
0.905
0.950
0.851
0.813
0.738
0.764
0.674
0.736
0.797
0.816
0.857
0.826
0.843
0.769
0.762
0.863
0.971
1.000
1.000
0.882
0.818
0.850
0.682
0.644
0.735
0.982
0.743
0.794
0.999
0.969
0.773
0.794
0.820
0.987
1.000
0.912
0.736
1.000
1.000
0.800
0.780
0.787
0.701
0.948
0.852
0.947
0.871
0.717
0.624
0.702
0.964
1.000
1.000
1.000
0.958
1.000
0.837
0.964
0.850
0.969
0.930
0.783
0.674
0.696
0.909
1.000
0.845
0.919
1.000
1.000
1.000
1.000
1.000
0.983
1.000
0.922
0.712
0.607
0.781
0.849
0.783
0.701
0.690
0.954
0.925
1.000
0.930
0.795
1.000
0.888
0.782
0.550
0.572
0.663
0.749
0.860
1.000
1.000
0.881
0.772
0.895
0.864
0.835
0.716
0.706
0.746
0.887
0.859
0.827
0.845
0.742
0.839
0.942
0.929
1.000
0.766
0.654
0.976
0.993
0.940
0.878
0.980
0.987
1.000
0.837
0.881
0.762
0.855
0.773
0.897
0.828
0.852
0.830
0.824
0.771
0.848
0.823
0.769
0.681
0.657
0.610
0.567
0.641
0.694
0.522
0.642
0.693
0.717
0.757
0.794
0.675
0.623
0.768
0.708
0.763
0.890
0.903
0.880
0.822
0.833
0.750
0.682
0.741
0.683
0.730
0.782
0.755
0.825
0.820
0.751
0.771
0.929
1.000
0.943
0.830
0.726
0.838
0.987
0.864
0.870
0.847
0.604
0.866
0.783
0.844
0.825
0.905
0.738
0.768
0.743
0.777
0.743
0.795
0.716
0.805
0.821
1.000
0.838
0.785
0.729
0.778
0.784
0.967
0.960
0.840
0.722
0.823
0.953
0.798
0.795
0.790
0.804
0.828
0.841
0.814
0.818
0.824
0.794
0.763
0.738
0.689
0.733
0.699
0.695
0.614
0.605
0.672
0.699
0.551
0.684
0.768
0.776
0.720
0.747
0.809
0.732
1.000
0.778
0.785
0.793
0.915
0.782
0.858
0.809
0.811
0.755
0.730
0.734
0.791
0.825
0.718
0.777
0.733
0.778
0.785
0.793
0.816
0.858
0.792
0.811
0.719
0.875
0.808
0.879
1.000
0.942
0.878
1.000
0.930
0.862
0.763
0.845
0.800
0.740
0.820
0.756
0.604
0.523
0.666
0.685
0.657
0.707
0.714
0.710
0.762
0.756
0.784
0.810
0.801
0.843
0.912
0.866
0.933
0.987
0.916
0.922
0.887
0.833
0.880
0.909
0.927
0.928
0.902
0.977
1.000
0.945
0.940
0.708
0.721
0.849
1.000
1.000
0.972
0.748
0.800
0.700
0.632
0.654
0.794
0.792
0.771
0.809
0.677
0.735
0.817
0.763
0.671
0.617
0.605
0.647
0.758
0.730
0.719
0.824
0.746
0.832
0.757
0.907
0.927
1.000
1.000
0.791
0.914
0.993
0.791
0.789
0.773
0.579
1.000
0.907
0.717
0.829
0.786
0.723
0.642
0.910
0.978
0.848
0.954
1.000
0.898
0.750
0.951
1.000
1.000
0.889
0.826
0.698
0.934
0.772
0.918
0.875
0.851
0.853
0.787
0.695
0.779
0.662
0.953
0.846
0.787
0.754
0.707
0.748
0.805
0.846
0.657
0.692
0.815
0.745
0.734
0.626
0.808
0.886
0.867
0.736
0.950
0.985
0.960
0.939
0.998
0.833
0.844
0.737
0.652
0.982
0.888
1.000
0.841
0.926
0.842
0.881
0.856
0.753
0.834
0.767
0.817
0.587
0.623
0.648
0.758
0.659
0.898
1.000
1.000
0.908
0.803
0.683
0.597
0.666
0.700
0.762
1.000
0.940
0.892
0.888
0.781
0.685
1.000
1.000
0.978
0.920
0.774
0.773
0.746
0.752
0.659
0.737
0.768
0.751
0.615
0.684
0.936
0.875
1.000
0.982
0.826
0.753
0.815
0.727
0.795
0.895
0.788
0.910
0.912
0.970
0.943
0.836
0.805
0.871
0.768
0.785
0.685
0.629
0.915
0.852
0.728
0.712
0.691
0.661
0.645
0.747
0.748
0.677
0.824
0.796
1.000
0.787
0.873
1.000
1.000
1.000
1.000
1.000
0.794
0.745
0.801
0.672
0.678
0.705
0.760
0.942
0.748
0.733
0.905
1.000
1.000
0.845
0.852
0.889
0.772
0.802
0.895
0.919
0.995
0.884
0.724
0.708
0.803
0.741
0.717
0.621
0.712
0.799
0.809
0.966
0.899
0.786
0.723
0.750
0.774
0.677
0.811
0.774
0.769
0.736
0.740
0.753
0.797
0.787
0.805
0.848
0.913
0.924
0.961
0.827
0.941
0.763
0.819
0.813
0.795
0.883
0.795
0.822
0.794
0.805
0.749
0.770
0.783
0.675
0.736
0.712
0.732
0.812
0.783
0.768
0.791
0.796
0.801
0.768
0.727
0.695
0.775
0.691
0.699
0.940
0.759
0.635
0.736
0.798
0.801
0.884
1.000
0.849
0.902
0.799
0.778
0.774
0.683
0.700
0.722
0.915
0.899
0.879
1.000
0.947
0.751
0.880
0.812
0.780
0.769
0.798
0.946
0.927
0.847
0.737
0.718
0.767
0.803
0.825
0.823
0.816
0.807
0.896
0.986
1.000
0.834
1.000
0.919
1.000
0.977
0.941
0.854
0.944
0.843
1.000
1.000
1.000
0.968
0.892
0.847
0.688
0.660
0.762
0.883
0.867
0.807
0.869
0.953
0.910
0.893
0.952
0.874
0.961
0.821
0.640
0.716
0.844
1.000
0.878
0.945
0.930
0.798
0.724
0.712
0.833
1.000
0.960
1.000
1.000
1.000
1.000
0.997
0.909
0.908
0.943
0.724
0.769
0.825
0.986
0.767
0.939
0.912
0.899
0.901
0.902
0.913
0.989
0.948
0.896
0.888
0.900
0.832
0.811
0.984
0.956
0.850
0.974
0.954
0.912
0.947
0.941
0.865
0.879
0.736
0.942
0.971
0.891
0.611
0.769
0.822
0.776
0.723
0.673
0.765
0.778
0.823
0.829
0.732
0.698
0.738
0.877
0.742
0.915
0.922
0.955
0.875
0.758
0.722
0.759
0.727
0.854
0.873
0.936
0.777
0.745
0.757
0.770
0.943
0.814
0.789
0.846
0.945
0.947
1.000
1.000
0.894
0.844
0.918
0.947
0.760
0.654
0.749
0.842
0.880
0.781
0.727
0.703
0.658
0.817
0.736
0.907
0.996
0.973
0.899
0.847
0.751
0.734
0.719
0.695
1.000
0.910
0.719
0.795
0.704
0.747
0.917
0.962
0.928
0.807
0.780
0.954
0.929
0.818
0.686
0.961
0.999
0.870
0.821
0.833
0.576
0.789
0.899
0.837
0.873
0.902
1.000
0.757
0.905
0.928
0.875
0.859
0.973
0.916
0.909
0.759
0.822
0.726
0.776
0.806
0.750
0.751
0.690
0.709
0.793
0.797
0.705
0.670
0.648
0.775
0.710
0.788
0.857
0.765
0.733
0.613
0.807
0.886
0.820
0.759
0.911
0.750
0.899
0.904
0.820
1.000
0.997
0.838
0.818
0.736
0.801
1.000
0.978
0.919
0.833
0.747
0.769
0.780
0.791
0.739
0.725
0.708
0.699
0.814
0.806
0.942
1.000
0.891
0.993
0.853
0.900
0.935
0.744
0.941
0.880
0.785
0.823
0.756
0.766
0.804
0.807
0.836
0.788
0.702
0.656
0.720
0.783
0.760
0.755
0.662
0.688
0.710
0.691
0.700
0.699
0.661
0.672
0.651
0.747
0.611
0.524
0.647
0.623
0.645
0.627
0.626
0.598
0.616
0.615
0.546
0.532
0.589
0.599
0.617
0.623
0.689
0.645
0.771
0.656
0.644
0.602
0.635
0.635
0.730
0.570
0.707
0.765
0.727
0.653
0.632
0.612
0.557
0.776
0.697
0.752
0.877
0.881
0.896
0.746
0.702
0.590
0.788
0.797
0.720
0.655
0.619
0.644
0.684
0.696
0.652
0.667
0.688
0.635
0.625
0.603
0.755
0.667
0.634
0.590
0.618
0.711
0.677
0.743
0.696
0.663
0.693
0.837
0.889
0.770
0.704
0.678
0.673
0.894
0.949
0.925
0.930
0.843
0.703
0.723
0.671
0.704
0.660
0.713
0.714
0.658
0.804
0.879
0.701
0.819
0.760
0.735
0.764
0.687
0.713
0.683
0.785
0.868
0.652
0.575
0.563
0.605
0.606
0.619
0.651
0.652
0.547
0.556
0.569
0.598
0.674
0.616
0.607
0.623
0.626
0.661
0.630
0.585
0.682
0.711
0.670
0.720
0.889
0.940
0.858
0.887
0.831
0.853
0.831
0.838
0.786
0.708
0.841
0.768
0.973
0.895
0.839
0.764
0.861
0.862
0.687
0.688
0.845
0.692
0.843
0.751
0.715
0.693
0.735
0.824
0.861
0.844
0.788
0.903
0.865
0.821
0.791
0.801
0.783
0.727
0.689
0.690
0.587
0.540
0.560
0.578
0.626
0.604
0.661
0.683
0.534
0.586
0.644
0.708
0.700
0.668
0.648
0.600
0.694
0.757
0.771
0.825
0.825
0.841
0.846
0.776
0.718
0.742
0.776
0.719
0.950
0.852
0.866
0.870
0.828
0.950
0.751
0.670
0.800
0.487
0.377
0.544
0.613
0.757
0.978
0.911
0.912
0.989
0.980
0.960
0.900
0.745
0.629
0.816
0.954
0.886
0.805
0.749
0.706
0.647
0.555
0.563
0.656
0.664
0.805
0.810
0.699
0.706
0.706
0.638
0.938
0.858
0.751
0.749
0.548
0.553
0.913
0.909
0.736
0.632
0.586
0.376
0.465
0.550
0.551
0.559
0.658
0.656
0.600
0.705
0.722
0.854
0.674
0.835
0.816
0.834
0.766
0.808
0.939
0.954
0.973
0.843
0.862
0.723
0.885
0.728
0.971
0.984
0.712
0.654
0.558
0.583
0.855
0.958
0.833
0.751
0.711
0.723
0.807
0.788
0.843
0.850
0.747
0.864
0.750
0.534
0.547
0.506
0.686
0.674
0.801
0.804
0.870
0.669
0.627
0.587
0.697
0.859
0.638
0.537
0.704
0.586
0.701
0.894
0.869
0.744
0.609
0.518
0.610
0.848
0.764
0.672
0.929
0.775
0.640
0.802
0.790
0.806
0.684
0.644
0.595
0.610
0.635
0.600
0.671
0.747
0.798
0.899
0.811
0.771
0.629
0.630
0.843
0.854
0.742
0.666
0.681
0.668
0.722
0.722
0.587
0.619
0.537
0.765
0.709
0.664
0.747
0.768
0.721
0.921
0.903
0.717
0.657
0.694
0.635
0.711
0.742
0.609
0.538
0.636
0.645
0.649
0.856
0.726
0.966
0.609
0.793
0.662
0.676
0.717
0.783
0.770
0.708
0.669
0.558
0.584
0.647
0.685
0.702
0.628
0.607
0.615
0.709
0.663
0.623
0.679
0.707
0.739
0.694
0.780
0.823
0.771
0.705
0.659
0.698
0.602
0.632
0.636
0.729
0.674
0.697
0.780
0.874
0.689
0.702
0.731
0.699
0.772
0.864
0.763
0.761
0.798
0.807
0.766
0.684
0.765
0.707
0.756
0.796
0.724
0.869
0.794
0.867
0.896
0.790
0.829
0.863
0.896
0.905
0.962
0.815
0.744
0.744
0.718
0.724
0.717
0.755
0.858
0.872
0.854
0.927
0.874
0.789
0.746
0.642
0.726
0.773
0.784
0.740
0.754
0.723
0.571
0.607
0.630
0.631
0.651
0.730
0.674
0.624
0.645
0.649
0.695
0.678
0.687
0.617
0.559
0.594
0.675
0.718
0.716
0.701
0.630
0.597
0.592
0.779
0.615
0.673
0.719
0.714
0.721
0.709
0.700
0.638
0.658
0.578
0.793
0.694
0.705
0.696
0.764
0.856
0.961
0.736
0.710
0.842
0.843
0.659
0.747
0.712
0.704
0.725
0.665
0.705
0.682
0.711
0.702
0.627
0.761
0.758
0.701
0.634
0.561
0.699
0.724
0.702
0.709
0.698
0.727
0.686
0.700
0.730
0.703
0.696
0.694
0.691
0.745
0.733
0.780
0.796
0.805
0.897
0.842
0.751
0.866
0.982
0.963
0.932
0.934
0.942
0.897
0.904
0.710
0.700
0.729
0.873
0.819
0.875
0.898
0.875
0.863
0.896
0.824
0.894
1.000
0.943
0.896
0.863
0.770
0.732
0.855
1.000
1.000
0.984
1.000
0.866
0.797
0.903
1.000
1.000
1.000
1.000
1.000
0.974
0.754
0.940
1.000
1.000
0.930
0.942
0.960
0.817
0.920
1.000
1.000
0.940
1.000
1.000
1.000
1.000
1.000
1.000
0.855
0.868
0.876
0.846
0.961
0.792
0.829
1.000
1.000
0.967
0.983
1.000
0.953
0.552
0.483
0.528
0.669
0.742
0.770
0.912
0.785
1.000
0.807
0.668
0.815
0.887
0.808
0.634
0.732
0.728
0.554
0.710
0.708
0.712
0.789
1.000
1.000
0.855
1.000
1.000
0.900
0.989
0.847
0.707
0.588
0.647
0.921
0.778
0.555
0.626
0.654
1.000
0.972
0.768
0.574
0.572
0.966
0.958
0.869
0.929
0.715
0.656
0.617
1.000
0.914
0.642
0.606
0.631
0.638
0.553
0.484
0.827
0.884
1.000
0.652
0.933
0.752
0.694
1.000
1.000
0.871
0.912
0.987
0.967
0.949
0.991
0.651
0.798
0.837
0.838
0.925
0.834
0.999
0.950
0.985
0.767
1.000
1.000
0.865
0.682
0.694
0.887
0.870
0.887
0.802
0.792
0.634
0.619
0.601
0.763
0.708
0.667
0.721
0.757
0.824
0.863
0.769
0.734
0.881
0.821
1.000
1.000
1.000
1.000
0.928
0.949
0.857
0.670
0.653
0.651
0.661
0.647
0.635
0.703
0.691
0.633
0.644
0.655
0.520
0.546
0.583
0.553
0.600
0.638
0.640
0.604
0.608
0.641
0.508
0.543
0.767
0.899
0.861
0.806
0.746
0.720
0.764
0.778
0.724
0.664
0.643
0.735
0.632
0.689
0.702
0.668
0.715
0.677
0.756
0.721
0.815
0.707
0.653
0.665
0.514
0.773
0.853
0.743
0.726
0.657
0.558
0.709
0.772
0.787
0.752
0.877
0.699
0.680
0.833
0.862
0.714
0.727
0.685
0.740
0.833
0.865
0.822
0.722
0.759
0.746
0.753
0.706
0.870
0.804
0.753
0.732
0.687
0.732
0.646
0.650
0.671
0.652
0.685
0.732
0.672
0.721
0.653
0.753
0.601
0.682
0.705
0.575
0.661
0.664
0.621
0.642
0.952
0.873
0.743
0.731
0.756
0.664
0.622
0.690
0.668
0.710
0.725
0.684
0.848
0.723
0.752
0.651
0.612
0.584
0.593
0.761
0.751
0.651
0.857
0.810
0.696
0.708
0.873
0.750
0.667
0.676
0.678
0.689
0.771
0.724
0.729
0.860
0.889
0.741
0.771
0.939
0.910
0.945
0.773
0.840
0.865
0.919
0.876
0.958
0.770
0.740
0.748
0.762
0.793
0.786
0.805
0.862
0.778
0.753
0.819
0.899
0.842
0.880
0.566
0.527
0.639
0.670
0.646
0.827
0.994
0.874
0.886
0.818
0.729
0.669
0.697
0.558
0.616
0.635
0.724
0.454
0.536
0.549
0.634
0.681
0.748
0.784
0.918
0.848
0.794
0.850
0.859
0.833
0.964
0.811
0.927
0.779
0.735
0.591
0.689
0.682
0.714
0.829
0.790
0.736
0.827
0.869
0.772
0.676
0.905
0.865
0.844
0.923
0.916
0.790
0.727
0.834
0.846
0.819
0.872
0.823
0.780
0.851
0.803
0.952
0.894
0.840
0.859
0.772
0.630
0.732
0.757
0.848
0.852
0.701
0.689
0.671
0.858
0.875
0.959
0.953
0.831
0.749
0.909
0.969
0.973
1.000
0.873
0.818
0.933
0.823
0.745
0.631
0.753
0.979
0.992
1.000
1.000
0.838
0.764
0.672
0.920
0.968
0.846
1.000
0.879
0.792
0.847
0.785
1.000
1.000
0.924
1.000
0.930
0.972
0.979
1.000
0.807
0.679
0.630
1.000
1.000
0.926
0.767
0.610
0.728
0.904
0.872
0.957
0.793
0.885
0.713
0.847
0.906
0.940
0.839
0.766
0.567
0.745
0.731
0.853
0.815
0.900
0.786
0.819
0.917
0.920
0.953
0.904
0.764
0.797
0.951
0.865
0.789
0.782
0.762
0.863
0.905
0.658
0.637
0.955
0.920
0.814
0.905
0.637
0.649
0.972
1.000
0.890
0.734
0.808
0.954
0.971
0.817
0.917
0.834
0.991
0.763
0.832
0.742
0.884
1.000
0.897
0.792
0.949
0.992
1.000
1.000
1.000
0.977
0.988
0.791
0.763
0.674
0.933
0.930
0.952
0.861
0.964
0.891
0.722
0.859
0.743
0.739
0.713
0.721
0.886
0.804
0.770
0.738
0.756
0.627
0.712
0.655
0.688
0.685
0.663
0.673
0.766
0.890
0.897
0.669
0.670
0.679
0.631
0.915
0.845
0.916
0.758
0.777
0.762
0.686
0.686
0.733
0.720
0.691
0.768
0.775
0.649
0.724
0.691
0.647
0.632
0.671
0.764
0.787
0.773
0.770
0.663
0.734
0.674
0.655
0.616
0.754
0.661
0.706
0.807
0.843
0.841
0.744
0.743
0.717
0.642
0.852
0.772
0.860
0.917
0.901
0.738
0.761
0.778
0.763
0.747
0.693
0.717
0.754
0.870
0.825
0.867
0.823
0.825
0.848
0.991
0.837
0.998
1.000
0.931
0.850
0.749
0.781
0.748
0.766
0.767
0.852
0.741
0.716
0.690
0.712
0.741
0.750
0.756
0.709
0.679
0.680
0.748
0.728
0.802
0.726
0.610
0.587
0.684
0.880
0.948
0.770
0.877
0.803
0.818
0.788
0.747
0.779
0.821
0.964
0.889
0.885
0.830
0.755
0.828
0.758
0.744
0.802
0.768
0.833
0.765
0.763
0.752
0.732
0.637
0.666
0.667
0.639
0.643
0.643
0.688
0.725
0.771
0.602
0.678
0.759
0.797
0.854
0.914
1.000
1.000
0.850
1.000
1.000
0.959
0.857
0.961
1.000
1.000
0.973
0.918
1.000
0.992
0.945
0.752
0.728
0.774
0.918
0.955
0.979
0.913
0.884
0.985
0.973
1.000
1.000
1.000
0.909
0.796
0.723
0.715
0.769
0.838
0.716
0.754
0.721
0.803
0.831
0.835
0.808
0.907
0.819
0.724
0.763
0.916
1.000
1.000
1.000
0.951
0.759
0.630
0.669
0.727
0.686
0.977
0.930
0.958
0.990
0.849
0.900
0.859
0.946
1.000
1.000
1.000
1.000
0.855
0.927
0.924
0.954
0.761
0.589
0.540
0.642
0.626
0.611
0.561
0.534
0.586
0.618
0.682
0.758
0.736
0.818
0.928
0.832
0.895
0.710
0.963
0.990
1.000
1.000
0.918
0.909
0.980
1.000
1.000
0.884
1.000
0.742
0.790
0.800
0.867
1.000
0.985
0.834
0.896
0.753
1.000
1.000
1.000
0.993
1.000
1.000
1.000
0.873
0.772
0.794
0.873
0.998
1.000
0.806
0.781
0.787
0.745
0.844
1.000
0.757
1.000
0.799
0.961
0.871
0.730
0.731
0.915
0.931
0.732
0.745
0.962
0.830
0.834
0.858
0.801
0.885
0.782
0.723
0.720
0.871
0.816
0.781
0.868
0.676
0.637
0.700
0.755
0.836
1.000
0.901
0.743
0.867
0.824
1.000
1.000
0.805
0.682
0.594
0.634
0.762
0.978
0.734
0.606
0.618
0.594
0.613
0.658
0.715
0.930
0.725
0.629
0.927
0.854
1.000
0.839
0.780
0.717
0.857
0.730
0.723
0.845
0.927
0.983
0.895
0.923
0.858
0.694
0.761
0.919
0.910
0.893
0.906
0.952
0.973
0.902
0.921
1.000
0.847
0.751
0.923
0.976
0.797
0.765
0.759
0.810
0.914
0.900
0.744
0.756
0.736
0.765
0.833
0.830
0.555
0.766
0.763
0.673
0.700
0.742
0.629
0.647
0.658
0.674
0.677
0.677
0.680
0.713
0.667
0.719
0.808
0.868
0.822
0.671
0.731
0.684
0.678
0.699
0.682
0.673
0.623
0.651
0.674
0.658
0.607
0.643
0.645
0.661
0.623
0.689
0.695
0.777
0.848
0.825
0.762
0.706
0.544
0.582
0.693
0.742
0.827
0.789
0.906
0.977
0.846
0.778
0.695
0.957
0.945
0.828
0.872
0.890
0.814
0.692
0.778
0.816
0.793
0.911
0.905
0.810
0.893
0.956
0.917
0.847
0.872
0.783
0.797
0.873
0.965
0.975
0.993
0.796
0.703
0.742
0.801
0.826
0.865
0.779
0.768
0.727
0.757
0.686
0.745
0.652
0.645
0.750
0.730
0.645
0.653
0.588
0.639
0.669
0.654
0.653
0.686
0.540
0.656
0.672
0.707
0.700
0.734
0.710
0.705
0.736
0.702
0.798
0.699
0.669
0.665
0.624
0.706
0.705
0.712
0.672
0.741
0.779
0.786
0.742
0.715
0.662
0.921
0.858
0.615
0.688
0.549
0.624
0.611
0.620
0.649
0.609
0.596
0.719
0.771
0.774
0.768
0.759
0.775
0.841
0.934
0.919
0.731
0.670
0.656
0.675
0.626
0.630
0.719
0.599
0.657
0.682
0.668
0.729
0.774
0.713
0.742
0.822
0.875
0.765
0.880
0.897
0.840
0.766
0.753
0.771
0.732
0.754
0.826
0.764
0.950
0.924
0.926
1.000
1.000
1.000
1.000
0.917
0.855
0.871
0.962
0.901
0.590
0.563
0.434
0.536
0.583
0.663
0.636
0.690
0.701
0.768
0.769
0.691
0.658
0.763
0.834
0.825
0.821
0.798
0.847
0.806
0.748
0.768
0.814
0.831
0.753
0.727
0.934
0.928
0.920
0.909
0.887
0.926
0.925
0.939
0.884
0.814
0.857
0.918
0.863
0.898
0.827
0.652
0.697
0.742
0.587
0.467
0.424
0.517
0.548
0.702
0.922
0.828
0.790
0.704
0.654
0.796
0.659
0.906
0.818
0.593
0.467
0.463
0.467
0.438
0.406
0.431
0.496
0.574
0.597
0.855
0.730
0.812
0.722
0.662
0.956
0.751
0.724
0.794
0.916
0.947
0.731
0.729
0.932
0.950
0.561
0.507
0.532
0.473
0.436
0.902
0.945
0.802
0.948
0.943
0.930
0.934
0.939
0.753
0.723
0.671
0.640
0.806
0.697
0.925
0.952
0.940
0.900
0.762
0.790
0.747
0.828
0.789
0.961
0.854
0.773
0.697
0.548
0.493
0.456
0.648
0.772
0.783
0.857
0.702
0.767
0.857
0.867
0.915
0.938
0.947
0.844
0.820
0.781
0.634
0.548
0.489
0.562
0.626
0.600
0.681
0.814
0.862
0.622
0.957
0.842
0.823
0.873
0.893
0.755
0.780
0.822
0.860
0.888
0.715
0.962
0.836
0.735
0.684
0.671
0.881
0.939
0.896
0.801
0.817
0.881
0.937
0.947
0.951
0.709
0.846
0.882
0.940
0.842
0.705
0.689
0.747
0.697
0.661
0.735
0.793
0.957
0.930
0.874
0.846
0.792
0.731
0.681
0.670
0.652
0.712
0.811
0.901
0.810
0.825
0.875
0.757
0.757
0.756
0.723
0.765
0.761
0.824
0.839
0.738
0.778
0.684
0.683
0.676
0.652
0.660
0.587
0.670
0.946
0.941
0.846
0.765
0.748
0.668
0.638
0.746
0.820
0.781
0.688
0.750
0.776
0.856
0.744
0.703
0.688
0.764
0.715
0.694
0.696
0.685
0.696
0.646
0.735
0.782
0.716
0.854
0.874
0.896
0.853
0.741
0.745
0.731
0.674
0.693
0.761
0.883
0.880
0.855
0.789
0.729
0.733
0.742
0.762
0.753
0.718
0.663
0.753
0.777
0.720
0.738
0.796
0.743
0.728
0.642
0.673
0.774
0.735
0.769
0.735
0.602
0.659
0.709
0.711
0.769
0.726
0.898
0.913
0.948
0.862
0.755
0.734
0.737
0.748
0.878
0.795
0.780
0.791
0.740
0.914
0.852
0.785
0.732
0.744
0.746
0.801
0.803
0.791
0.770
0.803
0.789
0.768
0.759
0.827
0.844
0.848
0.939
0.872
0.864
0.842
0.785
0.845
0.727
0.687
0.653
0.720
0.744
0.755
0.724
0.713
0.723
0.865
0.625
0.626
0.663
0.702
0.674
0.686
0.738
0.595
0.450
0.541
0.553
0.615
0.635
0.595
0.649
0.611
0.445
0.502
0.609
0.622
0.599
0.563
0.598
0.642
0.550
0.769
0.728
0.658
0.628
0.632
0.694
0.679
0.671
0.722
0.727
0.695
0.696
0.665
0.880
0.914
0.784
0.829
0.754
0.533
0.585
0.588
0.673
0.696
0.751
0.765
0.705
0.543
0.516
0.514
0.483
0.419
0.425
0.465
0.492
0.535
0.577
0.589
0.644
0.753
0.880
0.686
0.371
0.527
0.944
0.948
0.922
0.937
0.848
0.803
0.695
0.676
0.881
0.813
0.813
0.761
0.684
0.677
0.649
0.666
0.647
0.466
0.703
0.674
0.702
0.921
0.874
0.745
0.669
0.620
0.695
0.778
0.747
0.609
0.659
0.734
0.803
0.884
0.921
0.934
0.933
0.964
0.936
0.932
0.941
0.938
0.836
0.778
0.912
0.744
0.904
0.632
0.611
0.583
0.638
0.690
0.775
0.874
0.900
0.904
0.925
0.780
0.629
0.703
0.958
0.953
0.821
0.925
0.818
0.721
0.832
0.908
0.823
0.889
0.730
0.697
0.606
0.586
0.671
0.746
0.858
0.827
0.718
0.670
0.842
0.791
0.712
0.854
0.795
0.646
0.698
0.779
0.862
0.950
0.721
0.639
0.474
0.607
0.706
0.600
0.657
0.934
0.704
0.603
0.556
0.431
0.401
0.485
0.601
0.648
0.639
0.806
0.772
0.581
0.499
0.887
0.910
0.945
0.864
0.741
0.855
0.888
0.879
0.873
0.945
0.946
0.895
0.760
0.719
0.655
0.823
0.712
0.955
0.899
0.719
0.604
0.672
0.640
0.715
0.830
0.918
0.942
0.792
0.938
0.854
0.880
0.768
0.797
0.744
0.717
0.632
0.800
0.937
0.876
0.897
0.779
0.786
0.785
0.697
0.741
0.852
0.958
0.944
0.833
0.778
0.697
0.709
0.680
0.639
0.640
0.717
0.726
0.724
0.872
0.755
0.705
0.652
0.736
0.756
0.735
0.737
0.721
0.729
0.768
0.888
0.895
0.791
0.762
0.761
0.710
0.720
0.747
0.706
0.706
0.803
0.828
0.804
0.735
0.705
0.896
0.926
0.866
0.863
0.864
0.795
0.776
0.882
0.834
0.776
0.746
0.764
0.774
0.751
0.770
0.743
0.729
0.706
0.718
0.723
0.714
0.783
0.811
0.814
0.785
0.762
0.712
0.710
0.712
0.729
0.747
0.776
0.744
0.735
0.731
0.722
0.790
0.753
0.741
0.735
0.726
0.875
0.844
0.835
0.830
0.810
0.771
0.745
0.738
0.739
0.837
0.877
0.840
0.839
0.724
0.658
0.623
0.665
0.582
0.576
0.593
0.688
0.693
0.716
0.794
0.822
0.878
0.781
0.762
0.599
0.646
0.635
0.827
0.745
0.621
0.630
0.637
0.653
0.599
0.616
0.677
0.728
0.679
0.682
0.734
0.515
0.576
0.690
0.698
0.687
0.772
0.809
0.925
0.836
0.958
0.952
0.856
0.840
0.912
0.944
0.903
0.902
0.903
0.850
0.866
0.816
0.840
0.897
0.884
0.842
0.739
0.748
0.817
0.826
0.800
0.767
0.696
0.745
0.636
0.723
0.806
0.950
0.953
0.893
0.842
0.855
0.808
0.795
0.881
0.883
0.910
0.717
0.589
0.584
0.658
0.705
0.796
0.767
0.841
0.934
0.909
0.802
0.954
0.884
0.829
0.956
0.953
0.864
0.822
0.896
0.915
0.916
0.913
0.835
0.948
0.926
0.808
0.674
0.656
0.619
0.732
0.778
0.781
0.738
0.958
0.985
0.945
0.951
0.952
0.870
0.852
0.909
0.882
0.888
0.871
0.792
0.758
0.939
0.952
0.958
0.959
0.961
0.957
0.873
0.824
0.683
0.929
0.897
0.920
0.951
0.917
0.900
0.828
0.761
0.796
0.710
0.731
0.886
0.782
0.788
0.775
0.893
0.865
0.739
0.783
0.843
0.760
0.897
0.821
0.903
0.951
0.951
0.718
0.589
0.547
0.762
0.958
0.834
0.949
0.864
0.863
0.723
0.612
0.821
0.718
0.666
0.712
0.918
0.648
0.590
0.784
0.554
0.473
0.744
0.691
0.815
0.958
0.962
0.976
0.954
0.967
0.956
0.950
0.798
0.913
0.932
0.965
0.952
0.960
0.915
0.857
0.727
0.945
0.864
0.897
0.758
0.931
0.838
0.640
0.686
0.847
0.614
0.618
0.577
0.572
0.586
0.611
0.613
0.619
0.897
0.958
0.934
0.862
0.968
0.848
0.971
0.950
0.903
0.966
0.951
0.899
0.820
0.760
0.947
0.855
0.871
0.890
0.808
0.686
0.593
0.610
0.830
0.853
0.947
0.920
0.706
0.873
0.853
0.731
0.757
0.715
0.701
0.781
0.597
0.938
0.799
0.804
0.767
0.933
0.972
0.964
0.945
0.938
0.948
0.854
0.885
0.958
0.939
0.938
0.944
0.931
0.924
0.920
0.827
0.840
0.781
0.737
0.713
0.723
0.702
0.737
0.842
0.951
0.776
0.797
0.684
0.733
0.719
0.736
0.836
0.763
0.728
0.740
0.804
0.798
0.834
0.744
0.750
0.773
0.782
0.762
0.879
0.808
0.761
0.771
0.803
0.781
0.712
0.735
0.715
0.706
0.945
0.793
0.779
0.701
0.712
0.827
0.741
0.712
0.723
0.709
0.715
0.695
0.704
0.768
0.908
0.793
0.724
0.703
0.736
0.818
0.788
0.780
0.852
0.784
0.795
0.821
0.790
0.811
0.906
0.814
0.793
0.763
0.769
0.768
0.689
0.766
0.862
0.886
0.840
0.765
0.731
0.848
0.819
0.748
0.795
0.615
0.650
0.758
0.809
0.870
0.840
0.877
0.913
0.848
0.789
0.828
0.862
0.807
0.736
0.703
0.619
0.721
0.726
0.808
0.909
0.848
0.926
0.881
0.880
0.870
0.797
0.870
0.792
0.785
0.644
0.605
0.710
0.678
0.849
0.914
0.923
0.906
0.802
0.709
0.665
0.619
0.664
0.640
0.657
0.667
0.713
0.728
0.773
0.747
0.672
0.609
0.552
0.592
0.538
0.589
0.712
0.797
0.792
0.852
0.846
0.920
0.883
0.852
0.850
0.893
0.917
0.776
0.726
0.639
0.648
0.941
0.939
0.903
0.894
0.771
0.701
0.737
0.734
0.698
0.491
0.512
0.559
0.879
0.941
0.932
0.917
0.924
0.976
0.773
0.787
0.788
0.695
0.680
0.686
0.643
0.570
0.916
0.908
0.679
0.675
0.623
0.512
0.444
0.362
0.429
0.581
0.832
0.863
0.896
0.900
0.799
0.705
0.677
0.705
0.796
0.659
0.678
0.739
0.790
0.585
0.599
0.735
0.870
0.908
0.797
0.807
0.810
0.857
0.925
0.948
0.911
0.828
0.831
0.692
0.675
0.873
0.838
0.814
0.724
0.687
0.672
0.608
0.664
0.676
0.949
0.908
0.686
0.905
0.695
0.921
0.966
0.944
0.942
0.928
0.871
0.757
0.798
0.919
0.971
0.852
0.676
0.750
0.607
0.765
0.706
0.895
0.776
0.774
0.920
0.862
0.549
0.607
0.773
0.928
0.956
0.867
0.766
0.882
0.616
0.551
0.944
0.976
0.795
0.816
0.894
0.818
0.812
0.657
0.794
0.732
0.481
0.455
0.468
0.493
0.514
0.531
0.863
0.895
0.788
0.663
0.793
0.778
0.764
0.643
0.756
0.850
0.796
0.636
0.645
0.774
0.851
0.532
0.426
0.529
0.567
0.887
0.495
0.412
0.412
0.598
0.508
0.573
0.737
0.894
0.922
0.915
0.935
0.951
0.877
0.955
0.930
0.859
0.780
0.712
0.847
0.905
0.954
0.974
0.965
0.958
0.698
0.614
0.625
0.591
0.651
0.775
0.804
0.890
0.841
0.741
0.821
0.616
0.564
0.629
0.602
0.632
0.863
0.904
0.748
0.782
0.747
0.897
0.894
0.826
0.769
0.790
0.918
0.890
0.816
0.781
0.829
0.834
0.750
0.720
0.675
0.736
0.759
0.679
0.678
0.777
0.613
0.677
0.867
0.869
0.796
0.778
0.743
0.686
0.702
0.675
0.684
0.657
0.649
0.740
0.762
0.763
0.799
0.787
0.770
0.846
0.873
0.890
0.926
0.786
0.856
0.869
0.779
0.687
0.668
0.675
0.690
0.659
0.673
0.726
0.774
0.815
0.768
0.723
0.770
0.738
0.715
0.715
0.707
0.819
0.843
0.770
0.741
0.758
0.697
0.688
0.681
0.683
0.650
0.608
0.688
0.681
0.652
0.659
0.787
0.869
0.817
0.747
0.748
0.828
0.891
0.928
0.940
0.920
0.774
0.761
0.773
0.758
0.808
0.855
0.759
0.799
0.706
0.766
0.755
0.710
0.695
0.687
0.667
0.728
0.776
0.837
0.742
0.760
0.783
0.875
0.646
0.722
0.795
0.712
0.757
0.774
0.845
0.746
0.656
0.929
0.869
0.860
0.842
0.917
0.837
0.757
0.761
0.743
0.823
0.952
0.862
0.740
0.621
0.671
0.705
0.724
0.736
0.700
0.734
0.806
0.769
0.927
0.846
0.744
0.742
0.771
0.801
0.785
0.747
0.793
0.822
0.853
0.836
0.801
0.788
0.951
0.941
0.893
0.815
0.815
0.730
0.771
0.722
0.792
0.790
0.955
0.835
0.752
0.709
0.716
0.736
0.694
0.708
0.828
0.817
0.812
0.786
0.790
0.844
0.786
0.781
0.751
0.790
0.802
0.892
0.896
0.794
0.640
0.607
0.702
0.754
0.696
0.670
0.722
0.659
0.614
0.722
0.698
0.688
0.832
0.739
0.546
0.537
0.586
0.738
0.749
0.910
0.932
0.907
0.855
0.827
0.947
0.868
0.942
0.940
0.930
0.912
0.873
0.837
0.866
0.874
0.959
0.967
0.951
0.879
0.896
0.867
0.929
0.923
0.938
0.925
0.882
0.924
0.865
0.910
0.937
0.914
0.839
0.760
0.795
0.735
0.943
0.907
0.918
0.903
0.927
0.877
0.694
0.781
0.929
0.932
0.909
0.810
0.809
0.795
0.900
0.847
0.646
0.660
0.681
0.766
0.901
0.861
0.943
0.913
0.897
0.950
0.877
0.934
0.889
0.880
0.896
0.961
0.966
0.956
0.928
0.925
0.928
0.879
0.805
0.683
0.889
0.880
0.843
0.814
0.801
0.920
0.845
0.937
0.883
0.682
0.762
0.602
0.542
0.481
0.477
0.502
0.745
0.742
0.625
0.612
0.641
0.413
0.620
0.934
0.916
0.670
0.950
0.934
0.748
0.931
0.943
0.844
0.821
0.910
0.881
0.916
0.950
0.911
0.909
0.731
0.574
0.814
0.913
0.927
0.725
0.940
0.854
0.904
0.913
0.873
0.835
0.928
0.828
0.762
0.698
0.792
0.806
0.895
0.909
0.829
0.936
0.967
0.889
0.886
0.905
0.778
0.626
0.859
0.711
0.732
0.681
0.756
0.707
0.791
0.799
0.929
0.823
0.701
0.880
0.669
0.818
0.936
0.875
0.833
0.868
0.873
0.758
0.748
0.926
0.912
0.959
0.809
0.746
0.714
0.720
0.866
0.951
0.852
0.866
0.904
0.748
0.944
0.909
0.902
0.885
0.824
0.773
0.739
0.761
0.743
0.711
0.660
0.648
0.585
0.719
0.739
0.698
0.699
0.665
0.629
0.706
0.708
0.643
0.688
0.839
0.912
0.914
0.911
0.829
0.763
0.719
0.799
0.846
0.795
0.833
0.721
0.814
0.819
0.789
0.718
0.731
0.642
0.770
0.962
0.900
0.756
0.786
0.717
0.786
0.788
0.901
0.890
0.815
0.806
0.762
0.712
0.745
0.729
0.752
0.815
0.776
0.761
0.811
0.802
0.789
0.812
0.698
0.711
0.817
0.760
0.770
0.804
0.754
0.892
0.953
0.891
0.884
0.785
0.842
0.814
0.785
0.867
0.826
0.792
0.805
0.801
0.782
0.659
0.619
0.695
0.747
0.759
0.909
0.854
0.924
0.914
0.747
0.703
0.674
0.700
0.640
0.663
0.695
0.705
0.662
0.672
0.679
0.699
0.733
0.673
0.696
0.650
0.584
0.592
0.598
0.666
0.703
0.693
0.750
0.599
0.656
0.682
0.623
0.681
0.787
0.824
0.744
0.628
0.661
0.792
0.909
0.921
0.732
0.753
0.718
0.690
0.588
0.563
0.621
0.847
0.962
0.960
0.938
0.841
0.852
0.695
0.781
0.783
0.889
0.865
0.848
0.809
0.775
0.966
0.962
0.856
0.889
0.945
0.869
0.880
0.969
0.911
0.963
0.965
0.873
0.876
0.890
0.806
0.781
0.777
0.839
0.783
0.911
0.930
0.887
0.817
0.823
0.829
0.877
0.877
0.874
0.768
0.901
0.935
0.881
0.862
0.784
0.812
0.858
0.953
0.910
0.958
0.669
0.690
0.615
0.704
0.902
0.931
0.904
0.909
0.891
0.861
0.860
0.833
0.885
0.859
0.851
0.803
0.771
0.735
0.914
0.731
0.703
0.758
0.916
0.826
0.779
0.910
0.830
0.787
0.657
0.664
0.731
0.736
0.792
0.741
0.756
0.818
0.899
0.846
0.824
0.963
0.928
0.909
0.938
0.945
0.878
0.865
0.857
0.873
0.865
0.860
0.851
0.869
0.936
0.915
0.871
0.852
0.697
0.796
0.871
0.839
0.752
0.855
0.882
0.648
0.522
0.508
0.522
0.586
0.589
0.549
0.620
0.724
0.626
0.839
0.862
0.870
0.773
0.765
0.818
0.762
0.837
0.850
0.781
0.739
0.840
0.731
0.960
0.877
0.969
0.948
0.963
0.873
0.939
0.875
0.958
0.960
0.952
0.824
0.632
0.863
0.786
0.701
0.715
0.596
0.645
0.626
0.513
0.700
0.824
0.891
0.917
0.908
0.858
0.950
0.887
0.959
0.875
0.693
0.747
0.825
0.849
0.940
0.713
0.506
0.600
0.919
0.920
0.873
0.864
0.927
0.900
0.885
0.816
0.771
0.685
0.811
0.909
0.877
0.793
0.879
0.868
0.965
0.924
0.958
0.796
0.808
0.807
0.890
0.910
0.787
0.824
0.868
0.832
0.783
0.877
0.847
0.950
0.856
0.871
0.870
0.925
0.738
0.917
0.961
0.970
0.943
0.902
0.910
0.835
0.759
0.752
0.839
0.804
0.902
0.772
0.815
0.857
0.779
0.800
0.741
0.740
0.735
0.678
0.647
0.682
0.676
0.645
0.678
0.690
0.778
0.694
0.635
0.693
0.686
0.652
0.822
0.931
0.833
0.899
0.844
0.811
0.857
0.893
0.905
0.857
0.723
0.725
0.713
0.814
0.793
0.779
0.709
0.710
0.673
0.698
0.889
0.812
0.722
0.664
0.658
0.669
0.670
0.607
0.709
0.630
0.650
0.738
0.911
0.872
0.769
0.833
0.725
0.778
0.760
0.714
0.958
0.829
0.833
0.782
0.787
0.840
0.790
0.837
0.891
0.864
0.839
0.668
0.759
0.758
0.821
0.792
0.821
0.794
0.776
0.735
0.682
0.710
0.731
0.879
0.766
0.629
0.598
0.677
0.788
0.633
0.636
0.868
0.893
0.799
0.793
0.894
0.798
0.825
0.774
0.786
0.666
0.609
0.654
0.559
0.607
0.700
0.928
0.936
0.851
0.815
0.728
0.571
0.654
0.778
0.708
0.752
0.698
0.691
0.736
0.795
0.775
0.652
0.618
0.508
0.579
0.566
0.669
0.580
0.670
0.674
0.701
0.688
0.798
0.899
0.776
0.819
0.856
0.844
0.790
0.761
0.832
0.952
0.959
0.939
0.890
0.878
0.783
0.635
0.595
0.593
0.637
0.674
0.715
0.748
0.938
0.695
0.752
0.908
0.496
0.592
0.615
0.602
0.617
0.642
0.585
0.710
0.708
0.775
0.810
0.762
0.668
0.636
0.805
0.812
0.905
0.967
0.958
0.915
0.873
0.744
0.720
0.666
0.696
0.671
0.663
0.639
0.493
0.467
0.414
0.520
0.472
0.481
0.548
0.662
0.579
0.517
0.594
0.616
0.770
0.798
0.853
0.789
0.738
0.829
0.891
0.836
0.711
0.671
0.578
0.553
0.603
0.530
0.416
0.487
0.522
0.544
0.798
0.771
0.699
0.721
0.710
0.708
0.635
0.667
0.710
0.651
0.731
0.868
0.801
0.851
0.876
0.937
0.877
0.788
0.814
0.883
0.849
0.812
0.959
0.908
0.933
0.880
0.698
0.588
0.575
0.616
0.820
0.836
0.830
0.798
0.869
0.937
0.923
0.955
0.931
0.870
0.953
0.949
0.932
0.826
0.677
0.929
0.936
0.789
0.778
0.793
0.945
0.873
0.902
0.769
0.894
0.746
0.553
0.582
0.657
0.699
0.662
0.841
0.869
0.817
0.812
0.943
0.817
0.779
0.808
0.717
0.605
0.878
0.907
0.932
0.776
0.723
0.639
0.712
0.778
0.795
0.744
0.652
0.751
0.669
0.700
0.769
0.780
0.822
0.960
0.948
0.946
0.958
0.850
0.676
0.700
0.934
0.747
0.631
0.604
0.865
0.923
0.776
0.929
0.821
0.867
0.814
0.869
0.915
0.843
0.880
0.823
0.922
0.921
0.893
0.901
0.761
0.848
0.947
0.885
0.915
0.872
0.912
0.889
0.823
0.908
0.942
0.904
0.735
0.924
0.694
0.684
0.883
0.926
0.924
0.759
0.682
0.748
0.703
0.617
0.620
0.597
0.681
0.811
0.876
0.919
0.903
0.876
0.870
0.888
0.928
0.939
0.825
0.825
0.857
0.794
0.820
0.779
0.699
0.769
0.814
0.739
0.761
0.763
0.814
0.824
0.830
0.769
0.745
0.731
0.782
0.925
0.795
0.748
0.757
0.771
0.759
0.753
0.703
0.633
0.810
0.932
0.812
0.762
0.706
0.778
0.784
0.711
0.662
0.788
0.797
0.764
0.770
0.779
0.843
0.788
0.806
0.808
0.875
0.848
0.900
0.888
0.888
0.866
0.813
0.856
0.892
0.919
0.951
0.858
0.800
0.789
0.769
0.773
0.829
0.777
0.754
0.820
0.788
0.781
0.762
0.759
0.870
0.733
0.874
0.813
0.773
0.775
0.779
0.806
0.819
0.757
0.809
0.820
0.777
0.771
0.787
0.748
0.799
0.797
0.841
0.833
0.826
0.867
0.809
0.812
0.785
0.794
0.742
0.806
0.823
0.770
0.740
0.646
0.583
0.617
0.643
0.692
0.677
0.674
0.658
0.667
0.679
0.674
0.653
0.634
0.581
0.680
0.695
0.687
0.775
0.743
0.783
0.763
0.712
0.783
0.703
0.697
0.720
0.708
0.753
0.758
0.809
0.685
0.724
0.807
0.784
0.952
0.915
0.850
0.930
0.919
0.944
0.949
0.843
0.783
0.797
0.838
0.706
0.736
0.750
0.808
0.777
0.758
0.783
0.865
0.858
0.804
0.796
0.842
0.920
0.811
0.780
0.895
0.631
0.666
0.672
0.712
0.625
0.661
0.720
0.782
0.605
0.574
0.615
0.642
0.381
0.468
0.502
0.689
0.631
0.605
0.523
0.553
0.604
0.648
0.858
0.947
0.906
0.796
0.727
0.651
0.528
0.560
0.600
0.616
0.795
0.785
0.817
0.691
0.624
0.773
0.613
0.870
0.917
0.819
0.796
0.791
0.741
0.586
0.581
0.624
0.581
0.592
0.612
0.688
0.897
0.837
0.848
0.910
0.868
0.810
0.877
0.884
0.860
0.801
0.797
0.610
0.633
0.574
0.545
0.652
0.601
0.654
0.539
0.460
0.800
0.925
0.797
0.776
0.933
0.859
0.886
0.936
0.882
0.903
0.875
0.776
0.766
0.779
0.872
0.792
0.870
0.929
0.933
0.933
0.921
0.890
0.918
0.757
0.923
0.923
0.833
0.774
0.924
0.935
0.880
0.708
0.719
0.699
0.702
0.693
0.707
0.893
0.715
0.605
0.891
0.839
0.722
0.747
0.857
0.782
0.672
0.653
0.654
0.662
0.543
0.706
0.865
0.881
0.930
0.888
0.908
0.697
0.439
0.480
0.550
0.551
0.570
0.810
0.726
0.835
0.809
0.716
0.642
0.741
0.764
0.760
0.835
0.920
0.747
0.681
0.880
0.860
0.735
0.928
0.918
0.912
0.742
0.887
0.829
0.888
0.866
0.572
0.618
0.737
0.735
0.918
0.810
0.898
0.938
0.909
0.923
0.833
0.931
0.888
0.837
0.916
0.901
0.909
0.794
0.930
0.896
0.814
0.758
0.828
0.893
0.896
0.871
0.809
0.827
0.854
0.877
0.932
0.884
0.878
0.798
0.793
0.715
0.692
0.828
0.857
0.792
0.734
0.744
0.804
0.852
0.817
0.701
0.707
0.747
0.683
0.709
0.759
0.939
0.928
0.914
0.934
0.837
0.874
0.875
0.780
0.692
0.756
0.703
0.673
0.684
0.711
0.732
0.819
0.867
0.728
0.877
0.907
0.908
0.821
0.866
0.825
0.764
0.690
0.680
0.791
0.759
0.704
0.727
0.650
0.656
0.639
0.691
0.744
0.721
0.796
0.942
0.933
0.872
0.852
0.911
0.887
0.874
0.874
0.901
0.938
0.859
0.815
0.807
0.744
0.755
0.755
0.691
0.703
0.770
0.941
0.938
0.930
0.932
0.934
0.936
0.870
0.883
0.838
0.929
0.761
0.785
0.763
0.765
0.732
0.766
0.904
0.804
0.775
0.719
0.690
0.672
0.782
0.936
0.939
0.910
0.813
0.816
0.815
0.830
0.731
0.642
0.898
0.931
0.871
0.856
0.854
0.829
0.807
0.847
0.899
0.832
0.890
0.820
0.665
0.667
0.708
0.725
0.683
0.644
0.644
0.656
0.715
0.794
0.712
0.750
0.764
0.706
0.769
0.794
0.814
0.864
0.870
0.934
0.949
0.923
0.791
0.843
0.859
0.820
0.820
0.831
0.861
0.838
0.893
0.940
0.940
0.935
0.887
0.879
0.937
0.843
0.878
0.870
0.895
0.922
0.869
0.866
0.814
0.842
0.628
0.656
0.784
0.931
0.900
0.895
0.925
0.867
0.684
0.916
0.882
0.848
0.824
0.933
0.881
0.886
0.925
0.935
0.907
0.803
0.581
0.624
0.668
0.775
0.823
0.842
0.940
0.939
0.918
0.841
0.884
0.931
0.850
0.843
0.884
0.815
0.759
0.818
0.829
0.830
0.931
0.847
0.880
0.811
0.839
0.925
0.892
0.869
0.830
0.829
0.905
0.893
0.869
0.819
0.834
0.933
0.917
0.918
0.706
0.493
0.581
0.686
0.926
0.929
0.919
0.854
0.931
0.913
0.898
0.866
0.904
0.749
0.571
0.493
0.550
0.588
0.712
0.772
0.776
0.812
0.863
0.788
0.549
0.626
0.667
0.753
0.536
0.805
0.936
0.924
0.813
0.614
0.910
0.843
0.697
0.530
0.610
0.599
0.553
0.669
0.738
0.801
0.817
0.793
0.890
0.892
0.808
0.923
0.924
0.863
0.815
0.914
0.910
0.926
0.723
0.935
0.931
0.898
0.932
0.911
0.625
0.544
0.535
0.516
0.766
0.932
0.720
0.699
0.777
0.911
0.922
0.817
0.654
0.799
0.939
0.934
0.903
0.917
0.912
0.938
0.934
0.933
0.933
0.952
0.876
0.822
0.884
0.901
0.830
0.897
0.885
0.878
0.878
0.845
0.664
0.633
0.885
0.892
0.785
0.606
0.739
0.866
0.832
0.847
0.938
0.890
0.835
0.783
0.698
0.679
0.737
0.785
0.768
0.780
0.811
0.945
0.944
0.944
0.883
0.805
0.770
0.848
0.803
0.829
0.837
0.938
0.887
0.798
0.744
0.841
0.905
0.910
0.909
0.781
0.729
0.838
0.805
0.807
0.876
0.938
0.945
0.945
0.902
0.942
0.944
0.941
0.771
0.745
0.748
0.740
0.699
0.733
0.715
0.782
0.838
0.827
0.859
0.882
0.788
0.727
0.742
0.761
0.755
0.759
0.719
0.739
0.949
0.933
0.927
0.906
0.864
0.868
0.806
0.867
0.928
0.942
0.779
0.730
0.725
0.733
0.715
0.707
0.756
0.803
0.771
0.704
0.763
0.796
0.724
0.787
0.860
0.838
0.798
0.849
0.765
0.806
0.892
0.905
0.877
0.886
0.838
0.828
0.834
0.760
0.735
0.823
0.835
0.841
0.809
0.829
0.809
0.752
0.833
0.861
0.907
0.812
0.711
0.676
0.662
0.716
0.897
0.939
0.875
0.764
0.783
0.798
0.810
0.727
0.797
0.893
0.935
0.880
0.794
0.812
0.943
0.876
0.853
0.853
0.694
0.740
0.784
0.809
0.785
0.752
0.768
0.743
0.681
0.930
0.928
0.931
0.880
0.862
0.830
0.828
0.834
0.847
0.857
0.860
0.854
0.899
0.931
0.913
0.866
0.863
0.840
0.831
0.823
0.925
0.926
0.875
0.855
0.939
0.858
0.908
0.919
0.859
0.826
0.782
0.878
0.893
0.866
0.870
0.860
0.841
0.817
0.811
0.846
0.797
0.859
0.924
0.855
0.775
0.923
0.870
0.869
0.928
0.907
0.863
0.870
0.877
0.936
0.935
0.895
0.900
0.891
0.922
0.913
0.886
0.760
0.813
0.791
0.828
0.829
0.812
0.806
0.847
0.797
0.819
0.835
0.842
0.791
0.839
0.819
0.840
0.824
0.814
0.663
0.739
0.797
0.789
0.802
0.846
0.786
0.768
0.756
0.908
0.875
0.822
0.734
0.666
0.771
0.808
0.770
0.775
0.810
0.801
0.830
0.864
0.931
0.802
0.778
0.736
0.891
0.943
0.940
0.905
0.863
0.799
0.939
0.966
0.921
0.798
0.624
0.544
0.624
0.686
0.809
0.736
0.691
0.735
0.800
0.922
0.883
0.833
0.830
0.790
0.782
0.815
0.699
0.654
0.881
0.658
0.537
0.515
0.539
0.501
0.534
0.593
0.620
0.679
0.737
0.635
0.723
0.712
0.900
0.835
0.928
0.915
0.629
0.582
0.725
0.556
0.479
0.584
0.724
0.948
0.841
0.906
0.805
0.762
0.958
0.876
0.950
0.943
0.823
0.888
0.951
0.953
0.947
0.922
0.926
0.830
0.948
0.861
0.883
0.898
0.676
0.554
0.783
0.859
0.853
0.932
0.581
0.502
0.636
0.603
0.709
0.789
0.856
0.830
0.833
0.910
0.833
0.871
0.795
0.731
0.822
0.897
0.954
0.664
0.924
0.902
0.953
0.687
0.670
0.718
0.916
0.939
0.952
0.576
0.493
0.664
0.780
0.893
0.885
0.941
0.768
0.680
0.858
0.898
0.588
0.550
0.720
0.961
0.686
0.641
0.926
0.785
0.709
0.691
0.753
0.720
0.820
0.829
0.893
0.881
0.795
0.647
0.510
0.564
0.534
0.706
0.769
0.948
0.931
0.957
0.957
0.809
0.864
0.912
0.934
0.770
0.703
0.814
0.878
0.934
0.898
0.960
0.958
0.942
0.933
0.942
0.965
0.943
0.937
0.802
0.801
0.861
0.952
0.945
0.915
0.874
0.797
0.835
0.868
0.846
0.878
0.827
0.834
0.856
0.874
0.754
0.730
0.784
0.798
0.728
0.733
0.666
0.661
0.771
0.846
0.770
0.729
0.702
0.628
0.736
0.733
0.712
0.622
0.634
0.598
0.647
0.873
0.961
0.953
0.925
0.861
0.761
0.793
0.805
0.762
0.720
0.727
0.909
0.840
0.732
0.693
0.721
0.729
0.750
0.771
0.745
0.719
0.730
0.764
0.707
0.843
0.798
0.838
0.721
0.700
0.683
0.663
0.619
0.835
0.792
0.679
0.786
0.794
0.789
0.768
0.899
0.936
0.880
0.794
0.923
0.865
0.863
0.532
0.673
0.665
0.591
0.656
0.708
0.728
0.800
0.837
0.914
0.813
0.715
0.701
0.644
0.777
0.894
0.792
0.737
0.736
0.874
0.849
0.795
0.800
0.747
0.704
0.792
0.740
0.715
0.739
0.709
0.805
0.950
0.917
0.835
0.827
0.829
0.845
0.730
0.676
0.621
0.593
0.621
0.629
0.645
0.702
0.569
0.590
0.613
0.671
0.586
0.537
0.588
0.663
0.789
0.874
0.938
0.687
0.732
0.796
0.835
0.884
0.831
0.879
0.905
0.813
0.902
0.950
0.939
0.947
0.831
0.693
0.799
0.917
0.943
0.838
0.872
0.866
0.952
0.855
0.865
0.817
0.737
0.655
0.740
0.646
0.583
0.624
0.735
0.580
0.679
0.846
0.960
0.952
0.867
0.610
0.545
0.614
0.573
0.520
0.676
0.747
0.575
0.494
0.589
0.689
0.944
0.838
0.872
0.664
0.709
0.797
0.774
0.900
0.908
0.957
0.775
0.924
0.547
0.489
0.480
0.507
0.551
0.687
0.731
0.717
0.753
0.768
0.794
0.817
0.844
0.843
0.798
0.801
0.790
0.887
0.731
0.926
0.838
0.870
0.885
0.670
0.715
0.622
0.584
0.504
0.478
0.530
0.561
0.810
0.825
0.699
0.469
0.504
0.652
0.775
0.810
0.743
0.744
0.838
0.864
0.924
0.934
0.782
0.951
0.896
0.814
0.749
0.890
0.738
0.765
0.754
0.867
0.908
0.885
0.922
0.778
0.629
0.507
0.490
0.564
0.650
0.742
0.939
0.884
0.788
0.861
0.961
0.827
0.656
0.534
0.553
0.668
0.869
0.855
0.722
0.631
0.745
0.731
0.660
0.707
0.640
0.828
0.838
0.708
0.845
0.469
0.435
0.464
0.611
0.715
0.871
0.873
0.911
0.831
0.893
0.786
0.435
0.921
0.877
0.868
0.816
0.680
0.852
0.787
0.847
0.813
0.932
0.965
0.944
0.949
0.921
0.871
0.798
0.736
0.836
0.935
0.739
0.813
0.906
0.887
0.875
0.862
0.840
0.747
0.616
0.668
0.726
0.858
0.861
0.645
0.762
0.789
0.772
0.608
0.685
0.847
0.886
0.889
0.898
0.950
0.905
0.918
0.908
0.914
0.954
0.973
0.962
0.845
0.957
0.925
0.672
0.797
0.840
0.858
0.654
0.624
0.684
0.812
0.892
0.945
0.933
0.936
0.942
0.848
0.787
0.724
0.724
0.717
0.736
0.805
0.890
0.881
0.870
0.794
0.809
0.917
0.952
0.826
0.717
0.681
0.898
0.750
0.828
0.783
0.686
0.726
0.711
0.755
0.718
0.683
0.688
0.855
0.858
0.857
0.832
0.878
0.871
0.862
0.871
0.813
0.832
0.876
0.872
0.901
0.878
0.867
0.827
0.863
0.892
0.765
0.649
0.682
0.716
0.713
0.841
0.907
1.000
0.819
0.881
0.914
0.882
0.902
0.848
0.896
0.903
0.960
0.923
0.904
0.907
1.000
0.960
0.955
0.913
0.809
0.805
0.900
0.911
0.888
0.904
0.832
0.800
0.708
0.792
0.864
0.866
0.790
0.673
0.849
0.914
0.817
0.833
0.848
0.876
0.945
0.958
0.888
0.691
0.718
0.715
0.720
0.692
0.653
0.560
0.625
0.618
0.568
0.578
0.612
0.680
0.711
0.703
0.931
0.819
0.714
0.746
0.954
0.958
0.927
0.906
0.828
0.839
0.833
0.877
0.834
0.788
0.927
0.902
0.877
0.661
0.854
0.425
0.635
0.347
0.850
1.000
0.808
0.851
0.920
1.000
0.699
0.853
0.787
0.827
0.899
0.983
0.865
0.942
0.966
0.966
0.935
0.929
0.860
0.951
0.951
0.802
0.875
0.671
0.825
0.795
0.795
0.719
0.736
0.762
0.898
0.909
0.747
0.881
0.871
0.907
0.979
0.950
0.950
0.848
0.859
0.681
0.929
0.904
0.873
0.804
0.641
0.601
0.683
0.943
0.946
0.935
0.889
0.874
0.919
0.884
0.847
0.808
0.712
0.752
0.859
