19790101
1.000
0.943
0.995
0.940
1.000
0.885
0.887
0.892
0.903
0.867
0.845
0.873
0.878
1.000
0.934
0.943
0.965
0.889
1.000
1.000
1.000
1.000
0.968
0.943
0.975
0.951
0.941
0.957
0.998
1.000
0.779
0.804
0.804
1.000
1.000
0.961
0.939
1.000
0.987
0.835
1.000
1.000
1.000
1.000
1.000
0.857
0.725
0.732
0.733
0.981
0.932
0.917
0.874
0.860
0.888
0.947
0.809
0.941
0.756
0.649
1.000
0.869
0.860
1.000
1.000
1.000
1.000
1.000
0.806
0.944
1.000
0.994
0.950
1.000
1.000
1.000
1.000
1.000
1.000
0.812
1.000
0.952
0.929
1.000
1.000
0.993
1.000
0.892
0.895
0.796
0.919
1.000
1.000
0.978
1.000
1.000
1.000
0.858
1.000
0.965
0.969
0.890
0.841
0.700
0.957
1.000
0.953
0.970
0.951
0.785
0.636
0.707
0.757
0.839
0.903
0.624
0.724
0.841
0.873
0.826
1.000
0.915
1.000
0.964
0.975
0.964
0.968
0.856
0.988
0.947
1.000
0.950
0.959
1.000
1.000
0.824
0.760
0.804
0.702
0.676
0.764
0.714
0.880
0.815
0.960
1.000
1.000
1.000
0.995
0.941
0.814
0.692
0.721
0.696
0.800
0.848
1.000
0.894
0.777
0.689
0.950
1.000
0.996
0.848
0.875
0.748
0.720
0.777
0.961
0.942
1.000
1.000
1.000
0.930
0.890
0.851
0.913
0.934
1.000
0.960
0.944
0.876
0.838
0.775
0.812
0.800
0.808
0.773
0.771
0.817
0.810
0.815
0.776
0.732
0.738
0.673
0.713
0.709
0.734
0.780
0.934
0.896
0.814
0.762
0.849
0.948
0.872
0.874
0.876
0.976
0.986
0.854
0.825
0.961
0.956
0.858
0.846
0.862
0.839
0.849
0.859
0.924
0.909
0.857
0.852
0.815
0.767
0.780
0.786
0.962
0.976
0.983
1.000
1.000
1.000
0.954
0.979
0.841
0.825
0.937
0.909
0.872
0.865
0.840
0.992
0.921
0.967
0.939
0.879
0.950
0.855
1.000
1.000
0.963
0.911
0.872
0.896
0.868
0.866
0.870
0.954
0.902
0.893
0.898
0.867
0.935
0.989
1.000
0.950
0.868
0.842
0.813
0.812
0.822
0.795
0.687
0.725
0.758
0.698
0.716
0.665
0.718
0.740
0.710
0.699
0.783
0.825
0.885
0.784
0.816
0.692
0.742
0.729
0.612
0.691
0.747
0.704
0.785
0.797
0.784
0.813
0.795
0.713
0.673
0.710
0.892
0.907
0.950
0.834
0.882
0.945
0.968
0.943
0.868
0.780
0.935
0.699
0.853
0.889
0.818
0.894
0.718
0.673
0.748
0.898
1.000
0.883
0.908
0.758
0.751
0.909
0.693
0.600
0.699
0.733
0.751
0.749
0.736
0.810
0.882
0.932
0.902
0.899
0.787
0.872
0.975
0.796
0.790
0.838
0.901
0.906
0.832
0.935
1.000
0.846
0.900
0.905
0.845
0.895
0.864
0.850
0.901
0.862
0.775
0.858
0.805
0.763
0.759
0.940
0.854
0.933
0.817
0.843
0.672
0.732
0.847
0.955
0.911
0.736
0.723
0.880
1.000
0.874
0.894
0.896
0.955
0.874
0.846
0.797
0.848
0.860
0.930
1.000
1.000
0.849
0.808
0.921
1.000
1.000
1.000
0.920
1.000
1.000
1.000
0.937
0.996
0.888
0.974
1.000
0.910
0.819
0.900
0.827
0.917
0.923
1.000
0.894
0.960
1.000
0.963
1.000
1.000
0.977
0.833
0.976
1.000
0.976
0.941
1.000
0.997
1.000
1.000
1.000
0.898
0.971
0.978
1.000
0.962
0.996
0.971
1.000
0.927
0.938
0.976
0.937
0.820
0.758
0.644
0.684
0.899
1.000
1.000
0.960
0.895
0.977
1.000
1.000
0.763
1.000
0.899
0.785
0.942
0.899
1.000
1.000
1.000
0.970
1.000
1.000
0.980
0.831
0.683
0.574
0.694
0.929
1.000
1.000
0.938
1.000
1.000
1.000
1.000
0.922
1.000
1.000
1.000
0.982
1.000
0.951
1.000
0.999
1.000
1.000
1.000
0.784
0.856
0.945
0.930
0.834
0.837
1.000
1.000
0.696
0.702
0.803
0.942
0.876
0.860
0.993
1.000
0.973
0.989
0.843
0.667
0.800
0.879
0.928
0.880
0.908
1.000
0.924
0.951
0.939
0.994
0.979
0.963
0.842
0.759
0.782
0.847
0.917
0.806
0.800
0.756
0.745
0.719
0.779
0.924
0.830
0.732
0.653
0.734
0.862
0.904
1.000
0.829
0.778
0.749
0.728
0.843
0.836
0.832
0.925
1.000
0.868
0.860
0.905
0.848
0.910
1.000
1.000
0.881
0.810
0.779
0.881
0.869
0.768
0.798
0.698
0.758
0.786
0.789
0.810
0.833
0.817
0.887
0.930
0.820
0.738
0.736
0.841
1.000
0.992
1.000
1.000
0.954
0.909
0.904
0.941
0.901
0.874
0.869
0.927
0.862
0.861
0.862
0.897
0.818
0.880
0.876
0.737
0.786
0.822
0.746
0.879
0.997
0.949
0.992
1.000
0.923
0.892
0.932
0.852
0.828
0.797
0.893
0.904
0.873
0.909
0.842
0.845
0.805
0.835
0.825
0.859
0.774
0.765
1.000
0.963
0.847
0.941
1.000
1.000
0.993
1.000
0.850
0.825
0.840
0.831
0.884
0.925
0.897
0.896
0.882
0.852
0.793
0.801
0.838
0.819
0.837
0.804
0.935
0.857
0.828
0.813
0.984
1.000
0.960
0.901
0.679
0.999
1.000
1.000
0.790
0.862
0.859
0.844
0.779
0.869
0.949
0.839
0.888
0.916
0.869
0.960
0.911
0.893
0.856
0.846
0.863
0.905
0.899
0.904
0.921
0.989
0.989
0.991
0.966
1.000
1.000
0.981
0.935
0.925
0.871
0.903
0.894
1.000
0.934
0.956
0.986
0.964
0.921
0.949
0.899
0.932
0.928
0.981
0.803
0.721
0.684
0.761
0.525
0.744
0.828
0.971
0.947
0.863
0.985
1.000
0.799
0.832
0.927
0.770
0.727
0.845
0.705
0.806
0.779
0.739
0.728
0.773
0.799
0.708
0.651
0.733
0.870
0.981
0.987
0.902
0.909
0.920
0.884
0.788
0.731
0.741
0.774
0.787
0.665
0.800
0.729
0.798
0.711
0.853
0.811
0.785
0.994
0.992
0.927
0.866
0.948
0.947
0.967
0.937
0.950
1.000
0.981
0.993
1.000
0.855
0.931
0.796
0.737
0.852
0.882
0.891
0.867
0.798
1.000
1.000
1.000
0.981
0.963
0.967
0.954
0.821
0.995
0.947
0.788
1.000
1.000
1.000
1.000
0.910
0.995
0.874
1.000
0.925
1.000
0.907
0.993
1.000
0.946
0.880
0.939
1.000
0.918
1.000
0.998
0.978
1.000
0.801
0.965
1.000
0.958
0.956
0.769
0.890
0.881
0.961
1.000
0.888
0.814
0.865
0.984
0.878
0.965
1.000
1.000
1.000
1.000
1.000
1.000
0.900
0.951
1.000
1.000
0.825
0.682
0.859
0.988
0.755
0.955
0.992
1.000
0.926
1.000
0.994
0.972
0.956
1.000
1.000
0.906
0.922
1.000
0.869
0.880
0.765
0.712
0.769
0.816
0.897
0.986
0.967
0.743
0.955
1.000
0.805
0.661
0.604
0.719
1.000
1.000
1.000
0.825
0.705
0.917
1.000
1.000
0.936
1.000
1.000
1.000
1.000
1.000
0.920
1.000
1.000
1.000
0.978
0.876
0.814
0.826
0.963
1.000
0.994
0.962
0.913
0.816
0.810
0.847
0.886
0.974
0.746
0.923
0.852
0.926
0.901
0.785
0.765
0.751
0.954
0.943
0.858
0.803
0.735
0.705
0.756
0.822
0.876
0.842
0.824
0.755
0.787
0.844
0.874
0.798
0.759
0.804
0.873
0.904
0.955
1.000
1.000
1.000
0.970
1.000
0.990
1.000
1.000
0.915
0.798
0.935
1.000
0.990
0.985
0.929
0.804
0.867
0.857
0.837
0.804
0.798
0.869
0.816
0.849
0.859
0.882
0.944
0.894
0.834
0.842
0.872
0.879
0.835
0.800
0.790
0.832
0.789
0.875
0.873
0.951
0.938
0.919
0.868
0.886
0.908
0.832
0.889
0.893
0.894
0.898
0.870
0.861
0.890
0.978
1.000
1.000
1.000
0.985
0.938
0.897
0.939
0.912
0.871
0.995
0.988
1.000
0.956
0.981
0.906
0.938
0.935
0.862
0.888
0.848
0.799
0.937
0.895
0.885
0.946
0.924
0.949
1.000
0.910
0.913
0.896
0.929
0.917
0.903
0.876
0.923
0.973
0.949
0.937
0.828
0.962
0.853
0.777
0.737
0.853
0.893
0.874
0.965
0.867
1.000
0.959
0.992
1.000
1.000
0.936
1.000
0.995
0.945
0.843
0.834
0.849
0.820
0.883
0.917
0.892
1.000
0.933
0.925
0.804
0.753
0.847
0.862
0.917
1.000
0.938
0.988
0.937
0.891
0.931
0.924
0.680
0.738
0.835
0.885
0.837
0.862
0.789
0.762
0.740
0.895
0.906
0.850
0.753
0.858
0.742
0.846
1.000
0.964
0.699
0.718
0.674
0.749
0.766
0.823
0.868
0.844
0.893
0.867
0.844
0.909
0.901
0.912
0.902
0.795
0.940
0.973
0.916
0.855
0.854
0.706
0.743
0.819
1.000
0.950
0.984
0.809
0.892
0.688
0.504
0.579
0.616
0.766
0.870
0.894
0.697
0.746
0.866
0.820
0.783
0.884
0.808
0.822
0.694
0.814
0.868
0.911
1.000
1.000
1.000
1.000
1.000
1.000
0.997
0.923
1.000
1.000
1.000
0.979
0.892
1.000
0.881
0.797
0.835
1.000
1.000
0.945
0.974
1.000
1.000
1.000
1.000
0.863
0.952
0.894
1.000
1.000
1.000
1.000
0.981
0.991
1.000
0.968
1.000
0.944
1.000
0.995
0.853
0.825
0.773
0.862
0.899
0.940
0.847
1.000
0.997
1.000
0.970
1.000
0.968
0.865
0.898
1.000
0.998
0.984
1.000
0.936
0.988
0.893
0.814
0.761
0.742
0.717
0.739
0.930
0.830
0.694
0.621
0.772
0.823
0.894
0.794
1.000
1.000
1.000
1.000
1.000
0.873
0.854
0.999
1.000
1.000
0.980
0.969
0.717
0.673
0.954
1.000
1.000
0.889
0.866
1.000
1.000
0.881
0.945
1.000
1.000
0.958
0.841
0.872
0.912
0.801
0.759
0.733
0.715
0.755
0.742
0.838
1.000
0.997
1.000
0.988
0.871
0.950
1.000
0.756
0.765
0.745
1.000
1.000
1.000
1.000
1.000
1.000
0.891
1.000
1.000
1.000
1.000
1.000
1.000
0.980
0.912
0.860
1.000
1.000
1.000
0.853
0.758
0.943
0.963
0.923
0.983
1.000
1.000
1.000
1.000
0.999
1.000
1.000
0.896
0.881
0.846
0.749
0.784
0.795
0.839
0.793
0.742
0.863
0.859
0.872
0.759
0.740
0.746
0.776
0.762
0.842
0.828
0.863
0.749
0.951
1.000
1.000
0.939
0.987
0.973
0.869
0.881
0.908
0.899
0.901
0.923
0.873
0.874
0.808
0.857
0.918
0.894
0.913
0.922
0.935
0.988
0.898
0.847
0.827
0.810
0.850
0.836
0.897
0.824
0.851
0.658
0.872
0.859
0.881
0.874
0.824
0.859
0.863
0.781
0.781
0.741
0.852
0.933
1.000
1.000
1.000
1.000
0.995
0.945
0.896
0.849
0.851
0.913
1.000
0.991
0.952
0.854
0.906
0.856
0.863
0.870
0.887
0.913
0.854
0.839
0.867
0.916
0.916
0.938
0.803
0.807
0.839
0.892
0.865
0.946
0.932
0.937
0.850
0.895
0.845
0.806
0.803
0.803
0.956
0.933
1.000
1.000
1.000
1.000
1.000
0.984
0.978
0.992
1.000
1.000
0.990
0.896
0.927
1.000
0.938
1.000
1.000
0.858
0.633
0.773
0.833
0.876
0.941
1.000
1.000
0.997
1.000
0.964
0.986
0.897
1.000
1.000
0.955
0.895
0.986
0.978
1.000
0.911
0.936
0.942
1.000
0.942
0.936
1.000
0.972
0.979
0.939
0.965
0.875
0.933
0.977
0.845
0.891
0.908
0.807
0.813
0.803
0.847
0.867
0.804
0.839
0.810
0.995
0.959
0.844
0.663
0.818
0.791
0.819
0.893
0.852
0.907
0.911
1.000
1.000
1.000
1.000
1.000
1.000
1.000
1.000
0.960
0.965
0.875
0.889
0.948
1.000
0.904
0.858
0.871
0.758
0.710
0.862
0.899
0.772
0.738
0.692
0.946
0.971
0.882
0.999
1.000
0.870
0.664
0.765
1.000
0.974
0.977
0.960
0.936
1.000
1.000
0.925
0.849
1.000
1.000
1.000
0.840
0.770
0.866
0.996
1.000
1.000
1.000
1.000
1.000
1.000
1.000
1.000
0.929
0.843
0.986
0.864
0.812
0.766
0.907
0.974
1.000
1.000
1.000
1.000
0.704
0.937
1.000
1.000
0.849
0.762
1.000
1.000
0.966
0.951
0.846
1.000
1.000
0.874
1.000
1.000
1.000
1.000
0.986
0.805
0.700
0.789
0.951
0.881
0.902
0.953
0.955
1.000
1.000
0.825
0.910
0.956
1.000
0.977
1.000
1.000
1.000
0.992
1.000
0.937
1.000
1.000
0.983
0.850
0.777
0.746
0.795
1.000
1.000
1.000
0.988
0.891
0.815
0.952
0.965
0.784
0.791
1.000
0.968
0.981
0.972
0.863
0.918
0.954
0.935
0.852
0.814
0.908
0.987
0.937
0.921
0.869
0.966
0.935
0.926
0.956
0.894
0.942
0.943
0.885
0.997
0.933
0.917
0.855
0.823
0.701
0.761
0.788
0.899
0.926
0.847
0.767
1.000
1.000
1.000
1.000
1.000
0.986
0.993
0.924
0.932
0.856
0.827
0.781
0.789
0.820
0.827
0.833
0.850
0.821
0.801
0.960
0.897
0.748
0.759
0.717
0.856
0.749
0.728
0.786
0.792
0.831
0.897
0.806
0.820
0.802
0.965
0.835
0.735
0.747
0.793
0.778
0.664
0.721
0.869
0.802
0.764
0.775
0.790
0.765
0.684
0.626
0.684
0.661
0.697
0.608
0.616
0.804
0.770
0.807
0.766
0.815
0.742
0.660
0.793
0.902
0.771
0.731
0.759
0.666
0.844
0.810
0.839
0.892
1.000
1.000
0.970
0.815
0.791
0.843
0.843
0.838
0.788
0.774
0.929
0.899
0.904
0.833
0.886
0.800
0.907
0.895
0.891
0.889
0.835
0.765
0.707
0.763
0.822
1.000
1.000
0.878
0.907
0.878
0.859
0.810
0.996
0.840
0.792
0.748
0.865
1.000
0.983
0.977
0.839
0.830
0.820
0.827
0.742
0.934
0.839
0.763
0.800
0.952
0.872
0.898
0.845
0.840
0.792
0.810
0.778
0.800
0.820
0.866
0.963
0.858
0.894
1.000
0.979
0.838
0.892
0.881
0.773
0.828
0.849
0.777
0.789
0.860
0.829
0.824
0.787
0.719
0.961
1.000
0.981
0.857
0.845
0.748
0.748
0.779
0.743
0.750
0.808
0.713
0.829
0.864
0.816
0.758
0.632
0.780
0.824
0.839
0.769
0.683
0.741
0.699
0.710
0.677
0.713
0.703
0.726
0.755
0.666
0.833
0.846
0.877
0.938
0.913
0.900
0.988
0.911
0.983
0.964
0.925
0.962
0.891
0.757
0.669
0.697
0.607
0.818
0.992
0.828
0.887
0.797
0.889
0.807
0.889
0.784
0.721
0.656
0.657
0.635
0.659
0.613
0.629
0.683
0.705
0.713
0.993
0.946
0.953
0.917
1.000
0.906
0.914
0.973
1.000
1.000
1.000
0.992
1.000
1.000
1.000
0.967
1.000
1.000
1.000
1.000
1.000
0.956
0.791
0.761
0.861
1.000
0.981
0.931
1.000
0.998
0.942
1.000
0.923
0.862
1.000
1.000
0.961
0.920
0.920
0.958
0.913
0.797
0.983
1.000
0.670
0.714
0.639
0.507
0.627
0.652
1.000
1.000
1.000
1.000
0.986
0.981
1.000
0.937
0.883
0.790
0.812
0.934
0.973
0.945
1.000
0.897
1.000
0.990
1.000
1.000
0.915
0.899
0.961
1.000
0.911
0.883
0.990
0.945
1.000
1.000
0.993
1.000
1.000
1.000
1.000
1.000
0.994
1.000
0.823
0.981
0.903
0.851
1.000
0.966
0.956
1.000
0.992
0.977
0.550
0.853
0.914
0.988
1.000
0.978
1.000
0.965
0.929
1.000
0.964
1.000
0.934
0.951
0.895
0.797
0.728
0.637
0.647
0.829
0.896
0.964
1.000
0.967
1.000
1.000
0.885
0.924
0.888
0.879
0.855
0.736
0.851
0.979
0.987
0.876
0.931
0.976
1.000
1.000
0.965
0.885
0.793
0.881
0.814
0.731
0.772
0.781
1.000
1.000
0.994
0.863
0.863
1.000
0.975
1.000
1.000
0.977
0.907
0.964
0.844
0.841
0.889
0.922
0.831
0.882
0.826
0.821
0.834
0.749
0.798
0.956
0.981
0.879
0.808
0.765
0.821
0.800
0.778
0.729
0.696
0.695
0.735
0.729
0.784
0.885
0.907
0.974
0.903
0.920
0.828
0.861
0.831
0.851
0.798
0.703
0.699
0.736
0.723
0.856
0.895
0.896
0.917
0.836
0.805
0.847
0.892
1.000
0.846
0.940
0.897
0.843
0.910
0.821
0.913
0.805
0.927
0.852
0.859
0.799
0.828
0.870
0.782
0.896
0.838
0.919
0.903
0.874
0.872
1.000
1.000
0.962
1.000
0.908
0.963
0.904
0.801
0.829
0.809
0.793
0.806
0.794
0.866
0.998
0.969
1.000
1.000
0.982
1.000
0.998
0.921
0.911
0.884
0.856
0.839
0.856
0.892
0.929
0.806
0.802
0.812
0.811
0.785
0.731
0.939
0.976
1.000
1.000
0.962
0.930
1.000
0.893
0.854
0.920
0.893
0.841
0.992
1.000
1.000
0.904
0.883
0.791
0.818
0.857
0.921
0.979
0.939
0.947
0.864
0.784
0.849
0.901
0.928
0.924
0.931
0.911
0.985
0.849
0.904
0.835
0.830
0.802
0.788
0.824
0.930
1.000
0.951
0.944
0.885
0.946
0.812
0.880
0.909
0.956
0.899
0.915
0.905
0.891
0.876
0.861
0.951
0.996
0.761
0.877
0.912
0.926
0.959
0.918
0.867
0.831
0.840
0.800
0.829
0.873
0.849
0.847
0.805
0.971
1.000
1.000
1.000
0.991
1.000
1.000
0.764
0.772
0.855
0.717
0.629
0.680
0.625
0.645
0.894
0.888
0.872
0.841
1.000
0.913
1.000
1.000
1.000
1.000
0.949
0.925
1.000
0.826
0.763
0.844
1.000
0.985
0.994
0.987
0.971
0.925
0.905
0.855
0.963
0.920
0.928
0.862
0.905
0.953
0.849
0.840
0.900
0.803
0.899
0.846
1.000
1.000
1.000
1.000
0.905
0.939
1.000
0.989
0.975
1.000
1.000
1.000
1.000
1.000
0.975
1.000
1.000
1.000
0.999
1.000
1.000
1.000
1.000
0.980
0.961
1.000
1.000
1.000
0.945
0.945
1.000
0.909
1.000
1.000
1.000
1.000
1.000
1.000
0.937
0.917
0.969
0.935
0.939
1.000
1.000
1.000
0.892
0.965
1.000
1.000
1.000
0.985
1.000
0.884
0.653
0.982
0.982
0.876
0.762
0.930
1.000
0.951
0.859
0.891
0.979
0.928
0.945
1.000
1.000
1.000
0.956
0.773
0.659
0.911
0.998
0.878
0.757
0.703
0.535
0.616
0.945
0.878
0.711
0.676
0.936
1.000
1.000
1.000
0.833
0.821
0.814
0.881
0.855
0.945
0.841
0.822
0.789
0.810
0.776
0.864
0.981
0.947
0.816
0.839
0.938
0.968
0.931
1.000
0.843
0.854
1.000
1.000
1.000
1.000
1.000
1.000
1.000
0.968
0.942
0.971
1.000
1.000
0.982
0.835
0.752
0.817
0.868
0.935
1.000
0.729
0.834
0.930
0.961
0.950
0.805
0.731
0.793
0.744
0.956
0.978
1.000
1.000
0.991
0.863
0.882
0.807
0.821
0.934
0.951
0.988
0.736
0.746
0.787
0.923
1.000
0.856
0.768
0.738
0.707
0.696
0.709
0.714
0.704
0.725
0.892
0.992
0.894
0.998
0.856
0.933
0.932
0.928
0.866
0.962
0.859
0.795
0.771
0.889
0.904
0.905
0.902
0.913
0.877
0.914
0.892
0.939
0.848
0.832
0.905
0.891
0.899
0.958
0.886
0.905
0.757
0.884
1.000
0.932
0.986
1.000
1.000
0.971
0.965
0.890
0.840
0.842
0.826
0.842
0.929
0.987
0.978
0.953
0.970
1.000
0.928
0.846
0.864
0.807
0.895
0.923
0.911
0.991
0.900
0.882
1.000
0.932
0.869
0.999
0.999
0.923
0.922
1.000
1.000
0.974
1.000
1.000
1.000
0.888
0.735
0.818
0.847
0.940
0.951
0.914
0.881
0.901
0.897
0.851
0.846
0.871
0.799
0.837
0.811
0.823
0.874
0.944
0.918
0.961
1.000
0.971
0.947
0.891
0.872
0.911
0.910
0.852
0.852
0.877
0.878
0.832
0.859
0.874
0.909
0.820
0.936
0.835
1.000
1.000
0.901
0.873
0.787
0.869
0.798
0.909
0.997
0.882
0.879
0.874
0.836
0.994
1.000
0.874
0.900
0.753
0.873
0.842
1.000
1.000
0.947
0.847
0.884
0.909
0.945
1.000
0.998
1.000
0.931
0.931
1.000
0.994
0.942
0.808
0.836
0.710
0.536
0.599
0.648
0.736
0.904
0.812
0.906
0.873
0.773
0.921
0.969
0.900
0.927
0.894
0.936
1.000
0.910
0.874
0.939
0.765
0.591
0.563
0.500
0.596
0.639
0.680
0.772
0.812
0.828
0.798
0.795
0.888
0.913
0.994
0.963
0.872
1.000
0.972
0.848
0.903
0.998
1.000
0.802
0.785
0.756
0.786
0.892
1.000
1.000
1.000
1.000
1.000
1.000
0.948
0.916
0.907
0.871
0.788
0.784
0.866
1.000
0.997
1.000
1.000
0.968
0.980
0.833
0.748
0.752
0.820
0.638
0.790
0.885
0.969
0.962
0.904
0.558
0.555
0.643
0.669
0.600
0.706
0.657
0.771
0.981
0.905
0.896
1.000
1.000
1.000
0.978
0.981
0.988
0.920
1.000
1.000
0.990
0.833
0.855
1.000
1.000
0.978
1.000
0.836
1.000
1.000
1.000
1.000
0.902
0.869
0.866
0.962
0.711
0.906
0.851
0.752
0.726
0.653
0.802
0.862
0.900
1.000
1.000
1.000
1.000
1.000
1.000
0.960
0.946
0.988
0.942
0.863
0.754
0.995
0.933
0.916
0.828
1.000
0.884
0.908
0.925
1.000
1.000
0.836
0.747
1.000
0.903
1.000
0.958
0.891
0.712
0.661
0.670
0.939
0.947
1.000
1.000
0.770
0.711
0.762
0.768
0.730
0.775
0.905
1.000
0.819
0.725
0.905
1.000
0.909
0.985
1.000
1.000
1.000
0.896
0.850
0.822
0.911
0.977
0.977
0.873
0.848
0.805
0.942
0.974
0.922
0.863
0.895
0.838
0.683
0.968
1.000
0.951
0.943
0.928
0.838
0.845
0.935
0.974
1.000
1.000
0.999
0.840
0.755
0.854
0.888
0.909
0.933
1.000
0.912
0.740
0.757
0.821
0.855
0.872
0.906
0.818
0.800
0.733
0.717
0.673
0.691
0.669
0.711
0.729
0.740
0.744
0.746
0.908
0.881
0.799
0.703
0.878
0.994
0.890
0.791
0.768
0.857
0.844
0.859
0.751
0.702
0.751
0.721
0.698
0.672
0.651
0.708
0.970
0.805
0.721
0.743
0.778
0.752
0.680
0.783
0.763
0.705
0.777
0.855
0.901
0.888
0.936
0.872
0.879
0.753
0.750
0.714
0.707
0.712
0.848
0.775
0.768
0.828
0.963
0.716
0.510
0.893
0.832
0.660
0.603
0.647
0.585
0.573
0.618
0.594
0.728
0.597
0.660
0.592
0.610
0.591
0.602
0.721
0.817
0.728
0.674
0.656
0.838
0.659
0.675
0.634
0.603
0.587
0.749
0.957
0.977
0.929
0.937
0.848
0.883
0.899
0.993
0.924
0.841
1.000
1.000
0.966
0.890
0.931
0.922
0.894
0.893
0.904
0.807
0.793
1.000
1.000
0.871
0.852
0.865
0.934
0.962
0.935
1.000
1.000
0.990
1.000
1.000
0.889
0.919
1.000
1.000
1.000
0.940
0.917
0.942
0.963
0.928
0.894
0.902
0.979
0.865
0.773
0.814
1.000
0.966
0.815
0.840
0.801
0.845
0.914
0.891
0.752
0.880
0.862
0.966
0.858
0.769
0.745
0.689
0.796
0.895
0.871
0.895
0.836
0.813
0.835
0.793
0.889
0.898
0.961
0.785
0.939
0.992
0.886
0.909
0.860
0.855
0.700
0.831
0.932
0.649
0.527
0.574
0.657
0.704
0.841
0.782
0.843
0.763
0.781
0.776
0.922
0.783
0.568
0.635
0.577
0.637
0.688
0.823
0.753
0.801
0.660
0.630
0.536
0.480
0.537
0.711
0.706
0.757
0.776
0.755
0.900
0.855
0.686
0.724
0.760
0.733
0.729
0.860
1.000
1.000
1.000
1.000
0.980
0.905
1.000
0.871
0.633
0.624
0.658
0.749
1.000
1.000
0.974
0.831
0.845
0.803
0.927
0.960
1.000
0.765
0.927
1.000
1.000
0.995
0.951
0.968
1.000
1.000
1.000
1.000
0.979
1.000
0.921
1.000
1.000
1.000
0.927
0.916
0.923
1.000
1.000
1.000
1.000
1.000
0.990
1.000
0.894
0.858
1.000
0.980
1.000
0.985
0.915
0.875
0.832
0.787
0.597
0.760
0.740
0.875
0.786
0.683
0.652
0.825
0.929
0.752
0.787
0.769
0.803
0.906
0.925
1.000
1.000
1.000
1.000
1.000
0.943
1.000
0.899
0.927
1.000
0.994
0.963
1.000
0.941
0.861
0.987
1.000
1.000
0.983
0.867
0.866
0.792
0.831
0.888
1.000
0.945
0.923
0.945
1.000
0.773
0.840
0.805
0.918
0.948
1.000
1.000
0.779
0.679
0.667
0.684
0.806
0.799
1.000
1.000
0.860
0.901
0.987
0.926
0.863
0.846
0.915
1.000
0.930
0.943
0.982
1.000
0.917
0.919
0.997
0.868
0.875
0.861
0.753
0.734
0.754
0.761
0.747
0.714
0.725
0.698
0.748
0.859
0.818
0.889
0.836
0.917
0.846
0.767
0.728
0.903
1.000
0.963
1.000
0.972
0.993
0.932
0.961
0.907
0.930
0.847
0.791
0.768
0.760
0.789
0.790
0.768
0.942
0.935
1.000
0.943
0.890
0.917
0.828
0.898
0.913
0.939
0.853
0.870
0.760
0.823
0.828
0.843
0.825
0.770
0.745
0.762
0.759
0.790
0.854
0.876
0.871
0.876
0.839
0.844
0.891
0.943
0.877
0.763
0.914
1.000
1.000
1.000
1.000
0.878
0.798
0.743
0.790
0.785
0.848
0.952
1.000
0.969
0.886
0.845
1.000
0.999
0.977
0.844
0.775
0.848
0.843
0.882
0.867
0.852
0.854
0.899
1.000
1.000
1.000
1.000
1.000
1.000
0.814
0.864
0.908
0.863
0.861
0.933
1.000
1.000
0.928
0.996
0.976
1.000
1.000
1.000
0.991
1.000
0.914
0.868
0.876
0.790
0.972
1.000
0.991
1.000
1.000
1.000
0.939
0.917
0.977
0.954
0.984
0.983
0.951
0.887
0.979
1.000
1.000
1.000
0.936
1.000
1.000
1.000
0.974
0.905
0.857
0.899
1.000
1.000
0.945
0.714
0.718
0.875
0.808
0.554
0.703
0.680
0.822
0.865
0.901
0.736
0.762
0.767
0.760
0.814
0.764
0.727
0.816
0.856
0.761
0.741
0.775
0.763
0.908
0.920
0.872
1.000
1.000
1.000
0.922
0.837
0.892
0.897
0.897
0.856
0.936
0.943
0.930
0.926
0.801
0.810
0.768
0.853
0.769
0.801
0.871
0.845
0.996
0.986
0.999
0.918
0.784
0.906
0.875
1.000
0.958
0.977
0.924
0.993
0.982
1.000
1.000
1.000
1.000
1.000
0.992
0.955
0.956
1.000
1.000
1.000
1.000
1.000
0.973
0.929
1.000
1.000
1.000
0.977
0.908
1.000
0.996
0.884
0.887
0.792
0.845
0.928
1.000
0.959
1.000
1.000
1.000
1.000
1.000
0.973
0.921
1.000
0.693
0.813
0.797
0.801
0.988
0.903
0.821
0.717
0.873
1.000
1.000
1.000
1.000
1.000
1.000
1.000
1.000
1.000
1.000
0.924
1.000
1.000
1.000
1.000
1.000
1.000
1.000
1.000
0.885
1.000
1.000
0.985
0.744
0.677
0.874
1.000
1.000
0.951
0.732
0.641
0.968
1.000
0.739
0.847
0.987
0.996
1.000
0.806
0.689
0.547
0.853
1.000
1.000
0.927
0.808
0.705
0.699
0.672
1.000
1.000
0.956
0.723
0.856
1.000
1.000
1.000
1.000
1.000
1.000
0.962
0.883
0.894
0.956
1.000
1.000
1.000
0.987
1.000
1.000
1.000
1.000
0.993
1.000
0.888
0.938
0.923
1.000
0.656
0.667
0.596
0.651
0.807
0.813
0.792
0.686
0.732
0.744
0.972
1.000
0.980
0.953
1.000
0.918
1.000
0.906
0.852
0.936
0.995
1.000
1.000
1.000
0.966
1.000
0.902
0.946
0.843
0.766
0.781
0.722
0.721
0.721
0.720
0.717
0.690
0.711
0.778
0.854
0.873
0.740
0.782
0.684
0.680
0.664
0.642
0.832
0.844
0.787
0.726
0.689
0.648
0.638
0.923
0.847
0.778
0.861
0.749
0.783
0.666
0.722
0.635
0.675
0.762
0.783
0.807
0.853
0.823
0.970
0.806
0.762
0.743
0.914
0.738
0.824
0.897
0.924
0.820
0.723
0.771
0.663
0.964
0.968
0.980
0.815
0.814
0.912
0.971
0.989
1.000
0.997
0.957
0.982
0.987
1.000
0.938
0.920
0.909
0.938
0.792
0.875
0.885
0.922
1.000
0.935
0.970
0.950
0.881
0.787
0.775
0.967
1.000
1.000
1.000
1.000
0.864
0.849
0.829
0.959
0.978
0.969
0.986
0.875
0.744
0.812
0.963
0.807
0.746
0.843
0.917
0.910
0.893
0.981
0.929
0.852
0.759
0.798
0.925
0.751
0.870
0.767
0.886
0.922
0.912
0.947
0.835
0.949
1.000
0.924
0.860
0.846
0.915
0.815
0.813
0.808
0.800
0.805
0.798
0.907
0.816
0.753
0.679
0.788
0.633
0.740
0.907
1.000
1.000
0.831
0.776
0.809
0.899
0.894
0.911
0.854
0.773
0.822
0.762
0.625
0.608
0.698
0.719
0.766
0.714
0.667
0.673
0.809
0.849
0.751
0.961
0.643
0.648
0.583
0.593
0.630
0.759
0.660
0.699
0.689
0.696
0.746
0.893
0.907
0.908
0.889
0.910
0.807
0.847
0.905
0.751
1.000
1.000
1.000
0.933
0.991
1.000
1.000
1.000
1.000
1.000
1.000
1.000
1.000
1.000
1.000
0.883
0.866
1.000
0.950
0.909
0.934
0.913
0.932
0.937
0.838
0.850
0.842
0.811
0.725
0.594
0.983
1.000
0.986
1.000
1.000
1.000
0.945
0.991
0.972
1.000
1.000
1.000
0.888
0.818
0.766
0.732
0.943
1.000
1.000
0.927
0.955
1.000
0.893
0.891
0.824
0.788
0.818
0.810
0.648
0.707
0.664
0.768
0.854
0.903
0.951
0.734
0.773
0.761
0.613
0.697
0.663
0.708
0.705
0.661
0.811
0.838
0.997
0.927
1.000
1.000
0.946
0.937
0.944
1.000
0.921
1.000
1.000
0.640
0.609
0.841
0.879
0.999
0.974
0.883
1.000
1.000
1.000
0.996
1.000
1.000
1.000
0.739
0.506
0.833
1.000
1.000
0.948
0.759
0.940
0.987
1.000
0.991
0.951
0.916
1.000
0.853
1.000
0.870
0.999
0.866
0.913
0.880
1.000
0.998
0.907
0.966
0.838
0.767
0.734
0.992
1.000
0.800
0.868
1.000
1.000
0.923
1.000
1.000
1.000
1.000
1.000
1.000
1.000
1.000
1.000
1.000
0.909
1.000
1.000
1.000
1.000
1.000
0.942
0.974
0.971
0.998
0.904
0.907
0.832
0.765
0.791
0.737
0.842
1.000
0.899
0.803
0.756
0.666
0.684
0.805
0.999
1.000
0.965
1.000
1.000
0.974
0.862
0.782
0.955
0.882
0.872
0.919
1.000
0.927
0.942
0.935
0.965
0.851
0.749
0.780
0.776
0.828
0.803
0.796
0.742
0.734
0.708
0.675
0.810
0.844
0.794
0.705
0.718
0.787
0.965
0.904
0.821
0.906
0.979
0.965
0.912
0.900
1.000
1.000
0.936
0.866
0.746
0.708
0.743
0.790
0.797
0.888
0.829
0.791
0.752
0.698
0.723
0.808
0.740
0.928
0.937
0.832
0.773
0.751
0.974
0.834
0.855
0.935
0.883
0.853
0.887
0.838
0.928
0.842
0.753
0.761
0.734
0.964
1.000
0.960
0.941
0.915
0.852
0.824
0.826
0.860
0.989
0.982
1.000
0.980
0.927
0.979
0.907
0.899
0.986
0.936
0.911
0.969
0.808
0.808
0.814
0.833
0.843
0.919
0.984
0.960
0.797
0.867
0.864
0.784
0.765
0.765
0.638
0.820
0.746
0.819
1.000
1.000
0.902
0.876
1.000
0.944
0.793
0.932
0.890
0.906
0.824
0.868
0.847
0.770
0.902
0.899
0.953
1.000
0.874
0.986
0.968
0.836
0.874
0.882
0.839
0.827
0.742
0.806
0.943
0.977
0.908
0.800
1.000
1.000
0.984
0.979
0.981
0.939
0.846
0.876
0.931
1.000
1.000
1.000
0.988
0.950
0.772
0.558
0.713
0.660
0.748
0.709
0.705
0.747
0.739
0.804
0.749
0.784
0.888
0.860
0.911
0.913
0.840
0.938
0.839
0.901
0.920
0.891
0.863
0.920
1.000
0.979
0.966
0.933
1.000
1.000
0.948
0.996
0.864
0.909
0.925
1.000
0.970
0.825
0.867
0.885
0.889
0.847
0.911
0.887
1.000
1.000
0.969
1.000
1.000
0.925
0.865
0.915
1.000
1.000
1.000
1.000
1.000
0.948
0.920
0.915
0.959
0.919
0.856
0.928
1.000
1.000
0.967
1.000
1.000
1.000
1.000
0.960
0.974
0.922
0.909
0.926
0.918
0.894
0.960
1.000
0.899
0.996
1.000
1.000
0.894
1.000
1.000
1.000
0.993
1.000
1.000
0.994
1.000
1.000
0.956
1.000
1.000
1.000
0.970
0.811
0.765
0.791
0.748
0.908
1.000
0.968
0.720
0.770
0.897
0.929
0.920
0.897
0.706
0.677
0.585
0.680
0.824
0.901
0.936
0.977
0.964
0.865
0.990
1.000
1.000
1.000
1.000
1.000
0.946
0.803
0.920
0.994
0.895
0.888
1.000
1.000
0.995
0.832
0.979
1.000
1.000
1.000
0.978
1.000
0.970
1.000
0.962
1.000
0.970
1.000
0.979
0.954
0.824
0.780
0.777
0.753
0.734
0.932
0.975
0.740
0.720
0.647
0.627
0.849
0.778
1.000
1.000
1.000
0.904
0.797
0.808
0.983
1.000
0.897
0.746
0.645
0.680
0.915
1.000
0.998
1.000
1.000
0.962
0.896
0.870
0.915
1.000
1.000
1.000
0.917
0.885
1.000
0.992
1.000
0.929
0.839
0.958
1.000
0.983
0.785
0.852
0.930
1.000
1.000
0.863
0.822
0.806
0.946
0.884
0.970
0.975
0.822
0.828
0.861
0.908
1.000
1.000
0.996
0.918
0.840
0.786
0.818
0.734
0.710
0.736
0.767
0.732
0.738
0.816
1.000
0.800
0.722
0.724
0.662
0.734
0.753
0.724
0.770
0.708
0.694
0.796
0.784
0.851
0.782
0.886
0.935
0.987
1.000
0.922
1.000
0.983
0.918
0.895
0.794
0.811
0.957
0.962
0.840
0.755
0.709
0.738
0.726
0.712
0.699
0.900
1.000
1.000
1.000
1.000
1.000
0.872
1.000
0.804
0.720
0.900
0.846
0.754
0.930
0.971
0.938
0.990
0.942
0.851
0.933
0.948
1.000
1.000
1.000
0.981
0.939
0.964
0.966
1.000
0.912
0.910
0.860
0.907
0.998
0.954
0.934
1.000
0.950
1.000
0.961
0.921
0.815
0.868
0.909
0.979
0.961
0.952
0.926
0.832
0.860
0.798
0.771
0.769
0.815
0.804
0.804
0.939
0.942
0.880
0.758
0.827
0.794
0.829
0.850
0.968
1.000
1.000
1.000
0.943
0.821
0.868
0.912
0.956
0.913
0.971
0.935
0.969
0.992
0.904
0.901
0.910
0.865
0.895
0.985
0.847
0.816
0.858
0.897
0.891
0.955
1.000
0.964
0.938
0.876
0.970
0.965
0.863
0.901
0.884
0.940
0.927
0.936
0.993
0.853
0.714
0.566
0.610
0.688
0.760
0.808
0.846
0.876
0.901
0.831
0.885
0.855
0.906
0.978
0.965
0.968
0.938
0.906
0.798
0.861
0.989
0.939
0.916
0.802
0.812
0.858
0.853
0.832
0.943
0.900
1.000
0.994
0.916
0.936
1.000
1.000
0.908
1.000
0.987
1.000
0.802
0.959
0.972
0.859
0.885
1.000
0.908
0.882
1.000
1.000
1.000
0.967
0.962
0.945
0.910
0.992
1.000
1.000
0.951
0.937
0.880
0.814
0.962
0.883
0.906
1.000
0.861
0.871
0.944
0.824
0.895
0.820
0.780
0.963
0.917
1.000
0.998
0.905
0.962
0.934
0.951
1.000
0.848
0.655
0.642
0.637
0.678
0.872
1.000
1.000
0.822
0.923
1.000
1.000
1.000
1.000
0.864
0.769
0.799
0.907
0.789
0.905
0.996
0.917
0.979
1.000
0.939
1.000
1.000
0.905
0.834
1.000
0.968
1.000
1.000
0.977
0.960
1.000
1.000
1.000
1.000
1.000
0.834
0.830
0.830
1.000
1.000
1.000
0.869
0.924
0.966
0.970
0.825
0.774
0.819
0.827
0.805
0.845
0.775
0.951
0.977
0.912
0.721
0.715
0.726
0.801
0.832
0.975
0.972
0.929
1.000
1.000
1.000
0.757
0.876
1.000
1.000
1.000
0.993
0.979
1.000
1.000
1.000
1.000
0.973
0.895
0.814
0.771
0.736
0.872
0.814
0.831
0.790
0.747
0.743
0.791
0.699
0.785
0.844
0.898
0.870
0.824
0.770
0.749
0.747
0.740
0.755
0.857
1.000
0.976
0.975
1.000
1.000
0.923
0.912
0.823
0.828
0.768
0.777
0.852
0.883
0.867
1.000
1.000
0.969
0.781
0.761
1.000
1.000
1.000
0.941
0.802
0.845
0.794
0.812
0.818
0.802
0.896
0.736
0.718
0.634
0.659
0.804
0.750
0.830
0.818
0.792
0.783
0.825
0.800
0.712
0.820
0.849
0.901
0.684
0.725
0.889
0.817
0.692
0.759
0.764
0.899
0.910
0.944
0.882
0.796
0.729
0.741
0.798
0.840
0.784
1.000
0.875
0.935
1.000
0.929
0.849
0.818
0.787
0.796
0.731
0.880
1.000
0.871
0.835
0.757
0.725
0.721
0.789
0.818
0.784
0.775
0.744
0.702
0.694
0.700
0.762
0.737
0.889
0.964
1.000
1.000
0.886
0.850
0.803
0.760
0.849
1.000
0.740
0.743
0.967
0.985
0.913
0.788
0.632
0.693
0.699
0.867
0.973
0.872
0.812
0.858
0.989
1.000
0.998
1.000
0.963
0.873
0.983
0.987
0.984
0.825
0.810
0.801
0.837
0.771
0.800
0.993
1.000
1.000
1.000
0.971
0.938
0.811
0.812
0.923
0.980
0.940
0.978
0.858
0.859
0.596
0.610
0.985
0.991
0.764
0.761
0.694
0.697
0.781
0.948
0.847
0.955
0.887
0.874
1.000
0.854
0.823
0.856
0.775
0.822
0.890
0.897
0.882
0.836
0.825
0.852
0.823
0.991
1.000
0.982
0.975
1.000
0.890
1.000
0.994
1.000
0.965
0.968
0.952
0.977
1.000
0.936
0.847
0.816
0.796
0.923
1.000
0.955
0.856
0.922
0.928
0.879
0.916
0.981
0.958
0.812
0.843
0.864
0.752
0.821
0.895
1.000
0.800
0.787
0.902
1.000
1.000
1.000
1.000
1.000
1.000
0.993
0.942
0.985
0.796
0.741
0.881
0.796
0.929
0.746
0.736
0.678
0.585
0.780
0.731
0.870
0.770
0.668
0.727
0.728
0.747
0.744
0.736
0.677
0.716
0.667
0.900
0.664
0.954
0.945
1.000
1.000
1.000
1.000
0.991
1.000
1.000
1.000
1.000
0.960
1.000
1.000
1.000
0.993
1.000
1.000
0.923
0.882
0.934
0.721
0.644
0.596
0.686
0.695
0.909
0.949
0.974
1.000
1.000
1.000
0.916
0.905
0.952
1.000
1.000
1.000
0.980
1.000
1.000
0.838
0.657
0.839
0.987
1.000
1.000
1.000
0.938
1.000
1.000
1.000
1.000
1.000
1.000
1.000
0.983
1.000
1.000
1.000
1.000
1.000
0.925
0.973
0.924
0.874
0.968
0.943
1.000
1.000
0.945
0.835
0.748
0.607
0.599
0.566
0.995
0.955
0.899
0.989
0.972
0.909
1.000
0.991
0.947
0.936
0.864
0.801
0.898
0.944
0.961
0.854
0.930
0.857
0.775
0.937
0.954
0.990
0.914
0.788
0.771
0.927
0.943
0.903
0.890
1.000
1.000
0.984
0.863
1.000
0.901
0.791
0.699
0.998
1.000
0.861
0.801
0.863
1.000
0.984
0.896
0.778
0.838
0.971
0.973
0.968
1.000
0.839
0.800
0.755
0.774
0.944
0.963
0.965
0.942
0.996
1.000
0.983
1.000
1.000
0.925
0.812
1.000
1.000
0.953
0.859
0.913
0.878
0.927
0.952
0.885
0.813
0.863
0.938
1.000
1.000
1.000
0.902
0.995
0.930
0.776
0.842
0.812
0.765
0.694
0.712
0.774
0.851
0.791
0.680
0.700
0.775
0.745
0.727
0.717
0.717
0.679
0.672
0.644
0.676
0.773
0.827
0.751
0.864
0.742
0.868
0.853
0.925
0.906
0.764
0.736
0.761
0.723
0.750
0.764
0.892
0.989
1.000
1.000
1.000
0.877
0.783
0.726
0.842
0.891
0.867
0.899
0.979
0.970
0.958
1.000
1.000
0.990
0.932
0.849
0.921
0.995
0.871
0.977
0.963
0.924
0.919
0.856
0.857
0.835
0.843
0.911
0.856
0.912
0.952
0.940
0.838
0.863
0.886
0.958
0.933
0.852
0.806
0.741
0.774
0.920
1.000
0.896
0.818
0.811
0.880
0.986
0.939
0.864
0.942
0.853
0.846
0.930
0.867
0.949
0.873
0.866
0.793
0.729
0.670
0.658
0.690
0.749
0.694
0.847
0.713
0.639
0.788
0.842
0.752
0.775
0.647
0.684
0.695
0.752
0.720
0.792
0.808
0.788
0.799
1.000
0.701
0.744
0.723
0.754
0.783
0.809
0.889
0.989
0.962
0.979
0.792
0.772
0.645
0.764
0.696
0.744
0.724
0.687
0.782
0.795
0.853
0.913
0.909
0.898
0.816
0.724
0.881
0.840
0.818
0.947
0.943
0.850
0.891
1.000
1.000
1.000
1.000
0.957
0.928
0.997
0.999
0.944
0.965
0.938
0.867
0.775
0.791
1.000
1.000
0.946
0.882
0.991
0.988
0.891
0.926
0.852
0.938
1.000
0.962
0.954
0.836
0.858
0.793
0.965
0.930
0.925
0.992
1.000
0.824
0.841
0.816
0.991
1.000
1.000
1.000
1.000
0.958
0.775
0.814
0.536
0.624
0.624
0.528
0.609
0.594
0.690
0.717
0.728
0.686
0.739
0.708
0.737
0.789
0.819
0.747
0.697
0.607
0.740
0.929
0.857
0.885
0.866
0.972
1.000
1.000
0.984
1.000
1.000
1.000
0.977
0.986
1.000
0.999
0.911
1.000
0.920
0.840
1.000
0.988
1.000
1.000
0.952
0.994
0.772
0.821
1.000
1.000
1.000
1.000
1.000
0.992
1.000
0.964
0.900
0.881
0.763
0.746
0.773
0.694
0.961
1.000
1.000
0.988
1.000
1.000
0.796
0.849
1.000
1.000
1.000
0.816
0.709
1.000
1.000
0.942
0.821
0.845
0.916
0.916
0.907
0.972
0.939
0.960
0.872
0.823
1.000
0.971
0.878
0.906
1.000
1.000
0.885
0.838
0.940
1.000
1.000
1.000
0.997
0.877
1.000
0.994
1.000
0.867
0.874
0.791
0.822
0.945
0.968
0.973
0.938
1.000
0.829
0.786
0.811
0.982
1.000
1.000
1.000
1.000
1.000
0.895
0.785
0.899
1.000
1.000
0.775
0.787
1.000
0.995
1.000
0.929
1.000
1.000
0.962
0.972
1.000
1.000
0.978
1.000
1.000
0.945
1.000
1.000
0.988
0.921
0.940
0.947
0.961
0.806
0.796
0.771
0.927
0.825
0.909
1.000
0.999
0.928
0.873
0.816
0.769
0.770
0.828
0.759
0.745
0.771
0.817
0.771
0.874
0.933
0.746
0.799
0.733
0.752
0.876
0.958
0.979
0.929
0.879
0.922
0.957
0.914
0.835
0.798
0.868
0.915
0.921
0.923
0.844
0.819
0.765
0.793
0.789
0.832
0.876
0.901
0.915
0.916
0.798
0.711
0.837
0.916
0.820
0.803
0.831
0.963
0.972
0.805
0.715
0.689
0.713
0.727
0.775
0.901
0.856
0.793
0.872
0.905
0.679
0.717
0.698
0.812
0.908
0.754
0.715
0.716
0.760
0.677
0.779
0.857
0.969
0.822
0.870
0.809
0.780
0.797
0.746
0.787
0.724
0.925
1.000
1.000
1.000
0.973
1.000
1.000
1.000
0.847
0.799
0.805
0.933
0.706
0.703
0.763
0.661
0.645
0.635
0.655
0.790
0.881
0.981
0.987
0.869
0.821
0.937
0.975
0.722
0.619
0.579
0.706
0.760
0.985
1.000
1.000
1.000
1.000
0.780
0.732
0.812
0.965
0.987
0.957
0.948
0.807
0.800
0.983
0.982
0.878
0.814
0.969
0.799
0.789
0.783
0.791
0.893
0.987
0.963
0.923
0.908
0.734
0.835
0.712
0.840
0.788
0.873
0.806
0.819
1.000
0.932
0.875
0.939
0.990
0.900
0.724
0.797
0.895
0.838
0.954
0.882
0.927
1.000
1.000
1.000
1.000
0.876
0.944
0.818
0.832
0.760
0.701
0.661
0.655
0.576
0.731
0.647
0.762
0.905
0.755
0.848
0.914
0.932
0.841
0.804
0.756
0.864
0.880
0.788
0.780
0.957
0.805
0.775
0.992
0.864
0.896
0.991
0.753
0.978
1.000
0.994
0.810
0.824
0.749
0.808
0.922
0.822
0.782
0.689
0.705
0.749
0.730
0.840
0.872
0.729
0.993
1.000
1.000
0.905
0.847
0.686
0.856
0.999
0.900
1.000
1.000
0.984
1.000
1.000
1.000
1.000
0.991
0.860
0.873
0.971
1.000
0.965
1.000
1.000
1.000
1.000
0.983
0.831
0.826
0.793
1.000
1.000
0.920
1.000
0.886
0.988
0.945
1.000
0.948
1.000
1.000
1.000
0.947
1.000
0.763
0.907
1.000
0.804
0.637
0.621
0.689
0.671
0.826
1.000
1.000
1.000
0.875
0.675
0.857
0.729
0.652
0.590
0.705
0.933
0.950
1.000
1.000
0.932
0.959
0.971
0.884
0.893
0.825
0.738
0.718
0.727
0.973
0.967
0.979
1.000
1.000
1.000
1.000
0.905
0.927
0.798
0.996
1.000
0.959
0.941
0.657
0.678
0.765
0.732
0.653
0.933
0.749
0.701
0.790
1.000
0.734
0.955
1.000
0.853
0.738
0.703
0.907
0.991
1.000
0.891
1.000
0.903
1.000
1.000
0.824
0.687
0.839
0.826
0.685
0.744
0.760
0.736
0.770
0.866
0.918
0.876
1.000
1.000
0.965
0.959
1.000
1.000
1.000
1.000
1.000
1.000
1.000
1.000
0.932
0.853
0.824
0.917
0.902
0.829
0.744
0.753
0.734
0.731
0.683
0.928
0.930
0.888
0.779
0.905
0.851
0.840
0.881
1.000
0.990
0.957
0.902
0.807
0.712
0.846
0.856
0.820
0.892
0.888
0.815
0.711
0.723
0.815
0.996
0.871
0.706
0.763
0.694
0.738
0.725
0.833
0.826
1.000
0.983
0.993
0.870
0.970
0.880
0.935
0.881
0.845
0.798
0.704
0.799
0.874
0.828
0.848
0.937
0.871
0.958
0.954
0.890
0.767
0.784
0.786
0.654
0.814
0.831
0.921
0.813
0.942
0.973
0.815
0.910
0.738
0.831
0.839
0.844
0.830
0.770
0.864
1.000
1.000
0.984
0.916
0.884
1.000
0.851
0.956
0.976
0.895
0.987
1.000
0.821
0.835
0.823
0.766
0.779
0.799
0.661
0.655
0.658
0.787
0.972
1.000
1.000
0.982
1.000
0.970
0.956
0.968
0.918
0.876
0.790
0.851
0.831
0.824
0.809
0.940
0.767
0.639
0.721
0.697
0.791
0.849
0.880
0.980
0.852
0.866
0.852
0.710
0.787
0.771
0.795
0.741
0.816
0.807
0.718
0.782
0.814
0.837
0.784
0.857
0.895
0.847
0.899
0.865
0.877
0.927
0.897
0.876
0.968
0.880
0.944
0.948
0.896
0.804
0.818
0.930
0.967
0.991
0.940
1.000
1.000
1.000
0.899
0.900
1.000
1.000
1.000
1.000
1.000
1.000
0.884
1.000
1.000
0.992
0.953
1.000
0.915
0.997
1.000
0.847
0.911
0.986
1.000
1.000
1.000
0.993
1.000
0.950
0.997
0.947
0.920
1.000
0.790
0.806
0.708
0.742
0.793
0.803
0.775
0.819
0.886
0.652
0.684
1.000
0.878
0.838
0.801
0.836
0.764
0.988
0.852
1.000
1.000
1.000
1.000
1.000
0.978
1.000
0.959
0.735
0.720
0.696
0.841
0.573
0.658
0.651
0.624
1.000
0.941
0.922
0.856
0.807
1.000
0.989
1.000
0.976
1.000
1.000
1.000
1.000
1.000
1.000
1.000
1.000
1.000
0.958
0.904
0.696
0.890
1.000
0.717
0.623
0.654
0.648
0.772
0.950
1.000
0.893
1.000
1.000
1.000
0.971
1.000
0.923
1.000
0.934
0.734
0.897
1.000
0.937
0.969
0.788
0.981
0.664
0.646
0.966
1.000
1.000
1.000
1.000
1.000
0.977
1.000
1.000
1.000
0.999
1.000
0.992
1.000
0.884
0.879
0.924
0.934
0.966
0.891
0.865
0.826
0.927
0.924
0.932
0.632
0.870
0.842
0.936
1.000
1.000
0.728
0.724
1.000
0.852
0.826
1.000
1.000
0.836
0.761
0.759
0.602
0.730
0.703
0.815
0.781
0.702
0.853
0.998
1.000
1.000
1.000
0.979
0.739
1.000
0.987
0.932
0.948
0.932
0.897
0.909
0.849
0.882
0.830
0.969
0.869
0.861
0.857
1.000
0.978
0.795
0.887
1.000
0.995
0.797
0.882
0.782
0.711
0.938
1.000
1.000
1.000
0.985
1.000
0.915
0.825
0.808
0.764
0.791
0.739
0.790
1.000
1.000
1.000
1.000
0.929
1.000
1.000
1.000
0.943
0.959
0.784
0.775
0.878
0.919
1.000
0.972
0.954
0.998
0.906
0.798
0.828
0.784
0.789
0.764
0.758
0.740
0.905
0.922
0.940
0.968
0.946
0.864
0.777
0.954
1.000
1.000
0.978
0.971
0.988
0.932
0.907
0.943
0.863
0.781
0.825
0.827
0.946
1.000
1.000
1.000
1.000
0.900
0.907
0.882
0.816
0.724
0.825
0.820
0.960
0.862
0.928
0.872
0.834
0.828
0.846
0.883
0.865
0.798
0.802
0.778
0.748
0.782
0.794
0.728
0.680
0.747
0.842
0.805
0.771
0.829
0.883
0.959
0.748
0.785
0.813
0.931
0.957
0.784
0.758
0.779
0.954
0.810
0.690
0.806
0.899
0.960
0.917
0.908
0.930
0.831
0.887
1.000
0.991
1.000
0.923
0.933
0.882
0.875
0.840
0.854
0.958
0.824
0.780
0.757
0.833
0.832
0.837
0.830
0.787
0.989
1.000
0.872
0.863
0.849
0.862
0.772
0.813
0.759
0.728
0.738
0.871
1.000
1.000
0.892
0.726
0.832
0.789
0.803
0.819
0.866
0.951
1.000
0.897
0.891
0.881
0.800
0.831
0.870
1.000
0.648
0.623
0.724
0.595
0.728
0.998
0.977
0.983
0.988
0.834
0.973
0.876
0.744
0.687
0.683
0.664
0.666
0.782
0.816
0.807
0.884
0.895
0.690
1.000
1.000
1.000
0.983
0.972
0.951
0.882
0.949
0.797
0.732
0.858
0.941
0.858
0.774
0.701
0.682
0.765
0.686
0.697
0.714
0.830
0.900
1.000
0.923
0.891
0.931
0.871
0.833
0.937
0.920
0.974
1.000
0.746
0.953
0.958
0.922
0.940
0.955
0.986
0.936
1.000
0.970
1.000
0.948
0.974
0.837
0.932
0.774
0.680
0.672
0.838
0.706
0.630
0.750
0.970
0.666
0.635
0.688
0.751
0.780
0.810
0.761
0.853
1.000
1.000
0.942
1.000
0.983
1.000
1.000
1.000
1.000
1.000
1.000
0.995
1.000
0.855
0.799
0.686
0.667
0.708
0.720
0.763
0.926
1.000
0.999
0.927
1.000
0.994
0.923
0.934
0.860
0.894
1.000
1.000
1.000
1.000
1.000
1.000
1.000
0.982
1.000
0.910
0.826
0.964
1.000
1.000
1.000
0.974
0.995
0.790
1.000
1.000
1.000
0.931
1.000
1.000
0.701
0.865
1.000
1.000
1.000
0.767
0.852
0.918
1.000
0.627
0.651
0.653
0.696
0.746
0.806
0.773
0.691
0.716
0.954
0.921
0.984
0.887
0.957
1.000
1.000
1.000
1.000
0.820
0.774
0.992
0.976
0.980
0.814
0.668
0.621
0.690
0.651
0.654
0.742
0.981
0.872
0.613
0.696
0.656
0.873
1.000
0.957
0.922
0.964
1.000
1.000
1.000
0.994
0.845
0.817
0.753
0.665
0.667
0.625
0.850
0.827
0.854
0.888
0.988
0.925
0.982
1.000
0.923
0.818
0.779
0.802
1.000
1.000
0.991
0.927
1.000
0.985
0.910
0.978
0.899
0.812
0.838
0.868
0.798
0.747
0.745
0.754
0.729
0.845
0.946
0.911
0.856
0.973
0.856
0.828
0.769
0.740
0.719
0.772
0.901
0.740
0.722
0.856
0.787
0.840
0.882
0.952
1.000
0.999
0.920
0.783
0.771
1.000
0.989
0.970
0.908
0.862
0.963
1.000
0.993
0.986
0.958
0.805
0.834
0.888
0.818
0.878
0.922
0.949
0.921
0.801
0.750
0.762
0.891
0.952
0.924
0.888
0.799
0.798
0.852
0.739
0.994
0.998
1.000
0.941
0.865
0.805
0.833
0.746
0.796
0.825
0.839
0.906
0.858
0.837
0.817
0.816
0.865
0.907
0.767
0.778
0.738
0.865
1.000
1.000
1.000
1.000
1.000
0.996
0.958
0.949
0.950
0.814
0.823
0.831
0.826
0.808
0.798
0.765
0.837
0.943
1.000
0.989
0.928
0.946
1.000
0.980
0.891
0.895
0.839
0.912
0.841
0.862
0.951
0.987
0.843
0.858
0.877
0.951
0.905
0.858
0.873
0.877
0.811
0.753
0.965
0.979
0.944
0.928
0.920
0.957
0.894
0.960
1.000
0.896
0.842
0.813
0.856
0.879
0.910
0.949
0.733
0.731
0.790
0.849
0.817
0.849
0.875
0.835
0.839
0.911
0.783
0.945
0.525
0.634
1.000
0.969
0.951
0.964
0.646
0.725
0.787
0.761
0.747
0.793
0.808
0.794
0.807
0.844
0.891
0.943
1.000
0.971
0.844
0.829
0.771
0.774
0.759
0.813
0.821
0.823
0.830
0.823
0.868
0.824
0.964
0.943
1.000
0.933
0.983
0.886
0.942
0.765
0.850
0.745
0.656
0.701
0.682
0.787
0.881
0.967
0.845
1.000
1.000
0.962
1.000
0.772
1.000
0.926
0.838
0.899
0.819
0.836
0.585
0.882
0.927
0.857
1.000
1.000
1.000
1.000
1.000
1.000
1.000
1.000
0.933
0.578
0.771
0.947
1.000
1.000
0.966
1.000
0.699
0.732
0.837
0.882
0.689
0.786
0.848
0.833
0.874
0.841
0.734
0.816
1.000
0.748
0.858
0.772
0.843
0.944
0.838
0.804
0.889
0.713
0.798
0.817
0.740
0.722
1.000
1.000
1.000
1.000
1.000
1.000
1.000
1.000
0.876
1.000
1.000
1.000
1.000
1.000
1.000
1.000
0.911
1.000
0.946
0.970
1.000
0.942
0.914
0.957
0.999
1.000
0.879
0.893
1.000
0.971
0.841
0.761
1.000
1.000
1.000
1.000
0.977
0.988
0.809
0.781
0.790
0.809
0.895
0.868
0.793
1.000
1.000
0.935
0.577
0.761
1.000
1.000
0.897
0.986
1.000
0.987
0.953
0.811
0.794
0.823
0.997
0.989
0.951
0.903
0.863
0.811
0.900
1.000
1.000
0.977
0.766
0.479
0.713
0.835
0.976
0.904
0.606
0.875
0.993
0.965
0.972
0.905
0.980
0.948
1.000
0.998
0.977
0.765
0.682
0.951
1.000
0.831
0.780
0.638
0.650
0.777
0.697
0.792
0.956
1.000
1.000
1.000
0.954
0.840
0.787
0.846
0.862
0.825
0.921
1.000
1.000
1.000
1.000
1.000
1.000
0.984
1.000
0.966
0.987
0.873
0.885
0.895
0.947
0.986
0.941
0.955
0.876
0.882
0.889
0.872
0.804
0.792
0.819
0.806
0.839
0.774
0.857
0.969
0.970
1.000
1.000
0.880
0.935
0.905
0.842
0.842
0.995
1.000
1.000
1.000
1.000
0.895
0.906
0.914
0.832
0.874
0.999
0.995
0.942
0.936
0.946
0.860
0.769
0.779
0.875
0.879
0.971
1.000
1.000
0.855
0.969
0.845
0.988
1.000
1.000
0.926
1.000
1.000
0.991
0.876
0.947
0.916
0.773
0.898
0.870
0.948
1.000
0.944
1.000
1.000
0.888
0.960
0.831
0.976
0.868
1.000
0.956
0.849
1.000
1.000
0.948
0.946
1.000
0.968
1.000
1.000
0.986
1.000
1.000
0.908
1.000
0.993
1.000
0.962
1.000
0.894
0.912
0.908
0.838
0.882
0.884
0.855
0.747
0.965
0.969
0.978
0.941
0.851
0.910
0.752
0.981
0.923
0.867
0.770
0.835
0.929
0.945
0.876
0.886
0.967
1.000
0.895
0.875
0.894
0.958
1.000
0.893
0.749
0.873
0.842
0.865
0.982
0.900
1.000
0.990
0.855
1.000
0.975
0.883
0.962
1.000
0.949
1.000
0.963
0.922
0.954
0.956
0.963
0.783
0.920
0.819
0.966
0.821
0.933
0.939
0.967
0.904
0.889
1.000
1.000
1.000
1.000
0.986
1.000
1.000
1.000
0.952
0.860
0.942
1.000
0.952
1.000
1.000
0.942
1.000
0.866
0.893
1.000
0.901
0.934
0.975
0.985
0.909
1.000
1.000
0.981
1.000
0.987
0.962
0.953
1.000
1.000
1.000
0.933
0.796
0.862
1.000
1.000
0.962
0.858
0.912
0.933
0.997
1.000
1.000
1.000
0.895
0.975
0.807
0.701
0.850
1.000
1.000
0.927
0.748
0.938
0.892
1.000
1.000
1.000
1.000
1.000
0.996
0.921
1.000
1.000
0.887
0.881
0.958
0.845
0.784
1.000
1.000
1.000
0.919
1.000
1.000
1.000
1.000
0.932
0.940
0.960
0.816
0.830
0.860
1.000
1.000
0.955
0.945
1.000
1.000
1.000
1.000
0.988
0.797
0.767
0.848
0.930
0.903
0.807
0.749
0.890
0.817
0.808
0.837
0.900
0.741
0.754
0.707
0.976
0.842
0.721
1.000
0.930
0.799
0.816
0.682
0.629
0.586
0.754
0.879
0.912
0.968
0.864
1.000
0.839
1.000
0.950
1.000
0.998
0.985
0.957
1.000
0.971
1.000
0.988
0.919
0.842
0.828
0.903
0.961
0.976
0.963
0.944
1.000
0.971
0.871
0.918
0.928
0.881
0.889
0.825
0.830
0.823
1.000
1.000
0.964
0.873
0.884
0.773
0.974
0.828
0.969
0.985
0.930
0.952
0.887
0.718
0.833
0.957
1.000
1.000
1.000
1.000
0.962
0.821
1.000
0.904
0.992
0.903
1.000
1.000
1.000
1.000
1.000
1.000
1.000
0.993
0.973
0.935
0.794
0.847
0.917
0.845
0.834
0.885
0.930
0.902
0.788
0.849
0.833
0.894
0.926
0.930
0.872
0.889
0.828
0.760
0.780
0.769
0.847
0.792
0.793
0.779
0.820
0.992
0.853
0.845
0.977
0.986
0.920
0.858
0.802
0.757
0.739
0.733
0.757
1.000
1.000
0.858
0.793
0.759
0.788
0.840
0.822
0.765
0.791
0.767
0.773
0.743
0.709
0.739
0.740
0.789
0.737
0.739
0.842
0.828
0.763
0.732
0.984
0.986
1.000
1.000
0.983
0.842
0.786
0.881
1.000
1.000
1.000
0.840
0.904
1.000
1.000
1.000
0.942
0.860
0.780
0.912
0.876
0.748
0.788
0.884
0.852
0.841
0.817
0.807
0.827
0.813
0.812
0.952
0.941
0.802
0.729
0.724
0.748
0.886
0.882
0.792
0.774
0.792
0.758
0.798
0.854
0.747
0.827
0.897
0.938
0.909
0.691
0.699
0.799
0.779
0.756
0.814
0.731
0.856
1.000
1.000
1.000
1.000
0.992
0.955
0.948
1.000
1.000
0.980
0.959
0.914
0.838
0.825
0.801
0.851
0.804
0.802
0.852
0.846
0.863
0.897
0.914
1.000
1.000
1.000
1.000
1.000
0.841
0.872
0.771
0.825
0.971
1.000
0.940
0.882
1.000
1.000
1.000
1.000
1.000
1.000
0.870
1.000
0.882
0.888
0.908
0.875
0.921
0.891
0.843
0.844
0.761
0.738
0.894
0.981
1.000
1.000
1.000
1.000
0.919
0.909
0.905
0.959
0.896
0.942
0.768
0.883
0.940
0.994
0.784
0.816
0.779
0.827
0.823
0.788
0.731
0.754
0.819
0.965
0.947
0.934
0.807
0.800
0.813
1.000
0.973
1.000
0.916
0.935
1.000
0.984
0.893
0.903
0.911
1.000
1.000
0.875
0.955
1.000
0.716
0.587
0.573
0.642
0.610
0.614
0.706
0.735
0.829
0.755
0.620
0.784
0.800
0.817
0.978
0.955
1.000
0.806
0.775
0.807
0.788
0.833
0.761
0.866
0.743
0.966
0.784
0.799
0.786
0.868
0.864
0.703
0.657
0.856
0.871
1.000
1.000
1.000
1.000
1.000
1.000
1.000
0.920
1.000
1.000
1.000
1.000
1.000
1.000
1.000
1.000
1.000
0.867
1.000
1.000
1.000
0.938
0.877
0.892
1.000
1.000
1.000
0.839
0.679
0.605
0.679
0.994
0.906
0.910
0.889
0.751
0.590
0.813
0.883
1.000
0.964
0.993
0.982
1.000
0.875
0.815
0.826
1.000
1.000
0.884
1.000
0.935
0.839
1.000
1.000
1.000
1.000
0.896
0.855
0.713
0.806
1.000
0.853
0.859
0.751
0.719
0.743
1.000
1.000
0.972
1.000
0.979
0.829
0.865
0.902
0.882
1.000
1.000
1.000
0.872
0.734
0.758
1.000
1.000
0.927
0.941
0.924
0.938
0.725
0.966
1.000
1.000
1.000
0.856
0.923
1.000
1.000
0.931
0.895
0.912
0.987
0.997
1.000
1.000
1.000
1.000
0.947
0.798
0.884
0.831
0.799
0.813
0.891
0.853
0.922
0.983
0.991
0.880
0.924
0.865
0.879
0.911
0.970
0.949
1.000
1.000
0.988
0.998
1.000
0.933
0.901
1.000
0.864
0.883
0.979
0.877
0.937
0.830
0.893
0.902
1.000
0.996
0.919
1.000
1.000
0.925
0.914
0.942
0.968
0.967
0.961
0.855
0.859
0.915
0.893
0.981
1.000
0.991
0.967
0.839
0.899
0.864
0.813
0.760
0.839
0.965
0.883
0.973
0.992
1.000
0.927
0.932
0.970
0.979
1.000
0.979
1.000
0.962
1.000
1.000
0.968
0.886
0.798
0.791
0.788
0.811
0.858
0.799
0.825
0.987
0.984
1.000
1.000
0.867
0.902
0.944
0.964
0.820
0.747
0.727
0.810
0.808
0.893
0.840
0.829
0.775
0.841
0.791
0.990
0.914
0.943
1.000
0.993
0.973
1.000
0.993
0.922
0.858
0.881
0.866
0.824
1.000
0.879
0.787
0.853
0.793
0.737
0.875
0.970
0.817
0.771
0.989
0.879
0.949
0.908
0.871
0.922
0.853
0.809
0.780
0.901
0.942
0.919
0.998
0.980
1.000
0.854
1.000
0.933
0.859
0.893
0.797
0.762
0.799
0.809
0.822
0.932
0.870
0.779
0.771
0.862
0.862
0.951
0.875
0.897
0.800
0.831
0.874
0.810
0.864
1.000
1.000
0.779
0.761
0.815
0.811
0.768
0.726
0.778
0.876
0.887
0.778
0.813
1.000
0.954
0.706
0.643
0.403
0.498
0.521
0.581
0.595
0.628
0.759
0.795
0.924
0.759
0.699
0.699
0.782
0.826
0.892
0.994
1.000
1.000
0.933
0.922
0.870
0.869
0.990
1.000
1.000
0.916
1.000
1.000
0.891
0.864
0.859
0.694
0.788
1.000
1.000
0.965
0.810
0.656
0.690
0.579
0.586
0.756
0.923
0.970
0.945
0.924
0.875
0.853
0.749
0.620
0.688
0.997
1.000
0.951
0.879
0.976
0.733
0.953
0.933
0.944
0.979
1.000
1.000
1.000
1.000
1.000
0.990
0.753
0.979
1.000
1.000
1.000
1.000
0.886
0.881
0.978
0.957
1.000
1.000
0.924
0.978
0.974
1.000
1.000
0.975
0.853
1.000
0.917
1.000
0.968
0.730
0.771
0.810
0.889
0.709
0.620
0.541
0.494
0.371
0.574
0.731
0.957
1.000
0.906
1.000
0.932
1.000
0.858
0.950
1.000
1.000
0.865
0.934
1.000
1.000
0.980
0.934
0.702
0.634
0.727
0.862
0.910
0.640
1.000
1.000
1.000
0.832
1.000
0.762
1.000
0.985
0.998
1.000
1.000
0.700
0.644
0.601
0.712
0.734
0.872
0.852
0.859
0.681
0.610
0.587
0.689
0.646
0.640
0.789
1.000
0.901
0.750
0.635
0.672
0.713
0.787
0.926
0.962
1.000
0.880
1.000
0.923
0.802
0.852
0.797
0.689
0.555
0.841
0.986
0.859
0.742
1.000
1.000
1.000
1.000
0.874
0.667
0.755
0.873
0.840
1.000
1.000
1.000
1.000
0.985
0.907
0.889
0.795
0.761
0.685
0.725
0.685
0.648
0.889
0.936
0.856
0.765
0.999
0.741
0.732
0.815
0.930
0.680
0.862
0.712
0.685
0.693
0.738
0.785
0.943
0.978
1.000
0.875
0.749
0.745
0.727
0.617
0.662
0.863
0.801
0.786
0.850
1.000
0.876
0.908
0.836
0.868
0.856
0.852
0.898
0.688
0.833
0.819
0.710
0.903
0.848
0.969
1.000
0.871
0.913
0.937
0.891
0.838
0.806
0.895
0.844
1.000
1.000
1.000
0.983
0.995
0.865
0.986
0.997
0.856
0.872
0.854
0.841
0.710
0.856
0.848
0.906
0.832
0.909
0.833
0.760
0.845
0.770
0.777
0.650
0.724
0.784
0.729
0.849
0.901
0.813
0.819
0.748
0.762
0.752
0.734
0.780
0.821
0.963
0.866
0.812
0.716
0.883
1.000
1.000
0.963
0.833
0.848
0.829
0.885
0.863
0.956
0.981
1.000
0.938
0.954
0.882
0.953
0.790
1.000
1.000
1.000
0.980
0.894
0.943
0.895
0.871
0.869
0.940
0.878
0.962
0.769
0.807
0.854
0.906
0.891
0.963
1.000
1.000
1.000
1.000
0.985
1.000
1.000
0.984
0.945
0.983
0.958
1.000
0.959
0.904
0.662
0.876
0.825
0.918
0.964
0.828
0.833
0.830
0.801
0.894
0.875
0.976
1.000
0.875
0.908
0.864
0.855
0.929
0.960
0.964
1.000
1.000
1.000
0.907
0.895
0.990
0.976
0.922
1.000
1.000
0.844
0.927
0.839
0.853
0.877
0.943
0.914
0.820
0.935
0.921
0.928
0.789
0.835
0.989
1.000
0.958
0.868
0.855
0.837
0.883
0.948
0.951
0.996
0.873
0.749
0.573
0.717
0.703
0.909
0.901
0.920
0.909
1.000
0.992
1.000
1.000
0.687
0.846
0.904
0.860
0.757
0.939
1.000
1.000
1.000
1.000
0.992
0.918
0.868
0.990
1.000
1.000
0.903
0.833
0.950
0.690
0.718
0.618
0.685
0.818
0.784
0.812
0.805
0.765
0.714
0.922
0.998
1.000
1.000
1.000
0.684
0.708
0.841
0.565
0.634
0.736
0.978
0.746
0.694
0.971
1.000
0.729
0.785
0.795
0.974
1.000
0.942
0.800
1.000
1.000
0.581
0.755
0.805
0.733
1.000
0.909
1.000
0.880
0.654
0.535
0.689
0.850
1.000
1.000
1.000
0.904
1.000
0.934
1.000
0.879
0.993
1.000
0.745
0.705
0.701
0.891
1.000
1.000
0.999
1.000
1.000
1.000
0.973
1.000
1.000
1.000
0.951
0.830
0.807
0.774
0.871
0.944
0.914
0.861
0.932
0.977
1.000
0.949
0.941
1.000
0.984
0.767
0.596
0.870
0.891
0.835
0.937
1.000
1.000
0.991
0.800
1.000
0.849
0.780
0.756
0.692
0.728
0.897
0.962
0.960
1.000
0.877
0.771
0.896
0.957
1.000
0.918
0.785
0.919
1.000
0.960
1.000
1.000
1.000
1.000
0.886
0.865
0.949
0.952
0.695
0.828
0.962
0.871
0.881
0.995
0.900
0.914
1.000
0.922
0.795
0.694
0.747
0.831
0.665
0.744
0.797
0.930
0.923
0.919
0.741
0.735
0.690
0.693
0.868
0.955
0.883
0.897
0.975
1.000
0.965
0.911
0.762
0.790
0.764
0.781
0.817
0.883
0.814
0.837
0.823
0.808
0.853
1.000
0.982
0.946
0.822
0.840
0.853
0.890
0.808
0.787
0.856
0.781
0.889
0.904
0.897
0.814
0.773
0.797
0.883
0.850
0.820
0.811
0.757
0.687
0.776
0.855
0.906
0.963
0.979
0.981
0.960
0.929
0.995
1.000
0.999
0.917
0.910
0.931
0.940
0.869
0.859
0.830
0.812
0.813
0.781
0.793
0.814
0.797
0.843
0.759
0.871
0.964
0.909
0.863
0.867
0.922
0.793
0.942
0.874
0.937
0.945
0.963
0.903
0.837
0.809
0.734
1.000
0.976
0.921
0.783
0.852
0.973
0.850
0.748
0.724
0.774
0.690
0.675
0.739
0.757
0.797
0.746
0.692
0.746
0.781
0.800
0.824
0.808
0.774
0.882
0.936
0.975
0.873
0.918
0.988
1.000
0.990
1.000
1.000
0.898
0.805
0.830
0.804
0.840
0.824
0.725
0.674
0.628
0.652
0.684
0.626
0.660
0.674
0.742
0.738
0.753
0.744
0.766
0.806
0.807
0.858
0.869
0.904
1.000
0.948
0.914
0.776
0.777
0.726
0.917
0.941
1.000
1.000
1.000
1.000
0.956
0.837
0.851
0.684
0.857
0.994
1.000
1.000
0.873
0.798
0.567
0.617
0.620
0.680
0.729
0.764
0.763
0.710
0.765
0.770
0.717
0.635
0.512
0.643
0.672
0.754
0.718
0.697
0.792
0.762
0.829
0.758
0.834
0.981
1.000
0.973
0.892
0.952
0.989
0.831
0.786
0.802
0.670
1.000
1.000
0.868
0.988
0.912
0.864
0.728
0.919
0.962
0.905
0.846
1.000
0.974
0.948
1.000
1.000
1.000
1.000
0.756
0.709
0.878
0.767
0.933
0.851
0.840
0.881
0.830
0.612
0.736
0.661
1.000
0.886
0.840
0.701
0.633
0.643
0.826
0.800
0.719
0.752
0.975
0.758
0.620
0.600
0.778
0.820
0.896
0.742
0.903
0.987
1.000
1.000
1.000
0.751
0.757
0.798
0.694
0.765
1.000
1.000
0.951
0.885
0.953
0.943
0.876
0.916
0.825
0.731
0.739
0.781
0.862
0.783
0.691
0.685
0.887
1.000
1.000
0.969
0.778
0.591
0.828
0.860
0.730
0.843
1.000
0.879
0.767
0.880
0.715
0.676
1.000
1.000
1.000
0.896
0.868
0.798
0.765
0.768
0.688
0.691
0.749
0.746
0.687
0.639
0.962
0.862
1.000
1.000
0.939
0.889
0.913
0.841
0.813
0.966
0.787
0.850
0.983
0.987
0.941
0.899
0.962
0.805
0.711
0.730
0.657
0.779
0.997
0.813
0.733
0.696
0.699
0.615
0.691
0.736
0.715
0.697
0.804
0.753
1.000
0.926
0.781
1.000
1.000
1.000
1.000
1.000
0.989
0.919
0.836
0.782
0.833
0.759
0.803
0.882
0.903
0.730
0.904
0.939
0.931
0.792
0.812
0.840
0.723
0.882
0.971
1.000
1.000
1.000
0.941
0.856
0.780
0.797
0.793
0.912
0.907
0.995
0.954
0.992
0.855
0.741
0.676
0.665
0.759
0.678
0.797
0.801
0.831
0.700
0.816
0.965
0.991
0.986
1.000
0.968
0.965
0.998
1.000
1.000
1.000
0.977
0.925
0.875
0.782
0.861
0.856
0.832
0.869
0.967
0.718
0.653
0.783
0.673
0.620
0.683
0.677
0.693
0.758
0.824
0.781
0.751
0.798
0.825
0.652
0.704
0.794
0.703
0.834
0.981
0.890
0.905
0.648
0.803
0.936
0.990
0.981
0.972
1.000
0.954
0.979
0.920
0.869
0.834
0.954
0.953
0.967
0.825
1.000
0.874
0.862
0.836
0.780
0.774
0.739
0.730
0.829
0.939
0.871
0.747
0.804
0.842
0.891
0.712
0.802
0.809
0.700
0.910
0.937
1.000
0.851
1.000
1.000
1.000
0.997
0.983
0.933
1.000
0.982
1.000
1.000
1.000
1.000
1.000
0.962
0.594
0.660
0.744
0.854
0.863
0.690
0.826
0.912
0.941
0.896
0.982
0.941
1.000
0.987
0.724
0.933
0.970
1.000
1.000
1.000
0.943
0.997
0.731
0.611
0.771
0.974
0.933
0.975
1.000
1.000
1.000
1.000
0.919
0.903
0.981
0.763
0.713
0.734
0.924
0.829
0.785
0.827
0.873
0.880
0.900
1.000
1.000
0.998
0.981
0.918
0.933
0.854
0.909
0.859
0.972
0.931
0.948
0.954
0.927
0.948
0.996
0.825
0.717
0.722
0.942
0.913
0.913
0.796
0.794
0.774
0.709
0.772
0.695
0.698
0.720
0.798
0.793
0.718
0.695
0.731
0.903
0.696
0.764
1.000
1.000
0.901
0.689
0.601
0.705
0.949
0.939
0.798
0.856
0.842
0.627
0.640
0.805
0.993
0.945
0.789
0.942
0.976
1.000
1.000
1.000
0.911
0.884
0.817
0.977
0.621
0.817
0.817
0.828
0.824
0.762
0.658
0.670
0.717
0.805
0.948
0.892
1.000
0.944
0.907
0.813
0.665
0.653
0.627
0.653
0.960
0.950
0.794
0.863
0.679
0.795
0.978
1.000
0.973
0.761
0.734
0.954
1.000
0.751
0.682
1.000
1.000
0.861
0.997
1.000
0.781
0.820
0.917
0.995
0.946
0.877
1.000
0.711
0.917
0.986
0.968
0.923
1.000
0.966
0.816
0.805
0.942
0.795
0.775
0.765
0.883
0.780
0.721
0.792
0.835
0.792
0.732
0.714
0.652
0.941
0.646
0.699
0.997
0.865
0.868
0.894
0.921
0.983
0.945
0.924
0.921
0.872
0.893
0.985
0.877
1.000
1.000
0.968
0.781
0.711
0.773
1.000
0.993
1.000
0.845
0.703
0.729
0.786
0.861
0.705
0.646
0.640
0.628
0.819
0.773
0.889
1.000
1.000
1.000
0.888
0.977
0.973
0.923
1.000
1.000
0.955
0.869
0.741
0.726
0.748
0.814
1.000
0.858
0.737
0.729
0.850
0.929
0.899
0.851
0.730
0.690
0.705
0.656
0.700
0.713
0.638
0.673
0.613
0.734
0.667
0.745
0.718
0.640
0.628
0.570
0.589
0.574
0.657
0.594
0.632
0.751
0.609
0.630
0.707
0.804
0.687
0.544
0.740
0.592
0.610
0.558
0.589
0.611
0.556
0.600
0.937
0.972
0.926
0.692
0.603
0.551
0.615
0.705
0.777
0.770
0.849
0.905
0.945
0.872
0.839
0.776
0.955
0.906
0.860
0.787
0.734
0.752
0.657
0.614
0.615
0.687
0.627
0.657
0.806
0.884
0.955
0.869
0.798
0.742
0.703
0.576
0.604
0.620
0.856
0.699
0.663
0.778
0.873
0.756
0.696
0.600
0.566
0.980
1.000
0.972
1.000
0.918
0.786
0.738
0.651
0.636
0.626
0.690
0.720
0.719
0.859
0.982
0.836
0.703
0.807
0.834
0.686
0.744
0.813
0.762
0.896
0.975
0.572
0.550
0.596
0.666
0.560
0.568
0.616
0.587
0.450
0.485
0.510
0.569
0.659
0.582
0.583
0.573
0.569
0.587
0.598
0.619
0.784
0.664
0.729
0.851
0.916
1.000
0.973
0.957
0.833
0.817
0.855
0.910
0.838
0.864
0.796
0.757
0.846
0.954
0.821
0.859
0.812
0.887
0.828
0.924
0.925
0.907
0.780
0.697
0.674
0.611
0.733
0.839
0.856
0.961
0.892
0.937
0.782
0.871
0.718
0.710
0.703
0.706
0.652
0.613
0.605
0.547
0.537
0.597
0.653
0.677
0.687
0.693
0.557
0.550
0.703
0.757
0.730
0.644
0.702
0.672
0.669
0.718
0.742
0.789
0.803
0.702
0.715
0.839
0.787
0.856
0.681
0.615
0.881
0.931
0.732
0.916
0.893
0.963
0.791
0.655
0.846
0.435
0.384
0.543
0.581
0.933
0.984
0.906
0.869
0.967
1.000
0.999
0.945
0.743
0.608
0.822
1.000
0.891
0.718
0.648
0.758
0.667
0.586
0.549
0.617
0.650
0.822
0.914
0.728
0.716
0.696
0.544
0.988
0.977
0.773
0.691
0.692
0.653
0.981
1.000
0.965
0.606
0.546
0.345
0.468
0.498
0.543
0.616
0.723
0.862
0.816
0.918
0.616
0.822
0.818
0.963
0.914
0.844
0.958
0.799
1.000
1.000
0.985
1.000
0.979
0.888
0.936
0.777
1.000
0.977
0.726
0.619
0.467
0.560
0.870
1.000
0.964
0.760
0.755
0.707
0.869
0.807
0.986
0.946
0.888
0.944
0.789
0.517
0.455
0.555
0.754
0.862
0.980
0.958
0.944
0.637
0.759
0.824
0.713
0.869
0.796
0.593
0.820
0.659
0.597
0.954
1.000
0.734
0.575
0.580
0.745
0.957
0.888
0.885
1.000
0.946
0.786
0.921
0.802
0.798
0.676
0.557
0.535
0.642
0.719
0.697
0.751
0.846
0.846
0.910
0.981
0.945
0.787
0.700
0.792
0.957
0.930
0.763
0.626
0.609
0.651
0.611
0.522
0.468
0.693
0.843
0.767
0.776
0.837
0.949
0.710
1.000
0.962
0.844
0.768
0.694
0.568
0.657
0.786
0.726
0.891
0.918
0.916
0.697
0.827
0.918
1.000
0.856
0.776
0.691
0.646
0.712
0.670
0.639
0.683
0.774
0.764
0.686
0.826
0.808
0.610
0.620
0.585
0.634
0.723
0.694
0.909
0.828
0.718
0.814
0.621
0.749
0.721
0.699
0.653
0.625
0.630
0.564
0.585
0.542
0.734
0.654
0.784
0.942
0.879
0.636
0.656
0.696
0.622
0.731
0.858
0.781
0.724
0.800
0.842
0.991
0.928
0.930
0.891
0.779
0.843
0.856
0.781
0.866
0.792
0.842
0.860
0.850
0.864
0.897
1.000
1.000
0.970
0.761
0.726
0.810
0.958
0.891
0.813
0.812
0.797
0.723
0.919
0.938
0.854
0.797
0.711
0.742
0.718
0.763
0.732
0.760
0.849
0.765
0.565
0.595
0.612
0.655
0.734
0.662
0.602
0.602
0.613
0.650
0.732
0.705
0.573
0.595
0.589
0.642
0.738
0.657
0.669
0.659
0.794
0.798
0.968
0.795
0.727
0.708
0.719
0.689
0.673
0.830
0.654
0.634
0.488
0.740
0.825
0.770
0.745
0.824
0.904
0.895
0.951
0.740
0.806
0.944
0.912
0.835
0.670
0.662
0.696
0.671
0.877
0.951
0.935
0.945
0.899
0.746
0.773
0.751
0.675
0.889
0.932
0.955
0.933
0.657
0.749
0.796
0.755
0.770
0.756
0.702
0.684
0.631
0.597
0.749
0.667
0.708
0.725
0.725
0.916
0.754
0.718
0.863
1.000
0.928
0.895
0.973
0.912
0.775
0.861
0.671
0.591
0.575
0.801
0.804
0.837
0.814
0.804
0.716
0.938
0.863
0.836
0.999
0.881
0.883
0.709
0.710
0.625
0.711
1.000
1.000
0.939
1.000
0.805
0.823
0.874
1.000
1.000
1.000
1.000
1.000
0.912
0.709
0.952
1.000
1.000
0.794
0.945
0.921
0.872
0.707
1.000
0.996
0.925
1.000
1.000
1.000
1.000
1.000
1.000
0.795
0.772
0.905
0.959
0.978
0.946
1.000
1.000
1.000
1.000
0.971
1.000
0.949
0.566
0.394
0.489
0.608
0.696
0.753
0.866
0.756
1.000
0.567
0.669
0.948
0.986
0.837
0.871
0.667
0.623
0.808
0.782
0.654
0.699
0.659
1.000
1.000
0.822
1.000
1.000
0.950
0.999
0.999
0.650
0.546
0.645
0.993
0.809
0.747
0.745
0.801
1.000
1.000
0.647
0.536
0.580
0.898
0.998
0.925
0.931
0.697
0.612
0.779
1.000
0.935
0.731
0.554
0.553
0.785
0.697
0.695
0.822
0.863
0.969
0.852
0.939
0.988
0.930
1.000
1.000
0.966
0.928
0.988
1.000
1.000
0.959
0.920
0.820
0.893
0.947
0.957
0.802
0.934
0.927
1.000
0.953
1.000
1.000
0.978
0.864
0.689
0.892
0.813
0.995
0.823
0.707
0.584
0.592
0.531
0.710
0.604
0.704
0.825
0.884
0.985
0.874
0.889
0.743
0.992
0.969
1.000
1.000
1.000
1.000
1.000
1.000
0.996
0.916
0.788
0.713
0.859
0.850
0.764
0.685
0.681
0.676
0.607
0.616
0.807
0.863
0.815
0.763
0.558
0.603
0.657
0.774
0.739
0.638
0.667
0.862
1.000
0.958
0.967
0.962
0.815
0.686
0.686
0.609
0.676
0.588
0.793
0.844
0.778
0.648
0.634
0.614
0.729
0.893
0.923
0.841
0.848
0.780
0.679
0.760
0.783
0.974
0.952
0.868
0.734
0.677
0.689
0.798
0.908
0.908
0.803
0.916
0.907
0.856
0.837
0.870
0.696
0.734
0.722
0.878
0.981
0.955
0.860
0.772
0.851
0.884
0.687
0.790
0.884
0.879
0.730
0.692
0.708
0.776
0.726
0.766
0.689
0.705
0.706
0.602
0.583
0.754
0.948
0.929
0.919
0.849
0.606
0.710
0.656
0.603
0.664
0.893
0.983
0.938
0.932
0.839
0.800
0.900
0.833
0.839
0.921
0.719
0.726
0.792
0.842
0.862
0.777
0.637
0.692
0.778
0.639
0.966
0.954
0.807
0.891
0.931
0.759
0.777
1.000
0.811
0.620
0.730
0.758
0.679
0.709
0.656
0.707
1.000
0.994
0.838
0.847
0.848
0.968
0.929
0.961
0.971
0.987
0.967
0.992
0.971
0.918
0.750
0.925
0.852
0.831
0.804
0.802
0.790
0.803
0.912
0.873
0.847
0.878
0.918
0.729
0.537
0.579
0.671
0.766
0.753
1.000
0.985
0.836
0.753
0.674
0.613
0.572
0.500
0.566
0.821
0.811
0.370
0.454
0.508
0.552
0.661
0.721
0.832
0.939
0.962
0.931
0.911
0.824
0.850
0.795
0.713
0.996
0.804
0.675
0.716
0.665
0.706
0.830
0.756
0.786
0.744
0.876
0.838
0.887
0.883
0.904
0.996
0.939
0.951
0.919
0.913
0.870
0.877
0.865
0.862
0.829
0.806
0.735
0.825
0.749
0.928
0.987
0.867
0.951
0.710
0.652
0.702
0.917
0.890
0.828
0.749
0.891
0.729
0.815
1.000
0.974
0.904
0.933
0.727
0.926
1.000
0.973
1.000
0.955
0.926
0.973
0.810
0.674
0.598
0.771
1.000
1.000
1.000
0.993
0.819
0.791
0.859
1.000
0.955
0.757
1.000
1.000
0.891
0.945
0.864
1.000
1.000
0.956
0.993
0.983
0.995
1.000
1.000
0.767
0.641
0.605
0.995
1.000
0.983
0.952
0.731
0.843
1.000
0.802
0.849
0.979
0.894
0.861
0.931
1.000
0.986
0.995
0.721
0.715
0.831
0.804
0.873
0.889
0.898
0.881
0.965
0.979
1.000
1.000
0.989
0.722
0.776
0.928
0.887
0.721
0.774
0.994
0.914
0.959
0.797
0.741
0.931
0.909
0.751
1.000
0.691
0.700
0.993
1.000
1.000
0.829
0.822
1.000
1.000
1.000
0.984
1.000
1.000
0.806
0.890
0.780
1.000
1.000
1.000
0.827
1.000
1.000
1.000
1.000
1.000
1.000
0.973
0.767
0.815
0.764
1.000
1.000
1.000
1.000
0.927
0.926
0.820
0.904
0.708
0.738
0.732
0.829
0.921
0.878
0.879
0.946
0.910
0.881
0.794
0.725
0.758
0.749
0.766
0.735
0.855
0.930
0.886
0.807
0.816
0.823
0.950
1.000
0.940
0.992
0.934
0.869
0.745
0.734
0.701
0.729
0.731
0.736
0.984
0.972
0.931
0.923
0.777
0.774
0.837
0.736
0.838
0.922
0.925
0.852
0.733
0.840
0.787
0.804
0.817
0.832
0.713
0.663
0.727
0.802
0.807
0.817
0.799
0.679
0.801
0.909
0.999
0.978
1.000
1.000
0.823
0.732
0.816
0.722
0.773
0.680
0.707
0.751
0.860
0.734
0.870
0.895
0.872
0.898
0.972
0.986
1.000
1.000
1.000
0.980
0.929
0.951
0.748
0.707
0.727
0.786
0.778
0.771
0.769
0.824
0.699
0.725
0.709
0.737
0.854
0.769
0.869
0.901
0.949
0.814
0.588
0.527
0.644
0.790
0.906
0.742
0.847
0.794
0.782
0.779
0.739
0.732
0.711
0.828
0.754
0.809
0.741
0.729
0.940
0.960
0.833
0.800
0.870
0.882
0.863
0.810
0.750
0.762
0.649
0.635
0.633
0.655
0.659
0.719
0.684
0.699
0.771
0.641
0.682
0.728
0.743
0.790
0.842
1.000
1.000
1.000
1.000
1.000
1.000
0.881
0.952
1.000
1.000
0.976
1.000
1.000
0.981
1.000
0.939
0.862
0.907
0.884
0.898
0.928
0.896
0.988
1.000
0.888
0.986
1.000
1.000
0.974
0.813
0.650
0.705
0.798
1.000
0.831
0.761
0.851
0.846
0.839
0.866
0.815
0.915
0.731
0.876
0.960
0.873
0.936
1.000
0.941
0.873
0.776
0.602
0.619
0.721
0.657
0.989
0.889
0.913
0.930
0.823
0.929
0.880
0.931
1.000
1.000
1.000
1.000
0.980
0.856
0.868
0.960
0.782
0.530
0.487
0.634
0.621
0.602
0.538
0.517
0.532
0.616
0.697
0.758
0.756
0.729
0.960
0.929
0.871
0.809
0.986
1.000
1.000
1.000
0.980
1.000
1.000
1.000
1.000
0.894
1.000
0.821
0.760
0.767
0.882
1.000
0.980
0.882
0.983
0.823
1.000
1.000
1.000
1.000
1.000
1.000
1.000
0.915
0.926
0.767
0.780
0.998
1.000
0.983
0.915
0.714
0.774
0.896
1.000
0.846
1.000
0.963
0.941
0.880
0.807
0.804
0.897
1.000
0.916
0.848
1.000
0.908
0.860
0.907
0.736
0.944
0.764
0.610
0.734
0.887
0.788
0.780
0.954
0.611
0.648
0.551
0.690
0.894
1.000
1.000
0.943
0.810
0.832
1.000
0.972
0.922
0.638
0.549
0.564
0.672
1.000
0.721
0.573
0.619
0.519
0.614
0.670
0.710
1.000
0.814
0.796
0.892
0.783
0.967
0.818
0.924
0.823
0.896
0.916
0.789
0.869
0.831
0.972
0.837
0.918
0.865
0.815
0.826
0.929
0.911
0.955
0.946
0.980
1.000
0.997
0.980
1.000
0.979
0.812
0.973
1.000
0.818
0.835
0.877
0.843
0.800
0.911
0.703
0.797
0.769
0.747
0.858
0.919
0.883
0.968
0.956
0.855
0.760
0.851
0.761
0.771
0.808
0.753
0.735
0.721
0.663
0.669
0.662
0.765
0.732
0.893
0.800
0.881
0.869
0.765
0.683
0.678
0.630
0.678
0.617
0.671
0.660
0.654
0.643
0.683
0.596
0.612
0.569
0.594
0.650
0.818
0.864
0.803
0.764
0.792
0.901
0.934
0.913
0.946
0.981
0.914
0.994
1.000
0.972
0.983
0.952
1.000
1.000
0.965
0.960
0.975
0.902
0.923
0.924
0.899
0.788
0.841
0.827
0.798
0.886
0.877
0.970
0.967
0.997
0.954
0.881
0.795
0.921
0.933
0.970
0.745
0.631
0.749
0.839
0.902
0.952
0.989
0.991
0.935
0.992
0.930
0.911
0.955
0.912
0.790
0.801
0.859
0.835
0.911
0.935
0.895
0.839
0.834
0.736
0.847
0.889
0.948
0.939
0.967
0.884
0.803
0.810
0.815
0.926
0.958
0.728
0.675
0.670
0.705
0.705
0.689
0.729
0.901
0.787
0.770
0.779
0.762
0.847
0.923
0.989
0.997
0.830
0.704
0.727
0.867
0.888
0.895
0.864
0.612
0.621
0.740
0.732
0.709
0.714
0.739
0.737
0.783
0.996
1.000
0.777
0.817
0.925
0.837
0.827
0.880
0.935
0.873
0.627
0.662
0.661
0.760
0.765
0.737
0.878
0.889
0.843
0.842
0.867
0.921
0.811
0.847
0.721
0.799
0.871
0.843
0.844
0.781
0.959
0.924
0.902
0.984
1.000
1.000
1.000
0.937
0.904
0.749
0.865
1.000
0.591
0.554
0.499
0.530
0.603
0.711
0.688
0.678
0.708
0.760
0.804
0.696
0.651
0.692
0.900
0.799
0.816
0.777
0.787
0.793
0.771
0.697
0.822
0.874
0.792
0.705
0.887
0.927
0.925
0.910
0.916
0.929
0.919
0.931
0.903
0.773
0.848
0.934
0.847
0.915
0.892
0.727
0.671
0.706
0.548
0.477
0.467
0.503
0.531
0.637
0.905
0.822
0.799
0.670
0.699
0.797
0.558
0.869
0.808
0.585
0.544
0.484
0.487
0.482
0.422
0.421
0.510
0.579
0.548
0.869
0.739
0.707
0.676
0.556
0.904
0.784
0.606
0.621
0.888
0.941
0.699
0.643
0.906
0.948
0.568
0.521
0.497
0.454
0.451
0.870
0.938
0.809
0.936
0.895
0.921
0.934
0.924
0.742
0.714
0.658
0.592
0.804
0.637
0.852
0.941
0.945
0.887
0.745
0.811
0.757
0.738
0.703
0.950
0.893
0.880
0.749
0.603
0.515
0.465
0.581
0.752
0.769
0.815
0.677
0.685
0.799
0.855
0.923
0.933
0.952
0.831
0.860
0.782
0.611
0.559
0.569
0.523
0.606
0.540
0.488
0.726
0.840
0.563
0.949
0.804
0.832
0.900
0.897
0.706
0.761
0.766
0.841
0.914
0.671
0.925
0.843
0.766
0.665
0.633
0.869
0.921
0.925
0.776
0.745
0.884
0.939
0.955
0.936
0.730
0.827
0.942
0.893
0.794
0.684
0.669
0.708
0.663
0.627
0.688
0.787
0.930
0.928
0.872
0.863
0.746
0.664
0.654
0.628
0.601
0.697
0.805
0.837
0.780
0.734
0.795
0.790
0.784
0.713
0.689
0.679
0.643
0.807
0.864
0.730
0.743
0.651
0.644
0.628
0.595
0.595
0.676
0.880
0.951
0.938
0.786
0.735
0.700
0.656
0.593
0.782
0.742
0.814
0.671
0.712
0.811
0.780
0.703
0.691
0.659
0.753
0.676
0.653
0.638
0.632
0.636
0.574
0.660
0.694
0.694
0.766
0.816
0.836
0.796
0.709
0.719
0.697
0.733
0.674
0.692
0.820
0.820
0.811
0.763
0.661
0.653
0.646
0.661
0.691
0.666
0.675
0.750
0.697
0.669
0.749
0.761
0.713
0.674
0.569
0.652
0.795
0.702
0.685
0.638
0.508
0.662
0.629
0.679
0.731
0.662
0.879
0.880
0.946
0.838
0.737
0.730
0.708
0.720
0.866
0.764
0.743
0.752
0.721
0.932
0.849
0.804
0.728
0.680
0.711
0.742
0.881
0.780
0.735
0.810
0.730
0.746
0.753
0.863
0.810
0.807
0.937
0.834
0.847
0.844
0.767
0.909
0.718
0.650
0.620
0.710
0.736
0.745
0.747
0.733
0.725
0.844
0.672
0.575
0.617
0.663
0.660
0.691
0.680
0.638
0.449
0.517
0.559
0.607
0.589
0.623
0.722
0.641
0.482
0.463
0.608
0.619
0.608
0.615
0.618
0.667
0.568
0.701
0.696
0.684
0.642
0.668
0.708
0.707
0.616
0.731
0.678
0.710
0.678
0.480
0.849
0.910
0.905
0.891
0.720
0.565
0.565
0.645
0.702
0.727
0.666
0.781
0.716
0.546
0.555
0.524
0.524
0.523
0.470
0.496
0.521
0.554
0.590
0.578
0.625
0.705
0.856
0.669
0.432
0.503
0.904
0.911
0.887
0.922
0.845
0.771
0.655
0.673
0.817
0.769
0.792
0.717
0.641
0.654
0.629
0.686
0.635
0.420
0.624
0.638
0.626
0.812
0.730
0.668
0.634
0.521
0.664
0.706
0.704
0.591
0.556
0.656
0.816
0.896
0.893
0.910
0.903
0.923
0.923
0.902
0.894
0.906
0.788
0.696
0.881
0.747
0.916
0.582
0.560
0.556
0.606
0.678
0.752
0.862
0.869
0.868
0.835
0.862
0.632
0.637
0.909
0.918
0.895
0.880
0.760
0.585
0.738
0.853
0.759
0.902
0.684
0.682
0.570
0.520
0.605
0.654
0.828
0.792
0.683
0.629
0.810
0.736
0.720
0.849
0.790
0.613
0.692
0.666
0.786
0.915
0.680
0.538
0.366
0.528
0.607
0.544
0.564
0.914
0.671
0.562
0.473
0.402
0.380
0.424
0.521
0.585
0.598
0.772
0.725
0.586
0.473
0.826
0.910
0.903
0.760
0.713
0.825
0.861
0.846
0.827
0.914
0.851
0.863
0.711
0.667
0.706
0.827
0.669
0.934
0.907
0.685
0.608
0.657
0.570
0.703
0.777
0.916
0.909
0.769
0.892
0.831
0.853
0.738
0.758
0.730
0.649
0.620
0.760
0.908
0.869
0.869
0.758
0.774
0.787
0.662
0.662
0.792
0.935
0.909
0.793
0.764
0.678
0.687
0.657
0.650
0.616
0.665
0.691
0.796
0.906
0.711
0.660
0.596
0.700
0.724
0.688
0.680
0.664
0.638
0.668
0.836
0.842
0.797
0.677
0.678
0.660
0.642
0.676
0.608
0.633
0.770
0.765
0.784
0.788
0.771
0.905
0.883
0.852
0.877
0.810
0.734
0.742
0.845
0.799
0.716
0.705
0.733
0.704
0.734
0.762
0.766
0.690
0.688
0.691
0.676
0.692
0.760
0.840
0.799
0.762
0.764
0.719
0.674
0.653
0.668
0.701
0.690
0.693
0.699
0.676
0.703
0.779
0.745
0.729
0.712
0.721
0.834
0.826
0.810
0.836
0.790
0.743
0.709
0.667
0.733
0.837
0.899
0.847
0.848
0.707
0.642
0.614
0.654
0.574
0.552
0.561
0.687
0.737
0.759
0.818
0.792
0.860
0.680
0.766
0.632
0.627
0.585
0.783
0.600
0.521
0.606
0.616
0.596
0.557
0.604
0.656
0.680
0.635
0.651
0.593
0.463
0.524
0.638
0.701
0.687
0.708
0.753
0.895
0.772
0.927
0.921
0.832
0.776
0.866
0.927
0.874
0.864
0.874
0.835
0.831
0.822
0.806
0.838
0.850
0.830
0.757
0.784
0.795
0.804
0.817
0.691
0.617
0.708
0.658
0.706
0.751
0.930
0.925
0.873
0.844
0.832
0.830
0.750
0.840
0.839
0.883
0.725
0.609
0.619
0.620
0.700
0.735
0.754
0.897
0.887
0.878
0.784
0.922
0.849
0.715
0.880
0.920
0.834
0.767
0.835
0.910
0.895
0.893
0.810
0.910
0.913
0.790
0.683
0.690
0.702
0.757
0.770
0.751
0.734
0.878
0.944
0.921
0.920
0.919
0.880
0.733
0.808
0.891
0.770
0.802
0.731
0.712
0.897
0.911
0.923
0.920
0.917
0.887
0.825
0.806
0.658
0.846
0.865
0.869
0.923
0.903
0.876
0.837
0.729
0.746
0.693
0.684
0.833
0.792
0.725
0.729
0.890
0.897
0.769
0.697
0.801
0.780
0.829
0.765
0.881
0.925
0.926
0.708
0.606
0.576
0.736
0.920
0.846
0.948
0.798
0.764
0.736
0.656
0.838
0.665
0.652
0.674
0.927
0.736
0.535
0.753
0.571
0.453
0.721
0.692
0.754
0.929
0.927
0.946
0.911
0.950
0.908
0.926
0.802
0.877
0.900
0.948
0.945
0.909
0.901
0.825
0.703
0.950
0.830
0.861
0.787
0.934
0.813
0.560
0.585
0.904
0.647
0.633
0.610
0.561
0.574
0.597
0.575
0.525
0.828
0.919
0.882
0.826
0.970
0.906
0.939
0.894
0.885
0.932
0.937
0.851
0.796
0.698
0.914
0.863
0.844
0.883
0.778
0.638
0.566
0.601
0.878
0.817
0.941
0.894
0.684
0.789
0.851
0.653
0.749
0.704
0.679
0.747
0.595
0.901
0.910
0.787
0.736
0.923
0.963
0.946
0.937
0.938
0.952
0.919
0.897
0.940
0.925
0.949
0.940
0.941
0.912
0.896
0.813
0.782
0.755
0.720
0.687
0.677
0.692
0.690
0.785
0.950
0.779
0.809
0.658
0.710
0.706
0.689
0.844
0.784
0.695
0.681
0.804
0.765
0.757
0.731
0.761
0.740
0.707
0.729
0.903
0.830
0.746
0.757
0.794
0.776
0.704
0.691
0.661
0.657
0.906
0.863
0.847
0.716
0.712
0.808
0.755
0.686
0.689
0.671
0.679
0.669
0.710
0.766
0.870
0.739
0.711
0.691
0.713
0.730
0.757
0.733
0.820
0.835
0.797
0.786
0.826
0.850
0.918
0.815
0.808
0.702
0.710
0.755
0.647
0.757
0.931
0.875
0.813
0.729
0.736
0.810
0.747
0.720
0.769
0.603
0.637
0.827
0.753
0.825
0.843
0.787
0.895
0.870
0.791
0.827
0.894
0.819
0.730
0.800
0.639
0.705
0.698
0.760
0.883
0.822
0.874
0.881
0.859
0.907
0.813
0.893
0.771
0.736
0.601
0.627
0.716
0.779
0.845
0.931
0.948
0.931
0.743
0.673
0.657
0.636
0.666
0.658
0.680
0.692
0.715
0.734
0.792
0.789
0.740
0.683
0.645
0.648
0.616
0.627
0.733
0.832
0.735
0.762
0.831
0.892
0.915
0.823
0.804
0.904
0.902
0.817
0.691
0.642
0.612
0.935
0.928
0.912
0.891
0.756
0.763
0.734
0.764
0.725
0.530
0.554
0.617
0.827
0.873
0.926
0.904
0.935
0.982
0.797
0.750
0.797
0.774
0.729
0.697
0.664
0.656
0.902
0.919
0.712
0.730
0.687
0.642
0.520
0.418
0.443
0.592
0.860
0.819
0.903
0.876
0.761
0.749
0.634
0.638
0.842
0.672
0.682
0.734
0.766
0.537
0.612
0.721
0.825
0.924
0.861
0.804
0.814
0.841
0.870
0.931
0.898
0.884
0.786
0.621
0.631
0.742
0.800
0.802
0.747
0.718
0.702
0.657
0.667
0.698
0.918
0.871
0.615
0.914
0.629
0.902
0.951
0.948
0.947
0.939
0.867
0.784
0.769
0.878
0.956
0.854
0.709
0.715
0.595
0.753
0.752
0.911
0.793
0.687
0.868
0.848
0.546
0.537
0.664
0.869
0.902
0.817
0.722
0.902
0.571
0.474
0.917
0.966
0.822
0.719
0.901
0.772
0.716
0.561
0.708
0.681
0.465
0.445
0.478
0.411
0.506
0.566
0.874
0.878
0.628
0.533
0.704
0.899
0.831
0.681
0.796
0.742
0.774
0.646
0.642
0.783
0.869
0.585
0.490
0.540
0.587
0.941
0.537
0.417
0.420
0.563
0.521
0.632
0.719
0.875
0.898
0.933
0.950
0.951
0.882
0.957
0.934
0.858
0.800
0.698
0.805
0.949
0.959
0.959
0.958
0.953
0.700
0.563
0.635
0.605
0.628
0.706
0.889
0.934
0.868
0.795
0.852
0.554
0.518
0.607
0.606
0.610
0.883
0.896
0.698
0.769
0.741
0.857
0.863
0.784
0.759
0.816
0.893
0.850
0.864
0.751
0.759
0.784
0.715
0.666
0.680
0.704
0.756
0.672
0.647
0.794
0.594
0.729
0.883
0.843
0.754
0.727
0.672
0.614
0.631
0.601
0.616
0.571
0.581
0.707
0.746
0.773
0.829
0.739
0.779
0.806
0.876
0.923
0.924
0.822
0.892
0.878
0.742
0.663
0.635
0.656
0.666
0.599
0.606
0.693
0.716
0.747
0.657
0.684
0.713
0.652
0.663
0.698
0.650
0.820
0.819
0.731
0.707
0.687
0.657
0.621
0.615
0.608
0.580
0.635
0.597
0.581
0.597
0.653
0.803
0.840
0.859
0.700
0.754
0.830
0.898
0.957
0.947
0.911
0.791
0.733
0.727
0.755
0.832
0.843
0.732
0.744
0.644
0.757
0.747
0.679
0.678
0.685
0.646
0.664
0.735
0.747
0.763
0.770
0.788
0.847
0.651
0.743
0.767
0.627
0.761
0.809
0.822
0.762
0.683
0.936
0.894
0.873
0.835
0.906
0.755
0.711
0.729
0.754
0.850
0.955
0.928
0.803
0.656
0.693
0.674
0.688
0.747
0.696
0.728
0.753
0.722
0.930
0.766
0.705
0.711
0.780
0.775
0.726
0.727
0.803
0.889
0.902
0.825
0.805
0.785
0.950
0.942
0.885
0.789
0.806
0.757
0.728
0.712
0.810
0.847
0.948
0.845
0.743
0.698
0.746
0.736
0.714
0.762
0.831
0.813
0.826
0.801
0.735
0.810
0.838
0.763
0.775
0.826
0.808
0.934
0.908
0.689
0.597
0.610
0.694
0.756
0.764
0.611
0.623
0.636
0.661
0.702
0.696
0.728
0.828
0.769
0.603
0.562
0.601
0.751
0.760
0.916
0.919
0.900
0.785
0.810
0.940
0.838
0.922
0.921
0.908
0.894
0.875
0.842
0.784
0.790
0.945
0.959
0.943
0.855
0.842
0.856
0.934
0.919
0.939
0.924
0.830
0.920
0.775
0.867
0.923
0.872
0.869
0.804
0.775
0.763
0.926
0.869
0.881
0.858
0.890
0.805
0.535
0.724
0.936
0.922
0.853
0.769
0.782
0.839
0.935
0.842
0.687
0.669
0.680
0.762
0.868
0.874
0.946
0.940
0.893
0.936
0.875
0.912
0.835
0.885
0.876
0.941
0.958
0.942
0.924
0.936
0.932
0.824
0.675
0.603
0.870
0.821
0.800
0.794
0.767
0.898
0.785
0.896
0.749
0.676
0.780
0.571
0.503
0.452
0.492
0.487
0.709
0.711
0.606
0.511
0.572
0.416
0.675
0.941
0.840
0.621
0.944
0.909
0.741
0.902
0.904
0.784
0.788
0.912
0.858
0.880
0.951
0.890
0.901
0.719
0.621
0.740
0.881
0.925
0.755
0.892
0.787
0.893
0.915
0.881
0.870
0.930
0.872
0.686
0.697
0.752
0.771
0.848
0.944
0.768
0.916
0.962
0.885
0.923
0.911
0.779
0.570
0.809
0.683
0.708
0.613
0.668
0.716
0.834
0.888
0.944
0.753
0.679
0.870
0.647
0.754
0.922
0.832
0.752
0.833
0.842
0.717
0.695
0.911
0.889
0.953
0.829
0.702
0.694
0.679
0.895
0.947
0.822
0.892
0.917
0.728
0.936
0.869
0.920
0.875
0.807
0.777
0.690
0.766
0.742
0.670
0.622
0.607
0.593
0.677
0.659
0.661
0.655
0.631
0.580
0.654
0.638
0.591
0.658
0.793
0.918
0.909
0.904
0.784
0.765
0.722
0.807
0.887
0.852
0.842
0.763
0.807
0.800
0.706
0.692
0.713
0.603
0.793
0.952
0.889
0.770
0.763
0.707
0.696
0.741
0.846
0.881
0.769
0.737
0.717
0.645
0.729
0.775
0.772
0.792
0.737
0.707
0.676
0.725
0.765
0.816
0.703
0.695
0.781
0.777
0.767
0.742
0.720
0.780
0.924
0.916
0.883
0.773
0.791
0.764
0.773
0.805
0.772
0.767
0.775
0.744
0.778
0.659
0.638
0.703
0.742
0.709
0.856
0.840
0.928
0.923
0.733
0.708
0.721
0.690
0.675
0.633
0.730
0.707
0.688
0.682
0.677
0.688
0.751
0.673
0.725
0.650
0.611
0.619
0.629
0.662
0.695
0.669
0.738
0.607
0.658
0.686
0.652
0.691
0.762
0.766
0.718
0.664
0.665
0.731
0.839
0.942
0.783
0.745
0.749
0.749
0.699
0.596
0.637
0.831
0.947
0.936
0.935
0.832
0.842
0.759
0.792
0.758
0.852
0.854
0.825
0.844
0.769
0.961
0.962
0.844
0.868
0.929
0.865
0.827
0.948
0.892
0.951
0.954
0.878
0.848
0.870
0.861
0.802
0.755
0.870
0.800
0.854
0.931
0.901
0.823
0.832
0.795
0.910
0.871
0.923
0.818
0.881
0.897
0.907
0.826
0.795
0.817
0.860
0.953
0.889
0.940
0.650
0.644
0.628
0.768
0.921
0.930
0.904
0.923
0.881
0.855
0.824
0.806
0.826
0.796
0.879
0.751
0.708
0.732
0.909
0.701
0.732
0.736
0.840
0.831
0.820
0.925
0.839
0.830
0.699
0.670
0.716
0.772
0.805
0.751
0.738
0.814
0.899
0.848
0.842
0.911
0.912
0.900
0.927
0.936
0.923
0.866
0.841
0.902
0.807
0.819
0.848
0.893
0.906
0.908
0.887
0.758
0.723
0.784
0.816
0.836
0.758
0.793
0.872
0.633
0.565
0.532
0.580
0.596
0.599
0.570
0.566
0.619
0.639
0.740
0.785
0.725
0.712
0.761
0.840
0.784
0.836
0.861
0.732
0.723
0.799
0.709
0.956
0.876
0.944
0.940
0.927
0.882
0.900
0.875
0.922
0.944
0.947
0.842
0.632
0.823
0.825
0.682
0.757
0.661
0.647
0.619
0.529
0.686
0.816
0.880
0.904
0.923
0.853
0.856
0.811
0.939
0.827
0.674
0.738
0.772
0.822
0.909
0.623
0.473
0.573
0.907
0.941
0.855
0.822
0.875
0.907
0.892
0.870
0.805
0.684
0.752
0.909
0.864
0.800
0.830
0.839
0.955
0.908
0.947
0.779
0.761
0.756
0.823
0.888
0.754
0.783
0.853
0.826
0.736
0.864
0.848
0.949
0.825
0.860
0.852
0.909
0.734
0.831
0.933
0.955
0.940
0.899
0.922
0.809
0.694
0.749
0.793
0.763
0.898
0.824
0.830
0.857
0.796
0.782
0.684
0.693
0.693
0.674
0.666
0.656
0.654
0.617
0.660
0.679
0.734
0.679
0.623
0.706
0.670
0.607
0.904
0.861
0.812
0.871
0.786
0.807
0.823
0.855
0.904
0.882
0.717
0.700
0.682
0.757
0.728
0.724
0.670
0.649
0.686
0.645
0.904
0.783
0.680
0.615
0.626
0.604
0.633
0.635
0.664
0.630
0.639
0.706
0.890
0.880
0.781
0.809
0.707
0.707
0.710
0.762
0.945
0.836
0.825
0.747
0.774
0.770
0.714
0.776
0.928
0.859
0.799
0.715
0.736
0.681
0.742
0.755
0.816
0.775
0.719
0.657
0.644
0.688
0.711
0.819
0.731
0.599
0.611
0.734
0.761
0.617
0.731
0.911
0.889
0.812
0.736
0.928
0.772
0.766
0.775
0.782
0.718
0.601
0.659
0.586
0.655
0.693
0.921
0.915
0.838
0.795
0.727
0.562
0.665
0.761
0.699
0.680
0.689
0.682
0.703
0.799
0.777
0.661
0.594
0.531
0.541
0.554
0.677
0.640
0.700
0.697
0.683
0.730
0.814
0.929
0.854
0.835
0.875
0.825
0.772
0.779
0.831
0.946
0.943
0.925
0.896
0.867
0.781
0.712
0.679
0.637
0.674
0.702
0.750
0.760
0.932
0.707
0.785
0.930
0.572
0.590
0.655
0.669
0.655
0.675
0.588
0.743
0.746
0.815
0.854
0.804
0.776
0.679
0.776
0.809
0.881
0.956
0.949
0.940
0.812
0.699
0.752
0.687
0.707
0.725
0.720
0.705
0.626
0.613
0.533
0.563
0.581
0.588
0.625
0.707
0.678
0.605
0.665
0.700
0.771
0.750
0.778
0.745
0.764
0.851
0.884
0.858
0.767
0.734
0.708
0.655
0.686
0.712
0.491
0.518
0.600
0.620
0.809
0.758
0.636
0.712
0.716
0.713
0.678
0.659
0.705
0.652
0.725
0.891
0.874
0.882
0.881
0.938
0.800
0.685
0.749
0.914
0.831
0.792
0.932
0.842
0.942
0.892
0.700
0.636
0.628
0.638
0.848
0.817
0.900
0.837
0.844
0.915
0.928
0.932
0.935
0.868
0.924
0.937
0.946
0.831
0.646
0.904
0.952
0.737
0.718
0.675
0.901
0.875
0.893
0.770
0.918
0.721
0.504
0.602
0.662
0.688
0.655
0.831
0.842
0.875
0.821
0.915
0.882
0.818
0.885
0.813
0.644
0.850
0.864
0.926
0.798
0.683
0.672
0.687
0.804
0.808
0.601
0.628
0.714
0.647
0.667
0.812
0.734
0.864
0.930
0.942
0.940
0.952
0.788
0.667
0.680
0.937
0.742
0.638
0.601
0.810
0.927
0.725
0.916
0.791
0.857
0.775
0.846
0.894
0.823
0.848
0.833
0.895
0.921
0.891
0.880
0.785
0.860
0.924
0.862
0.852
0.832
0.913
0.848
0.762
0.832
0.901
0.889
0.730
0.946
0.709
0.665
0.854
0.924
0.921
0.753
0.664
0.700
0.676
0.612
0.589
0.597
0.743
0.913
0.835
0.921
0.905
0.885
0.854
0.885
0.916
0.925
0.822
0.785
0.791
0.828
0.830
0.783
0.763
0.725
0.787
0.765
0.764
0.742
0.780
0.800
0.825
0.732
0.756
0.727
0.750
0.913
0.780
0.763
0.696
0.750
0.775
0.711
0.665
0.620
0.881
0.935
0.823
0.740
0.679
0.758
0.725
0.676
0.694
0.811
0.787
0.772
0.738
0.705
0.815
0.765
0.769
0.827
0.852
0.816
0.867
0.884
0.870
0.826
0.776
0.839
0.863
0.907
0.925
0.829
0.771
0.795
0.744
0.729
0.751
0.721
0.763
0.794
0.765
0.754
0.795
0.711
0.859
0.759
0.833
0.759
0.742
0.751
0.773
0.815
0.772
0.747
0.756
0.815
0.806
0.797
0.797
0.731
0.809
0.830
0.865
0.832
0.819
0.861
0.781
0.804
0.786
0.817
0.754
0.836
0.823
0.813
0.758
0.629
0.603
0.634
0.654
0.695
0.680
0.680
0.661
0.672
0.667
0.715
0.679
0.673
0.664
0.727
0.690
0.721
0.760
0.792
0.779
0.758
0.745
0.795
0.704
0.700
0.732
0.719
0.757
0.755
0.852
0.710
0.727
0.789
0.823
0.902
0.932
0.846
0.897
0.920
0.929
0.924
0.827
0.801
0.743
0.800
0.642
0.749
0.771
0.779
0.796
0.752
0.765
0.769
0.823
0.792
0.796
0.805
0.908
0.769
0.721
0.829
0.753
0.638
0.695
0.722
0.655
0.675
0.726
0.791
0.688
0.616
0.706
0.746
0.471
0.507
0.563
0.765
0.711
0.636
0.597
0.663
0.633
0.631
0.795
0.888
0.928
0.818
0.758
0.713
0.687
0.623
0.591
0.653
0.790
0.743
0.863
0.703
0.718
0.756
0.606
0.814
0.920
0.835
0.772
0.811
0.745
0.658
0.643
0.639
0.614
0.607
0.658
0.679
0.882
0.879
0.838
0.731
0.692
0.778
0.864
0.848
0.813
0.817
0.861
0.591
0.637
0.640
0.503
0.606
0.663
0.681
0.590
0.538
0.691
0.913
0.828
0.801
0.887
0.675
0.804
0.936
0.883
0.877
0.841
0.742
0.649
0.705
0.790
0.777
0.830
0.918
0.911
0.914
0.912
0.874
0.901
0.664
0.873
0.912
0.801
0.762
0.918
0.936
0.911
0.739
0.668
0.657
0.706
0.674
0.699
0.876
0.633
0.573
0.862
0.831
0.719
0.750
0.765
0.725
0.653
0.627
0.634
0.583
0.548
0.633
0.910
0.866
0.916
0.874
0.803
0.673
0.454
0.474
0.548
0.558
0.541
0.744
0.790
0.882
0.852
0.690
0.587
0.688
0.828
0.744
0.804
0.928
0.739
0.619
0.878
0.831
0.714
0.920
0.861
0.904
0.758
0.886
0.867
0.851
0.844
0.576
0.625
0.683
0.658
0.866
0.798
0.856
0.939
0.909
0.918
0.818
0.935
0.886
0.860
0.925
0.916
0.878
0.745
0.916
0.902
0.840
0.738
0.772
0.907
0.930
0.897
0.755
0.772
0.788
0.832
0.902
0.853
0.863
0.769
0.714
0.671
0.623
0.777
0.818
0.806
0.730
0.775
0.861
0.824
0.789
0.715
0.651
0.715
0.643
0.653
0.718
0.940
0.907
0.891
0.903
0.909
0.887
0.912
0.812
0.652
0.682
0.684
0.643
0.655
0.683
0.717
0.766
0.808
0.653
0.883
0.921
0.930
0.843
0.838
0.812
0.749
0.689
0.672
0.759
0.790
0.730
0.660
0.608
0.617
0.633
0.611
0.588
0.764
0.872
0.947
0.926
0.839
0.809
0.878
0.868
0.811
0.828
0.857
0.883
0.739
0.735
0.687
0.721
0.720
0.771
0.670
0.686
0.747
0.907
0.926
0.907
0.898
0.921
0.894
0.825
0.875
0.842
0.924
0.741
0.738
0.720
0.730
0.712
0.724
0.890
0.798
0.723
0.775
0.719
0.647
0.785
0.941
0.937
0.878
0.808
0.804
0.859
0.882
0.664
0.674
0.931
0.871
0.845
0.851
0.828
0.825
0.784
0.829
0.879
0.875
0.913
0.840
0.661
0.634
0.707
0.713
0.659
0.670
0.675
0.663
0.679
0.790
0.676
0.699
0.640
0.731
0.704
0.760
0.776
0.847
0.849
0.932
0.934
0.925
0.774
0.824
0.832
0.846
0.818
0.810
0.854
0.839
0.875
0.914
0.920
0.932
0.888
0.845
0.926
0.860
0.833
0.867
0.852
0.859
0.861
0.842
0.780
0.795
0.647
0.663
0.752
0.922
0.886
0.864
0.925
0.853
0.651
0.880
0.850
0.813
0.801
0.929
0.863
0.865
0.879
0.903
0.922
0.828
0.705
0.639
0.676
0.752
0.816
0.849
0.935
0.933
0.926
0.833
0.882
0.902
0.816
0.776
0.840
0.797
0.769
0.826
0.822
0.829
0.933
0.831
0.792
0.794
0.787
0.922
0.912
0.896
0.855
0.797
0.892
0.848
0.840
0.776
0.790
0.912
0.924
0.920
0.708
0.463
0.554
0.665
0.920
0.930
0.925
0.867
0.884
0.905
0.840
0.829
0.873
0.835
0.625
0.570
0.591
0.595
0.715
0.796
0.801
0.769
0.902
0.818
0.670
0.679
0.650
0.856
0.629
0.741
0.926
0.918
0.799
0.551
0.892
0.802
0.738
0.559
0.602
0.611
0.582
0.630
0.696
0.775
0.778
0.779
0.906
0.850
0.754
0.911
0.921
0.819
0.742
0.894
0.873
0.921
0.747
0.930
0.861
0.839
0.929
0.866
0.609
0.517
0.528
0.540
0.778
0.921
0.781
0.703
0.748
0.905
0.911
0.807
0.620
0.713
0.925
0.905
0.921
0.924
0.869
0.938
0.926
0.911
0.946
0.937
0.870
0.787
0.813
0.884
0.832
0.883
0.893
0.905
0.871
0.782
0.642
0.647
0.858
0.879
0.712
0.643
0.709
0.828
0.787
0.819
0.906
0.920
0.837
0.756
0.679
0.645
0.684
0.743
0.700
0.736
0.719
0.927
0.938
0.937
0.919
0.855
0.800
0.826
0.739
0.797
0.811
0.907
0.850
0.746
0.706
0.856
0.890
0.914
0.908
0.767
0.718
0.826
0.747
0.754
0.837
0.913
0.933
0.942
0.857
0.942
0.936
0.940
0.790
0.712
0.698
0.686
0.662
0.687
0.669
0.812
0.781
0.739
0.801
0.891
0.775
0.723
0.764
0.691
0.709
0.709
0.663
0.736
0.943
0.918
0.893
0.890
0.859
0.777
0.735
0.801
0.911
0.926
0.790
0.730
0.675
0.698
0.671
0.677
0.696
0.751
0.729
0.678
0.695
0.683
0.654
0.748
0.795
0.778
0.755
0.815
0.761
0.780
0.785
0.815
0.785
0.888
0.839
0.824
0.802
0.764
0.698
0.833
0.798
0.752
0.777
0.779
0.703
0.679
0.761
0.763
0.821
0.763
0.767
0.615
0.638
0.696
0.813
0.932
0.863
0.728
0.756
0.713
0.849
0.748
0.766
0.896
0.928
0.883
0.799
0.899
0.946
0.878
0.912
0.852
0.725
0.727
0.746
0.775
0.728
0.742
0.743
0.715
0.709
0.924
0.933
0.920
0.856
0.872
0.878
0.829
0.807
0.905
0.927
0.874
0.851
0.891
0.931
0.912
0.840
0.811
0.810
0.844
0.864
0.930
0.934
0.914
0.843
0.928
0.876
0.909
0.921
0.854
0.838
0.813
0.908
0.898
0.846
0.869
0.849
0.796
0.802
0.816
0.861
0.810
0.921
0.922
0.856
0.814
0.921
0.882
0.877
0.928
0.852
0.839
0.841
0.864
0.937
0.931
0.886
0.911
0.878
0.916
0.922
0.842
0.749
0.816
0.831
0.841
0.815
0.827
0.833
0.887
0.805
0.834
0.881
0.898
0.829
0.832
0.813
0.884
0.804
0.795
0.671
0.767
0.817
0.804
0.821
0.850
0.812
0.824
0.773
0.885
0.786
0.810
0.760
0.686
0.782
0.817
0.809
0.785
0.809
0.783
0.809
0.874
0.957
0.775
0.779
0.760
0.862
0.960
0.954
0.836
0.854
0.793
0.932
0.968
0.948
0.759
0.678
0.612
0.677
0.739
0.799
0.754
0.730
0.788
0.796
0.956
0.821
0.830
0.820
0.776
0.800
0.831
0.705
0.646
0.913
0.649
0.517
0.452
0.553
0.554
0.596
0.625
0.660
0.674
0.704
0.674
0.747
0.721
0.812
0.872
0.932
0.927
0.618
0.615
0.705
0.552
0.463
0.637
0.694
0.941
0.811
0.907
0.822
0.743
0.966
0.877
0.944
0.901
0.765
0.764
0.951
0.949
0.924
0.920
0.899
0.812
0.929
0.855
0.833
0.934
0.676
0.584
0.794
0.842
0.836
0.941
0.587
0.549
0.631
0.613
0.724
0.788
0.885
0.788
0.853
0.861
0.827
0.911
0.695
0.730
0.804
0.957
0.957
0.696
0.931
0.895
0.978
0.735
0.698
0.709
0.886
0.962
0.949
0.622
0.600
0.671
0.789
0.877
0.872
0.918
0.819
0.753
0.838
0.865
0.595
0.657
0.723
0.954
0.727
0.695
0.917
0.816
0.726
0.716
0.776
0.760
0.805
0.790
0.837
0.880
0.886
0.621
0.583
0.595
0.591
0.711
0.733
0.913
0.947
0.968
0.942
0.812
0.821
0.913
0.938
0.856
0.703
0.782
0.882
0.921
0.951
0.965
0.965
0.960
0.957
0.924
0.966
0.933
0.942
0.791
0.768
0.842
0.949
0.964
0.899
0.894
0.789
0.822
0.808
0.837
0.871
0.828
0.857
0.845
0.854
0.797
0.709
0.830
0.833
0.787
0.751
0.658
0.705
0.721
0.800
0.701
0.628
0.650
0.616
0.677
0.646
0.619
0.584
0.567
0.563
0.653
0.965
0.965
0.951
0.955
0.888
0.821
0.790
0.790
0.762
0.702
0.679
0.858
0.853
0.728
0.660
0.650
0.655
0.720
0.751
0.741
0.712
0.758
0.793
0.729
0.866
0.817
0.836
0.733
0.699
0.726
0.640
0.678
0.815
0.760
0.682
0.798
0.789
0.703
0.664
0.841
0.914
0.902
0.737
0.814
0.874
0.821
0.504
0.644
0.639
0.554
0.678
0.718
0.651
0.793
0.859
0.888
0.810
0.697
0.653
0.615
0.815
0.869
0.796
0.688
0.691
0.876
0.798
0.761
0.761
0.774
0.712
0.804
0.773
0.693
0.690
0.665
0.868
0.953
0.874
0.787
0.797
0.783
0.782
0.635
0.625
0.608
0.655
0.637
0.638
0.666
0.674
0.513
0.607
0.668
0.671
0.601
0.537
0.607
0.703
0.719
0.847
0.937
0.672
0.682
0.800
0.803
0.867
0.819
0.901
0.870
0.795
0.917
0.959
0.959
0.957
0.816
0.687
0.838
0.941
0.948
0.820
0.871
0.873
0.971
0.931
0.866
0.812
0.726
0.652
0.788
0.687
0.551
0.676
0.751
0.681
0.745
0.806
0.957
0.958
0.826
0.577
0.527
0.571
0.545
0.577
0.772
0.825
0.586
0.562
0.605
0.749
0.960
0.897
0.832
0.728
0.708
0.789
0.800
0.846
0.920
0.955
0.933
0.998
0.599
0.527
0.540
0.532
0.640
0.756
0.792
0.745
0.777
0.802
0.797
0.840
0.865
0.838
0.834
0.790
0.753
0.860
0.702
0.942
0.834
0.874
0.945
0.690
0.719
0.606
0.545
0.516
0.525
0.538
0.627
0.866
0.860
0.665
0.499
0.587
0.706
0.801
0.809
0.791
0.786
0.788
0.902
0.906
0.941
0.798
0.944
0.949
0.852
0.757
0.873
0.749
0.778
0.775
0.837
0.878
0.791
0.884
0.732
0.539
0.576
0.496
0.612
0.693
0.772
0.949
0.905
0.770
0.865
0.935
0.812
0.615
0.595
0.565
0.717
0.889
0.849
0.735
0.687
0.735
0.793
0.677
0.669
0.650
0.844
0.829
0.691
0.822
0.519
0.493
0.505
0.598
0.688
0.864
0.834
0.898
0.879
0.910
0.773
0.449
0.929
0.887
0.860
0.802
0.708
0.842
0.762
0.891
0.843
0.893
0.972
0.964
0.913
0.909
0.898
0.687
0.742
0.815
0.901
0.756
0.786
0.868
0.881
0.848
0.853
0.849
0.766
0.658
0.655
0.669
0.822
0.868
0.656
0.795
0.853
0.788
0.654
0.664
0.861
0.909
0.887
0.893
0.924
0.933
0.908
0.922
0.912
0.954
0.975
0.968
0.880
0.876
0.974
0.702
0.809
0.837
0.887
0.712
0.675
0.723
0.865
0.900
0.936
0.945
0.957
0.939
0.888
0.779
0.714
0.696
0.690
0.746
0.869
0.903
0.853
0.836
0.751
0.779
0.901
0.958
0.850
0.742
0.638
0.944
0.754
0.836
0.769
0.714
0.781
0.753
0.774
0.750
0.687
0.657
0.827
0.871
0.824
0.795
0.871
0.843
0.784
0.805
0.814
0.831
0.867
0.877
0.865
0.827
0.843
0.801
0.802
0.807
0.677
0.610
0.612
0.625
0.702
0.877
0.897
1.000
0.767
0.883
0.850
0.823
0.857
0.792
0.880
0.935
0.968
0.936
0.944
0.948
1.000
0.958
0.963
0.904
0.790
0.774
0.891
0.893
0.864
0.951
0.942
0.857
0.734
0.837
0.854
0.856
0.794
0.719
0.886
0.921
0.831
0.788
0.787
0.881
0.907
0.959
0.922
0.734
0.713
0.718
0.669
0.712
0.650
0.629
0.705
0.624
0.596
0.590
0.620
0.709
0.731
0.754
0.947
0.919
0.763
0.805
0.957
0.960
0.946
0.919
0.798
0.790
0.834
0.852
0.920
0.814
0.905
0.911
0.894
0.655
0.837
0.476
0.706
0.470
0.949
1.000
0.887
0.897
0.847
1.000
0.691
0.807
0.795
0.832
0.883
0.971
0.878
0.892
0.954
0.966
0.889
0.909
0.876
0.957
1.000
0.766
0.891
0.698
0.929
0.846
0.840
0.770
0.817
0.866
0.948
0.898
0.798
0.874
0.847
0.994
1.000
0.918
0.947
0.925
0.813
0.746
0.939
0.930
0.899
0.796
0.600
0.652
0.739
0.922
0.941
0.896
0.925
0.899
0.921
0.895
0.878
0.761
0.684
0.755
0.901
