  1
11     0.013650
12     0.013750
13     0.013800
14     0.208400
15     0.709900
16     0.761800
17     0.029260
18     0.027130
19     0.024220
20     0.021590
21     0.019250
22     0.018050
23     0.017250
24     0.022780
25     1.933000
26     24.790001
27     10.100000
28     10.330000
29     0.023790
30     0.023110
31     0.020890
32     0.018700
33     0.016800
34     0.015060
35     0.013950
36     0.014960
37     0.013930
38     0.015230
39     0.019290
40     0.021200
41     0.024860
42     0.025130
43     0.022550
44     0.020240
45     0.018200
46     0.016400
47     0.025120
48     0.333900
49     0.763900
50     11.930000
51     0.043010
52     0.033460
53     0.032320
54     0.029190
55     0.026030
56     0.023160
57     0.020650
58     0.019140
59     10.960000
60     0.026240
61     0.024230
62     0.023190
63     0.021570
64     0.021940
65     0.751800
66     0.021390
67     0.019370
68     0.017240
69     0.015580
70     0.014480
71     0.012940
72     0.011570
73     0.011730
74     0.010800
75     0.015020
76     22.290001
77     0.020260
78     0.018820
79     0.016780
80     0.014930
81     0.013480
82     0.013040
83     0.013250
84     0.012830
85     0.011970
86     0.628600
87     0.012900
88     0.012340
89     0.013310
90     0.015560
91     0.017430
92     0.015910
93     0.014290
94     0.012850
95     0.016370
96     0.016160
97     0.014640
98     16.120001
99     1.260000
100    0.019890
101    0.020610
102    0.020100
103    0.018490
104    0.017370
105    0.015600
106    0.014250
107    0.013580
108    0.012590
109    0.014110
110    0.014090
111    0.012970
112    0.013180
113    0.012780
114    0.011650
115    0.010570
116    0.009830
117    0.008890
118    0.008060
119    0.009820
120    0.009440
121    0.009770
122    0.071040
123    0.076130
124    0.018650
125    0.017960
126    0.016880
127    0.015090
128    0.013440
129    0.012000
130    0.011450
131    0.012730
  2
11     0.736200
12     0.738200
13     0.741000
14     0.744600
15     1.547000
16     1.556000
17     0.817900
18     0.817600
19     0.814900
20     0.811600
21     0.809300
22     0.809400
23     0.811600
24     0.818700
25     2.824000
26     10.040000
27     1.202000
28     1.195000
29     1.128000
30     1.130000
31     1.129000
32     1.128000
33     1.128000
34     1.129000
35     1.131000
36     1.137000
37     1.142000
38     1.150000
39     1.159000
40     1.162000
41     1.169000
42     1.172000
43     1.173000
44     1.173000
45     1.174000
46     1.176000
47     1.188000
48     1.565000
49     1.796000
50     1.704000
51     1.370000
52     1.360000
53     1.365000
54     1.367000
55     1.368000
56     1.368000
57     1.370000
58     1.373000
59     1.385000
60     1.397000
61     1.410000
62     1.419000
63     1.426000
64     1.434000
65     1.443000
66     1.449000
67     1.454000
68     1.457000
69     1.462000
70     1.468000
71     1.476000
72     1.485000
73     1.495000
74     1.504000
75     1.516000
76     1.530000
77     1.541000
78     1.549000
79     1.555000
80     1.560000
81     1.566000
82     1.575000
83     1.585000
84     1.597000
85     1.608000
86     2.378000
87     1.642000
88     1.652000
89     1.661000
90     1.670000
91     1.678000
92     1.684000
93     1.690000
94     1.698000
95     1.711000
96     1.724000
97     1.736000
98     5.180000
99     3.837000
100    1.985000
101    1.995000
102    2.002000
103    2.006000
104    2.011000
105    2.016000
106    2.022000
107    2.031000
108    2.040000
109    2.051000
110    2.061000
111    2.070000
112    2.079000
113    2.085000
114    2.090000
115    2.094000
116    2.098000
117    2.103000
118    2.110000
119    2.120000
120    2.130000
121    2.141000
122    2.151000
123    2.259000
124    2.181000
125    2.189000
126    2.196000
127    2.201000
128    2.205000
129    2.211000
130    2.219000
131    2.230000
  3
11     2.447000
12     2.470000
13     2.496000
14     2.525000
15     3.263000
16     3.733000
17     2.746000
18     2.768000
19     2.786000
20     2.803000
21     2.823000
22     2.848000
23     2.878000
24     2.913000
25     5.141000
26     9.307000
27     3.714000
28     4.056000
29     3.803000
30     3.835000
31     3.861000
32     3.886000
33     3.913000
34     3.943000
35     3.977000
36     4.014000
37     4.053000
38     4.090000
39     4.154000
40     4.168000
41     4.207000
42     4.239000
43     4.267000
44     4.294000
45     4.323000
46     4.355000
47     4.398000
48     4.841000
49     5.160000
50     5.228000
51     4.878000
52     4.878000
53     4.909000
54     4.933000
55     4.954000
56     4.973000
57     4.994000
58     5.019000
59     5.054000
60     5.103000
61     5.151000
62     5.190000
63     5.227000
64     5.262000
65     5.298000
66     5.334000
67     5.364000
68     5.392000
69     5.421000
70     5.454000
71     5.489000
72     5.525000
73     5.562000
74     5.597000
75     5.631000
76     5.672000
77     5.712000
78     5.742000
79     5.767000
80     5.791000
81     5.816000
82     5.844000
83     5.876000
84     5.908000
85     5.940000
86     7.006000
87     6.037000
88     6.060000
89     6.078000
90     6.093000
91     6.106000
92     6.115000
93     6.126000
94     6.141000
95     6.159000
96     6.179000
97     6.197000
98     6.934000
99     8.763000
100    6.815000
101    6.814000
102    6.806000
103    6.795000
104    6.782000
105    6.771000
106    6.763000
107    6.758000
108    6.755000
109    6.754000
110    6.751000
111    6.745000
112    6.736000
113    6.723000
114    6.704000
115    6.684000
116    6.664000
117    6.645000
118    6.629000
119    6.619000
120    6.609000
121    6.600000
122    6.590000
123    6.915000
124    6.596000
125    6.581000
126    6.562000
127    6.539000
128    6.515000
129    6.497000
130    6.482000
131    6.470000
  4
11     2.126000
12     2.140000
13     2.156000
14     2.355000
15     3.058000
16     3.427000
17     2.627000
18     2.622000
19     2.590000
20     2.557000
21     2.526000
22     2.517000
23     2.519000
24     2.656000
25     4.234000
26     14.380000
27     4.970000
28     3.475000
29     3.344000
30     3.360000
31     3.335000
32     3.306000
33     3.279000
34     3.255000
35     3.243000
36     3.278000
37     3.273000
38     3.262000
39     3.389000
40     3.457000
41     3.565000
42     3.604000
43     3.578000
44     3.552000
45     3.528000
46     3.507000
47     3.710000
48     4.181000
49     4.671000
50     4.402000
51     4.140000
52     4.183000
53     4.208000
54     4.181000
55     4.145000
56     4.108000
57     4.075000
58     4.062000
59     6.062000
60     4.426000
61     4.424000
62     4.435000
63     4.429000
64     4.463000
65     4.572000
66     4.571000
67     4.549000
68     4.519000
69     4.496000
70     4.486000
71     4.467000
72     4.450000
73     4.465000
74     4.457000
75     4.557000
76     5.095000
77     4.837000
78     4.832000
79     4.807000
80     4.782000
81     4.763000
82     4.766000
83     4.786000
84     4.794000
85     4.792000
86     5.363000
87     4.821000
88     4.826000
89     4.857000
90     4.918000
91     4.973000
92     4.959000
93     4.940000
94     4.923000
95     5.012000
96     5.032000
97     5.024000
98     13.400000
99     7.020000
100    5.457000
101    5.496000
102    5.507000
103    5.490000
104    5.481000
105    5.456000
106    5.440000
107    5.438000
108    5.430000
109    5.475000
110    5.489000
111    5.478000
112    5.493000
113    5.494000
114    5.474000
115    5.453000
116    5.437000
117    5.417000
118    5.400000
119    5.442000
120    5.443000
121    5.459000
122    5.461000
123    5.579000
124    5.712000
125    5.737000
126    5.734000
127    5.710000
128    5.684000
129    5.662000
130    5.659000
131    5.698000
  5
11     0.749800
12     0.752200
13     0.755700
14     0.779900
15     1.528000
16     1.678000
17     0.867400
18     0.868000
19     0.865500
20     0.862600
21     0.860800
22     0.862100
23     0.865800
24     0.874700
25     2.893000
26     7.075000
27     1.228000
28     1.302000
29     1.205000
30     1.208000
31     1.208000
32     1.207000
33     1.207000
34     1.209000
35     1.212000
36     1.219000
37     1.226000
38     1.237000
39     1.244000
40     1.250000
41     1.258000
42     1.262000
43     1.263000
44     1.263000
45     1.265000
46     1.268000
47     1.281000
48     1.680000
49     1.923000
50     1.846000
51     1.479000
52     1.469000
53     1.475000
54     1.477000
55     1.478000
56     1.479000
57     1.481000
58     1.485000
59     1.498000
60     1.511000
61     1.526000
62     1.536000
63     1.545000
64     1.554000
65     1.564000
66     1.572000
67     1.577000
68     1.581000
69     1.586000
70     1.594000
71     1.603000
72     1.614000
73     1.626000
74     1.637000
75     1.650000
76     1.664000
77     1.676000
78     1.684000
79     1.691000
80     1.696000
81     1.703000
82     1.713000
83     1.725000
84     1.738000
85     1.751000
86     2.639000
87     1.791000
88     1.801000
89     1.811000
90     1.821000
91     1.829000
92     1.835000
93     1.842000
94     1.851000
95     1.865000
96     1.880000
97     1.893000
98     5.203000
99     3.904000
100    2.157000
101    2.167000
102    2.174000
103    2.179000
104    2.183000
105    2.188000
106    2.196000
107    2.205000
108    2.216000
109    2.228000
110    2.239000
111    2.249000
112    2.258000
113    2.265000
114    2.270000
115    2.274000
116    2.278000
117    2.283000
118    2.290000
119    2.301000
120    2.313000
121    2.325000
122    2.336000
123    2.520000
124    2.370000
125    2.379000
126    2.385000
127    2.389000
128    2.393000
129    2.399000
130    2.407000
131    2.419000
  6
11     1.493000
12     1.494000
13     1.496000
14     1.650000
15     2.236000
16     2.410000
17     1.642000
18     1.645000
19     1.642000
20     1.637000
21     1.633000
22     1.632000
23     1.635000
24     1.644000
25     3.416000
26     13.120000
27     3.121000
28     2.332000
29     2.239000
30     2.247000
31     2.248000
32     2.248000
33     2.248000
34     2.249000
35     2.251000
36     2.258000
37     2.265000
38     2.273000
39     2.289000
40     2.302000
41     2.315000
42     2.325000
43     2.328000
44     2.330000
45     2.332000
46     2.336000
47     2.355000
48     2.734000
49     3.009000
50     2.982000
51     2.663000
52     2.658000
53     2.669000
54     2.676000
55     2.679000
56     2.680000
57     2.683000
58     2.688000
59     3.530000
60     2.897000
61     2.911000
62     2.923000
63     2.933000
64     2.944000
65     2.977000
66     2.994000
67     3.001000
68     3.006000
69     3.011000
70     3.018000
71     3.026000
72     3.035000
73     3.046000
74     3.056000
75     3.070000
76     3.857000
77     3.249000
78     3.259000
79     3.265000
80     3.270000
81     3.275000
82     3.283000
83     3.294000
84     3.306000
85     3.317000
86     4.019000
87     3.352000
88     3.361000
89     3.371000
90     3.381000
91     3.390000
92     3.395000
93     3.400000
94     3.406000
95     3.419000
96     3.433000
97     3.445000
98     15.630000
99     4.831000
100    3.746000
101    3.760000
102    3.769000
103    3.774000
104    3.778000
105    3.782000
106    3.787000
107    3.795000
108    3.803000
109    3.815000
110    3.824000
111    3.832000
112    3.840000
113    3.846000
114    3.849000
115    3.851000
116    3.853000
117    3.855000
118    3.859000
119    3.868000
120    3.877000
121    3.886000
122    3.899000
123    4.019000
124    3.949000
125    3.961000
126    3.967000
127    3.970000
128    3.971000
129    3.973000
130    3.979000
131    3.989000
