19790101
0.13
1.91
0.19
0.11
0.32
0.08
0.04
0.05
0.01
0.02
2.76
1.91
0.88
6.97
2.00
0.42
2.01
1.17
0.56
0.72
0.30
0.67
0.47
0.05
0.01
0.06
0.06
1.17
1.87
16.88
11.38
0.06
0.72
6.17
4.48
2.87
0.05
3.17
0.07
0.88
3.56
0.05
3.59
12.23
3.40
0.31
0.06
0.05
0.13
1.21
0.02
0.16
0.84
0.33
0.75
0.09
0.21
0.05
0.00
2.01
19.35
2.72
0.59
2.93
9.52
9.81
6.76
1.62
2.88
1.57
3.26
20.87
8.00
7.10
14.42
25.62
50.52
59.89
8.04
0.14
29.21
0.03
0.66
18.91
22.31
3.95
1.15
0.96
12.54
2.99
8.80
13.63
7.57
7.04
21.67
8.90
7.35
0.48
15.64
0.81
0.14
0.50
0.13
0.10
0.04
4.63
9.50
4.69
0.48
0.06
0.01
0.06
0.05
1.41
9.13
0.00
0.02
0.11
0.74
3.44
14.98
16.47
29.99
0.36
0.53
5.36
3.55
4.98
12.62
24.51
12.45
1.24
9.26
18.71
5.74
0.03
0.68
2.00
0.05
0.07
0.12
0.18
2.88
3.16
0.69
12.93
37.77
26.39
5.17
1.43
0.01
0.03
0.07
0.05
0.03
4.32
15.49
0.45
0.35
3.38
41.16
30.21
0.80
0.53
0.05
0.03
5.42
12.80
8.90
15.00
19.46
6.41
6.55
1.55
0.43
1.92
0.81
6.63
23.88
18.64
6.00
1.24
0.15
0.03
0.29
0.42
0.44
0.09
0.05
0.52
0.22
0.18
0.02
0.03
0.09
0.05
0.04
0.23
0.79
8.55
6.31
1.11
0.83
2.53
2.04
3.45
17.18
0.80
1.41
4.55
3.16
9.58
0.41
9.53
16.19
0.73
0.43
1.47
1.96
2.89
4.42
4.84
0.99
0.06
0.76
0.20
0.23
0.23
2.47
6.31
6.49
7.19
13.86
11.28
3.00
3.56
1.16
1.34
10.40
30.97
12.02
5.12
3.36
2.60
14.28
31.26
5.03
0.36
4.51
9.33
10.28
32.44
19.81
1.99
0.55
1.43
0.31
1.93
0.02
1.06
1.91
0.89
3.02
0.62
0.38
5.46
22.04
7.30
1.77
0.01
0.05
0.05
0.01
0.03
0.02
0.04
0.01
0.04
0.02
0.03
0.01
0.03
0.02
0.05
0.03
0.05
0.05
0.06
0.05
0.05
0.03
0.02
0.02
0.00
0.00
0.02
0.03
0.03
0.08
0.07
0.06
0.06
0.03
0.06
0.05
0.75
0.58
2.65
2.68
0.01
0.01
0.49
1.11
0.02
0.08
0.05
0.01
0.02
0.05
0.02
1.57
0.10
0.02
0.04
2.06
3.48
1.30
0.02
0.08
0.07
0.06
0.05
0.03
0.05
0.05
0.04
0.04
0.05
0.11
0.03
0.06
0.05
0.04
0.03
0.03
0.05
0.05
0.02
0.03
0.04
0.13
1.82
2.40
0.45
0.01
0.39
0.36
0.01
0.03
0.05
0.05
0.04
0.05
0.05
0.02
0.08
0.04
0.02
0.03
0.01
0.03
0.05
0.04
0.05
0.03
0.01
2.52
0.19
0.04
0.03
10.21
1.98
0.12
0.27
0.06
0.78
0.09
0.08
0.01
0.01
0.37
0.61
44.53
3.91
0.16
0.00
7.90
4.19
5.77
9.13
0.23
8.68
13.75
5.34
5.37
1.27
3.79
4.98
1.45
0.27
0.04
0.05
0.29
0.48
0.24
0.00
0.12
1.54
13.86
7.23
2.24
18.87
5.12
0.05
2.29
4.99
1.08
0.06
26.76
42.20
61.19
23.30
33.95
9.36
0.34
1.38
0.50
0.09
0.12
0.33
1.87
2.45
10.10
0.04
0.18
0.11
0.13
0.19
0.00
0.22
5.63
0.78
0.97
0.07
1.13
4.50
11.71
0.02
0.77
0.44
0.20
1.09
1.07
11.44
14.10
12.42
29.75
9.53
20.39
0.07
0.08
0.01
0.00
0.08
12.47
11.64
26.37
7.51
23.37
31.71
13.62
18.87
7.79
8.83
19.56
9.10
1.78
2.52
4.08
9.29
5.82
16.06
16.86
23.95
0.37
0.51
3.35
3.24
2.58
2.24
11.42
8.61
0.63
0.17
0.01
0.01
0.24
2.90
1.00
0.18
16.61
12.23
0.06
0.04
0.10
3.11
5.59
2.08
3.99
6.78
1.85
0.29
1.62
0.37
14.41
6.68
1.77
0.23
0.53
2.68
1.64
0.15
0.05
0.06
2.58
0.12
0.89
1.75
1.19
0.07
0.02
0.20
7.10
6.66
6.65
0.35
0.36
0.03
12.68
5.20
0.13
1.92
7.03
1.88
0.33
0.59
1.51
1.87
39.60
35.62
2.47
0.52
0.06
0.26
1.07
0.16
0.94
0.44
0.34
1.41
18.27
4.17
1.50
2.94
3.65
1.74
0.20
0.72
0.02
0.02
0.21
21.71
5.49
17.33
21.02
12.35
1.84
4.13
7.46
0.02
0.55
5.66
5.98
0.23
5.14
2.00
13.61
0.11
0.65
14.23
1.76
0.18
0.11
1.82
3.27
37.59
30.71
11.99
12.73
2.81
4.70
0.32
0.15
3.49
10.95
8.88
3.19
7.64
0.36
0.03
0.01
0.06
0.05
0.14
0.54
0.05
0.41
11.38
5.56
0.69
23.75
17.15
0.98
0.12
0.02
0.02
0.03
0.04
0.03
0.04
0.03
0.07
0.07
0.04
0.05
0.03
0.32
0.98
0.04
0.60
0.06
0.03
0.01
0.05
2.50
11.66
2.02
0.85
0.18
0.01
1.09
2.12
16.13
0.45
0.09
0.05
0.06
0.03
0.03
0.06
0.01
0.03
0.03
0.07
0.05
0.02
0.05
0.04
0.05
0.05
0.01
0.03
0.05
0.00
0.15
0.05
0.20
0.14
10.56
22.86
0.28
0.03
0.05
0.03
0.08
12.33
27.44
0.09
0.11
0.10
0.45
0.63
0.03
0.07
0.05
0.11
0.25
0.04
0.04
0.06
0.18
0.02
0.04
1.93
0.61
0.20
0.03
0.08
0.00
0.05
0.03
0.02
0.02
0.02
0.92
0.25
0.02
0.05
0.02
0.02
0.02
0.03
0.02
0.03
0.06
0.01
8.37
5.67
0.16
0.11
0.13
0.03
0.05
0.06
0.04
0.02
0.05
0.04
0.05
0.04
0.02
0.04
0.08
0.12
0.86
1.22
0.37
0.15
0.06
8.96
5.54
0.08
0.00
0.40
4.83
0.19
1.57
1.10
0.06
0.06
0.06
0.01
0.01
0.01
11.36
6.46
1.42
13.87
13.62
10.57
11.66
3.36
0.12
0.10
2.21
7.86
3.50
3.38
11.33
3.74
3.63
2.56
0.00
4.26
1.81
9.13
0.42
4.95
1.16
9.45
2.03
1.12
2.17
7.97
3.35
3.37
21.67
20.20
0.54
0.86
2.22
33.81
3.97
13.09
5.55
0.43
3.79
0.95
26.59
1.78
1.04
0.85
6.66
5.07
14.60
4.79
23.06
23.88
22.23
8.09
1.30
18.55
14.73
10.57
5.11
23.41
0.12
0.02
14.23
11.18
2.02
8.25
5.27
19.17
8.27
4.55
0.65
0.27
15.25
2.81
3.07
1.19
19.00
24.07
1.36
0.14
0.03
0.03
0.04
15.55
2.83
22.50
12.77
1.91
13.26
7.98
0.01
0.03
0.01
0.60
16.04
19.60
1.01
0.17
0.31
12.68
0.99
28.66
18.23
37.25
63.71
4.52
60.00
6.40
2.53
47.67
17.65
1.17
0.37
0.17
0.36
2.26
36.73
13.66
1.80
1.22
3.14
0.91
0.80
1.02
2.32
2.81
1.31
21.73
2.54
0.72
0.54
0.05
0.07
5.34
8.11
4.95
0.48
0.81
0.11
0.04
0.46
3.43
0.52
0.04
0.20
0.20
0.07
2.49
0.09
0.02
0.03
0.16
0.73
4.24
2.16
27.18
6.92
11.67
21.43
10.20
13.78
27.27
23.68
10.60
0.55
9.32
21.74
3.00
11.41
1.42
0.62
0.79
0.67
0.50
0.25
0.02
0.38
0.27
1.50
6.75
5.47
0.87
1.82
1.21
0.11
1.44
0.09
0.05
0.64
0.26
0.35
3.40
4.69
21.42
16.24
0.88
0.92
0.72
4.68
9.54
0.58
4.35
1.34
0.02
1.92
10.81
15.37
8.31
1.99
5.12
34.16
18.48
0.20
0.03
0.04
0.04
0.12
0.04
11.45
25.88
28.58
3.52
0.45
0.07
2.98
0.27
0.18
0.05
0.16
0.09
0.13
0.78
0.30
1.35
4.06
12.10
3.58
0.46
0.09
0.06
0.05
0.01
0.03
0.15
5.77
6.39
0.56
0.10
0.02
0.25
3.09
0.03
0.03
0.02
0.02
0.02
0.05
0.11
1.36
14.61
9.57
5.22
1.66
1.59
4.47
0.26
1.59
0.27
0.03
0.02
0.00
0.00
0.01
2.55
2.08
0.10
0.07
0.03
0.03
0.06
0.15
0.89
1.05
0.49
0.22
0.56
0.04
0.05
0.05
0.05
0.03
0.02
0.03
0.01
0.02
0.06
0.05
0.04
0.05
0.03
0.04
0.04
0.02
0.02
0.18
1.79
0.36
0.06
0.02
0.03
0.03
0.04
0.05
0.06
0.05
0.02
3.20
0.35
0.29
0.04
0.02
0.05
0.11
0.17
0.02
0.03
0.03
0.03
0.06
0.04
0.13
1.12
0.11
0.15
0.06
0.05
0.04
0.03
0.04
0.02
0.07
0.65
0.25
0.02
0.07
0.05
0.06
0.05
0.05
0.05
0.02
0.06
0.05
1.03
1.76
0.39
0.87
9.84
1.08
13.36
6.18
5.23
2.32
14.00
0.56
0.15
0.07
0.10
0.33
0.56
1.38
0.42
0.16
8.93
0.06
5.92
39.68
5.05
1.69
0.69
1.68
1.55
1.52
9.23
20.45
10.89
19.92
13.61
7.30
9.50
3.26
24.45
5.14
13.46
0.39
0.21
0.16
0.06
0.18
0.10
0.42
0.51
14.39
3.48
1.06
0.24
1.77
0.36
0.08
1.85
0.87
13.94
10.69
6.72
0.74
0.93
0.14
0.04
0.03
0.02
0.01
3.17
8.37
1.86
0.03
0.03
0.17
0.03
0.06
1.23
19.51
34.60
4.41
35.26
14.07
0.26
3.70
9.12
42.10
14.48
9.61
7.10
0.04
0.12
29.73
30.27
45.50
0.21
3.82
28.88
17.68
0.63
8.82
3.13
0.81
0.31
0.70
2.26
7.28
0.99
0.22
0.21
0.00
0.16
0.23
0.10
13.94
19.67
37.42
9.77
21.18
28.73
18.89
0.47
0.05
1.47
34.20
22.57
20.75
24.59
20.92
15.83
1.50
15.30
7.13
2.20
7.59
3.50
4.68
5.78
0.18
1.72
24.98
2.01
1.34
0.06
0.03
0.08
0.03
4.02
11.53
1.73
18.82
11.97
6.15
21.09
18.43
6.21
2.20
0.85
0.30
0.18
0.65
3.59
0.15
0.04
0.03
1.24
2.57
1.52
0.01
0.07
0.04
0.07
2.43
0.71
2.46
5.15
0.01
12.24
18.53
7.34
2.10
7.17
2.28
1.28
1.47
6.13
0.48
1.52
0.00
0.75
3.47
2.09
0.10
0.30
1.07
3.22
2.10
2.87
3.55
1.03
0.39
0.46
2.03
2.34
13.88
5.17
0.09
2.24
5.24
10.11
4.21
11.12
0.12
0.07
0.11
0.06
0.72
0.57
1.04
6.10
0.68
2.76
0.58
35.65
33.14
3.04
5.13
1.37
0.32
0.00
1.65
5.95
6.27
0.10
0.04
0.03
0.05
0.52
0.09
2.06
8.95
1.67
2.14
2.55
5.05
1.86
0.15
0.04
0.03
0.02
0.06
0.13
0.03
0.05
0.04
0.05
0.06
0.07
0.05
0.00
0.01
8.79
1.92
6.14
6.26
9.72
14.61
13.07
4.72
9.38
30.17
5.39
0.14
0.13
0.04
10.67
23.40
0.30
0.84
0.59
1.25
0.05
0.03
0.02
0.09
0.54
25.00
3.78
0.17
7.27
0.33
0.06
0.08
0.06
0.81
0.19
0.36
4.00
6.66
34.40
0.01
0.05
0.94
1.69
0.05
0.46
8.70
1.00
1.63
0.19
0.12
0.24
0.93
0.65
0.01
0.02
0.01
0.06
0.03
0.05
0.04
0.03
0.04
0.02
0.15
2.77
2.35
0.02
0.05
0.01
0.06
0.18
0.22
0.13
0.07
3.86
29.19
20.52
13.54
49.25
3.00
5.16
1.56
2.88
3.29
0.02
0.07
0.03
0.44
4.31
1.62
0.04
0.06
0.25
0.45
0.07
0.02
0.05
0.03
0.02
10.21
1.60
6.64
11.44
38.56
7.16
0.43
1.90
16.79
2.26
1.20
0.18
14.30
25.89
0.66
0.30
0.99
8.25
18.64
1.59
0.96
0.07
29.59
5.74
11.44
3.50
29.34
27.63
5.08
13.86
21.73
3.18
10.27
2.00
20.65
7.35
0.17
0.44
3.25
7.52
22.11
9.00
42.81
1.84
0.04
22.17
57.77
3.85
0.69
6.02
41.59
56.38
7.67
1.37
8.50
33.42
22.35
4.18
59.47
3.84
0.94
0.33
0.04
0.03
0.02
0.15
5.99
4.01
8.40
3.20
14.16
41.16
16.40
2.57
7.48
29.91
19.07
24.72
26.24
33.42
27.16
0.21
0.55
12.85
25.15
19.17
0.30
0.02
0.75
0.48
0.39
3.82
2.65
16.35
0.87
0.02
0.15
3.71
11.82
0.04
5.86
12.58
14.50
15.62
10.23
0.16
2.09
33.45
0.06
0.07
0.26
2.00
31.29
3.98
3.01
4.57
9.92
15.02
3.16
1.40
4.33
1.77
23.24
10.01
9.21
17.82
11.62
0.03
0.02
0.03
0.06
1.37
3.01
0.29
0.18
0.00
24.49
7.22
27.60
37.05
22.69
47.91
9.32
1.07
6.97
1.08
3.16
0.59
0.01
0.00
0.78
1.19
0.04
0.52
0.66
1.95
1.53
0.14
0.01
0.05
0.16
1.00
0.22
0.11
0.35
3.22
0.22
1.89
0.24
0.40
2.14
1.52
0.02
0.03
0.03
0.05
0.95
0.03
0.26
4.65
2.90
0.71
0.47
0.14
0.13
0.12
0.09
0.15
0.41
0.00
7.03
14.99
2.24
2.41
0.46
1.05
0.78
0.07
5.04
1.09
2.38
1.10
2.00
7.54
25.56
37.80
5.01
19.52
20.00
1.35
0.02
0.07
0.90
8.76
5.12
3.42
2.75
18.83
24.85
7.34
0.39
2.40
1.11
1.78
4.33
1.94
8.72
2.63
0.56
0.57
0.41
0.15
0.01
7.12
9.06
2.42
0.69
1.74
0.60
6.44
6.23
0.04
0.01
0.18
2.59
2.25
0.27
0.12
0.30
0.02
0.01
0.12
0.52
0.05
0.05
0.03
0.02
0.07
0.80
0.28
0.08
0.02
0.09
0.11
0.18
0.01
0.10
0.17
0.13
0.10
0.88
1.70
0.01
0.02
0.04
0.10
0.06
0.02
0.06
0.05
0.02
0.05
0.03
0.01
0.02
0.02
4.12
14.02
2.71
0.00
0.22
0.41
0.03
0.03
0.03
0.02
0.01
0.07
0.06
0.06
0.02
0.01
0.06
0.05
0.05
0.05
0.02
0.04
0.01
0.03
0.02
0.03
0.02
0.05
0.02
0.01
0.02
0.06
0.04
0.02
0.02
0.05
0.08
0.18
0.16
3.23
1.19
0.91
0.59
0.02
0.04
0.02
0.02
0.03
13.07
9.68
0.04
0.02
0.04
0.06
0.06
0.02
0.03
0.03
0.06
0.05
0.02
0.04
0.02
0.04
0.04
0.23
0.44
0.11
0.65
1.13
0.11
6.63
6.63
0.07
0.08
0.59
0.26
0.19
0.33
0.19
0.08
0.20
0.13
7.32
12.56
1.07
1.45
1.69
0.19
0.04
0.01
9.32
2.96
0.21
0.52
1.26
1.02
0.53
2.19
0.54
0.01
0.74
0.50
0.51
1.75
2.10
0.24
0.08
0.28
6.16
5.69
0.02
0.01
0.04
0.04
0.21
3.01
16.09
7.69
6.29
5.69
4.78
9.02
7.94
1.15
1.30
0.47
1.36
2.15
6.40
7.47
8.74
5.36
10.94
16.65
13.40
3.92
0.55
1.26
0.47
0.24
0.51
5.04
6.36
1.64
9.42
35.34
13.91
23.46
24.89
9.67
11.63
9.94
2.39
1.00
0.04
6.86
0.06
3.11
11.08
36.50
8.73
17.87
1.85
0.36
0.01
8.75
0.54
29.10
29.94
0.02
3.97
0.62
7.16
16.00
4.90
16.93
0.81
0.06
0.04
0.03
0.03
0.02
0.05
0.77
7.29
3.47
33.01
36.29
54.90
38.71
3.64
27.59
1.34
0.19
0.28
1.42
1.39
22.31
12.86
2.44
7.71
9.85
22.27
35.89
5.49
0.82
1.47
4.24
5.85
1.17
1.15
4.01
61.04
59.00
9.52
0.08
1.92
20.78
17.48
9.22
4.24
6.20
6.67
2.98
2.82
2.99
2.46
5.20
1.46
2.26
0.57
3.84
0.39
0.63
0.91
4.35
10.07
0.16
0.07
0.29
1.32
0.03
0.19
0.14
0.06
0.05
0.04
0.80
2.54
1.89
6.08
2.41
4.13
1.50
2.12
0.65
0.03
0.05
0.04
0.01
0.01
0.26
4.01
8.82
1.85
2.32
0.49
0.44
1.11
0.33
5.99
5.93
1.65
5.70
7.21
2.92
0.84
1.73
0.05
0.08
0.31
0.08
0.01
0.03
1.75
1.67
1.80
22.15
14.42
17.26
0.55
0.45
0.06
14.06
26.62
7.93
18.21
1.23
2.38
5.49
5.17
0.10
0.05
0.02
0.57
4.53
1.61
1.50
1.33
5.98
29.47
1.00
23.99
10.33
0.52
0.79
0.31
0.04
0.06
0.34
1.94
2.03
0.96
0.27
0.17
0.04
0.02
0.61
0.35
0.18
2.23
2.63
1.34
1.46
0.33
0.04
0.03
0.03
0.05
0.01
3.83
10.53
7.54
0.02
0.05
0.01
0.02
0.04
0.31
0.20
0.19
0.00
0.04
0.05
0.03
0.05
0.03
0.00
0.02
0.05
0.35
0.15
0.04
0.01
0.03
0.02
1.61
0.84
9.65
22.05
4.66
0.07
0.10
0.03
0.04
0.05
0.04
0.32
0.10
0.05
0.03
0.03
0.02
0.05
0.03
0.02
0.05
0.02
0.04
0.03
0.05
0.05
0.04
0.04
0.04
0.04
0.05
0.05
0.04
0.01
0.26
0.57
2.73
0.09
2.82
4.52
1.01
0.22
0.06
0.05
0.02
0.03
0.03
0.05
0.05
0.05
0.07
0.58
0.10
0.06
0.10
0.56
5.59
7.33
2.96
2.44
0.62
0.13
0.17
0.04
0.03
0.36
6.23
6.81
0.15
0.06
0.03
0.12
0.08
0.30
0.62
0.71
0.73
0.02
0.78
0.96
0.03
0.13
0.27
0.02
0.01
0.03
3.76
8.57
13.93
19.53
1.40
2.03
26.51
1.53
1.00
9.19
14.13
18.12
6.81
11.69
26.29
16.11
8.21
3.45
0.58
13.05
24.90
2.41
4.21
12.71
6.28
25.44
35.47
4.17
1.26
0.26
1.50
1.38
0.51
3.81
10.65
14.57
10.85
0.86
0.09
0.15
0.19
0.64
0.46
1.87
6.67
6.95
0.07
0.05
1.93
2.54
9.62
4.86
3.26
3.07
1.75
12.55
0.23
1.42
0.02
2.66
25.85
0.85
0.24
7.77
23.17
0.03
11.23
2.90
18.19
8.48
0.48
0.04
0.37
15.88
4.71
0.05
0.19
0.86
0.03
0.05
0.50
1.67
0.12
0.05
3.57
14.89
3.43
0.25
0.60
4.24
3.90
8.72
5.02
0.32
2.14
0.03
0.02
5.76
2.63
9.94
39.97
0.98
2.36
10.58
1.02
0.38
1.72
14.17
0.39
2.80
7.95
75.80
44.01
2.52
1.31
2.45
2.08
11.04
3.49
3.40
36.94
13.55
8.72
0.05
0.28
0.24
3.87
11.19
1.15
0.61
0.20
0.84
2.77
0.89
0.05
3.97
0.50
0.69
3.49
11.84
21.05
33.19
17.89
5.20
0.23
0.24
0.19
6.45
13.52
2.62
0.15
0.04
0.29
4.35
5.74
0.07
0.02
0.05
0.11
0.03
0.04
0.05
0.05
0.19
5.53
10.49
1.77
7.57
6.85
3.87
7.54
2.29
5.17
6.60
4.68
1.72
0.71
3.77
2.90
2.25
1.46
8.08
10.26
9.68
0.12
31.19
6.46
5.90
9.41
3.62
4.42
10.61
7.68
7.32
0.36
0.14
0.20
1.64
4.22
7.82
46.03
6.90
1.97
0.69
0.57
0.42
0.35
48.29
27.12
15.04
11.80
2.80
3.32
1.22
1.32
5.41
1.36
8.87
45.01
4.95
0.62
1.69
0.46
1.87
8.85
10.69
7.28
19.10
12.96
11.15
10.60
34.97
0.98
0.30
1.72
1.76
3.70
2.23
0.02
0.02
0.05
0.02
0.03
0.08
0.05
0.08
0.29
0.06
0.19
0.10
0.35
0.36
0.05
0.02
0.25
0.02
0.01
0.00
0.01
0.00
0.03
0.06
0.06
0.08
0.07
0.01
0.03
0.01
0.07
0.08
0.06
0.04
0.12
0.04
0.04
1.70
3.67
0.22
0.02
0.06
0.14
0.06
0.02
1.42
1.02
0.03
0.04
0.06
0.01
0.23
0.24
0.59
0.04
0.04
0.04
0.23
3.55
12.07
0.76
0.03
0.02
0.04
0.26
3.34
2.72
0.20
0.11
0.24
6.82
4.06
0.02
0.05
0.05
0.06
0.04
0.03
0.05
0.03
0.04
0.05
0.05
0.04
0.03
0.04
0.13
0.13
0.21
0.02
0.39
3.26
0.04
0.06
0.07
0.02
0.05
0.04
0.03
0.04
0.05
0.06
0.06
0.06
0.04
0.04
0.03
0.04
0.52
1.47
0.07
0.05
0.76
1.16
0.09
1.14
1.12
0.05
0.06
0.05
0.05
0.07
0.06
1.25
1.25
7.39
9.20
14.81
0.73
0.03
0.02
0.36
0.06
0.06
0.01
0.19
3.45
3.19
16.96
29.50
0.60
0.19
0.01
0.02
0.05
0.02
0.13
2.71
6.28
4.69
4.09
1.61
0.03
0.04
0.02
0.02
0.03
0.02
0.02
0.29
4.66
2.26
4.02
27.72
12.05
57.33
16.57
8.28
14.26
0.38
28.87
11.91
2.17
0.16
13.02
14.04
4.60
32.29
5.99
3.68
46.34
5.84
6.36
1.27
0.80
0.25
0.39
0.32
0.40
0.23
0.03
0.81
0.63
0.19
0.11
9.64
10.26
7.98
6.56
4.69
19.01
29.78
18.20
0.28
6.75
1.80
1.35
0.69
5.22
22.02
1.24
0.52
6.25
42.47
2.56
0.69
4.46
4.52
1.69
0.02
0.29
5.11
16.34
26.74
3.90
7.56
0.04
0.03
0.31
4.99
2.35
26.94
55.24
2.77
0.33
0.04
0.44
1.32
2.43
20.84
10.46
0.14
1.39
21.09
41.72
7.80
26.39
31.21
25.63
2.46
0.59
0.30
0.52
1.39
19.88
44.01
12.72
11.02
9.23
17.15
17.77
5.70
4.77
2.65
3.05
4.77
16.59
8.61
10.94
5.73
3.22
2.23
3.40
6.82
6.78
12.35
13.40
5.15
0.11
3.04
3.10
0.13
0.81
9.12
27.45
4.12
0.81
0.02
0.41
2.94
0.24
3.29
0.51
0.18
0.07
0.10
0.05
0.04
0.12
0.40
0.95
0.25
1.61
0.55
1.29
1.50
0.23
2.14
3.81
8.32
2.42
0.91
0.19
0.28
0.34
0.16
0.68
0.01
0.25
0.02
0.03
0.05
0.05
0.13
0.75
0.70
0.06
0.07
0.06
0.03
0.02
0.02
0.61
1.95
5.02
1.88
0.01
0.62
1.11
0.87
4.26
1.23
0.97
0.11
0.05
1.39
5.27
0.91
1.47
1.42
0.03
0.02
0.05
0.04
0.03
0.03
0.02
0.05
0.03
0.04
0.01
0.01
0.04
0.04
0.03
0.02
0.01
0.01
0.00
0.03
0.06
0.22
0.01
0.03
0.05
0.08
0.02
0.00
0.00
0.02
2.21
8.25
2.09
0.55
0.32
0.02
0.04
0.48
0.54
0.03
7.39
54.73
9.17
0.41
0.02
0.03
0.05
0.24
0.05
0.02
0.07
1.21
5.67
0.22
0.05
0.02
0.11
2.57
0.15
1.77
38.08
23.11
1.20
1.69
0.42
0.13
0.01
0.02
0.43
0.21
0.03
0.00
0.05
0.03
0.00
0.03
0.47
4.35
0.05
0.05
4.07
8.98
4.72
0.05
0.05
0.02
0.02
0.04
0.03
0.05
0.31
1.19
8.12
3.66
0.05
0.06
0.05
0.03
0.05
0.05
0.09
0.21
0.01
0.05
0.02
0.05
0.05
0.17
0.43
0.00
0.23
0.08
0.05
0.02
0.04
0.03
0.00
0.03
0.04
0.02
0.01
0.00
0.01
0.06
0.09
0.13
0.04
0.02
0.05
0.08
0.11
0.06
0.02
0.03
0.05
0.01
0.01
0.03
0.03
0.13
0.02
0.05
0.03
0.02
0.03
0.06
0.04
0.10
0.53
1.53
0.57
0.06
0.27
0.10
0.08
0.16
0.03
0.51
0.71
14.01
18.39
6.20
1.28
19.18
1.29
0.03
0.03
0.09
0.78
8.87
0.08
0.54
0.54
1.08
3.33
4.52
6.80
1.24
1.10
7.89
46.64
20.28
10.21
4.02
21.36
27.59
5.56
34.80
65.56
16.82
16.62
3.85
18.17
0.77
0.52
0.51
17.95
4.20
14.01
2.95
14.64
14.65
17.08
1.43
0.81
1.06
7.96
19.76
18.77
23.85
5.90
0.03
0.05
0.05
0.03
0.02
0.26
0.18
0.11
0.24
0.03
0.12
0.83
0.06
0.05
0.38
0.03
0.03
6.50
12.74
26.09
9.49
17.89
11.05
1.52
3.86
22.56
2.23
4.73
13.17
1.95
5.92
23.01
11.39
0.20
17.60
36.28
9.67
12.48
0.27
1.54
4.84
4.41
28.68
9.31
0.49
0.14
7.37
6.09
4.17
0.04
7.97
19.23
1.38
5.83
0.48
0.01
0.02
0.03
0.00
0.11
3.07
1.47
0.21
0.25
2.90
0.77
4.66
0.41
2.31
3.84
5.38
15.99
10.19
16.22
25.62
10.74
4.64
5.81
0.16
0.13
0.08
0.02
0.03
0.00
0.47
0.11
0.05
0.03
0.27
3.63
4.29
6.03
2.28
2.80
1.06
2.07
0.21
1.13
0.80
4.73
24.50
35.66
6.31
9.22
2.26
5.10
1.98
3.60
1.47
0.18
0.05
0.05
0.02
1.09
0.93
1.08
14.39
4.59
0.63
0.04
0.46
2.38
7.30
13.75
9.32
7.18
2.69
0.28
1.08
0.15
0.02
0.04
0.03
0.03
0.03
0.42
9.06
11.90
0.31
2.22
4.70
1.39
0.57
2.09
0.57
0.49
0.05
0.02
15.78
7.05
1.03
2.26
0.03
0.05
0.04
0.03
0.08
0.83
13.39
16.11
3.08
0.05
0.46
22.10
0.60
0.11
0.10
0.02
0.03
0.06
0.32
0.23
0.46
1.21
3.34
9.24
5.09
13.47
37.69
8.36
1.31
0.73
1.10
0.14
0.06
0.02
0.92
2.10
0.26
0.11
0.13
0.24
0.97
4.71
0.27
0.10
3.15
1.28
0.28
2.85
0.25
0.10
6.85
0.99
4.51
2.63
0.14
0.02
0.02
0.08
0.48
0.02
0.03
0.08
0.13
0.74
0.58
0.23
0.34
15.55
17.39
1.64
0.51
0.19
0.06
0.08
5.25
14.17
5.68
1.72
0.03
0.05
0.06
0.06
0.05
0.03
0.04
0.06
0.05
0.05
0.06
0.05
0.03
0.03
0.01
0.04
0.00
0.04
0.05
0.05
0.02
0.02
0.05
0.03
0.03
0.33
0.60
0.11
0.27
0.12
0.02
0.13
0.10
0.02
0.26
0.06
0.07
0.06
0.05
0.04
0.03
0.03
0.10
0.04
0.06
0.05
0.05
0.04
0.04
0.05
0.10
0.09
0.66
0.67
0.80
0.15
0.21
0.45
0.42
0.13
4.45
12.95
10.20
1.01
0.08
0.11
0.57
2.82
4.85
4.44
7.93
4.80
0.63
0.19
0.05
0.51
0.38
2.23
1.24
0.44
11.44
3.63
0.06
0.07
0.08
0.29
2.19
2.95
0.98
15.09
9.93
36.77
8.31
22.09
11.23
0.43
0.29
0.27
0.65
0.04
0.01
0.03
0.20
0.08
0.15
25.80
29.62
53.58
27.57
8.66
1.53
8.64
25.55
17.16
8.19
35.43
0.38
7.96
20.32
24.40
8.25
12.83
15.43
6.13
4.23
0.70
17.77
11.80
2.67
0.03
0.06
6.54
27.84
17.42
0.04
0.02
0.12
5.10
20.68
0.07
2.10
0.34
16.32
9.51
0.07
0.02
0.01
30.86
39.05
15.60
1.06
2.98
0.11
0.06
2.39
10.84
44.27
0.40
0.19
1.17
2.46
6.78
24.30
11.05
10.61
28.88
0.74
2.68
2.76
1.99
0.28
2.58
20.90
31.34
2.09
18.32
15.68
9.76
0.98
0.91
0.08
0.12
0.07
0.00
0.05
0.01
0.02
0.02
3.39
0.33
0.03
0.02
0.12
0.71
17.22
46.73
0.53
5.36
20.08
11.25
16.03
1.24
2.45
4.84
17.38
11.91
25.29
49.97
0.22
4.19
0.40
3.42
1.20
0.55
0.07
0.31
0.02
0.02
0.02
0.03
2.98
0.30
2.72
3.72
0.75
1.24
0.41
0.09
0.02
0.05
0.21
0.71
2.06
0.14
0.59
0.02
0.02
0.27
4.27
4.62
7.34
6.84
9.85
0.51
1.02
0.16
1.39
6.71
2.07
0.02
3.82
4.94
3.39
2.85
3.51
3.16
0.39
10.44
2.34
6.21
33.62
4.56
0.18
0.29
2.38
0.61
4.39
6.50
0.22
0.17
2.61
3.72
7.85
11.66
24.51
11.83
5.31
7.13
16.69
17.23
2.84
2.02
1.72
2.66
0.86
1.35
1.99
1.40
5.53
0.48
0.42
0.07
0.56
0.08
0.12
3.17
35.46
20.71
33.72
3.74
0.12
0.06
0.02
0.55
0.49
0.31
0.05
0.03
0.05
0.09
0.04
0.05
0.04
0.04
0.07
0.10
0.18
0.04
0.03
0.04
0.02
0.04
0.01
0.04
0.01
0.07
0.35
0.06
0.07
0.00
0.60
6.76
9.81
1.18
0.12
0.03
0.03
0.04
0.03
0.03
0.02
0.02
0.03
0.02
0.01
0.03
0.03
0.03
0.03
4.91
12.77
14.01
2.47
0.01
0.04
0.05
0.05
0.06
0.04
0.04
0.02
0.05
0.03
0.02
0.03
0.02
0.03
0.00
0.04
0.03
0.05
0.03
0.22
0.03
0.05
0.02
0.02
0.00
0.04
0.03
0.06
0.02
0.02
0.02
0.05
0.02
0.11
0.08
0.05
0.04
0.05
0.03
0.02
0.10
6.37
44.83
8.39
0.14
0.04
0.06
6.60
14.84
22.40
0.66
18.06
0.13
1.22
1.92
1.30
33.51
5.72
4.04
4.21
0.21
1.81
0.48
0.33
6.25
4.67
0.08
0.26
0.64
0.41
0.12
0.88
5.91
5.46
0.17
0.37
0.62
0.94
0.08
0.06
0.72
6.00
11.63
1.89
0.02
0.05
0.04
0.08
1.12
2.70
1.37
1.10
0.04
0.13
0.11
0.28
0.33
0.33
0.86
0.09
0.05
0.04
0.01
0.10
0.05
2.41
0.77
0.04
0.05
0.06
0.03
0.03
0.01
0.01
0.03
0.13
0.07
0.26
1.21
2.87
7.72
7.53
0.05
0.00
16.33
19.17
8.21
11.44
0.07
0.02
0.02
0.00
0.14
0.77
0.02
8.58
64.73
15.13
9.58
6.10
7.55
2.33
3.06
0.03
0.14
5.54
21.83
7.15
0.09
0.83
13.82
3.25
12.48
0.99
11.75
15.24
2.78
0.20
1.96
5.25
4.66
0.59
5.90
4.46
14.25
24.88
5.54
11.00
1.27
0.03
0.14
0.14
0.47
2.02
12.30
39.32
10.52
1.27
0.50
19.00
21.92
34.82
1.46
15.11
7.85
13.86
34.37
32.17
1.32
7.13
0.50
0.65
18.28
28.76
2.64
8.89
10.44
2.02
5.47
5.72
0.61
0.06
0.01
0.48
2.55
5.65
1.34
0.03
0.02
0.03
0.55
1.83
11.27
7.21
1.66
3.75
24.94
0.06
0.05
0.05
1.36
9.52
0.91
1.65
2.35
1.47
0.96
6.34
0.33
0.14
0.53
0.02
0.39
0.84
0.84
0.22
0.02
0.12
0.64
0.20
0.57
8.44
2.28
1.96
0.39
1.97
0.14
1.88
6.47
1.09
19.59
1.11
12.91
6.07
4.67
7.43
4.37
0.33
0.17
0.05
0.11
0.46
4.34
11.30
5.15
0.17
0.16
0.03
0.06
0.45
3.57
4.00
4.80
2.42
0.29
1.37
2.49
1.87
3.29
3.59
7.35
2.68
8.12
1.48
3.23
5.87
0.55
0.86
7.75
14.34
15.76
0.98
1.20
5.87
0.01
0.04
0.05
0.30
2.17
5.00
5.33
1.29
12.97
5.62
1.49
14.75
7.14
1.29
3.15
3.42
0.85
0.81
3.52
2.18
1.88
0.11
0.49
0.84
0.07
0.10
0.05
0.03
0.05
0.05
0.07
0.02
0.02
0.01
11.49
3.92
0.63
0.03
0.27
0.09
0.03
0.03
0.03
0.01
0.04
0.05
0.05
1.20
0.61
0.22
0.36
0.82
0.04
1.22
0.07
0.02
0.03
0.02
0.08
0.34
0.20
0.41
0.09
0.15
0.37
0.23
2.23
2.70
0.07
0.03
0.03
0.04
0.04
0.06
0.30
13.12
7.95
0.42
0.08
0.08
0.06
0.01
0.02
0.03
0.02
0.03
0.00
0.00
0.03
0.03
0.03
0.03
0.04
0.05
0.05
0.09
0.05
0.04
0.05
0.05
0.07
0.10
0.04
1.04
2.86
0.68
1.15
0.73
0.49
1.17
0.14
1.70
0.38
2.12
5.14
6.46
0.05
0.08
0.15
0.62
0.58
0.18
0.02
0.46
0.12
0.04
0.53
11.21
6.08
7.17
0.12
4.42
28.73
17.02
1.12
8.11
12.44
1.55
0.02
0.31
0.08
0.10
0.05
3.70
7.81
9.22
2.51
1.29
2.82
1.19
0.21
0.06
0.83
0.05
0.07
0.75
0.26
0.07
2.55
4.91
0.40
4.09
6.54
11.07
0.33
7.70
4.13
35.68
10.02
7.97
5.75
2.55
40.55
14.10
0.26
1.04
7.44
6.04
0.11
0.01
0.06
0.03
0.05
4.00
3.66
1.96
0.05
0.37
0.61
0.52
0.42
0.17
0.14
0.04
0.01
0.00
4.45
18.81
22.08
0.24
0.24
4.26
14.17
40.58
17.12
14.90
21.88
29.39
0.03
0.07
0.59
3.89
0.35
7.17
41.12
41.81
0.43
0.09
2.07
19.47
31.08
4.63
1.80
25.26
8.50
16.45
1.07
16.77
12.42
29.27
0.09
0.53
0.68
0.46
0.06
0.13
1.31
5.45
1.21
0.05
0.04
0.01
0.02
0.01
1.21
17.80
21.22
13.55
0.15
0.08
6.02
5.92
5.89
0.79
0.02
0.00
0.16
0.33
2.48
0.72
1.36
2.07
0.02
0.16
1.40
24.54
41.16
16.68
4.82
0.05
0.46
6.90
9.74
18.78
0.08
0.99
16.10
9.29
6.00
1.98
3.78
18.47
14.02
8.10
10.70
0.02
0.01
0.46
1.17
4.21
4.98
0.64
2.12
2.08
8.11
12.17
4.12
11.88
0.26
0.29
0.05
0.09
0.04
0.15
0.15
0.85
0.67
0.60
1.90
6.05
1.19
0.06
0.04
0.04
0.02
0.02
6.42
0.54
0.13
0.02
1.99
0.26
0.16
0.98
0.86
6.42
4.15
24.66
22.54
34.04
5.20
19.48
1.92
2.74
3.90
10.19
11.94
4.99
0.05
1.95
1.12
2.83
0.03
0.01
0.95
8.83
45.41
54.50
55.73
25.02
1.87
0.84
0.11
0.10
0.19
0.14
0.56
2.25
0.38
0.16
1.10
6.84
2.43
3.92
1.42
11.42
41.71
11.51
0.30
0.20
3.17
7.53
1.04
0.00
0.13
0.11
1.45
9.39
3.25
3.27
3.40
4.53
0.88
0.39
0.23
0.78
2.98
12.65
7.01
1.93
0.86
0.13
0.06
0.01
0.03
0.05
0.03
0.03
0.01
0.03
0.07
0.06
0.05
0.05
0.04
0.06
0.07
0.02
0.45
3.94
12.89
14.05
0.05
0.05
0.00
0.00
0.00
0.08
0.01
0.17
5.46
2.52
0.03
0.00
0.01
0.50
6.85
15.32
0.00
0.04
0.02
0.03
0.05
0.38
0.95
0.40
0.54
0.07
0.59
0.25
0.01
0.04
0.04
0.05
0.07
0.07
0.06
0.05
0.09
0.02
0.01
0.05
0.04
0.04
0.00
0.03
0.04
0.04
0.05
0.07
0.05
1.21
1.37
0.27
0.24
0.23
0.23
0.68
0.12
0.04
0.03
0.02
0.09
0.19
0.11
0.36
0.74
0.37
3.75
7.48
0.11
0.21
0.18
2.59
1.21
12.33
7.13
2.41
0.08
5.23
2.48
0.12
1.95
7.96
0.07
0.39
4.57
7.43
1.26
0.13
0.47
0.13
1.17
2.32
1.05
2.70
0.34
0.08
0.03
0.10
0.10
0.11
0.26
1.16
0.04
0.09
0.05
0.08
0.03
0.94
0.05
0.03
1.34
14.28
4.97
0.66
0.51
0.05
2.06
4.13
0.02
0.03
0.02
0.04
1.46
5.60
2.39
0.50
1.37
6.63
14.21
15.59
16.46
15.54
0.31
0.03
0.27
1.35
0.24
1.18
0.78
0.31
0.44
1.26
0.06
1.72
1.76
0.06
8.31
42.39
9.23
3.68
2.17
0.76
1.77
7.07
7.92
10.12
20.79
13.87
0.28
0.01
1.77
4.54
18.26
13.94
0.07
1.52
4.37
2.20
0.38
0.30
1.40
0.22
0.02
0.46
0.53
9.17
9.25
0.07
0.36
1.53
0.03
0.12
0.54
3.92
1.81
3.30
18.01
33.66
21.55
1.70
19.10
9.95
17.59
20.34
5.20
7.02
3.05
2.74
5.39
13.20
0.87
1.69
3.59
0.02
0.62
4.98
3.85
5.03
0.27
0.15
0.24
0.60
1.55
8.16
2.98
3.23
1.64
0.01
0.06
0.04
0.02
0.27
0.31
0.92
8.84
6.87
6.94
2.90
1.14
5.47
0.70
0.03
0.19
1.06
0.92
4.47
1.79
8.13
28.27
13.70
7.26
0.05
5.63
12.50
19.59
9.20
0.86
0.56
0.96
0.04
0.06
0.78
1.95
1.00
0.10
0.04
0.04
0.05
0.05
0.45
7.06
0.90
0.01
0.14
6.04
0.74
0.02
25.01
5.30
2.85
0.11
1.76
1.39
1.12
0.54
0.65
1.72
1.18
31.12
10.73
1.45
0.08
0.07
0.29
1.48
0.99
0.80
6.35
3.93
5.91
3.51
7.38
3.34
0.40
0.26
0.12
0.01
3.93
5.65
1.52
1.62
0.12
0.17
0.00
0.64
0.57
0.13
0.00
0.02
0.02
5.16
1.87
0.05
0.17
7.87
1.40
19.61
20.39
3.65
1.75
0.02
0.58
1.27
1.03
0.00
0.01
0.01
2.13
0.26
0.29
0.03
0.03
0.05
0.49
1.48
0.11
0.06
0.36
5.99
11.16
0.03
8.22
17.11
4.29
0.46
0.09
0.03
0.00
0.00
0.04
0.04
0.03
0.05
11.39
16.56
18.55
1.96
3.71
0.03
0.04
0.05
0.09
0.34
0.19
0.05
0.06
0.05
0.06
0.04
0.04
0.07
0.00
0.02
0.05
0.03
0.01
0.04
0.06
0.06
0.05
0.02
0.06
0.02
0.05
0.06
0.06
0.02
0.01
0.04
0.02
0.03
0.02
0.04
0.01
4.29
3.98
9.87
0.16
1.03
0.91
3.55
0.27
0.09
0.18
0.02
0.03
0.01
0.06
0.04
0.05
0.04
0.16
0.18
1.27
0.05
0.04
0.02
0.05
0.02
0.06
0.05
0.05
0.03
0.05
0.03
0.01
0.10
0.47
13.03
6.88
0.03
4.36
7.17
3.90
11.29
9.74
23.36
19.92
1.44
1.56
1.36
0.09
0.07
0.05
0.15
0.15
0.04
0.02
0.03
0.04
0.01
0.02
0.02
0.05
0.02
0.00
0.13
0.01
0.01
0.01
0.02
0.07
1.98
0.54
0.04
0.48
2.03
9.09
14.55
15.85
23.45
4.12
20.09
24.60
11.96
0.25
0.52
33.14
4.94
5.86
7.42
18.61
31.07
3.43
3.06
2.52
0.03
0.03
0.03
0.05
0.04
0.12
12.01
21.62
19.42
47.03
21.17
3.09
0.95
1.71
11.78
4.40
5.46
4.38
2.50
0.02
1.08
0.08
9.34
17.37
6.80
1.60
4.14
5.95
9.99
3.22
9.94
53.05
48.01
37.84
27.95
2.87
36.04
27.21
7.37
2.96
7.75
0.96
7.97
1.56
0.04
15.94
15.81
19.19
8.75
0.53
0.04
0.03
0.01
0.02
1.05
30.07
9.10
1.65
36.71
2.03
12.82
17.45
0.21
3.49
6.44
0.65
1.33
4.95
17.84
8.18
0.29
0.58
0.32
0.05
13.08
17.20
20.20
8.27
0.04
0.25
2.14
19.74
33.66
10.78
64.77
1.56
0.23
5.12
28.26
4.41
0.05
1.28
10.21
4.18
0.04
0.02
3.61
27.92
16.11
0.27
0.08
0.18
6.65
10.43
20.64
13.30
5.06
0.00
0.01
1.25
9.30
7.27
9.80
4.02
3.34
67.51
5.49
42.93
2.71
1.65
2.08
4.56
3.49
1.38
0.69
2.53
0.80
7.07
3.23
3.56
0.84
3.96
10.33
21.44
56.12
19.31
0.19
1.01
1.84
0.02
0.50
0.90
0.05
0.32
0.42
0.28
0.71
4.74
0.07
1.09
0.20
0.01
1.85
8.15
5.92
0.16
0.02
0.13
4.01
13.05
1.88
0.34
13.65
2.65
1.54
3.02
2.60
8.16
1.30
4.05
0.14
0.05
0.11
0.85
2.48
2.14
10.07
1.64
2.75
0.87
7.14
3.90
14.20
12.44
2.17
2.26
1.33
0.36
6.34
7.57
27.99
0.22
0.28
0.27
0.44
5.02
4.00
0.22
1.00
1.56
3.97
0.77
1.00
0.20
0.37
1.03
3.19
7.49
1.55
0.67
0.01
0.04
0.00
0.14
0.06
0.07
0.01
0.01
0.04
0.04
0.40
0.27
0.60
1.71
26.62
1.66
0.00
0.00
0.02
0.05
0.07
0.06
0.07
0.21
0.15
0.01
0.01
0.00
0.01
0.01
0.02
0.03
0.02
0.01
0.01
0.01
0.01
0.05
0.15
0.44
0.02
0.01
0.04
0.03
0.04
0.04
0.03
0.04
0.09
1.10
0.03
0.00
0.01
0.01
0.03
0.47
0.12
0.11
0.40
0.53
0.23
0.05
0.05
0.04
0.02
0.02
0.05
0.06
0.05
0.05
0.05
0.09
0.02
0.04
0.05
0.00
0.06
0.11
0.01
0.26
0.37
0.04
1.39
3.74
8.11
10.43
1.42
0.05
0.06
0.05
0.05
0.30
0.45
0.33
0.06
0.07
1.70
9.83
17.42
0.27
0.11
8.90
0.07
0.03
0.07
1.45
2.50
1.12
0.23
0.33
0.31
0.49
0.41
0.23
0.41
0.29
16.45
15.18
2.23
0.02
0.03
2.20
6.34
0.81
4.07
1.97
0.05
0.07
0.03
0.05
0.03
0.06
0.02
0.01
0.04
0.02
0.05
0.04
0.03
0.05
0.04
0.03
0.01
0.04
0.02
0.05
0.02
0.32
8.28
4.17
0.04
2.95
16.84
10.06
1.48
1.69
1.43
13.86
20.97
2.99
5.50
9.20
0.86
1.00
3.71
0.38
1.64
3.98
1.88
8.82
10.15
0.71
1.09
0.03
7.61
20.37
26.57
20.11
4.92
5.08
7.06
17.88
0.92
0.12
0.28
1.58
0.16
2.11
4.01
15.30
27.48
14.73
3.71
4.48
0.45
1.40
3.77
3.18
12.73
4.47
0.15
0.65
10.12
16.37
2.58
0.10
0.23
1.00
1.24
3.65
4.72
6.65
2.02
0.40
2.47
34.90
2.25
18.33
9.66
22.89
27.92
33.69
2.17
9.16
42.92
1.83
16.61
10.72
8.09
1.54
3.96
2.72
0.14
0.02
0.01
0.48
4.36
10.11
7.71
1.15
0.94
0.10
2.84
10.43
4.83
40.95
27.29
15.93
6.17
2.45
0.02
0.02
14.54
24.64
25.37
0.14
0.06
31.07
17.16
3.70
3.49
30.64
25.71
2.99
12.68
9.36
10.43
18.58
56.48
17.62
14.55
15.20
0.58
1.29
0.53
3.16
1.50
17.47
24.77
2.81
0.69
2.69
8.81
3.87
4.06
4.96
1.35
1.03
0.21
0.02
0.07
0.67
0.05
0.35
0.44
0.26
0.00
1.12
1.05
0.05
0.03
0.03
0.63
2.59
11.26
8.10
3.15
5.41
15.69
7.51
12.34
7.24
14.15
6.73
4.08
1.22
0.00
0.41
0.03
0.03
0.26
1.06
1.76
3.17
2.29
1.67
2.55
0.47
2.22
6.95
0.79
0.14
0.79
1.97
8.40
1.07
0.02
0.03
0.00
0.02
2.16
1.27
11.81
18.27
5.49
0.79
0.34
0.05
0.01
0.05
0.58
2.59
2.11
0.06
0.04
0.55
0.04
0.17
3.24
0.29
2.28
1.15
2.48
0.51
1.63
1.30
2.39
6.21
29.31
9.21
2.16
1.63
5.56
5.39
20.95
0.00
0.10
0.10
0.03
0.30
0.04
0.05
0.04
0.00
0.00
0.02
0.04
0.12
6.22
11.68
6.54
7.55
0.08
0.08
0.05
0.01
0.02
0.01
0.02
0.27
2.87
13.62
15.18
0.85
0.13
0.05
0.02
0.00
0.02
0.09
0.02
0.34
0.21
0.70
2.03
1.38
0.05
0.07
0.99
0.02
0.02
0.05
0.72
0.04
0.00
0.06
0.06
0.02
0.02
0.04
0.02
0.13
1.81
0.06
0.01
0.92
7.28
1.65
0.11
0.09
0.03
0.02
0.02
0.04
0.04
0.14
0.04
0.30
4.34
6.62
4.07
0.02
0.12
0.03
0.04
0.05
0.23
0.05
0.02
0.04
0.02
0.04
0.06
0.06
0.05
0.03
0.03
0.03
0.02
0.02
0.02
0.03
0.05
0.02
0.05
0.04
0.36
0.33
0.09
0.15
0.27
0.03
0.47
0.58
0.54
0.16
0.17
1.06
0.02
0.02
0.02
0.05
0.47
0.02
0.02
0.00
0.02
0.05
0.09
0.03
0.01
0.11
0.07
1.66
0.32
0.67
0.02
0.08
0.33
4.48
1.42
17.42
6.74
20.29
38.45
19.95
21.33
10.73
0.16
0.02
0.82
3.60
3.01
4.76
13.91
10.66
3.21
0.59
1.87
0.37
0.01
0.13
2.46
2.57
4.29
2.18
1.58
3.04
3.92
3.11
3.26
1.39
4.69
2.29
21.98
23.59
0.01
27.06
15.65
0.02
0.01
0.02
0.01
0.02
0.20
3.01
7.94
18.59
3.03
0.08
0.31
1.74
1.44
2.60
3.52
19.22
13.74
2.00
4.41
5.80
7.34
4.29
5.95
1.88
1.78
0.46
0.93
9.85
10.97
17.28
9.76
6.83
14.68
12.85
7.27
1.80
2.48
3.63
49.08
93.72
27.73
0.01
0.04
0.03
0.01
0.04
1.20
14.64
11.57
0.66
1.70
6.50
1.20
11.61
9.34
0.19
0.41
1.10
9.43
18.99
14.47
2.57
9.99
9.45
34.20
1.15
1.06
2.80
13.70
5.62
0.03
0.05
2.02
3.08
1.50
3.32
1.62
7.37
42.20
24.78
2.05
0.93
25.50
25.97
9.42
29.59
16.17
21.72
10.57
7.59
5.16
2.70
1.22
3.60
0.81
2.16
1.96
2.68
0.42
0.49
1.26
1.88
1.90
3.37
2.35
10.35
7.67
4.36
4.82
27.45
5.13
3.10
2.00
3.81
1.13
1.98
2.98
6.93
5.36
6.16
7.42
2.87
6.79
7.43
1.61
0.65
0.95
0.08
0.43
0.97
2.77
1.46
1.30
13.42
19.49
1.77
5.94
1.22
2.63
1.04
1.80
5.39
9.03
1.10
2.74
3.79
2.71
7.29
1.75
0.93
0.39
0.32
0.35
1.92
1.59
2.22
1.60
1.26
12.79
7.63
0.84
0.39
1.54
8.89
27.13
2.87
10.67
2.24
9.90
9.88
2.51
0.81
3.05
1.23
0.29
0.04
0.51
0.49
0.06
0.21
1.38
1.79
4.40
1.60
0.35
0.02
0.01
0.02
0.03
0.02
0.04
0.02
0.04
0.03
1.81
8.29
9.99
7.12
0.94
0.00
0.20
0.01
0.48
1.92
1.28
0.01
0.00
1.59
1.69
0.29
0.02
0.00
0.01
0.03
0.01
0.05
0.01
0.02
0.02
0.00
0.00
0.02
0.00
0.03
0.02
0.01
0.01
0.02
0.05
0.05
0.02
0.02
0.02
0.01
0.01
0.02
0.02
0.00
0.03
0.02
0.03
0.03
0.02
0.01
0.03
0.01
0.02
0.04
0.01
0.04
0.10
0.11
4.80
30.12
5.06
0.24
0.01
0.16
4.62
13.81
8.40
3.87
4.31
15.15
0.03
10.52
2.19
0.23
0.75
1.10
0.00
0.14
0.01
0.03
0.01
19.41
20.00
4.85
0.30
0.19
0.48
0.02
0.00
0.07
5.19
8.00
0.72
0.05
0.03
0.02
0.03
0.00
0.16
0.29
0.15
0.00
0.02
0.33
0.04
0.00
0.27
0.29
0.03
0.49
0.91
0.00
3.78
11.82
20.71
8.09
0.12
0.51
0.27
0.01
0.05
0.00
0.02
0.02
0.02
0.02
0.27
2.49
0.06
0.02
0.00
2.18
3.19
1.95
2.80
3.71
9.10
19.02
13.95
21.25
21.42
10.18
4.61
9.88
2.85
1.04
0.04
0.38
12.14
7.25
0.02
0.02
0.05
0.05
1.02
2.68
2.45
1.07
6.79
2.79
7.91
3.99
4.84
29.05
43.10
0.03
0.70
0.45
0.04
1.12
5.36
7.22
2.31
0.00
0.00
0.96
4.94
20.85
17.25
11.31
6.59
6.61
14.27
5.49
4.19
0.39
4.10
8.36
26.56
10.05
0.04
0.48
2.23
3.48
8.28
0.03
2.83
2.71
0.73
0.88
0.24
1.47
1.98
5.16
0.88
1.23
1.82
1.22
7.17
2.12
6.19
37.53
24.77
0.02
0.16
0.01
0.23
0.22
1.30
0.61
1.91
0.76
0.56
7.44
30.32
23.97
1.30
0.60
1.70
1.94
3.68
0.44
1.37
1.38
11.15
6.58
3.23
4.45
2.48
8.51
5.19
5.77
6.26
38.43
6.29
0.12
0.98
19.53
1.31
3.59
15.19
0.91
0.01
0.67
36.54
30.72
31.38
9.37
3.79
2.47
0.11
0.18
1.42
1.05
1.17
5.81
26.76
37.95
1.93
1.07
1.10
3.76
15.40
23.47
6.77
5.92
0.75
0.95
0.56
15.41
12.26
2.75
2.67
15.35
1.23
0.09
0.32
0.24
0.25
0.08
0.52
6.37
18.64
1.17
3.66
3.39
3.02
0.17
0.04
1.54
32.60
37.18
19.20
2.97
0.44
0.08
6.18
7.78
2.95
0.40
3.11
4.65
7.69
63.25
17.36
10.35
1.75
12.84
0.01
1.91
9.12
22.37
0.01
2.41
2.39
2.36
3.86
3.54
1.45
0.72
0.19
2.73
1.07
0.17
0.20
0.18
0.18
0.04
0.01
0.20
0.68
1.22
1.53
0.44
0.80
0.96
0.29
0.00
0.02
0.05
0.05
0.36
0.33
0.05
0.04
0.21
0.28
0.01
0.02
0.12
1.37
0.00
0.25
2.12
1.49
2.55
7.16
9.89
0.17
0.02
0.02
0.07
0.04
0.01
0.02
1.54
1.59
0.01
0.04
0.05
0.03
0.04
0.04
0.02
0.05
0.25
0.23
0.12
0.15
0.01
0.00
0.02
0.00
0.01
0.00
0.00
0.34
0.38
0.82
3.03
0.01
0.02
0.00
0.00
0.00
0.89
0.47
1.00
0.03
0.00
0.02
0.00
0.04
0.54
1.48
0.01
0.01
0.02
0.01
0.15
0.25
0.07
0.00
0.02
0.00
0.00
0.01
0.02
0.05
0.02
0.02
0.01
0.03
0.01
0.02
0.05
0.03
0.60
14.37
9.35
6.58
0.00
0.27
0.05
0.00
0.00
0.02
0.03
0.02
0.04
0.03
0.02
0.01
0.00
0.00
0.00
0.00
0.02
0.25
2.27
4.09
0.23
0.06
0.03
0.06
1.06
1.33
0.07
0.06
0.00
0.67
0.40
0.01
0.62
0.78
0.51
0.36
0.63
2.05
6.68
0.02
0.13
0.06
0.04
0.05
0.04
0.01
0.01
0.02
0.01
0.00
0.69
2.54
0.01
0.01
0.02
0.04
0.05
0.03
0.13
0.95
12.17
19.87
6.96
4.54
5.75
5.40
17.28
2.30
10.29
4.89
0.36
1.06
2.32
0.01
0.01
0.02
0.00
0.02
0.03
0.06
5.19
6.07
5.76
5.23
10.71
0.37
26.49
4.05
0.23
1.67
36.09
15.51
3.97
0.58
2.94
14.86
1.17
1.14
2.80
0.07
8.80
24.24
40.01
61.81
15.09
4.43
0.57
0.69
24.55
4.70
39.31
29.45
24.52
1.51
0.01
9.67
12.49
11.17
7.01
0.02
0.16
20.56
65.99
1.03
0.04
0.01
0.02
0.02
0.02
0.05
0.04
0.04
0.85
9.18
19.63
0.38
8.93
31.56
9.26
18.71
20.36
0.24
0.30
0.13
0.00
0.01
0.04
0.10
0.00
0.03
0.06
0.10
0.92
7.38
0.06
0.04
0.05
1.90
5.43
5.79
4.76
7.46
15.60
36.58
5.94
0.16
0.72
1.00
0.15
0.03
0.32
1.22
4.03
2.98
3.06
21.88
14.46
0.06
8.22
0.33
1.71
1.99
5.74
0.03
13.76
75.59
3.10
2.81
1.80
6.44
12.70
0.48
13.04
0.16
0.13
0.00
1.74
0.05
0.02
0.11
0.72
0.12
0.33
0.31
1.39
5.98
7.21
9.82
1.29
0.06
0.73
1.60
0.00
0.44
0.05
0.13
0.03
2.22
0.01
0.80
1.39
10.97
2.99
9.43
0.02
0.02
62.88
42.71
2.16
0.77
0.14
3.47
55.13
164.23
6.59
4.03
0.33
0.29
3.33
19.51
2.00
4.03
3.95
7.45
0.02
0.44
1.38
11.95
6.70
0.11
0.09
0.02
9.10
0.89
2.43
8.04
6.02
15.74
4.03
0.93
3.88
0.04
0.39
0.14
0.24
0.58
0.00
0.09
0.26
0.03
0.30
0.27
0.01
0.07
0.09
0.01
2.88
7.01
30.01
7.25
8.41
4.79
0.24
0.21
0.01
0.00
0.01
0.01
0.01
0.00
3.16
3.65
1.65
0.00
0.18
1.76
0.35
0.34
0.06
0.89
0.08
0.00
0.00
0.03
0.00
0.00
0.31
0.02
0.08
0.01
0.00
0.01
0.02
0.00
0.00
0.03
0.02
0.00
0.02
0.03
0.00
0.03
0.02
0.00
0.00
0.02
0.45
0.47
0.39
0.00
0.00
0.02
0.02
0.03
0.00
0.01
0.03
0.05
0.04
0.04
0.02
0.02
0.01
0.03
0.02
0.03
0.02
0.00
1.45
7.64
1.57
6.38
1.84
0.00
0.00
0.01
0.02
0.02
0.02
0.01
0.02
0.00
0.00
0.02
0.00
0.01
0.00
0.02
0.01
0.01
0.02
0.01
0.01
0.02
0.01
0.02
0.01
0.02
0.02
1.67
8.13
8.22
14.84
0.12
0.02
0.00
0.07
0.06
0.01
0.02
0.02
0.02
0.00
0.00
0.00
0.10
4.84
4.18
0.10
0.49
4.32
14.60
4.16
0.21
0.16
0.01
0.02
0.24
0.61
0.13
12.97
18.02
3.77
13.53
3.33
21.30
15.18
5.26
0.14
0.00
0.00
0.64
3.33
20.32
20.57
0.11
0.50
0.01
0.03
0.01
0.02
0.00
0.02
0.02
0.09
0.04
0.01
0.02
5.22
14.89
3.26
25.12
0.02
0.00
0.00
0.14
0.15
0.01
0.02
0.02
0.03
0.03
5.01
7.93
4.46
12.08
21.61
2.90
27.07
18.16
0.02
0.58
5.07
11.72
18.59
32.38
0.49
0.59
0.76
4.25
18.39
3.95
18.19
0.15
0.00
2.24
10.59
7.97
13.32
0.01
1.95
15.39
6.83
9.33
3.39
10.25
17.54
14.38
14.85
14.96
4.40
4.99
7.15
0.00
0.11
0.27
1.60
8.06
10.28
9.16
16.21
2.64
19.84
0.02
0.76
1.22
2.67
1.28
2.10
0.32
0.64
0.57
1.67
1.05
5.80
3.66
4.17
9.17
0.01
3.27
18.03
1.29
0.01
0.07
0.10
0.03
1.46
2.25
0.00
0.72
8.38
13.05
11.48
28.87
3.69
12.84
1.74
13.83
11.17
6.75
0.24
0.98
11.05
15.84
2.56
1.26
0.00
0.11
0.18
0.13
8.94
2.28
24.37
25.56
35.67
0.67
1.39
0.70
2.41
2.35
6.28
19.82
9.06
22.24
15.92
7.87
9.03
2.35
0.75
6.19
4.71
0.29
0.73
0.37
0.42
1.04
1.03
2.28
1.89
0.47
0.35
0.09
0.07
1.30
3.96
0.35
1.85
0.37
0.00
0.00
5.27
12.20
55.85
45.54
46.22
1.78
6.06
2.38
2.26
20.87
67.13
25.07
13.98
5.27
0.26
1.03
0.00
0.00
0.05
2.38
9.82
11.31
13.69
0.35
0.02
0.26
2.68
0.40
0.02
0.00
24.34
24.87
3.47
13.58
26.17
28.79
0.56
0.28
21.55
13.01
1.67
1.32
0.59
0.33
1.46
0.57
0.11
0.02
0.00
0.00
0.74
10.08
17.55
0.07
0.21
0.03
0.03
1.04
4.79
3.79
0.32
1.22
1.24
5.19
1.26
6.27
0.30
1.14
0.35
0.37
8.13
6.28
4.16
6.70
1.52
9.40
11.18
1.71
0.21
0.02
0.02
0.00
0.02
0.00
0.02
0.00
0.71
2.09
0.01
0.02
0.02
0.01
0.04
1.72
6.82
1.82
11.19
0.06
0.00
0.00
0.05
0.05
0.02
0.02
0.01
0.03
0.13
1.40
3.48
0.00
0.01
0.01
0.01
0.01
0.45
1.19
2.84
11.72
27.28
11.87
1.23
4.21
1.82
3.31
8.75
2.85
11.95
2.29
22.15
22.96
0.14
0.13
0.01
0.14
1.19
0.01
0.00
0.00
0.02
0.00
0.47
0.96
11.38
19.73
7.33
0.22
0.00
0.87
0.12
0.00
0.12
1.17
3.79
0.20
0.00
0.00
0.93
5.13
0.34
0.00
1.42
2.81
0.07
0.04
0.22
0.24
0.04
29.98
0.00
24.40
2.34
0.00
0.85
17.93
7.34
12.94
4.13
0.00
0.33
2.48
18.30
1.94
0.53
0.19
2.45
0.69
1.81
13.78
5.30
2.82
3.16
0.00
0.03
1.72
11.19
2.51
0.00
0.05
6.91
3.08
15.18
76.72
46.21
18.89
7.82
7.88
7.99
34.11
0.00
0.66
0.01
3.55
0.71
2.90
4.97
13.32
13.44
0.00
7.60
31.18
42.74
50.78
6.36
10.59
0.00
0.00
0.00
14.10
2.00
7.52
0.00
0.00
27.27
34.54
2.22
2.23
0.35
0.00
0.63
1.35
3.21
1.78
0.00
0.00
9.87
0.26
0.00
0.00
0.50
0.00
0.00
2.76
3.96
0.15
0.39
9.55
2.49
0.50
0.47
0.00
0.00
0.00
8.28
4.69
2.38
0.07
1.15
5.17
8.04
44.96
3.54
11.49
1.13
3.06
2.26
17.96
22.10
9.66
1.82
3.65
1.56
4.47
7.29
0.31
1.96
3.82
4.27
22.54
5.13
1.88
4.61
9.61
0.96
3.06
1.21
0.28
3.35
10.11
4.48
0.00
0.22
0.00
2.79
5.00
0.06
7.97
14.36
4.43
16.38
2.12
1.16
0.89
19.76
20.10
2.72
22.84
4.05
0.22
0.87
2.16
0.72
7.61
6.94
15.90
16.96
5.94
20.89
11.75
7.17
1.87
2.36
1.42
2.74
0.02
0.43
4.60
7.14
4.16
4.33
0.06
0.14
0.38
0.00
6.49
2.02
0.94
1.44
0.44
0.14
0.00
0.00
0.00
0.00
0.05
1.66
2.67
0.64
0.01
0.39
0.41
0.14
3.55
1.17
3.38
0.10
0.21
0.04
1.22
10.05
2.05
91.36
8.72
2.43
0.07
0.70
0.14
0.51
0.00
0.32
0.33
0.00
2.30
6.87
11.22
5.08
0.00
0.00
0.12
0.74
20.08
4.54
9.66
4.22
4.97
38.25
0.83
3.44
3.64
0.51
0.00
8.12
16.78
12.18
1.44
9.98
1.66
4.92
2.77
1.14
0.34
0.00
0.00
1.56
0.00
0.00
0.00
0.00
0.00
0.00
0.00
0.00
0.00
0.00
0.00
0.01
0.00
0.00
0.00
0.00
0.00
0.00
0.00
0.00
0.00
0.00
2.35
0.78
1.13
3.14
0.00
0.00
0.00
0.00
0.00
0.00
0.00
0.00
0.00
0.00
0.00
1.16
32.42
35.63
9.07
0.00
0.00
0.00
0.46
10.81
0.39
0.05
0.20
0.94
0.00
0.00
0.00
0.00
0.00
0.00
0.00
0.00
0.00
0.00
4.84
9.62
2.00
1.41
0.00
0.00
0.00
0.15
0.00
0.52
5.66
0.38
0.00
0.26
0.54
1.30
6.16
1.40
0.93
0.00
0.07
0.00
0.00
0.00
0.00
0.00
0.00
3.27
3.06
0.14
0.00
0.00
0.04
0.18
2.83
0.02
0.60
0.47
0.00
0.00
0.00
0.00
0.00
0.00
0.00
0.00
0.00
0.00
0.00
0.00
0.00
0.00
0.00
0.00
0.00
0.00
4.90
12.31
1.50
26.00
0.71
4.21
3.34
5.51
3.07
0.95
0.07
0.30
10.07
0.37
0.03
0.00
0.07
0.34
0.84
0.14
0.03
0.20
0.00
0.00
0.00
0.11
0.00
0.00
0.00
0.00
0.00
0.00
0.46
0.00
0.00
0.03
0.16
0.40
2.04
1.08
0.00
0.00
0.00
0.00
0.00
0.00
0.08
0.00
0.00
0.36
0.01
0.00
0.00
0.00
0.14
0.00
21.60
4.37
7.71
8.12
10.57
9.47
6.21
0.00
3.66
11.59
41.18
2.17
4.99
8.70
3.84
1.70
1.18
0.04
7.37
10.47
3.76
23.66
0.00
0.00
0.10
2.47
3.96
0.41
0.00
0.00
0.00
0.11
1.88
0.11
31.20
0.00
0.00
0.07
0.00
0.12
51.09
24.63
6.75
0.00
23.17
0.32
0.01
2.09
5.72
2.07
0.53
0.19
0.16
2.59
8.86
16.52
0.30
3.84
3.90
0.10
0.51
10.46
16.87
0.16
0.00
0.14
1.41
2.21
13.44
0.57
0.69
27.18
3.88
0.01
0.06
0.86
7.80
52.89
43.67
57.08
4.77
0.00
7.91
19.47
1.89
0.33
0.82
1.55
0.49
0.20
4.01
9.60
5.11
1.03
0.22
5.86
32.40
13.09
0.90
0.60
1.37
2.49
25.58
6.17
18.01
8.24
3.05
0.00
0.07
0.17
0.00
0.05
0.72
0.15
0.00
0.74
3.74
5.84
0.65
1.35
0.02
0.22
7.65
1.35
17.05
1.27
6.40
2.71
1.23
6.34
22.36
0.58
3.98
8.10
8.89
17.83
2.79
0.00
0.00
0.00
10.26
89.19
4.44
6.74
1.78
15.77
0.36
3.47
13.36
8.73
3.92
0.07
0.00
0.03
3.11
9.81
19.16
4.38
5.09
1.23
0.10
10.43
1.58
0.07
0.01
0.00
17.13
2.67
4.72
5.77
9.75
1.33
2.87
15.21
9.32
9.83
7.74
3.99
0.73
5.95
9.49
0.57
0.00
0.06
3.27
1.05
0.80
0.05
0.18
0.00
0.37
3.74
9.98
3.30
0.07
6.67
20.49
0.87
0.00
0.00
0.00
0.22
0.04
0.11
0.09
0.25
3.62
0.00
3.14
9.43
0.00
0.00
0.01
0.01
0.22
2.27
1.43
0.02
0.00
0.00
0.00
0.41
1.22
0.00
0.09
0.00
0.00
0.02
0.13
0.05
0.00
0.00
0.00
0.00
1.86
0.35
3.30
0.46
0.54
0.12
0.00
0.30
0.00
0.02
2.93
0.09
0.00
0.18
6.92
0.00
0.00
0.00
0.00
0.00
0.00
0.00
0.00
0.00
0.00
0.00
0.00
0.00
0.00
0.00
0.00
0.00
0.00
0.00
0.00
0.12
0.20
4.19
0.04
0.00
0.00
0.00
0.00
0.00
0.01
0.13
0.00
0.00
0.04
3.04
3.80
1.17
0.00
0.00
0.00
0.00
0.00
0.00
0.00
0.00
0.00
0.00
1.24
0.00
0.00
0.00
0.00
0.00
0.00
0.50
7.07
5.15
0.74
0.38
0.04
0.11
2.68
7.82
18.93
2.24
8.67
1.78
1.17
0.00
0.01
0.00
1.54
23.75
24.70
1.65
0.35
0.00
0.00
0.00
0.27
6.80
5.79
1.46
1.79
0.00
0.01
0.00
0.00
0.35
0.00
0.47
1.58
0.00
0.00
0.00
0.54
1.54
0.88
0.21
1.74
4.50
4.46
17.77
17.17
9.51
9.30
0.20
53.80
8.57
0.30
4.18
2.84
0.34
0.39
2.78
2.22
6.24
4.43
0.40
0.27
1.85
4.35
5.48
0.34
4.14
4.40
7.94
3.29
0.62
0.00
0.05
2.13
0.00
0.08
0.28
0.00
0.00
0.18
1.02
10.71
28.61
37.32
27.59
27.35
0.87
0.25
3.57
15.51
13.86
29.49
4.34
3.76
3.26
15.49
28.54
0.00
0.00
0.00
0.00
0.27
2.69
3.89
20.64
40.70
12.64
68.05
1.08
9.94
17.53
7.06
16.27
11.09
7.38
0.73
0.00
0.61
0.03
1.71
0.50
1.10
1.11
0.00
0.00
0.00
0.00
0.00
0.00
0.68
6.38
2.36
0.98
0.23
0.00
0.07
0.05
0.06
42.39
41.55
10.35
9.88
0.26
0.16
1.74
0.00
0.00
5.08
1.45
0.70
0.48
1.14
13.58
27.80
28.47
37.34
5.84
0.38
0.04
0.00
7.29
29.78
33.41
13.50
8.60
0.79
0.67
0.00
0.00
0.00
0.00
0.24
0.00
13.00
9.51
2.01
4.54
0.16
0.14
0.23
0.03
0.00
0.05
1.20
1.13
0.17
0.00
0.36
0.66
7.34
7.27
8.34
6.37
1.95
0.39
1.37
0.01
0.00
0.13
3.14
2.38
7.78
23.39
36.43
9.65
5.73
9.09
12.77
8.08
12.62
1.13
5.74
5.95
0.40
1.51
6.18
7.66
7.65
10.01
27.93
16.23
28.88
0.77
1.87
1.55
0.14
0.18
31.32
23.83
24.75
9.78
6.37
0.88
1.95
0.64
3.84
3.84
0.89
0.13
1.35
18.80
1.72
0.01
0.00
0.00
0.00
0.00
0.00
0.00
0.00
0.00
0.03
0.00
0.00
0.28
0.09
0.22
0.34
0.02
0.50
0.00
0.02
0.15
0.72
0.49
1.28
3.79
3.93
4.01
6.94
9.04
0.91
0.33
0.02
0.00
0.00
0.00
0.16
0.23
1.20
0.04
0.00
0.00
0.00
0.60
26.76
3.23
0.44
10.31
0.66
2.48
0.22
0.00
0.00
0.00
0.00
0.00
0.00
0.00
0.01
0.03
0.00
0.00
9.40
10.86
1.29
0.03
2.71
0.82
0.00
0.00
0.00
5.44
2.47
4.43
6.34
0.56
0.00
0.00
0.00
0.00
0.00
0.00
0.00
0.00
0.00
0.00
0.00
0.00
0.00
0.00
0.00
0.00
0.00
0.00
0.00
2.29
0.12
14.29
15.11
0.03
0.00
0.04
1.11
0.40
12.20
0.58
0.00
0.00
0.08
0.00
0.00
0.00
0.00
0.00
0.00
0.00
0.00
0.00
0.00
1.52
0.22
0.00
0.01
0.00
0.00
0.88
2.96
1.57
3.56
0.58
0.00
0.05
0.00
0.06
0.12
0.00
0.00
2.80
5.71
1.32
46.88
38.87
2.59
0.74
0.60
0.00
0.00
1.17
5.46
6.62
8.78
0.73
0.09
0.70
3.38
0.30
5.26
0.00
0.00
0.00
0.10
0.00
0.00
0.00
0.00
0.00
0.00
0.00
0.00
0.00
0.00
1.28
29.53
19.15
21.57
5.29
0.00
0.00
0.00
0.00
0.00
0.65
2.86
1.63
0.30
6.77
1.10
1.43
0.02
0.11
0.94
2.33
0.14
0.53
19.94
26.87
0.00
0.00
0.11
0.12
13.42
0.02
4.12
14.66
2.45
0.00
0.17
0.48
5.88
28.82
13.85
4.40
7.64
8.97
26.43
0.19
13.24
2.35
0.00
0.00
0.00
8.64
3.22
10.18
4.50
9.27
21.24
13.09
6.88
13.46
5.89
11.47
0.00
0.00
0.15
2.93
0.75
3.44
0.13
0.24
2.17
1.40
8.82
36.32
5.62
20.13
0.36
0.00
0.00
0.00
0.06
0.02
10.94
58.10
29.40
7.89
1.20
45.13
27.19
0.04
0.00
1.51
0.82
6.10
9.11
0.44
0.33
0.00
0.88
0.27
21.12
20.63
9.87
3.25
1.24
19.20
15.93
8.33
26.70
6.51
17.96
1.28
0.33
21.02
1.00
0.43
28.36
30.38
36.07
1.06
4.22
8.94
1.95
0.74
0.08
0.07
0.00
0.18
0.71
0.40
0.00
1.82
11.51
13.39
2.65
0.96
0.37
0.63
2.37
26.27
0.48
10.29
11.56
32.66
21.94
2.31
6.11
0.00
0.00
0.00
0.65
0.33
5.18
4.84
0.04
5.70
0.00
12.26
42.91
13.49
13.33
5.11
0.79
0.61
12.60
1.84
1.57
0.64
12.35
5.69
2.10
21.85
2.33
2.21
1.85
2.14
3.33
0.00
0.06
0.00
0.14
6.44
15.66
8.15
10.91
0.19
3.06
0.73
4.41
19.30
26.91
11.40
0.83
29.67
51.98
9.29
0.00
0.00
0.00
0.00
0.00
0.00
0.00
0.00
0.22
0.60
0.26
3.94
4.66
1.96
0.02
0.00
0.00
0.00
0.70
0.22
0.00
0.05
0.00
0.05
0.00
0.00
1.20
1.25
0.08
0.04
0.00
2.55
0.04
0.00
0.00
0.00
0.00
0.00
0.00
0.01
0.00
0.00
0.00
0.00
0.00
0.00
0.00
0.00
0.00
0.08
0.23
1.21
2.35
2.71
0.20
1.42
13.52
4.89
0.46
0.00
0.00
0.00
0.00
0.00
0.00
0.00
0.00
0.07
3.07
0.09
0.00
0.00
0.00
0.00
0.00
0.00
0.00
0.00
0.00
0.00
0.00
0.00
0.00
2.68
0.61
0.34
0.00
0.00
0.00
0.00
0.07
0.00
2.93
9.93
1.24
0.20
0.71
0.72
0.00
0.00
0.05
10.95
11.29
0.10
1.49
0.17
0.14
0.00
0.00
0.00
0.00
0.00
0.00
0.00
0.00
0.00
0.00
0.00
0.00
0.00
0.00
0.03
0.00
0.00
0.00
0.00
0.07
0.06
0.89
16.58
6.09
0.15
0.00
0.03
1.10
0.20
0.00
0.00
0.00
21.02
12.96
0.59
2.85
0.50
0.00
0.00
2.30
6.74
0.17
0.45
8.62
1.07
9.34
13.68
1.63
2.52
2.59
0.03
0.00
0.00
0.00
0.04
0.00
0.00
5.19
5.53
0.11
0.00
0.74
0.73
0.00
0.00
0.00
0.00
0.00
0.00
0.00
0.08
0.13
4.78
0.06
0.00
0.53
0.52
1.12
1.20
1.64
16.28
0.54
8.17
1.58
1.48
0.59
0.10
0.12
0.00
0.00
4.03
19.45
0.46
0.17
6.24
31.51
7.10
0.00
0.00
0.00
0.04
1.01
0.00
1.23
2.28
1.47
15.04
20.80
26.35
4.01
0.04
0.00
0.46
0.09
0.26
0.75
1.95
0.02
0.00
0.73
0.00
0.89
2.24
4.68
1.12
0.31
0.00
0.00
0.01
0.21
0.02
0.31
0.00
0.12
0.00
0.29
2.34
21.20
16.26
8.70
1.99
0.26
39.91
0.13
0.82
3.29
0.00
2.51
4.25
12.00
6.12
0.43
0.14
0.00
0.00
0.00
0.00
0.13
4.58
0.20
0.00
0.00
0.03
0.00
0.18
0.04
0.07
1.23
0.80
1.36
38.52
10.21
16.36
32.89
16.29
20.48
80.64
13.81
0.68
1.68
0.00
0.00
3.70
0.00
0.55
3.40
0.20
1.08
1.92
10.62
15.21
2.22
2.23
4.29
2.69
24.98
21.58
7.93
2.46
0.47
5.76
0.14
6.79
0.16
0.19
4.15
12.52
4.83
33.30
17.26
0.09
0.11
0.00
0.00
0.67
17.18
17.78
12.49
12.45
3.93
0.58
5.58
3.80
5.24
5.46
16.49
6.69
4.50
19.93
34.29
4.14
2.54
23.90
1.37
1.68
28.92
8.45
5.58
3.54
1.63
0.88
0.03
0.88
3.81
3.94
0.14
0.13
16.12
0.15
2.04
0.27
10.77
1.06
2.92
0.18
0.00
0.00
0.00
2.41
4.91
0.18
0.61
4.16
17.76
2.59
21.99
35.72
7.01
3.77
0.12
0.00
0.00
0.13
0.04
0.00
5.24
3.09
6.68
9.35
7.55
9.03
4.38
0.95
0.00
0.00
0.00
10.88
1.57
0.00
0.00
0.00
0.00
0.00
0.00
0.00
0.00
0.12
3.70
24.18
27.40
0.10
7.74
5.91
3.41
0.74
0.01
0.00
1.67
0.49
28.01
31.60
8.53
23.11
0.64
0.07
0.00
0.00
0.13
0.09
0.00
0.00
0.00
0.00
0.00
0.04
0.11
0.08
16.12
1.07
2.51
0.78
9.21
5.36
0.00
0.00
0.54
0.84
0.00
0.19
11.77
22.56
2.17
3.90
14.31
3.72
0.54
2.01
0.05
0.41
9.31
0.71
0.00
0.15
4.51
0.00
0.00
0.15
0.03
0.02
7.74
5.09
11.05
1.30
0.09
0.03
0.07
0.03
1.00
13.25
4.95
0.04
0.00
0.12
0.00
0.03
0.61
0.08
0.00
0.00
31.08
0.00
0.00
0.00
0.00
0.00
0.00
0.07
0.00
0.83
0.00
0.00
0.06
0.00
0.00
0.64
0.66
0.00
4.49
0.55
9.02
4.07
0.08
0.00
0.00
0.00
0.37
1.11
0.79
0.05
0.00
0.24
1.21
14.60
0.07
0.00
0.03
2.43
2.64
7.65
5.34
1.61
0.03
0.47
0.16
0.00
0.00
0.01
1.12
0.10
0.00
0.00
0.00
4.51
0.11
0.00
9.13
12.98
5.64
0.24
0.00
0.11
0.63
0.30
0.89
4.39
1.88
0.15
1.61
0.87
1.23
9.60
16.48
0.91
0.00
1.68
9.21
0.86
0.00
0.01
1.97
17.38
0.02
0.12
3.42
0.28
0.76
26.53
2.01
0.12
12.14
5.86
2.41
15.93
1.82
13.01
15.09
26.47
3.54
0.06
1.73
1.02
0.00
1.40
0.98
1.77
0.14
0.68
13.79
1.08
0.65
0.20
0.03
0.66
0.93
0.00
9.55
4.98
0.14
1.07
2.30
40.61
5.48
0.15
7.17
8.37
0.65
12.82
25.26
8.92
49.65
18.96
0.29
0.00
0.00
0.22
1.27
31.17
22.79
0.00
0.00
0.00
0.02
0.04
0.00
0.00
0.00
0.44
0.78
0.14
6.41
55.33
5.74
1.62
1.13
6.98
20.93
0.67
18.57
4.36
6.27
14.05
0.00
0.00
0.00
0.25
8.21
4.59
0.42
0.11
0.64
12.42
11.45
0.14
0.05
0.00
0.00
0.03
0.00
0.00
0.00
0.02
0.08
5.42
0.45
0.23
0.06
0.06
0.00
0.00
0.00
0.00
0.00
0.00
0.03
0.58
0.11
0.00
0.23
0.17
0.07
0.15
5.26
0.81
0.53
0.06
1.34
0.17
0.00
0.94
5.23
12.47
6.57
1.98
0.06
0.12
0.00
0.77
2.05
0.92
4.67
17.99
0.12
1.50
0.03
1.36
25.45
6.77
4.72
2.21
0.22
0.02
0.00
0.00
0.00
0.03
0.06
5.10
0.75
19.26
5.27
0.55
1.91
0.00
6.44
2.24
0.34
0.59
1.53
0.00
0.05
7.60
7.52
1.76
0.19
0.00
10.70
17.47
16.44
0.66
2.20
0.06
0.00
0.00
0.00
0.00
0.00
0.04
0.05
0.10
0.29
0.11
0.02
0.00
0.00
0.13
0.00
0.05
1.41
7.17
7.40
0.07
0.00
0.00
0.00
0.00
0.00
0.00
0.00
0.00
0.00
0.00
0.00
0.00
0.00
0.00
0.00
0.00
0.00
0.00
0.00
0.00
0.00
0.00
0.00
44.96
34.36
22.72
1.18
0.00
0.00
0.00
0.00
0.00
0.00
2.53
0.31
0.05
9.04
5.11
0.17
0.00
0.00
0.00
0.00
0.00
0.00
0.00
0.00
0.00
0.00
0.00
0.00
0.00
0.00
0.00
0.16
0.07
0.10
0.11
0.00
0.00
0.00
0.00
0.00
0.00
0.00
0.00
0.00
0.00
0.00
0.00
0.00
0.00
0.00
0.00
0.00
0.00
0.00
0.00
0.00
0.00
0.00
0.00
0.00
0.00
0.00
0.00
0.07
7.96
0.16
0.00
0.07
0.00
0.04
7.50
0.32
0.88
0.84
18.57
0.28
0.00
1.73
0.10
0.00
0.00
0.22
15.65
1.37
0.05
0.23
15.83
24.33
12.94
15.82
1.23
4.11
24.81
15.58
0.43
0.00
0.00
0.00
0.00
0.00
0.00
0.00
0.00
5.55
0.28
0.00
0.96
1.20
0.34
15.83
0.19
0.01
0.00
0.05
0.27
14.85
7.66
0.42
0.00
0.68
0.00
0.00
0.00
0.00
0.00
0.02
0.00
0.00
0.00
0.18
0.01
22.35
21.29
12.75
0.16
0.02
0.43
14.17
9.09
24.62
2.46
0.59
0.18
10.81
0.67
28.50
25.58
1.97
0.22
0.00
0.39
9.51
16.44
2.03
0.15
0.00
1.82
16.62
26.00
9.00
1.47
0.39
23.49
6.64
0.12
0.00
0.00
0.01
39.98
15.33
0.34
7.40
0.12
0.00
0.00
1.08
32.68
1.82
0.98
2.60
0.38
3.05
35.27
14.54
0.00
0.00
0.03
16.62
29.52
2.56
8.84
40.01
8.74
0.00
15.95
0.28
6.68
0.05
0.00
0.00
0.00
0.00
0.12
9.42
2.40
17.57
8.66
0.58
0.07
9.04
0.89
4.02
1.30
0.00
0.00
0.00
0.00
0.00
0.14
0.00
0.00
0.14
14.97
1.29
0.05
1.12
15.61
4.24
2.30
1.39
2.91
0.61
0.39
0.06
1.20
2.48
0.18
0.00
1.85
1.12
1.46
19.02
11.79
38.41
5.93
3.96
0.00
2.96
6.74
3.30
0.00
7.03
1.83
0.00
0.35
2.55
5.84
2.34
0.04
0.00
2.27
0.80
0.00
4.21
8.78
0.72
2.04
0.21
0.57
2.78
12.23
2.75
0.28
2.47
0.26
0.00
0.29
2.33
7.31
2.03
6.58
2.11
0.00
0.00
1.92
0.05
3.50
7.71
15.08
9.09
8.92
9.38
6.02
7.85
5.81
8.95
4.84
3.78
0.65
0.17
24.18
0.50
2.74
5.19
10.27
12.42
4.95
10.31
1.42
0.00
0.00
0.00
3.02
6.60
0.25
0.03
5.61
0.29
0.75
23.52
0.47
0.05
0.00
0.00
0.00
0.00
0.00
0.00
0.02
0.12
0.12
0.00
0.00
0.00
0.00
0.00
0.00
0.00
0.00
0.00
0.00
0.00
0.00
0.00
0.00
0.00
0.00
0.00
0.01
0.00
0.00
0.00
0.00
0.36
0.00
0.00
0.00
0.00
0.00
0.00
0.00
0.00
0.00
0.00
0.03
0.00
0.00
0.00
0.45
1.36
2.17
0.27
0.00
0.74
2.25
0.10
3.25
0.00
0.00
0.00
0.00
0.00
0.00
0.00
0.00
0.11
0.00
0.00
0.00
0.00
0.00
0.00
6.32
0.23
0.00
0.00
0.00
0.00
0.00
0.00
0.00
0.00
0.00
0.00
0.00
0.00
0.00
0.19
0.18
0.00
0.00
0.00
1.89
2.37
1.01
0.53
0.27
1.24
0.00
2.35
0.08
0.00
0.00
0.00
0.00
0.00
0.00
0.00
0.00
0.00
0.00
0.00
4.78
0.42
0.00
0.00
0.00
0.00
0.73
8.23
1.24
0.37
0.89
0.00
0.00
0.01
0.08
0.85
0.54
0.98
0.63
0.00
0.00
5.24
0.71
0.17
0.00
0.19
0.24
0.01
0.28
0.45
0.40
0.16
0.09
0.27
10.48
31.57
8.51
2.02
0.12
0.00
0.50
0.26
0.17
0.10
3.70
9.36
27.16
0.00
10.08
8.71
0.45
0.02
0.00
0.00
0.00
0.11
0.00
0.16
9.91
8.96
0.29
4.73
0.17
2.50
0.00
0.00
0.00
0.00
0.03
12.09
0.85
0.10
1.15
15.37
6.74
4.65
21.59
21.70
7.00
12.39
0.78
0.00
0.01
1.37
2.67
0.00
0.00
16.35
5.55
6.34
15.60
0.12
0.00
0.09
9.66
1.62
0.30
1.67
0.19
0.26
0.15
48.41
9.98
9.39
0.17
0.03
1.86
10.77
0.04
23.35
14.25
23.75
28.65
40.95
2.06
0.27
12.73
41.50
3.93
11.47
15.06
48.51
50.33
56.58
2.66
5.05
4.03
4.42
34.34
6.00
29.85
10.65
26.74
0.99
5.25
19.09
4.69
0.22
0.13
3.91
10.00
32.49
8.68
0.22
0.01
0.02
0.07
0.57
0.16
0.05
12.77
10.25
40.89
35.51
5.31
18.90
8.92
5.02
13.74
18.96
7.60
35.45
31.60
9.42
1.22
9.60
10.61
8.48
1.19
2.00
2.57
0.19
0.00
0.00
0.00
0.00
0.61
0.36
1.00
0.00
0.32
0.26
0.06
12.23
1.37
0.00
0.03
0.61
5.75
3.40
7.38
2.25
0.65
0.68
4.33
10.03
2.41
0.21
1.28
4.62
0.00
0.00
0.00
0.37
0.10
4.62
5.59
3.17
3.58
0.75
2.92
0.39
3.09
42.25
47.86
0.68
0.86
0.05
7.65
22.39
2.01
21.14
8.36
9.95
1.05
0.08
5.67
25.42
0.15
0.06
0.06
4.22
54.17
18.57
12.92
0.57
0.02
0.00
0.00
0.53
1.97
0.09
0.00
0.00
6.00
1.12
0.00
0.00
1.52
0.46
0.00
0.00
0.19
0.00
2.90
2.06
0.20
6.86
0.13
0.37
0.00
0.13
0.03
18.68
10.33
8.89
0.91
0.73
0.00
0.02
0.00
0.00
0.00
0.00
0.01
0.00
0.00
0.00
0.00
0.00
0.00
0.00
0.03
0.03
0.00
0.08
0.46
0.00
0.00
0.07
1.94
3.92
0.00
0.00
0.13
0.16
0.16
0.00
0.31
1.26
0.00
0.14
0.03
1.32
1.98
12.65
10.94
3.88
0.06
0.01
0.01
0.00
0.00
0.00
0.00
0.00
0.00
0.00
0.00
0.00
0.00
0.00
0.00
0.00
0.04
4.49
0.47
0.00
0.00
0.00
0.00
4.15
7.11
0.86
0.00
0.00
0.00
0.00
0.00
0.00
0.00
0.00
0.00
0.00
0.00
0.00
0.00
0.00
0.00
4.75
17.10
0.00
2.11
0.00
0.00
0.03
0.00
0.02
1.03
0.09
0.00
0.00
0.00
0.03
0.00
0.00
0.00
0.00
0.00
0.00
0.27
0.36
1.70
1.34
0.26
0.01
0.00
0.00
0.04
0.00
0.23
0.23
0.00
0.00
0.00
0.00
0.00
0.63
0.00
0.18
0.18
0.00
0.00
0.00
0.00
0.00
0.06
0.76
2.44
0.02
0.24
1.10
9.75
5.30
0.07
0.00
0.07
5.24
8.60
31.69
0.52
10.93
18.68
0.00
0.00
0.00
4.40
10.36
11.93
13.52
14.89
0.24
0.00
0.26
6.79
0.40
2.35
7.54
0.48
0.00
0.00
0.04
4.41
32.82
14.25
16.94
4.94
5.98
13.52
6.74
0.00
0.00
3.12
4.45
5.39
2.06
0.77
0.01
0.60
17.38
0.38
0.50
17.98
19.45
1.80
35.95
26.70
11.17
0.15
0.00
0.00
0.02
0.00
0.00
2.27
4.39
2.58
32.48
8.19
42.06
38.37
13.71
1.99
0.00
40.27
12.27
9.50
0.57
3.19
29.00
8.38
0.00
0.25
3.40
2.37
0.38
0.07
0.09
0.00
18.52
48.82
1.71
0.00
2.00
16.45
45.53
15.55
5.23
1.01
20.03
3.09
5.32
20.15
50.31
38.80
33.12
1.26
3.68
6.88
7.33
16.68
48.87
52.50
1.53
0.33
0.00
2.45
12.91
12.59
32.77
20.58
2.01
52.54
4.48
2.20
0.56
0.21
0.51
1.14
2.30
6.33
11.02
9.59
0.09
0.48
0.00
0.00
0.00
0.19
0.45
0.74
20.95
10.04
18.71
5.09
0.01
2.22
5.03
29.47
15.06
17.83
4.37
3.37
0.13
0.00
2.45
0.05
0.00
1.96
24.48
9.47
2.49
3.26
0.83
0.00
0.00
2.82
7.74
9.53
0.20
0.68
0.92
2.57
4.12
0.25
1.51
0.76
0.00
0.14
0.75
10.66
1.68
1.34
1.97
0.00
27.75
2.15
3.57
15.51
2.42
9.76
0.74
0.07
0.49
0.01
0.00
0.69
8.87
3.72
0.80
3.71
2.45
0.88
14.74
5.44
4.22
1.71
2.75
11.94
0.30
0.33
0.00
0.01
0.00
0.01
0.00
0.00
0.00
0.00
0.00
0.00
0.00
0.01
0.00
0.00
0.00
0.18
0.10
0.00
0.00
0.00
0.00
0.00
0.00
0.63
0.76
0.00
0.05
0.07
0.00
0.06
0.28
0.00
4.87
0.00
0.32
0.00
0.50
0.68
4.39
1.21
0.00
0.00
0.00
0.00
0.00
0.00
0.03
0.13
0.00
0.00
0.00
0.00
0.00
0.00
0.00
0.00
0.00
0.00
0.00
0.00
0.09
0.00
0.89
0.01
15.96
2.24
2.23
49.15
2.13
4.13
1.78
2.73
33.54
7.60
7.34
2.93
0.11
0.00
0.00
0.00
0.06
0.00
0.00
1.93
0.76
0.00
0.00
0.00
0.08
16.51
5.40
0.12
0.15
0.00
0.00
0.19
4.81
0.00
0.00
0.00
0.00
0.00
0.00
0.00
0.00
0.03
0.12
0.00
0.00
7.51
2.05
0.16
0.00
0.00
0.00
0.00
0.00
0.12
6.43
0.53
0.00
0.00
0.00
1.89
0.61
0.00
0.00
26.45
10.01
2.85
0.89
0.07
0.00
0.00
0.01
0.00
0.00
0.00
0.00
0.00
0.00
0.00
0.07
0.00
0.00
0.00
0.00
4.23
0.32
0.00
0.00
1.24
1.43
1.16
13.67
29.32
9.65
17.00
3.81
24.48
1.23
0.00
6.85
0.16
0.00
0.66
5.47
8.55
0.15
0.03
2.31
2.95
2.56
7.04
14.92
3.44
2.09
1.99
3.96
0.67
0.00
0.00
0.13
1.04
3.26
0.25
10.44
0.45
0.00
0.21
17.45
9.71
20.33
8.01
4.62
0.32
0.00
1.00
69.08
13.52
7.80
3.75
4.04
0.53
4.89
0.00
1.73
3.34
0.31
0.00
0.23
6.72
0.58
0.58
25.60
0.00
0.00
0.03
14.70
2.66
13.65
34.17
0.10
0.00
2.66
10.27
17.38
22.50
0.05
0.00
0.00
6.56
2.06
0.00
0.00
0.00
0.00
0.00
0.03
1.12
3.12
0.08
0.04
6.55
1.10
15.64
1.98
1.68
0.00
3.10
0.57
3.42
9.17
18.90
1.33
13.32
14.24
2.73
0.38
39.45
37.15
23.42
20.73
18.02
25.64
37.91
26.46
21.15
13.82
1.01
1.29
15.18
20.07
2.22
0.00
11.72
0.49
24.61
11.19
2.40
7.15
0.23
0.11
3.59
5.36
3.19
5.72
4.63
0.20
5.76
0.13
0.03
2.32
1.67
0.19
0.00
0.00
0.00
0.32
0.11
3.54
1.18
1.62
3.17
2.46
4.69
0.25
0.00
0.00
2.67
0.08
2.01
0.16
0.47
2.28
0.04
3.19
0.07
2.42
0.78
0.95
8.17
13.50
36.95
14.11
0.37
0.00
0.09
2.64
12.24
8.02
15.47
17.81
8.50
28.33
24.15
0.06
8.50
19.77
10.02
7.40
2.84
5.53
1.53
7.07
1.41
2.67
3.31
11.36
2.26
3.00
21.73
1.09
11.49
2.57
0.04
0.07
0.11
0.45
0.52
0.42
0.82
0.38
0.00
0.00
0.00
4.37
1.45
0.00
0.01
0.00
0.00
0.00
0.13
0.40
0.03
0.00
0.00
0.00
0.00
0.00
0.14
0.35
0.06
0.00
0.00
0.76
0.39
0.09
0.00
0.01
0.00
0.00
0.00
0.00
0.10
0.10
0.00
0.00
0.00
0.00
0.00
0.00
0.00
0.00
0.00
0.00
0.00
0.00
0.00
0.01
12.23
4.30
0.98
0.00
0.00
0.54
0.08
0.00
1.14
0.00
0.00
0.00
0.00
0.00
0.00
0.00
0.00
0.00
0.37
0.00
0.00
0.00
0.00
0.00
0.00
0.00
0.29
0.12
0.00
0.00
0.00
0.00
0.00
0.08
0.00
0.00
0.00
0.00
0.00
0.00
0.00
0.00
0.00
0.00
0.00
0.00
0.00
0.02
0.02
1.42
0.04
11.87
41.26
28.33
1.23
0.03
0.00
0.00
0.46
0.37
0.00
0.00
0.00
0.00
0.00
0.00
0.00
0.00
0.00
0.00
0.00
0.00
0.00
0.00
0.04
0.00
0.02
0.00
0.11
0.00
0.00
0.00
0.00
0.00
0.00
0.02
4.54
42.90
1.64
9.13
2.60
21.30
12.77
10.47
7.48
0.00
9.12
2.34
0.21
0.42
0.02
0.00
0.04
0.04
0.00
0.00
0.00
0.00
0.00
2.01
0.40
0.00
0.00
0.00
0.00
0.03
1.21
5.95
0.00
0.00
0.00
0.00
0.00
0.00
0.00
0.00
0.00
0.00
0.31
0.00
0.00
1.97
0.00
0.00
5.87
0.01
0.12
1.35
14.75
4.30
0.00
6.37
5.16
17.41
0.00
0.00
0.01
0.00
0.00
5.83
2.97
9.99
68.01
8.65
20.18
2.61
2.67
0.00
0.00
0.00
6.58
1.89
2.54
5.44
4.48
3.02
0.25
0.00
17.49
0.00
0.29
12.05
15.07
0.34
0.63
0.17
0.00
0.00
0.00
3.88
0.00
0.03
0.03
0.06
0.66
0.79
30.08
42.97
13.70
1.50
0.06
2.29
0.00
0.00
0.00
0.00
0.00
0.00
0.00
0.00
10.52
1.71
1.50
29.90
0.01
0.09
5.93
12.97
5.26
0.02
6.25
8.61
12.24
2.55
19.99
6.25
0.00
0.00
0.01
9.95
7.31
3.89
0.00
15.29
25.81
36.86
13.48
6.65
0.06
9.07
7.32
8.74
0.13
0.00
0.00
0.00
0.00
0.18
0.98
0.97
58.96
17.92
16.37
1.05
0.21
0.00
0.00
0.00
0.00
2.71
4.46
4.87
13.08
5.57
0.05
0.21
6.26
0.36
0.20
0.22
0.01
28.44
1.42
7.77
0.00
0.00
0.00
0.00
0.00
0.24
2.80
5.32
43.54
15.87
1.05
0.86
0.00
0.09
0.08
10.16
3.51
2.74
0.00
0.16
9.25
7.18
0.11
0.00
0.00
0.00
0.00
0.00
0.01
0.00
0.01
0.00
2.49
0.04
4.14
0.22
15.38
3.08
0.34
0.78
0.09
7.70
0.88
0.00
14.01
7.70
0.02
4.46
2.07
0.00
0.00
0.00
0.17
0.63
0.02
0.00
0.01
0.00
1.27
2.22
1.43
0.66
0.03
0.00
4.74
0.91
0.00
0.13
0.00
0.00
0.00
0.00
0.00
0.00
0.00
6.39
28.85
36.01
0.06
0.00
0.00
0.00
0.00
0.40
0.30
0.02
0.00
0.00
0.31
0.07
0.00
0.00
0.00
0.00
0.00
0.04
0.00
0.00
0.00
0.00
0.00
0.00
0.00
0.00
18.90
10.97
1.25
0.00
0.00
4.31
13.24
0.00
0.00
0.00
0.00
0.00
0.00
0.00
0.00
0.79
1.00
0.00
0.00
0.00
0.00
0.10
0.00
0.00
0.00
0.00
0.00
0.00
0.00
0.00
0.00
0.00
0.34
0.00
0.00
0.00
0.00
0.00
0.00
0.00
0.00
0.00
0.00
0.00
0.00
0.00
0.00
0.00
0.00
0.01
0.01
0.01
0.00
0.00
0.00
1.62
5.97
0.10
0.29
0.00
0.00
0.00
0.00
0.00
0.00
0.00
0.00
0.00
0.00
0.00
0.00
0.00
0.00
0.00
0.00
0.00
0.00
0.00
0.01
0.01
4.16
1.84
0.01
0.00
1.04
17.98
3.10
1.09
4.41
0.00
0.00
0.00
0.00
0.00
0.00
0.00
0.00
0.00
0.00
0.00
0.00
0.00
0.00
0.00
0.00
0.00
0.00
0.00
0.99
0.64
0.00
0.03
0.00
0.00
0.00
0.00
0.00
0.01
0.01
0.65
6.50
16.15
0.53
30.74
14.41
3.92
13.18
0.00
2.18
0.00
0.00
6.29
0.08
0.00
0.00
0.00
0.00
0.03
0.09
0.18
2.63
17.09
0.00
0.00
0.00
2.49
9.33
0.14
4.15
0.01
0.00
0.66
1.00
16.65
5.92
2.71
0.00
0.00
4.27
0.82
0.73
23.35
3.00
0.00
0.00
23.49
0.00
2.42
30.38
0.00
7.35
4.54
0.72
16.99
26.37
0.00
0.01
0.00
0.06
0.00
0.00
11.77
2.14
0.00
0.00
0.00
0.00
0.00
0.00
0.00
0.00
2.26
17.93
0.08
0.00
0.28
5.57
22.37
5.39
23.84
0.02
19.11
0.60
5.48
3.23
30.22
23.84
8.36
0.01
0.00
0.01
0.00
4.29
55.50
7.08
0.00
0.00
0.64
0.00
0.00
6.83
16.61
19.97
1.86
9.77
8.11
14.10
0.55
3.99
1.98
0.00
0.84
32.68
14.65
19.51
1.67
0.25
0.73
0.66
0.55
0.00
20.03
22.44
54.36
10.90
0.56
0.02
0.02
0.17
0.00
0.00
0.93
7.11
0.23
54.01
0.15
0.00
0.00
5.97
0.09
0.00
0.00
0.00
0.00
0.05
0.96
1.05
1.93
0.00
0.10
0.00
0.02
0.01
0.00
7.72
0.12
2.74
0.49
0.50
2.93
35.21
5.18
1.19
31.20
5.99
0.11
11.31
8.03
0.89
0.49
0.01
3.79
0.25
3.31
0.00
0.33
0.00
0.00
2.62
6.29
2.81
1.00
9.27
4.13
0.00
0.00
0.00
0.00
0.00
0.00
1.69
0.85
0.00
0.16
0.00
0.04
1.90
0.03
0.00
0.00
4.71
13.50
0.63
0.36
0.00
0.00
0.00
0.00
0.00
0.02
3.52
3.57
0.17
0.00
0.00
0.00
0.00
0.00
0.00
0.00
0.00
0.00
0.00
0.01
0.00
0.50
0.83
0.00
0.00
0.00
0.00
0.00
0.00
0.00
0.00
0.00
0.00
0.00
0.00
0.00
0.00
0.00
0.00
0.00
0.00
0.00
0.00
0.00
0.00
0.00
0.00
0.02
15.46
5.70
36.24
12.97
0.03
0.00
7.18
17.42
1.11
0.16
0.19
0.00
0.01
0.00
0.00
0.00
0.00
0.00
0.00
0.00
0.00
0.00
0.00
0.00
0.00
0.00
0.00
0.00
5.87
31.86
13.85
0.14
0.00
0.05
0.05
0.00
2.23
2.45
2.02
0.00
0.00
0.00
0.00
0.16
0.00
0.01
0.00
18.17
13.18
0.00
16.38
0.00
0.11
20.58
7.60
0.00
0.00
9.10
1.72
0.80
0.00
0.00
9.02
6.01
0.00
0.00
0.00
0.00
0.00
0.00
0.00
0.00
0.01
13.50
3.48
7.02
9.05
0.04
0.01
1.63
5.04
0.00
0.00
0.00
0.02
1.88
3.61
0.25
0.24
15.63
0.00
2.30
2.09
0.00
9.04
0.19
23.54
41.36
10.57
0.64
0.19
7.25
0.03
0.00
5.32
2.14
0.00
0.32
0.00
0.12
0.00
0.00
5.69
0.00
0.41
0.96
0.00
19.84
12.14
17.60
0.18
0.00
0.00
0.24
3.78
0.00
19.29
0.78
0.00
0.00
0.00
0.00
0.00
0.00
1.06
22.47
0.00
0.00
0.00
0.00
0.00
0.00
0.00
3.50
30.20
10.10
22.41
5.04
26.89
13.72
18.82
0.00
11.57
0.27
47.46
40.12
6.36
11.23
0.00
0.86
1.52
0.00
4.17
3.02
23.35
0.00
0.00
1.42
15.92
0.00
0.00
0.00
0.00
0.00
0.00
0.00
0.00
20.09
15.40
1.27
1.91
16.67
6.51
1.90
0.55
31.18
31.83
4.44
0.00
0.00
5.12
25.45
0.79
0.59
36.91
0.00
0.00
0.00
0.00
0.96
3.24
23.75
2.32
0.37
7.02
1.23
0.00
0.09
0.00
0.00
0.00
0.01
60.56
0.00
5.91
0.50
28.46
46.27
77.04
19.95
32.27
6.55
0.04
0.06
9.34
13.80
36.32
17.68
38.35
16.42
2.98
7.82
0.00
0.13
0.01
0.00
0.00
0.00
0.00
0.08
0.09
0.00
0.01
0.01
0.00
0.00
0.00
2.45
2.00
1.59
2.52
6.42
8.42
16.15
4.68
29.01
8.32
1.79
28.54
16.24
0.16
0.00
0.05
6.33
0.12
0.04
15.68
0.01
0.16
18.51
0.47
1.35
0.00
0.00
16.32
0.12
0.00
0.00
3.07
0.21
0.01
0.01
11.16
0.36
0.00
0.12
0.03
13.44
46.29
3.02
10.19
5.61
2.85
0.40
0.24
8.59
7.50
19.20
0.85
2.13
0.00
0.01
6.26
0.04
0.04
0.78
2.36
0.60
2.27
1.37
1.23
0.18
1.47
5.78
0.00
5.34
1.72
5.65
6.05
0.03
0.65
1.67
0.21
0.71
9.48
0.08
0.00
0.00
0.00
0.00
0.00
0.00
0.03
0.03
0.10
1.29
0.53
4.78
3.41
1.86
0.03
0.00
0.00
0.00
0.01
0.06
3.10
8.61
15.21
0.96
2.69
0.29
0.00
0.00
0.00
0.00
0.00
0.00
0.00
0.00
0.44
0.96
0.00
0.00
0.00
0.00
0.00
0.00
0.00
0.00
0.00
0.01
0.00
0.00
0.00
0.00
0.00
0.01
0.19
0.13
0.00
0.00
0.06
0.00
0.45
0.00
0.00
0.00
0.00
0.00
0.00
0.00
0.01
0.00
0.00
0.00
3.76
3.47
0.00
0.27
3.47
32.42
1.18
2.49
0.00
0.00
0.00
0.00
0.00
0.00
9.39
3.48
0.00
0.00
0.00
0.00
0.00
0.00
0.00
2.98
0.97
2.12
0.79
0.00
0.00
0.00
0.00
1.29
1.17
0.02
0.00
0.03
0.00
0.00
0.00
0.00
0.00
1.45
0.00
0.00
0.00
1.08
2.08
0.00
0.00
0.01
0.00
0.00
0.00
0.63
0.00
0.00
0.00
0.00
0.00
0.00
0.00
0.00
3.77
0.60
1.81
10.27
0.00
20.38
7.31
3.33
15.14
1.23
0.00
0.00
0.00
3.32
5.53
0.00
0.00
0.00
0.00
0.00
0.00
0.48
0.00
0.27
6.03
0.00
0.00
0.79
0.13
2.50
1.14
0.00
0.10
1.91
0.00
0.20
47.96
24.88
0.02
1.14
10.33
0.11
0.00
0.00
1.41
0.28
0.00
0.00
0.00
0.00
0.00
0.00
5.68
1.04
0.00
0.00
0.02
0.58
0.00
0.55
0.11
0.00
0.00
0.00
0.00
8.31
3.35
0.00
0.00
0.00
0.63
2.96
0.00
0.11
0.00
0.00
0.00
0.00
1.02
7.37
9.46
17.18
31.42
17.16
14.33
9.42
3.90
0.50
1.02
0.00
14.99
24.26
15.99
24.40
55.59
11.72
0.00
0.00
0.00
5.96
0.00
9.81
1.93
0.66
0.19
0.00
0.00
0.00
0.00
0.00
0.00
0.05
0.15
0.31
0.00
0.00
0.11
42.82
0.36
0.40
0.30
8.34
8.50
7.29
0.02
6.43
0.21
0.47
0.00
0.33
1.18
8.56
2.01
0.00
0.38
4.62
0.00
24.01
38.11
0.30
4.17
0.26
0.00
0.00
0.00
0.00
0.00
0.00
0.00
17.47
0.28
2.87
0.75
1.48
8.57
3.11
5.39
8.48
9.80
0.11
13.94
0.04
0.00
0.35
0.00
5.01
0.00
0.00
0.00
0.83
9.19
3.00
0.60
2.18
5.92
3.12
3.68
3.55
0.07
10.29
1.64
0.30
1.35
0.27
0.00
0.00
0.00
0.00
0.71
5.11
2.99
0.00
1.71
1.20
5.08
8.85
5.15
0.51
0.13
2.81
26.81
46.12
14.76
6.14
0.64
0.00
0.07
3.16
0.63
1.44
0.81
9.56
0.11
0.29
0.00
0.00
0.00
0.00
0.16
0.20
19.79
2.09
0.01
0.00
0.00
0.01
0.00
0.00
0.00
0.00
0.01
0.22
10.80
0.00
2.18
3.98
0.00
0.00
0.03
0.10
0.00
0.00
7.03
1.95
15.53
18.14
2.08
0.04
0.00
0.00
0.00
0.00
0.00
0.00
0.00
0.00
0.00
4.24
0.00
0.00
0.00
0.00
0.00
0.00
0.00
0.00
0.00
10.63
0.03
0.00
6.48
62.90
48.74
0.46
0.00
0.00
0.00
0.00
0.00
0.00
8.11
43.29
0.36
0.00
0.00
0.00
0.01
0.00
0.00
0.00
0.00
0.00
0.00
0.00
0.92
0.00
0.00
0.00
0.00
0.35
0.83
3.44
0.00
0.00
0.00
0.00
0.00
0.00
0.00
0.00
0.00
0.00
0.00
0.00
0.00
0.00
0.00
0.00
0.01
0.00
0.00
0.94
8.87
0.38
0.00
0.00
0.00
8.48
10.15
11.08
2.38
0.00
0.00
0.00
0.00
0.00
1.48
6.92
18.37
27.75
0.00
1.44
4.89
3.07
0.74
18.00
4.89
1.55
3.78
0.01
3.94
0.37
0.00
0.01
0.01
0.00
0.24
5.02
0.15
6.04
0.04
12.98
0.18
0.00
0.08
1.34
0.12
0.00
0.00
5.14
2.00
0.28
0.02
0.00
0.00
0.00
1.45
1.24
53.46
7.75
10.13
0.86
51.82
4.27
0.69
0.04
0.29
0.00
14.40
36.30
30.38
1.12
14.66
2.67
0.37
0.01
0.00
5.01
0.00
0.00
0.52
0.20
8.42
0.01
1.26
0.02
0.00
3.29
0.00
0.00
0.00
0.00
0.00
0.00
4.62
0.01
0.00
0.00
0.00
0.43
3.82
8.90
0.00
37.24
11.70
0.00
32.05
35.85
3.21
46.87
11.43
0.43
16.66
1.02
0.30
4.20
0.26
0.00
16.69
51.02
14.94
0.19
0.68
9.73
24.13
2.17
50.78
14.16
42.74
1.17
0.00
0.00
0.00
0.05
40.43
20.86
1.35
5.63
4.10
4.52
9.68
0.53
0.05
0.00
5.45
0.10
0.00
0.00
0.00
0.01
0.52
1.81
20.03
0.83
0.01
0.13
0.01
2.66
1.09
0.47
0.20
0.01
4.23
0.08
0.24
15.60
20.43
40.36
0.08
0.00
0.00
0.39
53.92
6.04
3.73
7.49
1.02
1.77
27.91
5.41
1.78
3.25
0.32
0.00
0.00
0.00
0.00
0.00
0.00
0.00
0.01
1.01
1.81
0.00
0.00
0.00
0.00
0.00
0.00
0.00
0.00
0.58
8.42
14.97
1.22
11.06
5.55
0.00
10.95
5.64
3.47
7.61
4.47
5.90
8.50
8.62
0.00
0.00
0.00
2.75
92.21
2.84
1.88
0.98
1.15
0.08
0.97
7.64
0.24
0.85
4.05
0.00
0.00
15.41
4.60
11.24
0.00
5.63
13.97
2.87
1.57
4.36
4.54
0.00
4.19
0.16
0.07
9.70
0.35
10.79
10.86
45.79
21.60
0.83
15.36
3.74
2.94
4.60
1.02
2.73
1.74
0.93
0.00
0.00
0.00
0.00
0.00
0.02
0.05
0.33
7.30
29.76
8.21
0.00
0.00
0.00
0.00
0.00
0.00
0.00
0.00
0.00
0.00
0.00
0.00
0.00
0.00
0.00
0.00
0.00
0.00
0.00
0.00
0.00
0.00
0.00
0.00
0.00
0.00
0.00
0.00
0.00
0.00
0.00
0.00
0.00
2.42
15.57
16.78
0.00
0.00
0.00
2.54
0.00
0.00
0.00
1.96
2.15
0.36
16.05
0.00
0.00
0.00
0.02
0.01
6.23
0.00
0.00
0.00
1.54
11.90
35.03
0.01
0.00
33.78
9.66
0.51
30.13
14.68
27.98
22.73
0.01
0.00
1.63
0.74
0.00
0.09
0.15
0.00
2.59
0.03
0.00
0.00
0.00
0.33
0.00
2.36
6.78
0.00
0.00
1.57
0.60
0.00
0.08
0.00
2.17
27.92
0.00
5.82
0.55
0.01
0.00
0.01
0.44
2.10
0.01
0.00
0.00
0.00
0.00
0.01
0.68
0.00
0.00
0.00
0.00
0.28
0.52
0.00
0.00
0.41
0.04
0.04
0.00
0.26
0.00
0.02
0.00
0.63
0.00
0.00
0.00
0.00
0.00
0.00
12.87
9.20
0.16
17.39
0.64
0.04
0.24
0.00
0.00
0.00
0.10
0.05
0.00
0.01
0.00
0.29
0.03
0.19
0.03
0.00
0.00
0.01
13.67
0.00
0.34
0.84
0.17
0.00
0.00
0.00
0.00
0.00
0.00
0.00
0.00
0.00
0.00
0.23
0.17
0.00
0.00
1.51
2.00
11.65
7.89
0.00
0.00
6.12
0.32
14.18
41.78
0.85
8.43
0.38
9.42
5.30
9.82
4.96
17.08
25.67
8.90
1.21
0.00
12.82
0.34
0.00
0.85
0.00
0.03
0.00
0.00
0.00
8.87
6.70
3.06
7.49
2.41
0.87
0.00
4.58
10.67
0.63
0.00
0.07
1.78
28.06
1.90
0.00
2.78
30.26
2.58
0.18
1.95
4.85
11.12
41.25
0.00
0.00
0.00
28.56
18.34
6.59
0.00
18.63
10.99
40.28
22.19
30.79
0.00
0.37
2.88
5.19
11.58
0.46
9.72
12.66
0.33
0.00
9.33
5.83
24.31
0.10
2.98
0.01
7.20
7.22
5.71
30.59
18.85
4.13
6.40
1.04
0.01
0.00
0.19
0.52
1.85
3.69
0.29
3.07
8.80
4.35
3.70
0.00
0.00
0.00
0.00
0.00
0.01
0.00
0.00
0.00
2.66
0.62
3.41
5.39
3.32
0.10
0.00
89.60
5.29
10.08
8.09
2.93
0.31
4.05
2.20
0.59
0.02
0.00
0.03
0.12
5.28
0.43
0.00
1.60
0.31
6.70
0.23
7.58
0.06
0.00
0.29
0.00
0.16
0.02
8.45
9.01
0.00
0.00
11.42
12.69
10.69
0.12
0.45
1.36
3.57
0.04
18.82
61.11
4.27
3.08
10.22
17.10
0.25
0.00
23.09
28.21
1.32
0.00
0.00
0.01
0.00
0.00
34.76
5.61
2.19
0.02
0.00
0.00
0.00
1.93
2.45
0.00
0.00
0.00
0.00
0.00
0.00
0.61
47.53
11.49
0.75
0.03
0.03
0.00
0.00
0.00
0.00
0.00
0.00
0.00
0.00
0.00
0.00
6.44
2.15
1.43
0.00
0.00
0.00
0.00
0.00
0.00
0.00
0.00
0.01
0.00
0.02
0.22
0.00
0.00
0.00
0.00
0.00
0.00
0.00
0.00
0.00
0.00
0.00
6.26
6.12
0.83
3.57
0.00
0.00
0.00
0.00
2.03
0.39
13.09
0.00
0.00
0.00
0.00
0.00
0.00
0.00
0.00
0.00
0.00
0.02
21.55
0.00
0.00
1.17
0.00
0.00
0.00
0.00
0.81
0.00
0.00
0.00
0.00
0.00
0.96
0.00
0.00
0.00
3.51
2.40
6.32
44.40
45.41
19.49
0.01
0.00
0.00
0.00
0.00
0.00
0.00
0.00
0.48
0.00
0.00
0.00
0.00
0.00
0.00
0.00
0.00
0.00
0.00
0.00
3.73
0.09
0.00
0.00
0.00
0.01
2.74
0.00
0.00
0.00
0.00
0.00
0.00
0.00
0.00
0.00
0.00
0.00
0.00
0.00
0.00
0.00
0.00
0.00
0.00
0.00
0.00
0.00
0.87
4.65
0.00
0.90
22.49
17.00
0.08
0.08
9.39
0.18
0.00
1.63
0.00
0.00
4.63
0.96
0.00
0.00
0.00
0.00
0.00
18.64
0.04
0.00
0.05
1.91
6.00
2.39
1.21
1.45
14.48
7.93
16.49
0.00
3.83
12.75
24.80
0.00
0.32
7.82
3.20
0.00
0.00
0.00
1.96
4.44
0.93
0.00
0.00
0.00
0.00
0.56
2.66
11.94
2.66
8.59
0.31
0.91
0.18
0.00
0.00
4.45
0.24
16.38
0.26
4.08
0.00
0.00
0.00
0.00
0.00
0.00
0.00
0.00
0.18
0.00
3.51
4.64
42.80
0.89
3.13
18.88
0.00
0.00
9.45
8.97
0.00
0.00
0.02
40.51
6.49
0.00
4.58
25.16
1.03
0.00
0.09
0.29
5.01
25.98
2.00
21.54
12.92
32.17
48.08
0.17
17.80
32.83
11.49
0.10
15.08
0.91
0.00
0.00
7.39
6.39
0.03
0.00
20.02
0.00
0.19
14.77
7.53
11.82
1.93
0.00
0.00
0.00
0.00
0.00
0.00
0.92
5.64
4.72
30.14
0.32
0.59
12.13
7.19
33.88
10.78
2.83
0.00
0.06
11.97
10.48
1.10
0.00
1.02
0.06
1.23
0.00
17.75
3.44
0.92
1.93
0.91
0.01
0.20
0.00
15.65
0.46
0.36
8.31
3.14
2.23
0.00
0.00
0.00
28.04
12.39
6.28
1.99
2.35
5.23
0.00
0.00
0.00
0.83
0.03
3.11
2.27
12.39
3.30
15.78
1.60
20.09
2.47
20.65
5.39
13.48
8.61
0.00
0.32
14.91
1.26
20.55
9.89
0.00
2.06
2.49
0.00
14.48
2.22
6.19
7.16
0.00
8.22
5.59
0.22
7.55
5.60
4.89
14.05
0.00
2.34
0.95
0.02
5.64
2.33
0.73
1.01
0.78
0.00
1.70
0.00
0.00
0.24
1.02
2.55
0.03
0.00
0.47
0.91
4.31
0.92
0.00
0.00
1.88
0.01
0.00
0.00
0.00
0.00
0.00
0.00
0.00
0.00
0.00
0.00
0.00
0.00
0.00
0.00
0.00
0.00
0.00
0.00
0.00
0.54
0.00
0.00
0.00
0.00
0.00
0.00
0.00
0.00
0.00
0.00
0.48
0.68
0.00
0.00
0.00
0.01
9.11
1.08
1.81
0.03
1.25
6.45
1.23
0.02
0.00
0.00
0.00
0.00
0.00
0.00
0.00
0.00
0.00
0.00
0.00
0.00
0.00
0.01
0.50
3.64
0.01
0.00
23.58
0.00
0.00
0.06
0.15
0.00
0.29
0.00
0.01
0.00
0.00
0.00
0.00
0.00
0.00
0.00
0.74
0.00
0.00
0.00
0.00
0.00
0.00
1.73
2.66
0.00
0.00
0.01
0.00
0.00
0.00
0.00
0.00
0.00
0.22
0.69
0.00
0.00
0.00
0.06
25.55
17.45
0.40
0.00
0.00
0.00
0.00
0.00
0.04
0.00
0.00
0.00
7.30
3.96
0.54
14.49
0.24
0.00
0.00
0.00
0.00
0.00
0.68
1.72
0.00
0.00
0.00
0.00
0.00
0.00
0.00
0.00
0.00
0.03
11.26
0.66
0.25
21.32
1.47
0.00
17.47
4.09
1.68
1.49
1.34
0.12
0.01
1.41
0.00
0.15
23.57
4.01
7.92
0.84
0.00
4.50
7.20
6.03
9.30
0.00
0.49
0.62
7.82
2.56
0.00
0.00
0.00
1.34
0.00
1.62
15.25
0.00
0.17
10.37
0.07
0.00
0.09
0.00
0.00
0.00
0.00
0.00
0.00
0.00
0.00
12.19
16.24
14.14
18.04
0.80
0.00
0.00
0.00
0.00
0.00
0.00
0.00
6.84
5.42
0.21
0.00
0.00
0.06
0.03
0.03
16.84
7.69
0.00
17.12
0.39
6.17
0.00
20.37
15.15
4.81
16.80
9.79
5.68
2.85
8.88
0.00
0.03
0.07
2.42
0.53
3.67
1.32
56.88
30.65
12.37
5.10
7.90
1.29
12.51
14.63
1.98
10.86
0.07
19.19
19.24
3.93
0.04
0.28
12.91
17.02
4.52
0.01
0.03
4.24
7.22
13.25
12.52
2.77
0.05
0.00
0.00
0.00
0.31
8.62
15.28
6.27
11.16
3.98
1.12
4.72
0.00
0.00
0.00
0.00
0.00
0.00
30.50
11.90
5.92
20.02
0.76
1.39
1.90
3.39
0.04
0.00
0.00
0.00
0.00
2.93
2.67
15.60
18.22
0.40
16.21
48.90
68.07
3.23
7.31
3.03
0.20
0.01
6.12
5.21
3.99
1.67
0.33
0.00
1.57
22.74
0.02
0.04
2.03
49.03
51.97
36.48
0.53
2.62
17.63
13.70
0.98
6.46
20.71
10.64
9.32
0.00
0.00
0.18
11.05
0.01
0.00
0.07
1.61
2.06
1.00
8.42
14.53
47.55
3.38
0.43
0.58
0.27
10.96
0.38
0.00
0.00
0.00
0.00
1.56
1.71
0.00
0.00
0.05
0.00
0.00
25.67
24.40
27.42
0.60
2.85
0.03
2.71
1.49
0.00
0.19
49.19
2.88
1.25
0.00
0.00
0.66
0.54
9.46
10.66
0.37
8.88
0.85
0.00
0.00
0.00
0.00
0.00
0.00
0.00
0.00
0.00
0.18
0.02
0.00
0.00
0.00
0.00
0.05
0.00
0.53
0.00
13.77
4.22
3.80
0.00
0.00
0.00
0.00
0.00
0.00
7.36
3.18
0.28
14.09
0.59
17.26
0.02
0.00
0.05
0.00
0.00
0.00
0.00
11.16
0.00
0.00
0.05
0.00
0.00
0.00
0.05
0.47
0.16
0.02
0.78
0.18
0.00
32.51
0.00
0.00
7.29
60.36
0.00
2.62
3.29
22.79
1.25
0.28
0.00
0.04
0.00
0.00
0.02
0.00
4.45
2.32
2.10
0.00
7.85
0.30
0.00
0.46
0.00
0.66
0.00
0.00
0.00
0.04
37.38
0.19
0.00
0.01
0.00
16.38
1.49
0.01
0.00
7.11
0.21
10.72
0.66
0.00
1.70
24.59
4.63
24.95
0.36
0.00
0.38
22.81
20.45
67.60
1.38
0.00
23.62
5.25
0.00
0.00
0.00
0.00
0.02
0.00
0.00
0.00
4.68
0.13
0.14
7.84
1.29
0.01
0.00
0.00
0.00
0.52
0.00
0.44
12.18
8.01
1.06
0.88
2.30
0.00
0.00
0.00
0.00
0.00
0.00
0.05
7.44
0.00
0.00
0.30
22.04
12.13
0.00
11.36
28.60
0.06
0.47
17.33
20.44
5.13
20.32
67.13
12.42
46.10
14.18
1.77
0.00
0.00
0.00
0.00
0.00
8.94
0.00
0.00
0.40
15.28
2.30
0.00
0.00
0.04
16.40
2.09
27.90
2.41
25.00
4.07
3.06
4.14
9.03
79.15
0.00
7.81
0.96
1.33
5.21
19.95
7.72
9.61
76.55
0.00
0.00
0.00
14.45
1.61
31.66
0.00
0.01
3.45
19.89
0.11
1.62
8.08
20.66
0.00
0.00
0.00
0.00
10.25
0.00
0.00
3.53
15.70
14.24
30.45
0.43
0.32
0.01
0.00
0.01
0.90
2.11
12.89
1.68
0.00
0.00
0.36
13.34
5.57
3.92
0.00
0.15
0.28
8.88
0.66
6.13
51.89
44.26
10.54
11.72
16.09
45.57
5.16
0.00
0.00
0.03
0.02
0.00
0.00
0.04
13.01
0.34
1.08
10.96
13.24
0.09
0.00
0.57
0.10
6.31
0.54
0.00
3.93
106.07
2.93
0.76
5.01
2.59
1.18
0.20
14.54
14.81
5.10
1.34
0.00
0.00
0.00
0.00
0.00
1.92
1.57
0.98
0.13
2.94
0.49
0.00
14.41
5.97
0.64
0.44
0.87
2.69
10.34
4.02
6.83
3.58
9.12
9.49
60.46
0.24
3.51
3.69
0.55
0.77
3.47
3.03
1.01
0.00
0.06
0.28
1.25
27.61
0.02
0.03
0.00
0.00
0.00
4.97
8.11
0.12
0.00
0.23
13.59
0.05
0.00
9.30
15.48
8.63
0.02
0.12
17.49
62.22
1.92
0.84
0.08
0.00
0.00
0.00
0.01
0.00
0.00
0.00
0.00
20.75
118.15
3.32
4.02
29.61
4.36
0.18
0.04
25.77
1.94
7.48
12.94
2.30
1.97
3.00
0.15
0.30
0.00
0.00
0.30
1.14
4.88
0.26
0.27
27.27
15.02
0.01
3.68
3.56
0.00
0.00
0.03
0.02
0.00
0.71
0.19
0.21
0.25
0.00
0.00
0.00
0.01
1.61
8.21
0.01
0.00
1.46
0.00
0.00
0.35
0.00
0.00
0.00
75.01
55.97
5.40
4.42
2.48
0.18
18.81
58.99
0.02
0.00
0.00
0.00
0.00
0.00
0.05
0.01
0.00
0.00
0.00
0.00
0.00
0.00
0.00
0.00
0.01
0.01
0.01
0.00
0.00
0.00
0.00
0.01
5.97
0.00
0.00
6.52
0.82
0.00
0.00
0.00
0.00
0.00
0.00
0.00
0.00
0.00
0.00
0.00
0.01
0.05
0.00
0.00
0.00
3.46
21.80
5.89
1.98
0.09
0.70
1.27
0.23
1.00
0.01
0.00
0.00
0.00
0.00
0.00
0.00
0.00
0.00
4.69
3.82
0.00
0.13
0.00
0.00
0.08
0.00
0.00
0.82
1.60
0.00
0.02
0.01
0.00
0.00
0.02
0.00
0.00
0.00
0.00
1.41
0.08
6.11
15.11
4.86
10.83
4.16
0.03
0.44
0.03
0.00
0.00
0.00
0.38
9.05
1.16
5.85
0.98
30.88
41.02
4.86
0.42
0.79
0.29
4.40
16.16
0.00
0.00
0.61
0.18
0.21
18.37
0.00
0.42
7.30
0.13
0.00
7.62
0.21
14.68
13.55
0.00
0.00
0.00
0.00
0.00
3.12
0.70
0.80
0.80
4.52
2.96
0.00
0.00
0.00
0.00
0.00
1.58
0.13
24.76
34.66
18.53
0.00
0.00
1.34
1.16
23.08
4.52
0.00
0.00
0.00
5.09
0.00
2.71
5.57
0.00
0.00
4.86
9.53
0.00
0.00
1.20
26.11
0.00
0.00
38.96
0.00
0.00
0.00
0.00
0.00
1.91
1.30
23.17
5.49
0.45
0.03
0.00
0.00
0.00
0.00
0.00
100.63
51.73
57.34
9.59
0.00
6.42
3.40
7.96
3.85
0.00
1.78
0.18
13.15
27.24
37.37
27.94
2.37
26.83
53.28
17.06
21.42
0.58
0.00
0.00
3.01
35.86
3.23
4.98
1.05
1.58
4.75
0.50
6.15
2.38
0.10
5.04
3.12
12.14
0.10
0.00
4.55
4.86
2.39
0.62
0.00
1.19
0.70
2.28
1.30
0.13
0.00
0.00
0.12
0.85
9.05
0.00
0.31
0.00
3.51
40.91
51.13
1.79
15.23
2.52
2.72
0.03
0.00
0.00
0.00
0.00
16.08
0.03
0.00
0.00
0.00
0.00
0.00
5.57
0.00
1.38
0.00
7.20
0.67
0.31
1.89
15.52
0.66
1.08
0.00
0.24
0.01
3.83
2.18
0.00
0.18
2.27
0.00
0.27
8.95
3.39
0.97
0.00
0.00
24.17
0.00
0.00
0.00
0.00
0.00
0.00
0.00
0.00
14.71
10.81
14.21
0.00
0.00
0.00
0.00
1.29
1.84
6.23
0.00
0.60
50.81
5.27
0.00
0.00
0.00
0.00
0.00
0.15
0.00
0.00
0.00
1.88
0.12
0.00
0.00
0.02
0.12
0.00
0.00
0.00
0.00
0.00
0.00
0.00
0.00
0.00
0.00
0.00
0.00
0.04
0.00
0.00
0.00
0.00
0.00
0.98
0.03
0.00
0.00
0.00
0.09
0.00
0.61
1.90
0.00
4.67
4.73
7.65
1.68
5.96
0.00
2.68
3.50
5.39
0.80
0.00
0.00
0.00
2.23
0.13
0.00
0.00
0.41
0.00
0.00
0.00
0.00
0.00
0.00
0.00
0.00
0.94
4.40
2.12
0.16
0.00
0.00
0.00
0.00
0.00
0.00
0.00
0.00
0.00
0.00
0.00
0.24
0.00
0.00
0.00
0.00
0.00
0.00
1.82
4.17
73.03
53.72
13.60
0.00
0.00
0.00
0.00
0.00
0.00
0.00
0.09
0.00
0.00
0.00
0.00
5.51
0.00
0.00
0.00
0.00
0.00
0.00
0.00
0.00
10.76
4.11
0.00
1.46
0.00
0.00
0.00
0.00
0.00
0.00
1.65
0.00
0.00
0.00
0.00
0.00
0.00
0.00
0.00
0.00
0.00
0.00
3.18
12.02
0.13
19.95
1.87
0.00
0.53
7.20
0.00
0.00
0.00
1.44
11.92
0.00
18.09
0.00
0.00
0.00
0.00
0.00
0.00
3.28
16.35
1.92
0.00
0.00
21.00
0.00
0.00
0.00
0.00
0.42
2.64
0.00
0.00
0.00
0.00
0.00
0.00
0.00
1.82
0.00
0.00
0.28
4.86
0.00
0.00
0.00
0.00
0.00
0.77
0.74
1.14
0.13
3.23
0.00
0.00
0.01
0.00
0.00
0.00
3.28
0.00
0.01
7.78
0.00
2.21
0.43
3.48
0.00
16.06
1.02
0.68
0.00
1.64
25.32
0.00
4.30
37.83
0.05
0.49
1.39
0.00
0.00
0.09
0.00
0.00
0.00
0.34
0.03
0.00
0.00
0.23
0.00
0.00
12.47
0.12
20.05
9.33
0.00
0.00
0.00
0.00
0.00
0.00
0.00
0.00
0.00
0.00
0.00
0.00
0.00
0.00
0.00
0.00
0.00
0.00
1.42
0.30
18.56
1.70
6.05
16.45
0.00
0.02
0.00
0.00
0.00
0.00
0.99
8.43
0.23
0.07
0.47
0.71
7.03
14.10
7.97
6.08
0.00
26.62
0.98
2.18
2.32
0.00
0.00
0.00
0.00
0.00
0.00
2.06
7.03
4.43
3.82
1.57
1.24
26.48
8.17
4.98
1.43
16.85
3.81
5.39
2.23
10.09
6.60
3.65
9.58
0.20
0.00
0.00
0.00
0.00
20.25
3.21
6.17
0.00
0.31
5.85
13.56
17.68
1.22
0.88
13.90
10.83
25.63
0.00
0.00
0.00
21.34
18.03
0.44
0.49
0.00
0.00
1.50
9.63
17.79
51.23
6.24
0.16
0.00
0.00
1.37
0.00
0.00
0.00
5.71
0.91
7.03
0.00
0.54
6.12
1.49
18.55
10.84
0.00
0.00
0.00
0.00
0.00
0.00
0.00
0.00
0.00
0.00
0.00
0.00
0.00
0.00
0.00
0.00
0.00
0.00
0.00
0.00
0.00
0.00
0.00
0.00
0.00
0.00
0.00
0.00
0.00
0.00
0.00
0.00
0.00
0.00
0.00
0.00
0.00
0.00
0.00
0.00
0.00
0.00
0.00
0.00
0.00
0.00
0.00
0.00
0.00
0.00
0.00
29.88
4.54
2.87
0.47
0.93
0.13
2.00
0.00
0.00
0.00
0.54
0.00
0.00
0.00
0.00
0.00
0.00
0.00
0.00
0.00
0.00
0.00
0.53
0.99
5.57
0.00
0.12
0.00
0.37
0.00
0.00
0.00
0.00
0.00
0.00
0.12
0.00
0.00
2.31
1.81
0.00
0.00
0.09
1.03
0.00
1.73
0.89
