19790101
0.15
2.32
0.15
0.12
0.35
0.06
0.06
0.03
0.01
0.02
3.78
2.27
1.38
9.58
3.13
0.13
1.55
1.23
0.69
0.93
1.23
1.87
1.30
0.34
0.13
0.12
0.09
1.95
2.12
13.86
9.30
0.05
1.11
6.90
2.32
2.12
0.04
3.85
0.04
1.59
5.08
0.15
4.52
12.57
3.67
0.31
0.07
0.05
0.16
0.96
0.05
0.03
1.23
0.48
0.82
0.04
0.23
0.03
0.04
2.14
19.82
2.37
0.66
2.95
12.76
11.70
10.53
3.44
4.80
1.09
5.14
24.93
7.25
8.54
15.67
25.99
44.33
56.02
6.01
0.11
27.08
0.21
1.06
15.85
12.44
2.61
1.36
2.08
15.04
3.73
13.55
14.44
7.49
7.36
20.93
8.90
5.78
0.09
14.83
0.66
0.13
0.70
0.08
0.07
0.01
4.16
12.00
7.14
0.54
0.07
0.04
0.08
0.04
2.52
9.98
0.04
0.05
0.08
0.84
5.58
20.05
15.59
25.30
0.23
1.54
7.33
3.72
5.59
13.73
11.71
12.74
1.16
10.85
20.65
4.74
0.02
0.36
0.96
0.05
0.03
0.00
0.03
0.59
1.22
0.20
17.09
48.42
25.08
5.71
1.61
0.02
0.07
0.09
0.03
0.07
7.00
23.25
0.47
0.15
0.80
31.13
24.57
0.83
0.10
0.02
0.03
3.55
9.36
10.79
17.90
25.77
10.53
11.09
1.22
0.30
1.81
0.75
8.07
27.66
19.20
9.13
0.25
0.19
0.05
0.39
0.50
0.42
0.02
0.03
0.70
0.37
0.46
0.02
0.05
0.09
0.05
0.04
0.05
1.50
11.48
8.10
1.39
0.95
2.35
2.61
7.32
16.49
0.76
0.93
3.37
0.77
2.44
0.30
9.61
17.68
0.18
0.06
1.34
1.21
0.85
2.87
4.73
1.59
0.00
1.19
0.88
0.25
0.21
2.06
7.17
11.10
12.31
16.29
12.84
2.84
2.74
1.00
1.05
8.40
22.09
10.99
4.66
1.31
1.71
10.92
8.91
6.24
0.10
4.71
10.29
10.47
28.84
9.54
1.32
0.69
1.21
0.16
1.09
0.02
1.33
1.78
0.20
1.95
0.64
0.36
3.61
19.47
8.76
1.91
0.01
0.05
0.05
0.03
0.04
0.02
0.05
0.01
0.04
0.02
0.03
0.01
0.02
0.03
0.04
0.01
0.06
0.05
0.05
0.04
0.05
0.03
0.03
0.03
0.01
0.01
0.02
0.03
0.02
0.17
0.10
0.05
0.05
0.01
0.05
0.03
0.33
0.63
3.38
3.03
0.02
0.03
0.29
0.75
0.01
0.05
0.04
0.00
0.02
0.05
0.01
1.33
0.08
0.02
0.03
2.24
3.53
1.16
0.02
0.10
0.05
0.19
0.00
0.02
0.05
0.04
0.02
0.04
0.04
0.11
0.03
0.05
0.05
0.02
0.03
0.05
0.04
0.05
0.00
0.02
0.04
0.08
1.28
1.78
0.32
0.02
0.61
0.59
0.01
0.04
0.05
0.05
0.04
0.06
0.05
0.02
0.09
0.06
0.10
0.07
0.08
0.23
0.05
0.04
0.03
0.02
0.21
4.13
0.18
0.03
0.03
8.71
1.49
0.13
0.47
0.08
0.70
0.07
0.07
0.24
0.12
0.60
0.81
47.50
2.03
0.16
0.01
6.78
3.39
6.94
8.63
0.03
9.03
11.20
3.89
6.12
0.65
4.77
6.11
2.32
0.29
0.04
0.06
0.33
0.49
0.38
0.57
0.65
2.05
15.96
5.83
3.19
16.22
4.56
0.04
4.88
9.26
0.29
0.55
27.28
40.79
38.57
18.48
30.13
9.43
0.24
1.81
1.17
0.20
0.08
0.31
1.42
4.90
9.12
0.09
0.86
0.54
0.16
0.41
0.25
1.78
8.98
0.98
0.52
0.03
0.95
6.56
6.47
0.11
1.35
0.34
0.29
1.06
1.09
12.58
9.00
9.37
34.57
17.25
21.99
0.23
0.10
0.01
0.01
0.10
16.13
13.94
22.71
3.59
27.96
35.28
16.50
19.60
9.41
11.61
31.90
9.08
4.67
8.53
7.07
9.72
3.34
18.71
21.77
22.30
0.41
0.14
2.64
0.93
2.66
3.99
14.26
6.39
0.79
0.19
0.07
0.21
0.08
1.31
4.84
0.05
16.73
7.01
0.04
0.01
0.11
3.53
7.44
3.04
2.74
3.99
0.62
2.09
0.01
1.36
18.42
6.49
1.25
0.60
0.70
2.65
1.48
0.17
0.05
0.09
0.95
0.01
0.64
3.13
1.10
0.05
0.02
0.30
6.85
3.95
2.16
0.13
0.51
0.01
3.02
2.93
0.30
3.87
8.71
2.15
0.08
0.80
1.47
0.19
38.36
39.24
3.68
0.30
0.06
0.42
1.98
0.08
1.04
0.46
0.26
1.32
23.25
4.17
1.21
1.08
0.71
1.78
0.48
0.62
0.04
0.28
2.61
33.09
7.49
18.20
15.51
9.53
1.03
1.69
9.29
0.11
3.71
11.78
6.85
0.21
5.85
2.55
3.94
0.64
0.18
3.15
1.01
0.12
0.18
2.37
2.65
32.03
40.43
13.13
19.25
2.15
5.24
2.63
0.16
3.05
9.71
3.02
2.16
7.62
0.43
0.05
0.05
0.06
0.04
0.10
0.41
0.04
0.10
5.17
3.55
0.49
20.62
20.26
1.03
0.02
0.03
0.03
0.03
0.04
0.04
0.03
0.03
0.06
0.06
0.05
0.06
0.04
0.06
0.20
0.04
0.94
0.06
0.03
0.02
0.05
3.31
15.65
2.61
0.97
0.05
0.08
2.86
6.57
15.67
0.11
0.03
0.03
0.07
0.06
0.05
0.06
0.02
0.03
0.02
0.05
0.04
0.00
0.03
0.03
0.03
0.04
0.01
0.03
0.05
0.00
0.11
0.04
0.19
0.15
12.88
19.05
0.42
0.03
0.07
0.04
0.11
9.99
18.49
0.12
0.14
0.09
1.03
1.34
0.07
0.07
0.07
0.16
0.04
0.03
0.04
0.05
0.24
0.02
0.04
3.37
0.90
0.22
0.02
0.05
0.03
0.05
0.02
0.03
0.01
0.02
0.85
0.29
0.04
0.05
0.02
0.02
0.05
0.07
0.02
0.03
0.03
0.01
9.78
7.04
0.20
0.25
0.13
0.03
0.05
0.06
0.05
0.04
0.05
0.04
0.05
0.05
0.02
0.02
0.13
0.12
1.09
1.46
0.50
0.25
0.39
9.70
7.66
0.08
0.00
0.66
3.23
0.03
1.58
0.42
0.07
0.04
0.06
0.01
0.02
0.01
7.17
7.39
1.21
15.46
13.26
9.40
10.95
2.67
0.11
0.14
2.82
8.06
4.50
3.24
12.62
4.47
2.28
0.81
0.11
5.12
2.98
9.97
0.51
4.93
0.57
6.06
3.69
1.82
2.71
11.40
2.40
2.74
21.75
16.02
0.70
1.02
1.22
32.90
5.30
19.23
4.91
0.10
4.51
1.33
36.14
1.68
0.90
0.80
9.97
6.61
18.49
6.53
31.44
35.80
36.76
8.05
2.91
16.55
15.04
14.15
7.57
24.42
0.15
0.03
17.68
9.70
1.50
6.55
3.69
8.00
12.90
6.90
1.71
2.25
17.63
4.64
5.04
1.15
21.92
25.01
1.07
0.12
0.04
0.05
0.03
9.74
2.97
19.08
14.18
2.48
14.35
7.61
0.02
0.04
0.02
0.81
14.43
18.38
1.18
0.12
0.03
11.29
1.95
29.39
5.75
37.51
58.78
5.75
45.98
4.66
2.30
50.63
15.04
1.21
0.37
0.12
0.17
1.74
33.49
10.15
1.21
0.55
0.60
0.94
0.81
0.94
1.27
2.15
0.57
16.91
3.37
1.07
0.09
0.04
0.02
3.01
7.21
4.23
1.76
0.67
0.04
0.01
0.19
1.29
1.02
0.05
0.23
0.18
0.13
1.35
0.15
0.05
0.03
0.02
0.64
4.71
1.70
24.40
1.46
11.00
27.33
10.58
4.49
28.11
11.61
10.08
0.74
8.57
30.10
1.87
8.97
1.49
0.75
1.48
0.89
0.00
1.04
1.37
0.13
0.15
1.34
7.58
2.61
0.20
2.15
1.68
0.09
4.01
3.02
0.04
0.50
0.27
0.13
3.23
6.29
13.54
21.26
1.18
1.19
0.49
5.07
11.30
0.01
1.95
1.03
0.03
3.17
12.26
15.93
8.77
2.44
6.68
29.59
6.66
0.14
0.03
0.03
0.03
0.09
0.02
7.42
9.86
15.40
5.46
3.23
0.06
2.55
0.45
0.11
0.05
0.58
1.18
0.29
0.63
0.06
0.32
5.40
11.84
6.69
0.87
0.84
0.07
0.05
0.00
0.03
0.16
8.83
5.96
0.78
0.15
0.00
0.14
3.94
0.02
0.03
0.02
0.03
0.03
0.04
0.09
1.93
17.10
6.07
4.09
6.08
2.57
4.37
0.39
2.30
0.33
0.02
0.03
0.04
0.04
0.01
3.67
2.70
0.09
0.08
0.02
0.06
0.06
0.31
1.34
1.55
0.62
0.21
0.68
0.02
0.05
0.03
0.05
0.02
0.01
0.02
0.00
0.03
0.07
0.05
0.05
0.04
0.03
0.04
0.05
0.01
0.02
0.34
2.83
0.42
0.06
0.02
0.02
0.03
0.04
0.05
0.05
0.05
0.04
1.05
0.02
0.09
0.02
0.02
0.06
0.16
0.34
0.05
0.03
0.04
0.04
0.06
0.03
0.14
1.44
0.17
0.44
0.06
0.05
0.03
0.03
0.04
0.02
0.27
1.02
0.05
0.01
0.05
0.06
0.08
0.06
0.05
0.04
0.02
0.03
0.04
1.52
1.94
0.88
2.13
13.37
3.84
21.04
11.30
8.40
2.62
15.52
0.85
0.16
0.07
0.36
1.37
0.22
1.53
0.82
1.55
9.90
0.09
6.75
29.70
4.52
1.05
0.09
0.34
0.65
1.84
11.37
24.51
14.24
19.12
4.41
4.05
9.50
5.56
33.95
6.52
20.35
0.37
0.32
0.13
0.05
0.23
0.51
1.11
0.84
15.99
3.26
3.32
0.34
2.33
0.41
0.08
6.73
1.47
13.39
9.92
7.23
0.85
1.21
0.16
0.03
0.02
0.02
0.01
3.78
10.72
1.85
0.02
0.01
0.53
0.03
0.02
1.25
10.31
19.54
5.04
23.87
14.73
0.23
1.15
6.73
35.54
16.01
9.46
5.46
0.05
0.15
30.30
24.69
41.82
0.27
9.31
41.44
20.08
0.55
13.10
2.16
0.56
0.28
1.18
3.86
4.30
0.65
0.02
0.37
0.00
0.19
0.34
0.18
19.29
24.63
34.73
10.98
7.09
29.02
20.80
0.56
0.05
1.80
35.77
25.71
15.20
10.07
8.59
19.68
1.65
24.32
5.15
6.70
16.54
6.71
3.94
3.26
0.04
3.71
29.08
2.22
0.90
0.02
0.01
0.04
0.02
3.62
13.23
2.21
16.43
12.24
7.14
14.20
7.43
4.31
1.87
0.68
0.21
0.27
0.14
2.84
0.14
0.05
0.02
1.10
1.87
1.84
0.03
0.06
0.03
0.04
1.85
1.08
2.67
5.70
0.22
13.99
21.12
6.10
1.24
3.52
1.99
0.85
1.61
8.40
0.15
1.66
0.00
1.00
3.68
0.51
3.93
2.05
0.85
2.02
1.59
2.92
4.42
1.34
0.69
0.23
1.53
2.19
3.49
4.70
0.10
2.16
3.88
8.69
2.18
6.40
0.28
0.08
0.04
0.04
0.45
0.48
1.46
7.27
0.65
3.06
0.62
26.84
35.86
2.27
1.44
0.53
0.17
0.01
1.56
5.12
5.80
0.10
0.04
0.04
0.04
0.33
0.06
0.55
4.82
1.46
3.40
2.84
6.11
2.73
0.26
0.05
0.03
0.02
0.05
0.09
0.03
0.03
0.04
0.03
0.05
0.07
0.04
0.02
0.01
7.21
2.07
7.48
8.56
14.05
16.56
20.53
4.45
9.01
42.41
11.74
0.09
0.09
0.12
14.10
29.78
0.13
1.05
1.06
1.96
0.05
0.03
0.02
0.08
0.25
24.60
4.30
0.09
3.71
0.51
0.06
0.06
0.35
1.03
0.18
0.33
2.74
6.89
37.31
0.02
0.05
0.77
1.53
0.03
0.90
11.12
1.24
1.05
0.71
0.14
0.31
1.25
0.49
0.01
0.03
0.01
0.06
0.02
0.05
0.05
0.04
0.04
0.02
0.28
4.34
3.15
0.02
0.05
0.02
0.06
0.20
0.25
0.17
0.08
3.27
33.55
21.27
13.03
49.37
3.52
5.60
1.90
4.71
4.22
0.02
0.06
0.04
0.47
5.17
1.30
0.03
0.06
0.13
0.24
0.01
0.02
0.05
0.03
0.04
5.44
0.72
4.05
7.33
23.98
6.97
0.29
0.82
12.57
1.16
1.74
0.11
15.70
21.71
1.04
0.13
0.14
6.07
15.87
2.28
0.81
0.07
29.22
5.24
9.29
4.57
30.50
27.95
6.12
13.26
18.56
1.72
9.05
1.87
22.24
2.79
0.23
0.43
2.99
5.37
18.71
5.32
40.29
0.94
0.04
24.44
60.42
3.51
0.38
9.40
28.95
49.54
7.04
1.60
11.09
18.89
16.91
4.65
47.47
2.34
0.94
0.54
0.05
0.04
0.02
0.08
4.12
2.23
10.95
4.88
11.50
14.18
7.43
5.04
8.58
30.67
20.37
17.12
23.43
27.75
31.99
0.59
0.36
12.19
21.55
20.11
0.66
0.38
0.71
0.32
0.44
3.74
3.62
19.42
2.91
0.02
0.11
5.82
15.31
0.04
3.83
13.00
16.12
11.23
13.59
0.12
1.86
34.02
0.06
0.05
0.40
2.77
6.64
3.99
2.94
5.12
3.00
4.99
0.70
0.52
4.50
1.91
30.17
10.33
9.29
11.95
11.01
0.04
0.02
0.03
0.04
0.36
3.09
0.77
1.26
1.68
30.32
7.89
16.42
25.71
14.13
18.64
12.19
1.58
7.23
1.31
3.81
0.68
0.02
0.02
0.11
0.73
0.14
0.31
0.08
2.36
1.37
0.08
0.01
0.20
0.09
0.92
0.26
0.21
0.31
0.39
0.68
1.53
0.66
0.52
2.02
1.31
0.04
0.03
0.04
0.04
0.22
0.03
0.00
3.05
0.98
0.39
0.49
0.08
0.08
0.05
0.04
0.19
0.47
0.01
4.48
19.67
2.05
2.29
0.20
0.71
0.51
0.23
3.12
0.71
1.45
0.19
1.87
4.28
20.56
39.89
4.77
18.65
21.41
2.32
0.04
0.08
1.11
8.26
4.30
3.41
3.80
20.01
36.49
7.78
0.08
1.63
0.83
0.87
2.28
3.41
12.69
4.76
0.93
0.54
0.25
0.48
1.41
7.57
4.99
2.12
0.63
1.78
0.77
8.76
8.96
0.03
0.00
0.09
2.68
6.06
1.23
0.02
0.26
0.03
0.03
0.33
1.16
0.23
0.04
0.02
0.02
0.11
0.68
0.30
0.21
0.04
0.13
0.13
0.44
0.00
0.06
0.25
0.14
0.05
0.78
1.93
0.03
0.01
0.02
0.09
0.05
0.04
0.06
0.06
0.02
0.05
0.03
0.01
0.02
0.20
4.64
14.30
2.77
0.00
0.04
0.10
0.05
0.04
0.03
0.02
0.01
0.06
0.06
0.05
0.02
0.01
0.05
0.05
0.02
0.05
0.02
0.02
0.01
0.03
0.04
0.03
0.01
0.02
0.02
0.02
0.03
0.05
0.04
0.02
0.02
0.05
0.09
0.28
0.25
4.66
1.05
1.51
0.96
0.02
0.04
0.00
0.02
0.03
14.98
11.10
0.02
0.03
0.03
0.04
0.07
0.01
0.02
0.03
0.06
0.05
0.02
0.05
0.02
0.05
0.05
0.02
0.14
0.28
0.87
2.12
0.50
8.37
5.87
0.03
0.09
0.74
0.35
0.20
0.56
0.26
0.23
1.03
0.64
7.62
13.61
1.08
2.17
2.54
0.08
0.03
0.01
10.19
4.07
0.27
0.53
1.79
1.02
0.62
1.95
0.58
0.01
0.90
0.33
0.23
2.29
2.59
0.31
0.07
0.36
8.90
5.83
0.01
0.01
0.05
0.04
0.01
2.84
19.13
6.89
5.67
5.39
5.32
7.22
6.69
1.10
1.10
0.41
1.06
1.64
4.99
5.86
6.43
4.28
8.83
13.75
7.08
6.31
0.36
1.75
0.67
0.53
0.57
9.26
6.87
2.74
18.42
43.89
10.89
32.88
29.16
13.87
7.17
7.68
3.53
1.66
0.03
6.76
0.05
3.88
17.00
29.70
5.67
16.34
1.46
0.24
0.01
11.96
0.43
26.09
23.94
0.13
3.43
0.52
10.10
21.65
7.72
19.26
1.28
0.10
0.04
0.03
0.05
0.02
0.03
0.81
11.31
4.99
30.55
25.84
53.55
20.28
3.63
28.73
1.82
0.18
0.21
0.65
1.19
29.71
17.97
1.08
3.85
12.35
31.71
44.01
4.53
0.55
1.12
1.75
1.25
1.22
1.51
2.48
25.99
57.97
10.29
0.03
2.98
23.44
7.18
5.27
1.59
7.44
6.71
1.35
2.39
3.14
1.07
4.39
0.79
2.64
3.86
1.95
0.34
0.53
0.80
7.29
7.45
0.07
0.11
0.46
0.69
0.05
0.26
0.11
0.06
0.05
0.03
1.03
3.31
0.43
2.73
2.08
5.14
3.46
2.03
0.35
0.03
0.04
0.02
0.01
0.04
0.23
2.78
9.21
1.54
2.14
0.09
0.40
0.46
0.35
4.25
6.61
1.91
5.70
7.93
3.01
0.67
1.45
0.90
0.03
0.12
0.03
0.04
0.02
0.96
0.61
1.25
25.55
12.79
10.33
0.79
0.15
0.00
10.37
8.21
4.62
17.44
1.61
2.58
3.51
2.43
0.02
0.03
0.04
0.81
4.58
1.30
1.73
0.33
3.01
22.39
1.80
20.33
4.99
0.15
0.53
0.27
0.05
0.03
2.84
2.18
1.66
0.84
0.21
0.14
0.03
0.03
0.64
0.38
0.55
2.47
3.14
1.47
1.78
0.44
0.03
0.04
0.03
0.06
0.01
5.04
11.22
9.92
0.02
0.04
0.02
0.02
0.04
0.12
0.15
0.16
0.00
0.04
0.05
0.03
0.02
0.04
0.00
0.02
0.04
0.30
0.06
0.05
0.00
0.03
0.02
1.66
0.04
8.63
25.77
5.31
0.09
0.15
0.03
0.01
0.04
0.04
0.30
0.10
0.03
0.02
0.03
0.01
0.05
0.01
0.05
0.04
0.00
0.03
0.02
0.07
0.05
0.02
0.04
0.04
0.04
0.03
0.04
0.06
0.05
0.39
0.84
5.01
0.32
3.82
5.94
1.19
0.37
0.06
0.04
0.01
0.02
0.05
0.05
0.05
0.04
0.08
0.68
0.37
0.07
0.23
0.64
6.12
8.43
2.30
2.43
0.28
0.15
0.19
0.03
0.02
0.24
3.38
6.73
0.16
0.09
0.02
0.05
0.09
0.68
0.96
0.62
0.66
0.02
1.35
1.67
0.03
0.03
0.14
0.02
0.77
0.09
2.89
4.86
8.62
9.32
0.11
2.96
27.86
0.47
0.68
7.85
12.65
20.72
8.58
12.51
25.17
10.99
7.14
2.96
0.05
10.56
30.74
3.52
6.48
12.44
9.05
37.49
40.75
4.37
2.35
0.15
1.81
2.02
1.26
6.16
11.21
15.79
11.15
1.06
0.06
0.19
0.23
0.70
0.45
2.60
8.55
7.79
0.03
0.06
3.06
3.33
4.56
5.45
3.25
2.75
1.79
12.17
0.17
0.38
0.02
5.28
27.44
0.10
0.02
5.17
23.42
0.04
10.34
1.33
13.28
11.04
0.59
0.03
0.38
10.23
6.13
0.07
0.01
0.19
0.03
0.09
0.46
1.67
0.05
0.02
3.22
9.30
2.41
0.06
0.97
4.05
4.50
6.91
2.60
4.54
2.42
0.02
0.02
7.57
3.88
14.93
37.13
0.60
1.50
9.21
0.48
0.35
0.58
10.42
0.39
2.05
13.26
79.65
22.05
0.54
0.92
2.64
3.24
2.19
1.31
3.42
26.71
10.41
9.25
0.07
0.15
0.24
3.07
6.90
0.34
0.05
0.19
0.63
2.06
0.40
0.04
4.07
0.23
0.95
4.30
7.94
17.41
26.97
13.86
4.00
0.34
0.17
0.56
7.59
12.93
5.16
0.09
0.05
0.13
2.29
5.39
0.04
0.02
0.04
0.14
0.10
0.11
0.06
0.03
0.40
7.89
13.39
1.58
8.42
9.12
2.84
8.73
4.45
5.79
8.76
3.14
1.89
0.52
3.37
3.48
2.73
1.94
9.77
11.88
11.97
0.88
34.74
6.41
8.25
10.14
3.29
2.65
6.55
5.73
2.26
0.02
1.72
0.13
1.53
3.96
4.64
31.48
1.56
0.33
0.60
0.42
0.54
0.54
58.82
36.59
12.59
7.19
2.03
3.63
0.47
1.28
5.00
1.34
11.05
57.90
7.14
0.47
1.99
0.72
3.26
9.70
13.20
5.79
16.56
4.74
12.07
15.58
43.61
1.09
0.23
2.17
2.89
5.97
2.49
0.04
0.04
0.03
0.03
0.04
0.06
0.06
0.06
0.03
0.05
0.06
0.08
0.34
0.32
0.05
0.05
0.17
0.00
0.00
0.00
0.02
0.03
0.03
0.06
0.11
0.06
0.07
0.01
0.02
0.07
0.13
0.03
0.05
0.05
0.15
0.04
0.04
1.77
5.47
0.30
0.02
0.07
0.15
0.04
0.02
1.53
1.20
0.00
0.03
0.06
0.02
0.92
0.44
0.93
0.05
0.05
0.03
0.58
4.70
12.07
0.54
0.03
0.02
0.03
0.21
5.02
3.52
0.14
0.11
0.45
7.77
3.60
0.00
0.05
0.05
0.05
0.05
0.04
0.06
0.02
0.04
0.03
0.05
0.04
0.03
0.05
0.17
0.10
0.16
0.11
0.73
4.83
0.03
0.06
0.09
0.02
0.05
0.05
0.04
0.05
0.05
0.05
0.08
0.06
0.03
0.04
0.09
0.04
0.53
1.89
0.04
0.07
1.28
1.91
0.07
2.08
1.62
0.05
0.06
0.05
0.06
0.08
0.16
2.38
2.10
8.43
8.94
14.57
0.23
0.04
0.02
0.12
0.05
0.06
0.01
0.15
3.07
3.83
23.12
24.77
0.76
0.12
0.01
0.02
0.05
0.02
0.05
1.76
7.53
4.53
2.26
0.91
0.03
0.04
0.01
0.02
0.03
0.02
0.02
0.13
5.00
3.22
5.19
45.76
10.51
47.23
12.71
13.10
13.34
1.98
44.01
14.79
3.20
0.40
10.14
12.78
3.39
26.17
4.55
5.90
55.47
3.06
2.46
1.27
0.73
0.18
0.17
0.12
0.47
0.53
0.05
1.11
1.12
0.23
0.34
9.52
6.60
10.65
9.52
4.29
29.15
32.68
16.64
0.19
2.23
1.30
1.24
0.38
7.51
25.72
1.25
0.53
4.79
42.35
1.69
0.83
4.00
2.91
1.04
0.02
0.06
4.36
11.71
29.79
5.00
1.47
0.04
0.05
0.05
2.01
1.07
38.14
57.47
0.40
0.25
0.03
0.33
0.23
2.83
23.15
10.02
0.10
1.23
19.21
33.44
7.38
21.69
28.88
22.68
2.27
0.42
0.29
0.50
1.40
8.31
17.83
5.68
9.69
9.71
15.10
12.60
6.10
6.39
2.28
1.71
4.50
16.54
6.87
3.89
3.88
3.16
0.57
4.08
8.59
6.14
16.29
15.09
5.20
0.66
2.36
1.34
0.10
0.57
4.32
12.12
3.10
0.68
0.03
0.25
2.01
0.24
3.51
0.48
0.01
0.23
0.16
0.05
0.03
0.09
0.78
1.01
0.45
1.79
0.76
2.64
2.21
0.10
1.79
5.42
11.97
1.48
1.01
0.05
0.32
0.84
0.21
1.05
0.01
0.22
0.02
0.02
0.04
0.05
0.36
1.99
0.13
0.05
0.04
0.06
0.02
0.05
0.03
0.86
2.09
6.99
1.58
0.01
0.39
0.36
1.10
3.57
0.76
0.77
0.02
0.08
1.14
5.70
1.65
0.76
0.57
0.06
0.02
0.11
0.08
0.07
0.04
0.02
0.05
0.02
0.03
0.03
0.03
0.03
0.01
0.03
0.02
0.01
0.01
0.02
0.05
0.06
0.17
0.01
0.06
0.03
0.08
0.02
0.02
0.02
0.03
2.14
9.44
5.01
0.10
0.18
0.06
0.08
1.00
1.71
0.08
10.83
48.96
5.62
0.39
0.01
0.03
0.03
0.19
0.06
0.04
0.06
1.84
7.28
0.36
0.02
0.01
0.12
3.46
0.97
1.40
35.04
16.08
0.39
1.04
0.40
0.04
0.00
0.00
0.27
0.30
0.05
0.01
0.03
0.03
0.00
0.02
0.09
2.34
0.01
0.05
1.78
3.93
3.96
0.03
0.05
0.03
0.00
0.03
0.03
0.05
0.17
0.27
7.24
3.53
0.05
0.06
0.05
0.03
0.05
0.05
0.07
0.26
0.01
0.05
0.02
0.05
0.07
0.15
0.23
0.00
0.35
0.10
0.05
0.02
0.04
0.05
0.06
0.14
0.05
0.01
0.01
0.00
0.05
0.09
0.13
0.15
0.05
0.00
0.05
0.22
0.19
0.06
0.01
0.02
0.03
0.01
0.02
0.02
0.03
0.17
0.02
0.04
0.03
0.02
0.03
0.05
0.05
0.07
1.50
3.09
0.97
0.19
0.45
0.16
0.14
0.21
0.09
1.14
2.38
20.08
26.21
8.34
1.33
23.60
0.45
0.03
0.03
0.07
0.96
9.33
0.07
0.79
0.65
0.71
2.84
2.03
3.79
1.29
1.36
8.81
46.75
17.61
3.31
4.03
16.20
14.87
2.22
37.35
66.43
14.62
13.81
4.46
22.30
0.77
0.61
1.95
24.87
5.38
16.87
3.22
17.80
13.16
17.91
1.47
0.54
1.03
6.86
20.10
10.43
23.44
5.15
0.02
0.04
0.05
0.03
0.03
0.35
0.43
0.18
0.03
0.06
0.54
1.77
0.03
0.05
0.32
0.08
0.04
9.37
12.69
27.78
10.40
22.66
14.90
2.71
5.90
28.82
1.65
5.18
18.06
0.45
4.52
12.30
9.52
0.37
20.28
45.12
9.17
11.64
0.22
0.64
2.80
4.44
36.29
9.62
0.14
0.09
9.30
6.85
0.82
0.02
6.05
16.91
0.64
7.01
1.09
0.02
0.03
0.04
0.00
0.01
3.22
1.82
0.29
0.23
2.90
1.59
2.29
0.70
2.80
5.77
7.20
8.92
12.81
17.72
23.84
8.14
5.01
6.67
0.12
0.22
0.06
0.03
0.04
0.00
0.10
0.06
0.05
0.06
0.72
4.03
4.54
3.02
2.86
2.67
1.77
2.54
0.12
1.78
1.99
7.66
29.17
34.20
5.87
6.73
2.71
5.99
2.06
1.83
1.68
0.20
0.05
0.04
0.02
0.98
0.91
0.41
7.89
5.15
0.46
0.07
0.45
2.45
9.67
16.61
6.55
7.20
2.48
0.19
0.40
0.27
0.07
0.06
0.05
0.04
0.04
0.34
10.26
11.35
0.42
2.35
4.86
2.03
0.71
2.34
0.62
0.43
0.07
0.03
17.71
8.74
1.08
2.19
0.02
0.05
0.04
0.03
0.03
0.43
12.64
9.96
0.39
0.05
1.29
26.84
1.11
0.11
0.08
0.02
0.01
0.00
0.14
0.32
0.19
2.68
5.09
10.40
2.93
10.72
48.25
8.91
6.05
0.68
1.10
0.23
0.11
0.01
1.39
3.66
0.67
0.26
0.15
0.30
1.47
6.98
0.23
0.02
2.23
1.93
0.55
2.64
1.00
6.08
9.03
1.20
10.02
3.47
0.08
0.02
0.02
0.06
0.45
0.11
0.09
0.07
0.15
1.96
1.62
0.26
0.54
8.04
12.80
3.55
0.72
0.04
0.07
0.04
6.67
19.96
5.51
1.95
0.03
0.05
0.04
0.05
0.03
0.03
0.03
0.06
0.05
0.05
0.03
0.03
0.03
0.02
0.03
0.03
0.00
0.03
0.05
0.05
0.02
0.02
0.04
0.04
0.04
0.50
1.28
0.37
0.42
0.10
0.01
0.18
0.16
0.02
0.69
0.06
0.03
0.06
0.05
0.04
0.03
0.12
0.20
0.03
0.05
0.02
0.05
0.04
0.03
0.04
0.08
0.10
0.78
0.79
1.36
0.37
0.68
1.45
1.36
0.53
6.64
11.79
11.60
1.60
0.11
0.10
0.72
2.16
5.72
4.33
9.49
5.13
0.44
0.29
0.14
0.90
0.51
3.52
1.68
0.43
12.46
1.74
0.06
0.06
0.16
0.31
0.93
3.07
1.41
19.92
16.61
45.87
6.24
21.02
7.37
0.36
0.32
0.25
0.73
0.03
0.00
0.04
0.16
0.07
0.27
30.97
34.92
44.80
29.31
7.81
2.02
11.55
24.23
14.83
10.47
42.09
0.56
8.70
17.69
18.07
3.62
13.39
19.52
6.08
0.60
0.98
20.84
15.76
0.53
0.02
0.08
5.25
35.15
11.56
0.04
0.03
0.37
2.67
21.68
0.09
1.06
0.69
16.21
8.41
0.11
0.02
0.01
33.97
31.18
7.20
0.38
0.62
0.15
0.02
1.81
12.64
44.25
0.54
0.30
2.48
4.26
5.69
23.37
13.46
17.66
15.46
0.18
1.46
0.92
0.84
1.34
3.28
15.85
28.17
2.19
24.09
6.32
3.25
1.11
0.36
0.03
0.10
0.01
0.01
0.05
0.03
0.02
0.02
3.37
0.38
0.03
0.02
0.12
0.76
26.98
66.49
0.61
8.32
28.58
13.98
24.91
0.70
3.04
7.00
21.85
8.72
14.79
67.56
0.64
5.85
0.22
4.33
0.33
0.43
0.06
0.14
0.02
0.02
0.02
0.05
0.51
0.18
0.91
0.85
0.51
0.55
0.24
0.04
0.02
0.02
0.07
0.48
0.98
0.10
0.27
0.02
0.04
0.12
2.40
4.79
4.59
3.46
8.34
0.22
0.55
0.10
1.23
6.51
4.49
0.42
4.97
5.12
2.64
3.81
2.00
2.05
0.69
4.85
0.48
6.87
38.19
6.05
0.27
0.29
2.24
1.53
7.04
9.35
0.74
0.00
3.81
4.91
11.20
13.33
26.12
11.88
4.03
8.11
16.88
16.11
2.13
1.70
1.64
2.89
1.05
1.35
1.67
1.38
8.27
0.98
0.28
0.08
0.32
0.03
0.08
1.39
37.03
15.89
17.53
1.36
0.10
0.05
0.02
0.52
0.20
0.25
0.13
0.02
0.04
0.15
0.09
0.05
0.04
0.02
0.05
0.06
0.21
0.02
0.03
0.05
0.01
0.05
0.01
0.02
0.00
0.06
0.23
0.05
0.10
0.00
0.25
8.13
14.11
0.97
0.08
0.02
0.02
0.03
0.03
0.01
0.02
0.03
0.04
0.03
0.02
0.02
0.01
0.02
0.05
0.61
5.30
13.25
2.12
0.00
0.03
0.05
0.05
0.08
0.06
0.04
0.02
0.02
0.03
0.02
0.03
0.01
0.02
0.02
0.05
0.06
0.03
0.03
0.10
0.02
0.01
0.02
0.02
0.00
0.03
0.02
0.06
0.03
0.02
0.01
0.03
0.01
0.10
0.06
0.06
0.07
0.05
0.04
0.04
0.05
5.30
40.46
9.97
0.10
0.05
0.06
7.56
15.47
22.49
4.65
28.71
0.03
2.18
3.55
4.29
41.55
6.04
3.60
3.21
0.31
2.40
0.29
0.38
8.73
5.93
0.07
0.19
0.41
0.08
0.02
1.10
7.49
7.03
0.44
0.69
1.18
1.08
0.10
0.07
1.98
10.18
12.56
2.01
0.03
0.05
0.02
0.08
1.37
2.94
2.25
1.19
0.49
0.22
0.23
0.48
0.51
0.45
1.49
0.19
0.05
0.02
0.03
0.06
0.06
1.52
0.71
0.06
0.05
0.04
0.02
0.02
0.00
0.01
0.03
0.19
0.09
0.27
1.65
4.54
8.03
4.08
0.05
0.00
18.52
16.38
9.88
8.16
0.08
0.02
0.02
0.00
0.50
0.94
0.15
8.73
52.82
5.43
9.20
9.03
6.62
2.57
3.45
0.04
0.17
7.29
18.04
5.55
0.08
0.64
15.71
3.51
16.77
6.64
13.23
18.11
4.63
0.19
2.40
6.70
6.95
0.81
7.79
6.01
12.96
17.15
3.23
2.80
0.61
0.04
0.48
3.65
5.80
1.52
15.17
47.67
7.95
1.02
3.67
29.66
18.32
31.05
0.99
9.45
8.18
22.49
44.75
25.35
1.38
8.12
0.69
2.91
18.74
19.31
1.60
6.16
0.94
2.06
7.29
6.26
0.73
0.07
0.02
0.10
1.55
7.89
2.03
0.04
0.06
0.01
0.75
1.55
12.62
5.82
1.24
5.05
28.60
0.02
0.05
0.07
1.55
10.26
3.37
5.27
10.18
3.23
0.77
7.27
0.09
0.13
0.36
0.02
0.23
0.98
0.35
0.14
0.02
0.17
0.25
0.26
0.46
6.21
1.99
1.25
0.25
1.99
0.91
0.86
0.95
2.00
12.88
0.34
4.26
1.26
3.74
5.41
3.82
0.10
0.01
0.04
0.08
0.56
3.50
11.80
4.91
0.16
0.22
0.03
0.08
0.10
2.47
5.14
3.65
0.65
0.19
0.65
1.09
0.98
1.25
2.44
3.96
2.53
5.60
1.20
0.90
5.04
0.51
0.38
7.47
11.72
16.97
4.30
0.96
5.72
0.01
0.05
0.05
0.35
2.28
5.70
4.41
0.67
13.34
5.69
1.63
15.85
5.87
0.58
1.52
2.61
0.85
0.70
3.07
2.74
1.89
0.13
0.26
0.27
0.04
0.08
0.05
0.02
0.05
0.05
0.06
0.01
0.04
0.01
14.66
6.45
0.94
0.13
0.32
0.17
0.02
0.01
0.02
0.02
0.03
0.04
0.05
1.00
1.54
0.61
0.56
1.31
0.06
1.28
0.01
0.03
0.05
0.01
0.13
0.52
0.18
0.60
0.14
0.10
0.25
0.43
2.73
3.58
0.14
0.26
0.04
0.03
0.04
0.06
0.04
13.03
6.71
0.11
0.05
0.05
0.05
0.01
0.02
0.02
0.02
0.03
0.00
0.02
0.03
0.03
0.05
0.03
0.05
0.06
0.04
0.07
0.05
0.03
0.05
0.04
0.06
0.07
0.02
0.50
4.14
0.58
1.26
0.49
0.74
2.25
0.26
2.57
0.40
0.95
3.23
3.91
0.01
0.07
0.08
0.43
0.09
0.25
0.10
1.28
3.42
3.83
0.37
9.71
6.40
7.95
0.12
5.55
22.45
14.60
1.28
8.02
10.60
1.51
0.02
0.05
0.03
0.06
0.03
3.95
11.77
10.49
1.78
2.52
3.55
1.72
0.35
0.07
1.04
0.10
0.02
0.73
0.19
0.04
2.48
2.76
1.98
3.97
6.73
6.94
0.10
5.32
3.26
38.99
6.12
5.57
4.40
1.58
35.83
13.37
0.30
1.29
6.96
5.37
0.09
0.04
0.06
0.02
0.05
5.09
5.14
1.93
0.16
0.64
0.66
3.29
0.60
0.19
0.08
0.02
0.00
0.07
4.25
16.27
17.81
2.28
0.32
6.44
21.57
50.61
10.55
14.85
24.02
36.35
0.02
0.06
0.77
5.78
0.10
7.42
23.96
30.84
0.48
0.07
1.63
21.52
23.34
4.81
2.14
20.31
8.39
16.66
3.16
17.32
11.40
30.98
0.20
0.34
1.18
0.46
0.03
0.12
1.30
5.64
0.62
0.02
0.04
0.01
0.02
0.00
0.37
18.70
27.63
20.08
0.13
0.05
6.68
6.84
3.74
0.76
0.02
0.00
0.01
0.41
3.36
1.64
3.07
1.64
0.01
0.14
1.48
29.24
48.75
12.81
5.33
0.29
0.71
7.58
15.30
23.04
0.00
0.66
17.92
15.27
5.30
2.11
3.80
13.77
6.76
8.31
6.10
0.03
0.01
0.28
1.39
6.26
7.17
0.65
2.60
2.06
10.52
7.68
4.33
12.35
2.61
0.12
0.05
0.06
0.01
0.15
0.17
0.53
0.63
0.64
1.57
6.01
0.87
0.03
0.04
0.02
0.02
0.02
0.58
0.43
0.04
0.02
2.57
0.34
0.00
0.99
0.65
1.62
1.64
18.58
14.18
24.17
2.12
16.73
0.67
2.89
3.53
9.30
11.44
5.34
0.02
1.67
0.89
1.62
0.03
0.01
1.05
8.07
34.72
44.08
44.88
26.79
1.63
0.59
0.07
0.05
0.06
0.10
0.57
3.59
0.37
0.12
0.51
6.32
2.66
3.95
0.91
9.70
33.45
12.97
0.70
1.22
5.19
10.75
0.77
0.50
0.16
0.07
1.13
9.83
1.58
2.42
2.68
6.34
0.65
0.30
0.27
0.68
1.51
4.63
2.32
0.56
0.89
0.05
0.07
0.05
0.02
0.05
0.03
0.00
0.01
0.05
0.06
0.05
0.05
0.03
0.03
0.03
0.02
0.18
1.32
5.28
15.06
13.27
0.02
0.04
0.01
0.03
0.02
0.05
0.00
0.14
2.03
2.23
0.03
0.00
0.01
0.56
9.46
13.75
0.03
0.04
0.02
0.03
0.05
0.26
1.38
0.91
0.54
0.09
0.85
0.28
0.02
0.04
0.03
0.05
0.07
0.06
0.06
0.05
0.11
0.02
0.00
0.02
0.01
0.04
0.00
0.01
0.03
0.03
0.04
0.05
0.06
2.60
1.39
0.17
0.15
0.19
0.21
0.87
0.32
0.03
0.04
0.02
0.12
0.16
0.02
0.50
0.97
0.18
1.40
4.87
0.19
0.32
0.30
3.76
1.68
7.54
3.85
1.09
0.26
6.44
2.54
0.13
2.05
8.71
0.05
0.55
6.46
12.20
4.42
0.08
0.55
0.21
1.01
2.15
1.45
4.12
0.39
0.06
0.03
0.06
0.46
0.49
0.40
1.72
0.04
0.12
0.15
0.09
0.03
1.24
0.09
0.02
1.49
13.14
1.93
0.22
0.18
0.08
2.07
3.20
0.01
0.05
0.05
0.01
1.17
3.57
3.42
0.29
1.05
9.15
21.26
23.97
19.30
13.69
0.25
0.05
0.53
3.20
0.47
1.29
0.99
0.77
2.59
1.72
0.10
0.42
0.45
0.06
11.47
64.67
7.41
1.40
5.36
1.17
3.89
16.10
14.32
18.80
28.38
14.24
0.20
0.01
2.22
5.13
15.20
10.57
0.06
1.75
4.66
1.38
0.48
0.46
1.30
0.40
1.43
0.53
0.88
12.17
10.78
0.03
0.24
0.29
0.02
0.15
0.28
5.52
2.18
4.62
22.27
42.00
19.95
0.61
15.01
11.58
23.36
24.76
6.82
5.44
3.66
3.41
5.98
15.24
0.02
1.72
4.01
0.00
0.29
3.69
4.98
5.99
0.36
0.21
0.26
0.46
1.59
9.57
3.72
2.67
2.16
0.01
0.09
0.03
0.02
0.70
0.41
1.29
10.77
7.55
6.76
3.31
3.26
5.83
1.64
0.05
0.41
1.25
1.23
4.65
1.00
8.35
21.57
4.85
4.10
0.02
0.79
4.39
9.71
7.97
0.37
0.72
0.80
0.01
0.05
0.50
2.30
1.67
0.01
0.01
0.02
0.05
0.05
0.53
4.80
1.59
0.56
2.36
7.14
0.58
0.01
8.64
1.54
1.53
0.09
0.50
1.19
1.16
0.50
1.81
2.45
3.20
29.57
4.14
1.31
0.16
0.06
0.36
1.69
1.11
1.92
9.71
2.57
5.40
2.54
2.61
2.94
0.33
0.17
1.00
0.00
5.46
7.48
1.29
1.05
0.07
0.07
0.00
0.43
0.39
0.17
0.05
0.03
0.02
5.19
1.34
0.06
0.08
3.66
0.92
9.04
10.84
1.06
1.88
0.01
0.42
2.00
1.57
0.01
0.00
0.00
1.79
0.23
0.27
0.05
0.02
0.05
0.27
0.29
0.06
0.06
0.36
6.52
12.74
0.03
4.67
17.58
4.72
2.50
0.20
0.05
0.01
0.03
0.04
0.02
0.01
0.31
15.76
19.91
22.79
3.84
2.86
0.04
0.04
0.03
0.09
0.30
0.20
0.05
0.05
0.06
0.06
0.05
0.11
0.04
0.00
0.03
0.03
0.00
0.00
0.05
0.17
0.62
0.05
0.02
0.06
0.01
0.01
0.05
0.05
0.02
0.01
0.04
0.02
0.00
0.02
0.03
0.01
2.94
7.18
12.83
0.16
2.35
1.09
4.52
0.25
0.08
0.18
0.02
0.03
0.07
0.07
0.01
0.05
0.05
0.18
0.28
1.83
0.06
0.04
0.01
0.04
0.02
0.06
0.03
0.04
0.03
0.05
0.02
0.04
0.07
1.15
14.06
8.47
0.01
3.67
6.14
3.79
6.97
7.87
26.93
18.68
0.50
2.05
1.55
0.01
0.05
0.05
0.25
0.24
0.04
0.02
0.03
0.04
0.01
0.41
0.15
0.03
0.02
0.00
0.15
0.01
0.01
0.01
0.03
0.05
1.97
0.93
0.05
0.78
2.29
9.45
12.40
15.10
23.96
5.81
20.25
26.31
13.98
0.16
0.54
29.68
4.84
3.18
4.17
17.16
38.63
3.79
2.20
2.30
0.05
0.03
0.03
0.05
0.03
0.20
6.80
23.92
23.33
32.38
27.15
2.86
0.86
0.58
5.33
0.92
1.56
6.08
8.89
3.34
0.97
0.31
10.37
18.58
7.77
3.36
5.69
6.33
14.02
7.97
16.01
57.03
42.24
39.16
31.14
0.95
31.83
26.46
5.55
3.80
5.95
0.34
6.66
0.91
0.16
12.22
15.92
20.63
7.38
0.36
0.05
0.03
0.02
0.02
0.67
24.64
8.37
2.02
34.54
0.02
6.81
21.47
4.43
4.45
9.23
2.13
3.57
5.90
22.12
16.64
0.24
0.46
0.23
0.17
13.62
18.38
9.76
5.70
0.03
0.38
2.49
17.98
30.66
6.98
46.77
1.73
0.41
5.60
29.83
5.08
0.07
1.48
11.66
4.54
0.03
0.02
5.31
23.78
6.25
0.30
0.07
0.16
5.10
3.13
17.02
6.52
1.41
0.00
0.04
0.36
10.87
8.60
4.71
8.74
9.27
71.83
5.66
46.26
3.40
1.25
3.73
8.96
5.11
1.40
0.70
1.84
0.46
7.84
4.45
2.64
0.81
2.28
3.42
22.83
66.26
4.72
0.13
1.61
4.05
0.05
0.49
0.52
0.02
0.18
0.23
0.78
1.44
4.78
0.05
0.99
0.30
0.11
0.73
4.62
6.25
0.20
0.02
0.10
3.94
15.00
3.44
0.57
18.55
2.24
3.05
4.32
5.48
8.70
1.56
4.32
0.13
0.04
0.13
0.20
4.97
1.99
5.12
0.21
0.29
0.81
4.85
1.65
8.26
16.81
1.41
1.98
1.96
0.31
8.15
8.83
32.96
0.02
0.06
0.07
0.00
1.05
1.41
0.82
0.80
0.70
1.12
0.56
0.70
0.23
0.25
1.32
1.80
3.37
1.48
0.29
0.01
0.05
0.00
0.25
0.05
0.03
0.03
0.03
0.03
0.04
0.40
0.19
0.46
1.00
3.28
0.01
0.01
0.04
0.03
0.05
0.07
0.05
0.07
0.14
0.10
0.01
0.00
0.00
0.00
0.01
0.02
0.03
0.01
0.04
0.00
0.00
0.01
0.02
0.10
0.30
0.02
0.01
0.02
0.03
0.04
0.03
0.02
0.02
0.19
1.49
0.03
0.00
0.01
0.01
0.05
0.26
0.15
0.22
0.51
0.69
0.33
0.05
0.04
0.03
0.02
0.02
0.04
0.03
0.03
0.03
0.00
0.11
0.02
0.04
0.05
0.01
0.06
0.10
0.14
0.70
0.33
0.04
1.99
5.25
8.91
9.09
2.00
0.05
0.05
0.06
0.05
0.57
0.42
0.51
0.04
0.02
2.55
10.94
17.74
0.27
0.09
10.21
0.06
0.03
0.06
1.98
2.78
2.01
0.92
0.70
0.26
0.63
0.30
0.17
0.28
0.24
20.90
14.92
2.71
0.02
0.00
1.47
6.73
0.87
3.31
1.71
0.02
0.05
0.03
0.05
0.03
0.06
0.02
0.01
0.01
0.02
0.05
0.05
0.03
0.05
0.04
0.06
0.03
0.04
0.02
0.04
0.02
0.36
9.56
4.72
0.05
2.90
17.81
12.11
0.75
2.11
2.40
16.95
20.80
2.91
7.34
10.53
0.23
1.08
1.77
0.35
1.44
3.94
2.28
10.11
9.25
0.86
1.30
0.03
5.40
14.24
28.24
19.13
5.13
5.25
5.54
15.40
1.09
0.08
0.25
1.84
0.31
2.35
5.02
16.12
31.45
9.29
3.47
5.72
0.60
1.79
2.70
3.45
15.36
1.62
0.07
0.79
10.05
12.72
0.68
0.12
0.09
1.50
1.25
1.68
4.50
6.96
3.83
0.10
3.07
39.81
5.85
19.61
6.66
20.56
33.88
35.43
2.90
9.57
45.21
2.16
13.67
11.91
8.73
1.04
6.45
3.83
0.11
0.02
0.02
0.87
6.69
5.10
9.26
2.41
3.37
0.05
3.07
12.19
2.23
43.00
16.53
12.03
10.60
0.89
0.10
0.04
14.58
30.43
13.96
0.18
0.00
16.67
7.29
0.36
3.60
22.65
10.56
3.16
9.24
6.25
6.65
18.50
59.21
12.17
8.00
15.30
1.50
0.34
0.57
4.56
1.45
12.15
17.60
2.15
0.35
1.70
6.35
1.80
8.01
4.38
1.27
0.74
0.31
0.02
0.05
0.43
0.08
0.02
0.04
0.03
0.01
0.74
1.15
0.04
0.03
0.05
0.62
1.87
5.96
1.82
0.91
2.77
9.13
7.07
6.80
2.78
1.87
1.15
2.42
0.32
0.01
0.04
0.04
0.03
0.26
0.78
0.54
2.85
1.88
1.18
1.23
0.48
0.85
2.76
3.19
0.10
1.09
2.00
3.91
0.51
0.02
0.02
0.00
0.02
1.46
0.04
4.42
10.04
2.10
0.95
0.27
0.04
0.01
0.04
0.45
1.77
0.16
0.06
0.05
0.55
0.05
0.21
3.33
0.58
1.63
0.69
1.45
0.22
0.96
0.68
1.25
1.19
7.24
2.70
2.24
1.18
4.08
4.64
22.03
0.02
0.08
0.10
0.03
0.27
0.04
0.03
0.04
0.01
0.01
0.02
0.03
0.10
5.55
8.15
1.25
1.05
0.15
0.30
0.07
0.02
0.02
0.01
0.03
0.19
5.37
14.28
20.12
1.89
0.88
0.05
0.02
0.00
0.03
0.07
0.02
0.24
0.22
1.09
1.23
1.56
0.08
0.08
0.09
0.02
0.02
0.05
0.83
0.04
0.02
0.21
0.63
0.28
0.01
0.03
0.02
0.21
1.41
0.02
0.00
1.79
9.82
2.19
0.39
0.35
0.02
0.02
0.02
0.04
0.04
0.29
0.04
0.25
4.63
6.90
0.83
0.11
0.22
0.05
0.04
0.06
0.15
0.06
0.02
0.05
0.03
0.03
0.06
0.05
0.04
0.04
0.04
0.03
0.01
0.03
0.02
0.03
0.06
0.02
0.05
0.04
0.44
0.45
0.16
0.35
0.33
0.01
0.39
0.54
0.45
0.16
0.27
1.64
0.02
0.05
0.02
0.03
0.17
0.02
0.01
0.00
0.02
0.05
0.16
0.05
0.01
0.16
0.22
2.93
1.75
0.92
0.02
0.07
1.74
7.01
1.20
13.70
9.84
17.76
36.10
21.89
18.37
10.78
0.18
0.02
0.83
3.19
2.93
3.40
11.83
7.98
3.98
0.53
1.47
0.30
0.02
0.12
4.31
5.60
4.15
2.99
1.11
2.80
2.63
1.77
3.22
3.24
7.09
2.78
20.15
26.02
0.01
27.08
13.47
0.02
0.01
0.02
0.02
0.09
0.62
5.25
11.71
24.64
3.05
0.08
0.38
1.99
1.43
2.56
4.40
23.93
10.85
5.85
6.29
4.20
6.15
1.61
3.08
2.48
2.68
0.90
0.93
6.50
4.25
12.89
11.81
9.88
11.45
7.56
11.47
1.84
1.99
3.56
71.44
125.50
16.18
0.01
0.04
0.03
0.03
0.05
1.38
15.29
2.60
0.88
1.84
6.87
1.20
10.59
8.97
0.11
0.47
1.53
9.17
5.64
15.84
7.32
17.85
8.55
36.66
1.27
0.90
2.07
13.06
4.78
0.03
0.05
1.85
2.64
1.30
3.87
2.16
7.20
45.95
38.05
1.61
1.33
28.64
28.69
8.38
26.33
12.86
32.10
18.69
8.43
8.72
2.92
1.37
2.72
1.30
2.26
1.71
2.48
0.32
0.37
1.12
1.20
1.54
3.51
2.61
13.48
9.67
4.59
6.79
29.40
7.97
2.20
1.71
5.50
1.21
2.03
3.73
7.33
6.32
2.15
5.34
2.71
6.50
8.79
2.18
0.28
1.50
0.52
0.23
1.08
2.23
1.13
1.09
9.06
11.86
1.45
4.97
1.20
3.29
0.74
1.78
4.55
5.04
0.90
1.69
3.02
0.20
2.31
2.00
0.69
0.33
1.02
0.16
1.08
1.25
1.83
1.56
2.72
15.39
6.58
0.75
0.33
2.96
11.22
35.01
3.01
9.69
2.14
4.74
2.68
2.50
0.93
2.87
0.71
0.06
0.03
0.84
0.83
0.08
1.01
3.99
2.03
1.62
2.52
0.04
0.02
0.02
0.02
0.00
0.02
0.04
0.02
0.11
0.99
1.15
9.83
15.41
10.65
1.28
0.04
0.60
0.01
0.13
1.05
0.52
0.01
0.01
1.92
2.22
0.27
0.01
0.00
0.01
0.03
0.01
0.02
0.01
0.00
0.02
0.00
0.00
0.00
0.01
0.03
0.02
0.00
0.01
0.02
0.05
0.05
0.02
0.02
0.02
0.01
0.01
0.22
0.01
0.00
0.05
0.03
0.05
0.17
0.04
0.01
0.03
0.01
0.01
0.06
0.01
0.07
0.26
2.82
5.59
36.82
7.53
0.33
0.01
0.25
6.83
13.53
8.38
4.04
4.04
19.27
0.03
9.85
1.26
0.23
1.03
1.25
0.15
0.68
0.02
0.03
0.01
15.03
14.72
4.42
0.30
0.21
0.63
0.01
0.00
0.06
6.75
7.99
1.11
0.05
0.03
0.02
0.03
0.01
0.18
0.09
0.04
0.00
0.01
0.50
0.05
0.00
0.26
0.26
0.01
1.12
1.34
0.18
3.33
15.71
24.13
3.82
0.10
0.12
0.14
0.01
0.04
0.00
0.02
0.02
0.02
0.02
0.36
3.49
0.02
0.02
0.03
4.13
3.93
2.05
2.74
2.88
9.56
20.18
14.27
21.03
21.50
12.55
5.78
11.34
1.70
1.05
0.02
0.05
10.16
7.63
0.02
0.02
0.05
0.05
1.14
3.12
3.43
1.36
8.50
3.70
9.56
5.85
6.32
21.81
25.30
0.04
0.72
0.89
0.57
1.28
4.94
7.26
2.44
0.00
0.00
1.10
4.06
20.24
14.36
14.87
5.27
7.13
15.45
4.35
2.84
0.06
4.32
12.21
31.47
11.89
0.03
0.57
2.96
6.49
12.21
2.42
3.16
1.48
0.70
1.12
0.99
1.47
3.03
7.12
5.75
1.41
2.39
1.56
13.28
2.07
6.47
42.02
27.94
0.02
0.24
0.02
0.17
0.21
1.46
0.53
1.78
0.91
0.57
6.31
25.19
26.65
1.03
0.52
1.70
0.54
0.46
0.58
1.60
2.67
9.04
0.75
3.03
6.51
2.47
7.81
2.62
3.44
5.82
42.25
3.57
0.35
2.54
21.95
2.27
4.47
18.28
0.97
0.11
2.37
35.99
42.05
39.52
7.51
4.10
1.91
0.33
0.08
1.39
1.40
1.96
5.71
34.26
48.88
3.06
6.83
1.80
3.78
20.10
31.01
6.68
6.09
0.64
0.16
1.02
15.50
12.32
2.15
2.14
9.93
1.21
0.02
0.29
0.21
0.17
0.08
0.32
5.81
17.25
1.23
1.89
2.63
2.40
0.35
0.15
1.27
24.77
35.35
17.16
0.89
0.74
0.01
1.95
3.52
2.51
0.47
3.09
4.66
4.95
72.08
32.23
13.38
0.64
5.22
0.42
3.09
6.74
34.52
0.01
2.67
2.34
0.21
4.41
3.88
0.75
0.62
0.15
0.93
0.47
0.15
0.22
0.17
0.19
0.06
0.05
0.05
0.72
1.32
1.44
0.40
0.30
0.33
0.39
0.01
0.02
0.05
0.11
0.18
0.02
0.06
0.02
0.28
0.38
0.00
0.02
0.08
0.19
0.07
0.30
2.42
0.93
3.07
10.61
13.73
0.30
0.01
0.01
0.01
0.02
0.01
0.00
2.15
1.80
0.02
0.04
0.07
0.04
0.04
0.03
0.04
0.05
0.33
0.33
0.09
0.04
0.01
0.00
0.02
0.00
0.00
0.00
0.00
0.14
0.65
1.97
4.64
0.01
0.02
0.00
0.00
0.00
1.95
0.53
0.86
0.03
0.02
0.03
0.00
0.08
0.87
2.06
0.01
0.02
0.02
0.01
0.27
0.50
0.19
0.00
0.02
0.04
0.05
0.01
0.02
0.03
0.02
0.02
0.00
0.03
0.01
0.01
0.05
0.02
0.12
12.96
7.32
6.25
0.00
0.43
0.04
0.00
0.00
0.02
0.03
0.02
0.04
0.03
0.02
0.01
0.00
0.00
0.00
0.00
0.02
0.23
2.68
3.14
0.20
0.08
0.05
0.15
2.45
2.27
0.18
0.31
0.26
0.74
0.37
0.10
0.53
2.39
2.13
0.29
0.92
2.36
6.57
0.07
0.12
0.10
0.03
0.05
0.05
0.01
0.01
0.02
0.01
0.00
1.01
3.49
0.01
0.01
0.02
0.04
0.04
0.04
0.21
1.35
13.75
16.21
7.84
2.15
6.80
5.89
18.32
1.08
10.68
4.27
0.13
1.80
2.40
0.00
0.00
0.02
0.00
0.02
0.02
0.15
7.17
5.59
4.99
3.44
11.74
0.42
35.77
5.39
0.84
2.51
46.10
11.59
5.05
1.29
3.18
22.45
2.52
1.57
2.16
0.11
5.60
16.49
32.20
43.40
8.13
3.72
0.26
0.78
31.82
6.42
37.81
23.60
26.07
0.75
0.02
9.66
13.49
14.15
10.84
0.03
0.22
20.42
46.28
0.02
0.04
0.01
0.02
0.02
0.02
0.05
0.05
0.03
2.20
9.15
14.15
0.33
8.89
20.38
10.73
19.41
22.25
0.11
0.39
0.11
0.01
0.04
0.04
0.14
0.00
0.05
0.05
0.20
1.35
12.30
0.02
0.03
0.04
3.53
10.51
7.40
1.12
0.59
8.20
33.51
15.37
6.84
0.02
0.13
0.63
1.24
0.23
0.00
0.73
6.24
2.68
17.93
12.07
0.53
7.82
0.53
2.25
0.41
6.10
0.10
18.40
92.26
2.24
1.16
1.40
5.43
7.50
0.01
9.01
0.84
0.26
0.00
0.21
0.03
0.04
0.11
0.65
0.11
0.53
1.66
2.10
3.99
8.01
8.86
0.53
0.08
0.05
0.22
0.02
0.45
0.06
0.53
1.64
1.77
0.01
1.17
0.07
2.56
4.26
1.09
0.02
0.03
60.93
25.34
0.06
1.56
0.17
1.04
50.39
150.65
10.25
2.41
0.26
0.00
3.48
21.24
0.48
3.99
4.86
3.77
0.03
0.17
1.05
4.75
10.01
0.27
0.06
0.02
1.76
0.60
3.54
9.11
5.23
21.07
0.23
0.10
0.57
0.08
0.42
0.11
0.28
0.48
0.00
0.04
0.29
0.02
0.27
0.28
2.66
0.09
0.07
0.04
0.13
0.47
23.17
7.83
10.29
6.53
0.26
0.12
0.00
0.01
0.01
0.01
0.01
0.01
3.07
4.01
2.03
0.00
0.52
3.93
0.37
0.41
0.06
1.11
0.15
0.00
0.00
0.02
0.00
0.00
0.06
0.00
0.06
0.00
0.00
0.01
0.02
0.00
0.00
0.03
0.00
0.01
0.03
0.04
0.00
0.03
0.00
0.00
0.00
0.02
0.41
0.54
0.25
0.01
0.00
0.01
0.00
0.02
0.00
0.01
0.02
0.05
0.04
0.04
0.02
0.02
0.02
0.03
0.03
0.07
0.06
0.00
2.05
10.65
1.47
9.12
2.67
0.00
0.00
0.00
0.02
0.02
0.02
0.01
0.02
0.00
0.00
0.02
0.00
0.01
0.00
0.02
0.01
0.01
0.02
0.01
0.02
0.01
0.01
0.02
0.01
0.02
0.09
1.27
7.14
8.59
11.91
0.12
0.02
0.05
0.08
0.05
0.00
0.02
0.01
0.03
0.00
0.00
0.01
0.62
7.22
6.30
0.59
1.59
4.27
13.45
4.54
0.14
0.11
0.01
0.02
0.05
0.03
0.26
17.86
21.71
4.07
11.04
3.99
14.70
15.32
1.77
0.11
0.00
0.00
0.83
3.61
18.83
16.89
0.07
0.35
0.01
0.04
0.01
0.02
0.02
0.01
0.02
0.09
0.02
0.00
0.01
4.27
16.10
5.17
20.30
0.02
0.00
0.00
0.12
0.12
0.01
0.02
0.01
0.03
0.00
6.14
9.02
4.54
17.25
28.29
2.80
28.72
16.40
0.01
0.77
7.60
15.03
18.11
35.03
0.12
0.86
2.53
4.87
21.94
6.54
15.35
0.08
0.05
2.22
10.55
7.85
11.22
0.27
3.56
13.35
4.86
8.33
2.58
8.42
15.16
17.91
20.84
19.99
0.44
4.23
5.44
0.00
0.10
0.27
2.31
8.94
9.96
5.05
13.92
4.81
16.24
0.26
0.73
1.96
3.69
1.52
2.04
0.13
0.04
1.05
3.36
3.73
11.84
3.71
4.26
7.52
0.04
3.81
22.24
0.65
0.01
0.03
0.02
0.00
2.23
3.88
0.00
1.38
10.73
12.37
12.70
15.29
2.13
6.89
3.34
21.81
20.51
6.67
0.02
0.72
9.40
9.31
0.25
0.26
0.00
0.02
0.02
0.20
15.13
3.43
39.40
32.07
44.30
1.08
0.16
0.73
2.14
1.33
6.17
22.31
13.36
20.09
13.63
8.35
11.34
4.22
3.26
11.39
11.82
3.65
0.09
0.47
0.21
0.43
1.18
1.65
2.01
0.18
0.19
0.01
0.05
0.21
0.54
0.15
2.75
2.46
0.00
0.23
7.64
8.33
31.67
34.63
36.60
2.13
7.02
3.01
2.57
16.86
51.22
24.48
16.71
9.38
0.08
0.48
0.00
0.00
0.03
0.56
3.94
10.67
13.67
1.47
0.00
0.02
3.34
0.31
0.03
2.06
24.15
23.20
2.83
11.58
32.84
26.81
0.93
0.80
32.63
16.51
1.24
1.97
1.34
0.96
1.80
0.56
0.06
0.02
0.00
0.00
1.41
11.35
21.02
0.09
0.23
0.20
0.66
1.67
4.34
1.68
0.61
2.05
1.19
6.01
2.72
10.86
0.29
1.81
0.83
0.79
12.37
10.43
6.05
7.93
1.37
14.01
16.42
0.25
0.02
0.02
0.03
0.01
0.02
0.01
0.02
0.03
0.87
2.55
0.02
0.01
0.01
0.00
0.10
1.47
7.18
2.87
9.34
0.02
0.00
0.00
0.04
0.04
0.02
0.02
0.00
0.01
0.17
4.13
10.74
0.00
0.01
0.01
0.00
0.01
0.04
1.25
5.59
15.40
26.72
18.17
1.45
4.62
1.05
3.32
8.71
4.56
10.03
0.71
15.12
13.84
0.09
0.09
0.00
0.22
1.31
0.02
0.00
0.00
0.02
0.00
1.18
3.52
14.90
26.05
0.75
0.04
0.08
0.77
0.25
0.00
0.27
1.90
5.36
0.67
0.13
0.00
0.90
5.12
0.00
0.00
2.28
2.39
0.00
0.37
0.38
1.75
3.55
38.76
0.00
15.19
1.30
0.00
0.79
18.70
5.20
6.70
5.09
0.00
0.13
2.30
18.45
1.51
0.32
0.26
4.52
1.51
4.27
16.00
7.01
1.74
0.60
0.00
0.00
1.31
9.03
0.64
0.00
0.09
5.74
5.12
55.11
31.90
50.92
27.98
2.63
6.29
4.30
22.84
0.42
0.08
0.07
2.62
0.81
5.13
4.51
19.96
12.00
0.00
23.03
27.17
84.44
36.81
5.87
7.97
0.00
0.00
0.00
26.37
5.63
6.60
0.00
0.06
25.40
36.18
4.05
1.82
0.53
0.00
0.09
0.67
3.79
1.36
0.00
0.00
5.28
0.35
0.07
0.00
0.96
0.00
0.00
3.69
4.27
0.35
0.22
8.56
3.35
0.52
0.03
0.00
0.00
0.00
6.37
2.79
1.97
0.88
1.98
29.51
7.54
50.50
4.81
24.51
0.20
1.60
2.44
17.25
24.12
8.49
2.07
0.51
0.09
11.19
11.75
2.14
4.47
2.35
2.08
28.24
2.30
1.85
4.31
9.75
0.17
8.88
0.93
0.22
4.80
7.62
5.99
0.08
0.10
0.23
3.60
7.37
0.04
12.17
12.26
2.10
12.01
2.22
0.32
0.97
26.02
24.21
2.20
26.38
5.42
1.57
1.46
5.83
9.04
7.99
10.01
28.27
21.77
10.79
43.62
11.51
11.25
0.75
3.21
5.20
2.98
0.01
0.52
4.29
3.38
1.88
1.84
0.83
0.01
0.00
0.00
4.03
0.58
0.45
1.42
0.32
0.78
0.00
0.00
0.00
0.02
0.42
2.58
2.89
0.25
0.11
0.67
1.26
3.20
4.23
1.40
6.41
0.56
0.08
0.00
0.88
6.67
0.29
101.19
13.99
0.09
0.23
0.79
0.18
0.37
0.00
0.39
0.52
0.00
1.54
4.48
16.73
4.07
0.00
0.00
0.12
0.25
15.10
2.39
0.80
3.79
3.90
38.00
0.75
4.70
1.44
0.20
0.13
31.68
16.46
11.14
1.67
3.23
5.04
2.61
3.15
0.29
0.25
0.00
0.00
3.48
0.00
0.00
0.02
0.09
0.00
0.00
0.00
0.00
0.03
0.10
0.00
0.01
0.00
0.00
0.00
0.00
0.00
0.03
0.00
0.00
0.00
0.00
2.97
0.94
0.41
0.26
0.12
0.00
0.15
0.00
0.00
0.00
0.09
0.00
0.00
0.00
0.00
0.29
16.11
28.64
10.72
0.00
0.00
0.00
0.90
14.09
0.02
0.09
0.22
0.29
0.00
0.00
0.00
0.00
0.00
0.00
0.00
0.00
0.00
0.00
5.53
13.57
2.65
2.49
0.00
0.00
0.29
0.20
0.00
0.20
0.89
0.07
0.00
0.47
2.25
1.41
12.32
2.07
1.60
0.00
0.07
0.08
0.00
0.00
0.00
0.02
0.00
1.17
4.65
0.18
0.00
0.00
0.01
0.15
0.90
0.35
1.01
0.68
0.00
0.00
0.00
0.00
0.01
0.00
0.00
0.00
0.00
0.00
0.00
0.00
0.00
0.00
0.00
0.00
0.00
0.00
4.09
3.18
1.30
18.03
0.04
4.77
4.71
5.61
1.29
0.99
0.05
0.40
10.97
0.13
0.04
0.00
0.53
0.32
0.22
0.21
0.50
0.01
0.00
0.00
0.00
0.02
0.00
0.00
0.00
0.00
0.00
0.00
0.00
0.00
0.00
0.34
0.92
0.55
2.34
0.87
0.00
0.00
0.00
0.00
0.00
0.00
0.13
0.00
0.00
0.44
0.01
0.00
0.00
0.00
0.00
0.00
4.33
5.38
6.69
6.21
6.48
8.60
7.19
0.00
0.64
10.87
28.04
2.20
0.74
4.50
2.56
0.41
2.64
0.04
7.84
12.24
7.82
15.00
0.02
0.00
0.19
3.49
6.57
1.46
0.00
0.00
0.00
0.08
2.07
4.61
38.23
0.55
0.00
0.45
0.52
1.49
62.61
32.13
5.18
2.58
26.85
0.00
0.16
3.47
10.30
0.33
2.76
0.36
0.43
1.47
5.97
15.07
0.28
4.40
1.98
0.00
0.81
7.41
5.01
0.37
0.00
0.02
0.45
4.43
16.13
3.87
9.37
37.04
3.32
0.14
0.44
0.56
21.37
60.61
79.91
32.86
0.36
0.00
8.77
18.95
3.59
0.51
1.83
1.68
0.84
0.39
1.63
1.91
2.11
0.73
0.19
27.51
19.74
12.08
1.12
0.58
0.73
0.91
8.05
4.34
15.73
3.25
4.82
0.24
0.26
1.13
0.00
0.06
0.41
0.33
0.01
1.69
2.27
8.12
0.75
8.31
0.41
0.50
3.31
1.22
18.87
2.23
8.09
2.69
2.55
6.54
6.83
4.59
8.54
6.46
5.51
21.04
3.13
0.04
0.00
0.00
6.57
74.18
1.95
7.91
4.50
19.33
0.08
5.32
17.89
16.80
3.31
0.00
0.00
0.20
3.07
3.60
15.11
5.72
1.77
0.66
0.16
16.78
1.72
0.29
0.26
0.00
12.26
2.30
2.32
1.82
6.73
1.29
3.02
11.32
7.37
7.99
19.01
8.88
0.47
8.31
16.20
0.41
0.04
0.03
10.72
0.00
0.03
0.33
0.11
0.00
0.12
1.83
5.04
0.67
0.06
5.36
10.33
0.81
0.00
0.00
0.00
0.12
0.05
0.14
1.00
3.09
1.32
0.00
0.80
1.22
0.00
0.00
0.12
0.15
0.17
0.94
1.85
0.00
0.00
0.00
0.00
0.51
1.50
0.00
0.00
0.00
0.00
0.52
0.11
0.09
0.00
0.00
0.00
0.09
0.79
0.31
3.72
0.55
1.40
0.11
0.00
0.02
0.00
0.85
0.73
0.06
0.00
0.00
3.71
0.00
0.00
0.00
0.00
0.00
0.00
0.00
0.00
0.00
0.00
0.00
0.00
0.00
0.00
0.00
0.00
0.00
0.00
0.00
0.00
0.02
0.27
4.61
0.11
0.00
0.00
0.00
0.00
0.00
0.00
0.06
0.00
0.00
0.03
2.95
0.47
0.61
0.00
0.00
0.00
0.00
0.00
0.00
0.00
0.00
0.00
0.00
0.67
0.00
0.00
0.00
0.00
0.00
0.55
1.60
9.03
7.42
1.37
1.35
0.00
0.17
2.98
5.40
33.11
4.62
11.39
2.39
0.67
0.00
0.36
0.00
3.45
20.89
15.28
0.59
0.06
0.00
0.00
0.00
0.04
8.87
3.83
0.54
1.03
0.12
0.40
0.00
0.00
0.06
0.00
0.68
1.80
0.00
0.00
0.00
0.68
1.81
0.94
0.00
0.23
1.57
1.52
14.51
16.83
5.52
2.63
1.41
40.73
6.03
0.00
2.95
1.44
0.40
1.98
1.96
3.10
7.03
2.72
1.12
1.49
1.92
1.32
2.62
1.26
2.02
3.59
7.01
3.70
0.46
0.00
0.00
3.78
0.00
0.10
0.26
0.00
0.00
0.02
1.00
13.57
17.11
17.27
36.84
27.64
1.68
0.61
1.81
9.99
18.36
35.58
1.81
0.31
3.61
13.63
33.02
0.00
0.00
0.00
0.02
0.00
31.10
4.31
35.40
80.13
2.28
38.54
7.59
2.68
8.74
8.60
15.12
5.21
9.50
0.03
0.00
0.00
0.08
0.10
0.58
2.32
1.49
0.00
0.00
0.00
0.04
0.00
0.00
2.15
7.48
3.19
0.19
0.03
0.00
0.06
0.02
0.07
53.90
44.93
5.30
16.14
0.51
0.68
1.86
0.00
0.00
4.14
1.38
2.59
0.33
1.55
13.42
69.13
36.75
29.21
0.00
0.02
0.04
0.00
0.33
16.39
30.84
10.00
15.63
1.08
0.54
0.06
0.00
0.00
0.00
0.00
0.00
5.01
22.56
0.06
0.87
0.14
0.13
0.09
0.00
0.00
0.06
0.12
0.00
0.00
0.00
0.37
0.70
1.35
3.52
4.95
5.61
2.21
0.15
0.37
0.03
0.01
0.19
0.51
4.95
7.30
18.39
34.73
6.67
0.54
11.63
4.28
10.71
12.93
1.26
7.97
0.82
0.35
0.54
2.38
1.88
13.84
16.01
22.44
19.29
35.35
1.80
1.39
10.27
1.24
0.16
26.37
40.28
23.86
8.06
11.01
1.25
7.90
0.38
3.24
0.69
0.17
0.10
0.38
16.94
1.61
2.04
0.00
0.00
0.00
0.00
0.00
0.00
0.00
0.00
0.05
0.00
0.43
0.50
0.30
0.13
0.11
0.03
0.88
0.04
0.06
0.31
0.93
1.54
0.17
0.00
22.79
1.27
9.97
23.95
0.61
0.03
0.00
0.00
0.00
0.00
0.23
0.82
1.05
0.24
0.00
0.00
0.00
0.41
40.56
4.28
1.99
15.74
1.00
3.78
0.16
0.00
0.00
0.00
0.00
0.97
0.00
0.00
0.00
0.00
0.00
1.03
10.21
16.73
0.83
0.49
4.52
1.08
0.25
0.00
0.00
0.36
1.66
1.70
17.62
1.20
0.00
0.00
0.00
0.16
0.20
0.01
0.00
0.00
0.00
0.00
0.00
0.04
0.09
0.00
0.00
0.00
0.00
0.00
0.00
4.29
0.17
13.48
5.92
0.00
0.00
0.05
0.00
0.48
11.93
1.99
0.00
0.00
0.10
0.00
0.00
0.00
0.00
0.00
0.00
0.00
0.00
0.00
0.14
2.09
0.32
0.38
0.04
0.00
0.00
1.12
3.07
1.28
5.15
0.34
0.00
0.00
0.00
0.53
0.08
0.32
0.35
6.28
13.66
1.89
32.15
41.42
2.88
0.67
0.10
0.00
0.00
1.53
5.25
6.57
11.68
0.97
0.43
1.61
3.40
0.28
7.88
0.00
0.04
0.00
0.07
0.00
0.00
0.00
0.00
0.00
0.00
0.05
0.00
0.00
0.27
6.06
17.28
15.04
33.61
6.03
0.00
0.00
0.00
0.00
0.00
2.04
5.55
1.59
0.14
12.43
0.92
0.28
0.04
0.14
1.35
3.78
0.23
0.04
21.48
28.12
0.00
0.00
0.16
0.28
5.28
1.11
7.85
10.80
2.66
0.07
0.20
2.58
13.71
32.72
8.28
2.97
6.46
12.29
39.04
0.10
19.09
2.14
0.00
0.00
0.00
12.12
0.54
1.51
4.29
10.77
40.47
6.49
7.56
12.48
8.70
10.95
0.01
0.03
1.15
16.08
1.37
4.42
0.13
0.38
4.21
19.02
26.16
33.84
5.75
27.35
0.02
0.00
0.00
0.00
0.00
0.00
11.21
75.69
23.40
9.21
0.77
65.18
20.93
0.01
0.00
0.00
1.60
5.31
10.48
1.30
0.88
0.00
0.42
1.63
38.57
41.01
0.70
0.41
12.66
20.81
10.83
9.81
38.55
26.38
19.92
1.98
0.03
3.65
1.10
0.17
21.38
29.30
57.93
3.80
3.57
7.21
3.39
2.78
0.45
0.00
0.00
0.15
0.23
0.11
0.00
0.15
5.56
8.19
0.54
1.14
7.34
0.21
1.35
18.28
1.23
10.25
12.73
21.32
11.27
1.97
2.07
0.00
0.00
0.00
0.38
3.61
13.40
4.00
0.03
4.25
0.03
11.47
30.78
9.08
7.86
4.09
0.75
0.27
13.57
4.11
0.09
3.32
17.69
7.54
2.19
14.74
0.63
5.08
1.94
1.72
0.37
0.00
0.04
0.00
0.03
8.57
3.06
10.75
10.34
0.59
0.38
1.68
5.67
16.13
29.51
2.47
0.11
27.58
36.16
9.32
0.00
0.00
0.00
0.00
0.00
0.00
0.00
0.00
0.00
0.00
0.00
0.40
1.41
0.15
0.00
0.00
0.00
0.00
1.70
0.00
0.05
0.00
0.00
0.00
0.00
0.00
1.26
1.53
0.03
0.01
0.01
0.43
0.00
0.00
0.00
0.00
0.00
0.00
0.00
0.00
0.00
0.00
0.00
0.00
0.00
0.00
0.00
0.00
0.00
0.00
0.02
0.58
1.77
1.46
0.53
3.17
22.00
8.99
0.79
0.68
0.00
0.00
0.00
0.00
0.00
0.00
0.00
2.79
5.47
0.47
0.00
0.00
0.00
0.00
0.00
0.00
0.00
0.00
0.00
0.00
0.00
0.00
0.00
4.81
0.09
0.53
0.00
0.00
0.04
0.00
0.15
0.00
8.39
5.89
2.69
0.56
1.27
1.06
0.00
0.00
0.40
12.28
15.58
0.12
2.25
0.19
0.13
0.00
0.00
0.00
0.00
0.00
0.00
0.00
0.00
0.00
0.00
0.00
0.00
0.00
0.00
0.15
0.00
0.00
0.00
0.06
0.07
0.85
1.61
9.50
9.71
0.34
0.02
0.50
0.39
0.17
0.00
0.00
0.00
26.89
18.29
0.46
2.24
0.75
0.00
0.00
3.81
22.77
0.19
1.22
14.67
1.09
3.06
23.84
2.47
6.51
4.50
0.08
0.04
0.02
0.59
0.61
0.00
0.00
8.67
9.07
0.08
0.13
6.49
2.52
0.00
0.07
0.00
0.02
0.00
0.00
0.00
0.04
0.22
4.44
0.05
0.00
1.61
0.62
2.16
1.19
1.91
17.16
1.71
4.18
1.14
1.15
0.13
0.04
0.02
0.00
0.09
1.08
23.91
0.40
0.85
2.42
19.56
8.32
0.00
0.00
0.00
0.12
0.82
0.00
4.57
0.81
0.21
20.61
20.08
32.73
3.72
0.04
0.00
0.75
0.04
0.16
0.96
8.97
0.04
0.12
0.25
0.87
0.96
3.75
7.84
1.23
0.21
0.00
0.00
0.13
0.26
0.05
0.28
0.05
1.09
0.13
0.43
8.15
18.88
18.40
8.56
1.61
0.30
37.25
0.40
1.74
4.35
0.00
4.16
0.74
12.76
13.60
0.39
0.16
0.02
0.00
0.00
0.00
0.14
4.97
0.10
0.00
0.00
0.07
0.00
0.07
0.09
0.00
0.84
0.89
2.07
34.22
8.23
25.87
43.45
38.35
51.19
66.18
28.63
0.54
0.43
0.00
0.00
0.41
0.00
1.47
6.40
2.38
0.56
0.87
38.10
18.15
2.82
2.08
4.76
1.95
27.09
49.60
10.33
4.99
0.39
0.52
1.23
5.83
1.53
0.86
0.72
9.68
4.19
37.60
9.74
0.08
0.16
0.00
0.02
1.81
11.07
18.57
1.08
4.70
2.57
0.45
6.72
1.00
3.37
2.29
8.76
6.21
8.83
21.57
10.51
5.63
1.12
30.57
2.25
10.58
22.23
10.03
5.10
2.40
2.78
0.09
0.00
0.41
6.28
1.39
0.68
0.24
22.11
0.30
1.81
0.08
13.21
0.94
0.21
0.07
0.00
0.86
0.00
3.10
5.09
0.05
0.22
1.89
13.39
12.86
10.53
29.91
1.57
1.72
0.00
0.00
0.00
0.00
0.01
0.03
3.19
2.89
25.85
14.56
3.84
1.78
1.37
0.63
0.01
0.00
0.04
12.22
1.78
0.00
0.00
0.00
0.00
0.00
0.00
0.00
0.00
0.11
5.11
47.57
15.26
0.13
23.15
4.20
2.92
1.45
0.04
0.00
1.24
0.65
32.43
44.29
17.53
23.02
0.31
0.00
0.00
0.00
0.00
0.03
0.00
0.00
0.00
0.00
0.00
0.17
0.54
0.06
23.98
1.24
0.08
0.35
11.95
6.02
0.00
0.00
0.38
0.38
0.00
0.29
9.53
20.27
1.59
4.06
21.40
5.80
2.84
2.59
0.23
0.47
12.25
0.67
0.00
0.48
4.55
0.03
0.00
0.17
0.00
0.00
0.06
19.54
8.12
2.83
0.05
0.04
0.01
0.00
0.40
9.72
4.59
0.00
0.00
0.29
0.00
0.04
2.77
0.05
0.00
0.00
21.23
0.00
0.00
0.00
0.00
0.00
0.00
0.00
0.00
0.29
0.00
0.00
0.00
0.00
0.00
0.55
0.52
0.00
7.65
3.04
12.54
3.73
0.07
0.00
0.00
0.00
0.47
0.94
0.70
0.05
0.00
0.18
0.46
6.46
0.07
0.00
0.03
3.11
3.28
8.80
8.97
1.27
0.04
0.21
0.45
0.00
0.00
0.00
1.19
0.08
0.00
0.00
0.00
7.41
0.00
0.02
10.16
11.02
5.07
0.62
0.00
0.13
0.40
0.19
9.15
8.24
2.14
0.56
0.80
0.02
1.79
6.26
13.53
0.51
0.08
1.60
7.21
0.78
0.00
0.26
0.70
13.98
0.03
1.56
2.46
1.30
7.90
42.94
2.57
0.15
15.47
2.99
1.88
16.48
4.22
23.78
0.25
13.95
6.18
0.08
0.18
0.35
0.00
1.80
0.68
4.44
0.17
0.00
21.51
1.32
0.03
0.12
0.16
0.63
0.09
0.00
4.11
3.51
0.81
0.37
3.70
17.95
0.96
0.18
8.23
9.32
0.62
18.86
18.69
6.23
90.44
19.15
0.25
0.00
0.00
1.56
3.29
45.53
22.40
0.08
0.00
0.00
0.00
0.04
0.00
0.00
0.00
0.01
1.08
0.28
12.81
44.76
3.86
3.18
0.39
1.02
26.88
0.75
15.89
6.49
3.19
8.97
0.00
0.00
0.09
0.26
5.91
1.11
1.54
0.77
1.47
2.69
14.33
4.83
0.26
0.00
0.00
0.00
0.00
0.00
0.00
0.00
0.22
5.46
0.45
0.36
0.08
0.00
0.00
0.00
0.00
0.00
0.04
0.11
0.07
0.13
0.08
0.00
1.64
0.24
0.06
0.00
3.00
0.34
0.01
0.04
1.34
0.18
0.12
0.08
2.70
6.77
0.82
0.72
0.08
0.64
0.13
1.76
2.50
1.15
2.10
17.86
0.69
0.64
0.00
0.08
15.23
1.73
2.52
2.15
0.06
0.03
0.00
0.00
0.00
0.11
0.13
8.92
0.46
7.05
4.59
0.71
0.07
0.00
6.24
1.62
0.06
0.37
0.11
0.03
0.03
4.24
2.70
1.04
0.35
0.00
0.34
12.38
5.27
0.40
1.86
0.00
0.00
0.00
0.00
0.00
0.00
0.00
0.00
0.47
3.59
0.09
0.00
0.00
0.00
0.12
0.00
0.34
2.59
22.43
0.74
0.00
0.00
0.00
0.00
0.00
0.00
0.00
0.00
0.00
0.00
0.00
0.00
0.00
0.00
0.00
0.00
0.00
0.00
0.00
0.00
0.00
0.00
0.00
0.00
11.31
27.36
26.27
1.79
0.04
0.00
0.00
0.00
0.00
0.00
4.19
2.06
0.18
15.11
3.12
0.11
0.00
0.00
0.00
0.00
0.00
0.00
0.00
0.00
0.00
0.00
0.00
0.00
0.00
0.00
0.00
1.15
0.03
0.30
0.11
0.00
0.00
0.00
0.02
0.00
0.00
0.00
0.00
0.00
0.00
0.00
0.00
0.00
0.00
0.00
0.00
0.00
0.00
0.00
0.00
0.00
0.00
0.00
0.00
0.00
0.00
0.00
0.00
0.13
11.12
0.49
0.00
0.00
0.18
0.36
9.73
1.41
0.69
0.33
14.59
0.32
0.02
1.43
0.00
0.00
0.00
0.21
15.14
1.70
0.08
0.34
7.93
20.21
6.48
6.28
0.42
0.25
13.12
12.45
0.28
0.00
0.00
0.00
0.00
0.00
0.00
0.00
0.00
6.95
0.25
0.00
0.68
0.73
0.27
5.70
0.20
0.12
0.00
0.16
0.68
6.33
6.54
0.15
0.00
0.21
0.00
0.00
0.00
0.00
0.00
0.00
0.00
0.00
0.00
0.20
0.42
9.24
17.86
8.30
0.26
0.03
0.68
22.74
17.70
24.84
0.84
0.24
0.08
4.03
0.18
30.03
18.76
0.44
0.03
0.00
0.65
10.91
18.95
2.06
0.34
0.00
2.13
17.40
17.36
12.20
2.01
0.53
13.10
4.10
0.06
0.00
0.00
1.62
60.01
14.87
0.00
10.18
0.08
0.00
0.00
5.34
59.48
2.69
0.19
4.22
0.52
4.47
33.76
11.21
0.00
0.00
0.00
42.82
21.08
1.76
13.81
63.70
5.67
0.00
12.50
0.29
7.46
0.06
0.00
0.00
0.00
0.00
0.09
19.28
4.01
20.89
6.73
0.00
0.11
1.04
0.07
6.07
1.16
0.00
0.02
0.00
0.00
0.00
0.15
0.06
0.01
0.39
16.20
1.23
0.07
1.25
12.40
0.26
15.48
1.36
0.89
0.44
0.27
0.14
2.14
2.48
0.13
0.00
3.28
1.70
0.79
20.28
15.28
40.25
0.98
5.22
0.10
1.91
5.20
1.15
0.32
4.11
0.23
0.00
0.03
0.53
1.52
1.95
0.04
0.02
1.50
7.96
0.00
2.30
5.95
0.73
2.49
0.49
3.58
1.74
3.73
1.04
0.01
2.70
0.29
0.00
0.90
2.59
5.43
3.05
9.13
4.09
0.07
0.07
1.08
0.09
0.64
8.79
22.36
7.36
0.69
10.25
7.14
0.56
4.21
4.82
1.11
5.11
1.24
0.26
25.13
0.54
4.77
4.54
11.27
5.75
3.56
3.24
0.57
0.00
0.00
0.00
3.15
5.60
0.12
0.16
12.08
1.16
0.66
12.36
0.02
0.00
0.00
0.00
0.00
0.00
0.00
0.00
0.03
0.00
0.00
0.00
0.00
0.00
0.00
0.00
0.00
0.00
0.00
0.00
0.00
0.00
0.00
0.00
0.00
0.00
0.00
0.00
0.02
0.00
0.00
0.00
0.00
0.42
0.00
0.00
0.00
0.00
0.00
0.00
0.00
0.00
0.03
0.00
0.03
0.00
0.00
0.07
0.42
4.44
2.36
0.02
0.09
0.56
2.07
0.09
0.16
0.00
0.00
0.00
0.00
0.00
0.02
0.00
0.02
2.31
0.00
0.00
0.01
0.00
0.00
0.00
3.93
0.25
0.00
0.00
0.00
0.00
0.00
0.00
0.00
0.00
0.00
0.00
0.00
0.00
0.00
0.07
0.10
0.00
0.00
0.01
2.08
2.93
1.67
0.77
0.84
2.67
0.02
3.59
0.06
0.00
0.00
0.00
0.00
0.23
0.00
0.00
0.00
0.57
0.00
0.37
10.79
3.24
0.00
0.00
0.00
0.00
1.07
13.58
2.53
0.05
3.82
0.00
0.00
0.13
1.91
0.83
2.09
2.60
1.45
0.00
0.00
6.86
1.28
0.21
0.04
1.98
1.04
0.27
0.34
1.39
3.61
0.57
0.29
0.29
20.30
53.12
20.13
2.61
0.04
0.00
0.19
0.12
0.15
0.12
4.20
9.56
22.25
0.07
7.31
7.45
0.33
0.00
0.00
0.00
0.00
0.00
0.00
0.74
12.15
6.50
0.27
0.08
0.80
2.45
0.07
0.00
0.00
0.00
0.05
13.68
1.09
0.06
0.47
28.74
17.21
3.26
8.96
24.86
2.17
7.77
0.53
0.00
0.00
2.55
4.62
0.00
0.00
7.57
6.86
8.16
13.59
0.11
0.00
0.07
8.86
0.30
0.06
1.01
0.16
0.11
1.88
28.62
8.39
6.54
0.26
0.00
0.24
5.51
0.02
20.12
15.11
24.76
32.47
49.03
0.64
1.17
20.43
27.17
4.54
22.96
13.16
69.59
51.45
78.48
0.26
31.39
0.07
15.37
32.95
33.58
38.60
23.34
24.11
1.00
19.22
17.03
2.99
0.14
0.15
2.87
17.54
32.08
6.92
0.28
0.00
0.02
0.14
5.60
0.12
0.05
9.22
10.51
55.97
13.86
2.84
19.43
18.31
10.52
24.66
48.58
22.63
34.70
40.69
4.94
1.39
9.15
2.40
3.93
0.53
1.04
0.52
0.02
0.00
0.00
0.00
0.00
1.00
0.21
0.93
0.02
0.00
0.03
0.01
7.00
1.18
0.00
0.03
2.86
5.20
3.56
7.07
4.09
0.23
0.83
5.65
14.91
2.13
0.08
0.08
1.30
0.12
0.00
0.00
1.47
5.41
8.32
3.01
1.08
3.31
0.91
4.14
0.26
0.82
14.67
25.84
0.56
0.83
0.04
2.73
27.34
12.56
5.99
9.27
19.90
0.66
0.06
6.26
19.72
4.38
0.65
0.30
1.53
36.22
19.32
13.82
0.27
0.76
0.05
0.04
0.54
1.86
0.08
0.03
0.00
3.30
1.10
0.00
0.00
0.51
0.04
0.25
0.00
0.12
0.02
0.85
0.28
0.00
0.80
0.41
0.22
0.00
0.07
0.00
25.64
8.94
7.81
0.31
0.06
0.00
0.00
0.00
0.00
0.00
0.00
0.01
0.00
0.00
0.00
0.00
0.00
0.00
0.00
0.01
0.00
0.00
0.00
0.22
0.00
0.00
0.66
1.05
1.04
0.00
0.26
0.00
0.09
0.13
0.00
0.41
1.95
7.06
0.19
0.18
2.07
2.17
9.32
8.72
4.62
0.52
0.21
0.22
0.08
0.00
0.00
0.00
0.00
0.00
0.00
0.00
0.00
0.00
0.00
0.00
0.85
0.08
6.30
0.69
0.00
0.00
0.00
0.00
10.27
11.51
1.12
0.00
0.00
0.00
0.00
0.00
0.00
0.00
0.00
0.00
0.00
0.04
0.03
0.46
0.00
0.00
5.23
25.84
0.05
0.40
0.12
0.01
0.01
0.01
0.02
0.84
0.00
0.00
0.00
0.00
0.15
0.00
0.00
0.00
0.00
0.04
0.00
0.03
0.35
3.38
0.92
0.06
0.15
0.00
0.00
0.00
0.00
0.13
0.13
0.00
0.00
0.00
0.00
0.10
1.51
0.21
0.43
0.20
0.00
0.00
0.00
0.00
0.00
0.84
1.18
1.54
0.69
0.53
0.15
5.95
4.90
0.07
0.11
0.54
9.39
10.47
38.95
0.89
14.24
15.44
0.00
0.00
0.00
0.83
10.75
4.55
32.82
17.84
0.00
0.00
0.67
9.88
0.26
2.03
22.05
0.76
0.00
0.06
2.86
3.75
34.38
21.10
5.05
1.45
6.96
5.47
8.06
0.00
0.00
10.07
8.64
8.84
0.44
1.18
0.11
1.83
17.40
0.67
0.56
7.02
7.58
0.39
69.84
52.20
15.64
0.00
0.00
0.00
0.00
0.00
0.33
3.78
6.70
1.64
42.50
15.04
36.11
31.54
7.68
1.11
0.24
35.99
6.84
0.02
0.45
0.87
51.21
9.89
0.12
1.17
4.62
2.40
0.33
0.15
0.00
0.00
24.50
41.79
1.98
0.01
0.32
14.70
41.51
8.02
6.79
3.08
15.60
1.64
4.26
19.02
42.84
50.41
29.01
0.34
10.90
8.01
9.69
27.74
42.73
35.03
7.00
0.12
0.00
0.65
12.02
22.80
32.41
16.32
0.81
41.60
1.90
7.96
1.27
0.07
1.03
1.39
4.43
5.46
11.64
17.88
0.00
2.62
0.00
0.00
0.00
0.07
0.36
0.40
22.74
12.29
15.32
1.67
0.24
3.45
6.96
30.27
3.05
16.38
2.54
4.16
0.16
0.05
0.26
0.06
0.05
1.00
11.96
6.68
0.58
0.63
0.75
0.00
0.00
0.67
9.97
9.00
1.45
0.59
1.35
0.19
0.12
0.00
0.35
2.40
0.01
0.06
5.66
4.31
0.34
0.44
0.63
0.00
30.80
1.97
5.91
6.50
4.49
8.97
0.71
0.03
0.44
0.09
0.03
0.09
0.85
3.57
0.01
1.46
3.84
0.14
5.45
2.82
5.33
2.08
3.71
23.21
0.17
0.44
0.00
0.20
0.02
0.00
0.00
0.00
0.00
0.00
0.00
0.00
0.00
0.01
0.00
0.00
0.00
0.00
0.00
0.00
0.00
0.00
0.00
0.00
0.00
0.29
0.18
0.00
0.00
0.00
0.17
0.00
0.02
0.00
0.13
0.03
0.09
0.00
0.03
0.34
5.23
1.02
0.00
0.00
0.00
0.00
0.00
0.00
0.00
0.33
0.00
0.00
0.00
0.00
0.02
0.00
0.00
0.00
0.00
0.00
0.00
0.00
0.34
0.00
1.58
6.95
23.23
2.78
5.11
51.09
0.66
5.09
1.12
9.01
33.08
5.96
3.75
4.50
0.16
0.01
0.00
0.00
0.00
0.00
0.00
2.47
0.88
0.00
0.00
0.00
0.00
24.48
4.49
0.02
0.10
0.00
0.00
0.23
3.84
0.00
0.00
0.00
0.00
0.00
0.00
0.00
0.00
0.00
0.00
0.00
0.00
12.64
2.30
0.18
0.00
0.00
0.00
0.09
0.00
0.03
6.93
0.20
0.00
0.00
0.00
2.01
0.26
0.00
0.06
22.58
1.14
3.50
0.84
0.01
0.00
0.00
0.02
0.00
0.00
0.00
0.00
0.00
0.00
0.00
0.07
0.00
0.00
0.00
0.00
5.54
0.74
0.00
0.00
2.39
1.67
2.71
14.83
43.31
3.69
12.32
5.26
19.45
0.56
0.10
12.22
0.13
0.00
0.44
1.35
8.55
0.27
0.04
5.70
4.57
1.21
4.82
20.85
0.44
1.50
2.44
5.22
0.92
0.00
0.00
0.02
0.75
18.17
0.18
0.56
0.36
0.00
0.22
18.36
11.64
29.87
3.22
4.48
0.09
0.21
0.90
52.53
7.27
5.52
4.72
3.44
0.92
5.36
0.03
1.79
3.19
0.04
0.00
0.61
11.18
0.63
0.53
20.39
0.00
0.00
1.94
19.22
5.64
8.88
23.29
0.02
0.09
5.16
11.44
7.11
22.83
0.07
0.00
0.00
5.10
0.51
0.02
0.00
0.00
0.00
0.00
0.06
0.11
3.25
0.08
0.05
10.16
3.71
8.73
0.54
0.53
0.01
2.19
0.51
3.77
3.48
9.01
3.66
9.88
8.70
7.21
0.29
34.09
16.30
18.94
14.60
6.41
25.43
32.80
22.77
17.24
15.94
0.25
3.22
15.33
16.30
0.56
0.00
3.14
0.44
8.23
8.25
2.23
11.06
0.00
0.12
3.08
4.20
0.66
2.76
18.13
0.69
6.44
0.02
0.00
0.77
0.09
0.04
0.00
0.00
0.00
0.09
0.12
0.69
1.38
3.57
3.09
3.26
3.75
0.14
0.00
0.00
1.11
0.63
0.36
0.09
0.49
3.00
0.00
0.38
0.03
2.62
0.32
0.49
9.01
18.96
13.30
2.11
0.42
0.02
0.03
2.60
13.57
5.95
13.38
7.57
3.71
19.20
13.82
0.06
13.47
22.28
12.05
7.45
0.31
11.51
0.69
5.07
5.47
4.29
0.55
2.55
3.14
7.50
31.81
3.55
3.82
2.22
0.04
1.54
0.11
0.66
0.52
3.08
0.69
0.03
0.00
0.00
0.00
1.19
1.40
0.01
0.04
0.00
0.09
0.00
0.05
0.12
0.02
0.00
0.00
0.00
0.00
0.00
0.00
0.09
0.00
0.00
0.00
0.66
0.62
0.12
0.00
0.00
0.00
0.00
0.00
0.00
0.14
0.14
0.00
0.00
0.00
0.00
0.00
0.00
0.00
0.00
0.00
0.00
0.00
0.00
0.00
0.00
8.64
3.81
1.03
0.00
0.04
0.43
0.00
0.00
0.21
0.00
0.00
0.00
0.00
0.00
0.00
0.00
0.00
0.00
0.08
0.01
0.00
0.00
0.00
0.00
0.00
0.00
0.04
0.07
0.00
0.00
0.00
0.00
0.00
0.00
0.00
0.00
0.00
0.00
0.00
0.00
0.00
0.00
0.00
0.03
0.00
0.00
0.00
0.00
0.83
1.23
0.09
22.60
41.87
26.85
1.74
0.05
0.02
0.03
0.66
0.38
0.00
0.00
0.00
0.00
0.00
0.00
0.00
0.00
0.00
0.00
0.00
0.00
0.00
0.00
0.00
0.00
0.00
0.00
0.00
0.00
0.00
0.00
0.00
0.00
0.00
0.00
4.92
38.25
2.23
10.50
2.86
18.60
10.34
14.55
8.70
0.13
3.83
3.60
0.03
0.20
0.05
0.00
0.34
0.01
0.00
0.00
0.00
0.00
0.00
1.18
0.93
0.00
0.00
0.00
0.04
0.23
2.19
9.74
0.18
0.00
0.00
0.00
0.00
0.00
0.00
0.00
0.00
0.05
2.54
0.00
0.01
0.08
0.00
0.03
4.39
0.01
0.18
0.97
9.86
9.15
0.04
17.24
8.09
12.70
0.00
0.00
0.09
0.00
0.00
6.09
7.31
7.57
36.78
3.87
15.48
2.73
3.14
0.00
0.00
0.00
16.68
0.15
2.64
4.09
7.13
12.07
0.19
0.14
12.15
0.00
7.52
11.96
18.38
1.10
0.22
0.00
0.02
0.08
0.00
4.59
0.00
0.30
0.34
0.00
3.49
1.70
32.08
26.38
21.96
6.48
0.00
2.91
0.00
0.00
0.00
0.00
0.00
0.00
0.00
0.00
13.71
1.86
1.22
42.27
0.12
0.10
11.35
9.31
3.65
0.00
2.27
16.13
39.05
1.84
16.99
2.06
0.00
0.00
0.00
12.00
7.73
3.55
0.94
21.06
19.79
26.06
17.55
14.37
0.01
16.69
17.25
9.34
1.11
0.00
0.00
0.00
0.00
0.00
0.57
3.15
30.26
51.53
12.59
2.30
0.21
0.00
0.00
0.00
0.00
4.91
1.04
3.94
2.08
17.14
0.32
1.42
1.14
14.85
0.02
0.95
0.17
16.96
0.17
3.71
0.03
0.00
0.00
0.00
0.00
0.15
0.03
10.22
48.90
22.00
4.93
0.00
0.00
0.11
0.01
4.46
9.25
3.97
0.00
12.69
28.95
3.43
0.26
0.00
0.00
0.25
0.00
0.00
0.00
0.00
0.00
0.00
0.95
0.22
1.89
4.43
17.61
2.98
0.00
0.17
0.00
0.66
0.00
0.00
3.51
12.56
0.01
6.97
1.77
0.00
0.00
0.00
0.74
0.10
0.34
0.00
0.00
0.17
0.02
3.14
2.07
0.00
0.06
0.00
6.81
0.97
0.00
0.16
0.00
0.00
0.00
0.00
0.00
0.00
0.00
4.06
25.99
29.79
0.00
0.00
0.00
0.00
0.21
0.41
0.07
0.00
0.00
0.00
0.23
0.06
0.00
0.00
0.00
0.00
0.00
0.00
0.00
0.00
0.00
0.00
0.00
0.00
0.00
0.00
15.59
5.87
3.67
0.00
0.00
0.97
8.63
0.00
0.00
0.00
0.00
0.00
0.00
0.00
0.00
3.09
1.13
0.00
0.00
0.00
0.00
0.02
0.00
0.00
0.00
0.00
0.00
0.00
0.00
0.00
0.00
0.00
0.00
0.00
0.00
0.00
0.00
0.00
0.00
0.00
0.00
0.00
0.00
0.00
0.00
0.00
0.00
0.00
0.00
0.00
0.00
0.00
0.00
0.00
0.00
3.63
1.25
0.00
0.18
0.00
0.00
0.00
0.00
0.00
0.00
0.00
0.00
0.00
0.00
0.00
0.00
0.00
0.00
0.00
0.00
0.00
0.00
0.00
0.00
0.00
4.08
1.99
0.00
0.00
0.32
20.80
2.51
4.18
6.06
0.00
0.00
0.00
0.40
0.01
0.16
0.05
0.00
0.00
0.00
0.00
0.00
0.00
0.00
0.00
0.00
1.09
0.02
0.00
1.04
0.00
0.00
0.00
0.00
0.00
0.00
0.00
0.08
0.07
0.06
0.71
9.29
18.69
7.04
35.45
12.64
1.80
8.28
0.06
0.96
0.00
0.03
7.52
0.00
0.00
0.00
0.00
0.00
0.07
0.71
0.93
8.44
10.03
0.00
0.00
0.14
5.67
11.93
0.02
3.37
0.00
0.00
1.24
1.02
18.59
2.79
1.37
0.00
0.04
3.09
0.05
3.51
23.07
1.37
0.00
0.00
37.66
0.00
3.65
27.54
0.00
15.38
3.75
0.49
17.04
13.64
0.00
0.06
0.00
0.00
0.00
0.00
10.15
3.19
0.00
0.00
0.00
0.00
0.00
0.00
0.00
0.00
0.00
3.48
0.00
0.00
0.37
2.66
15.57
16.63
18.20
0.00
7.98
3.05
8.04
3.93
23.99
36.86
7.58
0.03
0.00
0.00
0.00
18.89
65.53
9.58
0.00
0.00
1.87
0.00
0.14
12.77
14.77
39.85
0.55
39.01
3.34
11.42
0.00
4.78
5.10
0.00
0.54
25.84
15.78
33.07
1.44
0.58
0.91
1.22
0.00
0.00
36.79
89.75
48.36
2.34
0.62
0.00
0.00
0.04
0.00
0.00
1.63
24.88
0.12
32.24
0.00
0.00
0.00
1.92
0.44
0.51
0.00
0.00
0.00
0.11
22.16
0.29
0.41
0.00
1.00
0.00
0.00
0.01
0.00
0.06
2.89
1.17
0.03
0.21
1.04
29.40
5.50
0.22
11.28
8.68
0.00
35.36
18.04
2.16
0.00
0.00
3.06
0.00
8.00
0.00
0.02
0.00
0.00
5.52
0.35
1.71
3.31
0.41
11.21
0.00
0.00
0.00
0.00
0.00
0.00
16.38
6.54
0.00
0.00
0.00
0.02
0.49
0.00
0.00
0.00
33.01
9.25
5.61
1.93
0.00
0.00
0.00
0.00
0.00
0.00
1.52
0.24
0.00
0.00
0.00
0.00
0.00
0.00
0.00
0.00
0.00
0.00
0.00
0.00
0.00
0.03
0.03
0.00
0.00
0.00
0.00
0.00
0.00
0.00
0.00
0.00
0.00
0.00
0.00
0.00
0.00
0.00
0.00
0.00
0.00
0.00
0.00
0.00
0.00
0.00
0.00
0.16
9.48
1.56
31.15
10.24
0.07
0.00
9.12
17.86
1.92
2.01
1.78
0.96
0.67
1.37
1.69
0.46
0.06
0.00
0.00
0.00
0.00
0.00
0.00
0.00
0.00
0.00
0.00
0.00
2.11
19.92
16.63
0.07
0.00
2.06
0.68
0.00
1.59
3.09
2.64
0.00
0.00
0.00
0.00
0.07
0.00
0.51
0.97
13.53
6.17
0.03
4.60
0.00
0.00
13.70
5.31
1.48
1.92
8.04
0.30
1.19
0.00
0.16
9.30
3.57
0.00
0.00
0.00
0.00
0.00
0.00
0.00
0.00
0.04
12.51
4.28
9.13
4.66
0.00
0.02
8.23
1.49
0.00
0.00
0.00
0.12
6.72
9.31
2.12
0.38
4.42
0.00
1.13
0.00
0.00
5.64
1.95
18.35
31.83
5.39
0.61
0.00
0.54
0.00
0.00
4.18
0.66
0.00
0.00
1.10
3.65
0.01
0.00
9.71
0.00
0.09
1.75
0.02
4.86
28.73
25.10
0.29
0.00
0.00
0.19
10.08
0.00
25.00
0.45
0.00
0.00
0.00
0.00
0.00
0.00
3.74
12.44
0.00
0.00
0.00
0.00
0.00
0.00
0.00
6.52
26.65
20.49
12.85
19.57
31.99
15.61
15.66
0.00
14.52
5.85
50.58
58.04
6.70
10.45
0.00
3.40
5.19
0.20
2.18
4.21
18.08
0.18
0.00
3.91
11.83
0.00
0.00
0.00
0.00
0.00
0.00
0.00
0.09
0.14
23.60
4.10
28.63
20.67
4.05
4.30
2.16
50.96
22.30
11.05
0.00
0.00
11.08
63.98
0.09
2.81
47.68
0.00
0.00
0.00
0.01
0.26
4.38
20.66
1.16
0.00
12.46
0.00
0.00
0.00
0.00
0.01
0.00
0.13
87.48
0.00
5.99
0.16
27.65
113.45
54.70
19.07
56.77
19.98
0.59
2.12
39.03
21.06
45.76
34.03
27.90
30.81
11.97
2.67
0.00
0.00
0.00
0.00
0.00
0.00
0.00
1.22
0.27
0.00
0.00
0.00
0.00
0.00
0.00
1.91
0.00
2.29
1.34
8.17
4.75
4.04
11.77
6.72
6.73
0.02
11.55
16.23
4.41
0.00
0.00
2.88
0.00
0.00
0.21
0.34
2.21
18.16
0.18
10.59
0.00
0.04
6.40
0.24
0.00
0.01
0.10
0.00
0.00
0.80
6.31
0.38
0.00
0.00
0.00
9.48
26.69
0.25
3.04
0.85
0.00
0.16
3.23
10.00
8.88
8.67
2.41
0.17
0.00
0.21
1.07
0.24
0.00
2.54
10.10
3.13
0.32
0.57
6.75
0.00
0.55
3.04
0.00
0.09
0.01
15.19
5.38
0.00
1.19
11.87
0.00
0.12
0.29
0.00
0.00
0.00
0.00
0.00
0.00
0.00
0.04
0.00
0.22
0.37
0.44
0.57
6.50
0.25
0.00
0.00
0.00
0.00
0.00
0.00
0.73
4.01
10.21
1.21
2.80
0.00
0.00
0.00
0.00
0.00
0.00
0.00
0.00
0.00
0.70
0.41
0.00
0.00
0.00
0.00
0.00
0.00
0.00
0.00
0.00
0.00
0.00
0.12
0.30
0.00
0.00
0.02
0.38
0.03
0.03
0.00
0.00
0.17
2.23
0.00
0.00
0.00
0.00
0.00
0.00
0.00
0.00
0.00
0.00
0.02
1.90
2.79
0.00
1.11
8.08
32.25
4.06
1.56
0.00
0.00
0.00
0.00
0.00
0.00
13.61
5.04
0.01
0.00
0.00
0.00
0.00
0.00
0.00
3.26
1.22
3.03
1.40
0.06
0.00
0.02
0.00
1.14
1.24
0.17
0.00
0.39
0.00
0.00
0.00
0.00
0.30
0.83
0.00
0.00
0.00
0.63
4.49
0.00
0.00
0.00
0.00
0.00
0.00
1.34
0.16
0.00
0.00
0.00
0.00
0.00
0.00
0.00
3.48
0.00
2.91
8.26
0.00
17.91
9.34
3.75
15.93
2.63
0.00
0.00
0.00
1.32
3.71
0.00
0.00
0.00
0.00
0.00
0.00
1.07
0.00
0.84
7.27
0.00
0.00
0.03
0.03
3.60
1.27
0.00
0.36
3.06
0.00
0.00
48.68
18.42
0.00
3.34
6.48
0.00
0.00
0.00
0.55
0.00
0.00
0.00
0.00
0.00
0.00
0.24
4.90
0.72
0.00
0.00
0.42
0.06
0.00
0.17
0.10
0.00
0.00
0.00
0.00
11.54
1.21
0.00
0.00
0.00
2.88
2.75
0.00
0.23
0.00
0.00
0.00
0.00
2.47
28.81
14.86
59.54
35.48
13.99
11.33
8.28
12.86
0.89
0.00
0.00
8.70
25.32
6.49
27.49
21.40
13.91
0.00
0.00
0.00
1.04
0.00
5.60
0.07
0.00
0.00
0.00
0.00
0.00
0.00
0.00
0.00
0.13
0.37
3.23
0.00
0.00
0.40
23.75
0.70
0.01
0.05
9.12
26.76
19.12
0.00
2.08
1.66
0.88
0.00
0.26
1.31
4.25
0.30
0.00
1.10
4.00
0.00
2.71
34.85
0.33
6.04
0.00
0.00
0.00
0.00
0.00
0.00
0.00
0.01
9.25
2.09
0.61
3.24
6.55
1.18
4.40
3.83
2.10
15.22
1.08
15.79
0.43
0.00
0.00
0.00
2.26
0.28
0.00
0.00
4.95
6.20
10.26
0.09
0.33
0.27
0.85
0.02
1.57
0.00
4.42
0.60
0.40
0.95
2.09
0.00
0.00
0.00
0.00
0.00
0.37
7.09
0.00
0.02
3.26
4.10
4.55
0.00
1.59
0.12
1.16
32.22
50.42
14.13
0.19
0.11
0.00
0.81
2.14
0.37
2.43
3.76
9.46
0.00
0.04
0.00
0.00
0.00
0.00
0.00
0.07
4.40
0.48
0.00
0.00
0.00
0.00
0.00
0.00
0.00
0.00
0.00
0.12
11.87
0.00
2.13
7.37
0.00
0.00
0.00
1.33
0.00
0.00
0.79
0.35
25.88
28.61
0.36
0.00
0.00
0.00
0.00
0.00
0.01
0.00
0.00
0.00
0.00
4.24
0.00
0.00
0.00
0.00
0.00
0.00
0.00
0.00
0.00
9.00
0.00
0.00
2.64
51.29
35.88
0.05
0.00
0.00
0.00
0.00
0.00
0.00
8.08
39.83
0.08
0.00
0.00
0.00
0.00
0.00
0.00
0.00
0.00
0.00
0.00
0.00
2.02
0.00
0.00
0.00
0.00
0.03
1.19
4.35
0.00
0.00
0.00
0.00
0.00
0.00
0.00
0.00
0.00
0.00
0.00
0.00
0.00
0.00
0.00
0.00
0.00
0.00
0.00
0.42
12.03
0.57
0.00
0.00
0.07
9.69
14.00
14.98
2.14
0.00
0.04
0.00
0.00
0.00
2.80
19.08
35.35
31.16
0.00
0.00
2.74
4.09
3.57
22.28
4.94
1.74
6.36
0.01
5.45
0.64
0.00
0.00
0.00
0.00
0.18
6.42
0.10
7.35
0.59
23.63
0.52
0.00
0.64
2.28
0.84
0.00
0.00
0.25
1.65
2.50
0.00
0.00
0.00
0.00
2.47
0.72
32.24
20.36
9.69
2.44
49.37
8.56
1.70
0.05
1.08
0.00
28.97
56.01
50.17
4.94
27.76
3.39
0.58
0.32
0.00
0.08
0.00
0.00
0.00
0.06
19.23
0.18
12.02
0.00
0.00
2.43
0.00
0.00
0.00
0.00
0.00
0.00
3.32
0.00
0.00
0.01
0.00
1.25
2.76
8.89
0.17
46.70
3.65
0.00
51.63
25.04
0.02
27.30
29.00
0.92
13.98
12.24
1.11
4.87
0.00
0.00
23.42
32.91
14.55
0.04
9.37
0.54
64.77
7.57
56.97
4.98
46.00
1.56
0.00
0.00
0.02
6.98
62.24
7.95
0.84
19.37
16.85
27.53
8.92
2.39
0.00
0.00
6.60
0.15
0.00
0.00
0.00
0.00
0.18
0.53
17.65
0.23
0.61
1.90
0.00
2.50
1.10
0.01
0.12
0.02
2.90
0.00
0.02
31.23
76.00
55.43
0.23
0.00
0.00
0.15
60.02
6.99
0.73
8.16
0.80
3.51
21.48
22.03
7.28
22.54
0.70
0.00
0.00
0.00
0.00
0.00
0.00
0.00
1.52
6.39
1.36
0.00
0.00
0.00
0.00
0.00
0.00
0.00
0.00
2.30
5.79
11.92
4.88
3.08
0.04
0.00
4.79
2.85
1.87
1.79
2.27
8.81
7.51
0.82
0.00
0.01
0.00
2.84
109.44
2.38
0.52
3.30
0.00
0.56
14.77
5.92
0.13
1.02
3.08
0.03
0.08
0.84
0.51
29.70
0.00
1.36
2.68
0.36
6.40
0.24
0.67
0.00
1.48
0.46
0.62
4.58
0.00
5.35
21.13
33.48
5.38
0.00
37.26
0.27
2.45
6.95
11.45
0.16
0.46
2.72
0.00
0.00
0.00
0.00
0.01
0.00
0.00
0.30
3.43
1.23
10.10
0.00
0.00
0.00
0.00
0.00
0.00
0.00
0.00
0.00
0.00
0.00
0.00
0.00
0.00
0.00
0.00
0.00
0.00
0.00
0.00
0.00
0.00
0.00
0.00
0.00
0.00
0.00
0.00
0.00
0.00
0.00
0.00
0.00
5.60
16.41
20.54
0.00
0.00
0.00
0.90
0.00
0.04
0.00
2.80
3.70
0.49
14.21
0.00
0.00
0.00
0.06
0.01
10.02
0.00
0.00
0.00
6.52
28.01
52.47
0.00
0.00
48.49
1.05
0.02
13.14
23.29
21.57
25.14
0.00
0.18
0.21
0.49
0.00
0.00
0.01
0.00
5.11
0.01
0.00
0.00
0.00
0.87
0.00
4.37
1.85
0.00
0.04
2.53
0.62
0.00
0.10
0.00
0.38
18.12
0.00
8.29
0.14
0.38
0.00
0.01
0.08
4.04
0.05
0.00
0.00
0.00
0.00
0.06
2.02
0.09
0.00
0.00
0.00
1.49
1.11
0.00
0.00
0.00
0.69
0.09
0.00
0.23
0.00
0.00
0.00
0.94
0.04
0.00
0.18
0.00
0.00
0.00
15.16
2.59
3.34
8.49
0.30
0.52
1.07
0.00
0.00
0.00
0.00
0.13
0.00
0.00
0.00
1.09
0.01
1.50
0.00
0.00
0.00
0.08
10.11
0.00
0.31
1.77
0.42
0.00
0.00
0.00
0.00
0.00
0.00
0.00
0.00
0.00
0.00
0.04
0.09
0.00
0.00
5.51
0.99
0.99
8.83
0.02
0.00
12.05
0.39
19.14
45.33
1.25
10.65
1.42
8.17
4.61
8.95
5.27
11.69
31.66
15.67
0.18
0.00
5.26
2.32
0.00
0.07
0.00
0.00
0.00
0.00
0.00
4.23
20.68
25.77
2.09
0.00
1.88
0.00
12.74
0.68
0.00
0.00
2.76
0.65
55.15
0.85
0.00
1.93
5.39
0.91
0.00
1.27
4.40
50.19
17.14
0.00
0.00
0.00
23.50
14.03
21.53
0.00
12.75
8.05
33.43
7.80
7.79
0.00
3.00
5.00
1.38
15.30
0.02
10.02
8.91
4.00
0.00
12.14
4.85
35.34
0.00
6.67
0.06
7.33
5.59
3.85
30.81
8.26
3.92
1.30
2.20
1.03
0.00
0.00
1.83
6.98
3.23
0.02
5.93
3.17
1.52
0.47
0.00
0.00
0.00
0.00
0.00
0.00
0.00
0.00
0.00
0.00
12.63
0.00
2.31
0.50
0.00
0.00
62.55
7.07
16.60
3.09
2.92
0.21
0.96
2.63
0.27
0.00
0.00
0.12
0.00
9.58
4.35
0.00
5.31
0.12
2.26
0.00
2.68
1.01
0.00
0.00
0.00
0.08
0.00
3.85
0.19
0.00
0.00
9.38
6.95
1.74
0.67
0.49
0.00
1.40
0.00
18.06
89.49
1.97
2.06
5.65
17.36
2.63
0.04
11.01
44.14
7.85
0.00
0.00
0.00
0.06
0.00
1.57
2.55
0.00
0.00
0.00
0.00
0.00
1.15
11.06
0.00
0.00
0.00
0.00
0.00
0.00
0.34
33.41
6.69
0.00
0.02
0.00
0.00
0.00
0.00
0.00
0.00
0.00
0.00
0.00
0.00
0.00
8.18
5.13
3.29
0.00
0.00
0.00
0.00
0.00
0.00
0.00
0.00
0.04
0.00
0.00
0.00
0.00
0.00
0.00
0.00
0.00
0.00
0.00
0.00
0.00
0.00
0.00
10.08
2.69
0.00
0.73
0.01
0.00
0.00
0.00
2.06
3.98
14.44
0.06
0.00
0.01
0.00
0.00
0.00
0.00
0.00
0.00
0.00
1.36
39.02
0.00
0.00
1.83
0.00
0.05
0.00
0.00
0.00
0.00
0.00
0.00
0.00
0.00
0.27
0.00
0.00
0.00
1.69
0.59
2.78
46.69
57.38
19.47
0.01
0.00
0.01
0.00
0.00
0.00
0.00
0.00
0.00
0.00
0.00
0.00
0.00
0.00
0.00
0.00
0.00
0.01
0.00
0.00
4.08
0.00
0.00
0.00
0.05
0.12
3.70
0.00
0.00
0.00
0.00
0.00
0.02
0.00
0.00
0.00
0.00
0.00
0.00
0.00
0.00
0.00
0.00
0.00
0.00
0.00
0.00
0.00
0.01
5.78
0.00
0.26
34.40
17.04
0.24
0.38
6.16
0.01
0.00
0.65
0.18
0.00
9.68
2.19
0.00
0.00
0.00
0.00
0.04
11.13
0.00
0.09
1.62
2.81
12.59
10.38
1.61
0.99
10.74
9.60
13.42
0.00
2.31
25.49
12.94
0.00
0.12
2.97
4.39
0.00
0.00
0.00
2.57
22.36
5.29
0.01
0.00
0.00
3.84
4.12
2.17
4.69
1.13
17.74
0.05
0.16
0.05
0.02
0.00
7.24
1.03
18.23
0.00
6.43
0.00
0.00
0.00
0.00
0.00
0.00
0.00
0.00
0.74
0.00
3.55
8.56
81.60
0.84
25.13
19.64
0.00
0.00
7.77
4.53
0.00
0.00
2.17
47.09
5.41
0.00
3.72
11.50
0.05
0.00
0.06
1.18
4.93
26.66
0.32
13.39
13.39
44.44
34.93
0.00
20.51
29.04
3.18
2.86
58.11
3.27
0.00
0.21
8.45
37.02
4.95
1.32
18.44
0.00
0.31
17.43
41.82
5.19
0.01
0.00
0.42
0.00
0.00
0.00
0.00
0.00
0.25
7.32
39.66
0.23
0.26
14.01
9.12
19.61
20.38
12.32
0.04
2.88
12.77
8.98
0.02
0.04
0.43
3.34
0.48
0.00
0.67
4.85
4.83
1.96
3.86
0.02
3.38
0.62
24.05
0.02
0.91
0.58
8.15
3.42
0.00
0.00
0.00
37.46
15.38
2.28
6.60
0.44
11.17
0.00
0.00
0.00
1.09
0.41
1.47
1.07
0.12
4.98
8.20
5.18
3.28
5.26
16.88
20.09
21.43
11.82
9.10
1.76
7.15
2.70
34.69
24.96
0.33
0.42
0.35
0.00
1.61
14.32
3.21
15.06
0.00
4.95
0.64
0.00
16.36
8.58
0.00
1.79
0.42
0.00
0.00
0.04
2.03
0.58
2.65
0.75
0.00
0.00
0.00
0.00
0.00
0.01
0.51
4.51
0.03
0.00
0.00
0.05
0.15
0.61
0.02
0.00
0.06
0.17
0.00
0.00
0.00
0.00
0.00
0.00
0.00
0.00
0.00
0.00
0.00
0.00
0.00
0.00
0.00
0.00
0.00
0.00
0.00
2.67
0.00
0.00
0.00
0.00
0.00
0.00
0.00
0.00
0.00
0.00
0.87
0.13
0.00
0.00
0.00
0.00
17.79
2.70
4.73
0.30
1.35
8.13
1.18
0.00
0.00
0.00
0.00
0.00
0.00
0.00
0.00
0.00
0.00
0.00
0.00
0.00
0.00
0.02
0.63
8.70
0.00
0.14
36.14
0.00
0.00
0.00
0.00
0.01
0.00
0.00
0.00
0.00
0.00
0.00
0.00
0.00
0.00
0.00
0.00
0.00
0.00
0.00
0.00
0.00
0.22
2.71
2.89
0.00
0.00
0.00
0.00
0.00
0.00
0.00
0.00
0.00
0.14
0.67
0.00
0.00
0.00
0.21
25.21
20.34
0.00
0.00
0.12
0.00
0.00
0.00
0.14
0.00
0.00
0.00
0.70
0.96
0.00
11.59
0.19
0.00
0.00
0.06
0.00
0.00
0.44
0.83
0.00
0.00
0.00
0.00
0.00
0.00
0.00
0.00
0.00
0.11
21.88
0.00
0.01
21.11
3.79
0.17
13.59
4.56
3.08
0.45
0.00
0.00
0.00
4.09
0.00
0.14
25.33
9.28
13.92
0.39
0.00
2.50
8.04
6.65
8.95
0.00
5.58
5.31
6.68
17.91
0.00
0.00
0.00
0.04
0.00
6.00
23.25
0.00
0.00
9.81
0.00
0.00
0.00
0.07
0.00
0.00
0.15
0.00
0.00
0.00
0.00
5.92
17.36
11.70
5.49
0.74
0.00
0.00
0.00
0.00
0.00
0.00
0.00
4.62
1.46
0.00
0.00
0.05
1.00
0.00
0.34
38.05
21.88
0.00
20.09
0.83
8.99
0.00
24.78
15.74
1.91
28.67
11.41
2.14
5.71
14.97
0.10
0.00
0.21
10.35
3.95
2.30
93.21
172.52
21.37
22.02
9.03
14.06
0.19
22.35
18.41
9.62
6.95
0.00
42.08
37.12
0.36
0.01
1.11
24.63
5.90
2.84
9.29
0.00
18.77
17.03
19.99
16.51
15.64
0.13
0.12
0.00
0.00
1.41
1.33
2.14
0.18
3.88
6.40
1.22
7.08
0.00
0.00
0.00
0.00
0.00
2.08
83.89
59.27
11.85
23.76
0.00
0.35
1.84
0.15
0.00
0.00
0.00
0.00
0.00
0.07
9.74
27.94
2.67
1.56
30.16
19.44
38.87
2.22
5.91
8.02
0.09
0.00
2.11
10.31
0.52
1.04
0.08
0.00
0.03
0.36
0.53
0.37
4.60
30.41
30.30
22.40
0.09
2.51
27.04
7.14
2.42
4.73
7.18
3.84
1.52
0.10
0.33
1.74
1.99
0.17
0.00
0.00
1.09
3.06
5.64
23.56
5.70
74.03
3.13
0.95
0.18
0.96
8.81
0.00
0.00
0.00
0.00
0.00
0.00
0.35
0.00
0.00
0.00
0.00
0.00
19.04
45.47
22.83
0.87
6.44
0.02
0.67
0.33
0.00
0.00
45.71
18.53
0.41
0.00
0.00
1.37
0.45
15.89
13.81
0.85
9.34
0.36
0.00
0.00
0.00
0.00
0.00
0.00
0.00
0.00
0.00
0.00
0.00
0.00
0.00
0.00
0.00
0.00
0.00
0.00
0.02
25.21
21.37
3.32
0.28
0.08
0.00
0.00
0.00
0.00
9.17
4.06
2.79
19.20
6.38
22.55
4.35
0.00
6.00
0.00
0.08
0.00
0.00
3.52
0.00
0.00
0.00
0.00
0.00
0.00
1.87
3.41
0.00
0.72
6.31
0.00
0.02
39.65
0.00
0.00
8.33
52.86
0.00
1.18
3.09
18.23
0.48
0.00
0.00
0.00
0.00
0.00
0.00
1.17
15.98
17.83
4.12
0.00
9.12
0.03
0.00
0.99
0.00
0.00
0.00
0.00
0.00
0.81
38.63
0.00
0.00
0.00
0.00
16.46
0.69
0.00
0.00
8.40
0.02
10.11
0.59
0.00
1.07
30.01
4.51
24.63
1.15
0.00
0.00
20.28
23.44
59.38
0.70
0.33
26.31
5.35
0.00
0.00
0.18
0.00
0.01
0.00
0.00
0.00
5.67
0.01
0.04
11.76
0.88
0.00
0.00
0.00
0.00
0.00
0.00
1.59
15.25
10.45
0.02
1.78
1.85
0.00
0.00
0.00
0.00
0.02
0.00
0.53
14.99
0.00
0.00
0.05
26.69
10.72
0.00
13.84
24.68
0.00
0.00
6.42
46.76
7.36
11.94
47.29
4.87
26.88
10.77
1.30
0.00
0.00
0.00
0.00
0.00
14.57
0.00
0.00
0.02
17.81
19.33
0.00
0.00
0.97
24.48
26.44
31.35
3.15
14.11
1.62
1.57
13.45
10.24
56.56
0.00
9.19
1.46
3.71
1.68
38.30
1.29
8.99
47.03
0.00
0.00
0.03
3.49
0.24
26.45
0.00
0.02
3.70
18.56
0.01
1.41
18.60
5.31
0.00
0.00
0.00
0.01
7.35
0.00
0.00
5.76
29.84
11.93
32.47
0.60
0.00
0.00
0.00
0.00
3.12
3.38
23.10
2.27
0.00
0.00
20.16
14.72
7.78
4.07
0.00
0.02
0.40
14.00
0.01
29.22
46.08
30.62
42.59
26.54
14.94
53.29
19.25
0.00
0.00
0.00
0.00
0.00
0.00
0.00
12.64
0.21
3.34
8.48
4.96
0.00
0.00
1.46
0.82
4.24
0.00
0.00
1.70
114.22
2.43
2.98
3.76
1.67
1.68
4.77
6.37
15.53
39.67
0.07
0.00
0.00
0.00
0.00
0.00
3.23
2.89
0.33
0.01
1.49
2.42
0.00
12.67
1.15
11.10
1.74
2.17
15.82
4.06
1.58
16.74
13.18
28.96
3.51
43.59
0.02
0.73
0.01
0.07
0.30
1.70
6.25
0.00
0.01
0.00
0.00
0.25
14.29
0.27
0.00
0.00
0.00
0.01
11.94
7.51
0.07
0.00
0.00
4.39
0.00
0.00
2.10
48.17
11.67
0.14
0.01
9.10
48.52
0.37
0.01
0.00
0.00
0.00
0.00
0.00
0.00
0.00
0.00
0.00
18.47
84.93
4.29
0.92
16.49
9.59
0.14
0.00
2.87
0.87
0.71
2.19
1.17
1.24
0.37
0.00
0.00
0.00
0.00
0.15
0.03
4.98
0.06
0.23
37.53
65.83
0.00
4.73
2.05
0.00
0.00
0.13
0.00
0.00
0.47
0.10
0.09
0.00
0.00
0.00
0.00
0.03
1.80
7.98
0.00
0.25
7.60
0.00
0.00
1.83
0.01
0.00
0.00
56.68
34.30
3.75
3.71
2.80
0.22
26.33
38.90
0.13
0.00
0.00
0.00
0.00
0.00
0.00
0.10
0.00
0.00
0.00
0.00
0.00
0.00
0.00
0.00
0.00
0.00
0.00
0.00
0.00
0.00
0.00
0.01
6.77
0.00
0.00
5.65
1.35
0.00
0.00
0.00
0.00
0.00
0.00
0.00
0.00
0.00
0.00
0.00
0.13
0.27
0.00
0.00
0.00
3.25
22.49
8.17
3.23
0.00
0.31
3.79
3.62
1.53
0.00
0.00
0.00
0.00
0.00
0.00
0.00
0.00
0.00
1.89
4.04
0.49
0.12
0.00
0.00
0.01
0.00
0.00
2.19
3.22
0.00
0.13
0.10
0.00
0.00
0.00
0.00
0.00
0.00
0.00
0.60
0.40
0.30
19.39
6.11
12.65
3.17
0.00
0.01
0.03
0.00
0.00
0.00
1.91
20.87
2.68
4.38
1.13
27.86
39.46
4.12
2.94
2.03
0.46
4.45
9.54
0.01
0.00
4.57
1.66
0.01
24.62
0.00
1.32
5.21
0.30
0.07
7.39
0.00
38.24
9.85
0.00
0.00
0.00
0.00
0.00
3.14
2.09
5.19
0.14
18.67
14.22
0.15
0.00
0.00
0.48
0.00
5.17
0.00
14.00
10.06
22.58
0.00
0.00
1.92
0.98
24.40
6.36
0.00
0.00
0.00
1.39
0.00
9.26
11.59
0.00
0.00
1.77
8.10
0.00
0.00
50.47
55.20
0.00
0.00
38.26
0.00
0.13
0.00
0.00
0.00
1.78
0.03
40.01
3.65
0.00
0.00
0.00
0.00
0.00
0.00
0.00
64.23
20.51
84.07
3.84
0.00
25.53
9.00
3.41
0.00
0.00
0.00
1.09
10.02
47.88
25.42
41.80
1.08
12.48
35.98
42.54
13.09
1.69
0.00
3.10
0.96
32.86
11.74
9.76
3.83
2.85
5.72
11.41
2.07
4.62
2.85
4.80
15.56
4.00
0.18
0.00
2.41
4.89
6.93
1.87
0.00
2.89
1.40
4.88
4.00
3.54
0.00
0.00
0.00
0.00
3.49
0.00
0.00
0.00
1.82
37.44
21.79
6.68
11.89
5.67
2.08
0.02
0.00
0.00
0.00
0.00
7.31
0.00
0.00
0.00
0.00
0.00
0.00
5.08
0.00
0.00
0.00
10.10
0.00
0.05
0.19
22.56
0.00
0.05
0.00
0.00
0.00
2.27
0.00
0.00
0.14
0.38
0.00
0.26
20.02
3.37
0.97
0.00
0.00
8.45
0.05
0.00
0.00
0.00
0.00
0.00
0.00
0.00
0.41
0.03
4.62
0.29
0.00
0.00
0.00
1.46
0.20
5.71
0.00
0.04
55.22
1.60
0.00
0.00
0.00
0.00
0.00
0.00
0.00
0.00
0.00
0.90
0.00
0.00
0.00
0.00
0.05
0.00
0.00
0.00
0.00
0.00
0.00
0.00
0.00
0.00
0.00
0.00
0.00
0.00
0.00
0.00
0.00
0.00
0.00
0.49
0.00
0.00
0.00
0.00
0.00
0.00
0.32
0.38
0.00
10.25
3.28
7.88
1.63
12.52
0.00
1.20
2.98
1.82
0.83
0.00
0.00
0.00
1.91
0.01
0.00
0.00
0.30
0.00
0.00
0.00
0.00
0.00
0.00
0.00
0.00
5.87
5.11
2.22
0.00
0.00
0.00
0.00
0.00
0.00
0.00
0.00
0.00
0.00
0.00
0.00
0.18
0.00
0.00
0.00
0.00
0.00
0.00
1.45
2.65
43.73
53.28
15.55
0.00
0.00
0.00
0.00
0.00
0.00
0.00
0.00
0.00
0.00
0.00
0.00
3.12
0.00
0.00
0.00
0.00
0.00
0.00
0.00
0.00
10.50
4.16
0.00
0.08
0.00
0.00
0.00
0.00
0.00
0.00
3.98
0.00
0.00
0.00
0.00
0.00
0.00
0.00
0.00
0.00
0.07
0.00
2.67
5.28
7.79
15.65
0.55
0.00
0.23
5.44
0.00
0.00
0.00
3.37
8.84
0.03
20.21
0.00
0.00
0.00
0.00
0.00
0.00
5.60
15.26
0.00
0.10
0.00
27.85
0.00
0.00
0.00
0.00
0.04
1.05
0.06
0.00
0.00
0.00
0.00
0.00
0.00
0.12
0.00
0.00
0.02
8.94
0.00
0.00
0.02
0.00
0.00
6.48
0.00
4.13
0.36
3.79
0.00
0.00
0.00
0.00
0.00
0.04
4.94
0.00
0.00
11.64
0.00
6.75
1.41
13.18
1.99
7.32
2.83
6.12
0.00
1.18
27.99
0.00
0.63
46.14
2.27
1.59
0.00
0.00
0.00
0.00
0.00
0.00
0.00
0.84
0.06
0.00
0.00
5.61
0.00
0.00
6.23
1.03
51.04
7.03
0.00
0.00
0.00
0.00
0.00
0.00
0.00
0.00
0.00
0.00
0.00
0.00
0.00
0.00
0.00
0.00
0.00
0.00
0.65
0.23
6.31
5.52
6.38
7.99
0.00
0.12
0.00
0.00
0.00
0.00
0.49
1.22
0.00
5.19
3.24
3.99
10.62
2.25
0.78
0.00
0.00
53.50
0.15
1.97
0.00
0.00
0.00
0.00
0.00
0.00
0.00
2.56
33.15
0.40
5.67
0.66
7.55
6.42
3.15
4.35
0.78
18.98
7.07
2.27
3.99
7.97
0.00
0.29
19.03
0.00
0.00
0.00
0.00
1.00
0.97
9.79
3.39
0.00
0.60
5.91
0.40
1.16
19.96
0.91
22.69
7.26
21.88
0.00
0.00
0.00
20.71
16.95
3.28
0.35
0.00
0.00
0.15
5.74
19.45
10.81
3.12
0.00
0.00
0.00
1.70
0.42
0.00
0.00
8.34
1.34
6.07
0.44
0.00
16.01
16.91
32.93
2.00
0.00
0.00
0.00
0.00
0.00
0.00
0.00
0.00
0.00
0.00
0.00
0.00
0.00
0.00
0.00
0.00
0.00
0.00
0.00
0.00
0.00
0.00
0.00
0.00
0.00
0.00
0.00
0.00
0.00
0.00
0.00
0.00
0.00
0.00
0.00
0.00
0.00
0.00
0.00
0.00
0.00
0.00
0.00
0.00
0.00
0.00
0.00
0.00
0.00
0.00
0.00
28.37
3.76
0.81
2.25
2.55
4.21
2.03
0.00
0.00
0.00
0.00
0.00
0.00
0.00
0.00
0.00
0.00
0.00
0.00
0.00
0.00
0.00
3.08
3.23
7.66
0.00
1.23
0.00
1.26
0.00
0.00
0.00
0.00
0.00
0.00
2.02
0.00
0.06
0.07
1.69
0.00
0.00
0.24
1.20
0.00
2.77
0.21
