19790101
0.16
3.10
0.11
0.07
0.04
0.04
0.04
0.01
0.03
0.03
6.06
2.63
1.68
10.28
1.69
0.21
1.51
0.77
0.50
1.03
0.57
1.95
2.02
0.40
0.03
0.36
0.36
3.76
2.51
12.75
4.39
0.00
1.16
6.87
2.23
2.44
0.05
7.32
0.03
2.48
6.37
0.30
5.34
13.00
3.27
0.33
0.07
0.03
0.40
1.84
0.08
0.08
1.21
0.35
0.45
0.02
0.02
0.01
0.00
2.46
19.97
1.45
1.35
5.24
15.69
14.71
14.01
2.01
4.61
0.46
5.33
25.77
6.06
10.82
11.33
30.67
43.23
56.49
4.00
0.63
21.68
0.55
1.18
14.37
10.57
2.91
3.15
2.75
10.76
2.45
15.90
14.92
8.03
6.23
20.61
9.28
7.00
0.90
17.00
0.78
0.13
1.24
0.02
0.01
0.04
4.37
12.79
9.30
0.39
0.04
0.05
0.04
0.08
4.11
11.77
0.04
0.04
0.01
0.53
8.38
13.05
11.81
25.30
0.08
2.55
10.28
9.01
9.17
8.01
10.62
21.79
3.01
16.69
20.23
1.74
0.02
0.36
1.00
0.02
0.12
0.34
0.01
0.01
0.64
0.16
16.76
42.35
27.64
4.37
0.03
0.07
0.01
0.02
0.04
0.06
8.68
21.98
2.20
0.11
0.01
28.51
21.18
0.66
0.00
0.04
0.02
3.97
18.78
5.48
12.29
18.10
4.70
5.11
0.82
0.69
1.35
1.12
14.88
34.61
18.90
8.28
1.25
0.04
0.05
0.44
0.78
0.63
0.02
0.03
0.23
0.63
1.71
0.03
0.05
0.07
0.04
0.05
0.05
4.01
28.42
15.57
0.04
1.29
2.73
2.37
11.43
45.46
0.00
0.96
7.05
0.56
2.35
0.71
2.77
0.98
0.41
0.04
0.43
0.45
0.33
2.40
3.84
1.38
0.42
1.36
0.60
0.20
0.48
1.44
7.22
12.67
15.14
12.96
7.27
2.52
0.49
0.74
1.41
7.22
17.68
25.93
9.36
1.13
2.31
7.37
5.70
9.45
0.05
3.20
3.18
4.31
5.87
1.73
1.55
0.31
0.92
0.64
2.41
1.58
1.41
2.22
0.31
0.59
0.42
0.06
3.17
22.01
22.31
3.03
0.03
0.04
0.03
0.02
0.01
0.02
0.00
0.00
0.00
0.00
0.00
0.00
0.00
0.02
0.00
0.00
0.02
0.02
0.02
0.02
0.02
0.01
0.02
0.00
0.00
0.00
0.02
0.00
0.01
0.03
0.02
0.02
0.00
0.00
0.00
0.02
0.19
0.13
5.53
5.42
0.02
0.08
0.11
0.05
0.05
0.06
0.05
0.01
0.04
0.03
0.07
1.16
0.10
0.00
0.02
2.89
2.81
1.28
0.02
0.00
0.10
0.13
0.02
0.02
0.00
0.01
0.02
0.01
0.02
0.54
0.16
0.10
0.04
0.05
0.06
0.11
0.05
0.02
0.02
0.02
0.01
0.01
1.86
4.52
0.51
0.07
2.08
1.52
0.05
0.02
0.05
0.02
0.04
0.01
0.04
0.03
0.07
0.04
0.06
0.09
0.16
0.16
0.05
0.02
0.03
0.04
0.68
5.70
0.14
0.03
0.03
11.08
0.80
0.31
1.03
0.07
1.26
0.12
0.13
0.27
0.21
0.73
0.26
47.11
3.61
0.19
0.04
6.45
1.65
6.17
5.80
0.09
7.82
10.33
3.18
6.93
0.35
6.07
6.97
2.85
0.12
0.08
0.06
0.48
1.29
0.19
1.69
1.30
2.45
9.82
9.19
1.77
20.84
2.62
0.07
7.36
9.71
0.10
6.62
19.71
48.80
30.84
28.89
34.23
2.34
0.14
0.32
0.22
0.12
0.20
0.01
0.08
10.49
7.42
0.21
0.90
1.16
0.41
0.06
0.44
3.04
6.27
0.81
0.23
0.08
0.16
5.72
3.60
1.98
3.99
0.11
0.20
1.38
2.88
9.33
9.99
14.37
48.93
19.91
20.51
0.80
0.03
0.02
0.00
0.00
18.81
16.79
28.81
8.47
29.91
47.81
17.34
22.43
6.57
6.73
18.06
4.29
11.89
2.83
10.94
9.71
4.88
49.37
33.39
22.47
0.31
0.07
4.37
2.56
9.48
8.48
2.90
5.20
1.83
0.04
0.08
0.70
0.11
1.71
7.35
1.37
23.98
4.09
0.02
0.02
0.25
6.16
6.64
7.79
1.78
3.29
0.22
0.93
0.38
0.93
5.55
13.71
2.56
0.64
0.42
4.82
2.47
0.14
0.03
0.08
0.20
0.04
0.02
3.09
0.02
0.04
0.02
0.33
0.35
1.30
2.69
0.13
0.08
0.09
1.13
9.23
0.05
6.12
26.35
0.54
0.00
1.72
3.23
0.99
106.84
76.43
0.55
0.46
0.06
0.18
0.14
0.12
0.90
0.10
0.08
1.06
0.96
7.45
0.78
2.71
0.16
0.23
0.56
0.00
0.00
0.05
4.19
15.22
14.63
19.27
0.87
10.56
0.54
0.35
0.05
0.19
7.31
16.14
12.58
0.48
16.16
5.26
0.21
0.72
0.05
0.02
0.24
0.00
0.18
2.94
3.93
45.98
34.67
8.64
18.63
3.86
5.71
0.93
0.21
6.66
22.27
1.32
3.31
1.86
0.15
0.03
0.02
0.02
0.05
0.02
0.79
0.00
0.47
17.99
9.60
0.83
1.53
1.97
0.35
0.06
0.04
0.05
0.01
0.02
0.02
0.02
0.04
0.06
0.02
0.03
0.02
0.00
0.02
0.01
0.03
0.73
0.08
0.03
0.02
0.03
8.33
18.48
0.46
1.25
0.00
0.10
7.49
15.96
17.48
0.09
0.02
0.04
0.07
0.06
0.05
0.04
0.02
0.03
0.02
0.05
0.01
0.03
0.04
0.04
0.03
0.03
0.00
0.01
0.02
0.02
0.00
0.02
0.06
0.24
16.66
7.63
0.41
0.07
0.05
0.04
0.04
17.20
0.96
0.08
0.05
0.03
2.34
2.48
0.03
0.05
0.03
0.78
0.62
0.03
0.04
0.02
0.20
0.01
0.02
5.97
0.71
0.06
0.13
0.03
0.07
0.04
0.02
0.03
0.02
0.00
0.49
0.00
0.01
0.04
0.01
0.02
0.00
0.01
0.01
0.02
0.23
0.20
13.59
4.94
0.09
0.54
0.04
0.03
0.05
0.03
0.00
0.03
0.02
0.02
0.04
0.04
0.03
0.05
0.21
0.00
1.00
1.50
0.28
0.05
0.26
15.23
3.00
0.47
0.06
0.60
2.53
0.05
3.34
0.19
0.05
0.05
0.04
0.02
0.02
0.04
3.94
6.28
3.01
18.54
8.83
8.54
6.50
3.67
0.15
0.11
2.96
5.99
2.73
2.91
12.54
5.96
2.51
0.48
0.69
4.94
3.67
8.51
0.44
8.40
0.22
8.24
6.03
0.38
2.99
9.89
2.94
3.93
35.38
11.51
0.77
0.24
5.04
44.74
3.11
15.08
9.59
0.00
5.54
2.11
17.41
1.32
0.63
0.62
3.24
15.79
31.46
4.66
29.76
52.09
46.91
7.34
11.35
15.35
15.13
11.99
18.46
19.62
0.06
0.02
35.02
6.72
1.82
12.14
3.74
3.63
4.41
2.05
2.83
3.93
11.12
7.41
3.51
2.28
27.58
20.33
0.65
0.11
0.04
0.04
0.04
5.00
4.63
27.53
0.28
6.00
26.20
13.63
0.04
0.00
0.00
1.04
14.23
13.72
0.43
0.01
0.19
21.68
1.56
23.51
1.17
58.80
49.91
2.16
44.79
3.86
2.83
59.42
17.07
1.92
0.82
0.12
0.01
0.02
2.50
5.62
0.15
0.03
0.37
2.77
1.71
0.14
0.19
1.68
0.61
30.47
6.30
0.40
0.03
0.05
0.23
6.43
11.40
1.69
3.15
0.71
0.11
0.18
0.33
8.64
0.30
1.42
0.19
0.14
2.05
4.52
0.67
0.04
0.02
1.51
1.02
0.12
0.07
13.92
2.35
13.74
1.77
9.36
1.62
9.59
5.94
3.71
0.77
11.39
10.47
4.99
13.47
0.36
0.95
1.10
1.19
0.12
0.40
0.64
0.31
0.37
0.17
6.56
1.58
0.03
1.49
1.26
0.03
2.73
1.28
0.23
0.54
0.38
0.21
1.37
4.69
4.86
8.65
0.89
0.43
0.05
12.67
26.32
0.14
1.90
0.03
0.53
7.48
20.59
35.96
21.40
0.90
0.68
1.79
0.04
0.03
0.05
0.02
0.02
0.04
0.09
4.21
24.15
6.86
11.40
1.43
0.18
2.04
0.42
0.04
0.06
0.54
0.45
0.62
1.17
0.29
0.78
10.90
16.90
6.16
1.11
0.75
0.04
0.04
0.04
0.03
0.05
11.65
11.20
1.05
0.52
0.40
0.77
4.36
0.03
0.04
0.03
0.02
0.03
0.02
0.03
4.08
15.61
2.49
5.75
12.24
1.32
0.94
0.30
4.10
0.20
0.03
0.03
0.06
0.02
0.03
3.96
2.08
0.01
0.04
0.02
0.05
0.03
0.23
4.74
1.31
0.97
0.15
0.28
0.04
0.03
0.01
0.03
0.00
0.02
0.01
0.02
0.05
0.06
0.05
0.03
0.02
0.02
0.05
0.02
0.03
0.02
0.08
1.86
0.18
0.03
0.00
0.00
0.02
0.06
0.03
0.02
0.03
0.02
0.30
0.16
0.05
0.06
0.02
0.05
0.63
0.85
0.04
0.05
0.03
0.02
0.01
0.02
0.33
3.10
0.39
0.61
0.02
0.05
0.03
0.01
0.00
0.00
0.33
0.85
0.10
0.06
0.03
0.04
0.07
0.02
0.05
0.01
0.02
0.05
0.04
2.34
1.83
1.12
2.99
15.24
5.93
27.36
17.62
5.88
4.85
12.29
0.48
0.12
0.03
0.55
2.60
0.44
1.53
0.45
1.73
7.21
0.22
7.38
29.95
3.53
0.25
0.03
0.07
0.75
1.62
10.08
26.36
13.35
17.26
3.13
5.43
4.05
9.54
22.91
19.28
16.83
0.47
0.27
0.06
0.06
0.28
0.56
1.94
3.08
22.71
4.97
3.24
0.30
3.96
1.45
0.04
4.18
0.19
20.70
10.51
7.75
0.93
0.37
0.02
0.02
0.01
0.00
0.01
11.39
10.51
0.02
0.00
0.01
0.31
0.03
0.09
0.73
10.85
17.39
4.66
37.09
5.54
0.04
0.97
17.34
53.01
19.15
5.28
1.50
0.02
0.08
52.82
13.16
30.39
0.25
6.41
28.14
9.63
2.35
13.25
1.40
0.33
0.64
2.41
5.66
9.28
0.37
0.05
1.39
0.70
0.08
0.04
0.03
38.44
26.92
43.82
4.62
6.16
34.13
22.23
0.00
0.00
2.21
42.84
23.23
7.43
5.33
2.53
28.26
5.42
28.22
17.37
26.02
25.17
12.02
3.35
3.71
0.07
10.73
26.35
1.13
0.31
0.02
0.04
0.02
0.02
8.52
25.72
6.70
25.31
20.32
5.36
2.95
6.31
7.78
1.17
0.27
0.04
0.08
0.02
2.40
0.09
0.03
0.05
1.53
0.45
2.15
0.02
0.03
0.05
0.01
1.70
2.25
2.08
2.46
1.35
4.30
16.55
9.45
2.55
0.74
0.02
0.36
0.32
0.75
0.37
2.89
0.08
0.63
1.19
0.10
9.25
1.07
0.48
1.19
2.29
0.76
4.00
0.88
0.47
0.10
1.47
2.30
4.66
0.50
0.19
1.61
0.98
0.86
0.85
8.54
0.19
0.04
0.11
0.09
0.24
0.35
1.60
0.82
0.54
0.84
0.04
27.32
14.71
5.46
0.96
0.45
0.33
0.73
1.44
1.66
0.95
0.17
0.05
0.02
0.04
0.07
0.06
0.22
1.37
1.80
2.65
2.51
3.41
0.69
0.22
0.07
0.02
0.03
0.03
0.07
0.03
0.05
0.03
0.02
0.04
0.12
0.11
0.00
0.00
5.85
1.32
11.33
6.03
14.42
19.75
24.67
5.53
2.77
8.97
6.45
0.53
0.10
0.18
28.22
33.92
0.52
1.20
1.77
1.97
0.01
0.02
0.02
0.38
1.44
12.92
0.96
0.24
2.30
0.69
0.03
0.51
0.85
0.61
0.25
0.75
2.57
7.35
42.09
0.11
0.03
2.41
2.85
0.05
3.75
17.39
2.22
0.99
1.04
0.45
0.25
0.28
0.07
0.00
0.01
0.00
0.02
0.00
0.00
0.00
0.02
0.02
0.02
0.61
7.77
4.13
0.02
0.02
0.00
0.03
0.25
0.29
0.14
0.05
4.71
36.48
18.68
11.36
42.49
1.72
7.82
2.64
6.75
3.40
0.04
0.06
0.10
1.23
4.15
2.83
0.04
0.04
0.04
0.22
0.01
0.01
0.02
0.00
0.01
0.31
0.43
6.42
10.21
19.86
10.23
0.31
1.23
11.41
1.05
1.24
0.08
17.97
20.95
1.01
0.29
0.60
7.18
15.88
3.53
0.69
0.08
24.00
5.48
8.93
5.22
34.98
27.97
7.46
16.24
23.42
2.50
14.56
2.46
28.08
0.25
0.36
0.88
3.57
4.00
14.93
3.55
40.49
0.85
0.02
26.68
52.14
6.49
0.67
9.68
26.52
40.94
1.02
2.12
3.11
14.58
14.65
6.66
55.23
0.61
0.13
0.15
0.03
0.02
0.03
0.08
2.70
3.45
5.08
6.23
12.15
5.19
3.28
4.95
11.60
37.16
2.54
14.80
29.52
32.92
30.91
2.55
0.85
11.28
12.40
22.81
1.49
2.27
0.62
0.13
1.42
7.72
4.81
10.50
3.55
0.03
0.27
6.35
11.38
0.04
15.69
10.92
16.16
17.83
23.55
0.06
6.95
6.15
0.25
0.04
0.65
4.78
2.64
3.72
1.12
9.70
4.02
11.56
0.09
0.79
5.90
3.97
16.74
14.38
11.50
7.47
1.91
0.11
0.03
0.01
0.05
0.57
5.73
1.05
0.88
4.52
15.04
10.93
21.83
31.60
29.60
20.96
9.46
3.91
5.11
0.05
0.03
0.02
0.04
0.08
0.67
0.39
0.19
0.34
0.18
3.49
1.76
0.03
0.08
0.16
0.35
1.37
0.06
0.08
0.45
0.00
0.22
1.43
0.14
1.17
2.12
0.19
0.02
0.02
0.15
0.13
0.02
0.06
1.35
7.09
0.89
0.22
0.04
0.03
0.05
0.08
0.13
0.01
0.02
0.05
9.31
4.29
2.61
1.75
0.95
0.24
0.48
1.22
4.49
1.42
0.99
0.08
3.99
6.03
41.78
43.45
5.66
29.18
14.85
6.50
0.08
0.13
0.04
0.11
3.78
2.34
6.89
20.53
23.44
17.93
0.23
1.52
0.26
2.13
5.16
9.37
29.12
1.90
3.06
0.69
0.00
1.20
4.57
11.45
3.67
1.90
0.41
1.85
1.45
3.91
0.59
0.04
0.01
0.02
4.28
13.35
3.14
0.00
0.05
0.04
0.19
0.76
2.32
0.14
0.03
0.01
0.02
0.39
2.88
0.77
1.23
1.01
0.04
0.11
0.97
0.08
0.17
0.23
0.17
0.11
0.90
2.42
0.16
0.10
0.07
0.03
0.00
0.03
0.04
0.01
0.01
0.03
0.03
0.04
0.02
0.36
4.26
9.85
1.48
0.00
0.06
0.10
0.04
0.03
0.02
0.01
0.02
0.04
0.05
0.02
0.02
0.02
0.01
0.02
0.05
0.01
0.03
0.02
0.01
0.05
0.01
0.02
0.00
0.02
0.03
0.01
0.02
0.05
0.05
0.00
0.02
0.01
0.05
0.11
0.43
3.82
1.07
2.27
0.85
0.05
0.02
0.01
0.00
0.00
15.77
8.07
0.01
0.01
0.02
0.02
0.06
0.01
0.02
0.02
0.05
0.02
0.02
0.02
0.00
0.03
0.04
0.05
0.23
0.29
2.43
1.66
0.65
8.11
7.76
0.03
0.12
0.71
0.34
0.68
1.57
0.36
0.47
1.54
0.72
7.83
12.37
1.27
3.37
2.68
0.04
0.02
0.00
11.70
2.62
0.64
0.21
1.47
1.39
1.54
3.60
0.62
0.03
1.18
0.61
0.24
3.02
2.98
0.34
0.12
0.04
6.37
6.24
0.02
0.00
0.02
0.02
0.02
4.07
21.16
6.88
5.24
3.80
2.71
4.85
5.06
1.11
0.66
0.36
0.42
1.77
4.28
5.74
2.35
4.95
10.15
22.92
10.52
2.66
0.63
1.60
0.44
0.84
0.49
15.96
9.61
3.06
21.53
55.35
8.31
36.47
35.03
15.25
8.04
2.26
4.10
0.79
0.03
5.81
0.04
13.12
26.46
10.42
3.23
29.86
3.30
0.03
0.10
14.61
0.26
33.15
29.29
0.28
3.47
0.42
13.06
33.97
20.55
11.02
0.15
0.10
0.01
0.02
0.00
0.01
0.06
1.63
18.40
19.31
34.88
9.54
37.86
11.49
2.66
19.24
1.00
0.06
0.05
0.22
0.45
5.08
4.65
0.94
3.87
22.78
34.71
63.56
1.69
0.53
1.70
1.73
0.06
1.29
0.38
1.78
12.30
66.67
2.47
0.20
6.29
26.78
2.37
10.32
0.17
3.12
1.37
3.08
2.03
2.12
0.65
6.10
2.27
3.31
0.68
0.83
0.34
0.54
2.04
9.02
13.88
1.80
0.51
0.27
0.72
0.37
0.03
0.20
0.03
0.02
0.05
1.34
1.34
0.68
0.65
4.95
9.72
3.14
5.43
4.08
0.13
0.02
0.05
0.03
0.02
0.32
8.60
28.58
2.08
4.81
1.32
0.66
0.25
0.64
0.10
0.56
5.13
6.70
14.95
0.39
0.24
2.38
0.63
0.00
0.36
0.05
0.15
0.03
3.79
1.67
0.94
32.17
17.37
15.53
1.56
0.16
0.19
4.36
15.72
24.09
24.91
0.43
0.49
2.79
0.63
0.03
0.03
0.04
0.17
4.03
2.92
3.73
0.11
3.11
17.77
2.03
27.47
0.18
1.20
0.64
0.25
0.05
0.02
0.57
1.97
2.69
1.58
0.31
0.11
0.04
0.03
0.99
0.90
1.04
1.69
6.30
4.50
3.86
0.39
0.03
0.03
0.02
0.06
0.15
1.87
11.75
4.33
0.03
0.00
0.00
0.02
0.03
0.04
0.04
0.04
0.09
0.01
0.00
0.02
0.04
0.04
0.00
0.02
0.06
0.06
0.03
0.02
0.02
0.04
0.02
2.37
0.12
12.37
38.84
2.87
0.05
0.03
0.02
0.07
0.03
0.03
0.02
0.06
0.03
0.04
0.03
0.04
0.06
0.05
0.07
0.07
0.02
0.07
0.04
0.03
0.06
0.04
0.01
0.06
0.19
0.07
0.09
0.05
0.30
0.55
1.48
3.83
0.35
2.33
5.30
1.52
0.32
0.03
0.02
0.00
0.03
0.03
0.01
0.00
0.02
0.18
0.94
0.80
0.19
0.27
1.04
7.59
6.44
1.78
2.04
0.03
0.06
0.06
0.03
0.00
0.50
4.33
4.97
0.05
0.03
0.04
0.05
0.20
0.53
0.41
0.59
0.81
0.18
1.52
1.38
0.03
0.03
0.37
0.09
1.09
0.30
3.05
0.98
10.15
6.49
0.02
1.89
33.40
0.33
0.02
12.22
7.25
22.16
19.59
11.55
27.66
8.49
7.03
3.02
0.09
13.30
37.85
6.23
7.98
10.86
9.22
26.63
39.53
3.05
2.44
0.64
4.09
2.73
4.74
7.93
11.87
13.06
9.45
0.69
0.06
0.19
0.29
0.55
0.18
1.21
10.15
7.15
0.04
0.28
2.11
3.89
7.71
11.88
5.41
3.45
5.70
16.22
0.16
0.27
0.12
3.44
33.84
0.04
0.03
7.05
23.95
0.13
14.07
2.07
18.02
10.70
0.02
0.01
0.66
12.07
14.31
0.08
0.01
0.03
0.01
0.02
0.41
0.19
0.13
0.02
7.42
14.61
2.46
1.37
2.19
3.40
4.54
2.56
0.11
1.67
1.61
0.03
0.02
15.47
4.50
21.66
45.88
2.11
0.88
8.12
0.88
0.54
0.20
19.99
0.24
3.61
16.92
106.82
5.98
0.00
0.56
1.54
3.01
0.27
3.25
9.77
52.27
25.76
14.23
0.04
0.10
0.18
4.05
10.70
0.22
0.00
0.01
0.58
1.25
0.87
0.05
11.54
0.11
0.09
3.18
10.78
35.76
31.67
23.65
0.65
0.25
0.11
0.31
2.84
6.41
7.68
0.08
0.04
0.47
10.75
18.85
0.03
0.04
0.04
0.02
0.03
0.09
0.05
0.04
0.50
5.78
27.28
4.98
27.48
5.57
3.25
17.33
7.03
14.77
13.13
8.01
3.61
1.34
0.19
5.19
2.16
1.63
2.98
1.23
1.30
3.88
9.29
14.65
13.52
11.79
8.48
5.90
13.29
0.79
1.07
0.03
0.57
1.40
4.53
9.40
2.14
70.81
7.57
0.82
0.67
0.26
0.03
2.50
9.07
6.48
18.45
0.91
0.80
3.11
1.35
0.83
8.74
3.46
1.07
10.41
8.00
0.64
0.58
1.60
4.87
18.31
3.27
3.33
1.79
4.34
2.28
29.93
60.64
0.43
0.27
0.03
3.57
5.97
1.77
0.00
0.00
0.00
0.03
0.02
0.03
0.06
0.04
0.25
0.05
0.06
0.04
0.26
0.09
0.05
0.11
0.03
0.06
0.02
0.11
0.16
0.05
0.05
0.04
0.05
0.05
0.04
0.04
0.07
0.13
0.09
0.03
0.02
0.04
0.01
0.07
0.06
2.39
6.53
0.02
0.03
0.14
0.33
0.01
0.05
1.79
1.55
0.04
0.04
0.02
0.10
1.07
0.11
1.79
0.14
0.03
0.03
1.00
8.48
5.72
0.50
0.05
0.06
0.04
0.59
11.54
7.37
0.19
0.20
0.49
10.83
4.62
0.04
0.02
0.04
0.01
0.00
0.00
0.02
0.01
0.00
0.02
0.05
0.04
0.02
0.02
0.06
0.04
0.13
0.26
0.53
4.58
0.02
0.05
0.07
0.04
0.00
0.00
0.01
0.02
0.00
0.00
0.04
0.04
0.04
0.03
0.05
0.04
0.32
2.32
0.03
0.02
0.19
0.93
0.12
3.24
1.83
0.05
0.06
0.03
0.02
0.23
0.32
2.73
2.01
9.36
9.66
17.06
0.04
0.02
0.02
0.02
0.06
0.04
0.00
0.82
2.27
2.88
24.44
19.35
1.05
0.27
0.01
0.02
0.04
0.02
0.04
3.84
7.75
2.99
2.68
0.37
0.00
0.00
0.00
0.00
0.00
0.00
0.03
0.48
4.02
0.18
6.18
33.20
12.96
26.55
3.53
10.02
10.43
0.58
46.32
7.35
0.83
0.80
11.38
16.44
5.02
24.42
1.54
14.15
48.89
2.14
1.16
1.04
0.80
0.21
0.10
0.12
0.12
0.17
0.05
0.86
0.87
0.56
0.23
11.37
6.46
13.53
18.59
10.00
29.13
21.08
33.49
0.48
1.52
1.23
1.66
2.57
13.46
3.30
4.28
1.36
12.02
22.77
1.16
0.27
2.33
2.03
0.21
0.02
0.02
3.75
4.56
21.70
10.10
0.17
0.00
0.01
0.06
0.58
1.31
27.26
35.21
0.23
0.00
0.04
0.75
1.01
4.12
50.02
4.59
0.24
1.89
47.92
15.20
9.47
31.28
26.19
13.94
0.97
0.56
0.88
1.17
4.05
0.66
5.60
10.15
14.50
14.18
11.50
24.12
4.64
2.21
2.51
1.93
2.34
0.53
9.43
1.47
0.02
3.51
0.05
3.64
7.74
13.91
8.11
4.90
2.49
2.81
3.06
1.35
0.10
0.23
3.33
6.48
4.20
0.37
0.06
0.03
0.99
0.24
2.20
0.40
0.16
0.02
0.03
0.04
0.02
0.03
0.61
1.02
0.27
2.20
2.17
0.52
1.83
0.97
7.09
8.16
17.80
1.67
1.31
0.52
0.43
2.60
0.66
1.47
0.22
0.21
0.10
0.08
0.03
0.02
1.25
5.32
0.12
0.02
0.03
0.08
0.06
0.02
0.02
0.68
4.63
21.70
3.04
0.31
0.16
0.67
2.46
7.02
2.90
0.49
0.04
0.04
1.31
13.29
3.10
0.35
1.18
0.18
0.02
0.01
0.07
0.01
0.02
0.05
0.06
0.03
0.03
0.04
0.02
0.00
0.02
0.02
0.02
0.00
0.01
0.01
0.00
0.02
0.02
0.02
0.00
0.02
0.15
0.02
0.02
0.04
0.02
0.86
4.98
5.29
1.27
0.11
0.05
0.03
1.86
1.63
0.30
7.20
50.67
5.67
0.29
0.04
0.00
0.03
0.02
0.05
0.06
0.03
2.11
10.42
1.06
0.05
0.01
0.18
2.18
2.30
0.45
25.29
4.64
0.16
0.73
0.75
0.01
0.04
0.17
0.27
0.13
0.09
0.04
0.03
0.07
0.03
0.04
0.03
1.31
0.11
0.02
3.50
4.56
4.27
0.02
0.01
0.00
0.02
0.04
0.04
0.05
0.11
0.11
7.01
2.46
0.02
0.02
0.00
0.01
0.05
0.06
0.05
0.19
0.04
0.03
0.02
0.01
0.09
0.05
0.05
0.11
1.52
0.19
0.04
0.02
0.04
0.03
0.06
0.15
0.05
0.00
0.01
0.00
0.28
0.28
0.23
0.18
0.06
0.00
0.04
0.30
0.08
0.03
0.00
0.00
0.02
0.04
0.07
0.02
0.06
0.07
0.03
0.00
0.00
0.00
0.00
0.02
0.05
0.02
2.29
4.06
0.75
0.28
0.22
0.06
0.22
0.15
0.03
1.79
2.38
13.65
30.19
4.54
3.76
26.00
0.05
0.02
0.01
0.03
1.73
13.99
0.48
1.40
0.40
1.16
2.34
2.38
1.51
0.81
1.17
3.53
41.49
16.22
2.31
5.68
18.39
11.23
3.19
41.16
65.10
4.99
10.52
4.59
20.26
1.61
0.54
0.45
2.60
8.14
15.73
0.77
16.61
10.68
31.77
1.40
0.03
0.96
5.77
26.47
7.08
26.12
4.28
0.03
0.02
0.00
0.03
0.04
0.21
0.23
0.22
0.23
0.04
1.34
2.02
0.02
0.02
0.79
0.10
0.04
12.47
13.06
30.11
6.06
30.82
12.62
1.26
1.65
29.10
4.72
11.21
25.30
0.04
5.51
17.97
0.82
0.17
33.93
50.86
16.12
27.35
0.10
0.21
1.79
5.14
11.90
4.83
0.05
0.11
12.84
6.82
1.11
0.05
1.97
13.84
0.84
10.29
0.74
0.00
0.02
0.01
0.00
0.01
8.77
7.10
0.40
0.36
1.89
1.43
0.93
0.78
2.27
6.40
4.70
11.89
2.70
34.26
15.04
4.78
2.85
11.52
0.15
0.37
0.03
0.02
0.04
0.02
0.20
0.04
0.05
0.07
1.29
7.56
7.10
3.61
4.11
2.72
4.10
8.19
0.10
0.65
6.66
7.36
39.93
49.23
8.96
4.99
2.29
5.17
1.49
5.74
1.58
0.35
0.06
0.04
0.03
0.93
0.58
0.06
1.25
0.88
0.70
0.23
1.15
0.47
3.52
7.63
9.57
18.86
1.72
0.10
0.02
0.15
1.06
0.05
0.05
0.02
0.02
1.05
26.85
23.94
0.10
1.33
4.30
1.48
0.42
2.81
0.53
0.63
0.12
0.21
14.52
4.64
0.47
3.57
0.16
0.02
0.03
0.02
0.00
1.29
10.48
7.75
0.02
0.00
1.43
10.38
0.79
0.22
0.10
0.07
0.05
0.01
0.12
0.36
1.04
2.47
1.95
5.28
1.84
12.74
33.75
7.21
6.62
0.57
1.76
0.22
0.11
0.03
1.52
3.60
0.73
0.20
0.12
0.03
0.66
0.87
0.04
0.02
1.18
2.01
0.84
1.94
1.44
11.95
9.21
0.84
10.69
2.44
0.02
0.04
0.02
0.03
0.10
0.28
0.23
0.28
0.47
1.39
2.20
0.29
0.13
9.12
8.81
5.14
1.26
0.15
0.06
0.03
8.97
11.91
2.33
1.00
0.03
0.01
0.03
0.02
0.03
0.00
0.00
0.00
0.01
0.02
0.05
0.03
0.01
0.03
0.02
0.02
0.01
0.01
0.03
0.05
0.04
0.04
0.03
0.04
0.05
1.60
3.48
0.32
0.65
0.04
0.04
0.28
0.27
0.03
0.72
0.09
0.02
0.05
0.04
0.04
0.03
0.18
0.29
0.04
0.05
0.04
0.12
0.03
0.04
0.04
0.05
0.08
0.40
0.26
0.56
0.72
0.75
1.15
0.42
0.45
9.41
10.77
6.80
1.66
0.36
0.21
0.81
5.82
5.96
8.10
10.84
2.33
0.38
0.13
0.29
0.58
0.24
3.79
0.39
0.71
13.55
1.93
0.05
0.06
0.14
0.11
0.20
3.78
1.70
26.13
16.93
45.38
5.62
21.03
12.07
0.26
0.14
0.24
0.75
0.02
0.01
0.03
0.10
0.03
0.07
25.69
18.52
37.66
27.88
3.66
3.40
15.97
33.48
5.28
15.04
48.03
0.82
6.97
22.47
14.47
4.23
15.29
8.94
3.36
0.09
0.77
21.91
9.42
0.12
0.04
0.02
13.72
33.96
12.01
0.08
0.01
0.12
4.72
11.56
0.23
1.30
0.33
19.54
5.40
0.02
0.00
0.00
45.36
13.42
0.62
0.20
0.16
0.16
0.02
0.07
17.07
54.70
0.07
0.24
3.87
5.75
7.07
20.04
15.76
23.43
8.36
0.28
0.72
0.13
0.81
0.90
0.07
17.84
30.51
3.95
31.92
2.28
0.66
0.28
0.15
0.12
0.01
0.17
0.31
0.00
0.02
0.00
0.00
1.75
0.22
0.06
0.02
0.29
0.69
51.69
120.57
0.65
15.50
66.40
10.72
37.34
1.20
3.71
7.97
20.47
3.58
2.93
1.49
1.42
5.76
0.27
11.66
0.05
0.91
0.01
0.11
0.04
0.05
0.02
0.02
0.09
0.56
1.75
0.08
0.30
0.63
0.04
0.03
0.04
0.05
0.15
0.87
3.54
0.34
0.72
0.02
0.05
0.03
4.24
14.88
23.43
10.60
31.07
0.01
0.39
0.04
1.15
16.02
5.38
1.79
4.56
4.83
2.87
4.89
1.20
1.48
0.24
7.76
1.21
1.80
5.15
5.12
0.47
0.06
2.86
7.18
13.20
10.83
1.25
0.18
7.09
4.05
20.01
23.43
36.55
26.45
4.95
10.58
27.58
9.62
0.80
4.16
1.84
5.24
0.87
1.54
1.66
1.33
3.33
0.36
0.05
0.05
0.22
0.02
0.01
1.66
30.17
4.91
21.09
0.90
0.13
0.04
0.03
0.37
0.21
0.30
0.05
0.09
0.05
0.06
0.16
0.04
0.01
0.04
0.05
0.04
0.30
0.07
0.02
0.01
0.02
0.07
0.03
0.02
0.04
0.04
0.42
0.12
0.12
0.03
0.09
11.34
10.02
0.68
0.20
0.02
0.01
0.02
0.00
0.00
0.00
0.00
0.00
0.02
0.00
0.02
0.01
0.01
0.02
0.19
7.36
18.95
3.04
0.01
0.02
0.01
0.05
0.03
0.03
0.02
0.00
0.01
0.02
0.01
0.00
0.00
0.00
0.01
0.03
0.04
0.03
0.02
0.02
0.01
0.01
0.02
0.02
0.00
0.00
0.02
0.04
0.02
0.02
0.02
0.02
0.02
0.05
0.02
0.03
0.03
0.04
0.06
0.06
0.02
4.06
43.73
2.65
0.06
0.05
0.06
11.33
25.31
14.61
15.30
16.69
0.03
1.86
3.31
4.39
31.21
9.67
5.34
2.63
0.43
2.44
0.45
0.27
7.46
8.02
0.02
0.38
0.26
0.03
0.02
3.29
10.95
9.82
0.27
1.28
1.56
1.20
0.19
0.56
4.45
15.16
11.57
1.38
0.03
0.05
0.03
0.16
2.39
5.22
3.99
1.27
0.27
0.10
0.14
0.38
0.64
0.63
2.35
0.15
0.05
0.00
0.04
0.06
0.18
4.01
0.19
0.04
0.03
0.01
0.01
0.00
0.01
0.01
0.02
0.17
0.06
0.33
2.52
3.25
5.22
6.42
0.14
0.06
15.88
19.82
12.26
6.76
0.32
0.02
0.00
0.00
0.83
2.02
0.16
10.11
51.75
4.53
7.59
9.76
1.50
1.67
2.84
0.01
0.10
11.85
24.42
5.41
0.15
0.03
7.63
2.97
25.02
4.03
10.72
10.65
2.89
0.47
0.59
15.25
4.36
0.77
3.55
9.79
15.66
5.98
1.11
0.90
0.36
0.05
0.62
5.13
4.73
2.67
19.68
53.85
6.13
0.94
5.23
34.69
2.81
0.01
1.23
12.02
13.01
30.55
22.38
8.19
0.36
6.98
0.31
4.13
11.37
16.69
2.09
9.07
0.28
2.59
13.46
20.14
0.70
0.35
0.04
0.06
0.53
2.81
1.99
0.02
0.05
0.04
0.62
0.53
5.84
1.36
2.72
15.51
27.12
0.05
0.06
0.04
1.07
19.59
3.60
7.72
14.84
7.74
1.71
4.15
0.31
0.10
0.02
0.01
0.13
1.33
0.31
0.04
0.06
0.04
0.08
0.71
0.23
10.53
4.12
1.05
0.32
0.46
0.36
0.31
0.01
1.41
26.70
1.88
5.95
0.36
0.77
5.16
0.48
0.37
0.06
0.03
0.05
0.94
4.10
12.67
12.55
0.01
0.11
0.02
0.06
0.24
2.43
4.97
0.78
0.29
0.16
0.11
1.68
2.18
2.81
1.95
2.47
7.71
16.43
0.33
0.22
4.98
0.40
0.10
12.39
9.81
31.41
3.05
4.38
11.30
0.13
0.08
0.04
0.06
0.13
4.36
6.17
0.51
30.02
10.99
0.98
5.38
6.51
0.40
0.45
2.67
1.51
0.20
1.52
2.11
1.26
0.17
0.37
0.20
0.02
0.00
0.04
0.04
0.07
0.04
0.04
0.04
0.02
0.00
5.12
7.58
1.33
0.13
0.76
0.24
0.05
0.03
0.03
0.04
0.02
0.04
0.04
0.81
1.21
0.98
0.22
0.16
0.07
1.57
0.01
0.04
0.03
0.13
0.32
0.91
0.09
0.59
0.17
0.07
0.04
0.51
1.68
1.97
0.21
0.13
0.06
0.05
0.02
0.04
0.00
11.65
0.49
0.09
0.02
0.04
0.05
0.00
0.00
0.02
0.01
0.00
0.00
0.00
0.01
0.01
0.04
0.00
0.04
0.03
0.05
0.04
0.04
0.07
0.04
0.03
0.03
0.01
0.03
0.05
1.75
1.13
1.19
0.42
1.36
2.46
0.34
3.82
0.45
0.08
4.35
7.36
0.02
0.04
0.11
1.46
0.02
0.06
0.32
2.75
2.91
2.87
0.39
9.45
12.14
8.25
0.09
5.62
30.07
12.35
0.97
6.99
7.19
1.22
0.06
0.04
0.05
0.02
0.04
9.53
9.63
8.30
0.90
3.36
3.35
0.64
0.45
0.05
1.00
0.05
0.07
0.85
0.42
0.04
4.51
5.82
3.26
6.49
12.68
8.72
0.02
6.03
4.38
39.50
13.95
5.92
4.66
2.07
35.88
7.33
0.34
0.50
7.94
5.66
0.06
0.02
0.04
0.05
0.02
16.35
10.41
4.55
0.21
0.65
2.71
2.41
0.88
0.17
0.01
0.02
0.07
0.11
1.79
23.26
22.87
1.25
0.82
9.16
8.62
51.16
13.47
7.95
15.06
31.99
0.06
0.07
1.25
6.80
0.07
5.62
17.28
38.81
0.42
0.09
3.71
21.26
16.13
3.46
0.62
24.10
13.73
14.66
4.02
12.19
8.44
29.55
0.11
0.53
1.77
0.33
0.03
0.17
1.26
6.39
0.51
0.02
0.00
0.00
0.02
0.02
2.16
22.18
23.85
16.86
0.05
0.19
11.91
6.01
3.22
0.00
0.02
0.06
0.27
0.98
1.19
1.43
2.12
0.45
0.17
0.20
1.53
47.21
16.73
15.11
1.58
0.47
1.17
8.47
35.95
36.45
0.00
1.33
33.38
21.83
14.44
2.05
13.27
40.42
1.57
0.31
0.12
0.02
0.05
0.09
0.60
2.75
0.26
1.41
2.83
3.31
6.43
6.58
1.47
10.91
6.96
0.14
0.04
0.05
0.02
0.32
0.08
0.10
0.42
1.96
3.22
1.17
1.20
0.05
0.02
0.04
0.04
0.04
0.06
0.23
0.14
0.29
1.59
1.02
0.96
1.46
0.48
1.92
3.26
40.30
44.78
56.49
1.32
18.53
0.07
3.28
2.42
4.74
12.92
4.12
0.14
0.99
1.27
3.41
0.16
0.02
0.66
3.80
64.27
14.98
29.88
24.63
2.54
1.64
0.02
0.02
0.05
0.00
0.01
1.24
1.03
0.31
2.75
12.78
6.36
6.92
3.54
6.12
90.93
25.04
3.49
3.03
3.39
5.45
1.67
0.91
0.52
0.05
2.04
21.28
1.60
6.66
11.24
9.46
1.30
0.69
0.25
0.09
0.85
3.64
2.31
0.27
0.82
0.06
0.05
0.03
0.02
0.04
0.04
0.05
0.02
0.04
0.04
0.03
0.02
0.01
0.03
0.05
0.02
0.14
1.39
6.58
18.82
7.85
0.03
0.02
0.02
0.01
0.01
0.02
0.01
0.42
4.17
1.09
0.04
0.02
0.02
0.19
14.12
13.30
0.04
0.03
0.03
0.05
0.04
0.79
1.79
0.68
0.03
0.09
0.69
0.06
0.05
0.02
0.02
0.05
0.03
0.05
0.05
0.06
0.16
0.01
0.00
0.02
0.01
0.01
0.03
0.01
0.02
0.05
0.01
0.07
0.09
4.11
1.85
0.08
0.06
0.18
0.10
0.89
0.36
0.02
0.05
0.02
0.09
0.10
0.04
1.09
2.11
0.05
0.15
3.06
0.08
0.02
0.21
4.91
2.13
13.59
1.01
1.49
0.44
8.15
1.31
0.27
3.12
9.31
0.02
0.67
7.71
11.83
3.48
0.20
0.63
0.40
0.17
2.42
2.69
3.10
0.17
0.09
0.08
0.03
0.52
0.72
0.97
2.44
0.06
0.11
0.11
0.04
0.02
2.74
0.53
0.25
2.74
8.02
1.37
0.55
0.11
0.08
2.14
2.35
0.02
0.04
0.04
0.01
2.08
6.30
1.24
1.00
1.08
6.95
21.56
31.73
21.67
9.76
0.10
0.08
0.82
3.28
0.33
1.13
1.18
1.48
2.97
3.11
0.14
1.07
0.49
0.06
11.26
73.37
4.87
2.58
3.99
1.22
4.06
15.17
13.95
25.55
35.99
7.18
0.45
0.01
4.66
8.95
11.51
9.07
0.05
2.85
3.22
0.04
0.58
0.43
1.03
0.67
3.37
0.31
0.91
15.53
19.54
0.05
1.01
0.19
0.02
0.41
1.05
4.49
0.50
4.96
15.59
50.12
10.11
1.00
15.15
7.48
44.23
24.98
3.61
2.19
5.61
2.12
12.10
28.50
0.64
3.84
5.77
0.00
0.12
1.76
12.54
11.04
0.15
0.14
0.37
0.54
1.29
12.20
14.60
0.99
2.54
0.02
0.06
0.02
0.01
0.32
0.39
2.63
17.69
3.95
17.51
6.60
3.71
13.68
2.03
0.05
0.32
1.24
1.59
2.11
1.73
13.71
10.94
1.58
0.30
0.06
0.19
0.08
7.60
12.01
0.02
1.13
0.62
0.06
0.39
0.67
1.83
1.55
0.01
0.01
0.02
0.03
0.02
0.44
8.10
0.47
0.19
0.53
1.46
1.26
0.07
3.08
1.07
3.13
0.01
0.12
0.77
0.91
0.15
1.15
3.68
0.57
19.64
3.13
0.83
0.44
0.07
0.01
0.53
1.56
4.02
14.58
4.53
16.40
4.30
3.77
6.05
0.27
0.10
4.04
1.65
0.82
1.65
2.04
1.06
0.08
0.01
0.10
0.49
0.50
0.03
0.15
0.06
0.02
18.18
4.16
0.35
0.43
1.19
4.02
6.08
5.91
0.96
0.03
0.32
0.54
2.17
1.10
0.02
0.04
0.07
1.24
0.04
0.02
0.03
0.02
0.02
0.07
0.11
0.03
0.04
0.09
5.79
13.39
0.09
3.35
41.58
3.47
2.42
0.30
0.02
0.03
0.03
0.01
0.03
0.01
0.09
17.93
23.29
25.63
4.16
4.75
0.03
0.03
0.02
0.06
0.15
0.16
0.05
0.04
0.02
0.00
0.00
0.01
0.02
0.03
0.00
0.00
0.00
0.01
0.03
0.56
0.58
0.03
0.05
0.03
0.01
0.00
0.00
0.00
0.00
0.02
0.02
0.00
0.00
0.01
0.01
0.04
3.38
11.39
11.40
0.05
3.95
1.86
6.44
0.06
0.22
0.52
0.05
0.04
0.10
0.08
0.03
0.03
0.04
0.20
0.15
0.07
0.05
0.05
0.01
0.03
0.06
0.04
0.03
0.03
0.07
0.06
0.08
0.18
0.03
1.25
12.41
8.62
0.01
3.96
5.48
1.97
8.40
10.66
53.85
8.56
0.04
2.30
1.90
0.03
0.01
0.01
0.15
0.06
0.01
0.02
0.02
0.02
0.01
0.25
0.34
0.02
0.02
0.02
0.16
0.04
0.01
0.00
0.01
0.02
1.78
0.94
0.03
1.88
5.56
7.94
17.02
19.73
21.17
7.15
17.11
23.10
17.58
0.03
1.23
35.42
2.43
3.72
4.51
34.24
28.84
4.04
2.60
3.18
0.03
0.00
0.00
0.03
0.03
0.11
3.94
43.96
35.16
21.94
28.91
2.02
0.84
0.40
2.21
0.73
1.11
5.76
12.88
3.77
0.56
0.13
14.72
15.96
18.56
9.09
6.37
9.56
18.53
11.41
14.68
63.28
43.65
51.21
31.61
0.08
33.19
15.78
0.34
4.77
7.91
0.36
6.06
2.57
0.66
10.39
21.16
7.44
7.03
0.02
0.01
0.01
0.02
0.00
0.83
11.33
9.67
2.22
30.34
0.01
14.38
6.36
7.09
0.71
7.70
1.54
4.07
1.49
28.74
23.16
0.60
0.56
0.09
0.08
14.00
24.00
9.39
11.08
0.04
1.90
0.65
25.64
35.39
6.53
45.41
0.08
0.14
3.63
33.07
3.44
0.16
4.14
29.13
2.82
0.02
0.02
15.55
30.00
8.41
0.41
0.04
0.41
4.91
5.98
25.30
4.66
0.25
0.13
0.12
0.72
5.01
2.27
3.31
12.74
15.13
161.68
1.55
32.50
5.90
0.96
4.27
9.87
5.17
3.03
0.40
1.63
0.39
17.78
4.83
3.79
0.73
4.70
16.68
36.28
55.55
2.25
1.70
3.49
6.99
1.22
0.02
0.40
0.02
0.10
0.06
0.29
1.14
7.89
0.03
2.65
0.36
0.66
1.17
9.84
17.40
1.02
0.02
0.13
0.92
4.42
5.91
0.30
4.01
6.59
0.91
2.61
1.66
2.66
1.40
10.43
0.04
0.03
0.03
0.03
8.38
2.03
2.30
1.52
1.31
1.56
8.46
1.86
3.26
0.44
2.70
2.80
1.83
0.06
0.06
1.63
14.92
0.15
0.00
0.01
0.06
1.74
2.74
0.79
0.42
0.53
0.19
0.73
1.07
0.28
0.42
0.49
0.48
1.83
4.23
0.17
0.00
0.02
0.04
0.07
0.04
0.07
0.08
0.02
0.00
0.04
0.45
0.11
0.74
3.00
0.36
0.04
0.03
0.04
0.02
0.04
0.04
0.04
0.07
0.29
0.23
0.01
0.00
0.00
0.00
0.00
0.01
0.02
0.00
0.01
0.00
0.00
0.00
0.01
0.04
0.00
0.00
0.00
0.01
0.03
0.00
0.03
0.03
0.04
0.33
1.00
0.02
0.00
0.01
0.01
0.01
0.10
0.19
0.25
0.27
0.82
0.56
0.05
0.04
0.00
0.00
0.02
0.00
0.01
0.05
0.01
0.02
0.07
0.05
0.05
0.02
0.02
0.04
0.30
0.25
0.06
0.04
0.05
2.36
5.51
19.34
9.61
0.59
0.05
0.03
0.05
0.05
0.89
0.47
0.65
0.02
0.03
2.79
15.43
10.45
0.06
0.03
9.59
0.02
0.03
0.02
3.46
2.46
2.33
1.61
0.51
0.43
1.00
0.22
0.23
0.12
0.38
18.43
10.61
0.04
0.03
0.02
2.00
4.87
1.14
3.98
1.38
0.05
0.04
0.04
0.02
0.01
0.01
0.01
0.01
0.01
0.02
0.02
0.01
0.02
0.05
0.04
0.08
0.02
0.04
0.00
0.01
0.01
0.66
10.42
4.44
0.04
3.07
4.47
11.24
1.36
0.67
1.42
16.04
26.29
1.91
8.13
6.13
0.29
1.95
1.78
0.03
3.99
7.37
2.52
11.44
12.23
0.98
1.43
0.03
6.02
22.17
20.82
15.05
6.18
5.26
3.95
16.07
0.69
0.11
0.13
1.04
0.27
1.93
5.80
11.87
34.81
10.50
6.42
1.85
1.54
3.03
1.71
2.15
15.64
2.60
0.01
0.67
8.31
17.19
0.73
0.05
0.27
2.34
1.93
3.20
6.96
13.00
5.36
0.15
1.38
32.22
3.27
25.07
12.35
31.71
44.92
71.84
2.59
8.35
72.91
0.07
11.43
2.08
14.40
5.09
12.50
3.32
0.02
0.04
0.05
1.54
3.40
3.58
5.86
8.31
5.11
0.03
3.31
38.41
5.17
49.75
12.33
11.12
15.45
2.46
0.05
0.04
32.55
7.70
17.54
0.05
0.65
20.86
7.05
0.13
0.40
30.13
8.95
2.93
11.73
12.50
5.02
11.71
84.28
13.44
8.18
17.17
1.41
1.66
0.37
4.19
3.34
23.51
30.85
2.39
0.43
2.77
13.31
2.06
10.46
6.51
1.72
0.81
0.20
0.08
0.05
0.70
0.08
0.00
0.08
0.02
0.07
0.54
0.03
0.04
0.04
0.00
0.81
3.78
9.83
2.96
2.49
4.01
13.60
10.22
10.74
3.58
1.42
1.19
5.10
0.33
0.19
0.05
0.05
0.06
0.27
3.55
5.18
3.17
0.86
1.26
0.04
0.73
1.57
3.56
1.86
1.12
3.64
9.08
5.89
0.84
0.04
0.03
0.05
0.02
0.03
0.94
1.13
0.83
4.10
1.21
0.38
0.03
0.02
0.06
0.61
0.04
0.06
0.02
0.05
1.46
0.27
0.69
2.08
5.22
1.47
0.48
1.35
0.74
1.41
1.83
1.02
0.16
1.72
2.26
1.17
1.06
11.82
9.52
18.18
0.05
0.40
0.23
0.04
0.10
0.03
0.00
0.00
0.00
0.02
0.00
0.03
0.08
3.52
3.18
0.10
0.03
0.10
0.23
0.02
0.00
0.00
0.00
0.00
0.37
5.79
19.98
24.47
2.41
0.47
0.04
0.00
0.01
0.05
0.04
0.11
0.45
0.22
1.75
2.42
3.08
0.16
0.16
0.07
0.02
0.02
0.02
0.49
0.13
0.10
0.83
1.03
0.21
0.00
0.03
0.19
1.04
0.96
0.01
0.00
2.98
8.40
1.84
0.57
0.62
0.11
0.02
0.02
0.03
0.03
0.18
0.04
0.82
6.79
7.74
0.75
0.08
0.06
0.05
0.04
0.05
0.06
0.01
0.01
0.05
0.03
0.02
0.06
0.01
0.02
0.03
0.04
0.03
0.02
0.02
0.01
0.04
0.08
0.00
0.03
0.02
0.20
0.45
0.15
0.86
0.50
0.01
0.33
0.36
0.19
0.06
0.19
1.36
0.02
0.00
0.00
0.02
0.00
0.00
0.00
0.02
0.03
0.06
0.09
0.05
0.07
0.21
1.10
5.41
1.76
1.26
0.07
0.17
2.39
14.97
1.26
19.81
13.54
26.89
46.53
16.21
15.21
9.01
0.06
0.05
1.00
4.26
1.67
5.49
11.69
8.37
2.86
0.93
0.92
0.16
0.04
0.27
5.74
6.06
3.73
1.51
1.61
3.84
1.90
1.85
1.46
3.74
2.38
3.43
24.50
12.25
0.01
28.98
7.62
0.21
0.02
0.04
0.03
0.11
1.87
11.75
16.00
22.61
2.30
0.20
0.53
2.22
2.03
2.87
7.06
39.65
22.22
11.34
2.40
2.06
6.15
1.15
3.37
3.03
2.89
0.45
3.24
13.58
10.13
16.78
15.73
29.78
22.23
10.44
6.07
1.94
2.61
1.65
9.84
36.34
12.43
0.23
0.00
0.02
0.00
0.01
0.96
11.73
0.01
0.92
2.61
11.64
3.47
16.21
2.03
0.18
0.88
1.62
11.61
5.53
37.59
7.00
13.14
10.02
8.08
2.56
0.83
3.11
14.39
10.13
0.08
0.09
1.51
2.71
4.44
3.01
1.90
16.18
85.64
33.86
2.91
2.75
56.06
13.57
8.16
44.82
6.85
30.24
23.37
20.63
9.28
3.33
1.62
3.14
0.61
2.67
1.25
2.68
0.22
0.17
1.53
2.48
2.44
8.69
1.17
0.81
2.22
6.64
1.67
38.00
12.21
2.74
5.11
18.00
1.44
2.76
3.68
3.28
9.84
3.25
4.90
6.97
16.79
20.78
3.24
2.87
1.79
1.93
0.52
2.36
5.95
1.32
1.24
19.86
27.42
3.38
15.80
3.20
8.43
1.15
2.03
7.02
19.26
0.57
2.14
10.11
2.08
1.00
3.73
2.30
0.27
1.09
0.66
1.11
1.54
1.91
1.26
2.73
1.85
1.83
1.27
0.25
1.67
9.94
30.38
1.27
3.52
3.92
1.59
2.39
1.75
1.05
2.52
1.53
0.05
0.03
0.25
0.23
0.02
0.61
0.73
1.90
0.23
3.08
0.00
0.03
0.05
0.03
0.02
0.02
0.00
0.00
0.17
1.95
2.27
17.06
20.36
21.03
0.49
0.26
0.59
0.12
0.07
0.10
0.26
0.03
0.08
2.02
1.84
0.34
0.04
0.01
0.00
0.00
0.02
0.00
0.00
0.00
0.01
0.01
0.00
0.00
0.00
0.00
0.00
0.00
0.00
0.00
0.00
0.00
0.00
0.00
0.00
0.00
0.01
0.28
0.09
0.06
0.02
0.04
0.08
0.40
0.22
0.04
0.01
0.01
0.08
0.16
0.10
0.93
0.67
3.27
7.59
30.84
8.77
0.82
0.03
0.02
20.09
23.91
15.24
4.49
7.27
10.96
0.16
7.46
2.38
0.35
0.14
2.14
0.51
0.90
0.04
0.02
0.00
11.85
8.31
3.26
0.77
0.59
1.61
0.12
0.06
0.19
6.17
10.08
0.33
0.02
0.00
0.02
0.00
0.00
0.06
0.28
0.10
0.01
0.02
0.04
0.03
0.04
0.39
0.35
0.07
1.16
1.92
0.28
4.35
15.50
24.65
3.08
0.00
0.02
0.00
0.00
0.00
0.00
0.03
0.01
0.01
0.00
0.62
5.77
0.03
0.03
0.26
4.18
3.25
3.87
5.29
3.22
13.49
16.37
8.92
28.55
17.58
10.61
6.20
8.93
1.99
0.58
0.00
0.13
16.06
3.81
0.01
0.00
0.00
0.02
2.31
5.69
3.95
0.12
5.37
3.99
9.75
8.54
8.27
21.00
24.22
0.00
2.14
0.95
0.70
1.05
5.11
7.48
2.28
0.02
0.02
2.01
4.54
9.39
15.91
15.99
4.44
12.42
19.58
1.41
1.50
0.07
6.01
15.57
35.96
10.49
0.06
0.59
3.55
7.71
2.46
0.95
2.95
1.52
0.72
1.01
1.80
2.09
2.84
7.41
8.21
1.52
2.53
5.68
21.39
1.74
7.46
38.37
16.44
0.02
0.27
0.01
0.14
0.13
1.77
0.81
1.21
1.25
0.53
11.56
23.84
17.08
1.25
0.56
3.83
0.82
0.02
0.66
1.48
7.79
27.38
1.44
2.74
7.83
4.86
1.61
7.49
2.35
7.56
30.30
6.76
1.85
7.91
34.03
2.45
3.04
23.21
1.27
0.29
4.76
47.83
63.91
65.54
2.30
0.55
1.71
0.48
0.03
1.26
1.22
1.45
7.12
38.14
22.21
3.76
7.98
0.65
11.70
31.66
21.74
5.01
4.82
0.46
0.05
1.01
26.20
0.71
1.50
0.80
0.16
1.29
0.05
0.41
0.17
0.12
0.07
0.30
1.82
4.96
0.79
1.74
3.78
4.48
0.91
0.39
1.31
39.84
49.00
34.32
2.43
0.61
0.39
0.69
0.54
2.61
0.63
3.98
8.67
5.30
151.69
15.60
5.70
1.13
12.47
1.26
1.81
0.98
2.35
1.72
2.94
1.78
4.33
14.79
3.30
1.98
0.45
0.08
2.91
0.74
0.17
0.24
0.14
0.23
0.15
0.12
0.03
2.19
3.11
2.94
0.30
0.05
0.01
0.39
0.02
0.02
0.00
0.00
0.13
0.02
0.02
0.00
0.00
0.00
0.00
0.03
0.16
0.19
0.34
0.31
3.60
0.96
3.47
12.47
5.66
0.03
0.01
0.02
0.02
0.05
0.02
0.35
8.16
3.58
0.00
0.01
0.04
0.00
0.00
0.00
0.00
0.00
0.06
0.06
0.00
0.00
0.00
0.00
0.00
0.00
0.00
0.00
0.00
0.00
0.96
3.23
5.79
0.00
0.00
0.00
0.00
0.06
3.53
0.59
1.34
0.00
0.00
0.00
0.00
0.55
1.95
6.49
0.00
0.00
0.00
0.00
0.22
0.69
0.00
0.02
0.10
0.06
0.02
0.01
0.00
0.00
0.00
0.00
0.00
0.00
0.00
0.00
0.03
0.02
0.63
20.57
12.54
10.68
0.06
0.13
0.02
0.02
0.02
0.00
0.00
0.00
0.00
0.00
0.00
0.00
0.00
0.00
0.00
0.00
0.00
0.06
4.81
7.50
0.32
0.24
0.02
0.25
5.00
3.36
0.34
0.39
0.27
0.83
0.40
0.29
0.39
2.33
2.33
0.20
0.94
3.65
6.13
0.29
0.34
0.24
0.01
0.01
0.01
0.00
0.01
0.01
0.00
0.08
2.23
4.80
0.01
0.00
0.00
0.02
0.02
0.03
0.19
1.44
10.92
14.90
3.72
3.90
6.41
3.49
14.37
0.70
9.01
4.07
0.01
1.71
3.50
0.00
0.00
0.02
0.00
0.00
0.02
0.07
1.69
5.32
6.14
4.09
11.40
0.55
42.52
7.50
0.86
3.26
53.91
16.45
1.64
2.21
4.52
10.04
4.46
4.21
0.73
0.24
7.44
20.14
26.13
25.10
2.33
1.94
0.27
2.44
35.58
14.19
97.99
35.33
36.01
0.09
0.16
10.84
17.66
16.48
10.06
0.04
0.25
24.07
41.53
0.00
0.00
0.00
0.02
0.04
0.02
0.05
0.04
0.02
0.70
9.22
21.71
1.40
11.21
15.25
3.24
27.83
31.98
0.46
0.50
0.12
0.08
0.02
0.06
0.15
0.15
0.00
0.01
0.12
2.32
2.44
0.03
0.02
0.04
13.12
24.12
6.09
0.55
0.20
8.63
43.05
22.75
3.42
0.11
0.07
1.31
2.85
0.55
1.59
0.05
3.05
2.13
13.48
8.70
3.81
3.19
0.90
1.27
0.13
16.41
0.91
37.12
87.86
5.36
2.33
5.69
17.95
8.25
0.40
10.80
0.30
0.27
0.81
0.06
0.05
0.06
0.05
1.73
0.20
1.03
3.01
2.81
7.12
9.50
22.38
0.81
0.04
0.12
0.04
0.37
0.75
0.13
0.19
0.39
4.67
0.64
0.08
2.05
9.88
4.29
0.19
2.02
0.28
78.40
38.95
0.24
0.31
0.35
1.47
108.68
383.15
4.05
6.26
0.52
1.42
3.23
3.18
1.76
0.52
16.09
5.16
0.19
0.11
0.20
0.25
0.60
1.00
1.79
0.19
2.20
2.08
14.09
26.49
10.48
0.45
0.01
0.28
0.05
0.14
0.07
0.27
0.33
0.56
0.42
0.05
0.34
0.38
0.49
0.31
0.38
0.05
0.03
0.07
0.17
0.80
0.52
2.06
15.56
2.61
0.34
0.03
0.03
0.01
0.00
0.01
0.01
0.02
2.93
3.29
1.12
0.66
1.24
2.54
0.11
0.22
0.03
0.07
0.05
0.00
0.00
0.03
0.00
0.00
0.02
0.02
0.00
0.04
0.02
0.03
0.02
0.00
0.00
0.00
0.00
0.10
0.13
0.07
0.04
0.06
0.02
0.02
0.04
0.07
0.33
1.29
1.44
0.31
0.04
0.02
0.05
0.04
0.02
0.00
0.00
0.00
0.00
0.00
0.00
0.00
0.02
0.08
0.04
0.33
0.13
0.03
0.90
7.01
2.83
9.03
1.82
0.00
0.00
0.01
0.01
0.00
0.00
0.00
0.00
0.00
0.00
0.04
0.05
0.04
0.01
0.00
0.00
0.00
0.00
0.00
0.00
0.00
0.00
0.00
0.00
0.00
0.12
1.40
7.32
8.10
8.77
0.03
0.02
0.23
0.01
0.00
0.00
0.00
0.00
0.00
0.00
0.00
0.06
0.73
12.03
7.28
1.41
3.46
6.73
17.52
1.96
0.00
0.00
0.00
0.00
0.00
0.00
0.40
29.77
15.32
6.04
11.11
5.36
18.40
9.86
0.44
0.01
0.00
0.00
0.72
4.40
27.92
8.10
0.18
0.89
0.04
0.00
0.00
0.00
0.00
0.00
0.00
0.00
0.00
0.00
0.00
5.20
20.39
6.27
21.53
0.04
0.00
0.00
0.01
0.01
0.00
0.00
0.00
0.00
0.00
7.67
12.30
8.33
21.30
26.68
1.98
34.23
9.21
0.07
1.95
8.60
17.51
26.07
32.35
0.12
0.82
4.46
4.43
16.74
8.04
23.36
0.16
0.35
2.99
18.73
3.42
3.75
0.33
4.06
11.43
7.30
8.62
0.01
9.06
14.89
25.11
19.60
13.02
0.00
9.16
10.21
0.00
0.23
0.70
2.51
7.36
1.93
7.16
12.53
5.09
17.03
5.50
2.55
2.19
6.75
5.92
4.56
0.36
0.17
2.02
5.39
6.22
13.41
2.38
2.83
2.40
0.05
3.86
17.50
1.19
0.00
0.00
0.00
0.01
5.18
7.27
0.02
0.61
9.11
4.15
27.65
30.15
2.73
7.02
2.79
23.78
10.63
9.40
0.00
0.12
7.04
6.88
0.36
0.41
0.31
0.19
0.00
0.08
2.79
12.78
20.39
46.41
49.09
0.64
1.70
1.40
4.28
2.66
10.88
31.24
14.03
33.39
15.44
14.63
8.66
11.61
7.69
20.23
16.81
6.02
0.02
0.01
0.09
0.12
1.99
1.87
2.35
0.26
0.33
0.16
0.08
0.00
0.08
0.34
6.06
1.25
0.00
0.20
7.88
13.09
39.40
59.84
36.00
4.90
16.03
5.45
4.69
15.77
33.57
27.14
20.17
19.51
0.01
0.09
0.31
0.37
0.11
0.61
2.90
13.05
4.46
2.11
0.26
0.45
0.19
0.56
0.00
1.40
9.38
48.96
3.87
9.35
4.66
16.60
0.08
1.97
9.05
14.91
2.15
5.51
0.54
3.14
5.26
0.00
0.00
0.03
0.04
0.02
1.17
14.84
20.28
0.00
0.00
0.48
1.70
1.31
4.81
1.76
0.66
1.78
1.69
6.62
3.49
14.37
0.09
0.80
1.50
0.36
20.23
3.69
5.06
6.47
2.50
25.19
4.33
0.25
0.01
0.02
0.01
0.00
0.00
0.00
0.00
0.01
2.21
6.60
0.14
0.00
0.00
0.00
0.25
1.27
5.68
2.65
8.30
0.03
0.00
0.00
0.00
0.00
0.00
0.00
0.00
0.00
0.03
3.86
4.53
0.03
0.04
0.01
0.00
0.01
0.03
2.69
2.20
6.25
25.31
17.98
2.07
5.96
1.91
3.68
6.17
3.32
7.88
0.02
6.18
18.85
0.06
0.06
0.00
0.08
2.02
0.00
0.00
0.00
0.02
0.05
0.92
3.91
9.00
37.61
0.00
0.00
0.01
0.54
0.49
0.03
0.47
1.72
3.00
1.09
0.04
0.00
0.47
8.04
0.00
0.00
3.16
5.79
0.01
0.53
0.67
4.28
10.52
38.40
0.06
8.75
3.77
0.00
2.10
14.18
5.17
7.50
6.99
0.00
0.08
7.31
20.69
0.03
0.87
0.00
2.51
2.87
3.11
8.37
8.18
3.36
0.81
0.00
0.00
3.81
4.36
1.17
0.00
2.96
6.62
10.58
54.39
28.94
48.60
13.38
2.21
2.56
5.81
22.02
1.03
0.34
0.19
3.14
2.00
4.78
2.03
26.81
11.24
0.01
25.34
25.05
111.04
21.86
5.38
2.04
0.04
0.00
0.00
25.55
6.76
4.79
0.16
0.02
21.07
41.52
4.89
0.58
0.23
0.00
0.38
2.40
0.96
0.29
0.00
0.00
3.88
0.33
0.00
0.00
1.83
0.00
0.00
10.72
6.58
0.04
1.48
14.25
2.70
0.36
0.00
0.00
0.00
0.00
1.43
3.06
2.05
1.74
0.85
41.91
6.95
54.69
10.92
29.21
0.65
0.26
7.91
30.11
0.34
10.75
1.25
0.35
0.46
0.49
0.29
0.12
17.94
8.32
7.96
55.37
1.17
2.05
3.95
7.16
0.26
5.25
3.37
0.95
12.48
2.16
3.24
0.24
0.67
0.04
5.93
15.74
0.00
12.71
9.86
3.24
9.52
8.07
1.28
3.12
24.29
26.46
5.84
9.92
2.23
0.89
0.94
2.55
4.75
4.17
16.74
33.52
35.86
7.57
34.66
23.05
21.53
0.86
5.03
8.48
0.03
0.00
0.00
0.90
0.38
10.27
3.01
5.21
0.02
1.27
0.03
18.12
0.41
0.27
0.33
0.26
0.11
0.00
0.00
0.00
0.01
2.12
2.91
7.97
0.14
0.03
1.31
2.92
3.36
13.96
0.32
1.09
2.25
0.28
0.18
0.22
0.01
3.30
73.32
23.40
0.00
0.00
0.00
0.43
1.23
0.00
0.00
0.07
0.00
0.14
0.00
1.97
2.86
0.00
0.00
0.00
0.04
8.11
1.69
0.08
2.07
0.43
0.96
0.04
1.03
0.28
0.28
0.04
49.40
33.32
13.07
0.51
0.31
1.23
0.51
0.53
1.63
0.51
0.00
0.01
2.71
0.28
0.00
0.01
0.00
0.00
0.00
0.00
0.00
0.00
0.00
0.00
0.01
0.00
0.00
0.00
0.00
0.00
0.03
0.00
0.19
0.00
0.00
6.04
2.33
0.33
0.00
0.00
0.00
0.06
0.00
0.00
0.00
0.06
0.00
0.00
0.00
0.00
0.00
3.65
15.23
0.74
0.00
0.00
0.00
0.96
17.93
0.00
0.02
0.43
0.44
0.00
0.00
0.00
0.00
0.00
0.00
0.00
0.00
0.00
0.01
7.45
6.57
2.45
1.89
0.00
0.00
0.03
0.01
0.00
0.22
1.95
0.23
0.05
1.68
1.88
2.52
13.92
1.54
1.26
0.00
0.11
0.34
0.00
0.00
0.00
0.05
0.00
1.31
10.47
0.00
0.00
0.00
0.00
0.35
0.06
0.10
0.30
0.28
0.00
0.00
0.00
0.00
0.03
0.00
0.00
0.00
0.00
0.00
0.00
0.00
0.00
0.00
0.00
0.00
0.01
0.00
2.63
1.68
1.29
7.76
0.10
3.43
0.22
4.29
2.11
2.67
0.01
6.53
3.73
0.12
0.02
0.02
0.47
1.27
0.58
0.77
0.15
0.08
0.00
0.00
0.00
0.00
0.00
0.00
0.00
0.00
0.00
0.00
0.00
0.00
0.00
0.12
0.35
0.20
0.90
0.68
0.11
0.00
0.00
0.00
0.00
0.00
0.00
0.00
0.00
0.84
0.10
0.00
0.00
0.00
0.00
0.00
0.86
4.36
11.64
6.00
14.27
11.16
3.37
0.00
5.62
4.01
43.08
8.12
1.41
5.27
1.91
3.05
24.55
0.11
21.97
13.69
13.18
19.19
0.21
0.02
0.33
7.75
5.65
1.55
0.00
0.00
0.00
0.13
0.77
14.39
42.51
0.71
0.12
0.76
1.02
0.91
60.92
7.27
13.24
9.59
43.64
0.00
0.16
14.41
20.58
0.15
0.51
0.62
0.36
0.76
11.39
12.35
1.35
1.56
3.53
0.06
0.79
8.22
3.61
0.02
0.00
0.00
0.11
3.43
21.06
2.23
8.02
60.75
2.69
0.00
0.54
0.10
32.71
55.24
134.41
17.94
1.22
0.00
10.52
22.66
5.49
0.17
1.64
7.02
16.09
0.69
0.22
8.48
2.67
1.86
0.59
28.24
20.58
17.25
3.86
0.02
0.86
1.90
11.37
0.92
13.20
2.79
5.47
1.81
0.05
0.31
0.15
0.11
0.06
0.20
0.12
3.92
1.81
1.91
0.25
0.42
1.08
0.37
2.74
7.60
34.44
7.29
4.54
15.51
8.41
22.95
27.23
6.60
9.25
1.21
18.88
37.48
8.86
0.06
0.00
0.02
15.97
13.18
4.87
1.70
8.59
10.55
0.32
4.67
15.81
12.28
3.55
0.12
0.00
0.07
9.22
5.70
0.82
10.94
7.78
0.87
0.30
27.67
6.43
0.81
0.00
0.00
6.52
1.01
6.56
4.36
15.51
3.69
12.01
12.19
5.54
7.48
20.20
10.43
4.15
10.81
46.20
1.27
0.04
0.00
12.72
0.08
0.62
0.32
0.18
0.00
0.18
2.16
4.80
1.06
0.98
1.66
1.40
0.00
0.00
0.00
0.00
0.00
0.15
0.45
0.12
0.42
4.63
0.00
0.01
0.00
0.00
0.00
0.00
0.13
0.26
0.12
0.03
0.00
0.00
0.00
0.00
0.00
0.00
0.00
0.00
0.00
0.00
0.04
0.19
0.00
0.00
0.01
0.05
0.93
0.68
0.83
3.51
1.29
0.76
0.43
0.00
0.00
0.00
1.29
1.68
0.25
0.00
0.15
5.68
0.00
0.00
0.00
0.00
0.00
0.00
0.00
0.00
0.00
0.00
0.00
0.00
0.00
0.00
0.00
0.00
0.00
0.00
0.01
0.00
0.00
1.08
3.54
0.39
0.00
0.00
0.00
0.00
0.00
0.07
0.03
0.00
0.00
0.07
1.80
0.18
0.37
0.03
0.00
0.00
0.00
0.00
0.00
0.00
0.00
0.00
0.00
0.02
0.00
0.00
0.02
0.00
0.00
0.13
0.61
1.86
0.71
0.28
0.94
0.00
0.47
1.73
5.25
10.74
2.01
3.95
0.71
0.43
0.00
0.11
0.00
0.15
7.57
4.83
0.00
0.00
0.00
0.00
0.00
0.06
4.10
0.22
0.94
0.96
0.32
0.56
0.00
0.00
0.00
0.11
1.21
1.67
0.00
0.05
0.00
1.12
3.92
1.35
0.81
1.88
1.71
0.06
19.84
14.21
8.99
5.15
0.00
24.31
22.03
0.00
7.67
1.89
1.01
2.24
1.55
2.90
7.03
2.36
1.86
1.45
1.52
4.19
1.19
0.30
2.06
5.69
6.86
6.28
0.70
0.25
0.02
0.28
0.00
0.31
0.74
0.00
0.00
0.02
0.10
14.07
18.66
11.15
55.06
29.06
0.36
0.72
2.98
6.73
23.57
43.47
3.32
2.30
1.81
16.56
23.26
0.00
0.00
0.00
0.00
0.00
32.14
0.82
31.43
60.38
0.37
42.04
2.77
8.74
9.02
19.71
10.53
5.00
2.95
0.00
0.00
0.01
0.00
0.06
0.72
7.59
1.91
0.00
0.00
0.00
0.00
0.00
0.01
0.10
5.53
1.01
0.00
0.00
0.00
0.02
1.81
0.09
65.13
63.38
14.98
11.80
1.42
3.46
0.63
0.00
0.00
3.75
4.59
0.49
0.10
1.58
8.81
26.59
37.06
18.02
0.19
0.09
0.41
0.00
1.97
15.70
22.68
26.00
13.42
4.24
6.78
0.25
0.19
0.00
0.00
0.00
0.00
0.18
1.03
0.42
2.24
0.13
0.74
0.09
0.00
0.00
0.00
0.02
0.27
0.04
0.00
0.00
1.62
2.85
2.16
4.04
1.89
9.18
0.48
0.04
0.01
0.00
0.63
0.36
11.05
0.36
17.57
37.90
12.05
1.83
11.01
2.44
4.47
23.17
9.41
0.73
0.64
1.92
0.79
0.96
1.50
19.98
8.34
37.11
37.52
34.48
2.96
3.77
4.25
2.29
0.17
13.70
53.30
20.77
18.09
1.10
0.00
0.32
0.17
0.45
0.77
0.19
0.00
0.74
10.70
2.94
0.20
0.00
0.02
0.00
0.00
0.00
0.00
0.00
0.00
1.47
0.00
0.03
0.76
1.48
0.85
0.00
0.00
0.29
0.00
0.04
0.06
0.36
2.45
0.00
0.05
26.43
11.10
8.20
5.33
0.72
0.04
0.00
0.00
0.00
0.00
0.00
3.65
3.96
0.31
0.00
0.00
0.03
1.70
39.48
10.00
5.70
37.04
1.80
4.20
0.17
0.00
0.02
0.02
0.00
7.80
0.00
0.01
0.01
0.00
0.00
0.73
1.39
22.08
1.89
1.01
5.25
0.24
0.00
0.01
0.01
0.23
1.74
1.61
24.05
0.43
0.00
0.00
0.00
0.37
0.43
0.00
0.01
0.01
0.00
0.00
0.00
0.04
0.30
0.00
0.00
0.00
0.00
0.00
0.00
1.83
0.01
12.44
4.15
0.02
0.00
0.12
0.00
0.76
19.63
1.51
0.03
0.00
0.00
0.00
0.01
0.00
0.00
0.00
0.00
0.00
0.00
0.00
0.13
1.94
0.72
0.22
0.03
0.00
0.01
1.38
2.61
0.85
6.06
0.21
0.00
0.00
0.00
0.57
0.14
0.16
0.00
8.37
14.23
0.33
29.30
37.03
1.32
1.66
0.13
0.00
0.00
2.72
8.64
8.86
8.70
0.87
0.57
1.27
4.81
0.61
7.64
0.08
0.08
0.00
0.02
0.00
0.00
0.00
0.00
0.00
0.00
0.07
0.00
0.00
0.57
14.89
16.50
11.66
33.92
8.14
0.00
0.00
0.00
0.00
0.00
2.63
7.62
0.04
0.39
18.28
1.45
0.12
0.11
0.20
3.59
8.22
0.71
0.04
28.10
39.28
0.00
0.01
0.10
0.86
9.22
3.65
4.66
3.98
0.85
0.01
0.51
5.71
6.08
41.20
2.35
0.50
4.31
7.59
38.20
0.23
13.42
4.42
0.08
0.00
0.00
10.69
0.70
2.23
4.25
17.39
25.58
3.37
7.34
25.22
14.55
2.82
0.02
0.02
0.99
31.77
3.16
2.74
0.10
0.52
2.35
19.89
6.01
16.45
13.20
32.29
0.04
0.00
0.00
0.00
0.00
0.00
0.15
62.25
7.21
0.45
0.58
50.68
26.87
0.10
0.00
0.00
4.22
0.16
0.10
1.31
0.28
0.00
1.47
6.08
38.70
43.82
0.96
1.08
15.20
19.30
21.95
3.84
60.27
36.38
12.93
0.19
0.00
1.20
0.86
0.01
37.42
55.15
34.78
6.63
0.37
3.53
1.42
1.77
2.72
0.61
0.00
0.02
0.35
0.04
0.00
0.00
5.46
2.63
0.33
0.04
0.35
0.45
1.06
11.01
5.14
17.47
15.56
43.61
18.62
2.27
2.98
0.00
0.00
0.00
1.41
2.53
26.01
8.23
0.04
0.02
0.11
6.96
12.08
8.57
15.32
10.39
0.72
0.21
0.37
0.03
2.26
0.51
15.93
8.54
0.25
0.04
0.24
10.76
4.85
0.06
0.00
0.00
0.00
0.12
0.06
13.78
3.28
16.89
4.99
0.77
0.21
11.22
12.64
19.14
8.48
0.10
0.13
63.69
7.24
0.02
0.00
0.00
0.00
0.00
0.00
0.00
0.00
0.00
0.00
0.02
0.02
0.09
1.87
0.57
0.17
0.00
0.00
0.00
0.00
0.00
0.01
0.01
0.00
0.00
0.00
0.00
1.80
1.31
0.20
0.09
0.00
0.48
0.00
0.00
0.00
0.00
0.00
0.00
0.00
0.00
0.00
0.00
0.00
0.00
0.00
0.01
0.00
0.01
0.00
0.00
0.02
0.08
1.31
0.24
1.08
5.52
26.25
3.06
2.31
2.85
0.00
0.00
0.00
0.00
0.00
0.00
0.00
6.75
6.68
0.07
0.00
0.00
0.00
0.00
0.00
0.00
0.00
0.00
0.00
0.00
0.00
0.00
0.00
4.31
0.07
0.57
0.00
0.00
0.00
0.00
0.00
0.00
10.74
7.14
3.10
0.79
0.98
1.54
0.00
0.00
0.85
8.92
10.18
0.14
1.21
0.17
0.00
0.00
0.00
0.00
0.00
0.00
0.00
0.00
0.00
0.00
0.00
0.00
0.00
0.00
0.00
0.00
0.00
0.01
0.00
0.21
0.00
0.56
0.00
12.51
12.56
0.16
0.28
0.46
0.17
0.08
0.00
0.00
0.00
30.93
15.97
0.75
2.36
0.02
0.01
0.00
4.14
9.14
0.28
2.22
9.01
0.63
3.57
19.43
1.85
1.55
0.06
0.05
0.05
0.00
0.24
0.17
0.00
0.00
5.53
7.68
0.05
0.09
7.29
8.51
0.00
0.07
0.02
0.00
0.00
0.00
0.01
0.00
0.05
4.06
0.02
0.00
1.01
0.62
9.46
3.74
5.39
15.59
3.04
2.32
1.20
1.49
0.02
0.00
0.05
0.00
0.12
6.23
28.95
0.00
1.77
6.31
13.38
9.44
0.00
0.12
0.00
0.07
0.18
0.06
7.83
1.35
0.00
19.63
19.84
54.01
0.04
0.00
0.00
0.00
0.01
0.10
1.82
14.83
0.11
0.34
0.04
3.95
2.06
4.85
10.62
4.60
0.04
0.00
0.00
0.12
0.06
0.00
0.73
0.10
3.44
0.37
0.45
15.14
17.23
29.10
15.40
0.45
0.10
18.23
3.40
0.11
4.48
0.00
0.30
4.15
24.14
16.25
0.18
0.00
0.03
0.00
0.00
0.00
1.01
3.20
0.06
0.00
0.00
2.65
0.53
0.00
0.00
0.07
0.44
2.36
15.69
8.40
10.48
22.35
16.55
80.05
74.94
82.62
33.59
0.47
0.01
0.15
0.20
0.02
0.00
2.39
6.71
6.53
0.55
6.05
48.73
20.25
0.19
0.00
0.31
0.02
7.07
55.01
10.99
5.66
0.20
0.14
0.14
0.63
1.12
2.33
0.10
23.50
0.36
66.16
12.32
0.14
0.08
0.00
0.20
2.09
15.20
17.57
4.80
25.61
0.47
0.10
5.20
5.13
0.31
0.47
10.90
6.90
44.79
37.76
8.36
4.34
0.74
1.19
2.47
5.93
5.03
19.85
3.96
8.18
3.46
0.10
0.00
1.79
0.99
0.03
0.09
0.09
41.79
0.67
0.17
0.00
0.03
5.98
0.02
0.08
0.00
0.83
0.00
0.20
0.74
0.71
0.04
5.39
43.25
0.96
28.41
9.52
0.26
5.93
0.00
0.00
0.00
0.00
0.00
0.06
1.57
1.73
5.53
24.30
9.67
1.32
2.39
0.54
0.00
0.00
0.17
13.28
0.43
0.00
0.00
0.00
0.00
0.00
0.00
0.00
0.00
0.00
8.97
64.25
31.31
0.17
7.72
7.12
6.35
0.16
0.00
0.00
0.40
0.70
44.32
52.91
35.06
14.34
0.13
0.00
0.00
0.00
0.08
0.00
0.00
0.00
0.00
0.00
0.00
0.13
0.40
0.00
21.79
2.73
0.45
0.45
9.45
6.72
0.00
0.00
0.00
0.00
0.00
0.00
2.14
14.63
4.82
7.52
26.99
13.14
2.87
0.86
0.41
1.64
2.66
0.10
0.02
0.24
5.16
0.07
0.00
0.02
0.02
0.00
0.36
20.91
24.63
2.22
0.02
0.00
0.02
0.00
0.15
5.00
2.09
0.00
0.00
0.12
0.00
0.08
1.90
0.05
0.00
0.00
15.06
0.09
0.00
0.00
0.00
0.00
0.00
0.00
0.00
0.00
0.01
0.00
0.00
0.00
0.00
0.03
0.03
0.00
5.44
15.23
19.74
1.17
0.00
0.00
1.33
0.13
0.91
1.89
1.35
0.00
0.02
0.04
0.36
6.71
0.07
0.00
0.06
7.18
4.85
4.86
3.24
0.40
0.00
0.24
0.20
0.00
0.00
0.00
0.03
0.00
0.00
0.00
0.00
5.99
0.11
0.02
12.66
22.07
7.87
1.12
0.00
0.38
0.66
0.07
7.30
9.75
1.83
0.00
1.99
0.00
1.44
3.27
18.25
1.28
0.40
13.78
3.66
0.17
0.00
0.10
0.24
4.57
0.07
8.29
0.55
2.60
6.80
42.61
5.43
0.00
9.03
7.83
6.53
22.70
13.99
16.92
0.66
23.71
4.08
0.00
3.03
1.84
0.00
0.49
0.10
0.08
0.00
0.00
12.34
0.17
0.00
0.03
0.07
2.48
0.10
0.00
6.98
3.03
3.25
0.01
0.31
15.88
2.42
0.00
3.64
5.69
0.59
14.09
17.70
8.12
82.42
19.86
0.07
0.00
0.00
2.76
4.97
60.61
18.13
0.01
0.00
0.00
0.03
0.00
0.00
0.00
0.00
1.39
2.40
0.13
13.22
24.65
3.01
5.82
0.48
1.07
36.65
1.76
5.49
5.17
1.86
0.18
0.00
0.00
0.01
1.07
1.80
1.15
2.12
1.99
1.52
33.02
15.37
1.14
1.03
0.03
0.00
0.00
0.00
0.00
0.00
0.00
0.34
0.06
0.00
0.00
0.11
0.00
0.00
0.00
0.00
0.00
0.01
0.10
0.01
0.00
0.12
0.00
7.86
0.49
0.02
0.00
1.52
0.09
0.02
0.00
0.01
0.02
1.15
0.19
1.42
15.80
6.08
0.11
0.00
0.36
0.17
1.30
3.49
3.63
5.14
15.40
1.10
0.11
0.13
0.04
8.57
2.76
8.15
6.17
0.08
0.10
0.01
0.00
0.00
0.00
0.00
3.61
0.00
14.22
1.93
2.33
0.11
0.00
39.49
4.36
0.13
0.01
0.00
0.00
0.00
1.74
2.17
0.25
0.00
0.00
0.09
2.43
1.56
0.14
0.79
0.00
0.00
0.00
0.00
0.01
0.00
0.00
0.00
0.01
0.12
0.01
0.00
0.00
0.00
0.06
0.00
0.13
0.00
10.38
1.14
0.08
0.00
0.00
0.00
0.00
0.00
0.00
0.00
0.00
0.00
0.00
0.00
0.00
0.00
0.00
0.00
0.00
0.00
0.00
0.00
0.00
0.00
0.00
0.00
0.64
30.65
12.70
2.73
0.01
0.00
0.00
0.00
0.00
0.00
7.24
0.02
0.10
10.80
0.81
0.00
0.00
0.00
0.00
0.04
0.00
0.00
0.00
0.00
0.00
0.00
0.00
0.00
0.00
0.00
0.00
0.23
0.08
0.77
0.19
0.00
0.00
0.00
0.00
0.00
0.00
0.00
0.00
0.00
0.00
0.00
0.00
0.00
0.00
0.00
0.00
0.00
0.00
0.00
0.00
0.00
0.00
0.00
0.00
0.00
0.00
0.00
0.00
0.00
12.06
3.00
0.00
0.13
0.38
5.02
7.52
0.76
1.69
0.14
7.08
0.01
0.34
1.20
0.00
0.00
0.00
0.37
18.56
0.71
0.17
0.69
16.30
8.60
7.36
4.57
0.23
1.38
19.58
2.73
0.00
0.00
0.00
0.00
0.00
0.00
0.00
0.00
0.00
0.02
0.02
0.00
1.07
1.01
0.03
15.49
0.08
0.13
0.00
0.02
0.97
5.20
4.90
0.17
0.00
0.00
0.00
0.00
0.00
0.00
0.00
0.00
0.00
0.00
0.04
0.74
0.76
8.82
11.37
9.82
0.21
0.03
1.30
17.82
11.80
21.67
0.01
0.31
0.20
2.37
0.09
15.94
14.23
0.00
0.14
0.01
0.38
16.90
21.38
0.69
0.03
0.00
2.63
26.64
2.70
10.02
2.92
0.42
7.78
0.42
0.01
0.00
0.00
0.45
54.35
13.98
0.96
8.09
0.13
0.00
0.00
17.61
37.48
0.29
0.12
1.67
0.24
1.89
42.61
24.24
0.00
0.00
0.00
26.51
6.85
1.74
17.20
31.26
0.57
0.57
20.05
0.15
7.39
0.07
0.00
0.00
0.02
0.00
0.00
28.05
0.71
14.03
14.66
0.55
0.00
0.24
6.13
17.01
5.29
0.00
0.03
0.00
0.00
0.01
0.49
0.00
0.02
0.32
17.89
0.20
0.14
1.16
7.91
0.05
24.27
1.43
2.64
0.90
0.09
1.70
2.85
6.66
0.44
0.00
4.03
2.35
0.06
14.17
33.90
59.02
0.12
0.28
1.32
3.50
1.08
1.00
0.31
8.55
0.09
0.00
0.00
1.62
2.52
5.78
0.11
0.09
0.43
12.04
0.51
0.23
1.42
0.70
0.19
0.02
0.47
12.68
12.57
2.76
0.53
6.77
0.97
0.00
0.77
6.16
2.71
4.47
7.18
1.67
0.21
0.40
0.25
0.00
0.15
11.18
10.03
4.68
3.09
0.20
1.18
1.58
0.49
10.81
3.42
2.48
0.24
2.80
25.36
1.23
0.97
2.09
1.30
0.78
5.33
0.68
0.33
0.00
0.00
0.00
0.05
0.21
0.71
0.42
1.12
7.60
1.66
0.30
0.00
0.00
0.00
0.00
0.00
0.00
0.00
0.00
0.00
0.00
0.00
0.00
0.00
0.00
0.00
0.00
0.00
0.00
0.00
0.00
0.00
0.00
0.00
0.00
0.00
0.00
0.00
0.00
0.00
0.00
0.00
0.00
0.00
0.04
0.00
0.00
0.00
0.00
0.00
0.00
0.00
0.00
0.04
0.45
0.00
0.00
0.00
0.01
1.79
4.65
2.16
0.02
0.13
1.35
0.98
0.12
0.00
0.00
0.00
0.00
0.00
0.00
0.00
0.00
0.00
1.12
0.00
0.00
0.01
0.00
0.01
0.00
0.87
0.58
0.00
0.00
0.00
0.01
0.01
0.00
0.01
0.00
0.01
0.00
0.00
0.00
0.00
0.02
0.42
0.01
0.00
0.01
2.86
5.16
1.69
0.85
0.51
3.95
0.05
2.02
0.00
0.00
0.00
0.00
0.00
0.08
0.00
0.00
0.01
0.48
0.07
0.17
7.92
0.64
0.00
0.00
0.00
0.00
1.18
4.85
0.43
0.01
2.26
0.00
0.01
0.01
0.59
0.85
1.18
1.17
0.07
0.00
0.00
5.89
1.93
0.14
1.18
3.28
7.88
0.23
1.34
2.32
4.51
0.48
0.31
0.88
18.17
61.43
19.52
6.68
0.12
0.00
0.02
0.20
0.48
0.41
1.94
16.38
11.49
0.06
9.38
6.57
0.25
0.00
0.00
0.00
0.00
0.05
0.00
0.71
7.87
2.02
0.36
0.00
3.12
4.01
0.14
0.04
0.01
0.00
0.00
34.81
2.86
0.03
0.56
43.27
11.25
2.79
1.15
22.30
1.26
14.88
0.19
0.00
0.00
9.11
6.26
0.00
0.00
12.12
4.98
9.61
15.37
0.46
0.06
0.12
10.18
1.20
0.01
9.10
0.36
0.01
1.21
8.37
0.31
1.38
0.42
0.00
0.57
0.83
0.00
17.82
17.03
35.87
6.08
36.76
0.14
1.23
13.55
27.59
5.07
25.70
15.57
34.19
66.60
25.37
0.47
34.36
0.38
13.90
1.38
7.11
58.95
29.05
24.86
2.41
23.47
7.55
2.93
0.06
0.17
6.64
61.76
6.36
9.48
0.62
0.05
0.00
0.43
3.79
0.00
0.04
16.12
19.09
22.50
5.99
3.11
8.97
26.86
8.34
39.40
70.98
16.17
50.38
30.78
0.21
2.20
8.77
0.73
0.35
1.22
2.09
1.72
0.03
0.00
0.00
0.00
0.00
0.31
0.04
0.72
0.05
0.87
0.01
0.46
0.92
1.30
0.01
0.00
0.64
2.02
10.38
10.94
1.59
0.14
0.20
13.05
1.48
0.37
0.00
0.27
2.70
0.41
0.02
0.00
0.10
0.17
5.30
11.76
0.80
4.22
0.78
0.01
0.06
0.16
28.84
22.75
0.89
2.94
1.51
1.33
67.80
4.56
6.58
13.54
18.57
0.02
0.05
4.49
33.13
0.22
0.06
0.15
0.33
37.20
14.62
7.52
0.00
3.05
0.18
0.00
1.59
1.59
0.03
0.00
0.00
1.10
0.37
0.04
0.00
0.09
1.16
0.00
0.00
0.00
0.09
0.02
0.00
1.58
1.56
1.77
0.94
0.00
0.00
0.03
2.99
30.11
5.85
0.00
0.00
0.00
0.00
0.00
0.00
0.00
0.00
0.00
0.00
0.00
0.00
0.00
0.00
0.00
0.00
0.00
0.00
0.00
0.00
0.13
0.00
0.00
1.15
1.15
0.50
0.00
0.00
0.03
0.12
0.00
0.00
0.02
6.54
3.36
0.14
0.19
7.04
1.00
7.71
2.26
2.77
0.17
0.48
0.60
0.15
0.00
0.00
0.00
0.00
0.00
0.00
0.00
0.00
0.00
0.00
0.00
0.22
0.01
0.72
0.02
0.00
0.00
0.00
0.00
6.78
6.43
0.35
0.00
0.00
0.00
0.00
0.00
0.00
0.00
0.00
0.00
0.00
0.03
0.02
0.03
0.00
0.00
0.52
10.67
0.07
0.38
0.03
0.00
0.00
0.00
0.32
0.54
0.00
0.00
0.00
0.00
0.03
0.00
0.00
0.00
0.00
0.06
0.00
0.02
1.18
8.87
1.07
0.00
0.10
0.00
0.00
0.00
0.00
0.40
0.52
0.00
0.00
0.00
0.00
0.14
1.27
0.20
0.92
0.00
0.01
0.01
0.06
0.24
0.00
0.05
1.46
4.01
1.31
0.12
3.80
11.72
7.98
0.17
0.23
0.45
5.30
16.54
31.57
4.14
11.06
27.28
0.00
0.00
0.00
1.12
9.62
5.48
34.14
46.52
0.00
0.00
7.88
8.10
0.06
16.99
5.34
1.99
0.12
0.36
3.20
2.72
40.58
4.32
8.84
0.35
13.54
2.34
9.07
0.00
0.00
0.83
13.71
19.46
0.02
0.00
0.14
0.13
11.62
4.86
0.67
2.15
18.29
6.14
37.17
6.58
12.60
0.01
0.00
0.00
0.00
0.03
0.00
6.26
3.98
0.76
76.37
4.99
17.60
30.97
1.28
0.25
0.72
29.04
11.21
4.88
0.74
1.77
25.73
11.44
0.44
1.36
1.65
0.02
1.74
0.32
0.00
0.00
26.51
49.51
3.03
0.05
0.20
20.41
48.01
2.02
11.18
1.94
25.70
1.63
1.77
20.74
41.68
61.16
17.14
0.25
16.43
10.29
6.37
18.37
38.53
34.34
3.98
0.28
0.03
2.36
8.74
21.81
11.74
33.84
6.01
49.11
0.47
1.32
1.15
0.16
2.42
0.45
20.15
2.37
2.19
6.58
0.05
1.57
0.00
0.00
0.00
0.00
0.00
0.07
0.05
2.76
11.42
2.21
0.21
2.92
1.56
25.51
15.93
15.70
4.23
0.09
0.00
0.08
0.00
0.00
0.00
0.13
13.01
17.80
2.76
1.06
0.73
0.00
0.00
0.20
9.32
13.89
1.34
1.82
0.18
1.10
0.23
0.00
0.02
0.71
0.01
0.00
1.52
4.28
0.91
0.66
0.06
0.00
0.15
1.10
1.84
1.30
11.70
15.56
1.74
0.01
0.20
0.01
0.00
0.00
0.70
9.50
2.25
0.76
15.05
0.41
0.91
24.22
15.01
2.61
4.38
32.70
1.05
0.02
0.00
0.03
0.00
0.00
0.00
0.00
0.00
0.00
0.00
0.00
0.00
0.00
0.00
0.00
0.00
0.00
0.00
0.17
0.00
0.00
0.00
0.00
0.00
0.31
0.00
0.00
0.00
0.27
0.55
0.03
0.00
0.01
2.27
0.21
0.55
0.58
0.01
0.04
0.01
0.00
0.00
0.00
0.00
0.00
0.00
0.00
0.00
0.40
0.01
0.00
0.00
0.00
0.00
0.00
0.00
0.00
0.00
0.00
0.00
0.00
0.86
0.00
4.48
8.50
29.94
4.20
14.13
38.00
0.34
2.61
1.78
10.68
25.68
4.68
0.54
4.68
0.16
0.00
0.00
0.00
0.00
0.00
0.09
4.93
0.44
0.00
0.00
0.00
0.10
23.98
3.57
0.16
0.00
0.00
0.00
0.00
0.00
0.00
0.00
0.00
0.00
0.00
0.00
0.00
0.00
0.00
0.00
0.05
0.00
8.59
5.33
0.80
0.00
0.00
0.00
0.17
0.00
0.10
5.55
0.13
0.00
0.00
0.00
2.28
0.71
0.19
0.20
18.96
1.21
5.33
0.21
0.00
0.00
0.00
0.00
0.00
0.00
0.00
0.00
0.02
0.00
0.00
0.00
0.00
0.00
0.00
0.00
1.99
2.43
0.00
0.00
3.30
2.01
4.22
14.30
28.19
3.18
6.80
3.30
23.63
0.19
0.18
7.20
0.36
0.00
1.10
2.33
11.15
0.28
0.12
7.91
5.23
3.46
8.55
12.41
1.19
0.98
2.10
6.38
1.11
0.00
0.00
0.05
7.98
9.61
1.24
0.52
0.02
0.05
0.90
28.68
12.50
47.41
6.18
5.84
0.00
0.54
0.01
45.36
10.92
5.84
2.50
3.10
0.54
4.54
0.67
2.83
0.36
0.24
0.00
0.12
9.13
0.00
1.61
27.70
0.00
0.00
0.57
8.92
23.71
3.43
12.00
0.00
0.01
6.76
7.28
6.57
16.33
0.15
0.00
0.00
3.83
2.40
0.05
0.00
0.00
0.00
0.00
0.00
0.00
0.26
0.00
0.09
1.80
3.92
11.46
3.04
0.66
0.05
2.37
0.05
36.09
2.73
8.10
7.48
21.54
15.53
5.29
0.85
86.01
15.78
21.28
18.10
14.32
10.16
40.00
36.93
29.32
15.91
0.02
1.09
26.86
21.00
0.90
0.22
4.17
0.43
3.39
0.15
0.45
0.10
0.60
0.39
6.81
0.78
0.13
3.10
2.57
0.19
1.40
0.62
0.10
0.01
0.06
0.00
0.00
0.00
0.00
0.09
0.07
2.71
0.30
1.31
13.20
0.27
6.28
0.27
0.00
0.00
0.00
0.02
0.33
0.04
0.02
0.17
0.05
0.04
0.15
9.47
1.67
1.41
2.34
12.65
9.28
11.64
0.63
0.21
0.14
4.84
39.35
1.06
11.28
2.05
3.36
23.49
21.26
0.00
6.32
11.99
26.27
12.14
0.53
21.22
1.78
2.72
3.25
0.72
0.18
2.89
11.03
3.45
14.61
2.61
15.11
0.99
1.86
0.00
0.20
0.35
1.43
4.97
0.18
0.00
0.00
0.00
0.00
0.03
0.09
0.03
0.01
0.00
0.34
0.05
0.32
0.01
0.02
0.00
0.00
0.00
0.00
0.00
0.00
0.01
0.00
0.00
0.00
0.09
1.25
0.19
0.00
0.00
0.00
0.00
0.00
0.00
0.00
0.00
0.00
0.00
0.00
0.00
0.00
0.00
0.00
0.00
0.00
0.00
0.00
0.00
0.00
0.00
7.65
2.16
0.00
0.06
0.05
0.03
0.00
0.00
0.00
0.00
0.00
0.00
0.00
0.00
0.00
0.00
0.00
0.00
0.00
0.00
0.00
0.00
0.00
0.00
0.00
0.06
0.04
0.00
0.00
0.00
0.00
0.00
0.00
0.00
0.00
0.83
0.00
0.00
0.00
0.00
0.00
0.00
0.00
0.00
0.00
0.00
0.00
0.00
0.53
1.17
0.02
30.47
35.57
17.29
0.81
0.00
0.00
0.03
1.25
0.23
0.00
0.00
0.00
0.00
0.00
0.00
0.00
0.00
0.00
0.00
0.00
0.00
0.00
0.00
0.00
0.00
0.00
0.00
0.00
0.01
0.00
0.00
0.00
0.00
0.00
0.16
6.12
34.44
2.37
13.37
4.02
12.60
9.53
26.22
5.57
0.01
9.30
3.76
0.00
0.00
0.00
0.00
0.22
0.00
0.00
0.00
0.00
0.00
0.00
0.51
1.16
0.01
0.00
0.00
0.02
0.40
0.70
8.98
0.81
0.00
0.10
0.00
0.00
0.00
0.00
0.00
0.00
0.00
4.37
0.00
0.02
0.00
0.04
0.14
6.23
0.00
0.62
3.56
16.51
11.06
0.00
18.15
12.31
13.77
0.00
0.00
0.03
0.00
0.00
7.76
12.85
7.39
31.55
1.84
8.93
2.30
0.05
0.00
0.00
0.00
8.56
0.05
1.43
6.44
5.98
7.60
0.01
0.38
2.48
0.00
0.06
12.23
20.52
7.20
0.14
0.00
0.00
0.00
0.00
3.69
0.06
0.04
0.62
0.00
1.18
2.32
34.46
24.52
13.94
1.97
0.33
5.00
0.00
0.00
0.00
0.00
0.00
0.00
0.00
0.00
20.24
0.39
0.37
27.66
1.13
0.67
3.35
4.80
9.11
0.21
0.75
20.01
15.83
0.67
14.03
0.14
0.00
0.00
0.02
2.32
4.35
6.43
6.27
7.36
19.07
25.17
23.87
15.92
0.37
4.63
14.54
13.96
2.55
0.00
0.00
0.00
0.00
0.27
1.86
17.12
41.95
48.17
11.93
11.74
9.98
0.00
0.00
0.00
0.00
1.68
0.77
14.68
8.86
8.62
0.58
3.28
12.31
0.11
0.32
0.81
0.62
24.07
6.35
0.00
0.00
0.00
0.00
0.00
0.00
0.56
1.06
2.95
44.69
48.77
3.67
0.32
0.03
0.06
0.00
0.34
4.49
7.80
0.00
1.70
0.55
0.04
0.00
0.00
0.00
0.00
0.00
0.00
0.00
0.00
0.00
0.00
1.11
0.00
2.95
12.13
10.59
14.89
0.01
0.00
0.00
1.10
0.17
0.00
8.39
32.32
0.67
1.47
0.61
0.06
0.13
1.24
2.43
0.00
0.00
0.00
0.00
0.20
0.22
2.16
2.79
0.00
0.01
0.19
0.92
7.81
1.62
0.25
0.00
0.00
0.00
0.00
0.00
0.00
0.00
7.40
43.50
20.33
0.36
0.00
0.00
0.00
0.15
0.00
0.00
0.00
0.00
0.00
0.00
0.11
0.00
0.00
0.00
0.00
3.83
0.00
0.00
0.00
0.00
0.00
0.00
0.00
0.00
0.00
29.16
3.01
2.71
0.17
0.00
3.65
2.81
0.00
0.00
0.00
0.00
0.00
0.00
0.00
0.00
0.46
0.87
0.00
0.00
0.00
0.00
0.00
0.00
0.00
0.00
0.00
0.00
0.00
0.00
0.00
0.00
0.00
0.01
0.00
0.00
0.00
0.00
0.00
0.00
0.00
0.00
0.00
0.00
0.00
0.00
0.00
0.00
0.00
0.00
0.00
0.11
0.00
0.00
0.00
0.07
3.83
0.50
0.09
0.06
0.00
0.00
0.00
0.00
0.00
0.00
0.00
0.00
0.00
0.00
0.00
0.00
0.00
0.00
0.22
0.00
0.00
0.00
0.00
0.00
0.00
5.19
0.21
0.01
0.00
0.85
17.24
1.58
6.62
5.71
0.00
0.00
0.00
0.28
0.03
0.48
0.08
0.00
0.00
0.00
0.00
0.00
0.00
0.00
0.00
0.00
2.59
0.04
0.09
0.00
0.00
0.00
0.06
0.00
0.00
0.00
0.00
0.24
0.17
0.07
2.91
12.64
19.52
8.01
37.13
12.61
0.76
5.45
0.00
0.47
0.01
2.42
10.98
0.00
0.00
0.00
0.00
0.00
0.08
0.39
0.57
2.36
6.11
0.00
0.00
0.03
5.97
12.30
0.00
1.91
0.00
0.04
2.83
1.40
16.03
3.06
1.44
0.01
0.00
1.58
0.00
1.89
19.42
3.82
0.03
0.00
27.26
0.00
4.36
19.12
0.00
1.29
2.10
0.03
29.79
8.52
0.00
0.00
0.00
0.32
0.00
0.00
5.94
0.51
0.00
0.00
0.00
0.00
0.00
0.00
0.00
0.00
0.00
3.38
0.00
0.00
0.40
4.83
14.48
22.38
12.35
0.00
32.46
0.59
11.04
4.89
20.59
48.89
25.64
0.00
0.00
0.00
0.00
22.28
64.67
0.31
0.00
0.00
0.21
0.00
0.00
23.68
2.92
27.73
0.74
5.92
6.77
21.15
0.11
3.03
1.60
0.03
0.00
67.39
23.74
21.80
4.21
0.02
2.08
4.98
4.52
2.53
20.19
55.39
48.58
6.40
0.00
0.15
0.00
0.00
0.00
0.00
1.23
0.45
0.00
34.16
0.00
0.00
0.00
1.71
1.06
0.00
0.00
0.00
0.00
0.00
42.79
3.09
0.44
0.00
0.00
0.00
0.00
0.01
0.02
0.00
4.41
6.04
0.13
0.00
0.02
6.02
3.40
0.03
17.16
1.32
1.39
38.93
25.74
0.51
0.00
0.00
0.12
0.01
0.76
0.61
0.12
0.00
0.00
0.00
2.88
11.46
0.08
0.00
0.58
0.00
0.00
0.00
0.00
0.00
0.01
7.84
0.24
0.00
0.00
0.00
0.00
0.29
1.91
0.16
0.00
2.85
1.08
5.14
0.07
0.00
0.00
0.00
0.00
0.00
0.00
0.63
0.43
0.00
0.00
0.00
0.00
0.00
0.00
0.00
0.00
0.00
0.00
0.00
0.00
0.00
0.06
0.41
0.00
0.00
0.00
0.00
0.00
0.00
0.00
0.00
0.00
0.00
0.00
0.00
0.00
0.00
0.00
0.00
0.00
0.00
0.00
0.00
0.00
0.00
0.00
0.00
0.79
20.93
3.43
52.55
6.95
0.13
0.00
17.10
25.37
0.05
0.02
0.67
0.03
0.00
0.00
0.00
0.00
0.00
0.00
0.00
0.00
0.00
0.00
0.00
0.00
0.00
0.00
0.00
0.00
16.50
21.98
19.33
0.26
0.00
1.55
0.00
0.00
2.91
3.62
3.12
0.00
0.00
0.00
0.00
0.70
0.00
0.58
2.29
22.43
8.92
0.74
8.88
0.00
0.22
18.14
4.06
0.00
0.00
9.55
0.30
0.90
0.00
2.34
15.65
2.53
0.00
0.00
0.00
0.00
0.00
0.00
0.00
0.00
0.18
14.50
4.32
7.77
3.40
0.00
0.00
6.22
0.73
0.26
0.00
0.00
0.00
5.67
6.92
1.89
0.96
2.10
0.00
0.01
4.14
0.00
2.84
2.26
17.00
22.50
1.16
0.47
0.00
0.94
0.00
0.00
3.58
1.59
0.00
0.00
5.66
2.56
0.08
0.00
6.29
0.00
0.05
1.01
0.38
4.27
32.15
27.43
0.81
0.00
0.00
0.05
12.76
0.63
29.79
0.21
0.00
0.00
0.00
0.00
0.00
0.00
7.91
13.83
0.18
0.00
0.00
0.00
0.00
0.00
0.01
8.61
15.59
16.00
11.60
9.71
26.69
20.61
9.38
0.00
11.58
2.53
23.25
61.47
6.64
10.78
0.00
2.48
12.23
0.00
3.30
23.80
17.82
0.01
0.00
6.95
14.14
0.00
0.00
0.00
0.00
0.00
0.00
0.00
0.17
4.74
25.92
12.31
32.24
15.59
2.61
0.16
0.68
55.51
26.12
1.27
0.48
0.00
5.13
41.36
0.47
3.66
49.22
0.00
0.00
0.00
0.00
0.00
5.03
14.42
0.00
0.00
14.04
0.00
0.00
0.00
0.00
0.00
0.00
0.11
40.71
0.20
5.62
1.16
40.18
75.74
32.08
59.32
71.85
19.16
0.69
8.82
79.74
20.34
42.56
47.66
12.43
5.11
17.59
5.12
1.14
0.00
0.00
0.00
0.00
0.43
0.00
0.11
0.53
0.00
0.00
0.00
0.00
0.01
0.05
0.49
0.00
0.00
0.00
2.96
11.30
12.78
9.01
6.91
7.13
0.74
9.00
31.69
0.47
0.23
0.18
0.90
0.22
0.00
0.03
1.52
0.80
0.23
0.15
0.16
0.00
0.00
18.79
0.03
0.00
0.00
0.00
0.00
0.00
0.00
3.71
30.27
0.00
0.10
0.00
15.44
23.30
2.51
12.71
6.51
0.05
0.85
0.07
0.01
2.47
6.01
1.23
0.08
0.00
0.00
0.01
0.06
0.00
3.92
15.84
2.05
0.00
0.00
0.82
1.44
0.06
0.00
0.00
3.54
0.05
12.53
1.40
0.00
0.43
2.62
0.95
0.04
0.00
0.00
0.02
0.20
0.00
0.00
0.00
0.00
0.79
0.00
0.09
0.73
3.92
0.05
0.66
0.00
0.00
0.00
0.00
0.00
0.00
0.00
0.69
3.51
6.36
1.65
0.81
0.05
0.00
0.00
0.00
0.00
0.00
0.00
0.00
0.00
0.00
0.08
0.00
0.00
0.00
0.00
0.00
0.05
0.00
0.00
0.00
0.00
0.09
0.18
1.17
0.00
0.00
0.59
0.00
0.00
0.02
0.00
0.00
0.56
1.40
0.01
0.00
0.17
0.00
0.00
0.00
0.00
0.00
0.00
0.01
0.00
1.93
3.01
0.00
3.34
12.16
39.37
5.13
5.34
0.71
0.18
0.00
0.00
0.02
0.00
13.36
8.28
0.00
0.00
0.00
0.00
0.00
0.00
0.00
4.43
1.02
3.31
2.00
0.00
0.00
0.00
0.00
1.39
0.31
0.63
0.00
0.23
0.00
0.00
0.00
0.12
0.21
0.83
0.00
0.04
0.00
0.77
4.68
0.02
0.00
0.00
0.00
0.00
0.00
1.35
0.00
0.00
0.00
0.00
0.00
1.34
0.07
0.01
4.24
0.51
5.12
7.99
0.00
22.98
11.24
2.05
14.62
3.04
0.00
0.00
0.00
2.41
3.89
0.31
0.08
0.00
0.00
0.00
0.00
0.29
0.04
0.99
9.18
0.00
0.00
0.12
0.15
4.54
2.21
0.00
0.00
1.56
0.00
0.69
63.47
25.11
0.03
4.02
2.53
0.00
0.00
0.00
1.25
0.05
0.00
0.00
0.00
0.04
0.00
0.00
6.93
0.32
0.00
0.00
0.82
0.00
0.05
0.00
0.00
0.00
0.00
0.00
0.00
14.18
0.18
0.00
0.00
0.00
5.65
5.48
0.00
0.00
0.00
0.00
0.00
0.00
1.45
23.46
19.11
47.81
20.92
8.08
11.76
5.27
2.09
3.31
0.19
0.00
12.78
19.54
2.76
29.22
25.44
10.09
0.00
0.00
0.00
0.00
1.67
12.29
0.00
0.00
0.00
0.00
0.00
0.00
0.00
0.00
0.00
0.04
0.15
17.64
0.00
0.20
0.03
15.52
1.39
2.97
0.00
10.42
16.79
13.81
0.43
11.40
4.50
2.30
0.00
0.00
0.20
9.72
0.06
0.00
0.00
8.74
0.00
3.91
35.50
4.06
0.87
0.06
0.00
0.00
0.00
0.00
0.00
0.00
0.47
0.02
11.18
0.88
18.08
7.75
2.33
17.50
13.25
15.54
11.22
0.27
1.57
1.34
0.00
0.00
0.00
0.00
0.00
0.87
0.00
7.53
0.03
2.31
0.21
0.07
0.62
1.64
0.54
0.00
0.00
9.64
6.18
0.92
3.16
0.44
0.00
0.00
0.00
0.00
0.00
0.54
0.17
0.00
0.00
0.00
2.26
4.81
0.27
0.00
2.43
11.23
6.78
39.62
15.89
7.35
0.34
0.00
0.93
0.97
0.02
0.00
7.81
12.53
0.18
0.04
0.00
0.00
0.00
0.00
0.00
3.53
13.87
0.00
0.00
0.00
0.00
0.00
0.00
0.00
0.00
0.00
0.04
5.34
4.70
0.00
0.92
4.60
0.19
0.00
0.02
1.22
0.00
0.00
0.14
9.67
14.58
62.21
0.77
0.00
0.00
0.00
0.00
0.00
0.00
0.00
0.00
0.00
0.01
2.22
0.08
0.00
0.00
0.00
0.00
0.00
0.00
0.00
0.00
12.34
0.00
0.00
0.69
27.39
23.86
0.00
0.13
1.48
0.01
0.00
0.00
0.00
13.56
36.48
0.81
0.00
0.00
0.00
0.00
0.00
0.00
0.00
0.00
0.00
0.00
0.04
2.16
0.35
0.00
0.00
0.00
0.00
0.90
1.79
0.00
0.00
0.00
0.03
0.00
0.00
0.00
0.00
0.00
0.00
0.00
0.00
0.00
0.00
0.00
0.00
0.00
0.00
0.00
0.10
9.50
0.14
0.00
0.00
0.50
9.14
11.00
10.83
0.95
0.00
0.00
0.00
0.06
0.07
1.91
22.36
30.69
22.44
0.00
0.00
2.15
5.78
3.59
24.38
4.69
2.12
6.17
0.01
7.33
0.82
0.04
0.25
0.00
0.00
0.13
6.88
0.07
12.19
5.36
19.85
0.00
0.00
0.99
2.67
0.60
0.05
0.19
0.76
0.25
2.23
0.00
0.00
0.00
0.00
6.02
2.51
7.41
21.62
7.35
2.33
41.75
8.93
1.27
1.44
2.61
0.79
32.04
57.38
68.21
8.41
17.62
1.72
0.23
0.15
0.35
0.43
0.33
0.01
0.00
1.82
14.54
4.24
2.16
0.00
0.98
0.73
0.02
0.48
0.00
0.00
0.00
0.00
6.26
0.00
0.00
0.14
0.00
0.81
0.87
12.26
4.41
43.58
4.87
0.00
25.96
32.19
0.09
5.24
13.25
0.50
12.43
14.99
0.46
5.87
0.00
0.00
42.98
61.75
13.11
0.16
8.09
3.98
15.67
2.72
60.33
13.65
43.13
0.03
0.00
0.00
4.91
0.06
42.59
6.72
1.65
29.59
30.49
59.33
7.46
1.29
0.00
0.38
10.12
0.00
0.00
0.00
0.00
0.00
0.00
0.11
14.32
15.76
6.38
6.87
3.71
3.47
0.83
0.17
0.04
3.01
14.69
0.90
6.78
46.48
69.32
40.35
0.03
2.16
0.01
0.19
36.33
1.77
0.85
12.71
0.01
3.31
14.92
34.99
12.21
18.72
0.41
0.00
0.00
0.19
0.00
0.00
0.00
0.00
0.00
4.21
0.00
0.01
0.00
0.00
0.00
0.00
0.00
0.00
0.00
21.17
20.83
10.29
15.78
22.55
2.32
0.00
1.18
0.86
0.06
1.59
11.83
1.46
0.41
11.66
0.09
0.00
0.00
2.16
146.28
13.42
5.33
2.25
0.00
0.73
0.00
2.28
2.37
0.00
1.00
0.00
0.11
1.04
2.24
16.32
0.13
1.69
14.96
10.76
0.06
0.00
3.05
0.00
0.18
0.01
0.08
0.09
3.07
3.54
9.58
34.25
2.93
0.00
0.02
4.25
0.00
0.02
9.63
4.96
0.00
10.37
0.00
0.00
0.00
0.00
0.00
0.00
0.02
1.28
10.86
1.13
0.09
0.00
0.00
0.00
0.00
0.00
0.00
0.00
0.00
0.00
0.00
0.00
0.00
0.00
0.00
0.00
0.00
0.00
0.00
0.00
0.00
0.00
0.16
0.01
0.00
0.00
0.00
0.00
0.00
0.00
0.00
0.00
0.10
0.00
0.52
8.84
9.99
0.02
0.00
0.00
2.36
0.00
0.00
0.00
5.96
6.66
1.45
20.81
0.00
0.00
0.00
0.00
0.02
14.33
0.00
0.00
0.00
12.20
42.81
46.44
0.00
0.00
59.49
0.63
0.30
14.46
38.22
23.74
32.19
0.00
0.00
0.32
0.11
0.00
0.00
0.04
0.00
7.34
0.00
0.00
0.00
0.00
1.55
0.00
5.75
0.97
0.35
0.10
3.31
1.54
0.00
0.00
0.00
0.46
25.14
0.00
20.82
0.55
0.00
0.00
0.04
0.09
3.06
0.54
0.03
0.00
0.00
0.00
0.41
2.05
1.77
0.00
0.00
0.00
0.23
0.00
0.00
0.00
0.00
1.26
0.00
0.00
1.44
0.00
0.00
0.00
0.51
0.00
0.00
0.01
0.00
0.00
0.00
14.73
0.62
0.16
8.84
2.04
0.36
1.19
1.19
0.14
0.00
0.00
0.00
0.00
0.00
0.00
0.14
0.02
3.45
0.00
0.00
0.00
0.04
13.49
0.00
0.00
3.21
1.02
0.00
0.00
0.00
0.00
0.00
0.00
0.00
0.00
0.00
0.00
0.16
0.00
0.00
0.00
9.70
0.42
0.00
10.92
0.00
0.00
7.75
0.33
11.13
45.30
2.11
13.75
1.06
8.15
4.14
7.09
6.53
16.60
28.14
20.58
0.15
0.03
2.58
0.73
0.00
0.01
0.00
0.00
0.00
0.00
0.00
0.53
2.40
10.88
3.09
0.56
10.92
0.00
10.13
3.35
0.00
0.00
0.75
5.19
36.97
0.05
0.00
2.24
2.91
0.06
0.00
4.18
1.26
65.94
3.76
0.00
0.00
0.00
34.47
27.41
3.83
0.00
26.35
11.03
18.81
6.64
20.07
0.03
0.34
3.49
5.66
12.73
0.07
16.95
2.88
0.10
0.00
15.71
8.54
16.24
0.23
7.05
0.02
8.96
6.76
7.13
20.17
0.25
1.63
1.86
3.93
0.00
0.00
0.07
0.18
16.40
1.57
1.45
0.26
7.36
0.99
2.45
0.00
0.95
0.00
0.00
0.00
1.20
0.00
0.00
0.00
0.00
1.34
0.00
0.00
0.00
0.00
0.00
35.19
26.75
21.87
2.81
10.23
7.21
0.88
40.94
0.09
0.02
0.00
0.14
0.12
0.47
0.40
0.31
0.00
0.08
0.00
0.00
8.81
0.28
0.00
0.00
0.00
0.00
0.00
0.17
5.63
0.00
0.00
7.97
3.50
3.24
4.81
0.24
4.77
2.72
4.28
11.48
76.76
0.63
0.02
0.07
5.27
1.52
0.24
7.62
17.64
0.02
0.00
0.00
0.01
0.00
0.01
0.00
0.00
0.00
0.00
1.03
0.00
0.00
13.11
3.05
0.00
0.00
0.00
0.00
0.00
0.00
0.02
9.74
2.64
0.46
0.04
0.00
0.00
0.00
0.01
0.00
0.00
0.00
0.00
0.00
0.00
0.04
8.14
8.81
5.49
0.00
0.00
0.00
0.00
0.00
0.00
0.00
0.00
0.00
0.00
0.00
0.00
0.00
0.00
0.00
0.00
0.00
0.00
0.00
0.00
0.02
0.00
0.00
7.67
0.10
0.00
2.30
0.00
0.00
0.00
0.00
2.17
5.74
26.73
0.22
0.08
0.00
0.00
0.00
0.00
0.00
0.00
0.00
0.01
6.38
25.54
0.00
0.48
0.73
0.00
0.00
0.00
0.00
0.00
0.00
0.00
0.00
0.00
0.00
0.00
0.00
0.00
0.04
0.72
0.03
2.58
47.53
72.61
21.81
0.00
0.00
0.00
0.00
0.00
0.00
0.00
0.00
0.00
0.00
0.00
0.00
0.00
0.00
0.00
0.00
0.00
0.00
0.00
0.00
7.00
0.00
0.00
0.00
1.58
0.37
1.54
0.00
0.00
0.00
0.00
0.00
0.00
0.00
0.00
0.00
0.00
0.00
0.00
0.00
0.00
0.00
0.00
0.00
0.00
0.00
0.00
0.00
0.00
0.05
0.00
0.24
34.63
11.04
0.02
0.24
5.80
0.81
0.00
0.77
0.23
0.48
7.20
1.26
0.00
0.00
0.00
0.00
0.00
6.29
0.00
0.00
1.90
6.33
6.74
8.95
2.40
2.10
10.69
10.01
14.37
0.00
4.24
24.60
13.67
0.00
0.19
5.22
2.93
0.00
0.03
0.00
1.80
0.00
0.17
0.06
0.00
0.00
6.51
0.11
25.63
7.11
1.36
22.17
0.09
1.73
0.00
0.00
0.00
8.56
2.17
22.29
0.00
2.35
0.00
0.00
0.00
0.00
0.00
0.00
0.00
0.00
5.95
0.00
9.18
15.81
73.94
3.23
10.75
13.98
0.00
0.20
4.85
12.09
8.30
0.00
1.52
33.39
9.89
0.00
3.87
5.92
0.04
0.09
13.03
0.90
10.96
20.73
0.03
16.17
14.93
35.21
26.20
0.00
26.98
30.68
7.89
47.51
25.43
13.54
0.41
0.05
18.40
15.79
2.06
0.00
30.28
0.00
8.78
27.41
61.90
9.97
0.23
0.00
0.00
0.00
0.00
0.00
0.08
0.00
10.99
8.55
68.26
0.31
1.45
0.67
23.98
9.71
16.07
8.16
0.99
3.60
3.12
14.78
0.04
0.10
0.27
4.81
0.00
0.00
5.39
3.31
0.23
3.02
0.30
1.40
0.39
6.46
10.00
0.00
0.00
2.66
8.89
10.61
0.00
0.00
0.00
10.88
27.94
0.03
1.91
0.00
2.00
0.08
0.00
0.04
0.06
0.03
0.91
1.34
6.60
2.45
0.62
3.82
0.06
5.85
4.45
2.57
56.65
1.53
7.83
0.04
0.57
11.20
49.94
39.61
0.26
0.00
0.15
0.00
0.00
5.03
12.05
2.60
5.55
24.91
0.00
0.00
0.00
13.96
0.00
4.36
0.00
0.24
0.00
0.85
7.09
0.66
8.57
0.81
3.84
0.00
0.09
0.75
0.00
0.03
0.00
0.00
0.00
0.00
0.00
0.00
0.00
0.00
0.25
0.00
2.03
0.00
0.00
0.00
0.00
0.00
0.00
0.00
0.00
0.00
0.00
0.00
0.00
0.00
0.00
0.00
0.00
0.00
0.00
0.00
0.00
4.75
0.00
0.00
0.00
0.00
0.00
0.00
0.00
0.00
0.00
0.00
1.83
0.00
0.00
0.00
0.23
0.09
32.17
2.11
7.89
0.09
0.78
3.68
0.72
0.00
0.00
0.00
0.00
0.00
0.00
0.00
0.00
0.00
0.00
0.00
0.88
0.00
0.00
0.00
0.94
2.05
0.00
0.11
34.83
0.00
0.00
0.00
0.19
0.00
0.00
0.00
0.00
0.00
0.00
0.00
0.00
0.00
0.00
0.00
0.00
0.00
0.00
0.00
0.00
0.00
0.15
4.07
2.97
0.00
0.00
0.00
0.00
0.00
0.00
0.00
0.00
0.00
0.49
0.29
0.00
0.00
0.06
3.10
31.00
5.66
0.12
0.00
0.00
0.00
0.00
0.00
0.00
0.00
0.00
0.00
0.00
0.35
0.00
0.02
0.00
0.00
0.00
0.00
0.00
0.00
0.75
0.46
0.00
0.00
0.00
0.00
0.00
0.00
0.00
0.00
0.00
0.44
12.01
0.00
0.21
20.00
2.84
5.37
5.89
4.57
0.81
0.28
0.00
0.00
0.00
5.11
0.00
0.04
13.68
10.12
10.43
0.40
0.00
2.45
4.32
10.32
9.50
0.00
3.70
1.83
21.37
13.54
0.00
0.00
0.00
0.03
0.00
8.93
32.13
0.02
0.00
10.95
0.00
0.00
0.34
0.17
0.00
0.00
0.39
0.00
0.00
0.33
0.33
1.47
12.92
15.24
1.65
0.44
0.00
0.00
0.00
0.00
0.00
0.01
0.02
2.66
0.42
0.00
0.00
0.09
0.29
0.00
0.09
39.24
12.67
0.00
26.18
2.97
7.21
0.40
13.97
12.10
1.99
23.90
5.51
0.08
1.87
7.25
0.00
0.00
0.04
16.42
17.33
12.14
77.28
132.65
36.86
20.31
12.05
16.40
0.08
15.45
30.94
6.36
0.47
0.00
24.41
16.64
12.77
0.00
4.46
27.41
3.84
3.80
11.75
2.51
25.39
28.11
15.68
34.64
10.92
7.71
5.35
0.00
0.00
4.95
6.49
0.11
0.49
26.75
5.31
2.29
11.89
0.00
0.00
0.00
0.00
0.00
1.29
34.83
76.25
3.31
9.76
0.00
0.12
0.62
0.03
0.00
0.11
0.00
0.00
0.01
0.19
4.95
4.20
8.36
0.00
13.51
13.46
82.52
9.19
15.42
1.12
0.13
0.19
0.00
1.62
0.58
0.00
0.24
0.00
0.00
0.00
1.28
5.54
8.32
16.25
24.39
4.43
18.63
1.79
32.53
16.52
18.68
4.17
30.13
23.31
3.50
0.60
0.00
0.21
7.92
0.07
0.00
0.00
0.00
4.09
10.17
18.31
7.04
56.30
32.11
9.31
0.00
0.14
12.27
0.00
0.00
0.00
0.00
0.00
0.00
0.00
0.00
0.00
0.00
0.00
0.00
20.96
17.19
3.80
0.49
3.78
0.00
3.30
0.00
0.00
0.00
52.61
45.18
0.00
0.00
0.00
6.02
8.12
11.58
40.32
2.14
1.29
0.54
0.00
0.00
0.00
0.00
0.00
0.00
0.42
0.00
0.00
0.00
0.00
0.00
0.00
0.00
0.17
0.01
0.00
0.00
0.26
18.25
14.79
2.71
0.06
0.00
0.00
0.00
0.00
0.04
19.57
3.80
1.60
18.17
16.47
27.90
2.10
1.65
23.91
0.00
0.00
0.00
0.00
2.38
0.00
0.00
0.00
0.00
0.00
0.00
0.73
4.57
0.00
1.40
9.85
0.00
0.00
36.44
0.03
0.00
13.22
53.86
0.00
0.40
5.44
13.93
0.30
0.00
0.00
0.00
0.00
0.00
0.00
0.49
34.54
15.64
3.82
0.00
7.16
0.00
0.00
1.29
0.00
0.00
0.00
0.00
0.00
2.43
21.73
0.00
0.00
0.00
0.00
33.27
0.26
0.00
0.00
10.11
0.00
8.39
1.22
0.00
0.45
35.54
3.70
18.05
1.22
0.01
0.05
24.54
29.59
53.58
0.32
0.00
33.19
3.44
0.00
0.03
0.75
0.00
0.00
0.00
0.00
0.00
0.30
0.00
0.00
14.64
0.50
0.00
0.00
0.00
0.00
0.00
0.00
6.05
18.33
11.69
0.00
2.43
4.58
0.00
0.00
0.00
0.00
0.00
0.00
0.00
18.07
0.00
0.00
0.51
28.42
10.91
0.00
13.50
24.66
0.00
0.06
4.01
53.28
9.53
13.16
71.64
7.64
36.19
7.93
0.41
0.00
0.00
0.00
0.00
0.01
8.47
0.00
0.00
0.96
9.41
18.87
0.00
0.03
9.33
24.70
37.64
14.47
0.22
16.40
0.21
0.89
12.12
17.63
78.43
0.00
4.95
1.65
3.08
3.55
22.12
8.39
2.63
23.40
0.00
0.00
0.00
3.75
0.55
30.03
0.00
3.24
4.10
28.69
4.04
3.71
27.62
0.36
0.00
0.00
0.00
0.00
9.51
0.00
0.00
6.99
29.45
10.49
42.43
0.00
0.00
0.24
1.21
0.00
4.27
6.06
70.10
0.70
0.00
0.00
0.46
12.09
18.22
0.65
0.00
0.38
0.25
0.62
1.19
13.81
68.87
22.34
33.06
57.26
13.30
28.35
28.79
4.28
0.00
0.00
0.00
0.00
0.00
0.97
1.31
0.20
0.01
32.79
0.11
0.00
0.02
0.42
0.07
1.14
0.15
0.35
0.07
78.42
39.86
18.77
0.34
3.63
4.10
0.03
4.15
20.98
42.62
4.63
0.99
0.88
0.03
0.00
0.00
1.83
0.45
0.39
0.00
0.37
4.25
0.00
9.19
5.18
1.11
0.04
0.95
3.27
1.60
8.41
9.58
5.32
12.08
8.24
16.41
0.00
0.27
0.00
0.50
2.93
0.17
16.92
0.75
2.57
4.23
6.68
0.73
3.19
9.25
0.00
0.00
0.00
0.00
28.37
11.89
0.36
0.00
0.05
0.01
0.00
0.00
0.00
31.21
14.01
0.00
0.00
1.23
34.52
0.22
0.08
0.27
0.00
0.00
0.00
0.02
0.00
0.00
0.00
0.00
3.12
84.01
12.55
13.58
9.13
2.93
0.30
0.00
0.98
0.00
0.37
0.07
0.03
0.20
0.01
2.29
0.19
0.00
0.00
0.28
0.11
7.90
0.01
0.02
47.71
24.16
0.00
2.88
4.38
0.00
0.00
0.00
0.00
0.00
0.00
0.01
0.00
0.00
0.00
0.00
0.05
13.89
5.90
11.77
0.06
1.33
6.44
0.23
0.00
5.42
0.00
0.00
0.00
61.93
21.32
3.56
0.29
1.28
0.23
24.15
11.04
0.00
0.00
0.00
0.00
0.00
0.00
0.00
0.00
0.00
0.00
0.00
0.00
0.00
0.00
0.00
0.00
0.02
0.00
0.00
0.04
0.27
0.00
0.06
0.02
6.50
0.00
0.00
1.07
1.86
0.17
0.00
0.00
0.00
0.00
0.00
0.00
0.00
0.00
0.00
0.00
0.00
0.66
0.00
0.00
0.00
2.50
15.43
3.53
3.27
0.00
0.74
3.08
3.11
0.73
0.00
0.00
0.00
0.00
0.00
0.00
0.00
0.00
0.00
0.87
1.32
0.88
0.00
0.00
0.00
0.00
0.00
0.00
4.73
1.29
0.00
0.00
0.00
0.00
0.00
0.00
0.00
0.00
0.00
0.00
0.00
0.00
0.05
6.33
4.41
10.59
1.58
0.00
0.00
0.00
0.00
0.00
0.00
0.70
11.77
0.48
2.72
0.61
23.86
25.96
3.95
1.46
3.67
0.17
2.87
8.80
0.75
0.00
3.29
3.09
0.34
17.84
0.00
0.88
3.36
0.44
1.25
4.96
0.00
32.00
5.26
0.00
0.00
0.00
0.00
0.00
5.06
2.70
5.97
0.00
4.87
3.55
0.00
0.00
0.00
0.04
0.00
1.43
0.00
6.34
47.10
25.80
0.00
0.00
0.84
0.42
7.38
3.28
0.00
0.00
0.00
1.97
0.00
15.01
8.23
0.00
0.00
1.42
9.67
0.00
0.00
34.93
18.23
0.00
0.00
18.75
0.00
0.00
0.00
0.00
0.00
1.61
0.06
36.08
0.57
0.00
0.00
0.00
0.00
0.00
0.00
0.00
43.06
10.36
17.42
3.77
0.00
4.12
1.06
2.59
1.33
0.00
0.46
1.95
5.29
16.70
15.65
22.45
0.07
5.79
13.56
27.25
6.79
0.92
0.00
0.00
5.85
16.56
7.09
1.70
1.35
0.07
7.92
3.65
15.01
0.70
0.12
1.67
4.37
3.50
0.00
0.00
0.00
0.00
0.00
0.09
0.00
3.24
0.00
3.66
0.26
0.78
0.00
0.00
0.28
1.22
5.53
0.00
0.00
0.00
0.00
14.45
14.32
27.13
4.75
1.04
0.04
0.00
0.24
0.00
1.40
0.00
9.51
1.07
0.00
0.00
0.00
0.00
2.75
8.64
0.00
0.00
0.00
0.00
0.00
0.00
0.00
2.75
0.00
0.40
0.00
3.34
0.69
0.13
0.00
0.00
0.04
0.00
0.00
0.11
0.24
1.24
0.00
1.44
0.00
0.00
4.85
0.00
0.00
0.00
0.00
0.00
0.00
0.00
0.00
1.32
0.77
0.11
0.00
0.00
0.00
0.09
0.00
0.04
0.00
0.00
7.11
0.00
0.00
0.00
0.00
0.00
0.00
0.00
0.00
0.00
0.00
0.00
0.00
0.00
0.00
0.00
0.00
0.00
0.00
0.00
0.00
0.00
0.00
0.00
0.00
0.00
0.00
0.00
0.00
0.00
0.00
0.00
0.00
0.00
0.35
0.19
0.23
0.00
0.00
0.00
0.00
0.00
0.24
0.15
0.03
10.31
0.70
9.65
1.50
10.30
0.00
1.33
3.11
3.26
1.73
0.00
0.00
0.06
0.52
0.00
0.00
0.00
0.00
0.00
0.00
0.00
0.00
0.00
0.00
0.00
0.00
3.84
6.29
1.38
0.00
0.00
0.00
0.00
0.00
0.10
0.00
0.00
0.00
0.00
0.00
0.00
0.03
0.00
0.00
0.00
0.00
0.00
0.00
0.22
1.95
31.79
34.64
7.99
0.08
0.07
0.00
0.00
0.00
0.00
0.00
0.00
0.00
0.00
0.00
0.00
1.69
0.00
0.00
0.00
0.00
0.00
0.00
0.00
0.00
8.80
3.13
0.07
0.02
0.00
0.00
0.00
0.00
0.00
0.00
0.98
0.00
0.00
0.00
0.00
0.00
0.00
0.00
0.00
0.00
0.00
0.03
4.14
5.75
6.70
10.91
0.50
0.00
5.69
2.70
0.03
0.00
0.00
13.36
6.44
0.62
18.58
0.00
0.00
0.00
0.00
0.00
0.00
24.65
8.00
4.83
0.28
0.04
34.45
0.00
0.00
0.00
0.00
1.22
3.28
0.07
0.00
0.00
0.16
0.00
0.00
0.00
0.00
0.00
0.00
0.00
3.96
0.00
0.00
0.00
0.00
0.13
5.99
0.00
1.64
0.11
0.06
0.00
0.00
0.00
0.00
0.00
0.05
1.92
0.12
0.00
10.22
0.07
7.33
2.40
9.52
3.57
17.78
1.88
4.53
0.00
2.12
14.82
0.07
4.07
50.68
1.50
12.18
2.51
0.00
0.00
0.00
0.00
0.00
0.00
0.00
0.12
0.00
0.00
0.38
0.00
0.00
9.51
0.00
27.63
0.48
0.00
0.00
0.00
0.00
0.00
0.00
0.00
0.00
0.00
0.00
0.00
0.00
0.00
0.00
0.00
0.00
0.00
0.00
1.44
11.83
14.18
16.81
9.14
9.83
0.00
0.00
0.00
0.00
0.00
0.00
0.11
17.27
9.08
0.00
0.15
0.51
7.89
2.77
4.90
0.13
1.20
16.65
0.00
4.44
0.00
0.00
0.00
0.00
0.00
0.00
0.00
0.06
25.25
1.17
0.59
0.00
0.00
2.94
1.36
3.12
0.00
0.55
2.37
9.25
0.23
5.62
5.39
5.03
2.52
0.00
0.00
0.00
0.00
0.58
1.39
0.00
9.40
0.00
0.67
5.54
3.57
13.54
1.36
7.95
1.43
0.00
4.84
0.00
0.00
0.00
7.58
3.68
6.55
1.25
0.00
0.06
0.00
4.15
20.16
0.21
0.00
0.00
0.00
0.00
2.10
0.00
0.00
0.00
0.39
0.25
0.33
0.69
0.02
30.01
10.46
9.94
4.45
0.00
0.00
0.00
0.00
0.00
0.00
0.00
0.00
0.00
0.00
0.00
0.00
0.00
0.00
0.00
0.00
0.00
0.00
0.00
0.00
0.00
0.00
0.00
0.00
0.00
0.00
0.00
0.00
0.00
0.00
0.00
0.00
0.00
0.00
0.00
0.00
0.00
0.00
0.00
0.00
0.00
0.00
0.00
0.00
0.00
0.00
0.00
0.00
0.00
0.00
0.00
18.58
0.57
0.06
2.75
3.75
1.68
1.50
0.00
0.00
0.00
0.00
0.00
0.00
0.00
0.00
0.00
0.00
0.00
0.00
0.00
0.00
0.00
1.95
2.40
2.67
0.00
0.93
0.00
0.32
0.00
0.00
0.00
0.00
0.00
0.00
1.08
0.00
0.00
0.04
0.57
1.18
0.00
0.00
0.46
0.00
0.98
0.00
