19790101
0.17
3.27
0.25
0.1
0.19
0.06
0.07
0.02
0.08
0
6.85
2.59
2.06
11.92
3.27
0.09
1.65
1.06
0.45
1.01
2.43
4.35
3.46
1.23
0.26
0.36
0.32
4.71
4.26
13.44
5.19
0
1.39
6.83
1.5
1.85
0.04
4.77
0.02
3.12
6.91
0.67
6.56
12.24
3.37
0.34
0.07
0.05
0.23
1.88
0.07
0.01
1.89
0.59
0.56
0.02
0.07
0.01
0.01
1.89
17.16
1.44
1.76
5.86
19.01
12.31
15.1
5.19
6.91
1.8
10.29
29.44
6.81
10.71
15.65
22.01
35.54
47.5
4.11
0.33
21.42
0.76
1.16
15.51
9.16
2.7
3.04
6.05
16.02
4.12
18.76
16.96
6.4
6.42
17.19
10.04
7.91
0.29
12.26
0.43
0.09
1.3
0.04
0.04
0.11
3.7
11.06
12.59
0.47
0.04
0.01
0.07
0.08
4.96
12.78
0.1
0.04
0.07
0.81
10.95
28.49
10.62
17.79
0.16
3.76
9.36
5.41
5.79
11.58
8.1
14.58
1.1
12.42
19.42
2.61
0.02
0.24
0.51
0.02
0
0.01
0.01
0.01
0.22
0.06
20.41
50.65
21.03
4.28
0.45
0.06
0.08
0.22
0.05
0.1
11.7
29.1
0.53
0.03
0.08
27.16
16.21
0.44
0
0.01
0.01
2.06
9.87
7.93
12.54
22.51
10.71
15.2
0.79
0.38
1.59
0.62
9.92
26.21
18.02
16.18
0.1
0.32
0.05
0.66
0.97
0.63
0
0.07
0.39
0.78
1.35
0.02
0.07
0.08
0.04
0.05
0.1
5.01
25.43
11.56
0.04
1.22
2.44
4.05
15.48
23.17
0.26
0.48
3.58
0.77
0.12
0.3
3.88
5.27
0.17
0.09
0.67
0.49
0.05
1.37
3.07
2.33
0.21
2.53
1.75
0.43
0.36
2.48
13.82
21.95
19.99
18.35
12.73
3.12
1.79
0.45
0.78
6.84
14.98
13.43
5.82
0.73
2.64
12.79
2.82
8.15
0.01
3.02
6.71
6.9
11.28
5.96
0.5
0.86
0.89
0.56
1.2
0.02
1.44
1.9
0
1.44
0.57
0.32
1.9
19.69
25.76
1.39
0.01
0.03
0.03
0.01
0.01
0.02
0
0
0
0
0
0
0
0.02
0
0.01
0.05
0.02
0.04
0.02
0.01
0.01
0.02
0
0
0
0.02
0
0
0.09
0.04
0.02
0
0
0
0
0
0.24
4.25
2.58
0.02
0.02
0.05
0.16
0.04
0.02
0.05
0
0.02
0.03
0.02
0.97
0.16
0
0.04
2.18
2.41
0.93
0
0
0.03
0.28
0
0.02
0
0.03
0.02
0.03
0.03
0.22
0.05
0.08
0.03
0.03
0.04
0.08
0.02
0.02
0
0.02
0.02
0.04
1.32
2.77
0.33
0.04
1.63
1.39
0.02
0.04
0.05
0.02
0.03
0.06
0.05
0.02
0.07
0.1
0.2
0.26
0.32
0.55
0.06
0.04
0.02
0.02
1.68
7.26
0.13
0.03
0.02
9.72
0.59
0.15
1.22
0.11
0.59
0.12
0.27
0.84
0.43
0.66
0.33
35.71
2.44
0.12
0.08
5.54
2.37
10
9.27
0.01
9.37
8.91
4.3
4.94
0.3
5.2
5.42
3.21
0.23
0.07
0.04
0.4
0.69
0.81
4.53
2.76
3.3
17.31
5.79
5.62
20.06
2.86
0.03
9.79
18.76
0.14
10.63
29.06
35.06
28.31
22.35
31.06
3.7
0.39
1.75
1.63
0.46
0.49
0.22
0.69
15.87
8.95
0.32
2.06
2.72
0.47
0.51
1.36
8.89
9.85
0.68
0.75
0.14
0.22
8.35
4.35
4.12
6.12
0.18
0.44
1.13
1.43
18.17
7.74
9.19
46.38
34.4
22.88
0.49
0.07
0.01
0
0.03
17.87
23.61
24.14
5.29
31
45.42
18.07
24.49
6.56
13.09
31.28
5.85
15.82
17.85
10.53
15.91
4.7
41.12
42.11
24.21
0.32
0.15
3.77
1.35
4.98
9.99
7.39
4.89
1.12
0.08
0.27
1.73
0.06
2.32
14.55
0.56
26.5
4.87
0
0
0.12
3.25
10.91
7.92
0.85
1.44
0.22
3.97
0.64
3.14
14.31
7.34
0.78
2.23
0.66
2.87
4.31
0.23
0.02
0.17
0.93
0.01
0.39
5.83
0.13
0.05
0.02
0.4
3.32
6.62
2.27
0.13
0.67
0.13
1.05
3.29
0.26
11.58
15.83
1.89
0
1.45
1.77
2.23
54.85
46.17
4.29
0.03
0.07
0.58
1.54
0.02
0.84
0.2
0.08
0.88
8.48
3.56
0.53
0.9
0
1.09
1.62
0.28
0.04
0.63
11.43
37.06
13.17
15.52
5.19
7.36
0.7
0.18
2.62
0.35
20.79
26.93
9.11
0.31
8.46
3.86
0.67
2.63
0.7
0.98
0.37
0.01
0.35
2.29
2.64
38.52
45.77
12.52
26.24
1.81
5.36
4.62
0.25
3.71
11.42
1.24
1.59
2.95
0.3
0.03
0.02
0
0.02
0.05
0.38
0
0.04
8.78
5.34
0.66
7.15
7.12
0.52
0.06
0.08
0.02
0.02
0.02
0.02
0
0.02
0.05
0.01
0.04
0.04
0.01
0.01
0.02
0.04
1.02
0.1
0.06
0.03
0.02
7.09
13.29
1.57
0.55
0.02
0.21
7.6
20.41
13.69
0.03
0.02
0
0.07
0.15
0.18
0.03
0.02
0.03
0.02
0.05
0.01
0
0.05
0.02
0.02
0.02
0
0.02
0
0
0.04
0.02
0.11
0.7
14.8
10.98
0.52
0.06
0.07
0.05
0.1
13.14
5.38
0.08
0.08
0.05
3.21
3.91
0.14
0.04
0.1
0.75
0.21
0.03
0.04
0.05
0.22
0.01
0.03
6.24
1.37
0.24
0.08
0.08
0.09
0.03
0.02
0.03
0
0.02
0.4
0.19
0.05
0.03
0.01
0.02
0.1
0.07
0.01
0.01
0
0.03
12.63
8.24
0.19
1.04
0.17
0.05
0.05
0.05
0.05
0.04
0.04
0.02
0.04
0.05
0.02
0.08
0.51
0.06
0.86
1.49
0.58
0.2
0.65
12.52
5.24
0.52
0.07
1.53
3.06
0.02
4.97
0.27
0.12
0.06
0.06
0
0.02
0.02
4.68
4.92
1.27
14.12
6.96
7.8
8.62
2.15
0.2
0.22
3.3
6.29
5.1
2.52
13.51
7.63
2.86
1.34
1.53
3.99
4.85
9.18
0.41
6.48
0.46
8.78
10.35
3.23
3.51
18.75
2.53
3.2
37.08
12.43
0.67
0.81
3
36.65
3.87
24.1
8.86
0.04
4.79
1.84
24.48
1.66
0.57
1.06
5.99
18.42
18.24
6.25
35.98
52.86
51.4
9.26
19.95
20.27
13.95
10.89
16.6
21.36
0.1
0.05
23.18
6.55
1.39
6.66
2.53
5.39
9.79
4.11
4.44
11.21
10.85
7.57
7.5
1.2
21.97
21.06
0.43
0.12
0.04
0.04
0.02
4.26
5.54
22.45
3.92
4.94
18.71
7.19
0.01
0
0.02
1.28
14.15
13.5
0.74
0.05
0.04
11.88
3.07
21.35
1.31
37.36
37.08
3.98
34.97
2.9
2.21
46.16
11.67
1.97
0.79
0.03
0.03
0.12
9.75
5.73
0.58
0.14
0.62
1.55
0.74
0.32
0.15
1.38
0.48
17.77
9.96
2.04
0.02
0.05
0.02
3.21
7.44
2.86
4.37
0.55
0.02
0.02
0.13
2.05
0.4
0.19
0.11
0.16
0.44
3.38
0.5
0.07
0.03
0.03
0.64
1.44
0.64
17.33
0.69
13.27
14.29
8.66
2.68
16.56
4.87
5.77
0.97
12.99
28.82
1.8
6.84
0.49
0.61
0.28
1.42
0
1.52
3.49
0.06
0.08
0.87
8.59
1.36
0.03
1.47
0.86
0.04
4.9
5.6
0.04
0.16
0.23
0.02
1.06
2.89
5.04
10.82
0.7
1.2
0.11
6.41
14.52
0.01
1
0.1
0.02
9.8
13.16
19.29
11.93
1.26
4.5
7.27
1.5
0.12
0.03
0.03
0.03
0.05
0.02
3.91
10.65
4.97
15.07
6.39
0.01
1.95
0.39
0.11
0.04
1.24
2.85
1.25
0.51
0.27
1.76
9.15
17.8
9.15
2.02
2.62
0.07
0.04
0.02
0.02
0.14
13.98
5.74
0.63
0.4
0.38
0.65
3.19
0.02
0.02
0.02
0.02
0.03
0.04
0.07
2.7
17.02
3.16
6.43
18.42
4.28
2.18
0.92
4.38
0.24
0.01
0.02
0.2
0.08
0.02
3.91
2.41
0.03
0.05
0.02
0.1
0.01
0.42
5.8
2.5
1.02
0.37
0.45
0.01
0.05
0.02
0.03
0
0.01
0.01
0
0.03
0.07
0.04
0.05
0.04
0.02
0.05
0.13
0.02
0.02
0.39
4.79
0.31
0.06
0
0
0.02
0.03
0.05
0.05
0.02
0.02
0.2
0.07
0.2
0.02
0.02
0.1
0.44
1.13
0.04
0.02
0.05
0.04
0.06
0.02
0.18
1.71
0.62
1.07
0.05
0.04
0.03
0.01
0
0
0.75
1.57
0
0.02
0.04
0.04
0.08
0.03
0.03
0.03
0.03
0.04
0.03
2.57
1.63
2.15
4.83
17.01
12.68
29.85
22.84
8.93
3.65
12.9
0.77
0.12
0.07
1.3
7.47
0.5
1.76
1.1
5.41
7.91
0.25
4.67
23.78
3.55
0.74
0.04
0.13
0.98
1.87
14.63
25.7
17.67
20.17
1.57
2.81
6.63
11.31
26.28
15.94
19.1
0.33
0.41
0.05
0.02
0.28
1.11
2.42
1.55
17.03
5.61
6.72
0.3
2.6
0.58
0.09
14.82
1.16
14.06
13.18
9.37
0.82
0.59
0.06
0.02
0.01
0
0
5.76
10.59
0.44
0
0
0.78
0.04
0.05
2.03
7.15
12.31
4.16
19.34
7.53
0.08
0.24
6.57
33.23
18.18
5.46
1.28
0.02
0
40.9
14.3
25.74
0.2
17.2
44.27
16.42
1.07
14.16
1.37
0.81
0.38
2.6
8.83
3.68
0.15
0.05
0.9
0
0.01
0.18
0.48
28.72
23.89
44.05
8.15
8.02
24.01
17.63
0.17
0.01
1.48
28.12
17.75
7.8
3.41
3.24
20.94
2.97
33.29
9.97
30.67
44.39
22.46
9.96
5.52
0.04
12.43
26.97
1.15
0.45
0.02
0
0.01
0.02
4.14
15.82
3.06
13.49
10.69
5.33
5.9
3.68
5.26
1.11
0.36
0.06
0.33
0.01
1.54
0.05
0.05
0.02
0.76
0.32
1.91
0.02
0.04
0.01
0.04
1.15
1.99
2.45
3.05
0.52
7.94
20.17
9.28
1.58
1.45
0.94
0.64
0.82
4.27
0.02
2.65
0.01
1.31
3.36
0.07
23.98
3.96
0.4
2.09
2.55
3.4
4.72
1.01
0.83
0.29
2.25
2.24
1.18
2.53
0.16
2.6
1.35
2.54
1.73
4.63
0.67
0.09
0.02
0.05
0.11
0.27
1.12
2.88
0.41
1.16
0.28
17.84
18.15
2.86
1.43
0.28
0.01
0.16
0.74
1.28
1.97
0.11
0.04
0.02
0.03
0.11
0.03
0.01
1.29
1.29
4.68
2.91
4.63
1.65
0.45
0.03
0
0.03
0.02
0.04
0.02
0.01
0.05
0.02
0.06
0.07
0.05
0
0
5.36
0.98
8.19
7.29
18.69
25.76
31.34
3.37
4.27
20.91
17.78
0.17
0.05
0.51
19.04
33.58
0.16
0.9
2.23
2.99
0.01
0.02
0.01
0.08
0.35
18.43
2.07
0.47
3.15
0.62
0.07
0.8
1.88
0.88
0.2
1.3
3.53
5.49
44.35
0.09
0.04
1.12
1.28
0.06
3.26
19.55
1.84
1.65
2.88
0.31
0.37
1.32
0.29
0
0.01
0.01
0.06
0.02
0
0.02
0.03
0.02
0.02
0.52
8.78
3.49
0.01
0.01
0.01
0.05
0.27
0.37
0.2
0.1
3.17
35.79
13.73
8.88
40.73
4.32
5.82
3.14
8.01
3.1
0.03
0.08
0.14
0.6
3.26
1.59
0.04
0.05
0.05
0.19
0
0
0.02
0.02
0.04
0.69
0.37
9.51
16.75
17.89
8.87
0.15
0.88
10.17
0.63
1.05
0.04
13.11
15.67
0.75
0.13
0.06
4.69
14.85
4.3
0.65
0.18
22.31
6.32
8.57
9.9
39.58
22.46
6.64
12.36
21.2
1.66
11.54
2.73
26.27
0.44
0.37
0.48
2.61
3.13
12.87
3.43
42.25
2.58
0.02
23.16
46.55
4.32
0.32
14.58
39.15
33.78
2.69
2.68
6.49
13.64
11.71
7.34
39.99
1.81
0.46
0.5
0.07
0.05
0.03
0.17
2.93
1.88
11.34
9.38
20.3
1.94
11.55
11.95
7.15
27.4
8.1
11.62
26.88
21.29
27.57
2.09
0.7
10.1
11.85
16.01
3.37
4.91
0.7
0.12
1.91
7.85
6.2
14.25
7.98
0.02
0.26
9.4
18.93
0.02
4.85
12.66
28.99
15.41
16.83
0.17
5.32
15.78
0.12
0.02
0.57
2.8
1.43
3.5
1.47
9.94
3.43
2.44
0.14
0.75
5.59
7
28.18
13.82
25.45
7.18
2.9
0.17
0.02
0.07
0.02
0.25
3.48
2.59
4.11
11.69
23.35
11.33
9.36
16.62
15.99
13.13
13.58
5.72
4.08
0.64
1.08
0.16
0.02
0.05
0
0.19
0.37
0.3
0.37
5.2
1.36
0.03
0.1
0.49
0.11
0.88
0.14
0.29
0.48
0.04
1.39
0.98
0.79
0.54
2.95
0.24
0.02
0.01
0.02
0.02
0.03
0.02
0
1.69
0.22
0.1
0.23
0.03
0.04
0.02
0.02
0.13
0.18
0.01
4.56
12
1.89
1.79
0.01
0.13
0.47
1.1
2.58
0.14
0.51
0.01
1.88
2.79
20.81
26.06
3.57
16.74
11.67
4.34
0.07
0.16
0.34
2.11
2.48
3.55
5.27
17.49
32.65
9.9
0.18
1.54
0.27
0.51
2.98
4.9
22.61
6.01
1.41
0.29
0
2.95
9.42
9.82
5.21
1.27
0.37
1.65
1
5.61
3.52
0.03
0.02
0.02
2.76
15.28
7.67
0
0.16
0.02
0.16
0.87
3.01
0.51
0.02
0
0.01
0.18
1.38
0.54
1.41
0.9
0.16
0.21
1.11
0.02
0.11
0.34
0.31
0.09
0.57
1.96
0.2
0.06
0.03
0.01
0.01
0.04
0.03
0.01
0.01
0.02
0.02
0.03
0.02
0.86
4.35
8.59
1.91
0
0.03
0.03
0.04
0.04
0.01
0.02
0.01
0.04
0.05
0.04
0.02
0
0
0.02
0.02
0.04
0.01
0.02
0
0.02
0.03
0.04
0
0
0.02
0.01
0.02
0.04
0.04
0.04
0.02
0.02
0.21
0.37
0.5
4.16
0.97
3.31
1.33
0.04
0.03
0.02
0.02
0
15.64
9.93
0.01
0.01
0.02
0.03
0.07
0.02
0.02
0.04
0.06
0.04
0.02
0.02
0.01
0.05
0.05
0.02
0.33
0.57
1.47
3.94
1.94
10.94
6.5
0.01
0.08
0.89
0.53
0.66
2.1
0.55
1.11
3.41
1.85
6.46
11.73
1.28
3.13
3.19
0.07
0.02
0
11.51
6.23
0.91
0.36
1.29
1.08
1.08
3.48
0.68
0.01
1.34
0.48
0.07
2.49
2.06
0.49
0.14
0.16
9.03
5.12
0.01
0.02
0.04
0
0
3.3
21
6.92
4.05
3.6
2.92
4.36
4.12
1.1
0.63
0.28
0.46
1.52
4.38
6.91
4.2
3.49
7.98
13.47
10.24
6.4
0.99
2.24
0.57
1.33
0.32
16.32
13.1
4.93
30.31
47.14
9.93
49.34
34.54
22.5
5.37
4.61
4.72
2.17
0.05
5.06
0.04
7.45
27.83
13.53
4.3
22.46
2.55
0.11
0.01
15.57
0.18
22.7
20.82
0.5
4.09
0.51
14.74
33.13
21.74
19.15
0.97
0.21
0.02
0.02
0
0.01
0.02
1.47
21.95
10.27
25.93
12.45
38.91
14.29
2.2
23.36
1.62
0.06
0.05
0.54
0.56
20.21
14.33
1.04
4.71
54.06
58.38
45.37
2.33
0.16
1.01
0.85
0
1.09
1.88
3.23
10.83
47.19
4.51
0.25
7.4
32.72
1.89
4.53
0.42
4.95
2.17
1.47
1.49
2.19
0.29
9.61
1.98
3.46
7.04
0.42
0.27
0.56
0.87
10.92
8.02
0.4
1.12
0.61
0.13
0.82
0.12
0.14
0.02
0.02
0.02
2.21
0.47
0.05
0.79
2.41
8.84
8.2
3.83
2.21
0.02
0.01
0
0.01
0.03
0.47
5.08
14.4
2.08
4.39
0.92
0.16
0.02
0.31
0.56
2.69
4.21
4.81
7.79
1.89
0.46
1.59
3.06
0
0.04
0.03
0.13
0.04
1.29
0.76
1.08
21.93
14.07
10.66
0.98
0
0
4.85
4.94
15.95
24.93
0.89
1.03
2.62
3.13
0.02
0.03
0.02
0.69
3.69
2.13
2.84
0.08
1.73
15.45
4.45
21.43
1.94
0.25
0.21
0.17
0.05
0.01
6.18
3.04
1.76
0.78
0.15
0.17
0.03
0.04
1.04
1.06
2.16
2.83
5.25
3.15
1.9
0.32
0.02
0.04
0.03
0.08
0.28
4.79
13.13
8.22
0.02
0
0
0.02
0.04
0.01
0.05
0.44
0
0
0
0
0.01
0.04
0
0.01
0.03
0.02
0.01
0.04
0.01
0.02
0.04
2.03
0.13
10.54
26.44
2.67
0.09
0.08
0.02
0.05
0.03
0.02
0.08
0.07
0.03
0.04
0.05
0.05
0.06
0.05
0.09
0.05
0.01
0.03
0.02
0.02
0.05
0.02
0.05
0.07
0.18
0
0.12
0.05
0.15
0.38
0.68
6.38
0.96
4.12
4.57
2.04
0.43
0.04
0.02
0
0.03
0.03
0.02
0
0.02
0.15
1.18
1.69
0.4
0.7
0.58
6.91
7.18
1.65
2.61
0.06
0.07
0.1
0.03
0
0.34
2.88
6.67
0.14
0.08
0.02
0.02
0.11
1.6
1.06
0.47
0.88
0.14
2.34
2.4
0.03
0
0.16
0.15
3.76
0.43
3.2
2.23
8.94
5.32
0.02
3.53
25.14
0.12
0.11
13.25
10.94
18.49
17.15
14.82
22.98
7.23
4.85
2.37
0.02
10.99
33.51
6.95
11.4
12.9
10.15
29.55
32.82
6.08
3.35
0.04
3.42
3.02
4.45
10.62
11.5
14.73
9.39
0.79
0.06
0.25
0.23
0.57
0.04
1.49
7.66
6.03
0.02
0.08
3.4
2.79
4.69
10.2
3.89
2.5
2.64
11.15
0.22
0
0.12
12.6
30.45
0.06
0
4.01
21.75
0.17
13.18
1.3
11.79
12.26
0.22
0.01
0.54
10.68
8.33
0.09
0
0.03
0.04
0.13
0.38
0.11
0.03
0.02
3.58
9.44
2.23
0.28
1.37
3.24
5.2
3.38
2.58
8.09
2.08
0.02
0.02
10.23
5.3
24.85
28.09
0.73
1.02
7.77
0
0.6
0.61
10.3
0.35
2.57
26.73
81.03
6.92
0.09
0.61
2.45
3.19
0.21
2.68
17.91
27.74
17.33
7.94
0.05
0.05
0.38
2.79
5.85
0.12
0.02
0.12
0.4
1.17
0.25
0.04
5.33
0.05
0.6
3.27
8.99
23.52
22.76
12.41
2.24
0.48
0.15
1.38
7.6
9.21
11.81
0
0.04
0.39
4.86
9.54
0.06
0.02
0.04
0.05
0.11
0.19
0.04
0.01
0.44
7.48
16.31
2.52
12.48
8.42
5.09
14.34
11.8
9.15
13.48
3.78
2.63
0.72
0.8
5.18
5.07
2.75
5.77
4.83
6.08
6.98
16.5
8.58
10.7
7.47
3.89
1.96
4.84
2.17
1.36
0.03
3.94
0.42
2.46
4.93
2.04
40.8
1.02
0.08
0.49
0.42
0.77
2.29
30.57
23.1
12.35
3.51
0.92
2.39
0.4
0.97
5.38
1.04
3.49
25.68
11.56
1
1.35
1.78
5.12
23
5.8
3.59
5.37
8.19
4.94
29.7
49.22
0.81
0.15
0.51
3.63
6.5
1.45
0.02
0.02
0.02
0.06
0.05
0.03
0.05
0.05
0.03
0.06
0.02
0.01
0.19
0.1
0.05
0.08
0.02
0
0
0.13
0.22
0.07
0.04
0.05
0.09
0.05
0.1
0.01
0.05
0.13
0.17
0.04
0.03
0.02
0.11
0.02
0.04
1.99
7.47
0.16
0.03
0.09
0.14
0.02
0.03
1.99
1.36
0
0.02
0.06
0.11
2.25
0.36
2.01
0.37
0.02
0.04
2.31
7.01
6.84
0.25
0.02
0.04
0.01
0.26
9.04
4.21
0.13
0.14
1.32
9.84
3.37
0.01
0.05
0.05
0.02
0.01
0.02
0.05
0.02
0.03
0.04
0.07
0.02
0.02
0.04
0.1
0.02
0.03
0.29
1.4
6.27
0.02
0.08
0.18
0.04
0.03
0.02
0.03
0.04
0.05
0.04
0.06
0.04
0.05
0.04
0.14
0.04
0.34
2.1
0.04
0.06
1.22
1.97
0.12
3.74
1.58
0.05
0.06
0.05
0.05
0.2
0.55
4.29
2.85
7.7
8.86
16.18
0.05
0.04
0.02
0.04
0.05
0.05
0.01
0.31
2.02
3.28
34.29
18.78
0.82
0.29
0
0.01
0.05
0.03
0.04
1.85
9.29
5.27
1.7
0.27
0
0
0
0
0
0.01
0.09
0.2
6.41
2.38
5.23
63.77
11.32
26.03
4.56
19.36
22.57
4.68
64.55
11.84
2.6
1.15
6.91
10.09
2.65
22.47
1.82
16.27
52.56
1.04
0.42
1.66
0.68
0.19
0.08
0.04
0.51
0.58
0.1
1.65
1.86
0.79
0.63
14.52
4.7
14.8
18.82
6.23
43.32
21.96
17.58
0.29
0.73
0.75
1.63
1.16
10.75
10.52
3.13
0.61
9.58
31.78
1.59
0.48
3.23
1.73
0.28
0.02
0.02
3.21
7.29
23.8
10.47
0.13
0
0
0.04
0.43
1.41
49.03
38.8
0.12
0.05
0.02
0.22
0.06
3.18
35.06
4.98
0.35
1.44
23.66
27.34
5.89
21.41
34.49
13.99
1.23
0.35
0.39
0.62
2.1
0.6
1.58
4.24
9.12
8.15
8.73
11.65
6.49
5.23
1.82
0.78
5.76
8.13
5.19
0.73
1.67
2.64
0.06
3.21
4.86
5.98
16.68
5.16
2.31
4.76
1.53
1.15
0.09
0.18
2.48
3.72
2.01
0.33
0.05
0.13
0.69
0.4
2.46
0.05
0
0.38
0.19
0.04
0.02
0.03
0.84
0.84
0.3
1.57
0.8
2.82
2.64
0.05
2.12
7.68
17.74
1.09
1.02
0.01
0.28
3.57
0.39
1.57
0.01
0.12
0.02
0.04
0.04
0.01
1.09
4.71
0.14
0.02
0.02
0.08
0.03
0.05
0.02
1
2.47
11.54
1.71
0.06
0.12
0.25
1.48
3.25
0.71
0.5
0.01
0.12
1.68
12.73
5.76
0.68
0.64
0.11
0.01
0.16
0.22
0
0
0.02
0
0.02
0.02
0.01
0
0.02
0.01
0.02
0
0
0
0.03
0.06
0.04
0.03
0
0.11
0.07
0.09
0
0
0
0.01
1.38
8.77
12.38
0.01
0.05
0.09
0.08
2.15
3.73
0.6
12.42
41.52
3.59
0.41
0.04
0.01
0.01
0.05
0.05
0.03
0.05
2.36
8.46
1.06
0.02
0
0.13
5.29
4.23
1.34
26.24
7.23
0.31
0.37
0.32
0.02
0
0.18
0.18
0.46
0.08
0.02
0.01
0.01
0.02
0.01
0.04
0.55
0.05
0.04
1.08
1.5
1.83
0.01
0.02
0.01
0.02
0.02
0.03
0.05
0.06
0.04
4.61
1.54
0.04
0.05
0.05
0.02
0.04
0.05
0.05
0.23
0.02
0.05
0.02
0.05
0.08
0.09
0.07
0
1.49
0.15
0.05
0.04
0.05
0.05
0.15
0.42
0.05
0
0
0.01
0.29
0.28
0.18
0.23
0.08
0.03
0.09
0.71
0.26
0.03
0
0
0.01
0.01
0.02
0.02
0.05
0.1
0.02
0
0.02
0
0.02
0.02
0.04
0.02
3.51
7.19
1.24
0.51
0.45
0.13
0.33
0.25
0.13
4.18
5.19
15.17
23.54
4.39
1.6
27.48
0.92
0.02
0
0.02
1.4
8.53
0.35
1.24
0.51
0.79
1.94
0.75
1.06
1.04
2.24
12.44
46.76
15.58
1.35
5.79
14.75
8.86
1.34
30.64
51.6
7.03
10.27
4.73
21.1
2.36
0.67
3.01
16.64
7.82
19.03
1.73
21
12.34
22.37
1.4
0.25
1.15
4.61
21.54
8.95
19.28
3.96
0.02
0.04
0.03
0.02
0.05
0.55
0.83
0.37
0.03
0.13
2.84
5.58
0.05
0.06
0.4
0.16
0.06
14.53
7.7
23.14
12.82
27.29
15.4
4.25
6.28
31.16
2.69
6.55
21.33
0.18
4.78
6.26
2.54
0.19
22.51
44.79
9.3
12.82
0.39
0
1.82
4.49
25.19
8.75
0
0.1
12.31
13.24
2.55
0.01
3.72
14.14
0.34
9.04
2.17
0.02
0
0.02
0
0
5.17
3.6
0.54
0.32
3.01
4.3
2.13
1.26
3.99
11.41
7.05
6.19
8.26
26.97
23.91
5.09
6.32
11.41
0.2
0.62
0.07
0.03
0.03
0.01
0.06
0.05
0.05
0.18
3.07
16.62
6.28
3.03
6.66
2.45
3.38
3.78
0.01
1.34
12.82
14.43
34.51
35.88
8.96
4.32
3.71
6.07
5.08
3.63
1.8
0.22
0.05
0.04
0.02
0.96
0.93
0.3
2.1
1.97
0.76
0.1
0.59
1.1
10.26
10.55
4.33
9.29
2.03
0.18
0.02
0.14
0.08
0.08
0.07
0.03
0.03
0.33
17.97
13.05
0.41
1.63
4.72
3.32
0.77
2.57
0.59
0.41
0.19
0.62
18.5
8.44
0.89
2.67
0.09
0.04
0.04
0.01
0
0.5
8.55
5.74
0.04
0.02
4.38
21.69
0.75
0.14
0.08
0.05
0.01
0
0.16
0.51
0.02
4.82
5.16
10.55
2.64
13.97
52.94
13.02
22.91
0.78
1.01
0.36
0.13
0
1.77
4.63
1.75
0.51
0.22
0.1
1.41
4.77
0.1
0
1.75
3.03
1.34
2.49
2.42
29.88
11.75
0.7
17.66
3.31
0.1
0.01
0
0.01
0.19
0.5
0.34
0.14
0.52
4.6
4.46
0.24
0.52
7.49
9.2
6.57
1.26
0.22
0.09
0.07
8.88
26.06
4.88
1.21
0.02
0
0.01
0.05
0.02
0
0.01
0.02
0.03
0.02
0.05
0.02
0.02
0.02
0.04
0
0
0.01
0.04
0.04
0.02
0.02
0.02
0.02
0.05
1.02
3.31
0.88
0.89
0.07
0.02
0.33
0.31
0.02
1.44
0.12
0.02
0.17
0.05
0.05
0.05
0.38
0.36
0.03
0.05
0.05
0.13
0.04
0.02
0.04
0.06
0.21
1.18
0.6
1.01
1.24
1.86
3.2
2.4
1.85
7.96
8.67
10.21
1.91
0.19
0.2
0.83
3.09
6.73
4.94
10.39
3.65
0.52
0.21
0.6
1.68
0.51
4.77
1.31
0.92
15.95
0.84
0.04
0.05
0.32
0.26
0.21
8.16
3.64
26.47
27.96
47.13
6.98
17.17
6.41
0.24
0.18
0.15
0.48
0.02
0
0.04
0.05
0.05
0.2
27.97
26.59
34.05
29.66
6.08
3.05
14.42
23.41
9.13
16.25
37.33
1.42
6.34
16.39
12.52
2.2
12.28
10.94
3.85
0.02
1.63
24.29
20.94
0.08
0.02
0.17
10.12
46.19
8.4
0.06
0.01
0.75
7.34
18.05
0.11
0.58
1.27
18.45
8.71
0.05
0
0
35.72
17.32
1.55
0.11
0.06
0.12
0.02
0.15
17.33
35.57
0.73
0.66
5.28
7.56
5.43
19
17.97
30
5.51
0.09
0.4
0.43
1.79
4.52
0.93
11.5
19.01
3.74
30.58
1.81
0.72
0.6
0.29
0
0.08
0
0.19
0.02
0.02
0.01
0.01
1.94
0.25
0.02
0.02
0.26
1.11
46.84
89.63
2.33
17.55
45.74
9.66
31.23
2.64
7.39
8.53
21.37
2.73
3.44
23.27
0.88
10.09
0.19
6.77
0.03
0.49
0.03
0.06
0.02
0.02
0.02
0.02
0.02
0.19
0.51
0.06
0.16
0.26
0.12
0.02
0.02
0.01
0.05
0.43
1.28
0.37
0.12
0.02
0.02
0.04
1.06
5.94
7.42
3.84
11.93
0.08
0.19
0.04
1.01
8.78
8.15
2.24
5.48
4.89
2.53
7.06
1
0.85
0.77
3.71
0.19
3.25
15.5
5.4
0.57
0.12
2.13
6.6
9.99
11.75
1.86
0.16
7.16
5.35
17.29
15.39
26.6
22.36
4.16
10.67
23.16
15.61
1.48
2.01
2.06
4.22
1.38
1.6
1.71
1.19
7.2
0.83
0.15
0.04
0.13
0.03
0.34
1.43
27.17
11.06
19.85
1.3
0.05
0.01
0.01
0.45
0.2
0.27
0.32
0.03
0.06
0.25
0.24
0.03
0.01
0.01
0.04
0.02
0.46
0.14
0.02
0
0
0.07
0.01
0.02
0
0.03
0.18
0.09
0.12
0
0.05
8.31
12.79
0.47
0.17
0.01
0.02
0
0.02
0
0
0
0.02
0.02
0.01
0
0
0
0.04
0.36
4.11
12.76
1.9
0.01
0.01
0.02
0.05
0.08
0.07
0.04
0
0.01
0.02
0.01
0
0
0
0.01
0.03
0.07
0.02
0.02
0.06
0.08
0.01
0.02
0.02
0
0
0.02
0.05
0.02
0
0.01
0.02
0.01
0.05
0.02
0.04
0.1
0.04
0.05
0.05
0.03
3.11
38.34
6.3
0.07
0.03
0.04
8.81
21.79
14.35
31.31
29.16
0
4.11
6.68
8.07
38.63
8.34
4.31
3.29
0.33
2.36
1.24
0.34
7.65
5.78
0.07
0.12
0.16
0.04
0.03
1.87
9.58
7.61
0.71
2.02
1.99
0.95
0.19
0.17
7.54
16.85
9.91
2.14
0.04
0.05
0.01
0.08
1.56
4.87
4.46
1.52
0.98
0.28
0.28
0.65
0.77
0.68
2.92
0.39
0.05
0
0.05
0.09
0.06
3.83
1.32
0.03
0.05
0.02
0.01
0
0
0
0.03
0.25
0.06
0.27
2.66
4.77
8.76
2.87
0.21
0.01
16.16
16.68
14.69
8.59
0.14
0.02
0
0
1.56
1.5
0.41
6.94
42.65
3.21
6.45
8.7
2.16
2.69
2.8
0.09
0.24
13.53
23.18
3.32
0.17
0.15
15.62
4.94
30.9
17.11
10.8
12.03
7.38
0.25
0.96
10.06
6.87
1.64
9.48
6.99
9.4
5
1.97
1.73
0.32
0.05
1.12
12.98
18.77
2.56
24.6
39.93
6.18
0.57
14.47
50.57
4.8
5.8
0.62
7.52
11.09
38.7
45.49
8.64
0.63
7.17
1.05
10.58
12.83
11.9
1.62
4.9
0.37
3.19
10.01
11.48
0.95
0.17
0.03
0.09
1
9.52
2.97
0.04
0.06
0.02
0.99
0.09
10.4
3.48
1.67
7.59
25.99
0.07
0.04
0.12
1.37
13.15
10.9
20.13
33.98
17.61
2.68
5.86
0.15
0.11
0.14
0.02
0.08
1.41
0.16
0.09
0.03
0.2
0.11
0.46
0.29
5.88
2.17
0.79
0.37
1.75
1.95
0.2
0
3.13
20.62
0.76
4.3
1.14
1.11
5.35
2
0.12
0.03
0.05
0.07
1
2.49
9.25
9.83
0.1
0.2
0.02
0.08
0.02
1.83
4.76
0.93
0.27
0.18
0.3
0.66
0.72
0.51
1.99
1.64
4.54
6.79
0.31
0.81
4.15
0.32
0.02
7.51
6.32
18.81
10.42
1.12
5.72
0.02
0.05
0.05
0.16
0.58
4.23
4.27
0.4
16.16
6.96
1.24
7.38
4.25
0.21
0.37
2.04
0.94
0.37
1.78
3.41
1.36
0.29
0.44
0.19
0
0.06
0.02
0.02
0.06
0.02
0
0.01
0.02
0.02
8.78
12.52
1.17
0.44
0.96
0.18
0.02
0.02
0
0.01
0.02
0.04
0.03
1.1
2.38
1.66
0.3
0.5
0.09
1.29
0.01
0.04
0.02
0.02
0.28
0.86
0.06
0.68
0.2
0.06
0.04
1.31
3.67
4.03
0.3
0.59
0.05
0.04
0.02
0.02
0
9.07
4.15
0.25
0.02
0.02
0.05
0
0.02
0.02
0.02
0.03
0
0.01
0.03
0.02
0.05
0.01
0.03
0.02
0.04
0.05
0.03
0.08
0.05
0.03
0.04
0.05
0.01
0.28
4.77
1.1
1.34
0.22
1.36
4.01
0.87
5.24
0.31
0.18
2.21
4.35
0.03
0.03
0.06
1.25
0.02
0.34
0.67
4.66
12.04
12.91
0.16
8.51
11.2
9.12
0.1
6.43
20.54
10.92
1.22
6.27
8.55
0.96
0.05
0.04
0
0.03
0.02
5.57
13.52
6.8
1.61
6.21
4.54
1.19
0.62
0.07
1.17
0.1
0.02
0.69
0.11
0.03
4.02
3.98
5.95
4.7
9.42
5.18
0
4.74
5.07
40.62
7.24
4.71
3.5
1.62
26.93
11
0.3
0.81
5.72
4.83
0.06
0.05
0.03
0.02
0.03
8.85
8.22
2.3
0.45
1.03
1.82
6.08
0.73
0.14
0.02
0.01
0.03
0.28
2.38
19.59
16.07
4.5
0.66
9.71
16.43
46.2
8.03
8.13
23.79
43.96
0.05
0.04
1.66
11.83
0.05
6.5
15.94
29.75
0.47
0.09
3.81
20.98
22
3.19
1.11
16.87
8.78
17.46
9.18
13.08
8.53
25.48
0.4
0.25
2.39
0.33
0.04
0.12
1.51
6.2
0.23
0
0
0
0
0
0.33
15.25
23.95
22.66
0.07
0.07
7.81
6.49
2.37
0.15
0.02
0.11
0.27
1.53
2.11
3
7
0.98
0.11
0.24
1.45
31.83
33.99
8.81
3.56
0.35
1.39
9.47
41.69
42.75
0
0.62
24.64
34.6
6.71
2.2
5.58
19.88
3
4.99
1.29
0.04
0.04
0.02
0.64
4.49
3.24
0.66
2.16
2.79
6.57
7.37
4
14.17
16.58
0.02
0.04
0.05
0.03
0.17
0.14
0.25
0.64
0.91
1.54
3.07
0.73
0.02
0.04
0.02
0.02
0.04
0.1
0.14
0.04
0.02
2.07
0.92
0.23
2.24
0.17
0.88
0.93
19.83
18.82
29.9
0.34
13.86
0.26
3.6
2.37
4.37
11.13
5.72
0.01
0.89
0.56
1.43
0.02
0.01
0.75
5.01
40.78
28.03
29.94
21.56
1.63
0.84
0.02
0.02
0.02
0.02
0.17
4.93
0.56
0.16
0.69
7.28
3.27
4.11
1.1
6.39
39.02
21.07
5.06
3.48
8.01
10.13
0.68
1.31
0.3
0.06
0.87
12.4
0.55
2.55
4.8
7.71
0.64
0.31
0.21
0.44
0.93
3.51
0.63
0.38
0.77
0.04
0.05
0.03
0.01
0.02
0
0.01
0
0.04
0.05
0.02
0.03
0.01
0.03
0.03
0.01
0.48
3.07
9.49
21.92
8.44
0.01
0.04
0
0.03
0.02
0.01
0
0.4
1.16
0.83
0.05
0.02
0.02
0.54
15.04
13.52
0.03
0.01
0.02
0.03
0.05
0.2
3.05
1.43
0.15
0.13
1.08
0.13
0.05
0.04
0.02
0.05
0.03
0.05
0.06
0.05
0.17
0.01
0
0
0
0.01
0
0
0.02
0.03
0.04
0.05
0.11
4.26
1.22
0.06
0.07
0.15
0.15
1.42
0.99
0.04
0.03
0.01
0.07
0.12
0.01
0.9
1.72
0.16
0.22
2.07
0.2
0.28
0.49
7.06
2.88
8.74
0.88
0.48
1.01
9.73
1.95
0.16
2.75
10.21
0.05
0.61
6.51
15.68
10.2
0.12
0.82
0.75
0.87
2.25
4
4.8
0.24
0.08
0.08
0.03
1.45
1.32
1.13
2.74
0.05
0.17
0.32
0.06
0
2.67
0.35
0.04
3.07
8.96
1.99
0.33
0.17
0.14
2.27
2.68
0.06
0.04
0.04
0
1.05
2.96
2.72
1.46
1.42
9.29
21.76
33.76
20.13
13.6
0.18
0.13
1.06
7.6
0.48
1.07
1.68
3.88
7.72
3.12
0.17
1.09
1
0.05
11.69
90.79
6.76
2.34
12.06
1.67
6.37
30.15
18.01
34.97
36.39
11.03
0.19
0
3.22
6.08
11.5
6.81
0.04
3.54
4.71
0.09
0.63
0.65
1.05
1.43
9.1
0.51
1.23
15.04
12.23
0.04
0.36
0.01
0.01
0.36
1.86
7.09
0.63
5.4
15.03
43.19
13.09
0.34
10.25
8.32
36.18
18.25
11.69
3.26
5.51
2.01
8.35
17.75
0.62
1.88
4.4
0.01
0.09
2.6
7.52
9.48
0.26
0.4
0.65
0.37
0.97
7.9
7.21
1.53
3.17
0.02
0.09
0.02
0
1.25
0.46
2.29
14.64
4.71
11.56
11.64
6.3
7.34
1.68
0.08
0.51
1.17
2.6
2.95
1.43
7.42
11.35
2.37
1.11
0
0.08
0.37
4.47
8.33
0.03
1.12
0.51
0.01
0.09
0.39
2.37
2.6
0
0
0
0.02
0
0.58
5.75
2.18
1.17
5
3.42
0.58
0.02
2.28
0.78
1.27
0.04
0.08
0.51
0.93
0.42
3.04
4.7
5.86
23.02
4.22
0.61
0.36
0.08
0.26
1.4
1.47
10.34
26.25
2.76
13.33
8.54
2.78
5.11
0.28
0.2
9.26
0.03
3.31
4.44
1.43
0.88
0.05
0.01
0.01
0.2
0.48
0.12
0.23
0.03
0.03
9.19
1.4
0.05
0.31
0.71
1.37
5.98
4.95
0.29
0.58
0.17
0.36
2.57
1.88
0.04
0
0
1.31
0.13
0.07
0.02
0
0.03
0.02
0.01
0.06
0.1
0.23
5.19
13.17
0.05
2.71
36.32
5.94
6.55
0.09
0.02
0.01
0
0.01
0.04
0
0.79
18.56
20.16
31.68
8.64
2.57
0.03
0.02
0.02
0
0.19
0.2
0.05
0.02
0.02
0
0.04
0.22
0
0
0.02
0
0
0
0.02
0.87
1.88
0.05
0.02
0.02
0
0
0
0
0.01
0.01
0.04
0
0
0.01
0.01
0.05
2.62
13.51
10.69
0.04
5.21
1.25
4.03
0.08
0.09
0.27
0.03
0.03
0.19
0.08
0
0.04
0.05
0.19
0.28
0.91
0.04
0.05
0.01
0.05
0.02
0.06
0.03
0.01
0.05
0.03
0.05
0.19
0.03
2.38
13.36
10.42
0.01
3.49
5.01
1.81
6.4
7.58
35.07
13.96
0.1
1.98
1.43
0.02
0.03
0.02
0.27
0.18
0.01
0.02
0.01
0.02
0
0.99
0.84
0.03
0.01
0
0.26
0.02
0.01
0
0.02
0.04
1.99
1.64
0.04
1.52
3.8
9.05
11.95
17.66
25.27
8.69
17.72
21.62
14.15
0.26
0.64
28.01
2.59
3.71
2.93
19.23
35.18
4.05
1.41
1.85
0.03
0.01
0.03
0.02
0.01
0.45
6.05
36.94
33.91
21.16
29.07
2.07
0.59
0.24
1.94
0.19
0.27
7.41
24.09
13.09
0.93
0.32
9.88
21.59
17.97
11.43
7.42
4.94
16.56
17.92
21.16
57.97
37.51
47.22
31.07
0.18
43.94
25.08
1.61
4.7
5.71
0.23
6.94
2.21
1.09
14.9
18.8
11.44
5.92
0.15
0.02
0.01
0.02
0.02
0.84
14.27
7.95
2.02
35.47
0.02
5.86
13.32
23.75
5.16
14.63
3.99
11.12
3.38
34.47
29.09
0.37
0.36
0.12
0.41
12.54
17.64
5.49
5.64
0.05
2.03
3.76
23.79
21.91
6.07
40.71
0.64
0.8
4.25
27.08
3.43
0.08
2.43
19.03
3.69
0.04
0.02
16.89
24.85
4.38
0.26
0.07
0.48
4.1
2.15
22.15
4.97
0.24
0.1
0.09
0.06
7.83
4.41
6.27
26.67
23.89
91.62
5.2
39.35
5.98
0.87
8.54
21.86
10.38
0.91
0.71
1.24
0.13
9.89
9.83
5.58
0.84
1.95
5.68
44.2
58.03
0.6
0.28
3.5
9.72
0.54
0.05
0.14
0.02
0.04
0.1
1.3
1.42
5.57
0.02
1.19
0.84
1.23
0.43
4.52
8.23
0.23
0
0.1
1.41
7.24
5.42
0.66
11.1
2.81
4.17
5.36
7.9
3.02
1.54
4.98
0.03
0.03
0.14
0.1
14.13
1.33
1.85
0.54
0.73
0.83
2.77
1.24
2.31
5.83
1.91
1.59
1.43
0.05
2.27
3.95
21.59
0.01
0
0.02
0.02
1.06
1.39
2.79
1.19
0.79
0.26
0.53
0.61
0.31
0.33
2.1
1.72
3.9
2.01
0.03
0.02
0.05
0
0.25
0.04
0.04
0.07
0.03
0
0.06
0.59
0.2
0.83
1.82
0.15
0.04
0.02
0.04
0.03
0.07
0.09
0.04
0.17
0.29
0.15
0.01
0
0
0
0
0.02
0.03
0.01
0.02
0
0
0.01
0.01
0.07
0.21
0
0
0.02
0.03
0.02
0.01
0.01
0.02
0.7
1.43
0
0
0.01
0.01
0.01
0.08
0.21
0.35
0.27
0.55
0.69
0.05
0.04
0.01
0.02
0.01
0
0
0.02
0.02
0
0.06
0.03
0.05
0.04
0.02
0.04
0.18
0.3
1.11
0.04
0.04
2.83
6.36
13.09
9.47
1.37
0.06
0.03
0.05
0.05
1.22
0.49
0.88
0.02
0.02
3.2
10.29
12.62
0.11
0.1
9.74
0.02
0.04
0.04
3.79
2.98
5.56
3.53
1.67
0.33
0.92
0.31
0.16
0.1
0.38
19.44
11.18
0.89
0.02
0
1.54
5.33
1.19
3.15
1.59
0.02
0.05
0.02
0.02
0
0
0.01
0.01
0
0.01
0.05
0.02
0.03
0.04
0.02
0.07
0.04
0.04
0.01
0.03
0.02
0.49
10.72
5.27
0.03
3.3
7.52
9.61
1.74
2.31
2.59
13.62
23.22
1.93
10.89
8.8
0.01
1.29
1.35
0.11
2.16
4.66
4.13
12.44
7.76
0.79
1.11
0.03
6.14
12.84
26.29
16.21
5.57
5.14
3.09
12.54
0.63
0.05
0.12
1.73
0.63
2.41
7.08
10.1
30.3
7.83
3.71
3.79
0.93
2.51
1.31
3.68
15.39
0.98
0.02
0.77
7.53
12.14
0.21
0.13
0.11
2.77
2.99
3.47
7.3
5.61
5.35
0.02
1.51
33.89
11.95
15.78
5.86
15.11
32.29
37.66
2.91
11.17
42.58
0.8
9.05
5.95
9.69
1.67
15.54
6.9
0.02
0.06
0.01
1.83
9.21
2.9
6.46
10.38
7.93
0.15
3.12
19.92
2.31
43.51
6.25
14.46
21.66
0.94
0.2
0.07
20.49
24.14
13.73
0.2
0
16.18
15.41
0.17
1.61
20.88
3.55
3.3
6.78
6.3
4.2
11.36
50.71
7.9
6.97
15.96
3.11
0.01
0.69
6.93
3.14
20.29
16.09
1.76
0.09
1.8
6.5
1.85
22.02
9.02
1.86
0.69
0.6
0.04
0.05
0.51
0.13
0
0
0.01
0.09
1.56
0.42
0.06
0.08
0.09
1.54
4.48
4.79
1.96
0.5
3.85
14.12
6.49
5.81
3.09
0.94
0.4
2.8
0.1
0.05
0.05
0.04
0.02
0.37
1.44
0.55
3.06
1.05
1.39
0.81
0.59
0.97
2.91
7
0.43
2.47
3.55
9.57
0.39
0.04
0.02
0
0.02
0.28
0.41
1.69
3.05
2.43
1.3
0.2
0.04
0.02
0.07
0.22
0.47
0.05
0.04
0.03
0.6
0.11
0.43
1.58
1.9
0.67
0.26
0.62
0.06
0.57
0.37
0.75
0.18
1.33
0.38
1.3
0.78
4.58
8.72
13.16
0.11
0.14
0.08
0.02
0.11
0.02
0
0
0
0.02
0.02
0.02
0.06
3.49
3.66
0.02
0.04
0.13
0.45
0.02
0
0
0
0
0.19
11.26
17.78
23.79
4.56
1.59
0.02
0
0
0.03
0.04
0.08
0.39
0.21
1.92
1.79
1.95
0.19
0.19
0.09
0.02
0.02
0.03
0.64
0.06
0.15
0.88
2.71
0.93
0.01
0.01
0.03
0.49
1.06
0.02
0
3.24
11.89
2.27
0.62
0.61
0.1
0.02
0.01
0.02
0.04
0.47
0.05
0.24
6.13
6.74
0.23
0.32
0.42
0.07
0.01
0.05
0.08
0.02
0.01
0.02
0.02
0.02
0.06
0.02
0.02
0.04
0.06
0.04
0.01
0.04
0.03
0.04
0.11
0
0.02
0.02
0.46
1.07
0.21
1.74
0.39
0.01
0.34
0.56
0.31
0.23
0.71
2.85
0
0
0
0.02
0
0
0
0
0.02
0.07
0.24
0.07
0.01
0.09
1.54
8.11
5.63
1.05
0.02
0.09
6.78
15.1
0.78
18.44
18.3
15
36.26
20.45
12.21
8.16
0.34
0.01
0.87
4.11
1.6
4.76
11.74
7.8
2.9
0.54
1.85
0.37
0.04
0.36
10.97
15.74
6.01
3.41
0.07
2.13
1.91
1.64
2.03
7.91
7.53
4.98
18.69
17.44
0.01
25.41
8.32
0.03
0.01
0.02
0.02
0.28
2.02
11.04
17.33
25.99
1.88
0.1
0.23
2.37
1.34
2.63
6.75
33.18
14.15
16.11
4.19
1.37
3.86
0.48
1.42
3.67
4.01
1.05
1.5
6.21
5.46
13.81
12.25
25.3
18.95
8.59
6.82
2.28
2.42
2.94
43.49
101.75
6.17
0.05
0
0
0
0.01
1.09
13.35
0.01
0.83
2.17
8.53
1.31
10.48
4.81
0.14
0.4
1.55
8.79
2.56
22.27
16.04
28.37
7.89
19.92
1.87
0.75
1.85
12.13
5.68
0.02
0.04
1.24
2.4
2.15
2.72
2.79
9.17
53.69
46.66
2.55
8.29
65.48
39.17
5.11
46.66
14.39
59
34.21
18.84
11.87
3.68
1.58
2.13
1.86
2.15
1.62
2.35
0.34
0.25
1.01
1.03
1.48
3.9
1.21
4.68
2.92
4.21
3.57
38.35
16.12
1.59
2.87
13.16
1.68
4.36
8.81
4.17
8.68
2.29
8.81
3.24
8.21
11.43
4.1
2.83
1.59
2.09
0.07
1.13
2.99
0.86
1.07
9.62
12.96
2.09
7.29
2.76
8.04
0.72
1.97
4.82
9.56
0.48
2.29
4.18
0
1.45
5.91
0.4
0.27
2.86
0.21
0.27
1.33
1.8
2.45
7.32
7.75
2.95
1.07
0.96
5.06
8.02
24.91
4.95
11.76
4.17
1.66
2.14
2.23
1.34
1.49
0.75
0.04
0.01
0.58
0.79
0.04
2.13
5.39
2.2
0.46
2.77
0
0.03
0.02
0.01
0.02
0.02
0
0.01
0.16
4.63
4.57
16.55
20.18
16.42
1.53
0.2
0.84
0.06
0.02
0.3
0.39
0
0.04
2.52
2.79
0.48
0
0
0
0
0
0
0.03
0.03
0
0
0
0
0
0
0
0
0
0
0
0
0
0
0
0
0.01
1.03
0.02
0.03
0.04
0.03
0.11
0.8
0.31
0.01
0.01
0
0.02
0.1
0.08
0.15
0.92
10.73
5.18
30.93
11.44
0.57
0.01
0.05
16.32
24.89
16.25
5.16
3.87
13.12
0.07
8.21
1.79
0.37
0.38
1.34
0.61
1.97
0.06
0
0
10.24
9.9
2.66
0.47
0.48
1.29
0.06
0
0.01
6.63
8.74
0.47
0.02
0
0.02
0
0.02
0.17
0.52
0.04
0.01
0.05
0.23
0.03
0.02
0.3
0.24
0.03
1.76
2.7
0.71
4.79
19.53
25.49
4.06
0
0
0.04
0
0
0
0
0.01
0
0
0.77
6.73
0.02
0.02
0.16
5.91
3.89
2.98
3.54
2.02
13.15
16.57
13.09
21.57
20.01
11.76
5.54
9.35
1.48
0.44
0
0
8.85
3.9
0.01
0
0
0.02
1.11
3.34
3.69
0.52
7.31
3.96
10.46
9.29
7.07
18.01
17.37
0.03
0.94
1.56
2.12
1.34
4.34
8.02
2.31
0.02
0
1.62
3.83
9.4
14.4
14.45
3.22
7.19
15.1
1.65
1.23
0.09
8.89
14.42
28.32
9.69
0.09
0.71
5.16
13.66
8
5.88
3.26
1.15
0.25
1.18
2.55
2.08
4.14
6.81
18.52
1.43
2.98
8.51
28.96
1.7
6.78
41.09
19.49
0.02
0.27
0.02
0.15
0.22
1.79
0.44
1.41
1.09
0.4
7.1
19.51
18.35
0.85
0.75
3.23
0.1
0.06
0.53
1.65
9.44
16.75
0.71
3.04
11.45
4.82
4.47
4.81
2.58
9.18
28
4.6
1.81
7.24
35.49
4.48
3.81
16.44
1.23
0.19
8.71
40.32
66.51
60.23
3.22
2.41
1.78
0.6
0.05
1.06
1.77
3.23
4.75
45.24
32.12
4.79
20.54
2.51
6.13
21.79
24.76
9.63
2.55
0.63
0.02
0.93
14.94
2.79
1.94
1.68
2.35
1.06
0.08
0.21
0.14
0.13
0.12
0.21
2.47
7.84
0.73
1.85
2.26
2.25
1.32
0.31
0.91
25.67
43.19
27.57
1.62
2.02
0.05
0.47
0.92
2.07
0.49
3.07
5.22
4.15
105.8
46.57
11.99
0.85
5.87
2.72
3.82
2.55
12.68
0.88
2.22
1.49
1.2
6.87
3.76
0.83
0.5
0.1
1.42
0.48
0.14
0.24
0.15
0.25
0.07
0.15
0.04
1.36
3.13
1.57
0.4
0.06
0.09
0.55
0.01
0.02
0
0.05
0.23
0
0.02
0
0.09
0.14
0
0.05
0.02
0.03
0.61
0.31
2.32
2.28
4.64
12.31
10.2
0.12
0.02
0.02
0
0.03
0
0.08
4.61
2.29
0.01
0.06
0.09
0.04
0.05
0.03
0.04
0.05
0.16
0.15
0
0
0
0
0
0
0
0
0
0.03
1.74
4.27
4.26
0
0
0
0
0.01
2.44
0.39
0.64
0
0
0
0
0.77
1.33
2.73
0.01
0
0
0
0.26
0.54
0.04
0
0.03
0.12
0.35
0
0
0
0
0
0
0
0
0.01
0.05
0.02
0.38
13.39
7.44
5.54
0
0.27
0.01
0
0
0
0
0
0
0
0
0
0
0
0
0
0
0.16
2.68
4.65
0.65
0.17
0.04
0.37
8.16
3.86
0.51
1.13
1.05
0.94
0.21
0.35
1.03
6.58
5.27
0.41
1.77
4.11
6.09
0.77
0.12
0.12
0.01
0.01
0.01
0
0.01
0.01
0
0
2.28
5.73
0
0
0
0.02
0.02
0.05
0.29
1.92
13.58
11.33
4.39
2.56
7.11
4.29
19.11
0.59
9.32
3.61
0.02
2.94
2.45
0
0
0.02
0
0
0.02
0.17
3.66
5
4.83
3.49
13.1
0.32
38.11
6.56
2.04
9.81
53.19
21.31
6.04
3.41
3.77
15.67
6.51
7.61
1.31
0.52
5.29
15.99
20.54
24.81
3.35
2.38
0.03
2.7
36.25
15.65
49.56
26.27
33.28
0.11
0.1
9.01
24.23
16.07
16.42
0.05
0.38
17.06
34.03
0
0
0
0.02
0.01
0.02
0.02
0.04
0.04
4.02
12.23
12.17
0.79
11.34
16.46
6.88
22.5
25.47
0.25
0.48
0.1
0.01
0.01
0.05
0.12
0
0.04
0.05
0.46
2.89
9.25
0.03
0.03
0.06
12.76
33.17
11.35
0.6
0.09
7.13
33.81
44.82
18.89
0.02
0.05
3.09
7.49
1.2
2.91
0.23
7.57
1.25
10.25
7.15
2.91
3.17
4.61
3.99
0.07
8.19
1.28
27.44
68.65
3.22
1.2
2.33
10.49
4.07
0.02
5.97
1.33
0.7
0.28
0.01
0.02
0.15
0.07
0.54
0.14
1.2
4.86
3.23
3.52
10.37
12.59
0.32
0.06
0.02
0.05
0.08
0.08
0.1
1.59
5.83
2.34
0.03
0.43
0.38
1.75
2.9
0.32
0.01
0.05
62.53
26.54
0.02
1.01
0.5
0.38
60.82
215.99
13.29
3.03
0.18
0.02
1.14
7.56
2.07
4.11
12.12
4.83
0.02
0.12
1.94
6.42
3.95
0.59
0.61
0.04
0.92
3.61
9.35
14.58
5.25
8.04
0
0
0.04
0.15
0.38
0.08
0.6
0.38
0.01
0.02
0.33
0.01
0.23
0.25
6.78
0.15
0.04
0.09
0
0.4
4.75
3.69
9.21
3.72
0.35
0.11
0
0
0
0.01
0.01
0.02
2.75
3.65
1.24
0
1.6
5.56
0.3
0.48
0.07
0.4
0.05
0
0
0.02
0
0
0.03
0
0
0
0
0.02
0.02
0
0
0
0
0
0.03
0.04
0.02
0.05
0.02
0
0
0.02
1.5
1.86
0.85
0.13
0
0.01
0.01
0.02
0
0
0
0
0
0
0
0
0.02
0.05
0.05
0.49
0.2
0
1.33
8.35
4.11
11.08
1.9
0
0
0
0
0
0
0
0
0
0
0.04
0.01
0
0
0
0
0
0
0
0
0
0.01
0.01
0
0
0.16
0.96
6.66
8.39
7.5
0.13
0.08
0.53
0.13
0
0
0
0
0
0
0
0.07
1.69
10.48
6.9
2.24
4.74
6.66
17.41
2.28
0
0
0.01
0.01
0
0
0.41
29.61
22.6
6.61
9.23
4.79
16.8
13.27
0.18
0
0
0
0.73
4.29
21.82
9.49
0.07
0.46
0.01
0.01
0
0.07
0.2
0
0
0
0
0
0
4.13
20.73
7.38
15.63
0.06
0
0
0.04
0.04
0
0
0
0
0
6.13
14.77
8.69
19.74
28.16
4.44
31.34
11.32
0.09
2.28
8.09
13.67
21.23
34.06
0.22
1.08
5.6
3.44
17.25
11.26
22.02
0.27
0.28
3.77
12.98
5.35
4.93
0.82
5.41
8.9
5
9.95
0
5.73
9.91
21.87
18.99
20.25
0.03
4.71
5.38
0
0.18
0.51
1.86
5.09
4.96
4.96
13.21
6.75
14.04
2.55
1.68
2.41
6.47
2.6
2.87
0.19
0.34
2.64
8.08
13.89
18.06
3.88
5.18
9.14
0.26
7.57
24.25
0.5
0
0
0
0
3.97
7.61
0.01
2.53
13.35
10.84
26.97
19.05
1.36
3.25
8.05
29.75
22.45
4.61
0
0.43
9.88
15.21
0.09
0.12
0.03
0
0.05
0.28
11.65
15.26
36.79
39.12
35.04
0.32
0.01
1.28
3.82
1.68
7.3
28.51
15.39
31.24
15
10.76
10.05
16.31
18.49
31.07
36.34
18.9
0.34
1.02
0.18
0.44
2.46
3.32
2.54
0.12
0.03
0
0.07
0.03
0.08
0.2
4.95
5.48
0
0.85
12.04
7.61
28.27
38.95
26.88
4.08
8.46
4.35
4.31
15.74
25.56
18.09
26.77
22.68
0.05
0.21
0.11
0.09
0.16
1.37
2.14
10.68
10.62
4.91
0.26
0.72
1.15
0.3
0.01
5.31
17.28
35.65
2.03
8.9
16
15.35
0.71
1.49
19.25
22.48
1.08
2.28
1.78
4.33
2.76
0.98
0
0.02
0
0
2.13
14.1
20.47
0.03
0.03
1.47
4.34
1.92
3.41
0.88
1.61
3.9
0.94
6.3
4.3
25.02
0.51
2.23
1.38
1.12
16.42
6.38
5.47
6.47
4.08
21.05
7.55
0.04
0
0.01
0.01
0
0
0
0
0.09
1.43
3.62
0.38
0.01
0
0
0.17
0.91
7.39
4.45
7.84
0.1
0
0
0
0
0
0
0
0.1
0.37
9.14
18.43
0
0.01
0.01
0
0
0.01
2.96
9.06
9.72
22.68
21.57
1.55
5.1
2.02
3.17
8.68
4.88
8.2
0.12
5.66
10.1
0.05
0.05
0
0.2
1.43
0
0
0
0.02
0
2.26
9.62
9.46
36.44
0
0
0.18
1.05
0.4
0.06
0.84
2.21
3.26
1.51
0.34
0
0.44
5.25
0
0
2.54
3.11
0
1.09
0.63
5.74
13.16
37.85
0
35.57
1.39
0
1.3
15.98
4.41
8.62
5.6
0
0.17
6.44
16.1
0.5
0.07
0.1
4.98
4.48
8.1
14.14
6.87
1.6
0.03
0
0
1.67
4.15
0.59
0
24.78
3.28
10.12
54.45
7.87
37.34
54.66
3.79
2.33
5.12
16.44
3.39
0.08
0.25
0.89
1.02
3.91
3.38
25.05
7.43
0.13
45.94
28.04
116.67
15.38
5.91
2.09
0
0
0
14.92
12.29
6.44
0
0.12
33.42
28.85
3.87
2.52
0.23
0.07
0.75
1.62
0.8
1.37
0
0.04
5
0.27
0.09
0
0.44
0
0
10.66
7.55
0.09
1.16
13.83
2.07
0.3
0
0
0
0
2.63
3.02
2.02
1.76
1.7
54.71
12.98
56.36
14.34
35.66
1.4
0.11
3.33
23.23
7.94
11.88
3.1
0.75
0.98
0.27
3.52
0.7
34.53
2.84
1.46
77.9
1.14
1.29
2.93
3.26
0.24
7.59
1.16
0.04
8.03
4.02
3.36
0.12
0.32
0.73
4.33
13.72
0.04
27.03
7.68
1.78
7.48
3.76
1.05
1.49
30.56
25.04
2.72
14.68
5.42
2.71
2.69
7.6
16.85
8.92
22.91
43.69
29.27
9.37
83.77
19.48
24.41
1.56
2.27
3.91
0.27
0
0.16
1.56
0.75
3.67
2.93
8.62
0
0.09
0.1
5.27
0.74
0.15
0.52
0.23
0.58
0
0
0
0.15
1.93
1.3
3.72
0.39
0.19
1.22
10.26
16.35
6.79
0.91
3.14
4.01
0.1
0.25
0
0.02
1.31
79.31
17.3
0
0
0.04
0.22
2.01
0
0.18
0.27
0
0.49
0.79
6.71
0.16
0
0
0.05
0.17
7.6
2.17
0.21
2.75
0.62
11.06
0.34
1.92
0.64
0.19
0.51
75.03
29.74
9.65
0.89
1.27
6.4
2.23
3.57
11.63
0.34
0
0.11
18.02
0
0
0
0
0
0
0
0
0.16
0.46
0
0.03
0
0
0
0
0
0.1
0
0
0
0
2.59
2.64
0.35
0.07
0.22
0.02
0.11
0
0
0
0.41
0
0
0
0
0
2.75
9.17
3.43
0
0
0.06
1.15
12.67
0
0.15
0.89
0.74
0
0
0
0
0
0
0
0
0
0
11.24
12.06
1.96
2.37
0
0
0.27
0.15
0
0.1
0.17
0.14
0.03
1.66
5.56
1.39
12.32
2.39
0.72
0
0.24
0.66
0
0
0
0.09
0
2.47
8.43
0.1
0.03
0.1
0
0.21
0.05
0.24
0.64
0.31
0
0
0
0
0.07
0
0
0
0
0
0
0
0
0
0
0
0
0
3.08
1.99
1.17
8.34
0
3.74
6.3
4.41
4.01
1.05
0.02
0.38
4.46
0.1
0.09
0.04
1.05
0.91
0.53
0.66
1.13
0
0
0
0
0
0
0
0
0
0
0
0
0
0
0.4
1.02
0.36
1.21
0.74
0.39
0
0
0.02
0
0
0
0
0
2.54
0.09
0
0
0
0
0
1.18
9.12
11.46
8.11
6.82
15.18
2.9
0
0.06
9.78
25.26
3.84
2.76
5.99
1.42
7.75
48.28
0.19
14.9
13.8
11.52
9.83
0.5
0.09
0.84
11.64
9.59
3.67
0
0.04
0
1.96
2.2
19.02
42.46
2.89
0.2
1.77
3.26
5.27
56.86
13.21
7.25
21.35
42.19
0
0.53
35.21
29.02
0.57
2.88
0.87
0.58
1.35
8.78
16.06
0.41
0.94
2.84
0
0.96
11.36
0.96
0.15
0
0
0.13
3.54
19.53
8.7
22.67
51.91
1.97
0.22
1.08
0.77
31.44
31.01
145.24
17.94
0.62
0
8.24
16.49
5.67
0.15
1.86
4.39
8.92
0.11
0.24
1.32
0.94
0.84
0.23
42.86
9.12
10.7
1.22
0.3
1.7
0.27
9.49
0.92
8.04
0.3
2.49
2.52
0.54
1.85
0.06
0.09
0.45
0.78
0.16
2.75
0.85
4.19
0.54
8.03
2.56
0.84
1.9
0.89
24.71
5.84
8.03
10.34
11.51
11.05
10.38
16.91
17.95
1.82
4.47
34.25
4.03
0.13
0.03
0.08
8.53
28.45
1.97
0.33
19.95
12.1
0.28
24.14
7.09
14.13
1.05
0
0
0.27
3.92
2.4
3.69
4.68
2.76
0.9
0.44
20.98
2.39
1.84
0.42
0.04
7.17
1.19
6.51
3.16
3.91
4.9
8.96
12.17
8.96
6.95
35.27
18.16
1.32
10.78
57.97
1.7
0.15
0
29.39
0.49
0
0.75
0.01
0
0.76
2.85
7.67
0.41
1.09
3.12
0.44
0.08
0
0
0
0.12
0.09
0.28
2.6
8.08
6.82
0
0.28
0.18
0
0.05
0.26
0.39
0.35
0.41
0.79
0
0
0
0
0.16
0.46
0
0
0
0
0
1.03
0
0
0
0.22
0.66
1.35
0.28
3.18
1.74
1.49
0.17
0
0.02
0.07
0.9
0.5
0.13
0.05
0.33
2.93
0
0
0
0
0
0
0
0
0
0
0
0
0
0
0.03
0
0
0
0
0
0
0.87
3.61
0.24
0
0
0
0
0
0
0.04
0
0
0.05
0.83
0.16
0.48
0
0
0
0
0
0
0
0
0
0
0
0
0
0
0
0
1.66
17.55
3.9
4.6
3.32
6.27
0
0.37
6.55
12.49
36.18
6.6
9.05
1.98
0.37
0
0.86
0
3.62
16.19
4.53
0.07
0
0
0
0
0
4.12
1.22
0.34
0.57
0.53
0.76
0
0
0.04
0
1.02
2.42
0.26
0.1
0.14
0.96
2.58
0.7
0
0.39
0.59
0.44
10.93
8.53
4.04
3.58
0
32.75
10.19
2.04
3.89
0.83
0.77
3.24
2.89
3.06
4.36
2.32
2.98
5.56
1.8
1.2
0.89
1.43
1.73
2.71
10.14
3.21
0.37
0.02
0.02
1.17
0
0.28
0.42
0
0
0
1.5
11.89
14.07
2.42
44.64
22.73
1.38
0.94
0.71
3.9
20.06
27.27
1.99
1.88
1.41
13.9
15.26
0
0
0
0.04
0
73.27
2.2
34.6
47.66
0.97
39.78
6.89
5.65
1.04
9.71
8.5
2.95
4.58
0.04
0
0
0.14
0.13
1.51
11.95
1.14
0
0
0
0
0
0
1.66
7.05
0.99
0
0.05
0
0.04
0.44
0.32
68.55
42.19
5.49
2.95
1.06
5.8
5.13
0
0
6.76
2.46
7.14
0.43
3.48
15.23
19.12
36.25
15.54
0
0.09
0.03
0
1.92
6.8
24.13
40.26
12.82
5.93
8.83
0.18
0
0
0
0
0
0.06
17.25
0.09
0.38
0.21
0.28
0
0
0
0.02
0
0
0
0
0.18
0.8
1.29
2.18
2.5
1.71
6.71
0.59
0
0.03
0
5
0.07
6.99
4.26
8.09
24.6
5.91
0.68
8.65
1.82
11.29
14.98
2.22
3.16
0.1
2.56
0.33
2.87
0.39
11.19
10.33
21.61
37.75
25.18
2
1.43
7.23
1.69
1.03
16.38
50.41
17.41
8.6
7.46
0.49
0.42
0
2.62
0.04
0.73
0.07
0.44
18.57
1.88
4.36
0
0.04
0
0
0
0
0
0
1
0
1.98
0.11
1.74
1.66
0
0.24
0.32
0.11
0.2
0.18
0.67
4
0.06
0
52.62
20.73
8.8
11.11
2.02
0.05
0
0
0
0
0.16
1.87
3.77
0.13
0
0
0.05
2.28
48.57
10.56
10.02
23.77
1.18
3.09
0.13
0
0
0
0
9.55
0
0.05
0.05
0
0
0.98
5.09
26.87
1.36
3.01
8.3
1.04
0.6
0.1
0.1
0.61
1.84
0.97
26.26
1.57
0
0
0
0.96
1.29
0.14
0.06
0
0
0.07
0.02
0.2
0.13
0
0
0
0
0
0
3.95
0.12
15.1
0.85
0
0
0.08
0
1.67
17.93
2.79
0.04
0
0
0
0.04
0
0
0
0
0
0
0
0.52
2.51
1.33
1.24
0.09
0
0
1.21
1.89
0.96
7.11
0.29
0
0
0
2.1
0.2
0.66
0.73
24.17
11.65
1.19
16.93
51.3
1.52
0.68
0
0
0
2.34
4.51
5.1
13.22
0.66
0.92
3.09
2.69
0.37
7.43
0.07
0.15
0.04
0.06
0
0
0
0
0
0
0.21
0.03
0
1.31
14.85
18.04
12.88
32.61
6.63
0
0
0
0
0
4.44
6.83
0.49
0.36
17.6
0.67
0
0.07
0.26
4.38
9.94
0.38
0
22.37
29.4
0
0.03
0.4
1.6
4.84
2.15
3.12
4.25
0.91
0.11
0.87
9.59
21.08
31.91
7.36
4.19
6.67
24.57
27.08
0.17
9.2
2.96
0
0
0
10.04
0.73
2.02
6.22
19.19
25.28
6.36
8.13
15.33
9.93
3.63
0.07
0.18
2.56
55.79
4.61
2.88
0.04
0.19
8.35
28.39
36.83
18.21
7.28
30.98
0
0
0
0
0
0.09
2.06
89.38
9.71
2.89
0.67
38.02
18.25
0.23
0
0
2.65
4.19
3.39
2.61
0.77
0
1.25
3.42
33.54
47.17
0.44
1.09
53.68
18.74
17.22
7.08
42.67
47.64
24.46
1.35
0
3.12
6.97
0.25
30.6
51.63
53.01
9.54
1.59
1.56
3.68
0.58
3.64
0.61
0
0.14
0.26
0.05
0
0
1.78
1.26
0
0.33
0.56
0.78
1.52
4.39
10.66
8.82
17.79
22.38
14.55
0.83
1.63
0
0
0
1.74
6.68
19.95
5.38
0
0.66
0.11
5.67
35.46
19.57
14.8
5.22
0.53
0.68
9.15
0.95
3.37
1.37
12.85
8.47
0.48
3.42
0.36
24.92
3.46
0.54
0.05
0
0.03
0.27
0.26
6.59
13.91
14.07
4.87
1.12
0.16
8.73
26.55
11.65
8.63
0.48
0.02
32.81
12.83
1.53
0
0
0
0
0
0
0
0
0
0
0.06
0.14
1.03
0.2
0
0
0
0
0
0
0.02
0
0
0
0
0
2.51
3
0.15
0.05
0.06
1
0
0
0
0
0
0
0
0
0
0
0
0.01
0
0
0
0.01
0
0
0
0.2
1.91
0.21
1.68
9.33
27.1
12.8
6.79
9.72
0
0
0
0
0
0
0
7.22
7.65
0.33
0.05
0.01
0
0
0
0
0
0
0
0
0
0
0.06
7.69
0.19
1.74
0
0
0.11
0
0.35
0
14.6
8.16
5.12
1.77
2.98
8.81
0
0
2.11
11.05
7.2
0.09
2.27
0.12
0.09
0
0
0
0
0
0.02
0
0.03
0
0
0
0
0
0.03
0.08
0
0.07
0
0.28
0.05
0.28
0
11.78
8.99
1.47
0.34
2.57
0.43
0.42
0
0
0
27.12
13.76
0.42
1.42
0.51
0
0
8.76
25.38
0.25
5.23
12.67
0.92
2.57
23.65
3.04
8.22
1.81
0.19
0.2
0.1
2.11
2.11
0
0
6.78
7.14
0
0.56
23.48
23.69
0
0.27
0
0
0
0
0.04
0
0.49
4.19
0
0
0.08
0.71
5.11
1.86
6.52
13.96
6.92
3.26
1.89
1.17
0.1
0
0.1
0
0.69
2.93
30.83
0.15
3.38
9.55
11.92
12.09
0
0.11
0
0.27
0.28
0.05
0.54
0.29
0.19
21.86
14.32
41.85
1.28
0
0
0.21
0.07
0.22
3.09
16.3
0.08
0.69
0.42
6.58
1.96
12.13
12.75
6.61
0.34
0
0
0.23
1.34
0.15
0
0.12
8.01
0.88
0.21
10.78
35.53
19.93
8.97
0.97
0.21
23.95
7.3
0.78
3.97
0
2.67
5.26
27.03
10.59
0.17
0.05
0.07
0
0
0
1.19
8.74
0.12
0
0
0.22
0
0.05
5.84
0.04
0.97
2.87
8.09
78.56
5.96
51.18
24.16
102.3
109.74
51.73
39
0.71
0.15
0.14
0.04
0
0
8.24
4.39
12.27
1
22.15
53.98
17.76
0.76
2.01
1.76
0.49
13.22
49.12
6.77
9.92
0.93
0.96
1.91
1.57
0.16
0.12
0.12
8.99
2.27
55.1
19.26
1.8
0.37
0
0.21
5.21
23
10.6
0.64
2.56
1.43
0.47
3.89
1.82
1.42
0.93
5.5
3.17
26.18
26.37
2.82
6.43
1.16
20.29
3.92
17.43
5.09
14.27
4.39
5.14
2.59
0.08
0
3.53
2.87
0.51
0.43
0.59
22.94
0.58
0.28
0.03
4.6
3.64
0.08
0.04
0
0.04
0
1.23
2.96
0.57
0.18
11.01
19.71
3.7
30.56
22.68
0.75
2.76
0
0
0
0
0
0.19
1.48
1.53
8.42
13.9
10.54
1.09
1.03
0.17
0
0
0.11
20.86
9.34
0
0
0
0
0
0
0
0
0.08
5.16
84.13
18.11
0.17
31.85
6.37
7.89
1.25
0.03
0
0.25
0.32
32.08
45.87
26.06
11.57
0.11
0
0
0
0.83
0
0
0
0
0
0
0.55
1.55
0.09
23.33
1.31
0.1
0.59
16.61
2.87
0
0
0.09
0.09
0
0.15
2.68
10.06
1.4
1.39
25.82
11.02
5.47
1.74
1.05
1.07
6.97
0.51
0.05
0.2
10.33
0.05
0
0.15
0.02
0.02
0.12
27.67
11.58
5.76
0.08
0.12
0.05
0.04
1.56
5.63
2.15
0.04
0.12
0.53
0
0.06
3.64
0.06
0
0
12.63
0.25
0
0
0
0
0
0
0
0.51
0.04
0.03
0
0
0
0.17
0.17
0
2.06
28.1
26.62
1.79
0.02
0
0.45
0.21
1.49
0.98
0.96
0
0.08
0.1
2.61
3.7
0.06
0
0.22
6.03
6.87
8.07
9.39
1.44
0.03
0.64
0.15
0
0
0
0.36
0.03
0
0
0
7.29
0
0.08
15.23
16.85
8.19
2.15
0.04
0.15
0.25
0.11
9.1
15.96
1.15
0.05
0.74
0.04
2.38
4.92
17.12
0.71
0.36
7.22
1.31
0.24
0
0.57
0.2
1.6
0.03
12.29
0.58
5.86
7.54
21.88
2.77
0.06
16.89
3.45
0.93
21.18
10.01
15.2
25.35
22.77
2.47
0
0.66
0.4
0.04
0.41
0.38
1
0.06
0.04
13.51
0.49
0
0.07
0.34
2.16
0
0.03
11.2
4.09
0.39
0.07
2.46
23.05
1.44
0.1
16.23
19.5
1.38
7
30.49
20.66
95.46
20.49
0.18
0
0
7.64
15.37
32.28
15.45
0.1
0
0.05
0
0.03
0
0
0
3.85
1.43
0.17
19.28
18.98
2.05
8.35
0.43
1.38
18.99
1.15
8.3
3.49
2.14
1.87
0
0
0.3
2.11
13.83
0.42
5.06
5.21
4.1
13.9
15.6
9.38
0.54
0
0
0
0
0
0
0.04
0.69
1.78
0.18
0.38
0
0
0
0
0
0
0.1
0.35
0.13
0
0.08
0.02
3.8
1.07
0.1
0
0.82
0.05
0
0.03
0.44
0.31
0.88
0.1
5.99
6.6
2.72
0.24
0.02
1.21
0.32
5.62
9.25
3.11
3.13
18.13
2.03
0.67
0.13
0.07
6.81
0.62
2.85
2.7
0.1
0.12
0
0
0
0
0.06
4.35
0.2
5.61
1.56
1.29
0.05
0
16.23
1.69
0.05
0.21
0
0.02
0.02
1.97
2.03
0.73
0.22
0
0.16
1.59
1.02
0.16
0.49
0
0
0
0
0
0
0
0
0.29
3.81
0.26
0
0
0
0.02
0
0.66
0.46
13.87
1.3
0.16
0
0
0
0
0
0
0
0
0
0
0
0
0
0
0
0
0
0
0
0
0
0
0
2
29.29
15.73
3.24
0.01
0.06
0
0
0
0
28.31
0.21
0.71
7.92
1.64
0.01
0
0
0
0
0
0
0
0
0
0
0
0
0
0
0
0.88
0.27
1.53
0.54
0
0
0
0
0.03
0
0.01
0
0
0.03
0
0
0
0
0
0
0
0
0
0
0
0
0
0
0
0
0
0
0.22
13.18
5.49
0
0.4
0.71
2.76
4.55
0.03
3.62
0.09
5.06
0.12
0.07
0.81
0
0
0
0.16
16.55
1.82
0.2
0.3
22.82
10.93
4.45
2.96
0.16
1.25
5.78
1.5
0.07
0
0
0
0
0
0
0
0
0.54
0.24
0
0.84
0.52
0.49
13.6
0.29
0.42
0
0.2
1.71
13.32
6.14
0.14
0
0.01
0
0
0
0
0
0.03
0
0.03
0
0
2.4
11.21
19.41
10.89
0.44
0.11
2.46
13.19
21.66
23
0.06
0.18
0.05
1.04
0.12
36.75
15.24
0.15
0.22
0
1.29
14.83
25.97
0.84
0.06
0.07
8.15
29.34
8.13
12.06
2.64
0.49
3.65
0.88
0
0
0
2.59
26
22.38
0.06
12.62
0.15
0
0.03
8.67
28.61
1.69
0.16
4.4
0.52
2.67
31.66
18.46
0
0
0
19.43
6.52
1.93
51.77
34.47
1.86
0.51
7.61
0.44
3.3
0.05
0
0
0
0
0
27.94
3.94
6.69
12.76
0.2
0.09
0.05
5.34
31.61
2.27
0
0.18
0
0
0
0.25
0.01
0
1.53
37.92
0.9
0.16
2.66
7.15
0.05
62.09
2.37
1.3
1.69
0.44
0.83
5.15
6.37
0.24
0
3.78
4.2
0.15
28.46
36.53
44.32
2.53
2.59
0.73
2.91
2.53
1.11
0.08
2.6
0
0
0
0.19
2.44
2.74
0.05
0.04
0.67
10.36
0.23
1.72
4.03
1.79
1.07
0.23
7.15
5.2
4.48
1.22
0.21
3
0.5
0
0.24
10.17
1.64
1.76
11.07
0.12
0.18
0.55
1.67
0.02
0.38
7.13
11.29
2.79
1.06
2.97
0.57
0.3
2.15
5.03
0.6
11.92
3.73
2.83
8.7
0.71
1.2
1.9
3.49
4.23
5.95
1.06
1.56
0.04
0
0
0.74
1.09
0.19
0.99
6.63
5.63
0.79
2.14
0.06
0
0
0
0
0
0
0
0.04
0
0
0.03
0
0
0
0
0
0
0
0
0
0
0
0
0
0
0
0
0
0
0
0
0
0.61
0
0
0
0
0
0.07
0
0.03
0.08
0.51
0
0
0
0.14
1.11
10.86
6.15
0
0.37
3.4
0.61
0.1
0
0
0
0
0
0
0
0
0.04
0.5
0
0
0.08
0
0.04
0
5.4
0.36
0
0
0
0.05
0.04
0.02
0.05
0
0.05
0
0.03
0
0.04
0.14
0.09
0.07
0.02
0.06
9.39
3.56
2.75
1.16
1.31
6.41
0.15
4.25
0.05
0
0
0
0.07
0.79
0
0
0
2.37
0.25
3.78
19.12
0.81
0
0
0
0
1.12
9.27
3.61
0.11
7.11
0.08
0.06
0.27
5.66
3.7
3.37
3.03
0.71
0
0
5.43
2.24
0.19
1.55
1.84
9.21
1.04
0.56
3.85
8.15
1.12
1.31
0.63
66.71
67.38
30.43
4.01
0.07
0
0
0.09
0.21
0.3
9.03
5.76
15.76
0.13
4.38
3.43
0.81
0
0
0
0
0.07
0
2.17
6.12
3.11
0.22
0.04
0.91
2.99
0.3
0.09
0.04
0.02
0.08
24.31
1.39
0.08
0.84
43.99
15.81
2.18
1.14
16.16
0.89
7.09
0.23
0
0
5.83
1.07
0
0
9.47
7.24
11.52
6.36
0.19
0
0.83
8.77
0.37
0
19.58
0.12
0.09
6.06
20.84
2.99
6
0.92
0
0.09
0.95
0.04
8.56
13.41
40.98
17.71
43.97
0.33
4.13
30.27
19.48
3.32
32.51
14.95
59.59
57.14
56.01
0.94
46.14
1.11
15.55
7.87
29.71
42.79
28.18
20.47
1.24
68.56
5.31
1.66
0.07
0.3
3.84
28.41
15.99
5.45
0.39
0
0
0.22
21.42
0.04
0.2
10.66
11.99
55.8
9.05
6.52
7.85
43.05
24.83
86.56
132.03
62.54
30.22
17.37
1.68
2.31
8.35
0.4
0.61
0.97
1.33
0.36
0
0
0
0
0
0
0.15
0.78
0.02
0.68
0
0.13
6.74
1.4
0.02
0.02
1.19
2.76
7.11
6.48
9.44
0.71
0.37
8.33
11
2.3
0
0.97
3.15
0.3
0
0
1.06
0.33
11.79
3.36
1.95
2.57
1.02
0.61
0.22
0.15
13.85
17.59
0.51
1.11
0.11
4.65
31.81
24.89
3.46
7.98
29.62
0.26
0.1
7.19
23.52
0.22
1.12
0.37
0.8
27.58
13.8
23.2
0.2
1.37
0.07
0.03
0.8
1.78
0.25
0
0
0.79
2.02
0
0
0.08
0.17
0.66
0
0.08
0.04
0.25
0.23
0.04
1.8
1.32
0.24
0
0.03
0
8.3
19.96
8.23
0.08
0
0.07
0
0
0
0
0
0
0
0
0
0
0
0
0
0.05
0.03
0.03
0.03
0.91
0
0.03
2.53
3.24
0.22
0
0.01
1.12
0.18
0.1
0
0.17
2.06
11.08
0.39
0.28
3.63
1.03
3.54
1.66
2.65
0.71
0.85
0.95
0.4
0.02
0
0
0
0
0
0.02
0
0
0
0
2.95
0.23
4.93
0.32
0
0
0
0.07
25.59
14.25
0.42
0
0
0
0
0.07
0
0
0
0
0
0.2
0.19
0.96
0
0
3.07
28.46
0.14
1.94
0.3
0
0
0
0.31
0.79
0
0
0
0
0.13
0
0
0
0
0.19
0.02
0.04
1.25
7.74
0.63
0
0.33
0.04
0
0
0
0.1
0.13
0
0
0
0
0.4
2.52
0.65
1.16
0.04
0.04
0
0.15
0
0
0.04
1.05
1.38
1.29
0.62
5.73
8.71
3.29
0.11
0.57
1.11
9.94
19.75
26.6
0.8
7.21
14.49
0
0
0
0.2
9.49
8.23
25.09
31.99
0
0
6.55
9.54
0.07
16.07
15.84
1.63
0.25
0.84
12.39
17.82
60.98
13.9
3.72
0.99
10.44
3.39
8.02
0
0.03
7.55
9.46
23.92
0.17
0.83
0.36
3.74
7.8
2.65
1.05
20.98
14.35
9.26
49.71
12.46
28.46
0
0
0
0
0
0.73
9.98
5.33
0.58
43.95
37.17
14.34
18.15
2.93
0.47
1.87
31.56
7.94
0.12
0.52
1.45
8.54
7.19
0.52
4.81
32.74
0.36
7.26
0.41
0
0.03
31.6
40.26
5.33
0.14
0.12
22.79
41.26
3.86
2.2
3.38
16.24
1.26
4.56
8.41
33.7
75.37
17.52
0.22
21.49
10.57
19.16
44.77
46.53
17.29
0.63
0.6
0.04
1.12
11.57
37.57
9.9
19.2
4.93
20.18
0.28
15.59
1.5
0.46
1.04
4.17
4.1
3.09
6.83
9.4
0.11
3.5
0
0
0
0.03
0.11
0.76
7.8
12.13
21.23
0.94
1.19
2.76
5.86
26.76
7.73
13.8
2.41
2.54
0.05
0.77
0.02
0
0
0
6.82
14.55
1.53
0.13
1.08
0
0
0.48
17.34
6.67
1.13
1.02
3.02
0.51
0.16
0
0.36
2.38
0.07
0.05
6.33
0.99
2.98
1.18
0.11
0
7.36
0.89
7.57
1.3
8.51
10.48
0.79
0.04
0.43
0.19
0
0.03
1.15
9.56
0
1.26
11.67
0.1
0.77
21.46
21.31
3.34
4.36
25.24
0.35
0.27
0
0.21
0
0
0
0
0
0
0
0
0
0
0
0
0
0
0
0
0
0
0
0
0
1.01
0.07
0
0
0
1.85
0.1
0
0
0.17
0.12
0
0
0
0.16
1.15
0.32
0
0
0
0
0
0
0
0.62
0
0
0
0
0
0
0
0
0
0
0
0
1.36
0
3.11
26.48
24.63
4.48
20.56
59.77
0.26
1.37
4.28
31.4
27.44
3.1
1.84
6.45
0.22
0
0.04
0
0
0
0.11
3.28
0.42
0
0
0
0.09
26.16
4.19
0.08
0.06
0.04
0
0.09
0.34
0
0
0
0
0
0
0
0
0
0
0.1
0
8.66
2.3
0.25
0
0
0
0.3
0
0
3.34
0.09
0
0
0
1.05
0.33
0.24
0.32
21.92
1.39
3.89
0.2
0
0
0.02
0
0
0
0
0
0
0
0
0.12
0
0
0
0
4.04
1.13
0
0
10.44
1.52
13.23
10.82
38.25
7.7
17.5
6.56
9.72
0.22
1.6
17.08
0.4
0
0.41
1.22
6.96
0.5
0.02
9.63
7.86
1.61
4.36
17.38
6.31
1.11
2.43
4.59
0.76
0.03
0
0.12
2.04
20.01
0.66
1.37
0.3
0
1.92
33.23
3.36
46.08
3.77
3.7
0
0.7
0.35
48.97
8.44
2.85
1.22
1.94
0.25
3.44
0.18
4
0.93
0
0.02
0.13
10.13
0.25
3.86
17.72
0
0
1.29
9.15
24.88
7.36
6.02
0
0.17
6.32
12.03
10.91
15.5
0.11
0
0
2.85
0.6
0.03
0
0
0
0
0.12
0.07
1.79
0.02
0.14
5.94
1.43
3.54
1.77
0.29
0
1.68
0.77
18.23
1.71
6.48
16.4
8.75
3.35
5.17
0.6
61.76
5.62
8.61
12.15
8.8
10.36
33.44
25.89
18.48
14.61
0.08
1.17
24.15
15.95
0.17
0.01
4.17
1.3
4.16
2.23
0.49
0.46
0.01
0.24
19.3
0.42
1.3
0.36
3.44
0.04
0.71
0.21
0.05
0.21
0.06
0.02
0
0
0
0.28
0.22
0.53
2.26
1.42
5.38
1.55
4.49
0.12
0
0
0.09
0.41
0.45
0.22
1.01
0.75
0
0.43
0.05
3.47
0.48
1.1
0.56
18.01
20.21
0.91
0.31
0.05
0.21
2.51
15.11
1.96
9.97
3.72
1.32
9.97
8.51
0.13
2.71
7.95
15.63
4.63
0.35
18.03
2.22
2.99
12.56
1.08
0.3
2.5
13.03
5.95
32.59
13.51
12.97
1.41
0.48
1.38
0.46
0.88
4.74
16.29
0.7
0
0
0
0
0.52
0.57
0
0.08
0
0.33
0
0.3
0.07
0.05
0
0
0
0
0
0.32
0.02
0
0
0
0.19
0.96
0.05
0
0
0
0
0
0
0.1
0.08
0
0
0
0
0
0
0
0
0
0
0
0
0
0
6.34
2.16
0.23
0
0.11
0.35
0
0
0
0
0
0
0
0
0
0
0
0.03
0.2
0.05
0
0
0
0
0
0
0.19
0.04
0
0
0
0
0
0
0
1.07
0
0.04
0
0
0
0
0
0.06
0
0.05
0
0
1.96
1.46
0.23
17.9
32.19
17.64
1.02
0.07
0.06
0.05
1.32
0.18
0
0
0
0.05
0
0
0
0
0
0
0
0
0
0.09
0
0
0
0
0
0
0
0
0
0
0
0.12
8.27
15.73
2.97
11.8
5.31
10.63
7.96
37.56
7.37
0.24
6.63
3.53
0
0.08
0
0
0.12
0
0
0
0
0
0
1.75
1.36
0
0
0
0
0.57
0.79
8.14
1.02
0
0
0.08
0
0
0
0
0
0
1.6
0.07
0.05
0
0
0.49
6.3
0
0.65
0.64
17.96
6.19
1.38
20.95
8.19
18.62
0
0
0
0
0.01
11.37
14.22
5.63
21.65
2.75
15.04
1.77
0.49
0
0
0
42.87
0.28
4.96
9.24
17.65
20.95
0.31
0.01
1.53
0
4.8
16.4
16.66
7.14
1.11
0.13
0
0
0
3.68
0
0.02
0.09
0
0.57
2.58
28.88
10.36
19.58
10.46
0.76
4.16
0
0
0
0
0.07
0
0
0
19.39
1.77
0.17
24.1
0
19.28
18.53
8.06
1.06
5.34
29.57
31.09
15.04
1.83
23.65
0.19
0
0
1.48
7.83
7.99
12.81
17.38
9.47
17.53
30.59
41.23
11.01
2
15.84
27.68
18.29
0.5
0
0
0
0
0
2.52
7.06
46.79
32.22
11.6
4.32
2.3
0.02
0
0
0
10.57
0.59
10.09
9.49
3.27
1.73
52.17
5.34
0.06
0.02
4.06
3.19
17.18
0.63
0
0
0.03
0
0
0.22
2.96
2.12
0.28
49.4
45.08
5.6
0
0
0
0
0.36
2.26
0
0
0.33
1.1
3.56
0
0
0
0.03
0
0
0
0
0
0
1.82
0.02
1.8
8.36
14.01
25.92
0.07
0
0
0.09
0
0
8.7
30.82
0.86
10.63
7.1
0
0
2.08
1.32
0
0
0
0
0
0.01
5.03
1.93
0
0.05
0
0.33
0.01
0.04
7.45
0
0
0.04
0.25
0.26
0.06
0
13.4
39.19
21.88
0
0
0
0
0
0
0.04
0
0
0
0.29
0.46
0
0
0
0
1.04
0
0
0
0
0
0
0.01
0.03
0
30.33
3.68
1.77
0
0
7.36
3.28
0.02
0
0
0
0
0
0
0
0.98
0.85
0
0
0
0
0
0
0
0
0
0
0
0
0
0
0
0
0
0
0
0
0
0
0
0
0
0
0
0
0
0
0.31
0
0
0
0
0
0
0
4.2
0.02
0.15
0
0
0
0
0
0.02
0
0
0
0
0
0.01
0
0
0.01
0
0
0
0
0
0
0
2.42
0.03
0
0
0.85
19.65
1.25
7.54
6.2
0
0
0
2.25
1.67
0.13
0.17
0
0
0
0
0
0
0
0
0
5.66
0.01
0
0
0
0
0.02
0.31
0
0
0
0.11
0.03
0.51
7.54
15.15
20.21
29.45
33.15
13.41
1.43
6.26
0
1.61
0
2.33
10.92
0
0
0
0
0
1.18
0.79
0.04
11.5
0.01
0
0
0.59
10.49
1.41
0
1.33
0
0
12.08
1.88
17.8
0.62
0.72
0.17
0
2.7
0
2.52
16.85
0.75
0
0
20.69
0
12.29
15.13
0
2.08
0.55
0.35
8.75
4.35
0
0
0
3.19
0.02
0
6.21
0.02
0
0
0
0
0
0
0
0
0.23
7.85
0
0
0.8
4.88
10.5
10.97
12.59
0
19.41
0.72
5.76
17.82
22.82
29.07
7.17
0
0
0
0
15.01
54.33
0.47
0
0
2.56
0.65
0.02
14.29
3.43
56.31
2.27
9.14
1.34
19.95
0.67
6.88
0.06
0
0
11.74
11.85
36.46
7.15
0.17
0.6
3.19
6.05
2.74
34.35
110
12.01
2.69
0
0.1
0
0.52
0
0
8.61
2.92
0
29.88
0
0
0
1.55
0.04
0.02
0
0
0
0.68
17.87
2.4
2.45
0
1.3
0
0
1.57
0.01
0
9.81
0.8
0.01
0
0.38
8.14
5.8
1.57
20.21
1.48
0.02
33.09
32.8
0.02
0
0
0.02
0
0.38
0
0.66
0
0
0.32
1.88
26.82
1.05
0.06
0.92
0
0
0
0
0
0
2.82
0
0
0
0
0.09
0.96
3.44
0.05
0
34.86
6.68
14.19
0.11
0
0
0
0
0
0
0.75
0.04
0
0
0
0
0
0
0
0
0
0
0
0
0
0.18
0.34
0
0
0
0
0.01
0
0
0
0
0
0
0
0
0
0
0
0
0
0
0
0
0
0
0
1.83
16.23
4.74
84.57
7.3
0
0
21.45
20.93
0.13
0.18
0.75
0
0
0
0
0
0
0
0
0
0
0
0
0
0
0
0
0
6.57
21.27
18.98
0
0
0.08
0
0
0.95
1.25
4.33
0
0
0
0
0.33
0.11
2
1.1
17.97
7.22
0
8.18
0
0.01
16.46
4.56
0
0
10.49
0
0.32
0
5.05
13.74
2.35
0.02
0
0
0.05
0
0
0
0
1.89
15.48
7.88
10.15
3.97
0
0
2.24
0.14
2.26
0
0.23
0.06
8.57
9.16
0.68
0.83
2.69
0
0.22
7.57
0
2.91
4.31
17.04
15.11
3.26
1.74
0
0.02
0
0
0.78
0.25
0
0
19.63
1.35
0.98
0
5.28
0
0.02
3.72
7.62
1.99
51.19
29.17
0.3
0
0
0
17.85
0.57
16.43
0
0
0
0
0
0
0
3.52
17.96
0.32
0
0
0
0
1.66
0
2.73
22.34
38.97
31.5
14.25
43.54
16.8
5.95
0
17.42
8.55
33.41
58.94
10.53
7.35
0
4.33
25.15
2.68
2.75
22.83
16.37
0
0
20.98
6.87
0
0
0
0
0
0
0
0.28
0.41
27.08
5.72
16.03
26.19
2.61
4.35
6.73
55.23
12.69
3.13
0.11
0
64.35
31.14
0.07
5.77
53.58
0
0
0
0
0
10.85
23.69
0
0
21.7
0
0
0
0
0
0
0.19
33.79
0
3.5
0.85
18.19
92.33
8.8
25.12
68.5
54.88
1.37
8.77
50.02
41.42
20.72
43.9
12.49
2.28
13.36
11.1
5.33
0.4
0
0
0
0
0
1.4
1.51
0
0
0
0
0.01
0
3.58
0
1.06
0
19.69
3.53
15.47
5.3
1.2
4.75
0.04
5.11
13.38
5.12
0
0
3.53
1.31
0
0
0
0.02
3.6
0
0.06
0
0
21.47
0.01
0
0
0
0.09
0.03
0.01
13.51
1.76
0
0.01
0
7.45
11.57
0.73
23.76
1.45
0
0.23
0.04
0.35
0.53
2.99
1.61
0
0
0.08
0.05
0
0.08
3.35
2.76
0.07
0
5.53
1.42
0.3
0
0.02
0.03
0.01
0.47
16.69
1.49
0
2.22
0.74
0
0
0
0
0
0
0
0
0
0
4.29
0.12
0.1
0.84
19.16
0
0.07
0
0
0
0
0
0
0
0.64
2.88
0.7
2.11
0.5
0
0
0
0
0
0
0
0
0
0
0
0
0
0
0
0
0
0
0
0
0
0
0.93
1.73
0
0
0.88
0.1
0
0
0
0
1.16
3.03
0.31
0.32
0
0
0
0
0
0
0
0
0
2.92
5.64
0.07
9.48
20.51
36.88
4.94
0.81
0
0
0
0
0
0
17.28
6.29
0
0
0
0
0
0
0
4.1
0.85
7.06
2.82
0
0
0
0
0.35
0.13
1.15
0
0.54
0
0
0
0.96
0.05
1.26
0
0.1
0
0.21
1.87
0.49
0
0
0
0
0.02
0.04
0
0
0
0
0
0
0
0.47
13.76
0.14
2.9
10.05
0
24.34
12.57
3.98
9.52
0.84
0
0
0
0.03
2.86
0
0
0
0
0
0
0.11
0.17
0.92
9.55
0
0
0
0
3.25
0.52
0
0.23
2.26
0
0.32
54.56
25.51
0.64
0.98
2.9
0
0
0
1.24
0
0
0
0
0.01
0
2.53
6.89
0.05
0
0.2
1.96
0
0
0
0.04
0.01
0
0
0
8.97
0.08
0
0
0
3.68
1.4
0
0
0
0
0
0
4.13
8.21
10.2
56.96
9.71
2.81
27.43
3.21
2.95
2.97
0
0
3.49
23.05
0.76
26.92
15.99
6.97
0
0
0
0
0
16.38
0.2
0
0
0
0
0
0
0
0
0
0.74
10.08
0.01
0.04
0.85
53.67
1.38
1.24
0
11.66
16.32
15.8
0
15.95
2.86
1.71
0
0
0.61
3.13
0
0
0.04
0.44
0
0
28.53
4.81
0.28
0
0
0
0
0
0
0
0
2.27
11.22
0.7
19.17
7.34
9.5
2.06
5.21
16.95
8.06
0
13.4
5.92
0
0
0
0
0
0
0
35.94
2.67
7.47
0
0
2.5
0
0
0
0.91
0.53
4.48
1.65
1.18
0
0
0
0
0
0
0.22
6.98
0
0
4.51
21.59
2.86
0
0.06
2.22
8.53
17.77
31.74
4.27
0.03
0
0
0.56
0.18
0.08
3.58
2.6
2.32
0
0
0
0
0
0
0
4.51
4.02
0
0
0
0.08
0
0
0
0
0
0
0.25
0.22
0
1.98
9.98
0
0
0.13
1.25
0.02
0
0.24
0.04
9.22
71.79
0.05
0
0
0
0
0
0
0
0
0
0.23
1.87
0
0
0
0
0
0
0
0
0
6.31
0
0
1.29
21.21
23.11
0
0
0
0
0
0
0
11.1
27.52
0.23
0
0
0
0
0
0
0
0
0
0
0
1.48
0.01
0.01
0
0
0.01
1.65
2.45
0
0
0
0
0
0
0
0
0
0
0
0
0
0
0
0
0
0
0
0
9.01
0.06
0
0
0.5
8.46
12.24
10
0.51
0
0
0
0
0
3.62
22.3
33.39
21.36
0
0
4.26
7.99
8.45
28.3
0.69
1.74
3.36
0.42
5.57
0.85
0.25
0
0
0
0.66
7.01
0
7.76
1.25
22.66
0
0
1.53
2.6
0.49
0.03
0.01
0.25
0.18
0.25
0
0
0
0
7.47
5.43
8.24
19.88
7.82
0.56
32.51
4.42
1.33
0.35
0.43
0.48
34.01
48.06
97.63
9.7
9.73
4.55
0.02
0
0
0.01
0
0
0
0.51
10.64
5.08
7.55
0
1.97
0.23
0
0
0
0
0
0.26
3.53
0
0
0.13
0
5.26
1.35
6.04
4
31.37
7.28
0.08
20.92
51.07
0
7.39
10.78
2.06
17.81
18.94
0.33
5.58
0
0
33.9
32.63
10.96
0
2.18
15.8
53.69
31.93
19.69
4.44
25.61
0
0
0
0.13
5.46
55.81
1.69
6.7
88.68
26.29
58.98
1.58
2.73
0
0.94
3.92
0
0
0
0
0
0
0.02
0.83
7.49
3.4
5.02
0
4.21
0.53
0
0
0.02
5.3
0.09
16.37
20.26
85.61
16.57
0
0
0
0
42.55
4.99
4.75
6.06
0.05
2.67
15.27
40.99
15.38
13.39
2.23
0
0
0.33
0
0
0
0
0.69
0.49
0
0
0
0
0
0
0.03
0
0
8.7
21.27
11.03
14.5
20.96
0
0
8.06
1.45
0.5
2.78
1.3
10.07
0.23
2.3
0
0
0
3.33
173.31
7.56
0.42
0.23
0
0.16
0.05
11.89
6.05
0
1.69
0
0
0
0.08
32.09
0
8.67
13.93
13.49
0.05
0
0.38
0
0
0.59
0.66
6.74
0
0.01
17.65
27.65
0.93
0
0.01
3.7
0
0.05
1.8
0.92
2.16
0.26
0.01
0
0
0
0
0
0.09
2.14
1.41
4.66
0.14
0
0
0
0
0
0
0
0
0
0
0
0
0
0
0
0
0
0
0
0
0
0.01
0.09
0
0
0
0
0
0
0
0
0
0
0.11
7.46
7.38
0
0
0
0.48
0
0
0
7.41
18.93
3.85
28.37
0
0
0
0
0.01
12.74
0
0
0
7.43
44.56
35.87
0
0
75.23
0
0.33
9.71
39.84
21.72
30.95
0
0
0.91
0.06
0
0
0
0
11.52
0
0
0
0
1.79
0
5.35
0
0.98
0.23
3.72
0.36
0
0.04
0
1.39
22.4
0
16.48
3.48
2.44
0
0
0.32
5.13
1.06
0.02
0
0
0
0.27
2.06
2.32
0
0
0
0.81
0
0
0
0
4.31
0
0
2.94
0
0
0
0
0
0
0
0
0
0
15.07
0.81
0.01
5.33
1.35
0.35
2.89
0.44
0.11
0
0
0
0
0
0
0
1.71
5.68
0
0
0
0.01
12.85
0
0
1.15
0.23
0
0
0
0
0
0
0
0
0
0
0.32
0
0
0.05
5.12
0.04
0.18
13.95
0
0
10.39
0.19
42.73
38.24
0.09
17.66
1.5
11.55
3.63
11.23
2.4
13.82
16.22
28.08
0.02
0
1.64
3.02
0
0
0
0
0
0
0
5.06
40.13
8.79
2.5
0.02
5.18
0
12.09
0.31
0
0
0.02
2.42
18.81
0.19
0
1.53
1.51
0.86
0.04
7.79
4.28
45.2
2.2
0
0
0
50.76
29.4
4.58
0
13.51
7.72
17.39
0.55
5.93
0
2.06
0.83
2
6.24
0.12
16.07
3.74
0.08
0.24
1.82
15.93
1.44
1.18
9.26
2.04
3.91
3.69
5.91
12.44
0.59
0.25
0.55
0.81
0.04
0
0.01
1.01
2.44
7.02
15.24
6.12
16.63
0.16
5.92
0
4.36
0
0
0
0
0
0
0
0
0.12
0
0.09
0.18
0
0
9.29
14.91
8.11
10.66
1.88
0.02
0.05
15.38
0.63
0
0
0.3
0
1.38
1.85
0
0
0.34
0
0
2.25
1.39
0
0
0
0
0
0.02
2.74
0
0
4.18
2.8
1.3
1.07
0
0
1.96
3.51
5.86
64.01
0.51
0.01
0.05
3.48
1.2
0.03
14.3
25.65
0.11
0.04
0
0
0
0.09
0
0
0.03
0.01
0.03
0
0
7.78
0.87
0.04
0
0
0
0
0
0
16.81
5.75
0
0.02
0
0
0
0
0
0
0
0
0
0
0.18
5.86
10.38
13.68
0.73
0
0
0
0
0
0
0
0
0
0.31
0
0
0
0
0
0
0
0
0
0.16
0
0
10.35
0.2
0
1.9
0
0
0
0.1
3.11
15.97
24.35
0.04
0
0
0
0
0
0
0
0
0.02
8.88
24.71
0.02
0.21
0.97
0
0
0
0
0
0
0
0
0
0
0
0
0
0
0.05
0.01
1.65
47.44
70.63
20.4
0
0.01
0
0
0
0
0
0
0
0
0
0
0
0
0
0
0
0
0
0
7.59
0
0
0
0.48
0.09
0.97
0
0
0
0
0
0
0
0
0.02
0
0
0
0
0
0
0
0
0
0
0
0
0
0.02
0
1.49
24.67
8.89
0.28
0.28
2.39
1.56
0.01
0.26
2.31
0.57
8.31
1.37
0
0
0.01
0
0.03
5.74
0
0
2.57
5.15
8.82
15
3.46
4.91
12.58
18.29
7.57
0
0.06
25.91
11.36
0
0
0.78
4.53
0
0
0.35
4.92
0
0
0
0.04
0
13.4
0.22
47.78
15.26
1.6
23.65
0
0.02
0
0
0
8.43
5.62
16.76
0
6.26
0
1.74
0
0
0
0
0
0
5.94
0.04
13.37
8.98
55.71
7.23
16.75
11.48
0
0
0.85
0.33
0.23
0
0
45.31
4.93
0
1.17
13.79
0
0.05
15.48
5.44
5.08
55.46
0
10.33
5.54
41.59
41.19
0.02
84.03
32.81
5.39
15.7
46.88
3.04
0
0.7
14.14
26.18
3.23
2.54
5.56
0
0
19.08
10.76
5.67
0.32
0
0.04
0
0
0
0
0
2.64
37.25
69.33
7.8
2.52
1.61
35.31
13.41
14.61
0.13
0
7.12
0.11
13.96
0.01
0.01
0.6
0.57
0.01
0
4.95
2.4
4.13
1.53
0.28
2.54
5.5
20.2
27.44
0.02
0
0
13.76
2.36
0
0
0
16.42
12.51
0.95
5.04
0
0.51
10.92
0
0.35
4.6
0.01
8.97
0.98
0.61
0.14
0.09
14.71
0.06
17.43
4.94
15.89
41.01
4.55
10.45
1.74
0.72
7.44
46.74
31.54
0.28
3.07
0.05
0
2.79
0.91
6.73
8.88
1.07
0
0.48
0
0
3.35
0
15.24
0.87
0.81
0.56
0
9.45
0.05
0.03
0.95
2.11
0
0
0
0
0
0
0.73
0
0
0.01
0
1.62
0
0
2.13
0
0
0
0
0
0
0
0
0
0
0
0
0
0
0
0
0
0
0
0
0
4.19
0
0
0
0
0
0
0
0
0
0
5.8
0
0
0
0.77
0.02
32.52
2.09
5.29
0.76
0.91
1.97
0.94
0.68
0.04
0
0
0
0
0
0
0
0
0
0
0
0
0
3.05
6.14
0
0.26
26.83
0
0.01
0.02
0
0
0
0
0
0
0
0.01
0
0
0
0
0
0
0
0
0
0
1.07
2.88
2.23
0
0
0
0
0
0
0
0
0
1.36
0.12
0
0
0
1.74
32.07
5.45
0.04
0
0
0
0
0
0
0
0
0
3.62
0.94
0
0.19
0.14
0
0
0
0
0
0.86
0.13
0
0
0
0
0
0
0
0
0
2.66
8.79
0
0
25.62
7.48
3.03
4.94
1.53
4.59
0.72
0.61
0
0
7.8
0
0.11
13.51
13.63
17.2
1.07
0.03
1.9
1.7
13.06
9.93
0
6.04
11.04
12.89
5.82
0
0
0
0.08
0
9.2
25.28
0
0
11.62
0
0
0
4.01
0
0
3.75
0
0
0
0.01
3.62
9.33
29.03
27.875
25.7
0
35.77
0
0
0
0
0
10.95
0.17
0
0
0
1.25
0
0
38.07
25.36
0
8.88
1.83
10.9
0.18
38.12
10.39
7.86
25.47
42.7
0.62
1.8
22.3
0
0
0.48
31.36
25.83
4.75
95.98
145.62
12.8
11.21
9.04
11.73
0.25
0.53
4.09
63.83
1.06
0.03
39.16
14.97
3.52
0.97
28.06
72.4
2.52
1.9
12.32
0.63
11.55
37.02
39.34
26.88
17.17
3.99
4.25
0
0
6.8
2.43
0.89
0
0
5.46
0.33
3.57
0
0
0
0
0
9.45
73.57
36.7
3.27
18.31
0.01
0.18
0.02
0
0
0
0
0
0
16.28
2.19
8.68
5.53
0
17.3
9.57
4.08
2.72
7.47
0.46
1.45
0
0
9.01
0.3
0
0.74
0
0
0
0.24
1.56
2.18
14.36
33.09
8.41
20.2
1
44.87
2.88
5.25
4.42
10.84
2.62
5.77
0.96
0
0.12
2.79
0
0
0
0.01
16.46
21.74
7.34
12.6
47.02
17.37
7.14
0.22
0.12
11.38
0
0
0
0
0
0
0.3
0
0
0
0
0
20.19
17.87
3.14
0.04
14.92
0.6
4.12
0
0
0
41.93
30.76
0
0
0
1.02
0.3
7.3
25.17
0.26
0.03
0.27
0
0
0
0
0
0
0
0
0
0
0
0
0
0
0.76
0.65
0
0
1.93
43.55
19.87
2.33
0
0
0
0
0
0.14
12.17
0.08
4.55
22.36
16.74
23.74
0
5.69
27.83
0
0
0
0
0.91
0
0
0
0
0
0
11.35
4.38
0
6.52
7.07
0
0
33.8
0
0
10.75
50.19
0
0.5
5.43
9.37
0.28
0
0
0.1
0
0
0
0.8
62.45
20.33
4.1
0
5.62
0
0
0.53
0
0
0
0
0
1.21
27.4
0
0
0.14
3.15
35.77
0.37
0
0
4.24
0
15.12
1.23
0
0.79
29.74
3.34
12.12
0.77
0.24
0
18.81
25.5
53.43
0.23
0
29.31
4.49
0.02
0.31
0.28
0
0.01
0
0
0
1.6
0
0
10.85
0.51
0
0.45
0
0
0
0
7.39
17.74
10.12
0
2.14
4.53
0
0
0
0
0
0
0
11.23
0
0
0.38
35.42
11.76
0
11.28
22.92
0
0.34
5.53
47.43
7.04
5.27
49.47
3.21
28.72
6.15
0.27
0.66
0.59
0
0
0
10.41
0
0
0.67
5.87
18.09
0
0.03
7.21
66.39
50.64
7.17
0.04
9.5
0
4.78
13.64
19.27
63.14
2.25
6.5
4.61
1.59
3.56
20.09
3.36
3.46
16.53
0.01
0
0
3.08
0.06
23.56
0
6.53
3.67
39.76
10.08
25.02
38.92
0
0
0
0
0.01
10.58
0
0
2.39
37.91
27.43
20.55
0
0
0.01
1.41
0
5.12
12.02
31.89
1.42
0
0.08
27.89
10.66
15.51
0.09
0
0.02
0.4
0.06
1.12
19.87
55.47
20.34
29.05
45.08
10.02
90.04
10.9
0
0
0
1.18
0
0
0.09
4.91
0.08
5.59
27.18
0
0
0.02
0
3.16
5.2
0
1.74
0.63
61.6
30.67
7.52
0.08
0.04
3.04
0.03
4.22
20.2
52.33
0.22
0
0
0
0
0
0.01
0.57
0
0
0.01
4.02
0
8.96
0.26
6.91
1
0.63
9.06
4.18
5.55
14.96
12.61
19.69
1.86
21.56
0
0
0
0.21
0.08
1.44
23.54
0.04
16.37
0.14
0.09
6.9
11.36
1.26
0
0
0
0.01
18.69
9.33
1.24
0
0
0
0
0
1.76
26.78
16.16
0
0
3.3
33.48
0
0
0
0.06
0
0
0
0
0
0
0
6.18
71.26
12.71
8.84
22.83
1.62
0
0
0
0.18
0
0.01
0
0.09
0.05
1.52
0
0
0
0.13
0.01
7.04
0
0
29.37
22.48
0
5.43
1.62
0
0.16
0
0
0
0
0
0
0
0
0
0
0.01
2.65
8.98
0
0.45
7.99
0
0
6.76
0
0
0
51.6
21.15
0.31
0.4
0.66
0.41
41.71
13.66
0
0
0
0
0
0
0
0
0
0
0
0
0
0
0
0
0
0
0
0
0
0
0.01
0.02
4.57
0
0
1.94
1.39
0
0
0
0
0
0
0
0
0
0
0
0
0.41
0
0
0
4.93
21.22
3.96
2.8
0
1.15
7.28
5.83
0.67
0
0
0
0
0
0
0
0
0
1.61
1.93
0.25
0
0
0
0
0
0
3.07
2.34
0
0
0
0
0
0
0
0
0
0
0.55
0
0
9.38
9.62
12.21
1.67
0
0.09
0
0
0.01
0
1.69
15.43
0.68
4.37
0.37
32.09
28.42
5.28
5.73
8.96
0
4.96
8.12
2.71
0
3.53
5.08
0.88
24.94
0
3.41
7.14
0
0.5
14.76
0
40.66
5.25
0
0
0
0
0
8.3
4.8
17.48
0
0.49
36.14
0
0
0
0.51
0
3.23
0
10.44
41.03
25.33
0.39
0
1.78
6.82
21.4
7.31
0
0
0
4.93
0
9.65
9.41
0
0
0.26
16.06
0
0
36.31
28.2
0
0
19.03
0
0.21
0
0
0
3.6
0.87
27.17
3.66
0
0
0
0
0
0
0
62.62
11.37
18.17
9.51
0
4.15
0.57
9.93
0.78
0
0.56
13.62
3.15
3.73
21.04
29.67
0.67
4.85
9.49
21.3
13.55
3.55
0
0.04
10.51
31.38
9.99
0.08
0.29
0
4.23
8.53
14.9
0.09
4.54
6.17
13.34
8.77
0
0.03
0
1.21
2.6
9.6
1.14
0.03
0
14.74
5.38
4.77
0
0
0
0
0.71
0
0
0
2.31
30.41
15.33
46.91
25.82
2.32
0
0
0
1.67
0.04
0.16
36.26
10.77
0
0
0
0
5.94
18.22
0
0
0
2.34
0.43
0
1.02
11.01
0
0
0
0.83
0.11
1.6
0.05
0
0
0.95
0.86
0
1.1
6.06
1.89
0.76
0
0.03
15.68
0
0
0
0
0
0
0
9.33
0.46
5.76
0.12
0
0
0
0.08
0
13.58
0
0
36.97
3.08
0
0
0
0
0
0
0
0
0
0.02
0.35
0
0
0
0
0
0
0
0
0
0
0
0
0
0
0
0
0
0
0
0
0
1.37
0.54
1.56
0
0
0
0
0
0.04
0
0
11.29
1.46
10.49
2.09
6.06
0
0.21
4.71
3.72
1.6
0
0
0
0.18
0
0
0
0
0
0
0
0
0
0
0
0
6.57
2.49
2.54
0
0
0
0
0
0
0
0
0
0
0
0
0.18
0
0
0
0
0
0
0.68
1.98
28.8
39.17
9.91
0
0
0
0
0
0
0
0
0
0
0
0
2.25
0
0
0
0
0
0
0
0
6.55
1.98
0
0
0
0
0
0
0
0
1.12
0
0
0
0
0
0
0
0
0
0
0
0.54
3.54
12.27
6.43
0
0
9.99
3.92
0.25
0
0
39.67
4.55
0.15
18.73
0
0
0
0
0
0
20.79
1.85
0.44
2.84
0.32
37.05
0
0
0
0
0
5.86
0
0
0
0
0
0.01
0
0
0
0
0
5
0
0
0
0
0
4.9
0.53
6.26
1.28
0.51
0
0
0
0
0
2.48
1.19
0
0
8.65
0
8.33
1.96
7.14
19.62
4.33
2.21
22
0
0.9
13.03
0
0.56
28.8
0
5.58
0.04
4.55
1.72
0
0
0
0
0
0
0
0
0.08
0
0
8.88
0
28.86
1.26
0
0
0
0
0
0
0
0
0
0
0
0
0
0
0
0
0
0
4.04
0.33
2.73
2.48
15.49
11.08
0
0
0
0
0
0
2.02
7.27
10.98
0.05
0.06
0
14.95
11.46
10.11
0
0.02
22.41
0
4.85
0.27
0
0
0
0
0
0
0
5.89
0.31
6.35
0
0.03
3.1
0.51
0.74
1.21
0
10.93
14.98
0
3.53
16.68
0.18
1.65
0
0
0
0
3.92
0
0.15
0.56
0
0.02
1.79
11.91
3.17
1.41
1.91
1.95
0.64
7.69
0
0
0
12.88
12.85
3.14
0.56
0
0.01
0
2.98
21.62
0
0.04
0
0
0
0.4
0.01
0
0
0.89
0
0.17
4.25
0.48
0.83
0.45
8.87
1.09
0
0
0
0.01
0
0
0
0
0
0
0
0
0
0
0
0
0
0
0
0
0
0
0
0
0
0
0
0
0
0
0
0
0
0
0
0
0
0
0
0
0
0
0
0
0
0
0
0
0
0
0
18.92
0.26
0.21
8.01
2.59
8.44
1.45
0
0
0
0
0
0
0
0
0
0
0
0
0
0
0.14
5.85
7.39
4.91
0
0.75
0
1.56
0
0
0
0
0.15
0
1.15
0
0
0.04
0.42
3.39
0
0.04
0.01
0
2.54
0.02
