   1 
1  1.180000e-001
2  6.060000e-001
3  2.063000e+000
4  5.749000e+000
5  3.335000e+000
6  1.658000e+000
7  8.820000e-001
8  4.490000e-001
9  2.230000e-001
10  1.190000e-001
11  5.900000e-002
12  3.100000e-002
13  1.740000e-001
14  3.220000e-001
15  5.594000e+000
16  1.534700e+001
17  9.750000e+000
18  4.880000e+000
19  2.596000e+000
20  1.321000e+000
21  6.560000e-001
22  3.490000e-001
23  1.740000e-001
24  3.090000e-001
25  9.490000e-001
26  4.881000e+000
27  6.162000e+000
28  3.110000e+000
29  1.719000e+000
30  8.570000e-001
31  4.560000e-001
32  2.320000e-001
33  1.150000e-001
34  6.100000e-002
35  3.000000e-002
36  1.900000e-002
37  1.730000e-001
38  3.110000e-001
39  1.607000e+000
40  2.200000e+000
41  1.860000e+000
42  9.860000e-001
43  5.240000e-001
44  2.670000e-001
45  1.330000e-001
46  7.100000e-002
47  2.526000e+000
48  1.928600e+001
49  2.301700e+001
50  1.412700e+001
51  1.204500e+001
52  1.016600e+001
53  5.409000e+000
54  2.689000e+000
55  1.430000e+000
56  7.280000e-001
57  3.620000e-001
58  1.920000e-001
59  3.500000e-001
60  3.310000e-001
61  2.610000e-001
62  1.760000e-001
63  1.050000e-001
64  1.040000e-001
65  1.130000e-001
66  5.600000e-002
67  3.000000e-002
68  1.500000e-002
69  8.000000e-003
70  4.000000e-003
71  2.000000e-003
72  1.000000e-003
73  5.000000e-003
74  1.000000e-001
75  1.020000e-001
76  1.560000e-001
77  1.390000e-001
78  7.800000e-002
79  4.200000e-002
80  2.100000e-002
81  1.100000e-002
82  6.000000e-003
83  3.000000e-003
84  1.000000e-003
85  1.000000e-003
86  2.240000e-001
87  2.350000e-001
88  1.180000e-001
89  6.300000e-002
90  3.200000e-002
91  1.190000e-001
92  7.300000e-002
93  3.600000e-002
94  1.900000e-002
95  1.000000e-002
96  5.000000e-003
97  1.010000e-001
98  5.000000e-001
99  4.880000e-001
100  3.030000e-001
101  1.980000e-001
102  9.800000e-002
103  5.200000e-002
104  2.700000e-002
105  1.300000e-002
106  7.000000e-003
107  3.000000e-003
108  2.000000e-003
109  1.000000e-003
110  0.000000e+000
111  0.000000e+000
112  0.000000e+000
113  0.000000e+000
114  0.000000e+000
115  0.000000e+000
116  0.000000e+000
117  0.000000e+000
118  0.000000e+000
119  0.000000e+000
120  0.000000e+000
121  0.000000e+000
122  3.700000e-002
123  1.240000e-001
124  2.340000e-001
125  1.250000e-001
126  6.200000e-002
127  3.300000e-002
128  1.700000e-002
129  8.000000e-003
130  4.000000e-003
131  2.000000e-003
132  1.000000e-002
133  3.100000e-002
134  1.500000e-002
135  9.000000e-003
136  4.000000e-003
137  2.000000e-003
138  1.000000e-003
139  1.000000e-003
140  0.000000e+000
141  0.000000e+000
142  0.000000e+000
143  0.000000e+000
144  0.000000e+000
   2 
1  1.190000e-001
2  5.240000e-001
3  1.781000e+000
4  5.458000e+000
5  3.188000e+000
6  1.585000e+000
7  8.440000e-001
8  4.300000e-001
9  2.140000e-001
10  1.140000e-001
11  5.700000e-002
12  3.000000e-002
13  1.800000e-001
14  3.350000e-001
15  5.290000e+000
16  1.482300e+001
17  9.436000e+000
18  4.729000e+000
19  2.518000e+000
20  1.281000e+000
21  6.370000e-001
22  3.390000e-001
23  1.690000e-001
24  3.120000e-001
25  8.160000e-001
26  4.443000e+000
27  5.805000e+000
28  2.936000e+000
29  1.630000e+000
30  8.130000e-001
31  4.330000e-001
32  2.200000e-001
33  1.100000e-001
34  5.800000e-002
35  2.900000e-002
36  2.600000e-002
37  1.790000e-001
38  3.170000e-001
39  1.408000e+000
40  1.877000e+000
41  1.611000e+000
42  8.590000e-001
43  4.570000e-001
44  2.330000e-001
45  1.160000e-001
46  6.200000e-002
47  2.471000e+000
48  1.896800e+001
49  2.275300e+001
50  1.393800e+001
51  1.181200e+001
52  9.995000e+000
53  5.325000e+000
54  2.648000e+000
55  1.410000e+000
56  7.180000e-001
57  3.570000e-001
58  1.900000e-001
59  3.560000e-001
60  3.380000e-001
61  2.680000e-001
62  1.830000e-001
63  1.100000e-001
64  1.130000e-001
65  1.220000e-001
66  6.100000e-002
67  3.200000e-002
68  1.600000e-002
69  8.000000e-003
70  4.000000e-003
71  2.000000e-003
72  1.000000e-003
73  5.000000e-003
74  1.020000e-001
75  1.050000e-001
76  1.630000e-001
77  1.470000e-001
78  8.300000e-002
79  4.400000e-002
80  2.300000e-002
81  1.100000e-002
82  6.000000e-003
83  3.000000e-003
84  2.000000e-003
85  1.000000e-003
86  2.240000e-001
87  2.370000e-001
88  1.190000e-001
89  6.600000e-002
90  3.400000e-002
91  1.260000e-001
92  7.700000e-002
93  3.800000e-002
94  2.000000e-002
95  1.000000e-002
96  5.000000e-003
97  1.010000e-001
98  5.010000e-001
99  4.940000e-001
100  3.070000e-001
101  2.000000e-001
102  1.000000e-001
103  5.300000e-002
104  2.700000e-002
105  1.300000e-002
106  7.000000e-003
107  4.000000e-003
108  2.000000e-003
109  1.000000e-003
110  0.000000e+000
111  0.000000e+000
112  0.000000e+000
113  0.000000e+000
114  0.000000e+000
115  0.000000e+000
116  0.000000e+000
117  0.000000e+000
118  0.000000e+000
119  0.000000e+000
120  0.000000e+000
121  0.000000e+000
122  3.700000e-002
123  1.250000e-001
124  2.350000e-001
125  1.250000e-001
126  6.200000e-002
127  3.300000e-002
128  1.700000e-002
129  8.000000e-003
130  4.000000e-003
131  2.000000e-003
132  1.200000e-002
133  3.700000e-002
134  1.800000e-002
135  1.000000e-002
136  5.000000e-003
137  3.000000e-003
138  1.000000e-003
139  1.000000e-003
140  0.000000e+000
141  0.000000e+000
142  0.000000e+000
143  0.000000e+000
144  0.000000e+000
   3 
1  1.200000e-001
2  5.380000e-001
3  1.872000e+000
4  5.594000e+000
5  3.263000e+000
6  1.622000e+000
7  8.630000e-001
8  4.390000e-001
9  2.180000e-001
10  1.160000e-001
11  5.800000e-002
12  3.100000e-002
13  1.810000e-001
14  3.370000e-001
15  5.232000e+000
16  1.490600e+001
17  9.512000e+000
18  4.764000e+000
19  2.534000e+000
20  1.289000e+000
21  6.410000e-001
22  3.410000e-001
23  1.690000e-001
24  3.140000e-001
25  6.070000e-001
26  4.012000e+000
27  6.025000e+000
28  3.043000e+000
29  1.686000e+000
30  8.410000e-001
31  4.470000e-001
32  2.270000e-001
33  1.130000e-001
34  6.000000e-002
35  3.000000e-002
36  2.900000e-002
37  1.800000e-001
38  3.190000e-001
39  1.393000e+000
40  1.852000e+000
41  1.677000e+000
42  8.960000e-001
43  4.770000e-001
44  2.430000e-001
45  1.210000e-001
46  6.400000e-002
47  2.559000e+000
48  1.921300e+001
49  2.300600e+001
50  1.403400e+001
51  1.191700e+001
52  1.011400e+001
53  5.385000e+000
54  2.676000e+000
55  1.424000e+000
56  7.240000e-001
57  3.600000e-001
58  1.910000e-001
59  3.590000e-001
60  3.420000e-001
61  2.710000e-001
62  1.860000e-001
63  1.120000e-001
64  1.180000e-001
65  1.270000e-001
66  6.300000e-002
67  3.400000e-002
68  1.700000e-002
69  9.000000e-003
70  5.000000e-003
71  2.000000e-003
72  1.000000e-003
73  5.000000e-003
74  1.020000e-001
75  1.060000e-001
76  1.670000e-001
77  1.510000e-001
78  8.600000e-002
79  4.600000e-002
80  2.300000e-002
81  1.200000e-002
82  6.000000e-003
83  3.000000e-003
84  2.000000e-003
85  1.000000e-003
86  2.250000e-001
87  2.370000e-001
88  1.200000e-001
89  6.700000e-002
90  3.600000e-002
91  1.290000e-001
92  7.900000e-002
93  3.900000e-002
94  2.100000e-002
95  1.000000e-002
96  6.000000e-003
97  1.020000e-001
98  5.020000e-001
99  4.940000e-001
100  3.060000e-001
101  2.000000e-001
102  9.900000e-002
103  5.300000e-002
104  2.700000e-002
105  1.300000e-002
106  7.000000e-003
107  4.000000e-003
108  2.000000e-003
109  1.000000e-003
110  0.000000e+000
111  0.000000e+000
112  0.000000e+000
113  0.000000e+000
114  0.000000e+000
115  0.000000e+000
116  0.000000e+000
117  0.000000e+000
118  0.000000e+000
119  0.000000e+000
120  0.000000e+000
121  0.000000e+000
122  3.700000e-002
123  1.250000e-001
124  2.350000e-001
125  1.250000e-001
126  6.200000e-002
127  3.300000e-002
128  1.700000e-002
129  8.000000e-003
130  4.000000e-003
131  2.000000e-003
132  1.200000e-002
133  4.000000e-002
134  1.900000e-002
135  1.100000e-002
136  5.000000e-003
137  3.000000e-003
138  1.000000e-003
139  1.000000e-003
140  0.000000e+000
141  0.000000e+000
142  0.000000e+000
143  0.000000e+000
144  0.000000e+000
   4 
1  1.220000e-001
2  1.010000e+000
3  3.260000e+000
4  6.605000e+000
5  3.813000e+000
6  1.897000e+000
7  1.010000e+000
8  5.140000e-001
9  2.560000e-001
10  1.360000e-001
11  6.800000e-002
12  3.600000e-002
13  1.840000e-001
14  3.380000e-001
15  5.971000e+000
16  1.618500e+001
17  1.037800e+001
18  5.200000e+000
19  2.769000e+000
20  1.410000e+000
21  7.020000e-001
22  3.740000e-001
23  1.860000e-001
24  3.300000e-001
25  8.300000e-001
26  4.579000e+000
27  6.960000e+000
28  3.567000e+000
29  2.023000e+000
30  1.009000e+000
31  5.370000e-001
32  2.740000e-001
33  1.360000e-001
34  7.200000e-002
35  3.600000e-002
36  3.900000e-002
37  1.860000e-001
38  3.220000e-001
39  1.901000e+000
40  2.669000e+000
41  2.694000e+000
42  1.442000e+000
43  7.680000e-001
44  3.910000e-001
45  1.940000e-001
46  1.040000e-001
47  3.367000e+000
48  2.060100e+001
49  2.393100e+001
50  1.456200e+001
51  1.261600e+001
52  1.068600e+001
53  5.696000e+000
54  2.834000e+000
55  1.509000e+000
56  7.680000e-001
57  3.820000e-001
58  2.040000e-001
59  3.720000e-001
60  3.560000e-001
61  2.810000e-001
62  1.960000e-001
63  1.180000e-001
64  1.340000e-001
65  1.440000e-001
66  7.200000e-002
67  3.800000e-002
68  1.900000e-002
69  1.000000e-002
70  5.000000e-003
71  3.000000e-003
72  1.000000e-003
73  5.000000e-003
74  1.030000e-001
75  1.080000e-001
76  1.770000e-001
77  1.660000e-001
78  9.600000e-002
79  5.100000e-002
80  2.600000e-002
81  1.300000e-002
82  7.000000e-003
83  3.000000e-003
84  2.000000e-003
85  1.000000e-003
86  2.240000e-001
87  2.380000e-001
88  1.210000e-001
89  7.500000e-002
90  4.700000e-002
91  1.480000e-001
92  9.100000e-002
93  4.500000e-002
94  2.400000e-002
95  1.200000e-002
96  6.000000e-003
97  1.010000e-001
98  5.020000e-001
99  5.230000e-001
100  3.370000e-001
101  2.170000e-001
102  1.080000e-001
103  5.700000e-002
104  2.900000e-002
105  1.500000e-002
106  8.000000e-003
107  4.000000e-003
108  2.000000e-003
109  1.000000e-003
110  0.000000e+000
111  0.000000e+000
112  0.000000e+000
113  0.000000e+000
114  0.000000e+000
115  0.000000e+000
116  0.000000e+000
117  0.000000e+000
118  0.000000e+000
119  0.000000e+000
120  0.000000e+000
121  0.000000e+000
122  3.700000e-002
123  1.250000e-001
124  2.360000e-001
125  1.260000e-001
126  6.300000e-002
127  3.300000e-002
128  1.700000e-002
129  8.000000e-003
130  4.000000e-003
131  2.000000e-003
132  1.400000e-002
133  4.700000e-002
134  2.200000e-002
135  1.300000e-002
136  6.000000e-003
137  3.000000e-003
138  2.000000e-003
139  1.000000e-003
140  0.000000e+000
141  0.000000e+000
142  0.000000e+000
143  0.000000e+000
144  0.000000e+000
   5 
1  1.190000e-001
2  5.540000e-001
3  1.901000e+000
4  5.600000e+000
5  3.251000e+000
6  1.611000e+000
7  8.540000e-001
8  4.330000e-001
9  2.150000e-001
10  1.140000e-001
11  5.600000e-002
12  3.000000e-002
13  1.780000e-001
14  3.300000e-001
15  5.443000e+000
16  1.509000e+001
17  9.570000e+000
18  4.778000e+000
19  2.534000e+000
20  1.285000e+000
21  6.370000e-001
22  3.380000e-001
23  1.670000e-001
24  3.090000e-001
25  8.750000e-001
26  4.646000e+000
27  5.968000e+000
28  3.005000e+000
29  1.660000e+000
30  8.250000e-001
31  4.370000e-001
32  2.220000e-001
33  1.100000e-001
34  5.800000e-002
35  2.900000e-002
36  2.200000e-002
37  1.760000e-001
38  3.150000e-001
39  1.498000e+000
40  2.018000e+000
41  1.718000e+000
42  9.110000e-001
43  4.830000e-001
44  2.450000e-001
45  1.210000e-001
46  6.400000e-002
47  2.504000e+000
48  1.916900e+001
49  2.291100e+001
50  1.401400e+001
51  1.189800e+001
52  1.005400e+001
53  5.335000e+000
54  2.644000e+000
55  1.402000e+000
56  7.110000e-001
57  3.520000e-001
58  1.870000e-001
59  3.520000e-001
60  3.340000e-001
61  2.640000e-001
62  1.790000e-001
63  1.070000e-001
64  1.090000e-001
65  1.180000e-001
66  5.800000e-002
67  3.100000e-002
68  1.600000e-002
69  8.000000e-003
70  4.000000e-003
71  2.000000e-003
72  1.000000e-003
73  5.000000e-003
74  1.010000e-001
75  1.040000e-001
76  1.600000e-001
77  1.430000e-001
78  8.100000e-002
79  4.300000e-002
80  2.200000e-002
81  1.100000e-002
82  6.000000e-003
83  3.000000e-003
84  2.000000e-003
85  1.000000e-003
86  2.250000e-001
87  2.360000e-001
88  1.180000e-001
89  6.400000e-002
90  3.300000e-002
91  1.230000e-001
92  7.500000e-002
93  3.700000e-002
94  2.000000e-002
95  1.000000e-002
96  5.000000e-003
97  1.000000e-001
98  5.010000e-001
99  4.920000e-001
100  3.050000e-001
101  1.980000e-001
102  9.800000e-002
103  5.200000e-002
104  2.600000e-002
105  1.300000e-002
106  7.000000e-003
107  3.000000e-003
108  2.000000e-003
109  1.000000e-003
110  0.000000e+000
111  0.000000e+000
112  0.000000e+000
113  0.000000e+000
114  0.000000e+000
115  0.000000e+000
116  0.000000e+000
117  0.000000e+000
118  0.000000e+000
119  0.000000e+000
120  0.000000e+000
121  0.000000e+000
122  3.700000e-002
123  1.250000e-001
124  2.350000e-001
125  1.250000e-001
126  6.200000e-002
127  3.300000e-002
128  1.700000e-002
129  8.000000e-003
130  4.000000e-003
131  2.000000e-003
132  1.100000e-002
133  3.500000e-002
134  1.600000e-002
135  1.000000e-002
136  5.000000e-003
137  3.000000e-003
138  1.000000e-003
139  1.000000e-003
140  0.000000e+000
141  0.000000e+000
142  0.000000e+000
143  0.000000e+000
144  0.000000e+000
   6 
1  1.180000e-001
2  5.970000e-001
3  2.033000e+000
4  5.720000e+000
5  3.320000e+000
6  1.650000e+000
7  8.780000e-001
8  4.470000e-001
9  2.220000e-001
10  1.180000e-001
11  5.900000e-002
12  3.100000e-002
13  1.740000e-001
14  3.230000e-001
15  5.566000e+000
16  1.529700e+001
17  9.719000e+000
18  4.865000e+000
19  2.588000e+000
20  1.317000e+000
21  6.540000e-001
22  3.480000e-001
23  1.730000e-001
24  3.090000e-001
25  9.370000e-001
26  4.841000e+000
27  6.130000e+000
28  3.094000e+000
29  1.710000e+000
30  8.530000e-001
31  4.540000e-001
32  2.310000e-001
33  1.150000e-001
34  6.100000e-002
35  3.000000e-002
36  2.000000e-002
37  1.730000e-001
38  3.110000e-001
39  1.587000e+000
40  2.169000e+000
41  1.836000e+000
42  9.730000e-001
43  5.180000e-001
44  2.630000e-001
45  1.310000e-001
46  7.000000e-002
47  2.518000e+000
48  1.925400e+001
49  2.299000e+001
50  1.410800e+001
51  1.202200e+001
52  1.014900e+001
53  5.400000e+000
54  2.684000e+000
55  1.428000e+000
56  7.260000e-001
57  3.610000e-001
58  1.920000e-001
59  3.500000e-001
60  3.310000e-001
61  2.610000e-001
62  1.760000e-001
63  1.060000e-001
64  1.050000e-001
65  1.130000e-001
66  5.600000e-002
67  3.000000e-002
68  1.500000e-002
69  8.000000e-003
70  4.000000e-003
71  2.000000e-003
72  1.000000e-003
73  5.000000e-003
74  1.000000e-001
75  1.020000e-001
76  1.570000e-001
77  1.390000e-001
78  7.900000e-002
79  4.200000e-002
80  2.100000e-002
81  1.100000e-002
82  6.000000e-003
83  3.000000e-003
84  1.000000e-003
85  1.000000e-003
86  2.240000e-001
87  2.350000e-001
88  1.180000e-001
89  6.300000e-002
90  3.200000e-002
91  1.200000e-001
92  7.300000e-002
93  3.600000e-002
94  1.900000e-002
95  1.000000e-002
96  5.000000e-003
97  1.010000e-001
98  5.000000e-001
99  4.880000e-001
100  3.030000e-001
101  1.980000e-001
102  9.800000e-002
103  5.200000e-002
104  2.700000e-002
105  1.300000e-002
106  7.000000e-003
107  3.000000e-003
108  2.000000e-003
109  1.000000e-003
110  0.000000e+000
111  0.000000e+000
112  0.000000e+000
113  0.000000e+000
114  0.000000e+000
115  0.000000e+000
116  0.000000e+000
117  0.000000e+000
118  0.000000e+000
119  0.000000e+000
120  0.000000e+000
121  0.000000e+000
122  3.700000e-002
123  1.240000e-001
124  2.340000e-001
125  1.250000e-001
126  6.200000e-002
127  3.300000e-002
128  1.700000e-002
129  8.000000e-003
130  4.000000e-003
131  2.000000e-003
132  1.000000e-002
133  3.200000e-002
134  1.500000e-002
135  9.000000e-003
136  4.000000e-003
137  2.000000e-003
138  1.000000e-003
139  1.000000e-003
140  0.000000e+000
141  0.000000e+000
142  0.000000e+000
143  0.000000e+000
144  0.000000e+000
   7 
1  1.180000e-001
2  6.370000e-001
3  2.158000e+000
4  5.836000e+000
5  3.380000e+000
6  1.681000e+000
7  8.950000e-001
8  4.550000e-001
9  2.260000e-001
10  1.210000e-001
11  6.000000e-002
12  3.200000e-002
13  1.710000e-001
14  3.170000e-001
15  5.684000e+000
16  1.549900e+001
17  9.845000e+000
18  4.929000e+000
19  2.624000e+000
20  1.335000e+000
21  6.640000e-001
22  3.530000e-001
23  1.760000e-001
24  3.080000e-001
25  9.890000e-001
26  5.017000e+000
27  6.275000e+000
28  3.168000e+000
29  1.749000e+000
30  8.720000e-001
31  4.640000e-001
32  2.360000e-001
33  1.170000e-001
34  6.300000e-002
35  3.100000e-002
36  1.800000e-002
37  1.720000e-001
38  3.090000e-001
39  1.666000e+000
40  2.298000e+000
41  1.935000e+000
42  1.024000e+000
43  5.450000e-001
44  2.770000e-001
45  1.380000e-001
46  7.300000e-002
47  2.542000e+000
48  1.936600e+001
49  2.308400e+001
50  1.418400e+001
51  1.211700e+001
52  1.021900e+001
53  5.440000e+000
54  2.705000e+000
55  1.440000e+000
56  7.330000e-001
57  3.640000e-001
58  1.940000e-001
59  3.490000e-001
60  3.280000e-001
61  2.580000e-001
62  1.730000e-001
63  1.040000e-001
64  1.010000e-001
65  1.100000e-001
66  5.400000e-002
67  2.900000e-002
68  1.500000e-002
69  7.000000e-003
70  4.000000e-003
71  2.000000e-003
72  1.000000e-003
73  5.000000e-003
74  9.900000e-002
75  1.000000e-001
76  1.540000e-001
77  1.360000e-001
78  7.600000e-002
79  4.100000e-002
80  2.100000e-002
81  1.000000e-002
82  5.000000e-003
83  3.000000e-003
84  1.000000e-003
85  1.000000e-003
86  2.230000e-001
87  2.340000e-001
88  1.170000e-001
89  6.200000e-002
90  3.100000e-002
91  1.170000e-001
92  7.200000e-002
93  3.600000e-002
94  1.900000e-002
95  9.000000e-003
96  5.000000e-003
97  1.000000e-001
98  4.990000e-001
99  4.850000e-001
100  3.010000e-001
101  1.970000e-001
102  9.800000e-002
103  5.200000e-002
104  2.700000e-002
105  1.300000e-002
106  7.000000e-003
107  3.000000e-003
108  2.000000e-003
109  1.000000e-003
110  0.000000e+000
111  0.000000e+000
112  0.000000e+000
113  0.000000e+000
114  0.000000e+000
115  0.000000e+000
116  0.000000e+000
117  0.000000e+000
118  0.000000e+000
119  0.000000e+000
120  0.000000e+000
121  0.000000e+000
122  3.700000e-002
123  1.240000e-001
124  2.330000e-001
125  1.240000e-001
126  6.200000e-002
127  3.300000e-002
128  1.700000e-002
129  8.000000e-003
130  4.000000e-003
131  2.000000e-003
132  9.000000e-003
133  2.900000e-002
134  1.400000e-002
135  8.000000e-003
136  4.000000e-003
137  2.000000e-003
138  1.000000e-003
139  1.000000e-003
140  0.000000e+000
141  0.000000e+000
142  0.000000e+000
143  0.000000e+000
144  0.000000e+000
   8 
1  1.180000e-001
2  6.590000e-001
3  2.222000e+000
4  5.896000e+000
5  3.411000e+000
6  1.696000e+000
7  9.020000e-001
8  4.590000e-001
9  2.280000e-001
10  1.210000e-001
11  6.000000e-002
12  3.200000e-002
13  1.700000e-001
14  3.150000e-001
15  5.742000e+000
16  1.560300e+001
17  9.907000e+000
18  4.959000e+000
19  2.639000e+000
20  1.343000e+000
21  6.680000e-001
22  3.550000e-001
23  1.770000e-001
24  3.070000e-001
25  1.015000e+000
26  5.101000e+000
27  6.343000e+000
28  3.201000e+000
29  1.766000e+000
30  8.810000e-001
31  4.690000e-001
32  2.380000e-001
33  1.190000e-001
34  6.300000e-002
35  3.100000e-002
36  1.800000e-002
37  1.700000e-001
38  3.080000e-001
39  1.706000e+000
40  2.362000e+000
41  1.985000e+000
42  1.049000e+000
43  5.580000e-001
44  2.840000e-001
45  1.410000e-001
46  7.500000e-002
47  2.560000e+000
48  1.943500e+001
49  2.314100e+001
50  1.422300e+001
51  1.216400e+001
52  1.025400e+001
53  5.457000e+000
54  2.713000e+000
55  1.444000e+000
56  7.350000e-001
57  3.650000e-001
58  1.940000e-001
59  3.470000e-001
60  3.270000e-001
61  2.570000e-001
62  1.720000e-001
63  1.030000e-001
64  9.900000e-002
65  1.080000e-001
66  5.400000e-002
67  2.900000e-002
68  1.500000e-002
69  7.000000e-003
70  4.000000e-003
71  2.000000e-003
72  1.000000e-003
73  5.000000e-003
74  9.900000e-002
75  1.000000e-001
76  1.520000e-001
77  1.340000e-001
78  7.500000e-002
79  4.000000e-002
80  2.000000e-002
81  1.000000e-002
82  5.000000e-003
83  3.000000e-003
84  1.000000e-003
85  1.000000e-003
86  2.230000e-001
87  2.340000e-001
88  1.170000e-001
89  6.200000e-002
90  3.100000e-002
91  1.160000e-001
92  7.100000e-002
93  3.500000e-002
94  1.900000e-002
95  9.000000e-003
96  5.000000e-003
97  1.000000e-001
98  4.980000e-001
99  4.840000e-001
100  3.010000e-001
101  1.970000e-001
102  9.800000e-002
103  5.200000e-002
104  2.600000e-002
105  1.300000e-002
106  7.000000e-003
107  3.000000e-003
108  2.000000e-003
109  1.000000e-003
110  0.000000e+000
111  0.000000e+000
112  0.000000e+000
113  0.000000e+000
114  0.000000e+000
115  0.000000e+000
116  0.000000e+000
117  0.000000e+000
118  0.000000e+000
119  0.000000e+000
120  0.000000e+000
121  0.000000e+000
122  3.700000e-002
123  1.240000e-001
124  2.330000e-001
125  1.240000e-001
126  6.200000e-002
127  3.300000e-002
128  1.700000e-002
129  8.000000e-003
130  4.000000e-003
131  2.000000e-003
132  9.000000e-003
133  2.700000e-002
134  1.300000e-002
135  8.000000e-003
136  4.000000e-003
137  2.000000e-003
138  1.000000e-003
139  1.000000e-003
140  0.000000e+000
141  0.000000e+000
142  0.000000e+000
143  0.000000e+000
144  0.000000e+000
   9 
1  1.180000e-001
2  6.730000e-001
3  2.266000e+000
4  5.935000e+000
5  3.433000e+000
6  1.708000e+000
7  9.100000e-001
8  4.630000e-001
9  2.310000e-001
10  1.230000e-001
11  6.100000e-002
12  3.300000e-002
13  1.690000e-001
14  3.130000e-001
15  5.780000e+000
16  1.566600e+001
17  9.952000e+000
18  4.985000e+000
19  2.655000e+000
20  1.352000e+000
21  6.730000e-001
22  3.580000e-001
23  1.780000e-001
24  3.070000e-001
25  1.034000e+000
26  5.161000e+000
27  6.393000e+000
28  3.228000e+000
29  1.782000e+000
30  8.890000e-001
31  4.730000e-001
32  2.410000e-001
33  1.200000e-001
34  6.400000e-002
35  3.200000e-002
36  1.800000e-002
37  1.700000e-001
38  3.070000e-001
39  1.733000e+000
40  2.408000e+000
41  2.020000e+000
42  1.068000e+000
43  5.690000e-001
44  2.900000e-001
45  1.440000e-001
46  7.700000e-002
47  2.567000e+000
48  1.946300e+001
49  2.316600e+001
50  1.425100e+001
51  1.220100e+001
52  1.028200e+001
53  5.476000e+000
54  2.725000e+000
55  1.451000e+000
56  7.390000e-001
57  3.680000e-001
58  1.960000e-001
59  3.470000e-001
60  3.260000e-001
61  2.560000e-001
62  1.710000e-001
63  1.020000e-001
64  9.800000e-002
65  1.060000e-001
66  5.300000e-002
67  2.800000e-002
68  1.400000e-002
69  7.000000e-003
70  4.000000e-003
71  2.000000e-003
72  1.000000e-003
73  5.000000e-003
74  9.800000e-002
75  9.900000e-002
76  1.510000e-001
77  1.330000e-001
78  7.500000e-002
79  4.000000e-002
80  2.000000e-002
81  1.000000e-002
82  5.000000e-003
83  3.000000e-003
84  1.000000e-003
85  1.000000e-003
86  2.230000e-001
87  2.340000e-001
88  1.170000e-001
89  6.200000e-002
90  3.100000e-002
91  1.150000e-001
92  7.000000e-002
93  3.500000e-002
94  1.900000e-002
95  9.000000e-003
96  5.000000e-003
97  9.900000e-002
98  4.970000e-001
99  4.830000e-001
100  3.000000e-001
101  1.960000e-001
102  9.800000e-002
103  5.200000e-002
104  2.600000e-002
105  1.300000e-002
106  7.000000e-003
107  3.000000e-003
108  2.000000e-003
109  1.000000e-003
110  0.000000e+000
111  0.000000e+000
112  0.000000e+000
113  0.000000e+000
114  0.000000e+000
115  0.000000e+000
116  0.000000e+000
117  0.000000e+000
118  0.000000e+000
119  0.000000e+000
120  0.000000e+000
121  0.000000e+000
122  3.700000e-002
123  1.240000e-001
124  2.330000e-001
125  1.240000e-001
126  6.200000e-002
127  3.300000e-002
128  1.700000e-002
129  8.000000e-003
130  4.000000e-003
131  2.000000e-003
132  9.000000e-003
133  2.600000e-002
134  1.200000e-002
135  7.000000e-003
136  4.000000e-003
137  2.000000e-003
138  1.000000e-003
139  1.000000e-003
140  0.000000e+000
141  0.000000e+000
142  0.000000e+000
143  0.000000e+000
144  0.000000e+000
   10 
1  1.180000e-001
2  6.470000e-001
3  2.185000e+000
4  5.853000e+000
5  3.397000e+000
6  1.694000e+000
7  9.040000e-001
8  4.610000e-001
9  2.300000e-001
10  1.230000e-001
11  6.100000e-002
12  3.300000e-002
13  1.700000e-001
14  3.160000e-001
15  5.692000e+000
16  1.551400e+001
17  9.875000e+000
18  4.957000e+000
19  2.645000e+000
20  1.350000e+000
21  6.730000e-001
22  3.590000e-001
23  1.790000e-001
24  3.090000e-001
25  1.000000e+000
26  5.042000e+000
27  6.296000e+000
28  3.186000e+000
29  1.763000e+000
30  8.810000e-001
31  4.700000e-001
32  2.400000e-001
33  1.200000e-001
34  6.400000e-002
35  3.200000e-002
36  1.800000e-002
37  1.710000e-001
38  3.080000e-001
39  1.681000e+000
40  2.326000e+000
41  1.960000e+000
42  1.039000e+000
43  5.550000e-001
44  2.830000e-001
45  1.410000e-001
46  7.500000e-002
47  2.545000e+000
48  1.935200e+001
49  2.308000e+001
50  1.420800e+001
51  1.215200e+001
52  1.024900e+001
53  5.470000e+000
54  2.727000e+000
55  1.455000e+000
56  7.420000e-001
57  3.700000e-001
58  1.980000e-001
59  3.490000e-001
60  3.280000e-001
61  2.580000e-001
62  1.730000e-001
63  1.040000e-001
64  1.010000e-001
65  1.090000e-001
66  5.400000e-002
67  2.900000e-002
68  1.500000e-002
69  7.000000e-003
70  4.000000e-003
71  2.000000e-003
72  1.000000e-003
73  5.000000e-003
74  9.900000e-002
75  1.000000e-001
76  1.530000e-001
77  1.350000e-001
78  7.600000e-002
79  4.100000e-002
80  2.100000e-002
81  1.000000e-002
82  6.000000e-003
83  3.000000e-003
84  1.000000e-003
85  1.000000e-003
86  2.230000e-001
87  2.340000e-001
88  1.170000e-001
89  6.300000e-002
90  3.100000e-002
91  1.160000e-001
92  7.100000e-002
93  3.600000e-002
94  1.900000e-002
95  9.000000e-003
96  5.000000e-003
97  1.000000e-001
98  4.970000e-001
99  4.840000e-001
100  3.010000e-001
101  1.970000e-001
102  9.800000e-002
103  5.200000e-002
104  2.700000e-002
105  1.300000e-002
106  7.000000e-003
107  4.000000e-003
108  2.000000e-003
109  1.000000e-003
110  0.000000e+000
111  0.000000e+000
112  0.000000e+000
113  0.000000e+000
114  0.000000e+000
115  0.000000e+000
116  0.000000e+000
117  0.000000e+000
118  0.000000e+000
119  0.000000e+000
120  0.000000e+000
121  0.000000e+000
122  3.700000e-002
123  1.240000e-001
124  2.330000e-001
125  1.240000e-001
126  6.200000e-002
127  3.300000e-002
128  1.700000e-002
129  8.000000e-003
130  4.000000e-003
131  2.000000e-003
132  9.000000e-003
133  2.800000e-002
134  1.300000e-002
135  8.000000e-003
136  4.000000e-003
137  2.000000e-003
138  1.000000e-003
139  1.000000e-003
140  0.000000e+000
141  0.000000e+000
142  0.000000e+000
143  0.000000e+000
144  0.000000e+000
