   1 
1  4.700000e-002
2  1.290000e-001
3  4.667000e+000
4  1.394200e+001
5  7.813000e+000
6  3.883000e+000
7  2.066000e+000
8  1.051000e+000
9  5.220000e-001
10  2.780000e-001
11  1.380000e-001
12  7.300000e-002
13  3.700000e-002
14  3.600000e-002
15  7.150000e-001
16  6.198000e+000
17  3.744000e+000
18  1.861000e+000
19  9.900000e-001
20  5.040000e-001
21  2.500000e-001
22  1.330000e-001
23  6.600000e-002
24  1.580000e-001
25  1.300000e-001
26  8.100000e-002
27  2.660000e-001
28  4.350000e-001
29  1.012600e+001
30  7.508000e+000
31  3.994000e+000
32  2.032000e+000
33  1.010000e+000
34  5.370000e-001
35  2.670000e-001
36  1.420000e-001
37  1.490000e-001
38  3.610000e-001
39  4.260000e-001
40  2.645000e+000
41  1.174300e+001
42  9.003000e+000
43  4.790000e+000
44  2.436000e+000
45  1.211000e+000
46  6.440000e-001
47  3.210000e-001
48  2.170000e-001
49  6.980000e+000
50  4.261000e+000
51  1.877700e+001
52  1.466200e+001
53  2.296400e+001
54  1.150500e+001
55  6.124000e+000
56  3.115000e+000
57  1.548000e+000
58  8.240000e-001
59  6.200000e-001
60  5.180000e-001
61  4.850000e-001
62  4.110000e-001
63  2.640000e-001
64  1.254800e+001
65  2.699100e+001
66  2.007500e+001
67  1.114100e+001
68  5.667000e+000
69  2.817000e+000
70  1.498000e+000
71  7.450000e-001
72  3.960000e-001
73  2.020000e-001
74  1.470000e-001
75  1.730000e-001
76  1.440400e+001
77  1.283700e+001
78  6.380000e+000
79  3.394000e+000
80  1.726000e+000
81  8.580000e-001
82  4.560000e-001
83  2.270000e-001
84  1.210000e-001
85  6.100000e-002
86  2.900000e-002
87  1.700000e-002
88  1.740000e-001
89  1.140000e-001
90  5.700000e-002
91  3.000000e-002
92  1.500000e-002
93  8.000000e-003
94  4.000000e-003
95  2.000000e-003
96  1.000000e-003
97  1.000000e-003
98  2.310000e-001
99  7.004000e+000
100  1.339200e+001
101  8.715000e+000
102  4.417000e+000
103  2.350000e+000
104  1.195000e+000
105  5.940000e-001
106  3.160000e-001
107  1.570000e-001
108  8.400000e-002
109  4.600000e-002
110  4.600000e-002
111  2.700000e-002
112  1.300000e-002
113  7.000000e-003
114  4.000000e-003
115  2.000000e-003
116  1.000000e-003
117  0.000000e+000
118  0.000000e+000
119  0.000000e+000
120  1.090000e-001
121  8.700000e-002
122  1.170000e-001
123  1.070000e+000
124  2.809000e+000
125  1.556000e+000
126  7.730000e-001
127  4.110000e-001
128  2.090000e-001
129  1.040000e-001
130  5.500000e-002
131  2.700000e-002
132  1.900000e-002
133  1.800000e-002
134  2.430000e-001
135  2.520000e-001
136  1.440000e-001
137  8.200000e-002
138  4.100000e-002
139  2.200000e-002
140  1.100000e-002
141  5.000000e-003
142  3.000000e-003
143  1.000000e-003
144  1.000000e-003
   2 
1  4.700000e-002
2  1.340000e-001
3  4.397000e+000
4  1.350800e+001
5  7.584000e+000
6  3.772000e+000
7  2.008000e+000
8  1.022000e+000
9  5.080000e-001
10  2.710000e-001
11  1.350000e-001
12  7.200000e-002
13  3.600000e-002
14  3.600000e-002
15  5.910000e-001
16  5.695000e+000
17  3.469000e+000
18  1.725000e+000
19  9.180000e-001
20  4.670000e-001
21  2.330000e-001
22  1.240000e-001
23  6.200000e-002
24  1.560000e-001
25  1.300000e-001
26  8.200000e-002
27  2.670000e-001
28  3.870000e-001
29  9.433000e+000
30  7.070000e+000
31  3.764000e+000
32  1.916000e+000
33  9.530000e-001
34  5.070000e-001
35  2.520000e-001
36  1.340000e-001
37  1.460000e-001
38  3.650000e-001
39  4.290000e-001
40  2.253000e+000
41  1.132100e+001
42  8.765000e+000
43  4.666000e+000
44  2.375000e+000
45  1.181000e+000
46  6.290000e-001
47  3.150000e-001
48  2.180000e-001
49  6.767000e+000
50  4.133000e+000
51  1.838200e+001
52  1.441500e+001
53  2.257300e+001
54  1.132700e+001
55  6.034000e+000
56  3.071000e+000
57  1.527000e+000
58  8.130000e-001
59  6.190000e-001
60  5.240000e-001
61  4.910000e-001
62  4.150000e-001
63  2.670000e-001
64  1.214500e+001
65  2.649200e+001
66  1.971300e+001
67  1.094700e+001
68  5.572000e+000
69  2.771000e+000
70  1.475000e+000
71  7.340000e-001
72  3.910000e-001
73  1.990000e-001
74  1.510000e-001
75  1.880000e-001
76  1.406800e+001
77  1.257000e+001
78  6.252000e+000
79  3.328000e+000
80  1.694000e+000
81  8.420000e-001
82  4.480000e-001
83  2.230000e-001
84  1.190000e-001
85  6.000000e-002
86  2.900000e-002
87  1.700000e-002
88  1.780000e-001
89  1.170000e-001
90  5.800000e-002
91  3.100000e-002
92  1.600000e-002
93  8.000000e-003
94  4.000000e-003
95  2.000000e-003
96  1.000000e-003
97  1.000000e-003
98  2.320000e-001
99  6.596000e+000
100  1.282800e+001
101  8.375000e+000
102  4.248000e+000
103  2.262000e+000
104  1.151000e+000
105  5.730000e-001
106  3.050000e-001
107  1.520000e-001
108  8.100000e-002
109  4.500000e-002
110  4.600000e-002
111  2.700000e-002
112  1.300000e-002
113  7.000000e-003
114  4.000000e-003
115  2.000000e-003
116  1.000000e-003
117  0.000000e+000
118  0.000000e+000
119  1.000000e-003
120  1.110000e-001
121  8.900000e-002
122  1.230000e-001
123  9.600000e-001
124  2.431000e+000
125  1.356000e+000
126  6.740000e-001
127  3.590000e-001
128  1.830000e-001
129  9.100000e-002
130  4.800000e-002
131  2.400000e-002
132  1.900000e-002
133  2.300000e-002
134  2.470000e-001
135  2.550000e-001
136  1.490000e-001
137  8.600000e-002
138  4.300000e-002
139  2.300000e-002
140  1.200000e-002
141  6.000000e-003
142  3.000000e-003
143  2.000000e-003
144  1.000000e-003
   3 
1  4.700000e-002
2  1.340000e-001
3  4.403000e+000
4  1.352100e+001
5  7.586000e+000
6  3.770000e+000
7  2.006000e+000
8  1.020000e+000
9  5.070000e-001
10  2.700000e-001
11  1.340000e-001
12  7.100000e-002
13  3.600000e-002
14  3.500000e-002
15  5.930000e-001
16  5.706000e+000
17  3.473000e+000
18  1.726000e+000
19  9.180000e-001
20  4.670000e-001
21  2.320000e-001
22  1.230000e-001
23  6.100000e-002
24  1.560000e-001
25  1.300000e-001
26  8.200000e-002
27  2.670000e-001
28  3.870000e-001
29  9.449000e+000
30  7.077000e+000
31  3.765000e+000
32  1.915000e+000
33  9.520000e-001
34  5.060000e-001
35  2.520000e-001
36  1.340000e-001
37  1.460000e-001
38  3.650000e-001
39  4.290000e-001
40  2.259000e+000
41  1.133400e+001
42  8.770000e+000
43  4.665000e+000
44  2.373000e+000
45  1.179000e+000
46  6.270000e-001
47  3.140000e-001
48  2.170000e-001
49  6.775000e+000
50  4.135000e+000
51  1.839800e+001
52  1.442100e+001
53  2.258400e+001
54  1.132400e+001
55  6.028000e+000
56  3.066000e+000
57  1.524000e+000
58  8.110000e-001
59  6.180000e-001
60  5.230000e-001
61  4.900000e-001
62  4.150000e-001
63  2.660000e-001
64  1.216000e+001
65  2.651300e+001
66  1.972000e+001
67  1.094300e+001
68  5.566000e+000
69  2.766000e+000
70  1.471000e+000
71  7.310000e-001
72  3.890000e-001
73  1.980000e-001
74  1.510000e-001
75  1.870000e-001
76  1.408400e+001
77  1.257700e+001
78  6.251000e+000
79  3.325000e+000
80  1.691000e+000
81  8.410000e-001
82  4.470000e-001
83  2.220000e-001
84  1.180000e-001
85  6.000000e-002
86  2.800000e-002
87  1.700000e-002
88  1.780000e-001
89  1.170000e-001
90  5.800000e-002
91  3.100000e-002
92  1.600000e-002
93  8.000000e-003
94  4.000000e-003
95  2.000000e-003
96  1.000000e-003
97  1.000000e-003
98  2.320000e-001
99  6.607000e+000
100  1.284100e+001
101  8.378000e+000
102  4.247000e+000
103  2.259000e+000
104  1.149000e+000
105  5.710000e-001
106  3.040000e-001
107  1.510000e-001
108  8.000000e-002
109  4.500000e-002
110  4.600000e-002
111  2.700000e-002
112  1.300000e-002
113  7.000000e-003
114  4.000000e-003
115  2.000000e-003
116  1.000000e-003
117  0.000000e+000
118  0.000000e+000
119  1.000000e-003
120  1.120000e-001
121  8.900000e-002
122  1.230000e-001
123  9.620000e-001
124  2.437000e+000
125  1.358000e+000
126  6.750000e-001
127  3.590000e-001
128  1.830000e-001
129  9.100000e-002
130  4.800000e-002
131  2.400000e-002
132  1.900000e-002
133  2.300000e-002
134  2.470000e-001
135  2.550000e-001
136  1.490000e-001
137  8.500000e-002
138  4.200000e-002
139  2.300000e-002
140  1.100000e-002
141  6.000000e-003
142  3.000000e-003
143  2.000000e-003
144  1.000000e-003
   4 
1  4.900000e-002
2  1.330000e-001
3  5.223000e+000
4  1.447400e+001
5  8.104000e+000
6  4.032000e+000
7  2.147000e+000
8  1.093000e+000
9  5.440000e-001
10  2.900000e-001
11  1.440000e-001
12  7.700000e-002
13  3.900000e-002
14  3.700000e-002
15  9.490000e-001
16  7.015000e+000
17  4.190000e+000
18  2.085000e+000
19  1.110000e+000
20  5.650000e-001
21  2.810000e-001
22  1.500000e-001
23  7.500000e-002
24  1.630000e-001
25  1.330000e-001
26  8.300000e-002
27  2.670000e-001
28  7.460000e-001
29  1.094200e+001
30  7.958000e+000
31  4.238000e+000
32  2.158000e+000
33  1.074000e+000
34  5.720000e-001
35  2.840000e-001
36  1.510000e-001
37  1.540000e-001
38  3.670000e-001
39  4.320000e-001
40  3.340000e+000
41  1.272500e+001
42  9.543000e+000
43  5.082000e+000
44  2.588000e+000
45  1.287000e+000
46  6.860000e-001
47  3.430000e-001
48  2.340000e-001
49  7.845000e+000
50  4.770000e+000
51  1.903300e+001
52  1.486900e+001
53  2.355800e+001
54  1.186100e+001
55  6.321000e+000
56  3.218000e+000
57  1.601000e+000
58  8.530000e-001
59  6.390000e-001
60  5.370000e-001
61  4.970000e-001
62  4.310000e-001
63  3.150000e-001
64  1.344500e+001
65  2.806200e+001
66  2.113000e+001
67  1.175500e+001
68  5.986000e+000
69  2.978000e+000
70  1.586000e+000
71  7.890000e-001
72  4.200000e-001
73  2.140000e-001
74  1.580000e-001
75  1.940000e-001
76  1.554100e+001
77  1.360700e+001
78  6.770000e+000
79  3.605000e+000
80  1.836000e+000
81  9.130000e-001
82  4.860000e-001
83  2.420000e-001
84  1.290000e-001
85  6.600000e-002
86  3.100000e-002
87  1.800000e-002
88  1.760000e-001
89  1.160000e-001
90  5.800000e-002
91  3.100000e-002
92  1.600000e-002
93  8.000000e-003
94  4.000000e-003
95  2.000000e-003
96  1.000000e-003
97  1.000000e-003
98  2.310000e-001
99  7.452000e+000
100  1.417100e+001
101  9.442000e+000
102  4.799000e+000
103  2.556000e+000
104  1.301000e+000
105  6.470000e-001
106  3.450000e-001
107  1.720000e-001
108  9.100000e-002
109  5.000000e-002
110  4.800000e-002
111  2.800000e-002
112  1.400000e-002
113  8.000000e-003
114  4.000000e-003
115  2.000000e-003
116  1.000000e-003
117  1.000000e-003
118  0.000000e+000
119  1.000000e-003
120  1.110000e-001
121  8.800000e-002
122  1.220000e-001
123  1.364000e+000
124  3.713000e+000
125  2.038000e+000
126  1.014000e+000
127  5.400000e-001
128  2.750000e-001
129  1.370000e-001
130  7.300000e-002
131  3.600000e-002
132  2.600000e-002
133  2.700000e-002
134  2.480000e-001
135  2.550000e-001
136  1.520000e-001
137  8.800000e-002
138  4.400000e-002
139  2.300000e-002
140  1.200000e-002
141  6.000000e-003
142  3.000000e-003
143  2.000000e-003
144  1.000000e-003
   5 
1  4.600000e-002
2  1.320000e-001
3  4.547000e+000
4  1.375800e+001
5  7.691000e+000
6  3.811000e+000
7  2.021000e+000
8  1.025000e+000
9  5.080000e-001
10  2.690000e-001
11  1.340000e-001
12  7.100000e-002
13  3.600000e-002
14  3.500000e-002
15  6.530000e-001
16  5.958000e+000
17  3.603000e+000
18  1.785000e+000
19  9.470000e-001
20  4.800000e-001
21  2.380000e-001
22  1.260000e-001
23  6.300000e-002
24  1.570000e-001
25  1.300000e-001
26  8.100000e-002
27  2.660000e-001
28  3.870000e-001
29  9.789000e+000
30  7.286000e+000
31  3.864000e+000
32  1.960000e+000
33  9.710000e-001
34  5.150000e-001
35  2.550000e-001
36  1.350000e-001
37  1.460000e-001
38  3.640000e-001
39  4.280000e-001
40  2.457000e+000
41  1.156500e+001
42  8.887000e+000
43  4.714000e+000
44  2.390000e+000
45  1.184000e+000
46  6.280000e-001
47  3.130000e-001
48  2.140000e-001
49  6.893000e+000
50  4.197000e+000
51  1.863400e+001
52  1.454700e+001
53  2.278300e+001
54  1.138600e+001
55  6.043000e+000
56  3.065000e+000
57  1.519000e+000
58  8.050000e-001
59  6.130000e-001
60  5.170000e-001
61  4.860000e-001
62  4.130000e-001
63  2.640000e-001
64  1.238200e+001
65  2.678900e+001
66  1.988700e+001
67  1.100600e+001
68  5.581000e+000
69  2.766000e+000
70  1.467000e+000
71  7.270000e-001
72  3.860000e-001
73  1.960000e-001
74  1.470000e-001
75  1.800000e-001
76  1.429400e+001
77  1.271700e+001
78  6.302000e+000
79  3.343000e+000
80  1.695000e+000
81  8.400000e-001
82  4.460000e-001
83  2.210000e-001
84  1.170000e-001
85  5.900000e-002
86  2.800000e-002
87  1.600000e-002
88  1.770000e-001
89  1.160000e-001
90  5.700000e-002
91  3.000000e-002
92  1.500000e-002
93  8.000000e-003
94  4.000000e-003
95  2.000000e-003
96  1.000000e-003
97  1.000000e-003
98  2.340000e-001
99  6.811000e+000
100  1.311400e+001
101  8.526000e+000
102  4.309000e+000
103  2.286000e+000
104  1.159000e+000
105  5.740000e-001
106  3.050000e-001
107  1.510000e-001
108  8.000000e-002
109  4.500000e-002
110  4.600000e-002
111  2.700000e-002
112  1.300000e-002
113  7.000000e-003
114  3.000000e-003
115  2.000000e-003
116  1.000000e-003
117  0.000000e+000
118  0.000000e+000
119  0.000000e+000
120  1.110000e-001
121  8.800000e-002
122  1.210000e-001
123  1.017000e+000
124  2.619000e+000
125  1.450000e+000
126  7.190000e-001
127  3.810000e-001
128  1.930000e-001
129  9.600000e-002
130  5.100000e-002
131  2.500000e-002
132  1.900000e-002
133  2.000000e-002
134  2.460000e-001
135  2.540000e-001
136  1.470000e-001
137  8.400000e-002
138  4.100000e-002
139  2.200000e-002
140  1.100000e-002
141  6.000000e-003
142  3.000000e-003
143  1.000000e-003
144  1.000000e-003
   6 
1  4.700000e-002
2  1.290000e-001
3  4.646000e+000
4  1.390800e+001
5  7.795000e+000
6  3.874000e+000
7  2.061000e+000
8  1.048000e+000
9  5.210000e-001
10  2.770000e-001
11  1.380000e-001
12  7.300000e-002
13  3.700000e-002
14  3.600000e-002
15  7.060000e-001
16  6.160000e+000
17  3.723000e+000
18  1.850000e+000
19  9.840000e-001
20  5.010000e-001
21  2.490000e-001
22  1.320000e-001
23  6.600000e-002
24  1.580000e-001
25  1.310000e-001
26  8.100000e-002
27  2.670000e-001
28  4.110000e-001
29  1.007000e+001
30  7.477000e+000
31  3.978000e+000
32  2.023000e+000
33  1.006000e+000
34  5.350000e-001
35  2.660000e-001
36  1.410000e-001
37  1.490000e-001
38  3.620000e-001
39  4.260000e-001
40  2.616000e+000
41  1.171000e+001
42  8.985000e+000
43  4.780000e+000
44  2.431000e+000
45  1.209000e+000
46  6.430000e-001
47  3.200000e-001
48  2.170000e-001
49  6.965000e+000
50  4.252000e+000
51  1.874700e+001
52  1.464300e+001
53  2.293300e+001
54  1.149100e+001
55  6.117000e+000
56  3.111000e+000
57  1.547000e+000
58  8.230000e-001
59  6.200000e-001
60  5.190000e-001
61  4.850000e-001
62  4.110000e-001
63  2.640000e-001
64  1.251500e+001
65  2.695100e+001
66  2.004500e+001
67  1.112500e+001
68  5.659000e+000
69  2.813000e+000
70  1.496000e+000
71  7.440000e-001
72  3.960000e-001
73  2.010000e-001
74  1.470000e-001
75  1.740000e-001
76  1.437900e+001
77  1.281600e+001
78  6.370000e+000
79  3.389000e+000
80  1.724000e+000
81  8.570000e-001
82  4.560000e-001
83  2.270000e-001
84  1.210000e-001
85  6.100000e-002
86  2.900000e-002
87  1.700000e-002
88  1.750000e-001
89  1.150000e-001
90  5.700000e-002
91  3.000000e-002
92  1.500000e-002
93  8.000000e-003
94  4.000000e-003
95  2.000000e-003
96  1.000000e-003
97  1.000000e-003
98  2.320000e-001
99  6.969000e+000
100  1.334300e+001
101  8.685000e+000
102  4.402000e+000
103  2.342000e+000
104  1.191000e+000
105  5.920000e-001
106  3.150000e-001
107  1.570000e-001
108  8.300000e-002
109  4.600000e-002
110  4.600000e-002
111  2.700000e-002
112  1.300000e-002
113  7.000000e-003
114  4.000000e-003
115  2.000000e-003
116  1.000000e-003
117  0.000000e+000
118  0.000000e+000
119  0.000000e+000
120  1.090000e-001
121  8.700000e-002
122  1.170000e-001
123  1.061000e+000
124  2.779000e+000
125  1.540000e+000
126  7.650000e-001
127  4.070000e-001
128  2.070000e-001
129  1.030000e-001
130  5.500000e-002
131  2.700000e-002
132  1.900000e-002
133  1.800000e-002
134  2.440000e-001
135  2.520000e-001
136  1.450000e-001
137  8.200000e-002
138  4.100000e-002
139  2.200000e-002
140  1.100000e-002
141  5.000000e-003
142  3.000000e-003
143  1.000000e-003
144  1.000000e-003
   7 
1  4.800000e-002
2  1.270000e-001
3  4.738000e+000
4  1.406000e+001
5  7.879000e+000
6  3.918000e+000
7  2.086000e+000
8  1.061000e+000
9  5.280000e-001
10  2.810000e-001
11  1.400000e-001
12  7.400000e-002
13  3.800000e-002
14  3.600000e-002
15  7.500000e-001
16  6.343000e+000
17  3.825000e+000
18  1.902000e+000
19  1.012000e+000
20  5.150000e-001
21  2.560000e-001
22  1.360000e-001
23  6.800000e-002
24  1.580000e-001
25  1.310000e-001
26  8.100000e-002
27  2.660000e-001
28  5.290000e-001
29  1.033100e+001
30  7.619000e+000
31  4.055000e+000
32  2.064000e+000
33  1.026000e+000
34  5.460000e-001
35  2.720000e-001
36  1.450000e-001
37  1.500000e-001
38  3.600000e-001
39  4.230000e-001
40  2.755000e+000
41  1.185800e+001
42  9.072000e+000
43  4.829000e+000
44  2.457000e+000
45  1.222000e+000
46  6.500000e-001
47  3.240000e-001
48  2.180000e-001
49  7.037000e+000
50  4.296000e+000
51  1.887400e+001
52  1.473000e+001
53  2.308100e+001
54  1.156700e+001
55  6.160000e+000
56  3.135000e+000
57  1.559000e+000
58  8.300000e-001
59  6.220000e-001
60  5.170000e-001
61  4.850000e-001
62  4.110000e-001
63  2.640000e-001
64  1.265900e+001
65  2.713000e+001
66  2.018500e+001
67  1.120700e+001
68  5.703000e+000
69  2.836000e+000
70  1.510000e+000
71  7.510000e-001
72  4.000000e-001
73  2.030000e-001
74  1.460000e-001
75  1.680000e-001
76  1.448500e+001
77  1.290900e+001
78  6.420000e+000
79  3.417000e+000
80  1.739000e+000
81  8.650000e-001
82  4.600000e-001
83  2.290000e-001
84  1.220000e-001
85  6.200000e-002
86  2.900000e-002
87  1.700000e-002
88  1.730000e-001
89  1.140000e-001
90  5.700000e-002
91  3.000000e-002
92  1.500000e-002
93  8.000000e-003
94  4.000000e-003
95  2.000000e-003
96  1.000000e-003
97  1.000000e-003
98  2.290000e-001
99  7.123000e+000
100  1.356000e+001
101  8.820000e+000
102  4.473000e+000
103  2.381000e+000
104  1.212000e+000
105  6.030000e-001
106  3.210000e-001
107  1.590000e-001
108  8.500000e-002
109  4.700000e-002
110  4.600000e-002
111  2.700000e-002
112  1.300000e-002
113  7.000000e-003
114  4.000000e-003
115  2.000000e-003
116  1.000000e-003
117  0.000000e+000
118  0.000000e+000
119  0.000000e+000
120  1.080000e-001
121  8.600000e-002
122  1.150000e-001
123  1.100000e+000
124  2.917000e+000
125  1.614000e+000
126  8.020000e-001
127  4.270000e-001
128  2.170000e-001
129  1.080000e-001
130  5.800000e-002
131  2.900000e-002
132  1.900000e-002
133  1.600000e-002
134  2.420000e-001
135  2.500000e-001
136  1.420000e-001
137  8.100000e-002
138  4.000000e-002
139  2.100000e-002
140  1.100000e-002
141  5.000000e-003
142  3.000000e-003
143  1.000000e-003
144  1.000000e-003
   8 
1  4.800000e-002
2  1.260000e-001
3  4.784000e+000
4  1.413400e+001
5  7.917000e+000
6  3.936000e+000
7  2.095000e+000
8  1.066000e+000
9  5.300000e-001
10  2.820000e-001
11  1.400000e-001
12  7.500000e-002
13  3.800000e-002
14  3.600000e-002
15  7.720000e-001
16  6.426000e+000
17  3.870000e+000
18  1.924000e+000
19  1.024000e+000
20  5.210000e-001
21  2.590000e-001
22  1.380000e-001
23  6.900000e-002
24  1.590000e-001
25  1.310000e-001
26  8.100000e-002
27  2.650000e-001
28  5.810000e-001
29  1.045100e+001
30  7.682000e+000
31  4.088000e+000
32  2.080000e+000
33  1.034000e+000
34  5.500000e-001
35  2.740000e-001
36  1.460000e-001
37  1.500000e-001
38  3.590000e-001
39  4.230000e-001
40  2.817000e+000
41  1.192600e+001
42  9.111000e+000
43  4.848000e+000
44  2.467000e+000
45  1.226000e+000
46  6.530000e-001
47  3.250000e-001
48  2.180000e-001
49  7.072000e+000
50  4.316000e+000
51  1.894200e+001
52  1.477300e+001
53  2.314900e+001
54  1.159700e+001
55  6.175000e+000
56  3.142000e+000
57  1.562000e+000
58  8.310000e-001
59  6.220000e-001
60  5.160000e-001
61  4.840000e-001
62  4.100000e-001
63  2.630000e-001
64  1.272800e+001
65  2.721700e+001
66  2.024800e+001
67  1.124000e+001
68  5.719000e+000
69  2.843000e+000
70  1.513000e+000
71  7.520000e-001
72  4.000000e-001
73  2.040000e-001
74  1.450000e-001
75  1.650000e-001
76  1.453700e+001
77  1.295200e+001
78  6.440000e+000
79  3.427000e+000
80  1.744000e+000
81  8.670000e-001
82  4.610000e-001
83  2.290000e-001
84  1.220000e-001
85  6.200000e-002
86  2.900000e-002
87  1.700000e-002
88  1.730000e-001
89  1.130000e-001
90  5.600000e-002
91  3.000000e-002
92  1.500000e-002
93  8.000000e-003
94  4.000000e-003
95  2.000000e-003
96  1.000000e-003
97  1.000000e-003
98  2.300000e-001
99  7.193000e+000
100  1.365900e+001
101  8.879000e+000
102  4.502000e+000
103  2.396000e+000
104  1.219000e+000
105  6.060000e-001
106  3.230000e-001
107  1.600000e-001
108  8.500000e-002
109  4.700000e-002
110  4.600000e-002
111  2.700000e-002
112  1.300000e-002
113  7.000000e-003
114  4.000000e-003
115  2.000000e-003
116  1.000000e-003
117  0.000000e+000
118  0.000000e+000
119  0.000000e+000
120  1.080000e-001
121  8.600000e-002
122  1.130000e-001
123  1.118000e+000
124  2.977000e+000
125  1.645000e+000
126  8.180000e-001
127  4.350000e-001
128  2.210000e-001
129  1.100000e-001
130  5.900000e-002
131  2.900000e-002
132  1.800000e-002
133  1.500000e-002
134  2.420000e-001
135  2.500000e-001
136  1.410000e-001
137  8.000000e-002
138  4.000000e-002
139  2.100000e-002
140  1.100000e-002
141  5.000000e-003
142  3.000000e-003
143  1.000000e-003
144  1.000000e-003
   9 
1  4.800000e-002
2  1.250000e-001
3  4.812000e+000
4  1.418000e+001
5  7.948000e+000
6  3.955000e+000
7  2.106000e+000
8  1.073000e+000
9  5.340000e-001
10  2.840000e-001
11  1.410000e-001
12  7.500000e-002
13  3.800000e-002
14  3.600000e-002
15  7.860000e-001
16  6.486000e+000
17  3.906000e+000
18  1.944000e+000
19  1.035000e+000
20  5.270000e-001
21  2.620000e-001
22  1.400000e-001
23  7.000000e-002
24  1.590000e-001
25  1.310000e-001
26  8.100000e-002
27  2.650000e-001
28  6.220000e-001
29  1.053600e+001
30  7.730000e+000
31  4.117000e+000
32  2.096000e+000
33  1.043000e+000
34  5.560000e-001
35  2.760000e-001
36  1.470000e-001
37  1.500000e-001
38  3.590000e-001
39  4.230000e-001
40  2.864000e+000
41  1.197000e+001
42  9.139000e+000
43  4.868000e+000
44  2.479000e+000
45  1.233000e+000
46  6.570000e-001
47  3.270000e-001
48  2.190000e-001
49  7.092000e+000
50  4.331000e+000
51  1.898500e+001
52  1.480600e+001
53  2.319700e+001
54  1.162900e+001
55  6.196000e+000
56  3.155000e+000
57  1.570000e+000
58  8.360000e-001
59  6.240000e-001
60  5.160000e-001
61  4.830000e-001
62  4.090000e-001
63  2.630000e-001
64  1.276800e+001
65  2.726600e+001
66  2.029400e+001
67  1.127400e+001
68  5.741000e+000
69  2.857000e+000
70  1.521000e+000
71  7.570000e-001
72  4.030000e-001
73  2.050000e-001
74  1.450000e-001
75  1.630000e-001
76  1.456300e+001
77  1.298100e+001
78  6.459000e+000
79  3.440000e+000
80  1.752000e+000
81  8.720000e-001
82  4.640000e-001
83  2.310000e-001
84  1.230000e-001
85  6.300000e-002
86  3.000000e-002
87  1.700000e-002
88  1.730000e-001
89  1.130000e-001
90  5.600000e-002
91  3.000000e-002
92  1.500000e-002
93  8.000000e-003
94  4.000000e-003
95  2.000000e-003
96  1.000000e-003
97  1.000000e-003
98  2.300000e-001
99  7.241000e+000
100  1.372800e+001
101  8.927000e+000
102  4.530000e+000
103  2.412000e+000
104  1.228000e+000
105  6.110000e-001
106  3.260000e-001
107  1.620000e-001
108  8.600000e-002
109  4.800000e-002
110  4.600000e-002
111  2.700000e-002
112  1.300000e-002
113  7.000000e-003
114  4.000000e-003
115  2.000000e-003
116  1.000000e-003
117  0.000000e+000
118  0.000000e+000
119  0.000000e+000
120  1.070000e-001
121  8.500000e-002
122  1.120000e-001
123  1.131000e+000
124  3.026000e+000
125  1.672000e+000
126  8.320000e-001
127  4.430000e-001
128  2.260000e-001
129  1.120000e-001
130  6.000000e-002
131  3.000000e-002
132  1.900000e-002
133  1.500000e-002
134  2.400000e-001
135  2.490000e-001
136  1.400000e-001
137  7.900000e-002
138  4.000000e-002
139  2.100000e-002
140  1.100000e-002
141  5.000000e-003
142  3.000000e-003
143  1.000000e-003
144  1.000000e-003
   10 
1  4.900000e-002
2  1.270000e-001
3  4.743000e+000
4  1.406000e+001
5  7.898000e+000
6  3.938000e+000
7  2.101000e+000
8  1.072000e+000
9  5.340000e-001
10  2.850000e-001
11  1.420000e-001
12  7.600000e-002
13  3.900000e-002
14  3.600000e-002
15  7.570000e-001
16  6.357000e+000
17  3.842000e+000
18  1.915000e+000
19  1.022000e+000
20  5.210000e-001
21  2.600000e-001
22  1.390000e-001
23  6.900000e-002
24  1.590000e-001
25  1.310000e-001
26  8.200000e-002
27  2.650000e-001
28  5.470000e-001
29  1.034800e+001
30  7.638000e+000
31  4.076000e+000
32  2.080000e+000
33  1.037000e+000
34  5.530000e-001
35  2.760000e-001
36  1.470000e-001
37  1.510000e-001
38  3.590000e-001
39  4.230000e-001
40  2.770000e+000
41  1.185200e+001
42  9.080000e+000
43  4.845000e+000
44  2.472000e+000
45  1.233000e+000
46  6.580000e-001
47  3.280000e-001
48  2.200000e-001
49  7.030000e+000
50  4.301000e+000
51  1.885500e+001
52  1.473700e+001
53  2.308000e+001
54  1.159500e+001
55  6.191000e+000
56  3.159000e+000
57  1.575000e+000
58  8.400000e-001
59  6.270000e-001
60  5.210000e-001
61  4.860000e-001
62  4.110000e-001
63  2.650000e-001
64  1.264600e+001
65  2.710800e+001
66  2.020100e+001
67  1.124300e+001
68  5.737000e+000
69  2.860000e+000
70  1.526000e+000
71  7.610000e-001
72  4.060000e-001
73  2.070000e-001
74  1.470000e-001
75  1.680000e-001
76  1.446100e+001
77  1.291300e+001
78  6.438000e+000
79  3.435000e+000
80  1.753000e+000
81  8.740000e-001
82  4.660000e-001
83  2.320000e-001
84  1.240000e-001
85  6.300000e-002
86  3.000000e-002
87  1.800000e-002
88  1.730000e-001
89  1.140000e-001
90  5.700000e-002
91  3.000000e-002
92  1.500000e-002
93  8.000000e-003
94  4.000000e-003
95  2.000000e-003
96  1.000000e-003
97  1.000000e-003
98  2.280000e-001
99  7.124000e+000
100  1.357200e+001
101  8.844000e+000
102  4.496000e+000
103  2.399000e+000
104  1.224000e+000
105  6.100000e-001
106  3.260000e-001
107  1.620000e-001
108  8.700000e-002
109  4.800000e-002
110  4.600000e-002
111  2.700000e-002
112  1.300000e-002
113  7.000000e-003
114  4.000000e-003
115  2.000000e-003
116  1.000000e-003
117  0.000000e+000
118  0.000000e+000
119  0.000000e+000
120  1.080000e-001
121  8.600000e-002
122  1.140000e-001
123  1.103000e+000
124  2.934000e+000
125  1.626000e+000
126  8.110000e-001
127  4.330000e-001
128  2.210000e-001
129  1.100000e-001
130  5.900000e-002
131  2.900000e-002
132  1.900000e-002
133  1.600000e-002
134  2.410000e-001
135  2.500000e-001
136  1.420000e-001
137  8.100000e-002
138  4.000000e-002
139  2.100000e-002
140  1.100000e-002
141  5.000000e-003
142  3.000000e-003
143  1.000000e-003
144  1.000000e-003
