   1 
1  4.700000e-002
2  2.400000e-001
3  1.920000e-001
4  1.830000e-001
5  1.020000e-001
6  5.100000e-002
7  2.700000e-002
8  1.400000e-002
9  7.000000e-003
10  4.000000e-003
11  2.000000e-003
12  1.000000e-003
13  0.000000e+000
14  0.000000e+000
15  6.090000e-001
16  6.374000e+000
17  5.157000e+000
18  2.594000e+000
19  1.380000e+000
20  7.020000e-001
21  3.490000e-001
22  1.860000e-001
23  9.200000e-002
24  1.370000e-001
25  1.930000e-001
26  3.010000e-001
27  3.510000e-001
28  2.050000e-001
29  1.500000e-001
30  7.600000e-002
31  4.000000e-002
32  2.100000e-002
33  1.000000e-002
34  5.000000e-003
35  3.000000e-003
36  1.000000e-003
37  1.000000e-003
38  2.500000e-002
39  1.180000e-001
40  9.800000e-002
41  8.800000e-002
42  4.500000e-002
43  2.400000e-002
44  1.200000e-002
45  6.000000e-003
46  3.000000e-003
47  7.300000e-002
48  2.209000e+000
49  1.232200e+001
50  8.303000e+000
51  8.986000e+000
52  9.045000e+000
53  4.820000e+000
54  2.396000e+000
55  1.274000e+000
56  6.480000e-001
57  3.220000e-001
58  1.710000e-001
59  1.280000e-001
60  7.500000e-002
61  3.800000e-002
62  1.800000e-002
63  1.000000e-002
64  9.000000e-003
65  1.400000e-002
66  7.000000e-003
67  4.000000e-003
68  2.000000e-003
69  1.000000e-003
70  0.000000e+000
71  0.000000e+000
72  0.000000e+000
73  0.000000e+000
74  0.000000e+000
75  0.000000e+000
76  0.000000e+000
77  0.000000e+000
78  0.000000e+000
79  0.000000e+000
80  0.000000e+000
81  0.000000e+000
82  0.000000e+000
83  0.000000e+000
84  0.000000e+000
85  0.000000e+000
86  1.410000e-001
87  1.480000e-001
88  7.400000e-002
89  3.900000e-002
90  1.900000e-002
91  1.000000e-002
92  5.000000e-003
93  3.000000e-003
94  1.000000e-003
95  1.000000e-003
96  0.000000e+000
97  5.000000e-002
98  3.110000e-001
99  2.680000e-001
100  1.660000e-001
101  1.120000e-001
102  5.600000e-002
103  3.000000e-002
104  1.500000e-002
105  8.000000e-003
106  4.000000e-003
107  2.000000e-003
108  1.000000e-003
109  1.000000e-003
110  0.000000e+000
111  0.000000e+000
112  0.000000e+000
113  0.000000e+000
114  0.000000e+000
115  0.000000e+000
116  0.000000e+000
117  0.000000e+000
118  0.000000e+000
119  0.000000e+000
120  0.000000e+000
121  0.000000e+000
122  0.000000e+000
123  5.300000e-002
124  1.390000e-001
125  7.400000e-002
126  3.700000e-002
127  2.000000e-002
128  1.000000e-002
129  5.000000e-003
130  3.000000e-003
131  1.000000e-003
132  1.000000e-003
133  0.000000e+000
134  0.000000e+000
135  0.000000e+000
136  0.000000e+000
137  0.000000e+000
138  0.000000e+000
139  0.000000e+000
140  0.000000e+000
141  0.000000e+000
142  0.000000e+000
143  0.000000e+000
144  0.000000e+000
   2 
1  4.900000e-002
2  2.530000e-001
3  2.050000e-001
4  1.920000e-001
5  1.080000e-001
6  5.400000e-002
7  2.900000e-002
8  1.500000e-002
9  7.000000e-003
10  4.000000e-003
11  2.000000e-003
12  1.000000e-003
13  1.000000e-003
14  0.000000e+000
15  5.770000e-001
16  6.179000e+000
17  5.024000e+000
18  2.531000e+000
19  1.347000e+000
20  6.860000e-001
21  3.410000e-001
22  1.820000e-001
23  9.000000e-002
24  1.420000e-001
25  1.980000e-001
26  3.040000e-001
27  3.540000e-001
28  2.070000e-001
29  1.510000e-001
30  7.700000e-002
31  4.100000e-002
32  2.100000e-002
33  1.000000e-002
34  5.000000e-003
35  3.000000e-003
36  1.000000e-003
37  1.000000e-003
38  2.600000e-002
39  1.250000e-001
40  1.050000e-001
41  9.600000e-002
42  4.900000e-002
43  2.600000e-002
44  1.300000e-002
45  7.000000e-003
46  4.000000e-003
47  7.900000e-002
48  2.150000e+000
49  1.221200e+001
50  8.185000e+000
51  8.824000e+000
52  8.916000e+000
53  4.760000e+000
54  2.367000e+000
55  1.260000e+000
56  6.410000e-001
57  3.190000e-001
58  1.700000e-001
59  1.310000e-001
60  7.700000e-002
61  3.900000e-002
62  1.900000e-002
63  1.100000e-002
64  1.000000e-002
65  1.800000e-002
66  9.000000e-003
67  5.000000e-003
68  2.000000e-003
69  1.000000e-003
70  1.000000e-003
71  0.000000e+000
72  0.000000e+000
73  0.000000e+000
74  0.000000e+000
75  0.000000e+000
76  0.000000e+000
77  0.000000e+000
78  0.000000e+000
79  0.000000e+000
80  0.000000e+000
81  0.000000e+000
82  0.000000e+000
83  0.000000e+000
84  0.000000e+000
85  0.000000e+000
86  1.420000e-001
87  1.480000e-001
88  7.400000e-002
89  3.900000e-002
90  2.000000e-002
91  1.000000e-002
92  5.000000e-003
93  3.000000e-003
94  1.000000e-003
95  1.000000e-003
96  0.000000e+000
97  5.300000e-002
98  3.150000e-001
99  2.790000e-001
100  1.740000e-001
101  1.170000e-001
102  5.800000e-002
103  3.100000e-002
104  1.600000e-002
105  8.000000e-003
106  4.000000e-003
107  2.000000e-003
108  1.000000e-003
109  1.000000e-003
110  0.000000e+000
111  0.000000e+000
112  0.000000e+000
113  0.000000e+000
114  0.000000e+000
115  0.000000e+000
116  0.000000e+000
117  0.000000e+000
118  0.000000e+000
119  0.000000e+000
120  0.000000e+000
121  0.000000e+000
122  0.000000e+000
123  5.300000e-002
124  1.400000e-001
125  7.400000e-002
126  3.700000e-002
127  2.000000e-002
128  1.000000e-002
129  5.000000e-003
130  3.000000e-003
131  1.000000e-003
132  1.000000e-003
133  0.000000e+000
134  0.000000e+000
135  0.000000e+000
136  0.000000e+000
137  0.000000e+000
138  0.000000e+000
139  0.000000e+000
140  0.000000e+000
141  0.000000e+000
142  0.000000e+000
143  0.000000e+000
144  0.000000e+000
   3 
1  4.900000e-002
2  2.530000e-001
3  2.050000e-001
4  1.920000e-001
5  1.080000e-001
6  5.400000e-002
7  2.900000e-002
8  1.500000e-002
9  7.000000e-003
10  4.000000e-003
11  2.000000e-003
12  1.000000e-003
13  1.000000e-003
14  0.000000e+000
15  5.780000e-001
16  6.185000e+000
17  5.027000e+000
18  2.531000e+000
19  1.346000e+000
20  6.850000e-001
21  3.400000e-001
22  1.810000e-001
23  9.000000e-002
24  1.420000e-001
25  1.980000e-001
26  3.040000e-001
27  3.540000e-001
28  2.060000e-001
29  1.510000e-001
30  7.600000e-002
31  4.100000e-002
32  2.100000e-002
33  1.000000e-002
34  5.000000e-003
35  3.000000e-003
36  1.000000e-003
37  1.000000e-003
38  2.600000e-002
39  1.250000e-001
40  1.050000e-001
41  9.600000e-002
42  4.900000e-002
43  2.600000e-002
44  1.300000e-002
45  7.000000e-003
46  4.000000e-003
47  7.900000e-002
48  2.152000e+000
49  1.222100e+001
50  8.188000e+000
51  8.826000e+000
52  8.918000e+000
53  4.757000e+000
54  2.364000e+000
55  1.258000e+000
56  6.400000e-001
57  3.180000e-001
58  1.690000e-001
59  1.300000e-001
60  7.700000e-002
61  3.900000e-002
62  1.900000e-002
63  1.100000e-002
64  1.000000e-002
65  1.800000e-002
66  9.000000e-003
67  5.000000e-003
68  2.000000e-003
69  1.000000e-003
70  1.000000e-003
71  0.000000e+000
72  0.000000e+000
73  0.000000e+000
74  0.000000e+000
75  0.000000e+000
76  0.000000e+000
77  0.000000e+000
78  0.000000e+000
79  0.000000e+000
80  0.000000e+000
81  0.000000e+000
82  0.000000e+000
83  0.000000e+000
84  0.000000e+000
85  0.000000e+000
86  1.420000e-001
87  1.490000e-001
88  7.400000e-002
89  3.900000e-002
90  2.000000e-002
91  1.000000e-002
92  5.000000e-003
93  3.000000e-003
94  1.000000e-003
95  1.000000e-003
96  0.000000e+000
97  5.300000e-002
98  3.150000e-001
99  2.790000e-001
100  1.740000e-001
101  1.170000e-001
102  5.800000e-002
103  3.100000e-002
104  1.600000e-002
105  8.000000e-003
106  4.000000e-003
107  2.000000e-003
108  1.000000e-003
109  1.000000e-003
110  0.000000e+000
111  0.000000e+000
112  0.000000e+000
113  0.000000e+000
114  0.000000e+000
115  0.000000e+000
116  0.000000e+000
117  0.000000e+000
118  0.000000e+000
119  0.000000e+000
120  0.000000e+000
121  0.000000e+000
122  0.000000e+000
123  5.300000e-002
124  1.400000e-001
125  7.400000e-002
126  3.700000e-002
127  2.000000e-002
128  1.000000e-002
129  5.000000e-003
130  3.000000e-003
131  1.000000e-003
132  1.000000e-003
133  0.000000e+000
134  0.000000e+000
135  0.000000e+000
136  0.000000e+000
137  0.000000e+000
138  0.000000e+000
139  0.000000e+000
140  0.000000e+000
141  0.000000e+000
142  0.000000e+000
143  0.000000e+000
144  0.000000e+000
   4 
1  4.900000e-002
2  2.510000e-001
3  2.080000e-001
4  1.970000e-001
5  1.150000e-001
6  5.700000e-002
7  3.000000e-002
8  1.500000e-002
9  8.000000e-003
10  4.000000e-003
11  2.000000e-003
12  1.000000e-003
13  1.000000e-003
14  0.000000e+000
15  9.640000e-001
16  7.578000e+000
17  5.923000e+000
18  2.978000e+000
19  1.586000e+000
20  8.080000e-001
21  4.020000e-001
22  2.140000e-001
23  1.060000e-001
24  1.490000e-001
25  2.010000e-001
26  3.050000e-001
27  3.550000e-001
28  2.070000e-001
29  1.510000e-001
30  7.700000e-002
31  4.100000e-002
32  2.100000e-002
33  1.000000e-002
34  6.000000e-003
35  3.000000e-003
36  1.000000e-003
37  1.000000e-003
38  2.600000e-002
39  1.250000e-001
40  1.060000e-001
41  1.010000e-001
42  5.200000e-002
43  2.800000e-002
44  1.400000e-002
45  7.000000e-003
46  4.000000e-003
47  7.900000e-002
48  3.042000e+000
49  1.330500e+001
50  8.743000e+000
51  9.448000e+000
52  9.402000e+000
53  5.019000e+000
54  2.497000e+000
55  1.330000e+000
56  6.770000e-001
57  3.370000e-001
58  1.790000e-001
59  1.360000e-001
60  8.000000e-002
61  4.100000e-002
62  1.900000e-002
63  1.100000e-002
64  1.200000e-002
65  2.100000e-002
66  1.000000e-002
67  6.000000e-003
68  3.000000e-003
69  1.000000e-003
70  1.000000e-003
71  0.000000e+000
72  0.000000e+000
73  0.000000e+000
74  0.000000e+000
75  0.000000e+000
76  0.000000e+000
77  0.000000e+000
78  0.000000e+000
79  0.000000e+000
80  0.000000e+000
81  0.000000e+000
82  0.000000e+000
83  0.000000e+000
84  0.000000e+000
85  0.000000e+000
86  6.200000e-002
87  9.100000e-002
88  4.500000e-002
89  2.400000e-002
90  1.200000e-002
91  6.000000e-003
92  3.000000e-003
93  2.000000e-003
94  1.000000e-003
95  0.000000e+000
96  0.000000e+000
97  5.300000e-002
98  3.140000e-001
99  2.810000e-001
100  1.770000e-001
101  1.190000e-001
102  5.900000e-002
103  3.100000e-002
104  1.600000e-002
105  8.000000e-003
106  4.000000e-003
107  2.000000e-003
108  1.000000e-003
109  1.000000e-003
110  0.000000e+000
111  0.000000e+000
112  0.000000e+000
113  0.000000e+000
114  0.000000e+000
115  0.000000e+000
116  0.000000e+000
117  0.000000e+000
118  0.000000e+000
119  0.000000e+000
120  0.000000e+000
121  0.000000e+000
122  0.000000e+000
123  5.300000e-002
124  1.390000e-001
125  7.400000e-002
126  3.700000e-002
127  2.000000e-002
128  1.000000e-002
129  5.000000e-003
130  3.000000e-003
131  1.000000e-003
132  1.000000e-003
133  0.000000e+000
134  0.000000e+000
135  0.000000e+000
136  0.000000e+000
137  0.000000e+000
138  0.000000e+000
139  0.000000e+000
140  0.000000e+000
141  0.000000e+000
142  0.000000e+000
143  0.000000e+000
144  0.000000e+000
   5 
1  4.800000e-002
2  2.480000e-001
3  1.990000e-001
4  1.880000e-001
5  1.050000e-001
6  5.200000e-002
7  2.800000e-002
8  1.400000e-002
9  7.000000e-003
10  4.000000e-003
11  2.000000e-003
12  1.000000e-003
13  0.000000e+000
14  0.000000e+000
15  5.990000e-001
16  6.301000e+000
17  5.096000e+000
18  2.557000e+000
19  1.356000e+000
20  6.880000e-001
21  3.410000e-001
22  1.810000e-001
23  9.000000e-002
24  1.390000e-001
25  1.950000e-001
26  3.030000e-001
27  3.530000e-001
28  2.050000e-001
29  1.500000e-001
30  7.600000e-002
31  4.000000e-002
32  2.000000e-002
33  1.000000e-002
34  5.000000e-003
35  3.000000e-003
36  1.000000e-003
37  1.000000e-003
38  2.600000e-002
39  1.220000e-001
40  1.020000e-001
41  9.300000e-002
42  4.700000e-002
43  2.500000e-002
44  1.300000e-002
45  6.000000e-003
46  3.000000e-003
47  7.700000e-002
48  2.192000e+000
49  1.230700e+001
50  8.253000e+000
51  8.905000e+000
52  8.981000e+000
53  4.775000e+000
54  2.366000e+000
55  1.255000e+000
56  6.360000e-001
57  3.150000e-001
58  1.670000e-001
59  1.270000e-001
60  7.500000e-002
61  3.800000e-002
62  1.800000e-002
63  1.000000e-002
64  1.000000e-002
65  1.600000e-002
66  8.000000e-003
67  4.000000e-003
68  2.000000e-003
69  1.000000e-003
70  1.000000e-003
71  0.000000e+000
72  0.000000e+000
73  0.000000e+000
74  0.000000e+000
75  0.000000e+000
76  0.000000e+000
77  0.000000e+000
78  0.000000e+000
79  0.000000e+000
80  0.000000e+000
81  0.000000e+000
82  0.000000e+000
83  0.000000e+000
84  0.000000e+000
85  0.000000e+000
86  1.420000e-001
87  1.490000e-001
88  7.400000e-002
89  3.900000e-002
90  1.900000e-002
91  1.000000e-002
92  5.000000e-003
93  3.000000e-003
94  1.000000e-003
95  1.000000e-003
96  0.000000e+000
97  5.200000e-002
98  3.150000e-001
99  2.740000e-001
100  1.700000e-001
101  1.150000e-001
102  5.700000e-002
103  3.000000e-002
104  1.500000e-002
105  8.000000e-003
106  4.000000e-003
107  2.000000e-003
108  1.000000e-003
109  1.000000e-003
110  0.000000e+000
111  0.000000e+000
112  0.000000e+000
113  0.000000e+000
114  0.000000e+000
115  0.000000e+000
116  0.000000e+000
117  0.000000e+000
118  0.000000e+000
119  0.000000e+000
120  0.000000e+000
121  0.000000e+000
122  0.000000e+000
123  5.300000e-002
124  1.400000e-001
125  7.400000e-002
126  3.700000e-002
127  2.000000e-002
128  1.000000e-002
129  5.000000e-003
130  3.000000e-003
131  1.000000e-003
132  1.000000e-003
133  0.000000e+000
134  0.000000e+000
135  0.000000e+000
136  0.000000e+000
137  0.000000e+000
138  0.000000e+000
139  0.000000e+000
140  0.000000e+000
141  0.000000e+000
142  0.000000e+000
143  0.000000e+000
144  0.000000e+000
   6 
1  4.700000e-002
2  2.410000e-001
3  1.930000e-001
4  1.840000e-001
5  1.020000e-001
6  5.100000e-002
7  2.700000e-002
8  1.400000e-002
9  7.000000e-003
10  4.000000e-003
11  2.000000e-003
12  1.000000e-003
13  0.000000e+000
14  0.000000e+000
15  6.070000e-001
16  6.359000e+000
17  5.147000e+000
18  2.589000e+000
19  1.378000e+000
20  7.010000e-001
21  3.480000e-001
22  1.850000e-001
23  9.200000e-002
24  1.380000e-001
25  1.940000e-001
26  3.020000e-001
27  3.520000e-001
28  2.050000e-001
29  1.500000e-001
30  7.600000e-002
31  4.000000e-002
32  2.100000e-002
33  1.000000e-002
34  5.000000e-003
35  3.000000e-003
36  1.000000e-003
37  1.000000e-003
38  2.500000e-002
39  1.180000e-001
40  9.900000e-002
41  8.900000e-002
42  4.500000e-002
43  2.400000e-002
44  1.200000e-002
45  6.000000e-003
46  3.000000e-003
47  7.400000e-002
48  2.205000e+000
49  1.231200e+001
50  8.293000e+000
51  8.972000e+000
52  9.035000e+000
53  4.815000e+000
54  2.393000e+000
55  1.273000e+000
56  6.480000e-001
57  3.220000e-001
58  1.710000e-001
59  1.280000e-001
60  7.500000e-002
61  3.800000e-002
62  1.800000e-002
63  1.100000e-002
64  9.000000e-003
65  1.400000e-002
66  7.000000e-003
67  4.000000e-003
68  2.000000e-003
69  1.000000e-003
70  1.000000e-003
71  0.000000e+000
72  0.000000e+000
73  0.000000e+000
74  0.000000e+000
75  0.000000e+000
76  0.000000e+000
77  0.000000e+000
78  0.000000e+000
79  0.000000e+000
80  0.000000e+000
81  0.000000e+000
82  0.000000e+000
83  0.000000e+000
84  0.000000e+000
85  0.000000e+000
86  1.410000e-001
87  1.480000e-001
88  7.300000e-002
89  3.900000e-002
90  1.900000e-002
91  1.000000e-002
92  5.000000e-003
93  3.000000e-003
94  1.000000e-003
95  1.000000e-003
96  0.000000e+000
97  5.000000e-002
98  3.110000e-001
99  2.680000e-001
100  1.660000e-001
101  1.130000e-001
102  5.600000e-002
103  3.000000e-002
104  1.500000e-002
105  8.000000e-003
106  4.000000e-003
107  2.000000e-003
108  1.000000e-003
109  1.000000e-003
110  0.000000e+000
111  0.000000e+000
112  0.000000e+000
113  0.000000e+000
114  0.000000e+000
115  0.000000e+000
116  0.000000e+000
117  0.000000e+000
118  0.000000e+000
119  0.000000e+000
120  0.000000e+000
121  0.000000e+000
122  0.000000e+000
123  5.300000e-002
124  1.390000e-001
125  7.400000e-002
126  3.700000e-002
127  2.000000e-002
128  1.000000e-002
129  5.000000e-003
130  3.000000e-003
131  1.000000e-003
132  1.000000e-003
133  0.000000e+000
134  0.000000e+000
135  0.000000e+000
136  0.000000e+000
137  0.000000e+000
138  0.000000e+000
139  0.000000e+000
140  0.000000e+000
141  0.000000e+000
142  0.000000e+000
143  0.000000e+000
144  0.000000e+000
   7 
1  4.700000e-002
2  2.360000e-001
3  1.880000e-001
4  1.800000e-001
5  1.000000e-001
6  5.000000e-002
7  2.700000e-002
8  1.400000e-002
9  7.000000e-003
10  4.000000e-003
11  2.000000e-003
12  1.000000e-003
13  0.000000e+000
14  0.000000e+000
15  6.160000e-001
16  6.421000e+000
17  5.193000e+000
18  2.613000e+000
19  1.391000e+000
20  7.080000e-001
21  3.520000e-001
22  1.870000e-001
23  9.300000e-002
24  1.360000e-001
25  1.910000e-001
26  2.990000e-001
27  3.500000e-001
28  2.040000e-001
29  1.490000e-001
30  7.600000e-002
31  4.000000e-002
32  2.100000e-002
33  1.000000e-002
34  5.000000e-003
35  3.000000e-003
36  1.000000e-003
37  1.000000e-003
38  2.400000e-002
39  1.150000e-001
40  9.600000e-002
41  8.500000e-002
42  4.400000e-002
43  2.300000e-002
44  1.200000e-002
45  6.000000e-003
46  3.000000e-003
47  7.100000e-002
48  2.221000e+000
49  1.234100e+001
50  8.331000e+000
51  9.032000e+000
52  9.080000e+000
53  4.840000e+000
54  2.407000e+000
55  1.281000e+000
56  6.520000e-001
57  3.240000e-001
58  1.730000e-001
59  1.270000e-001
60  7.400000e-002
61  3.800000e-002
62  1.800000e-002
63  1.000000e-002
64  8.000000e-003
65  1.200000e-002
66  6.000000e-003
67  3.000000e-003
68  2.000000e-003
69  1.000000e-003
70  0.000000e+000
71  0.000000e+000
72  0.000000e+000
73  0.000000e+000
74  0.000000e+000
75  0.000000e+000
76  0.000000e+000
77  0.000000e+000
78  0.000000e+000
79  0.000000e+000
80  0.000000e+000
81  0.000000e+000
82  0.000000e+000
83  0.000000e+000
84  0.000000e+000
85  0.000000e+000
86  1.410000e-001
87  1.480000e-001
88  7.300000e-002
89  3.900000e-002
90  1.900000e-002
91  1.000000e-002
92  5.000000e-003
93  3.000000e-003
94  1.000000e-003
95  1.000000e-003
96  0.000000e+000
97  4.900000e-002
98  3.100000e-001
99  2.640000e-001
100  1.630000e-001
101  1.110000e-001
102  5.500000e-002
103  2.900000e-002
104  1.500000e-002
105  7.000000e-003
106  4.000000e-003
107  2.000000e-003
108  1.000000e-003
109  1.000000e-003
110  0.000000e+000
111  0.000000e+000
112  0.000000e+000
113  0.000000e+000
114  0.000000e+000
115  0.000000e+000
116  0.000000e+000
117  0.000000e+000
118  0.000000e+000
119  0.000000e+000
120  0.000000e+000
121  0.000000e+000
122  0.000000e+000
123  5.300000e-002
124  1.390000e-001
125  7.400000e-002
126  3.700000e-002
127  2.000000e-002
128  1.000000e-002
129  5.000000e-003
130  3.000000e-003
131  1.000000e-003
132  1.000000e-003
133  0.000000e+000
134  0.000000e+000
135  0.000000e+000
136  0.000000e+000
137  0.000000e+000
138  0.000000e+000
139  0.000000e+000
140  0.000000e+000
141  0.000000e+000
142  0.000000e+000
143  0.000000e+000
144  0.000000e+000
   8 
1  4.600000e-002
2  2.340000e-001
3  1.860000e-001
4  1.790000e-001
5  1.000000e-001
6  5.000000e-002
7  2.600000e-002
8  1.300000e-002
9  7.000000e-003
10  4.000000e-003
11  2.000000e-003
12  1.000000e-003
13  0.000000e+000
14  0.000000e+000
15  6.200000e-001
16  6.453000e+000
17  5.215000e+000
18  2.623000e+000
19  1.396000e+000
20  7.100000e-001
21  3.530000e-001
22  1.880000e-001
23  9.300000e-002
24  1.350000e-001
25  1.900000e-001
26  2.990000e-001
27  3.500000e-001
28  2.040000e-001
29  1.490000e-001
30  7.600000e-002
31  4.000000e-002
32  2.100000e-002
33  1.000000e-002
34  5.000000e-003
35  3.000000e-003
36  1.000000e-003
37  1.000000e-003
38  2.400000e-002
39  1.140000e-001
40  9.400000e-002
41  8.300000e-002
42  4.300000e-002
43  2.300000e-002
44  1.200000e-002
45  6.000000e-003
46  3.000000e-003
47  7.000000e-002
48  2.230000e+000
49  1.236100e+001
50  8.350000e+000
51  9.061000e+000
52  9.100000e+000
53  4.849000e+000
54  2.411000e+000
55  1.283000e+000
56  6.530000e-001
57  3.250000e-001
58  1.730000e-001
59  1.260000e-001
60  7.400000e-002
61  3.800000e-002
62  1.800000e-002
63  1.000000e-002
64  8.000000e-003
65  1.200000e-002
66  6.000000e-003
67  3.000000e-003
68  2.000000e-003
69  1.000000e-003
70  0.000000e+000
71  0.000000e+000
72  0.000000e+000
73  0.000000e+000
74  0.000000e+000
75  0.000000e+000
76  0.000000e+000
77  0.000000e+000
78  0.000000e+000
79  0.000000e+000
80  0.000000e+000
81  0.000000e+000
82  0.000000e+000
83  0.000000e+000
84  0.000000e+000
85  0.000000e+000
86  1.410000e-001
87  1.480000e-001
88  7.300000e-002
89  3.900000e-002
90  1.900000e-002
91  1.000000e-002
92  5.000000e-003
93  3.000000e-003
94  1.000000e-003
95  1.000000e-003
96  0.000000e+000
97  4.800000e-002
98  3.090000e-001
99  2.620000e-001
100  1.620000e-001
101  1.100000e-001
102  5.500000e-002
103  2.900000e-002
104  1.500000e-002
105  7.000000e-003
106  4.000000e-003
107  2.000000e-003
108  1.000000e-003
109  1.000000e-003
110  0.000000e+000
111  0.000000e+000
112  0.000000e+000
113  0.000000e+000
114  0.000000e+000
115  0.000000e+000
116  0.000000e+000
117  0.000000e+000
118  0.000000e+000
119  0.000000e+000
120  0.000000e+000
121  0.000000e+000
122  0.000000e+000
123  5.300000e-002
124  1.390000e-001
125  7.400000e-002
126  3.700000e-002
127  2.000000e-002
128  1.000000e-002
129  5.000000e-003
130  3.000000e-003
131  1.000000e-003
132  1.000000e-003
133  0.000000e+000
134  0.000000e+000
135  0.000000e+000
136  0.000000e+000
137  0.000000e+000
138  0.000000e+000
139  0.000000e+000
140  0.000000e+000
141  0.000000e+000
142  0.000000e+000
143  0.000000e+000
144  0.000000e+000
   9 
1  4.600000e-002
2  2.320000e-001
3  1.840000e-001
4  1.770000e-001
5  9.900000e-002
6  4.900000e-002
7  2.600000e-002
8  1.300000e-002
9  7.000000e-003
10  4.000000e-003
11  2.000000e-003
12  1.000000e-003
13  0.000000e+000
14  0.000000e+000
15  6.230000e-001
16  6.471000e+000
17  5.230000e+000
18  2.633000e+000
19  1.402000e+000
20  7.140000e-001
21  3.550000e-001
22  1.890000e-001
23  9.400000e-002
24  1.350000e-001
25  1.890000e-001
26  2.980000e-001
27  3.480000e-001
28  2.030000e-001
29  1.490000e-001
30  7.600000e-002
31  4.000000e-002
32  2.100000e-002
33  1.000000e-002
34  5.000000e-003
35  3.000000e-003
36  1.000000e-003
37  1.000000e-003
38  2.400000e-002
39  1.120000e-001
40  9.300000e-002
41  8.200000e-002
42  4.200000e-002
43  2.200000e-002
44  1.100000e-002
45  6.000000e-003
46  3.000000e-003
47  6.900000e-002
48  2.234000e+000
49  1.236400e+001
50  8.362000e+000
51  9.081000e+000
52  9.116000e+000
53  4.860000e+000
54  2.419000e+000
55  1.288000e+000
56  6.560000e-001
57  3.260000e-001
58  1.740000e-001
59  1.260000e-001
60  7.400000e-002
61  3.800000e-002
62  1.800000e-002
63  1.000000e-002
64  8.000000e-003
65  1.100000e-002
66  5.000000e-003
67  3.000000e-003
68  1.000000e-003
69  1.000000e-003
70  0.000000e+000
71  0.000000e+000
72  0.000000e+000
73  0.000000e+000
74  0.000000e+000
75  0.000000e+000
76  0.000000e+000
77  0.000000e+000
78  0.000000e+000
79  0.000000e+000
80  0.000000e+000
81  0.000000e+000
82  0.000000e+000
83  0.000000e+000
84  0.000000e+000
85  0.000000e+000
86  1.410000e-001
87  1.480000e-001
88  7.300000e-002
89  3.900000e-002
90  1.900000e-002
91  1.000000e-002
92  5.000000e-003
93  3.000000e-003
94  1.000000e-003
95  1.000000e-003
96  0.000000e+000
97  4.800000e-002
98  3.080000e-001
99  2.600000e-001
100  1.600000e-001
101  1.100000e-001
102  5.400000e-002
103  2.900000e-002
104  1.500000e-002
105  7.000000e-003
106  4.000000e-003
107  2.000000e-003
108  1.000000e-003
109  1.000000e-003
110  0.000000e+000
111  0.000000e+000
112  0.000000e+000
113  0.000000e+000
114  0.000000e+000
115  0.000000e+000
116  0.000000e+000
117  0.000000e+000
118  0.000000e+000
119  0.000000e+000
120  0.000000e+000
121  0.000000e+000
122  0.000000e+000
123  5.300000e-002
124  1.390000e-001
125  7.400000e-002
126  3.700000e-002
127  2.000000e-002
128  1.000000e-002
129  5.000000e-003
130  3.000000e-003
131  1.000000e-003
132  1.000000e-003
133  0.000000e+000
134  0.000000e+000
135  0.000000e+000
136  0.000000e+000
137  0.000000e+000
138  0.000000e+000
139  0.000000e+000
140  0.000000e+000
141  0.000000e+000
142  0.000000e+000
143  0.000000e+000
144  0.000000e+000
   10 
1  4.600000e-002
2  2.340000e-001
3  1.870000e-001
4  1.800000e-001
5  1.000000e-001
6  5.000000e-002
7  2.700000e-002
8  1.400000e-002
9  7.000000e-003
10  4.000000e-003
11  2.000000e-003
12  1.000000e-003
13  0.000000e+000
14  0.000000e+000
15  6.160000e-001
16  6.417000e+000
17  5.199000e+000
18  2.622000e+000
19  1.399000e+000
20  7.140000e-001
21  3.560000e-001
22  1.900000e-001
23  9.500000e-002
24  1.360000e-001
25  1.910000e-001
26  2.990000e-001
27  3.500000e-001
28  2.050000e-001
29  1.500000e-001
30  7.600000e-002
31  4.100000e-002
32  2.100000e-002
33  1.000000e-002
34  6.000000e-003
35  3.000000e-003
36  1.000000e-003
37  1.000000e-003
38  2.400000e-002
39  1.140000e-001
40  9.500000e-002
41  8.400000e-002
42  4.300000e-002
43  2.300000e-002
44  1.200000e-002
45  6.000000e-003
46  3.000000e-003
47  7.000000e-002
48  2.219000e+000
49  1.232100e+001
50  8.335000e+000
51  9.040000e+000
52  9.088000e+000
53  4.856000e+000
54  2.421000e+000
55  1.292000e+000
56  6.590000e-001
57  3.290000e-001
58  1.750000e-001
59  1.280000e-001
60  7.500000e-002
61  3.800000e-002
62  1.800000e-002
63  1.100000e-002
64  8.000000e-003
65  1.200000e-002
66  6.000000e-003
67  3.000000e-003
68  2.000000e-003
69  1.000000e-003
70  0.000000e+000
71  0.000000e+000
72  0.000000e+000
73  0.000000e+000
74  0.000000e+000
75  0.000000e+000
76  0.000000e+000
77  0.000000e+000
78  0.000000e+000
79  0.000000e+000
80  0.000000e+000
81  0.000000e+000
82  0.000000e+000
83  0.000000e+000
84  0.000000e+000
85  0.000000e+000
86  1.400000e-001
87  1.480000e-001
88  7.400000e-002
89  3.900000e-002
90  2.000000e-002
91  1.000000e-002
92  5.000000e-003
93  3.000000e-003
94  1.000000e-003
95  1.000000e-003
96  0.000000e+000
97  4.900000e-002
98  3.090000e-001
99  2.630000e-001
100  1.630000e-001
101  1.110000e-001
102  5.500000e-002
103  2.900000e-002
104  1.500000e-002
105  8.000000e-003
106  4.000000e-003
107  2.000000e-003
108  1.000000e-003
109  1.000000e-003
110  0.000000e+000
111  0.000000e+000
112  0.000000e+000
113  0.000000e+000
114  0.000000e+000
115  0.000000e+000
116  0.000000e+000
117  0.000000e+000
118  0.000000e+000
119  0.000000e+000
120  0.000000e+000
121  0.000000e+000
122  0.000000e+000
123  5.200000e-002
124  1.380000e-001
125  7.400000e-002
126  3.700000e-002
127  2.000000e-002
128  1.000000e-002
129  5.000000e-003
130  3.000000e-003
131  1.000000e-003
132  1.000000e-003
133  0.000000e+000
134  0.000000e+000
135  0.000000e+000
136  0.000000e+000
137  0.000000e+000
138  0.000000e+000
139  0.000000e+000
140  0.000000e+000
141  0.000000e+000
142  0.000000e+000
143  0.000000e+000
144  0.000000e+000
