   1 
1  1.160000e-001
2  2.260000e-001
3  1.850000e-001
4  9.200000e-002
5  4.900000e-002
6  2.400000e-002
7  1.300000e-002
8  7.000000e-003
9  3.000000e-003
10  2.000000e-003
11  1.000000e-003
12  2.900000e-002
13  6.900000e-002
14  2.140000e-001
15  3.730000e-001
16  1.910000e-001
17  1.110000e-001
18  6.600000e-002
19  3.500000e-002
20  1.800000e-002
21  9.000000e-003
22  5.000000e-003
23  2.500000e-002
24  8.200000e-002
25  9.900000e-002
26  2.870000e-001
27  5.320000e-001
28  1.715800e+001
29  2.760800e+001
30  1.394400e+001
31  7.418000e+000
32  3.773000e+000
33  1.875000e+000
34  9.980000e-001
35  4.960000e-001
36  3.320000e-001
37  2.750000e-001
38  3.300000e-001
39  3.940000e+000
40  5.375000e+000
41  1.316000e+001
42  6.627000e+000
43  3.526000e+000
44  1.793000e+000
45  8.910000e-001
46  4.740000e-001
47  2.360000e-001
48  1.250000e-001
49  6.400000e-002
50  6.000000e-002
51  1.340000e-001
52  6.800000e-002
53  3.600000e-002
54  1.800000e-002
55  1.000000e-002
56  5.000000e-003
57  2.000000e-003
58  1.000000e-003
59  2.618000e+000
60  9.479000e+000
61  5.167000e+000
62  1.019600e+001
63  9.774000e+000
64  7.672000e+000
65  2.608200e+001
66  1.989400e+001
67  1.104200e+001
68  5.616000e+000
69  2.791000e+000
70  1.485000e+000
71  7.380000e-001
72  3.930000e-001
73  2.020000e-001
74  2.540000e-001
75  2.410000e-001
76  8.201000e+000
77  1.136600e+001
78  5.649000e+000
79  3.005000e+000
80  1.529000e+000
81  7.600000e-001
82  4.040000e-001
83  2.010000e-001
84  1.070000e-001
85  5.400000e-002
86  2.600000e-002
87  1.500000e-002
88  7.000000e-003
89  4.000000e-003
90  2.000000e-003
91  1.000000e-003
92  1.000000e-003
93  0.000000e+000
94  0.000000e+000
95  0.000000e+000
96  0.000000e+000
97  3.500000e-002
98  2.100000e-001
99  2.173000e+000
100  1.075100e+001
101  6.085000e+000
102  3.024000e+000
103  1.609000e+000
104  8.180000e-001
105  4.070000e-001
106  2.160000e-001
107  1.080000e-001
108  5.700000e-002
109  4.400000e-002
110  1.720000e-001
111  1.060000e-001
112  5.300000e-002
113  2.800000e-002
114  1.400000e-002
115  7.000000e-003
116  4.000000e-003
117  2.000000e-003
118  1.000000e-003
119  0.000000e+000
120  4.800000e-002
121  4.600000e-002
122  1.960000e-001
123  2.730000e-001
124  1.360000e-001
125  7.200000e-002
126  3.600000e-002
127  1.900000e-002
128  1.000000e-002
129  5.000000e-003
130  3.000000e-003
131  1.000000e-003
132  1.000000e-003
133  0.000000e+000
134  8.300000e-002
135  4.900000e-002
136  2.400000e-002
137  1.300000e-002
138  6.000000e-003
139  3.000000e-003
140  2.000000e-003
141  1.000000e-003
142  0.000000e+000
143  0.000000e+000
144  0.000000e+000
   2 
1  1.160000e-001
2  2.300000e-001
3  1.880000e-001
4  9.300000e-002
5  5.000000e-002
6  2.500000e-002
7  1.300000e-002
8  7.000000e-003
9  3.000000e-003
10  2.000000e-003
11  1.000000e-003
12  2.900000e-002
13  7.100000e-002
14  2.190000e-001
15  3.860000e-001
16  1.980000e-001
17  1.210000e-001
18  7.700000e-002
19  4.100000e-002
20  2.100000e-002
21  1.000000e-002
22  6.000000e-003
23  2.500000e-002
24  8.500000e-002
25  1.050000e-001
26  2.960000e-001
27  4.540000e-001
28  1.628900e+001
29  2.695000e+001
30  1.362400e+001
31  7.252000e+000
32  3.691000e+000
33  1.836000e+000
34  9.770000e-001
35  4.860000e-001
36  3.290000e-001
37  2.750000e-001
38  3.370000e-001
39  3.617000e+000
40  5.035000e+000
41  1.277400e+001
42  6.439000e+000
43  3.428000e+000
44  1.745000e+000
45  8.680000e-001
46  4.620000e-001
47  2.300000e-001
48  1.220000e-001
49  6.200000e-002
50  6.000000e-002
51  1.350000e-001
52  6.800000e-002
53  3.600000e-002
54  1.800000e-002
55  1.000000e-002
56  5.000000e-003
57  2.000000e-003
58  1.000000e-003
59  2.531000e+000
60  9.159000e+000
61  5.013000e+000
62  9.897000e+000
63  9.557000e+000
64  7.532000e+000
65  2.564700e+001
66  1.958200e+001
67  1.087800e+001
68  5.537000e+000
69  2.754000e+000
70  1.466000e+000
71  7.290000e-001
72  3.880000e-001
73  2.000000e-001
74  2.610000e-001
75  2.480000e-001
76  7.868000e+000
77  1.098500e+001
78  5.464000e+000
79  2.909000e+000
80  1.480000e+000
81  7.360000e-001
82  3.920000e-001
83  1.950000e-001
84  1.040000e-001
85  5.300000e-002
86  2.500000e-002
87  1.500000e-002
88  7.000000e-003
89  4.000000e-003
90  2.000000e-003
91  1.000000e-003
92  1.000000e-003
93  0.000000e+000
94  0.000000e+000
95  0.000000e+000
96  0.000000e+000
97  3.500000e-002
98  2.170000e-001
99  1.906000e+000
100  1.024800e+001
101  5.819000e+000
102  2.894000e+000
103  1.541000e+000
104  7.840000e-001
105  3.900000e-001
106  2.080000e-001
107  1.030000e-001
108  5.500000e-002
109  4.300000e-002
110  1.760000e-001
111  1.100000e-001
112  5.400000e-002
113  2.900000e-002
114  1.400000e-002
115  8.000000e-003
116  4.000000e-003
117  2.000000e-003
118  1.000000e-003
119  1.000000e-003
120  5.000000e-002
121  4.800000e-002
122  2.010000e-001
123  2.860000e-001
124  1.430000e-001
125  7.600000e-002
126  3.800000e-002
127  2.000000e-002
128  1.000000e-002
129  5.000000e-003
130  3.000000e-003
131  1.000000e-003
132  1.000000e-003
133  0.000000e+000
134  8.900000e-002
135  5.300000e-002
136  2.600000e-002
137  1.400000e-002
138  7.000000e-003
139  4.000000e-003
140  2.000000e-003
141  1.000000e-003
142  0.000000e+000
143  0.000000e+000
144  0.000000e+000
   3 
1  1.160000e-001
2  2.300000e-001
3  1.880000e-001
4  9.300000e-002
5  5.000000e-002
6  2.500000e-002
7  1.300000e-002
8  7.000000e-003
9  3.000000e-003
10  2.000000e-003
11  1.000000e-003
12  2.900000e-002
13  7.100000e-002
14  2.190000e-001
15  3.860000e-001
16  1.980000e-001
17  1.200000e-001
18  7.700000e-002
19  4.100000e-002
20  2.100000e-002
21  1.000000e-002
22  6.000000e-003
23  2.500000e-002
24  8.500000e-002
25  1.050000e-001
26  2.960000e-001
27  4.550000e-001
28  1.631500e+001
29  2.697300e+001
30  1.362600e+001
31  7.248000e+000
32  3.686000e+000
33  1.832000e+000
34  9.750000e-001
35  4.840000e-001
36  3.280000e-001
37  2.750000e-001
38  3.370000e-001
39  3.623000e+000
40  5.041000e+000
41  1.278500e+001
42  6.440000e+000
43  3.426000e+000
44  1.742000e+000
45  8.660000e-001
46  4.610000e-001
47  2.290000e-001
48  1.220000e-001
49  6.200000e-002
50  6.000000e-002
51  1.350000e-001
52  6.800000e-002
53  3.600000e-002
54  1.800000e-002
55  1.000000e-002
56  5.000000e-003
57  2.000000e-003
58  1.000000e-003
59  2.535000e+000
60  9.169000e+000
61  5.014000e+000
62  9.906000e+000
63  9.561000e+000
64  7.534000e+000
65  2.566600e+001
66  1.958800e+001
67  1.087400e+001
68  5.531000e+000
69  2.749000e+000
70  1.462000e+000
71  7.270000e-001
72  3.870000e-001
73  1.990000e-001
74  2.610000e-001
75  2.480000e-001
76  7.880000e+000
77  1.099600e+001
78  5.465000e+000
79  2.907000e+000
80  1.479000e+000
81  7.350000e-001
82  3.910000e-001
83  1.940000e-001
84  1.030000e-001
85  5.300000e-002
86  2.500000e-002
87  1.500000e-002
88  7.000000e-003
89  4.000000e-003
90  2.000000e-003
91  1.000000e-003
92  1.000000e-003
93  0.000000e+000
94  0.000000e+000
95  0.000000e+000
96  0.000000e+000
97  3.500000e-002
98  2.170000e-001
99  1.912000e+000
100  1.026200e+001
101  5.823000e+000
102  2.894000e+000
103  1.540000e+000
104  7.830000e-001
105  3.890000e-001
106  2.070000e-001
107  1.030000e-001
108  5.500000e-002
109  4.300000e-002
110  1.760000e-001
111  1.090000e-001
112  5.400000e-002
113  2.900000e-002
114  1.400000e-002
115  8.000000e-003
116  4.000000e-003
117  2.000000e-003
118  1.000000e-003
119  1.000000e-003
120  5.000000e-002
121  4.800000e-002
122  2.010000e-001
123  2.860000e-001
124  1.430000e-001
125  7.600000e-002
126  3.800000e-002
127  2.000000e-002
128  1.000000e-002
129  5.000000e-003
130  3.000000e-003
131  1.000000e-003
132  1.000000e-003
133  0.000000e+000
134  8.900000e-002
135  5.200000e-002
136  2.600000e-002
137  1.400000e-002
138  7.000000e-003
139  4.000000e-003
140  2.000000e-003
141  1.000000e-003
142  0.000000e+000
143  0.000000e+000
144  0.000000e+000
   4 
1  1.160000e-001
2  2.260000e-001
3  1.850000e-001
4  9.200000e-002
5  4.900000e-002
6  2.400000e-002
7  1.300000e-002
8  7.000000e-003
9  3.000000e-003
10  2.000000e-003
11  1.000000e-003
12  2.900000e-002
13  6.900000e-002
14  2.140000e-001
15  3.730000e-001
16  1.920000e-001
17  1.120000e-001
18  6.700000e-002
19  3.600000e-002
20  1.800000e-002
21  9.000000e-003
22  5.000000e-003
23  2.500000e-002
24  8.200000e-002
25  9.900000e-002
26  2.870000e-001
27  5.270000e-001
28  1.709000e+001
29  2.755300e+001
30  1.393100e+001
31  7.419000e+000
32  3.777000e+000
33  1.879000e+000
34  1.001000e+000
35  4.980000e-001
36  3.340000e-001
37  2.760000e-001
38  3.310000e-001
39  3.915000e+000
40  5.352000e+000
41  1.312900e+001
42  6.619000e+000
43  3.525000e+000
44  1.795000e+000
45  8.930000e-001
46  4.760000e-001
47  2.370000e-001
48  1.260000e-001
49  6.400000e-002
50  6.000000e-002
51  1.350000e-001
52  6.800000e-002
53  3.600000e-002
54  1.800000e-002
55  1.000000e-002
56  5.000000e-003
57  2.000000e-003
58  1.000000e-003
59  2.609000e+000
60  9.452000e+000
61  5.158000e+000
62  1.017300e+001
63  9.760000e+000
64  7.664000e+000
65  2.603900e+001
66  1.987400e+001
67  1.104100e+001
68  5.622000e+000
69  2.797000e+000
70  1.490000e+000
71  7.410000e-001
72  3.950000e-001
73  2.040000e-001
74  2.550000e-001
75  2.420000e-001
76  8.172000e+000
77  1.133800e+001
78  5.641000e+000
79  3.004000e+000
80  1.530000e+000
81  7.610000e-001
82  4.050000e-001
83  2.020000e-001
84  1.070000e-001
85  5.500000e-002
86  2.600000e-002
87  1.500000e-002
88  8.000000e-003
89  4.000000e-003
90  2.000000e-003
91  1.000000e-003
92  1.000000e-003
93  0.000000e+000
94  0.000000e+000
95  0.000000e+000
96  0.000000e+000
97  3.500000e-002
98  2.090000e-001
99  2.156000e+000
100  1.071300e+001
101  6.070000e+000
102  3.020000e+000
103  1.608000e+000
104  8.190000e-001
105  4.070000e-001
106  2.170000e-001
107  1.080000e-001
108  5.700000e-002
109  4.500000e-002
110  1.720000e-001
111  1.060000e-001
112  5.300000e-002
113  2.800000e-002
114  1.400000e-002
115  7.000000e-003
116  4.000000e-003
117  2.000000e-003
118  1.000000e-003
119  1.000000e-003
120  4.900000e-002
121  4.600000e-002
122  1.960000e-001
123  2.740000e-001
124  1.370000e-001
125  7.300000e-002
126  3.600000e-002
127  1.900000e-002
128  1.000000e-002
129  5.000000e-003
130  3.000000e-003
131  1.000000e-003
132  1.000000e-003
133  0.000000e+000
134  8.300000e-002
135  4.900000e-002
136  2.400000e-002
137  1.300000e-002
138  6.000000e-003
139  3.000000e-003
140  2.000000e-003
141  1.000000e-003
142  0.000000e+000
143  0.000000e+000
144  0.000000e+000
   5 
1  1.150000e-001
2  2.290000e-001
3  1.870000e-001
4  9.300000e-002
5  4.900000e-002
6  2.400000e-002
7  1.300000e-002
8  7.000000e-003
9  3.000000e-003
10  2.000000e-003
11  1.000000e-003
12  2.900000e-002
13  7.000000e-002
14  2.160000e-001
15  3.800000e-001
16  1.950000e-001
17  1.160000e-001
18  7.200000e-002
19  3.800000e-002
20  1.900000e-002
21  1.000000e-002
22  5.000000e-003
23  2.500000e-002
24  8.400000e-002
25  1.020000e-001
26  2.930000e-001
27  4.880000e-001
28  1.672800e+001
29  2.729700e+001
30  1.374800e+001
31  7.292000e+000
32  3.698000e+000
33  1.832000e+000
34  9.720000e-001
35  4.820000e-001
36  3.250000e-001
37  2.730000e-001
38  3.330000e-001
39  3.760000e+000
40  5.195000e+000
41  1.297300e+001
42  6.514000e+000
43  3.455000e+000
44  1.752000e+000
45  8.680000e-001
46  4.610000e-001
47  2.280000e-001
48  1.210000e-001
49  6.100000e-002
50  5.900000e-002
51  1.340000e-001
52  6.700000e-002
53  3.600000e-002
54  1.800000e-002
55  9.000000e-003
56  5.000000e-003
57  2.000000e-003
58  1.000000e-003
59  2.581000e+000
60  9.324000e+000
61  5.077000e+000
62  1.004600e+001
63  9.654000e+000
64  7.590000e+000
65  2.589700e+001
66  1.972600e+001
67  1.091900e+001
68  5.537000e+000
69  2.744000e+000
70  1.455000e+000
71  7.210000e-001
72  3.830000e-001
73  1.970000e-001
74  2.570000e-001
75  2.440000e-001
76  8.043000e+000
77  1.117100e+001
78  5.535000e+000
79  2.936000e+000
80  1.489000e+000
81  7.380000e-001
82  3.910000e-001
83  1.940000e-001
84  1.030000e-001
85  5.200000e-002
86  2.500000e-002
87  1.400000e-002
88  7.000000e-003
89  4.000000e-003
90  2.000000e-003
91  1.000000e-003
92  1.000000e-003
93  0.000000e+000
94  0.000000e+000
95  0.000000e+000
96  0.000000e+000
97  3.500000e-002
98  2.140000e-001
99  2.030000e+000
100  1.049800e+001
101  5.933000e+000
102  2.940000e+000
103  1.559000e+000
104  7.910000e-001
105  3.920000e-001
106  2.080000e-001
107  1.030000e-001
108  5.500000e-002
109  4.300000e-002
110  1.750000e-001
111  1.080000e-001
112  5.300000e-002
113  2.800000e-002
114  1.400000e-002
115  7.000000e-003
116  4.000000e-003
117  2.000000e-003
118  1.000000e-003
119  0.000000e+000
120  4.900000e-002
121  4.700000e-002
122  1.990000e-001
123  2.800000e-001
124  1.400000e-001
125  7.400000e-002
126  3.700000e-002
127  1.900000e-002
128  1.000000e-002
129  5.000000e-003
130  3.000000e-003
131  1.000000e-003
132  1.000000e-003
133  0.000000e+000
134  8.700000e-002
135  5.100000e-002
136  2.500000e-002
137  1.300000e-002
138  7.000000e-003
139  4.000000e-003
140  2.000000e-003
141  1.000000e-003
142  0.000000e+000
143  0.000000e+000
144  0.000000e+000
   6 
1  1.160000e-001
2  2.260000e-001
3  1.850000e-001
4  9.200000e-002
5  4.900000e-002
6  2.400000e-002
7  1.300000e-002
8  7.000000e-003
9  3.000000e-003
10  2.000000e-003
11  1.000000e-003
12  2.900000e-002
13  6.900000e-002
14  2.140000e-001
15  3.740000e-001
16  1.920000e-001
17  1.120000e-001
18  6.700000e-002
19  3.600000e-002
20  1.800000e-002
21  9.000000e-003
22  5.000000e-003
23  2.500000e-002
24  8.200000e-002
25  9.900000e-002
26  2.880000e-001
27  5.260000e-001
28  1.709000e+001
29  2.755700e+001
30  1.391900e+001
31  7.405000e+000
32  3.767000e+000
33  1.872000e+000
34  9.960000e-001
35  4.950000e-001
36  3.320000e-001
37  2.750000e-001
38  3.310000e-001
39  3.911000e+000
40  5.350000e+000
41  1.313200e+001
42  6.613000e+000
43  3.518000e+000
44  1.790000e+000
45  8.900000e-001
46  4.730000e-001
47  2.350000e-001
48  1.250000e-001
49  6.400000e-002
50  6.000000e-002
51  1.350000e-001
52  6.800000e-002
53  3.600000e-002
54  1.800000e-002
55  1.000000e-002
56  5.000000e-003
57  2.000000e-003
58  1.000000e-003
59  2.612000e+000
60  9.455000e+000
61  5.156000e+000
62  1.017200e+001
63  9.757000e+000
64  7.662000e+000
65  2.605100e+001
66  1.987100e+001
67  1.102900e+001
68  5.610000e+000
69  2.788000e+000
70  1.484000e+000
71  7.370000e-001
72  3.920000e-001
73  2.020000e-001
74  2.550000e-001
75  2.420000e-001
76  8.175000e+000
77  1.133600e+001
78  5.635000e+000
79  2.998000e+000
80  1.525000e+000
81  7.580000e-001
82  4.030000e-001
83  2.000000e-001
84  1.070000e-001
85  5.400000e-002
86  2.600000e-002
87  1.500000e-002
88  7.000000e-003
89  4.000000e-003
90  2.000000e-003
91  1.000000e-003
92  1.000000e-003
93  0.000000e+000
94  0.000000e+000
95  0.000000e+000
96  0.000000e+000
97  3.500000e-002
98  2.100000e-001
99  2.151000e+000
100  1.071000e+001
101  6.062000e+000
102  3.013000e+000
103  1.603000e+000
104  8.150000e-001
105  4.050000e-001
106  2.160000e-001
107  1.070000e-001
108  5.700000e-002
109  4.400000e-002
110  1.720000e-001
111  1.060000e-001
112  5.300000e-002
113  2.800000e-002
114  1.400000e-002
115  7.000000e-003
116  4.000000e-003
117  2.000000e-003
118  1.000000e-003
119  0.000000e+000
120  4.900000e-002
121  4.600000e-002
122  1.960000e-001
123  2.750000e-001
124  1.370000e-001
125  7.300000e-002
126  3.600000e-002
127  1.900000e-002
128  1.000000e-002
129  5.000000e-003
130  3.000000e-003
131  1.000000e-003
132  1.000000e-003
133  0.000000e+000
134  8.300000e-002
135  4.900000e-002
136  2.500000e-002
137  1.300000e-002
138  6.000000e-003
139  3.000000e-003
140  2.000000e-003
141  1.000000e-003
142  0.000000e+000
143  0.000000e+000
144  0.000000e+000
   7 
1  1.160000e-001
2  2.240000e-001
3  1.840000e-001
4  9.200000e-002
5  4.900000e-002
6  2.400000e-002
7  1.300000e-002
8  7.000000e-003
9  3.000000e-003
10  2.000000e-003
11  1.000000e-003
12  2.800000e-002
13  6.800000e-002
14  2.110000e-001
15  3.670000e-001
16  1.890000e-001
17  1.080000e-001
18  6.300000e-002
19  3.300000e-002
20  1.700000e-002
21  8.000000e-003
22  5.000000e-003
23  2.500000e-002
24  8.100000e-002
25  9.700000e-002
26  2.840000e-001
27  5.570000e-001
28  1.743200e+001
29  2.781400e+001
30  1.405400e+001
31  7.480000e+000
32  3.807000e+000
33  1.893000e+000
34  1.008000e+000
35  5.010000e-001
36  3.350000e-001
37  2.760000e-001
38  3.280000e-001
39  4.057000e+000
40  5.484000e+000
41  1.328200e+001
42  6.691000e+000
43  3.562000e+000
44  1.812000e+000
45  9.010000e-001
46  4.800000e-001
47  2.390000e-001
48  1.270000e-001
49  6.500000e-002
50  6.100000e-002
51  1.350000e-001
52  6.800000e-002
53  3.600000e-002
54  1.800000e-002
55  1.000000e-002
56  5.000000e-003
57  2.000000e-003
58  1.000000e-003
59  2.646000e+000
60  9.584000e+000
61  5.220000e+000
62  1.029100e+001
63  9.845000e+000
64  7.723000e+000
65  2.622200e+001
66  2.000000e+001
67  1.110400e+001
68  5.651000e+000
69  2.810000e+000
70  1.496000e+000
71  7.440000e-001
72  3.960000e-001
73  2.040000e-001
74  2.530000e-001
75  3.910000e-001
76  8.183000e+000
77  1.131400e+001
78  5.626000e+000
79  2.995000e+000
80  1.524000e+000
81  7.580000e-001
82  4.030000e-001
83  2.010000e-001
84  1.070000e-001
85  5.400000e-002
86  2.600000e-002
87  1.500000e-002
88  7.000000e-003
89  4.000000e-003
90  2.000000e-003
91  1.000000e-003
92  1.000000e-003
93  0.000000e+000
94  0.000000e+000
95  0.000000e+000
96  0.000000e+000
97  3.500000e-002
98  2.070000e-001
99  2.259000e+000
100  1.090700e+001
101  6.170000e+000
102  3.068000e+000
103  1.633000e+000
104  8.310000e-001
105  4.130000e-001
106  2.200000e-001
107  1.090000e-001
108  5.800000e-002
109  4.500000e-002
110  1.700000e-001
111  1.050000e-001
112  5.200000e-002
113  2.800000e-002
114  1.400000e-002
115  7.000000e-003
116  4.000000e-003
117  2.000000e-003
118  1.000000e-003
119  0.000000e+000
120  4.800000e-002
121  4.500000e-002
122  1.930000e-001
123  2.690000e-001
124  1.340000e-001
125  7.100000e-002
126  3.500000e-002
127  1.900000e-002
128  1.000000e-002
129  5.000000e-003
130  3.000000e-003
131  1.000000e-003
132  1.000000e-003
133  0.000000e+000
134  8.100000e-002
135  4.800000e-002
136  2.400000e-002
137  1.300000e-002
138  6.000000e-003
139  3.000000e-003
140  2.000000e-003
141  1.000000e-003
142  0.000000e+000
143  0.000000e+000
144  0.000000e+000
   8 
1  1.150000e-001
2  2.230000e-001
3  1.830000e-001
4  9.100000e-002
5  4.900000e-002
6  2.400000e-002
7  1.300000e-002
8  7.000000e-003
9  3.000000e-003
10  2.000000e-003
11  1.000000e-003
12  2.800000e-002
13  6.700000e-002
14  2.090000e-001
15  3.640000e-001
16  1.870000e-001
17  1.070000e-001
18  6.100000e-002
19  3.200000e-002
20  1.700000e-002
21  8.000000e-003
22  4.000000e-003
23  2.500000e-002
24  8.100000e-002
25  9.600000e-002
26  2.830000e-001
27  5.710000e-001
28  1.757600e+001
29  2.792200e+001
30  1.410500e+001
31  7.506000e+000
32  3.819000e+000
33  1.899000e+000
34  1.010000e+000
35  5.020000e-001
36  3.350000e-001
37  2.750000e-001
38  3.270000e-001
39  4.116000e+000
40  5.535000e+000
41  1.334200e+001
42  6.720000e+000
43  3.576000e+000
44  1.819000e+000
45  9.050000e-001
46  4.810000e-001
47  2.390000e-001
48  1.270000e-001
49  6.500000e-002
50  6.100000e-002
51  1.340000e-001
52  6.800000e-002
53  3.600000e-002
54  1.800000e-002
55  1.000000e-002
56  5.000000e-003
57  2.000000e-003
58  1.000000e-003
59  2.659000e+000
60  9.632000e+000
61  5.241000e+000
62  1.034200e+001
63  9.881000e+000
64  7.743000e+000
65  2.629100e+001
66  2.004800e+001
67  1.112900e+001
68  5.662000e+000
69  2.815000e+000
70  1.498000e+000
71  7.450000e-001
72  3.960000e-001
73  2.040000e-001
74  2.510000e-001
75  3.890000e-001
76  8.243000e+000
77  1.138100e+001
78  5.658000e+000
79  3.011000e+000
80  1.532000e+000
81  7.620000e-001
82  4.050000e-001
83  2.020000e-001
84  1.070000e-001
85  5.500000e-002
86  2.600000e-002
87  1.500000e-002
88  7.000000e-003
89  4.000000e-003
90  2.000000e-003
91  1.000000e-003
92  1.000000e-003
93  0.000000e+000
94  0.000000e+000
95  0.000000e+000
96  0.000000e+000
97  3.500000e-002
98  2.060000e-001
99  2.304000e+000
100  1.099500e+001
101  6.216000e+000
102  3.090000e+000
103  1.645000e+000
104  8.370000e-001
105  4.160000e-001
106  2.210000e-001
107  1.100000e-001
108  5.900000e-002
109  4.500000e-002
110  1.690000e-001
111  1.040000e-001
112  5.200000e-002
113  2.800000e-002
114  1.400000e-002
115  7.000000e-003
116  4.000000e-003
117  2.000000e-003
118  1.000000e-003
119  0.000000e+000
120  4.800000e-002
121  4.400000e-002
122  1.920000e-001
123  2.660000e-001
124  1.320000e-001
125  7.100000e-002
126  3.500000e-002
127  1.900000e-002
128  9.000000e-003
129  5.000000e-003
130  3.000000e-003
131  1.000000e-003
132  1.000000e-003
133  0.000000e+000
134  7.900000e-002
135  4.700000e-002
136  2.300000e-002
137  1.200000e-002
138  6.000000e-003
139  3.000000e-003
140  2.000000e-003
141  1.000000e-003
142  0.000000e+000
143  0.000000e+000
144  0.000000e+000
   9 
1  1.160000e-001
2  2.220000e-001
3  1.830000e-001
4  9.100000e-002
5  4.900000e-002
6  2.400000e-002
7  1.300000e-002
8  7.000000e-003
9  3.000000e-003
10  2.000000e-003
11  1.000000e-003
12  2.800000e-002
13  6.700000e-002
14  2.080000e-001
15  3.620000e-001
16  1.860000e-001
17  1.050000e-001
18  6.000000e-002
19  3.200000e-002
20  1.600000e-002
21  8.000000e-003
22  4.000000e-003
23  2.500000e-002
24  8.000000e-002
25  9.500000e-002
26  2.810000e-001
27  5.800000e-001
28  1.767900e+001
29  2.799700e+001
30  1.415400e+001
31  7.538000e+000
32  3.839000e+000
33  1.910000e+000
34  1.017000e+000
35  5.060000e-001
36  3.370000e-001
37  2.760000e-001
38  3.260000e-001
39  4.162000e+000
40  5.577000e+000
41  1.338800e+001
42  6.748000e+000
43  3.594000e+000
44  1.830000e+000
45  9.110000e-001
46  4.850000e-001
47  2.410000e-001
48  1.290000e-001
49  6.500000e-002
50  6.100000e-002
51  1.340000e-001
52  6.800000e-002
53  3.600000e-002
54  1.800000e-002
55  1.000000e-002
56  5.000000e-003
57  2.000000e-003
58  1.000000e-003
59  2.668000e+000
60  9.670000e+000
61  5.264000e+000
62  1.037900e+001
63  9.911000e+000
64  7.764000e+000
65  2.633700e+001
66  2.009100e+001
67  1.116000e+001
68  5.683000e+000
69  2.828000e+000
70  1.506000e+000
71  7.490000e-001
72  3.990000e-001
73  2.060000e-001
74  2.510000e-001
75  3.880000e-001
76  8.285000e+000
77  1.143200e+001
78  5.689000e+000
79  3.030000e+000
80  1.543000e+000
81  7.680000e-001
82  4.090000e-001
83  2.030000e-001
84  1.080000e-001
85  5.500000e-002
86  2.600000e-002
87  1.500000e-002
88  8.000000e-003
89  4.000000e-003
90  2.000000e-003
91  1.000000e-003
92  1.000000e-003
93  0.000000e+000
94  0.000000e+000
95  0.000000e+000
96  0.000000e+000
97  3.500000e-002
98  2.050000e-001
99  2.341000e+000
100  1.105600e+001
101  6.253000e+000
102  3.111000e+000
103  1.657000e+000
104  8.440000e-001
105  4.200000e-001
106  2.240000e-001
107  1.110000e-001
108  5.900000e-002
109  4.500000e-002
110  1.680000e-001
111  1.030000e-001
112  5.100000e-002
113  2.700000e-002
114  1.400000e-002
115  7.000000e-003
116  4.000000e-003
117  2.000000e-003
118  1.000000e-003
119  0.000000e+000
120  4.800000e-002
121  4.400000e-002
122  1.910000e-001
123  2.640000e-001
124  1.320000e-001
125  7.000000e-002
126  3.500000e-002
127  1.900000e-002
128  9.000000e-003
129  5.000000e-003
130  3.000000e-003
131  1.000000e-003
132  1.000000e-003
133  0.000000e+000
134  7.800000e-002
135  4.600000e-002
136  2.300000e-002
137  1.200000e-002
138  6.000000e-003
139  3.000000e-003
140  2.000000e-003
141  1.000000e-003
142  0.000000e+000
143  0.000000e+000
144  0.000000e+000
   10 
1  1.160000e-001
2  2.240000e-001
3  1.840000e-001
4  9.200000e-002
5  4.900000e-002
6  2.400000e-002
7  1.300000e-002
8  7.000000e-003
9  3.000000e-003
10  2.000000e-003
11  1.000000e-003
12  2.800000e-002
13  6.800000e-002
14  2.100000e-001
15  3.660000e-001
16  1.880000e-001
17  1.080000e-001
18  6.200000e-002
19  3.300000e-002
20  1.700000e-002
21  8.000000e-003
22  5.000000e-003
23  2.500000e-002
24  8.100000e-002
25  9.600000e-002
26  2.830000e-001
27  5.610000e-001
28  1.742300e+001
29  2.779600e+001
30  1.408000e+001
31  7.514000e+000
32  3.834000e+000
33  1.911000e+000
34  1.020000e+000
35  5.080000e-001
36  3.390000e-001
37  2.780000e-001
38  3.290000e-001
39  4.063000e+000
40  5.486000e+000
41  1.327200e+001
42  6.703000e+000
43  3.577000e+000
44  1.825000e+000
45  9.100000e-001
46  4.860000e-001
47  2.420000e-001
48  1.290000e-001
49  6.600000e-002
50  6.100000e-002
51  1.340000e-001
52  6.800000e-002
53  3.600000e-002
54  1.800000e-002
55  1.000000e-002
56  5.000000e-003
57  2.000000e-003
58  1.000000e-003
59  2.638000e+000
60  9.570000e+000
61  5.224000e+000
62  1.029000e+001
63  9.852000e+000
64  7.726000e+000
65  2.618500e+001
66  2.000300e+001
67  1.113300e+001
68  5.680000e+000
69  2.832000e+000
70  1.511000e+000
71  7.530000e-001
72  4.020000e-001
73  2.080000e-001
74  2.540000e-001
75  3.910000e-001
76  8.175000e+000
77  1.131600e+001
78  5.642000e+000
79  3.011000e+000
80  1.536000e+000
81  7.660000e-001
82  4.090000e-001
83  2.040000e-001
84  1.090000e-001
85  5.500000e-002
86  2.600000e-002
87  1.500000e-002
88  8.000000e-003
89  4.000000e-003
90  2.000000e-003
91  1.000000e-003
92  1.000000e-003
93  0.000000e+000
94  0.000000e+000
95  0.000000e+000
96  0.000000e+000
97  3.500000e-002
98  2.060000e-001
99  2.267000e+000
100  1.091200e+001
101  6.188000e+000
102  3.085000e+000
103  1.646000e+000
104  8.400000e-001
105  4.190000e-001
106  2.230000e-001
107  1.110000e-001
108  5.900000e-002
109  4.600000e-002
110  1.700000e-001
111  1.050000e-001
112  5.200000e-002
113  2.800000e-002
114  1.400000e-002
115  7.000000e-003
116  4.000000e-003
117  2.000000e-003
118  1.000000e-003
119  1.000000e-003
120  4.800000e-002
121  4.500000e-002
122  1.920000e-001
123  2.670000e-001
124  1.340000e-001
125  7.100000e-002
126  3.600000e-002
127  1.900000e-002
128  1.000000e-002
129  5.000000e-003
130  3.000000e-003
131  1.000000e-003
132  1.000000e-003
133  0.000000e+000
134  8.000000e-002
135  4.700000e-002
136  2.400000e-002
137  1.300000e-002
138  6.000000e-003
139  3.000000e-003
140  2.000000e-003
141  1.000000e-003
142  0.000000e+000
143  0.000000e+000
144  0.000000e+000
