   1 
1  2.470000e-001
2  2.990000e-001
3  2.190000e-001
4  1.090000e-001
5  5.800000e-002
6  2.900000e-002
7  1.500000e-002
8  8.000000e-003
9  4.000000e-003
10  2.000000e-003
11  3.000000e-003
12  2.700000e-002
13  8.700000e-002
14  2.970000e-001
15  2.998000e+000
16  7.125000e+000
17  7.479000e+000
18  5.671000e+000
19  3.032000e+000
20  1.542000e+000
21  7.660000e-001
22  4.080000e-001
23  6.900000e-001
24  2.241000e+000
25  1.486000e+000
26  2.399000e+000
27  1.031200e+001
28  2.756700e+001
29  3.493300e+001
30  1.775600e+001
31  9.446000e+000
32  4.805000e+000
33  2.388000e+000
34  1.270000e+000
35  1.932000e+000
36  1.171900e+001
37  9.091000e+000
38  6.883000e+000
39  1.701800e+001
40  1.352700e+001
41  1.890000e+001
42  9.611000e+000
43  5.113000e+000
44  2.601000e+000
45  1.293000e+000
46  6.880000e-001
47  3.420000e-001
48  1.820000e-001
49  9.200000e-002
50  7.600000e-002
51  3.572000e+000
52  4.700000e+000
53  1.585000e+001
54  8.227000e+000
55  4.377000e+000
56  2.226000e+000
57  1.107000e+000
58  5.890000e-001
59  8.749000e+000
60  3.020300e+001
61  1.613000e+001
62  1.729500e+001
63  1.558100e+001
64  1.227600e+001
65  3.185500e+001
66  2.616400e+001
67  1.481900e+001
68  7.538000e+000
69  3.746000e+000
70  1.993000e+000
71  9.910000e-001
72  5.270000e-001
73  2.700000e-001
74  2.550000e-001
75  4.013000e+000
76  3.104700e+001
77  2.757300e+001
78  1.372700e+001
79  7.303000e+000
80  3.715000e+000
81  1.846000e+000
82  9.820000e-001
83  4.880000e-001
84  2.600000e-001
85  1.320000e-001
86  1.180000e-001
87  1.200000e-001
88  2.170000e-001
89  1.950000e-001
90  1.260000e-001
91  6.700000e-002
92  3.400000e-002
93  1.700000e-002
94  9.000000e-003
95  4.000000e-003
96  2.000000e-003
97  3.300000e-002
98  2.420000e-001
99  1.025200e+001
100  2.316400e+001
101  1.282600e+001
102  6.375000e+000
103  3.392000e+000
104  1.725000e+000
105  8.570000e-001
106  4.560000e-001
107  2.270000e-001
108  1.210000e-001
109  7.500000e-002
110  1.790000e-001
111  1.359000e+000
112  6.154000e+000
113  3.458000e+000
114  1.719000e+000
115  9.140000e-001
116  4.650000e-001
117  2.310000e-001
118  1.230000e-001
119  6.100000e-002
120  6.100000e-002
121  5.300000e-002
122  1.870000e-001
123  5.219000e+000
124  1.839600e+001
125  1.150600e+001
126  5.719000e+000
127  3.042000e+000
128  1.547000e+000
129  7.690000e-001
130  4.090000e-001
131  2.030000e-001
132  1.080000e-001
133  5.500000e-002
134  1.460000e-001
135  9.900000e-002
136  4.900000e-002
137  2.600000e-002
138  1.300000e-002
139  7.000000e-003
140  4.000000e-003
141  2.000000e-003
142  1.000000e-003
143  0.000000e+000
144  0.000000e+000
   2 
1  2.460000e-001
2  3.010000e-001
3  2.200000e-001
4  1.090000e-001
5  5.800000e-002
6  2.900000e-002
7  1.500000e-002
8  8.000000e-003
9  4.000000e-003
10  2.000000e-003
11  8.000000e-003
12  3.000000e-002
13  8.900000e-002
14  3.010000e-001
15  2.622000e+000
16  6.746000e+000
17  7.152000e+000
18  5.424000e+000
19  2.903000e+000
20  1.477000e+000
21  7.350000e-001
22  3.910000e-001
23  6.200000e-001
24  1.960000e+000
25  1.315000e+000
26  2.115000e+000
27  9.740000e+000
28  2.698900e+001
29  3.446600e+001
30  1.753500e+001
31  9.335000e+000
32  4.751000e+000
33  2.363000e+000
34  1.258000e+000
35  1.900000e+000
36  1.147200e+001
37  8.902000e+000
38  6.632000e+000
39  1.661000e+001
40  1.327800e+001
41  1.858000e+001
42  9.458000e+000
43  5.035000e+000
44  2.563000e+000
45  1.275000e+000
46  6.780000e-001
47  3.370000e-001
48  1.800000e-001
49  9.100000e-002
50  7.700000e-002
51  3.358000e+000
52  4.492000e+000
53  1.554800e+001
54  8.085000e+000
55  4.304000e+000
56  2.190000e+000
57  1.089000e+000
58  5.800000e-001
59  8.600000e+000
60  2.973800e+001
61  1.577100e+001
62  1.691900e+001
63  1.533500e+001
64  1.209000e+001
65  3.144200e+001
66  2.582200e+001
67  1.463500e+001
68  7.449000e+000
69  3.705000e+000
70  1.972000e+000
71  9.810000e-001
72  5.220000e-001
73  2.680000e-001
74  2.600000e-001
75  3.852000e+000
76  3.044600e+001
77  2.712700e+001
78  1.351500e+001
79  7.194000e+000
80  3.662000e+000
81  1.821000e+000
82  9.690000e-001
83  4.820000e-001
84  2.570000e-001
85  1.310000e-001
86  1.170000e-001
87  1.200000e-001
88  2.190000e-001
89  2.040000e-001
90  1.320000e-001
91  7.000000e-002
92  3.600000e-002
93  1.800000e-002
94  9.000000e-003
95  5.000000e-003
96  3.000000e-003
97  3.300000e-002
98  2.430000e-001
99  9.935000e+000
100  2.262400e+001
101  1.254500e+001
102  6.239000e+000
103  3.321000e+000
104  1.690000e+000
105  8.410000e-001
106  4.480000e-001
107  2.230000e-001
108  1.190000e-001
109  7.400000e-002
110  1.820000e-001
111  1.288000e+000
112  5.932000e+000
113  3.338000e+000
114  1.660000e+000
115  8.840000e-001
116  4.500000e-001
117  2.240000e-001
118  1.190000e-001
119  5.900000e-002
120  6.000000e-002
121  5.200000e-002
122  1.870000e-001
123  5.055000e+000
124  1.788500e+001
125  1.119600e+001
126  5.569000e+000
127  2.964000e+000
128  1.509000e+000
129  7.500000e-001
130  3.990000e-001
131  1.990000e-001
132  1.060000e-001
133  5.400000e-002
134  1.500000e-001
135  1.030000e-001
136  5.100000e-002
137  2.700000e-002
138  1.400000e-002
139  7.000000e-003
140  4.000000e-003
141  2.000000e-003
142  1.000000e-003
143  0.000000e+000
144  0.000000e+000
   3 
1  2.450000e-001
2  3.000000e-001
3  2.200000e-001
4  1.090000e-001
5  5.800000e-002
6  2.900000e-002
7  1.500000e-002
8  8.000000e-003
9  4.000000e-003
10  2.000000e-003
11  9.000000e-003
12  3.100000e-002
13  8.900000e-002
14  3.010000e-001
15  2.560000e+000
16  6.687000e+000
17  7.103000e+000
18  5.384000e+000
19  2.879000e+000
20  1.464000e+000
21  7.280000e-001
22  3.870000e-001
23  6.020000e-001
24  1.897000e+000
25  1.272000e+000
26  1.947000e+000
27  9.477000e+000
28  2.692900e+001
29  3.443900e+001
30  1.750900e+001
31  9.314000e+000
32  4.737000e+000
33  2.354000e+000
34  1.252000e+000
35  1.896000e+000
36  1.147400e+001
37  8.897000e+000
38  6.591000e+000
39  1.653700e+001
40  1.322200e+001
41  1.854300e+001
42  9.434000e+000
43  5.018000e+000
44  2.552000e+000
45  1.269000e+000
46  6.750000e-001
47  3.350000e-001
48  1.780000e-001
49  9.100000e-002
50  7.700000e-002
51  3.239000e+000
52  4.385000e+000
53  1.549600e+001
54  8.055000e+000
55  4.285000e+000
56  2.179000e+000
57  1.083000e+000
58  5.760000e-001
59  8.608000e+000
60  2.977400e+001
61  1.544500e+001
62  1.694800e+001
63  1.533100e+001
64  1.208000e+001
65  3.144500e+001
66  2.581700e+001
67  1.462300e+001
68  7.437000e+000
69  3.696000e+000
70  1.966000e+000
71  9.770000e-001
72  5.200000e-001
73  2.670000e-001
74  2.600000e-001
75  3.779000e+000
76  3.031500e+001
77  2.705100e+001
78  1.346700e+001
79  7.164000e+000
80  3.644000e+000
81  1.811000e+000
82  9.630000e-001
83  4.790000e-001
84  2.550000e-001
85  1.300000e-001
86  1.170000e-001
87  1.190000e-001
88  2.190000e-001
89  2.040000e-001
90  1.310000e-001
91  7.000000e-002
92  3.600000e-002
93  1.800000e-002
94  9.000000e-003
95  5.000000e-003
96  3.000000e-003
97  3.300000e-002
98  2.440000e-001
99  9.897000e+000
100  2.256800e+001
101  1.250800e+001
102  6.217000e+000
103  3.307000e+000
104  1.682000e+000
105  8.360000e-001
106  4.450000e-001
107  2.210000e-001
108  1.180000e-001
109  7.400000e-002
110  1.820000e-001
111  1.242000e+000
112  5.836000e+000
113  3.284000e+000
114  1.632000e+000
115  8.680000e-001
116  4.420000e-001
117  2.190000e-001
118  1.170000e-001
119  5.800000e-002
120  5.900000e-002
121  5.200000e-002
122  1.870000e-001
123  5.025000e+000
124  1.780700e+001
125  1.114600e+001
126  5.539000e+000
127  2.947000e+000
128  1.499000e+000
129  7.450000e-001
130  3.960000e-001
131  1.970000e-001
132  1.050000e-001
133  5.300000e-002
134  1.500000e-001
135  1.030000e-001
136  5.100000e-002
137  2.700000e-002
138  1.400000e-002
139  7.000000e-003
140  4.000000e-003
141  2.000000e-003
142  1.000000e-003
143  0.000000e+000
144  0.000000e+000
   4 
1  2.480000e-001
2  3.000000e-001
3  2.190000e-001
4  1.090000e-001
5  5.800000e-002
6  2.900000e-002
7  1.500000e-002
8  8.000000e-003
9  4.000000e-003
10  2.000000e-003
11  3.000000e-003
12  2.700000e-002
13  8.600000e-002
14  2.960000e-001
15  2.975000e+000
16  7.098000e+000
17  7.458000e+000
18  5.658000e+000
19  3.028000e+000
20  1.542000e+000
21  7.670000e-001
22  4.090000e-001
23  6.860000e-001
24  2.223000e+000
25  1.476000e+000
26  2.382000e+000
27  1.027000e+001
28  2.751000e+001
29  3.488900e+001
30  1.775200e+001
31  9.454000e+000
32  4.814000e+000
33  2.395000e+000
34  1.275000e+000
35  1.932000e+000
36  1.169500e+001
37  9.079000e+000
38  6.868000e+000
39  1.698300e+001
40  1.351100e+001
41  1.887600e+001
42  9.609000e+000
43  5.117000e+000
44  2.605000e+000
45  1.296000e+000
46  6.900000e-001
47  3.430000e-001
48  1.830000e-001
49  9.300000e-002
50  7.700000e-002
51  3.556000e+000
52  4.686000e+000
53  1.582000e+001
54  8.220000e+000
55  4.378000e+000
56  2.229000e+000
57  1.109000e+000
58  5.910000e-001
59  8.731000e+000
60  3.015300e+001
61  1.611200e+001
62  1.727100e+001
63  1.557100e+001
64  1.227000e+001
65  3.181400e+001
66  2.614200e+001
67  1.482100e+001
68  7.546000e+000
69  3.755000e+000
70  2.000000e+000
71  9.950000e-001
72  5.300000e-001
73  2.720000e-001
74  2.560000e-001
75  3.999000e+000
76  3.098000e+001
77  2.753800e+001
78  1.372400e+001
79  7.309000e+000
80  3.721000e+000
81  1.852000e+000
82  9.860000e-001
83  4.910000e-001
84  2.610000e-001
85  1.330000e-001
86  1.180000e-001
87  1.200000e-001
88  2.170000e-001
89  1.950000e-001
90  1.270000e-001
91  6.700000e-002
92  3.400000e-002
93  1.700000e-002
94  9.000000e-003
95  5.000000e-003
96  2.000000e-003
97  3.300000e-002
98  2.420000e-001
99  1.022100e+001
100  2.311500e+001
101  1.281200e+001
102  6.375000e+000
103  3.395000e+000
104  1.729000e+000
105  8.600000e-001
106  4.580000e-001
107  2.280000e-001
108  1.210000e-001
109  7.600000e-002
110  1.790000e-001
111  1.354000e+000
112  6.136000e+000
113  3.451000e+000
114  1.717000e+000
115  9.140000e-001
116  4.660000e-001
117  2.320000e-001
118  1.230000e-001
119  6.100000e-002
120  6.100000e-002
121  5.300000e-002
122  1.870000e-001
123  5.203000e+000
124  1.835100e+001
125  1.148800e+001
126  5.716000e+000
127  3.044000e+000
128  1.550000e+000
129  7.710000e-001
130  4.110000e-001
131  2.040000e-001
132  1.090000e-001
133  5.500000e-002
134  1.470000e-001
135  9.900000e-002
136  4.900000e-002
137  2.600000e-002
138  1.300000e-002
139  7.000000e-003
140  4.000000e-003
141  2.000000e-003
142  1.000000e-003
143  0.000000e+000
144  0.000000e+000
   5 
1  2.430000e-001
2  2.990000e-001
3  2.180000e-001
4  1.080000e-001
5  5.700000e-002
6  2.800000e-002
7  1.500000e-002
8  8.000000e-003
9  4.000000e-003
10  2.000000e-003
11  5.000000e-003
12  2.900000e-002
13  8.800000e-002
14  3.000000e-001
15  2.793000e+000
16  6.928000e+000
17  7.303000e+000
18  5.528000e+000
19  2.947000e+000
20  1.494000e+000
21  7.410000e-001
22  3.930000e-001
23  6.490000e-001
24  2.083000e+000
25  1.387000e+000
26  2.239000e+000
27  1.001300e+001
28  2.731800e+001
29  3.472600e+001
30  1.760200e+001
31  9.336000e+000
32  4.734000e+000
33  2.346000e+000
34  1.244000e+000
35  1.909000e+000
36  1.160900e+001
37  8.987000e+000
38  6.737000e+000
39  1.681800e+001
40  1.338900e+001
41  1.873500e+001
42  9.501000e+000
43  5.040000e+000
44  2.555000e+000
45  1.266000e+000
46  6.720000e-001
47  3.330000e-001
48  1.770000e-001
49  9.000000e-002
50  7.500000e-002
51  3.462000e+000
52  4.590000e+000
53  1.572000e+001
54  8.141000e+000
55  4.318000e+000
56  2.190000e+000
57  1.085000e+000
58  5.760000e-001
59  8.697000e+000
60  3.001900e+001
61  1.591600e+001
62  1.708900e+001
63  1.543200e+001
64  1.216000e+001
65  3.168400e+001
66  2.598100e+001
67  1.467600e+001
68  7.442000e+000
69  3.688000e+000
70  1.956000e+000
71  9.690000e-001
72  5.140000e-001
73  2.630000e-001
74  2.550000e-001
75  3.936000e+000
76  3.081200e+001
77  2.735000e+001
78  1.357600e+001
79  7.201000e+000
80  3.651000e+000
81  1.809000e+000
82  9.600000e-001
83  4.760000e-001
84  2.520000e-001
85  1.280000e-001
86  1.160000e-001
87  1.190000e-001
88  2.180000e-001
89  2.000000e-001
90  1.290000e-001
91  6.800000e-002
92  3.500000e-002
93  1.700000e-002
94  9.000000e-003
95  5.000000e-003
96  2.000000e-003
97  3.300000e-002
98  2.440000e-001
99  1.011300e+001
100  2.291400e+001
101  1.265700e+001
102  6.272000e+000
103  3.327000e+000
104  1.687000e+000
105  8.360000e-001
106  4.430000e-001
107  2.200000e-001
108  1.170000e-001
109  7.300000e-002
110  1.800000e-001
111  1.323000e+000
112  6.045000e+000
113  3.388000e+000
114  1.679000e+000
115  8.910000e-001
116  4.520000e-001
117  2.240000e-001
118  1.190000e-001
119  5.900000e-002
120  6.000000e-002
121  5.200000e-002
122  1.870000e-001
123  5.147000e+000
124  1.815700e+001
125  1.132900e+001
126  5.614000e+000
127  2.978000e+000
128  1.510000e+000
129  7.480000e-001
130  3.970000e-001
131  1.970000e-001
132  1.040000e-001
133  5.300000e-002
134  1.480000e-001
135  1.010000e-001
136  5.000000e-002
137  2.700000e-002
138  1.300000e-002
139  7.000000e-003
140  4.000000e-003
141  2.000000e-003
142  1.000000e-003
143  0.000000e+000
144  0.000000e+000
   6 
1  2.470000e-001
2  2.990000e-001
3  2.190000e-001
4  1.090000e-001
5  5.800000e-002
6  2.900000e-002
7  1.500000e-002
8  8.000000e-003
9  4.000000e-003
10  2.000000e-003
11  3.000000e-003
12  2.700000e-002
13  8.700000e-002
14  2.960000e-001
15  2.967000e+000
16  7.093000e+000
17  7.451000e+000
18  5.649000e+000
19  3.020000e+000
20  1.536000e+000
21  7.640000e-001
22  4.060000e-001
23  6.840000e-001
24  2.216000e+000
25  1.470000e+000
26  2.374000e+000
27  1.026200e+001
28  2.751700e+001
29  3.489300e+001
30  1.773700e+001
31  9.436000e+000
32  4.800000e+000
33  2.386000e+000
34  1.269000e+000
35  1.929000e+000
36  1.169700e+001
37  9.075000e+000
38  6.860000e+000
39  1.698100e+001
40  1.350500e+001
41  1.887200e+001
42  9.597000e+000
43  5.106000e+000
44  2.597000e+000
45  1.291000e+000
46  6.870000e-001
47  3.410000e-001
48  1.820000e-001
49  9.200000e-002
50  7.600000e-002
51  3.554000e+000
52  4.682000e+000
53  1.582400e+001
54  8.215000e+000
55  4.370000e+000
56  2.223000e+000
57  1.105000e+000
58  5.880000e-001
59  8.736000e+000
60  3.016400e+001
61  1.609800e+001
62  1.726300e+001
63  1.556000e+001
64  1.226100e+001
65  3.182100e+001
66  2.613500e+001
67  1.480300e+001
68  7.530000e+000
69  3.743000e+000
70  1.991000e+000
71  9.900000e-001
72  5.270000e-001
73  2.700000e-001
74  2.560000e-001
75  3.999000e+000
76  3.099400e+001
77  2.753400e+001
78  1.370800e+001
79  7.293000e+000
80  3.710000e+000
81  1.844000e+000
82  9.810000e-001
83  4.880000e-001
84  2.590000e-001
85  1.320000e-001
86  1.180000e-001
87  1.190000e-001
88  2.170000e-001
89  1.960000e-001
90  1.270000e-001
91  6.700000e-002
92  3.400000e-002
93  1.700000e-002
94  9.000000e-003
95  5.000000e-003
96  2.000000e-003
97  3.300000e-002
98  2.420000e-001
99  1.022500e+001
100  2.311700e+001
101  1.280100e+001
102  6.363000e+000
103  3.385000e+000
104  1.722000e+000
105  8.560000e-001
106  4.550000e-001
107  2.260000e-001
108  1.200000e-001
109  7.500000e-002
110  1.790000e-001
111  1.353000e+000
112  6.135000e+000
113  3.447000e+000
114  1.713000e+000
115  9.120000e-001
116  4.640000e-001
117  2.300000e-001
118  1.230000e-001
119  6.100000e-002
120  6.100000e-002
121  5.300000e-002
122  1.870000e-001
123  5.205000e+000
124  1.835300e+001
125  1.147900e+001
126  5.706000e+000
127  3.035000e+000
128  1.544000e+000
129  7.670000e-001
130  4.080000e-001
131  2.030000e-001
132  1.080000e-001
133  5.500000e-002
134  1.470000e-001
135  9.900000e-002
136  4.900000e-002
137  2.600000e-002
138  1.300000e-002
139  7.000000e-003
140  4.000000e-003
141  2.000000e-003
142  1.000000e-003
143  0.000000e+000
144  0.000000e+000
   7 
1  2.480000e-001
2  2.990000e-001
3  2.180000e-001
4  1.090000e-001
5  5.800000e-002
6  2.900000e-002
7  1.500000e-002
8  8.000000e-003
9  4.000000e-003
10  2.000000e-003
11  2.000000e-003
12  2.700000e-002
13  8.600000e-002
14  2.950000e-001
15  3.116000e+000
16  7.241000e+000
17  7.581000e+000
18  5.750000e+000
19  3.076000e+000
20  1.565000e+000
21  7.780000e-001
22  4.140000e-001
23  7.130000e-001
24  2.332000e+000
25  1.542000e+000
26  2.493000e+000
27  1.049500e+001
28  2.774000e+001
29  3.507300e+001
30  1.783400e+001
31  9.492000e+000
32  4.831000e+000
33  2.402000e+000
34  1.279000e+000
35  1.943000e+000
36  1.179100e+001
37  9.151000e+000
38  6.965000e+000
39  1.714300e+001
40  1.360700e+001
41  1.899900e+001
42  9.664000e+000
43  5.144000e+000
44  2.618000e+000
45  1.302000e+000
46  6.930000e-001
47  3.450000e-001
48  1.830000e-001
49  9.300000e-002
50  7.600000e-002
51  3.637000e+000
52  4.765000e+000
53  1.593800e+001
54  8.274000e+000
55  4.404000e+000
56  2.241000e+000
57  1.115000e+000
58  5.930000e-001
59  8.791000e+000
60  3.033800e+001
61  1.625100e+001
62  1.741700e+001
63  1.566300e+001
64  1.233800e+001
65  3.197300e+001
66  2.627000e+001
67  1.488500e+001
68  7.575000e+000
69  3.767000e+000
70  2.005000e+000
71  9.970000e-001
72  5.310000e-001
73  2.720000e-001
74  2.540000e-001
75  4.062000e+000
76  3.121700e+001
77  2.771000e+001
78  1.380200e+001
79  7.346000e+000
80  3.739000e+000
81  1.859000e+000
82  9.900000e-001
83  4.920000e-001
84  2.620000e-001
85  1.330000e-001
86  1.180000e-001
87  1.200000e-001
88  2.160000e-001
89  1.920000e-001
90  1.240000e-001
91  6.600000e-002
92  3.400000e-002
93  1.700000e-002
94  9.000000e-003
95  4.000000e-003
96  2.000000e-003
97  3.300000e-002
98  2.420000e-001
99  1.034600e+001
100  2.332600e+001
101  1.291900e+001
102  6.425000e+000
103  3.420000e+000
104  1.740000e+000
105  8.650000e-001
106  4.610000e-001
107  2.290000e-001
108  1.220000e-001
109  7.600000e-002
110  1.780000e-001
111  1.381000e+000
112  6.221000e+000
113  3.496000e+000
114  1.739000e+000
115  9.250000e-001
116  4.710000e-001
117  2.340000e-001
118  1.250000e-001
119  6.200000e-002
120  6.100000e-002
121  5.300000e-002
122  1.870000e-001
123  5.267000e+000
124  1.855100e+001
125  1.160600e+001
126  5.771000e+000
127  3.072000e+000
128  1.563000e+000
129  7.770000e-001
130  4.140000e-001
131  2.060000e-001
132  1.100000e-001
133  5.600000e-002
134  1.450000e-001
135  9.800000e-002
136  4.900000e-002
137  2.600000e-002
138  1.300000e-002
139  7.000000e-003
140  3.000000e-003
141  2.000000e-003
142  1.000000e-003
143  0.000000e+000
144  0.000000e+000
   8 
1  2.480000e-001
2  2.990000e-001
3  2.190000e-001
4  1.090000e-001
5  5.800000e-002
6  2.900000e-002
7  1.500000e-002
8  8.000000e-003
9  4.000000e-003
10  2.000000e-003
11  1.000000e-003
12  2.600000e-002
13  8.600000e-002
14  2.940000e-001
15  3.184000e+000
16  7.310000e+000
17  7.640000e+000
18  5.795000e+000
19  3.099000e+000
20  1.577000e+000
21  7.840000e-001
22  4.170000e-001
23  7.260000e-001
24  2.382000e+000
25  1.573000e+000
26  2.545000e+000
27  1.060300e+001
28  2.784800e+001
29  3.515900e+001
30  1.787400e+001
31  9.511000e+000
32  4.839000e+000
33  2.406000e+000
34  1.280000e+000
35  1.949000e+000
36  1.184000e+001
37  9.186000e+000
38  7.010000e+000
39  1.721800e+001
40  1.365300e+001
41  1.905800e+001
42  9.692000e+000
43  5.157000e+000
44  2.624000e+000
45  1.305000e+000
46  6.940000e-001
47  3.450000e-001
48  1.840000e-001
49  9.300000e-002
50  7.600000e-002
51  3.676000e+000
52  4.802000e+000
53  1.599300e+001
54  8.300000e+000
55  4.417000e+000
56  2.247000e+000
57  1.117000e+000
58  5.950000e-001
59  8.822000e+000
60  3.042800e+001
61  1.631900e+001
62  1.748700e+001
63  1.570800e+001
64  1.237000e+001
65  3.204900e+001
66  2.633200e+001
67  1.491700e+001
68  7.590000e+000
69  3.774000e+000
70  2.008000e+000
71  9.980000e-001
72  5.310000e-001
73  2.720000e-001
74  2.530000e-001
75  4.092000e+000
76  3.133000e+001
77  2.779200e+001
78  1.384000e+001
79  7.365000e+000
80  3.747000e+000
81  1.863000e+000
82  9.910000e-001
83  4.930000e-001
84  2.620000e-001
85  1.330000e-001
86  1.180000e-001
87  1.190000e-001
88  2.150000e-001
89  1.900000e-001
90  1.230000e-001
91  6.600000e-002
92  3.300000e-002
93  1.700000e-002
94  9.000000e-003
95  4.000000e-003
96  2.000000e-003
97  3.300000e-002
98  2.410000e-001
99  1.040500e+001
100  2.342600e+001
101  1.297100e+001
102  6.449000e+000
103  3.432000e+000
104  1.746000e+000
105  8.680000e-001
106  4.620000e-001
107  2.300000e-001
108  1.220000e-001
109  7.600000e-002
110  1.780000e-001
111  1.394000e+000
112  6.261000e+000
113  3.518000e+000
114  1.749000e+000
115  9.310000e-001
116  4.740000e-001
117  2.350000e-001
118  1.250000e-001
119  6.200000e-002
120  6.100000e-002
121  5.300000e-002
122  1.870000e-001
123  5.298000e+000
124  1.864500e+001
125  1.166200e+001
126  5.798000e+000
127  3.086000e+000
128  1.570000e+000
129  7.810000e-001
130  4.150000e-001
131  2.070000e-001
132  1.100000e-001
133  5.600000e-002
134  1.450000e-001
135  9.700000e-002
136  4.800000e-002
137  2.600000e-002
138  1.300000e-002
139  7.000000e-003
140  3.000000e-003
141  2.000000e-003
142  1.000000e-003
143  0.000000e+000
144  0.000000e+000
   9 
1  2.490000e-001
2  2.990000e-001
3  2.190000e-001
4  1.090000e-001
5  5.800000e-002
6  2.900000e-002
7  1.500000e-002
8  8.000000e-003
9  4.000000e-003
10  2.000000e-003
11  1.000000e-003
12  2.600000e-002
13  8.600000e-002
14  2.930000e-001
15  3.236000e+000
16  7.359000e+000
17  7.683000e+000
18  5.831000e+000
19  3.120000e+000
20  1.589000e+000
21  7.910000e-001
22  4.210000e-001
23  7.360000e-001
24  2.421000e+000
25  1.597000e+000
26  2.586000e+000
27  1.067800e+001
28  2.790800e+001
29  3.521000e+001
30  1.791300e+001
31  9.540000e+000
32  4.858000e+000
33  2.417000e+000
34  1.287000e+000
35  1.955000e+000
36  1.186800e+001
37  9.211000e+000
38  7.047000e+000
39  1.726900e+001
40  1.368800e+001
41  1.910000e+001
42  9.720000e+000
43  5.177000e+000
44  2.636000e+000
45  1.312000e+000
46  6.990000e-001
47  3.480000e-001
48  1.850000e-001
49  9.400000e-002
50  7.600000e-002
51  3.703000e+000
52  4.829000e+000
53  1.602500e+001
54  8.322000e+000
55  4.432000e+000
56  2.257000e+000
57  1.123000e+000
58  5.980000e-001
59  8.836000e+000
60  3.047500e+001
61  1.637500e+001
62  1.754000e+001
63  1.574600e+001
64  1.240000e+001
65  3.209000e+001
66  2.637800e+001
67  1.495400e+001
68  7.615000e+000
69  3.789000e+000
70  2.018000e+000
71  1.004000e+000
72  5.350000e-001
73  2.740000e-001
74  2.530000e-001
75  4.113000e+000
76  3.138700e+001
77  2.784800e+001
78  1.387900e+001
79  7.392000e+000
80  3.764000e+000
81  1.873000e+000
82  9.970000e-001
83  4.960000e-001
84  2.640000e-001
85  1.350000e-001
86  1.180000e-001
87  1.200000e-001
88  2.150000e-001
89  1.890000e-001
90  1.230000e-001
91  6.500000e-002
92  3.300000e-002
93  1.700000e-002
94  9.000000e-003
95  4.000000e-003
96  2.000000e-003
97  3.300000e-002
98  2.410000e-001
99  1.044000e+001
100  2.348900e+001
101  1.301400e+001
102  6.476000e+000
103  3.449000e+000
104  1.756000e+000
105  8.740000e-001
106  4.650000e-001
107  2.320000e-001
108  1.230000e-001
109  7.600000e-002
110  1.770000e-001
111  1.402000e+000
112  6.287000e+000
113  3.535000e+000
114  1.759000e+000
115  9.370000e-001
116  4.770000e-001
117  2.370000e-001
118  1.260000e-001
119  6.300000e-002
120  6.200000e-002
121  5.300000e-002
122  1.870000e-001
123  5.315000e+000
124  1.870400e+001
125  1.170600e+001
126  5.825000e+000
127  3.102000e+000
128  1.580000e+000
129  7.860000e-001
130  4.190000e-001
131  2.080000e-001
132  1.110000e-001
133  5.600000e-002
134  1.440000e-001
135  9.600000e-002
136  4.800000e-002
137  2.500000e-002
138  1.300000e-002
139  7.000000e-003
140  3.000000e-003
141  2.000000e-003
142  1.000000e-003
143  0.000000e+000
144  0.000000e+000
   10 
1  2.510000e-001
2  3.000000e-001
3  2.200000e-001
4  1.100000e-001
5  5.800000e-002
6  2.900000e-002
7  1.600000e-002
8  8.000000e-003
9  4.000000e-003
10  2.000000e-003
11  2.000000e-003
12  2.600000e-002
13  8.600000e-002
14  2.930000e-001
15  3.133000e+000
16  7.251000e+000
17  7.595000e+000
18  5.769000e+000
19  3.093000e+000
20  1.578000e+000
21  7.870000e-001
22  4.200000e-001
23  7.190000e-001
24  2.347000e+000
25  1.554000e+000
26  2.510000e+000
27  1.051200e+001
28  2.771500e+001
29  3.505900e+001
30  1.787200e+001
31  9.537000e+000
32  4.866000e+000
33  2.426000e+000
34  1.295000e+000
35  1.950000e+000
36  1.178600e+001
37  9.161000e+000
38  6.983000e+000
39  1.714500e+001
40  1.362100e+001
41  1.900800e+001
42  9.693000e+000
43  5.172000e+000
44  2.639000e+000
45  1.316000e+000
46  7.020000e-001
47  3.500000e-001
48  1.870000e-001
49  9.500000e-002
50  7.700000e-002
51  3.641000e+000
52  4.772000e+000
53  1.592500e+001
54  8.287000e+000
55  4.422000e+000
56  2.256000e+000
57  1.125000e+000
58  6.000000e-001
59  8.776000e+000
60  3.030800e+001
61  1.628400e+001
62  1.743700e+001
63  1.568900e+001
64  1.236000e+001
65  3.195300e+001
66  2.628600e+001
67  1.492900e+001
68  7.617000e+000
69  3.798000e+000
70  2.026000e+000
71  1.010000e+000
72  5.390000e-001
73  2.770000e-001
74  2.560000e-001
75  4.061000e+000
76  3.117400e+001
77  2.771600e+001
78  1.384100e+001
79  7.386000e+000
80  3.768000e+000
81  1.879000e+000
82  1.003000e+000
83  5.000000e-001
84  2.670000e-001
85  1.360000e-001
86  1.190000e-001
87  1.200000e-001
88  2.160000e-001
89  1.910000e-001
90  1.240000e-001
91  6.600000e-002
92  3.400000e-002
93  1.700000e-002
94  9.000000e-003
95  4.000000e-003
96  2.000000e-003
97  3.300000e-002
98  2.410000e-001
99  1.033400e+001
100  2.331700e+001
101  1.294500e+001
102  6.454000e+000
103  3.444000e+000
104  1.757000e+000
105  8.760000e-001
106  4.680000e-001
107  2.330000e-001
108  1.240000e-001
109  7.700000e-002
110  1.780000e-001
111  1.382000e+000
112  6.222000e+000
113  3.505000e+000
114  1.748000e+000
115  9.330000e-001
116  4.760000e-001
117  2.370000e-001
118  1.270000e-001
119  6.300000e-002
120  6.200000e-002
121  5.300000e-002
122  1.870000e-001
123  5.261000e+000
124  1.854400e+001
125  1.162700e+001
126  5.797000e+000
127  3.093000e+000
128  1.578000e+000
129  7.870000e-001
130  4.200000e-001
131  2.090000e-001
132  1.120000e-001
133  5.700000e-002
134  1.450000e-001
135  9.800000e-002
136  4.900000e-002
137  2.600000e-002
138  1.300000e-002
139  7.000000e-003
140  4.000000e-003
141  2.000000e-003
142  1.000000e-003
143  0.000000e+000
144  0.000000e+000
