   1 
1  1.900000e-002
2  9.700000e-002
3  8.500000e-002
4  4.200000e-002
5  2.200000e-002
6  1.100000e-002
7  6.000000e-003
8  3.000000e-003
9  2.000000e-003
10  1.000000e-003
11  0.000000e+000
12  0.000000e+000
13  2.900000e-002
14  6.300000e-002
15  1.800000e-001
16  1.260000e-001
17  6.700000e-002
18  3.300000e-002
19  1.800000e-002
20  9.000000e-003
21  4.000000e-003
22  2.000000e-003
23  1.000000e-003
24  3.300000e-002
25  9.700000e-002
26  1.960000e-001
27  2.040000e-001
28  1.010000e-001
29  5.400000e-002
30  2.700000e-002
31  1.400000e-002
32  7.000000e-003
33  4.000000e-003
34  2.000000e-003
35  1.000000e-003
36  1.000000e-003
37  0.000000e+000
38  9.700000e-002
39  6.300000e-002
40  3.100000e-002
41  1.700000e-002
42  8.000000e-003
43  4.000000e-003
44  2.000000e-003
45  1.000000e-003
46  1.000000e-003
47  2.200000e-002
48  1.200000e-002
49  1.300000e-002
50  9.600000e-002
51  9.000000e-002
52  4.500000e-002
53  2.400000e-002
54  1.200000e-002
55  6.000000e-003
56  3.000000e-003
57  2.000000e-003
58  1.000000e-003
59  0.000000e+000
60  0.000000e+000
61  0.000000e+000
62  0.000000e+000
63  0.000000e+000
64  0.000000e+000
65  0.000000e+000
66  0.000000e+000
67  0.000000e+000
68  0.000000e+000
69  0.000000e+000
70  0.000000e+000
71  0.000000e+000
72  0.000000e+000
73  0.000000e+000
74  0.000000e+000
75  0.000000e+000
76  0.000000e+000
77  0.000000e+000
78  0.000000e+000
79  0.000000e+000
80  0.000000e+000
81  0.000000e+000
82  0.000000e+000
83  0.000000e+000
84  0.000000e+000
85  0.000000e+000
86  1.480000e-001
87  1.550000e-001
88  7.700000e-002
89  4.100000e-002
90  2.000000e-002
91  2.900000e-002
92  1.600000e-002
93  8.000000e-003
94  4.000000e-003
95  2.000000e-003
96  1.000000e-003
97  1.000000e-003
98  2.590000e-001
99  1.780000e-001
100  8.900000e-002
101  4.700000e-002
102  2.300000e-002
103  1.200000e-002
104  6.000000e-003
105  3.000000e-003
106  2.000000e-003
107  1.000000e-003
108  0.000000e+000
109  0.000000e+000
110  0.000000e+000
111  0.000000e+000
112  0.000000e+000
113  0.000000e+000
114  0.000000e+000
115  0.000000e+000
116  0.000000e+000
117  0.000000e+000
118  0.000000e+000
119  0.000000e+000
120  0.000000e+000
121  0.000000e+000
122  2.400000e-002
123  7.200000e-002
124  1.270000e-001
125  6.700000e-002
126  3.400000e-002
127  1.800000e-002
128  9.000000e-003
129  5.000000e-003
130  2.000000e-003
131  1.000000e-003
132  1.000000e-003
133  0.000000e+000
134  0.000000e+000
135  0.000000e+000
136  0.000000e+000
137  0.000000e+000
138  0.000000e+000
139  0.000000e+000
140  0.000000e+000
141  0.000000e+000
142  0.000000e+000
143  0.000000e+000
144  0.000000e+000
   2 
1  2.400000e-002
2  1.100000e-001
3  9.300000e-002
4  4.600000e-002
5  2.500000e-002
6  1.200000e-002
7  7.000000e-003
8  3.000000e-003
9  2.000000e-003
10  1.000000e-003
11  0.000000e+000
12  0.000000e+000
13  3.000000e-002
14  6.500000e-002
15  1.850000e-001
16  1.300000e-001
17  6.900000e-002
18  3.400000e-002
19  1.800000e-002
20  9.000000e-003
21  5.000000e-003
22  2.000000e-003
23  1.000000e-003
24  4.600000e-002
25  1.080000e-001
26  2.080000e-001
27  2.120000e-001
28  1.050000e-001
29  5.600000e-002
30  2.800000e-002
31  1.500000e-002
32  8.000000e-003
33  4.000000e-003
34  2.000000e-003
35  1.000000e-003
36  1.000000e-003
37  0.000000e+000
38  9.800000e-002
39  6.400000e-002
40  3.200000e-002
41  1.700000e-002
42  8.000000e-003
43  4.000000e-003
44  2.000000e-003
45  1.000000e-003
46  1.000000e-003
47  2.500000e-002
48  1.400000e-002
49  1.400000e-002
50  1.020000e-001
51  9.900000e-002
52  4.900000e-002
53  2.600000e-002
54  1.300000e-002
55  7.000000e-003
56  4.000000e-003
57  2.000000e-003
58  1.000000e-003
59  0.000000e+000
60  0.000000e+000
61  0.000000e+000
62  0.000000e+000
63  0.000000e+000
64  0.000000e+000
65  0.000000e+000
66  0.000000e+000
67  0.000000e+000
68  0.000000e+000
69  0.000000e+000
70  0.000000e+000
71  0.000000e+000
72  0.000000e+000
73  0.000000e+000
74  0.000000e+000
75  0.000000e+000
76  0.000000e+000
77  0.000000e+000
78  0.000000e+000
79  0.000000e+000
80  0.000000e+000
81  0.000000e+000
82  0.000000e+000
83  0.000000e+000
84  0.000000e+000
85  0.000000e+000
86  1.490000e-001
87  1.550000e-001
88  7.700000e-002
89  4.100000e-002
90  2.000000e-002
91  3.500000e-002
92  2.000000e-002
93  1.000000e-002
94  5.000000e-003
95  3.000000e-003
96  1.000000e-003
97  1.000000e-003
98  2.610000e-001
99  1.800000e-001
100  8.900000e-002
101  4.800000e-002
102  2.400000e-002
103  1.300000e-002
104  6.000000e-003
105  3.000000e-003
106  2.000000e-003
107  1.000000e-003
108  0.000000e+000
109  0.000000e+000
110  0.000000e+000
111  0.000000e+000
112  0.000000e+000
113  0.000000e+000
114  0.000000e+000
115  0.000000e+000
116  0.000000e+000
117  0.000000e+000
118  0.000000e+000
119  0.000000e+000
120  0.000000e+000
121  0.000000e+000
122  2.500000e-002
123  7.400000e-002
124  1.300000e-001
125  6.900000e-002
126  3.400000e-002
127  1.800000e-002
128  9.000000e-003
129  5.000000e-003
130  2.000000e-003
131  1.000000e-003
132  1.000000e-003
133  0.000000e+000
134  0.000000e+000
135  0.000000e+000
136  0.000000e+000
137  0.000000e+000
138  0.000000e+000
139  0.000000e+000
140  0.000000e+000
141  0.000000e+000
142  0.000000e+000
143  0.000000e+000
144  0.000000e+000
   3 
1  2.400000e-002
2  1.100000e-001
3  9.300000e-002
4  4.600000e-002
5  2.500000e-002
6  1.200000e-002
7  6.000000e-003
8  3.000000e-003
9  2.000000e-003
10  1.000000e-003
11  0.000000e+000
12  0.000000e+000
13  3.000000e-002
14  6.500000e-002
15  1.850000e-001
16  1.300000e-001
17  6.900000e-002
18  3.400000e-002
19  1.800000e-002
20  9.000000e-003
21  5.000000e-003
22  2.000000e-003
23  1.000000e-003
24  4.600000e-002
25  1.080000e-001
26  2.080000e-001
27  2.120000e-001
28  1.050000e-001
29  5.600000e-002
30  2.800000e-002
31  1.500000e-002
32  8.000000e-003
33  4.000000e-003
34  2.000000e-003
35  1.000000e-003
36  1.000000e-003
37  0.000000e+000
38  9.800000e-002
39  6.400000e-002
40  3.200000e-002
41  1.700000e-002
42  8.000000e-003
43  4.000000e-003
44  2.000000e-003
45  1.000000e-003
46  1.000000e-003
47  2.500000e-002
48  1.400000e-002
49  1.400000e-002
50  1.020000e-001
51  9.900000e-002
52  4.900000e-002
53  2.600000e-002
54  1.300000e-002
55  7.000000e-003
56  4.000000e-003
57  2.000000e-003
58  1.000000e-003
59  0.000000e+000
60  0.000000e+000
61  0.000000e+000
62  0.000000e+000
63  0.000000e+000
64  0.000000e+000
65  0.000000e+000
66  0.000000e+000
67  0.000000e+000
68  0.000000e+000
69  0.000000e+000
70  0.000000e+000
71  0.000000e+000
72  0.000000e+000
73  0.000000e+000
74  0.000000e+000
75  0.000000e+000
76  0.000000e+000
77  0.000000e+000
78  0.000000e+000
79  0.000000e+000
80  0.000000e+000
81  0.000000e+000
82  0.000000e+000
83  0.000000e+000
84  0.000000e+000
85  0.000000e+000
86  1.490000e-001
87  1.550000e-001
88  7.700000e-002
89  4.100000e-002
90  2.000000e-002
91  3.400000e-002
92  2.000000e-002
93  1.000000e-002
94  5.000000e-003
95  3.000000e-003
96  1.000000e-003
97  1.000000e-003
98  2.620000e-001
99  1.800000e-001
100  8.900000e-002
101  4.700000e-002
102  2.400000e-002
103  1.300000e-002
104  6.000000e-003
105  3.000000e-003
106  2.000000e-003
107  1.000000e-003
108  0.000000e+000
109  0.000000e+000
110  0.000000e+000
111  0.000000e+000
112  0.000000e+000
113  0.000000e+000
114  0.000000e+000
115  0.000000e+000
116  0.000000e+000
117  0.000000e+000
118  0.000000e+000
119  0.000000e+000
120  0.000000e+000
121  0.000000e+000
122  2.500000e-002
123  7.400000e-002
124  1.300000e-001
125  6.900000e-002
126  3.400000e-002
127  1.800000e-002
128  9.000000e-003
129  5.000000e-003
130  2.000000e-003
131  1.000000e-003
132  1.000000e-003
133  0.000000e+000
134  0.000000e+000
135  0.000000e+000
136  0.000000e+000
137  0.000000e+000
138  0.000000e+000
139  0.000000e+000
140  0.000000e+000
141  0.000000e+000
142  0.000000e+000
143  0.000000e+000
144  0.000000e+000
   4 
1  1.900000e-002
2  9.800000e-002
3  8.500000e-002
4  4.300000e-002
5  2.300000e-002
6  1.100000e-002
7  6.000000e-003
8  3.000000e-003
9  2.000000e-003
10  1.000000e-003
11  0.000000e+000
12  0.000000e+000
13  2.900000e-002
14  6.300000e-002
15  1.800000e-001
16  1.260000e-001
17  6.700000e-002
18  3.300000e-002
19  1.800000e-002
20  9.000000e-003
21  5.000000e-003
22  2.000000e-003
23  1.000000e-003
24  3.400000e-002
25  9.700000e-002
26  1.970000e-001
27  2.040000e-001
28  1.020000e-001
29  5.400000e-002
30  2.700000e-002
31  1.400000e-002
32  7.000000e-003
33  4.000000e-003
34  2.000000e-003
35  1.000000e-003
36  1.000000e-003
37  0.000000e+000
38  9.700000e-002
39  6.300000e-002
40  3.200000e-002
41  1.700000e-002
42  8.000000e-003
43  4.000000e-003
44  2.000000e-003
45  1.000000e-003
46  1.000000e-003
47  2.200000e-002
48  1.200000e-002
49  1.300000e-002
50  9.600000e-002
51  9.100000e-002
52  4.500000e-002
53  2.400000e-002
54  1.200000e-002
55  6.000000e-003
56  3.000000e-003
57  2.000000e-003
58  1.000000e-003
59  0.000000e+000
60  0.000000e+000
61  0.000000e+000
62  0.000000e+000
63  0.000000e+000
64  0.000000e+000
65  0.000000e+000
66  0.000000e+000
67  0.000000e+000
68  0.000000e+000
69  0.000000e+000
70  0.000000e+000
71  0.000000e+000
72  0.000000e+000
73  0.000000e+000
74  0.000000e+000
75  0.000000e+000
76  0.000000e+000
77  0.000000e+000
78  0.000000e+000
79  0.000000e+000
80  0.000000e+000
81  0.000000e+000
82  0.000000e+000
83  0.000000e+000
84  0.000000e+000
85  0.000000e+000
86  1.480000e-001
87  1.550000e-001
88  7.700000e-002
89  4.100000e-002
90  2.000000e-002
91  2.900000e-002
92  1.700000e-002
93  8.000000e-003
94  4.000000e-003
95  2.000000e-003
96  1.000000e-003
97  1.000000e-003
98  2.590000e-001
99  1.780000e-001
100  8.900000e-002
101  4.700000e-002
102  2.300000e-002
103  1.300000e-002
104  6.000000e-003
105  3.000000e-003
106  2.000000e-003
107  1.000000e-003
108  0.000000e+000
109  0.000000e+000
110  0.000000e+000
111  0.000000e+000
112  0.000000e+000
113  0.000000e+000
114  0.000000e+000
115  0.000000e+000
116  0.000000e+000
117  0.000000e+000
118  0.000000e+000
119  0.000000e+000
120  0.000000e+000
121  0.000000e+000
122  2.400000e-002
123  7.200000e-002
124  1.270000e-001
125  6.800000e-002
126  3.400000e-002
127  1.800000e-002
128  9.000000e-003
129  5.000000e-003
130  2.000000e-003
131  1.000000e-003
132  1.000000e-003
133  0.000000e+000
134  0.000000e+000
135  0.000000e+000
136  0.000000e+000
137  0.000000e+000
138  0.000000e+000
139  0.000000e+000
140  0.000000e+000
141  0.000000e+000
142  0.000000e+000
143  0.000000e+000
144  0.000000e+000
   5 
1  2.200000e-002
2  1.050000e-001
3  9.000000e-002
4  4.400000e-002
5  2.400000e-002
6  1.200000e-002
7  6.000000e-003
8  3.000000e-003
9  2.000000e-003
10  1.000000e-003
11  0.000000e+000
12  0.000000e+000
13  2.900000e-002
14  6.400000e-002
15  1.830000e-001
16  1.280000e-001
17  6.800000e-002
18  3.400000e-002
19  1.800000e-002
20  9.000000e-003
21  4.000000e-003
22  2.000000e-003
23  1.000000e-003
24  4.100000e-002
25  1.040000e-001
26  2.040000e-001
27  2.080000e-001
28  1.030000e-001
29  5.500000e-002
30  2.700000e-002
31  1.400000e-002
32  7.000000e-003
33  4.000000e-003
34  2.000000e-003
35  1.000000e-003
36  1.000000e-003
37  0.000000e+000
38  9.800000e-002
39  6.400000e-002
40  3.100000e-002
41  1.700000e-002
42  8.000000e-003
43  4.000000e-003
44  2.000000e-003
45  1.000000e-003
46  1.000000e-003
47  2.400000e-002
48  1.300000e-002
49  1.400000e-002
50  1.000000e-001
51  9.500000e-002
52  4.700000e-002
53  2.500000e-002
54  1.200000e-002
55  7.000000e-003
56  3.000000e-003
57  2.000000e-003
58  1.000000e-003
59  0.000000e+000
60  0.000000e+000
61  0.000000e+000
62  0.000000e+000
63  0.000000e+000
64  0.000000e+000
65  0.000000e+000
66  0.000000e+000
67  0.000000e+000
68  0.000000e+000
69  0.000000e+000
70  0.000000e+000
71  0.000000e+000
72  0.000000e+000
73  0.000000e+000
74  0.000000e+000
75  0.000000e+000
76  0.000000e+000
77  0.000000e+000
78  0.000000e+000
79  0.000000e+000
80  0.000000e+000
81  0.000000e+000
82  0.000000e+000
83  0.000000e+000
84  0.000000e+000
85  0.000000e+000
86  1.490000e-001
87  1.550000e-001
88  7.700000e-002
89  4.100000e-002
90  2.000000e-002
91  3.200000e-002
92  1.900000e-002
93  9.000000e-003
94  5.000000e-003
95  2.000000e-003
96  1.000000e-003
97  1.000000e-003
98  2.620000e-001
99  1.790000e-001
100  8.900000e-002
101  4.700000e-002
102  2.300000e-002
103  1.200000e-002
104  6.000000e-003
105  3.000000e-003
106  2.000000e-003
107  1.000000e-003
108  0.000000e+000
109  0.000000e+000
110  0.000000e+000
111  0.000000e+000
112  0.000000e+000
113  0.000000e+000
114  0.000000e+000
115  0.000000e+000
116  0.000000e+000
117  0.000000e+000
118  0.000000e+000
119  0.000000e+000
120  0.000000e+000
121  0.000000e+000
122  2.500000e-002
123  7.300000e-002
124  1.290000e-001
125  6.800000e-002
126  3.400000e-002
127  1.800000e-002
128  9.000000e-003
129  5.000000e-003
130  2.000000e-003
131  1.000000e-003
132  1.000000e-003
133  0.000000e+000
134  0.000000e+000
135  0.000000e+000
136  0.000000e+000
137  0.000000e+000
138  0.000000e+000
139  0.000000e+000
140  0.000000e+000
141  0.000000e+000
142  0.000000e+000
143  0.000000e+000
144  0.000000e+000
   6 
1  2.000000e-002
2  9.800000e-002
3  8.600000e-002
4  4.300000e-002
5  2.300000e-002
6  1.100000e-002
7  6.000000e-003
8  3.000000e-003
9  2.000000e-003
10  1.000000e-003
11  0.000000e+000
12  0.000000e+000
13  2.900000e-002
14  6.300000e-002
15  1.800000e-001
16  1.260000e-001
17  6.700000e-002
18  3.300000e-002
19  1.800000e-002
20  9.000000e-003
21  4.000000e-003
22  2.000000e-003
23  1.000000e-003
24  3.400000e-002
25  9.800000e-002
26  1.970000e-001
27  2.040000e-001
28  1.020000e-001
29  5.400000e-002
30  2.700000e-002
31  1.400000e-002
32  7.000000e-003
33  4.000000e-003
34  2.000000e-003
35  1.000000e-003
36  1.000000e-003
37  0.000000e+000
38  9.700000e-002
39  6.300000e-002
40  3.100000e-002
41  1.700000e-002
42  8.000000e-003
43  4.000000e-003
44  2.000000e-003
45  1.000000e-003
46  1.000000e-003
47  2.200000e-002
48  1.200000e-002
49  1.300000e-002
50  9.600000e-002
51  9.100000e-002
52  4.500000e-002
53  2.400000e-002
54  1.200000e-002
55  6.000000e-003
56  3.000000e-003
57  2.000000e-003
58  1.000000e-003
59  0.000000e+000
60  0.000000e+000
61  0.000000e+000
62  0.000000e+000
63  0.000000e+000
64  0.000000e+000
65  0.000000e+000
66  0.000000e+000
67  0.000000e+000
68  0.000000e+000
69  0.000000e+000
70  0.000000e+000
71  0.000000e+000
72  0.000000e+000
73  0.000000e+000
74  0.000000e+000
75  0.000000e+000
76  0.000000e+000
77  0.000000e+000
78  0.000000e+000
79  0.000000e+000
80  0.000000e+000
81  0.000000e+000
82  0.000000e+000
83  0.000000e+000
84  0.000000e+000
85  0.000000e+000
86  1.480000e-001
87  1.550000e-001
88  7.700000e-002
89  4.100000e-002
90  2.000000e-002
91  2.900000e-002
92  1.700000e-002
93  8.000000e-003
94  4.000000e-003
95  2.000000e-003
96  1.000000e-003
97  1.000000e-003
98  2.600000e-001
99  1.780000e-001
100  8.900000e-002
101  4.700000e-002
102  2.300000e-002
103  1.200000e-002
104  6.000000e-003
105  3.000000e-003
106  2.000000e-003
107  1.000000e-003
108  0.000000e+000
109  0.000000e+000
110  0.000000e+000
111  0.000000e+000
112  0.000000e+000
113  0.000000e+000
114  0.000000e+000
115  0.000000e+000
116  0.000000e+000
117  0.000000e+000
118  0.000000e+000
119  0.000000e+000
120  0.000000e+000
121  0.000000e+000
122  2.400000e-002
123  7.200000e-002
124  1.270000e-001
125  6.800000e-002
126  3.400000e-002
127  1.800000e-002
128  9.000000e-003
129  5.000000e-003
130  2.000000e-003
131  1.000000e-003
132  1.000000e-003
133  0.000000e+000
134  0.000000e+000
135  0.000000e+000
136  0.000000e+000
137  0.000000e+000
138  0.000000e+000
139  0.000000e+000
140  0.000000e+000
141  0.000000e+000
142  0.000000e+000
143  0.000000e+000
144  0.000000e+000
   7 
1  1.800000e-002
2  9.300000e-002
3  8.300000e-002
4  4.100000e-002
5  2.200000e-002
6  1.100000e-002
7  6.000000e-003
8  3.000000e-003
9  1.000000e-003
10  1.000000e-003
11  0.000000e+000
12  0.000000e+000
13  2.800000e-002
14  6.200000e-002
15  1.780000e-001
16  1.240000e-001
17  6.600000e-002
18  3.300000e-002
19  1.800000e-002
20  9.000000e-003
21  4.000000e-003
22  2.000000e-003
23  1.000000e-003
24  2.900000e-002
25  9.300000e-002
26  1.930000e-001
27  2.010000e-001
28  1.000000e-001
29  5.300000e-002
30  2.600000e-002
31  1.400000e-002
32  7.000000e-003
33  4.000000e-003
34  2.000000e-003
35  1.000000e-003
36  1.000000e-003
37  0.000000e+000
38  9.700000e-002
39  6.300000e-002
40  3.100000e-002
41  1.700000e-002
42  8.000000e-003
43  4.000000e-003
44  2.000000e-003
45  1.000000e-003
46  1.000000e-003
47  2.100000e-002
48  1.100000e-002
49  1.300000e-002
50  9.300000e-002
51  8.700000e-002
52  4.300000e-002
53  2.300000e-002
54  1.100000e-002
55  6.000000e-003
56  3.000000e-003
57  2.000000e-003
58  1.000000e-003
59  0.000000e+000
60  0.000000e+000
61  0.000000e+000
62  0.000000e+000
63  0.000000e+000
64  0.000000e+000
65  0.000000e+000
66  0.000000e+000
67  0.000000e+000
68  0.000000e+000
69  0.000000e+000
70  0.000000e+000
71  0.000000e+000
72  0.000000e+000
73  0.000000e+000
74  0.000000e+000
75  0.000000e+000
76  0.000000e+000
77  0.000000e+000
78  0.000000e+000
79  0.000000e+000
80  0.000000e+000
81  0.000000e+000
82  0.000000e+000
83  0.000000e+000
84  0.000000e+000
85  0.000000e+000
86  1.480000e-001
87  1.540000e-001
88  7.700000e-002
89  4.100000e-002
90  2.000000e-002
91  2.600000e-002
92  1.500000e-002
93  7.000000e-003
94  4.000000e-003
95  2.000000e-003
96  1.000000e-003
97  1.000000e-003
98  2.590000e-001
99  1.780000e-001
100  8.900000e-002
101  4.700000e-002
102  2.300000e-002
103  1.200000e-002
104  6.000000e-003
105  3.000000e-003
106  2.000000e-003
107  1.000000e-003
108  0.000000e+000
109  0.000000e+000
110  0.000000e+000
111  0.000000e+000
112  0.000000e+000
113  0.000000e+000
114  0.000000e+000
115  0.000000e+000
116  0.000000e+000
117  0.000000e+000
118  0.000000e+000
119  0.000000e+000
120  0.000000e+000
121  0.000000e+000
122  2.400000e-002
123  7.200000e-002
124  1.260000e-001
125  6.700000e-002
126  3.300000e-002
127  1.800000e-002
128  9.000000e-003
129  4.000000e-003
130  2.000000e-003
131  1.000000e-003
132  1.000000e-003
133  0.000000e+000
134  0.000000e+000
135  0.000000e+000
136  0.000000e+000
137  0.000000e+000
138  0.000000e+000
139  0.000000e+000
140  0.000000e+000
141  0.000000e+000
142  0.000000e+000
143  0.000000e+000
144  0.000000e+000
   8 
1  1.700000e-002
2  9.100000e-002
3  8.100000e-002
4  4.000000e-002
5  2.200000e-002
6  1.100000e-002
7  6.000000e-003
8  3.000000e-003
9  1.000000e-003
10  1.000000e-003
11  0.000000e+000
12  0.000000e+000
13  2.800000e-002
14  6.200000e-002
15  1.770000e-001
16  1.240000e-001
17  6.600000e-002
18  3.300000e-002
19  1.700000e-002
20  9.000000e-003
21  4.000000e-003
22  2.000000e-003
23  1.000000e-003
24  2.700000e-002
25  9.100000e-002
26  1.910000e-001
27  2.000000e-001
28  9.900000e-002
29  5.300000e-002
30  2.600000e-002
31  1.400000e-002
32  7.000000e-003
33  4.000000e-003
34  2.000000e-003
35  1.000000e-003
36  0.000000e+000
37  0.000000e+000
38  9.700000e-002
39  6.300000e-002
40  3.100000e-002
41  1.700000e-002
42  8.000000e-003
43  4.000000e-003
44  2.000000e-003
45  1.000000e-003
46  1.000000e-003
47  2.000000e-002
48  1.100000e-002
49  1.200000e-002
50  9.200000e-002
51  8.500000e-002
52  4.200000e-002
53  2.300000e-002
54  1.100000e-002
55  6.000000e-003
56  3.000000e-003
57  2.000000e-003
58  1.000000e-003
59  0.000000e+000
60  0.000000e+000
61  0.000000e+000
62  0.000000e+000
63  0.000000e+000
64  0.000000e+000
65  0.000000e+000
66  0.000000e+000
67  0.000000e+000
68  0.000000e+000
69  0.000000e+000
70  0.000000e+000
71  0.000000e+000
72  0.000000e+000
73  0.000000e+000
74  0.000000e+000
75  0.000000e+000
76  0.000000e+000
77  0.000000e+000
78  0.000000e+000
79  0.000000e+000
80  0.000000e+000
81  0.000000e+000
82  0.000000e+000
83  0.000000e+000
84  0.000000e+000
85  0.000000e+000
86  1.480000e-001
87  1.540000e-001
88  7.700000e-002
89  4.100000e-002
90  2.000000e-002
91  2.500000e-002
92  1.400000e-002
93  7.000000e-003
94  4.000000e-003
95  2.000000e-003
96  1.000000e-003
97  1.000000e-003
98  2.590000e-001
99  1.780000e-001
100  8.800000e-002
101  4.700000e-002
102  2.300000e-002
103  1.200000e-002
104  6.000000e-003
105  3.000000e-003
106  2.000000e-003
107  1.000000e-003
108  0.000000e+000
109  0.000000e+000
110  0.000000e+000
111  0.000000e+000
112  0.000000e+000
113  0.000000e+000
114  0.000000e+000
115  0.000000e+000
116  0.000000e+000
117  0.000000e+000
118  0.000000e+000
119  0.000000e+000
120  0.000000e+000
121  0.000000e+000
122  2.400000e-002
123  7.100000e-002
124  1.250000e-001
125  6.600000e-002
126  3.300000e-002
127  1.800000e-002
128  9.000000e-003
129  4.000000e-003
130  2.000000e-003
131  1.000000e-003
132  1.000000e-003
133  0.000000e+000
134  0.000000e+000
135  0.000000e+000
136  0.000000e+000
137  0.000000e+000
138  0.000000e+000
139  0.000000e+000
140  0.000000e+000
141  0.000000e+000
142  0.000000e+000
143  0.000000e+000
144  0.000000e+000
   9 
1  1.600000e-002
2  8.900000e-002
3  8.000000e-002
4  4.000000e-002
5  2.100000e-002
6  1.100000e-002
7  6.000000e-003
8  3.000000e-003
9  1.000000e-003
10  1.000000e-003
11  0.000000e+000
12  0.000000e+000
13  2.800000e-002
14  6.100000e-002
15  1.760000e-001
16  1.230000e-001
17  6.600000e-002
18  3.300000e-002
19  1.700000e-002
20  9.000000e-003
21  4.000000e-003
22  2.000000e-003
23  1.000000e-003
24  2.500000e-002
25  8.900000e-002
26  1.890000e-001
27  1.990000e-001
28  9.900000e-002
29  5.300000e-002
30  2.600000e-002
31  1.400000e-002
32  7.000000e-003
33  4.000000e-003
34  2.000000e-003
35  1.000000e-003
36  0.000000e+000
37  0.000000e+000
38  9.700000e-002
39  6.300000e-002
40  3.100000e-002
41  1.700000e-002
42  8.000000e-003
43  4.000000e-003
44  2.000000e-003
45  1.000000e-003
46  1.000000e-003
47  1.900000e-002
48  1.000000e-002
49  1.200000e-002
50  9.100000e-002
51  8.400000e-002
52  4.200000e-002
53  2.200000e-002
54  1.100000e-002
55  6.000000e-003
56  3.000000e-003
57  1.000000e-003
58  1.000000e-003
59  0.000000e+000
60  0.000000e+000
61  0.000000e+000
62  0.000000e+000
63  0.000000e+000
64  0.000000e+000
65  0.000000e+000
66  0.000000e+000
67  0.000000e+000
68  0.000000e+000
69  0.000000e+000
70  0.000000e+000
71  0.000000e+000
72  0.000000e+000
73  0.000000e+000
74  0.000000e+000
75  0.000000e+000
76  0.000000e+000
77  0.000000e+000
78  0.000000e+000
79  0.000000e+000
80  0.000000e+000
81  0.000000e+000
82  0.000000e+000
83  0.000000e+000
84  0.000000e+000
85  0.000000e+000
86  1.470000e-001
87  1.540000e-001
88  7.700000e-002
89  4.100000e-002
90  2.000000e-002
91  2.400000e-002
92  1.300000e-002
93  7.000000e-003
94  4.000000e-003
95  2.000000e-003
96  1.000000e-003
97  0.000000e+000
98  2.580000e-001
99  1.770000e-001
100  8.800000e-002
101  4.700000e-002
102  2.300000e-002
103  1.200000e-002
104  6.000000e-003
105  3.000000e-003
106  2.000000e-003
107  1.000000e-003
108  0.000000e+000
109  0.000000e+000
110  0.000000e+000
111  0.000000e+000
112  0.000000e+000
113  0.000000e+000
114  0.000000e+000
115  0.000000e+000
116  0.000000e+000
117  0.000000e+000
118  0.000000e+000
119  0.000000e+000
120  0.000000e+000
121  0.000000e+000
122  2.400000e-002
123  7.100000e-002
124  1.240000e-001
125  6.600000e-002
126  3.300000e-002
127  1.800000e-002
128  9.000000e-003
129  4.000000e-003
130  2.000000e-003
131  1.000000e-003
132  1.000000e-003
133  0.000000e+000
134  0.000000e+000
135  0.000000e+000
136  0.000000e+000
137  0.000000e+000
138  0.000000e+000
139  0.000000e+000
140  0.000000e+000
141  0.000000e+000
142  0.000000e+000
143  0.000000e+000
144  0.000000e+000
   10 
1  1.700000e-002
2  9.200000e-002
3  8.200000e-002
4  4.100000e-002
5  2.200000e-002
6  1.100000e-002
7  6.000000e-003
8  3.000000e-003
9  1.000000e-003
10  1.000000e-003
11  0.000000e+000
12  0.000000e+000
13  2.800000e-002
14  6.200000e-002
15  1.770000e-001
16  1.240000e-001
17  6.600000e-002
18  3.300000e-002
19  1.800000e-002
20  9.000000e-003
21  4.000000e-003
22  2.000000e-003
23  1.000000e-003
24  2.800000e-002
25  9.200000e-002
26  1.910000e-001
27  2.000000e-001
28  1.000000e-001
29  5.300000e-002
30  2.700000e-002
31  1.400000e-002
32  7.000000e-003
33  4.000000e-003
34  2.000000e-003
35  1.000000e-003
36  1.000000e-003
37  0.000000e+000
38  9.700000e-002
39  6.300000e-002
40  3.100000e-002
41  1.700000e-002
42  8.000000e-003
43  4.000000e-003
44  2.000000e-003
45  1.000000e-003
46  1.000000e-003
47  2.100000e-002
48  1.100000e-002
49  1.200000e-002
50  9.200000e-002
51  8.600000e-002
52  4.300000e-002
53  2.300000e-002
54  1.100000e-002
55  6.000000e-003
56  3.000000e-003
57  2.000000e-003
58  1.000000e-003
59  0.000000e+000
60  0.000000e+000
61  0.000000e+000
62  0.000000e+000
63  0.000000e+000
64  0.000000e+000
65  0.000000e+000
66  0.000000e+000
67  0.000000e+000
68  0.000000e+000
69  0.000000e+000
70  0.000000e+000
71  0.000000e+000
72  0.000000e+000
73  0.000000e+000
74  0.000000e+000
75  0.000000e+000
76  0.000000e+000
77  0.000000e+000
78  0.000000e+000
79  0.000000e+000
80  0.000000e+000
81  0.000000e+000
82  0.000000e+000
83  0.000000e+000
84  0.000000e+000
85  0.000000e+000
86  1.470000e-001
87  1.540000e-001
88  7.700000e-002
89  4.100000e-002
90  2.000000e-002
91  2.600000e-002
92  1.500000e-002
93  7.000000e-003
94  4.000000e-003
95  2.000000e-003
96  1.000000e-003
97  1.000000e-003
98  2.580000e-001
99  1.780000e-001
100  8.900000e-002
101  4.700000e-002
102  2.400000e-002
103  1.300000e-002
104  6.000000e-003
105  3.000000e-003
106  2.000000e-003
107  1.000000e-003
108  0.000000e+000
109  0.000000e+000
110  0.000000e+000
111  0.000000e+000
112  0.000000e+000
113  0.000000e+000
114  0.000000e+000
115  0.000000e+000
116  0.000000e+000
117  0.000000e+000
118  0.000000e+000
119  0.000000e+000
120  0.000000e+000
121  0.000000e+000
122  2.400000e-002
123  7.100000e-002
124  1.250000e-001
125  6.700000e-002
126  3.300000e-002
127  1.800000e-002
128  9.000000e-003
129  5.000000e-003
130  2.000000e-003
131  1.000000e-003
132  1.000000e-003
133  0.000000e+000
134  0.000000e+000
135  0.000000e+000
136  0.000000e+000
137  0.000000e+000
138  0.000000e+000
139  0.000000e+000
140  0.000000e+000
141  0.000000e+000
142  0.000000e+000
143  0.000000e+000
144  0.000000e+000
