   1 
1  7.600000e-002
2  2.060000e-001
3  1.750000e-001
4  8.700000e-002
5  4.600000e-002
6  2.300000e-002
7  1.200000e-002
8  6.000000e-003
9  3.000000e-003
10  2.000000e-003
11  1.000000e-003
12  3.000000e-002
13  8.100000e-002
14  2.320000e-001
15  4.450000e-001
16  2.780000e-001
17  2.340000e-001
18  2.180000e-001
19  1.290000e-001
20  6.600000e-002
21  3.300000e-002
22  1.700000e-002
23  3.300000e-002
24  1.260000e-001
25  1.700000e-001
26  3.570000e-001
27  4.990000e-001
28  2.469000e+000
29  1.133800e+001
30  9.866000e+000
31  5.478000e+000
32  2.787000e+000
33  1.385000e+000
34  7.370000e-001
35  3.760000e-001
36  3.200000e-001
37  2.820000e-001
38  4.050000e-001
39  4.940000e-001
40  4.160000e-001
41  3.595000e+000
42  2.914000e+000
43  1.552000e+000
44  7.900000e-001
45  3.920000e-001
46  2.090000e-001
47  1.040000e-001
48  5.500000e-002
49  2.800000e-002
50  4.600000e-002
51  1.340000e-001
52  6.900000e-002
53  8.500000e-002
54  4.200000e-002
55  2.200000e-002
56  1.100000e-002
57  6.000000e-003
58  3.000000e-003
59  4.310000e-001
60  3.464000e+000
61  3.928000e+000
62  4.550000e+000
63  7.687000e+000
64  6.341000e+000
65  1.191200e+001
66  1.329900e+001
67  8.944000e+000
68  4.567000e+000
69  2.270000e+000
70  1.208000e+000
71  6.000000e-001
72  3.190000e-001
73  1.650000e-001
74  2.600000e-001
75  2.670000e-001
76  1.401000e+000
77  4.624000e+000
78  2.840000e+000
79  1.511000e+000
80  7.690000e-001
81  3.820000e-001
82  2.030000e-001
83  1.010000e-001
84  5.400000e-002
85  2.700000e-002
86  1.300000e-002
87  8.000000e-003
88  6.000000e-003
89  4.000000e-003
90  2.000000e-003
91  1.000000e-003
92  0.000000e+000
93  0.000000e+000
94  0.000000e+000
95  0.000000e+000
96  0.000000e+000
97  3.500000e-002
98  2.700000e-001
99  4.650000e-001
100  2.093000e+000
101  1.937000e+000
102  9.650000e-001
103  5.140000e-001
104  2.610000e-001
105  1.300000e-001
106  6.900000e-002
107  3.400000e-002
108  1.800000e-002
109  2.200000e-002
110  1.420000e-001
111  8.700000e-002
112  4.300000e-002
113  2.300000e-002
114  1.100000e-002
115  6.000000e-003
116  3.000000e-003
117  2.000000e-003
118  1.000000e-003
119  0.000000e+000
120  6.400000e-002
121  6.200000e-002
122  2.050000e-001
123  3.610000e-001
124  3.020000e-001
125  2.030000e-001
126  1.010000e-001
127  5.400000e-002
128  2.700000e-002
129  1.400000e-002
130  7.000000e-003
131  4.000000e-003
132  2.000000e-003
133  1.000000e-003
134  6.600000e-002
135  3.900000e-002
136  2.000000e-002
137  1.000000e-002
138  5.000000e-003
139  3.000000e-003
140  1.000000e-003
141  1.000000e-003
142  0.000000e+000
143  0.000000e+000
144  0.000000e+000
   2 
1  7.700000e-002
2  2.110000e-001
3  1.780000e-001
4  8.900000e-002
5  4.700000e-002
6  2.300000e-002
7  1.300000e-002
8  6.000000e-003
9  3.000000e-003
10  2.000000e-003
11  1.000000e-003
12  3.000000e-002
13  8.500000e-002
14  2.410000e-001
15  4.570000e-001
16  2.860000e-001
17  2.400000e-001
18  2.230000e-001
19  1.330000e-001
20  6.800000e-002
21  3.400000e-002
22  1.800000e-002
23  3.300000e-002
24  1.320000e-001
25  1.780000e-001
26  3.630000e-001
27  5.040000e-001
28  2.161000e+000
29  1.080400e+001
30  9.465000e+000
31  5.251000e+000
32  2.673000e+000
33  1.329000e+000
34  7.080000e-001
35  3.650000e-001
36  3.240000e-001
37  2.840000e-001
38  4.080000e-001
39  4.540000e-001
40  3.370000e-001
41  3.256000e+000
42  2.621000e+000
43  1.396000e+000
44  7.110000e-001
45  3.530000e-001
46  1.880000e-001
47  9.400000e-002
48  5.000000e-002
49  2.500000e-002
50  4.500000e-002
51  1.340000e-001
52  6.900000e-002
53  9.700000e-002
54  4.800000e-002
55  2.600000e-002
56  1.300000e-002
57  7.000000e-003
58  3.000000e-003
59  4.200000e-001
60  3.219000e+000
61  3.656000e+000
62  4.289000e+000
63  7.376000e+000
64  6.104000e+000
65  1.161400e+001
66  1.297900e+001
67  8.686000e+000
68  4.436000e+000
69  2.206000e+000
70  1.174000e+000
71  5.840000e-001
72  3.110000e-001
73  1.610000e-001
74  2.640000e-001
75  2.730000e-001
76  1.301000e+000
77  4.266000e+000
78  2.593000e+000
79  1.380000e+000
80  7.030000e-001
81  3.490000e-001
82  1.860000e-001
83  9.300000e-002
84  4.900000e-002
85  2.500000e-002
86  1.200000e-002
87  7.000000e-003
88  1.100000e-002
89  7.000000e-003
90  3.000000e-003
91  2.000000e-003
92  1.000000e-003
93  0.000000e+000
94  0.000000e+000
95  0.000000e+000
96  0.000000e+000
97  3.400000e-002
98  2.750000e-001
99  4.670000e-001
100  1.799000e+000
101  1.601000e+000
102  7.970000e-001
103  4.240000e-001
104  2.160000e-001
105  1.070000e-001
106  5.700000e-002
107  2.800000e-002
108  1.500000e-002
109  2.100000e-002
110  1.430000e-001
111  8.900000e-002
112  4.400000e-002
113  2.300000e-002
114  1.200000e-002
115  6.000000e-003
116  3.000000e-003
117  2.000000e-003
118  1.000000e-003
119  0.000000e+000
120  6.500000e-002
121  6.400000e-002
122  2.080000e-001
123  3.710000e-001
124  3.150000e-001
125  2.110000e-001
126  1.050000e-001
127  5.600000e-002
128  2.800000e-002
129  1.400000e-002
130  8.000000e-003
131  4.000000e-003
132  2.000000e-003
133  1.000000e-003
134  6.900000e-002
135  4.100000e-002
136  2.100000e-002
137  1.100000e-002
138  5.000000e-003
139  3.000000e-003
140  1.000000e-003
141  1.000000e-003
142  0.000000e+000
143  0.000000e+000
144  0.000000e+000
   3 
1  7.700000e-002
2  2.110000e-001
3  1.780000e-001
4  8.900000e-002
5  4.700000e-002
6  2.300000e-002
7  1.200000e-002
8  6.000000e-003
9  3.000000e-003
10  2.000000e-003
11  1.000000e-003
12  3.000000e-002
13  8.500000e-002
14  2.410000e-001
15  4.570000e-001
16  2.860000e-001
17  2.390000e-001
18  2.230000e-001
19  1.330000e-001
20  6.800000e-002
21  3.400000e-002
22  1.800000e-002
23  3.300000e-002
24  1.320000e-001
25  1.780000e-001
26  3.630000e-001
27  5.040000e-001
28  2.167000e+000
29  1.081800e+001
30  9.472000e+000
31  5.252000e+000
32  2.671000e+000
33  1.328000e+000
34  7.060000e-001
35  3.640000e-001
36  3.230000e-001
37  2.840000e-001
38  4.080000e-001
39  4.550000e-001
40  3.380000e-001
41  3.263000e+000
42  2.626000e+000
43  1.398000e+000
44  7.110000e-001
45  3.530000e-001
46  1.880000e-001
47  9.300000e-002
48  5.000000e-002
49  2.500000e-002
50  4.500000e-002
51  1.340000e-001
52  6.900000e-002
53  9.700000e-002
54  4.800000e-002
55  2.600000e-002
56  1.300000e-002
57  6.000000e-003
58  3.000000e-003
59  4.200000e-001
60  3.224000e+000
61  3.661000e+000
62  4.294000e+000
63  7.383000e+000
64  6.108000e+000
65  1.162200e+001
66  1.298600e+001
67  8.687000e+000
68  4.433000e+000
69  2.203000e+000
70  1.172000e+000
71  5.830000e-001
72  3.100000e-001
73  1.600000e-001
74  2.640000e-001
75  2.730000e-001
76  1.303000e+000
77  4.273000e+000
78  2.597000e+000
79  1.381000e+000
80  7.030000e-001
81  3.490000e-001
82  1.860000e-001
83  9.200000e-002
84  4.900000e-002
85  2.500000e-002
86  1.200000e-002
87  7.000000e-003
88  1.100000e-002
89  7.000000e-003
90  3.000000e-003
91  2.000000e-003
92  1.000000e-003
93  0.000000e+000
94  0.000000e+000
95  0.000000e+000
96  0.000000e+000
97  3.400000e-002
98  2.750000e-001
99  4.670000e-001
100  1.804000e+000
101  1.606000e+000
102  7.990000e-001
103  4.250000e-001
104  2.160000e-001
105  1.070000e-001
106  5.700000e-002
107  2.800000e-002
108  1.500000e-002
109  2.100000e-002
110  1.430000e-001
111  8.800000e-002
112  4.400000e-002
113  2.300000e-002
114  1.200000e-002
115  6.000000e-003
116  3.000000e-003
117  2.000000e-003
118  1.000000e-003
119  0.000000e+000
120  6.500000e-002
121  6.400000e-002
122  2.080000e-001
123  3.710000e-001
124  3.150000e-001
125  2.110000e-001
126  1.050000e-001
127  5.600000e-002
128  2.800000e-002
129  1.400000e-002
130  8.000000e-003
131  4.000000e-003
132  2.000000e-003
133  1.000000e-003
134  6.900000e-002
135  4.100000e-002
136  2.100000e-002
137  1.100000e-002
138  5.000000e-003
139  3.000000e-003
140  1.000000e-003
141  1.000000e-003
142  0.000000e+000
143  0.000000e+000
144  0.000000e+000
   4 
1  7.600000e-002
2  2.070000e-001
3  1.750000e-001
4  8.700000e-002
5  4.600000e-002
6  2.300000e-002
7  1.200000e-002
8  6.000000e-003
9  3.000000e-003
10  2.000000e-003
11  1.000000e-003
12  3.000000e-002
13  8.100000e-002
14  2.320000e-001
15  4.450000e-001
16  2.790000e-001
17  2.340000e-001
18  2.190000e-001
19  1.290000e-001
20  6.600000e-002
21  3.300000e-002
22  1.700000e-002
23  3.300000e-002
24  1.260000e-001
25  1.700000e-001
26  3.570000e-001
27  4.990000e-001
28  2.450000e+000
29  1.129700e+001
30  9.839000e+000
31  5.469000e+000
32  2.785000e+000
33  1.385000e+000
34  7.380000e-001
35  3.780000e-001
36  3.200000e-001
37  2.820000e-001
38  4.050000e-001
39  4.890000e-001
40  4.080000e-001
41  3.573000e+000
42  2.897000e+000
43  1.545000e+000
44  7.870000e-001
45  3.910000e-001
46  2.080000e-001
47  1.040000e-001
48  5.500000e-002
49  2.800000e-002
50  4.600000e-002
51  1.340000e-001
52  6.900000e-002
53  8.600000e-002
54  4.300000e-002
55  2.300000e-002
56  1.200000e-002
57  6.000000e-003
58  3.000000e-003
59  4.300000e-001
60  3.447000e+000
61  3.911000e+000
62  4.533000e+000
63  7.665000e+000
64  6.327000e+000
65  1.188900e+001
66  1.327600e+001
67  8.932000e+000
68  4.566000e+000
69  2.272000e+000
70  1.210000e+000
71  6.020000e-001
72  3.210000e-001
73  1.660000e-001
74  2.610000e-001
75  2.680000e-001
76  1.395000e+000
77  4.600000e+000
78  2.826000e+000
79  1.505000e+000
80  7.660000e-001
81  3.810000e-001
82  2.030000e-001
83  1.010000e-001
84  5.400000e-002
85  2.700000e-002
86  1.300000e-002
87  8.000000e-003
88  6.000000e-003
89  4.000000e-003
90  2.000000e-003
91  1.000000e-003
92  0.000000e+000
93  0.000000e+000
94  0.000000e+000
95  0.000000e+000
96  0.000000e+000
97  3.400000e-002
98  2.700000e-001
99  4.650000e-001
100  2.075000e+000
101  1.917000e+000
102  9.560000e-001
103  5.090000e-001
104  2.590000e-001
105  1.290000e-001
106  6.900000e-002
107  3.400000e-002
108  1.800000e-002
109  2.200000e-002
110  1.420000e-001
111  8.700000e-002
112  4.300000e-002
113  2.300000e-002
114  1.200000e-002
115  6.000000e-003
116  3.000000e-003
117  2.000000e-003
118  1.000000e-003
119  0.000000e+000
120  6.400000e-002
121  6.200000e-002
122  2.050000e-001
123  3.620000e-001
124  3.030000e-001
125  2.040000e-001
126  1.020000e-001
127  5.400000e-002
128  2.800000e-002
129  1.400000e-002
130  7.000000e-003
131  4.000000e-003
132  2.000000e-003
133  1.000000e-003
134  6.600000e-002
135  3.900000e-002
136  2.000000e-002
137  1.000000e-002
138  5.000000e-003
139  3.000000e-003
140  1.000000e-003
141  1.000000e-003
142  0.000000e+000
143  0.000000e+000
144  0.000000e+000
   5 
1  7.700000e-002
2  2.100000e-001
3  1.770000e-001
4  8.800000e-002
5  4.700000e-002
6  2.300000e-002
7  1.200000e-002
8  6.000000e-003
9  3.000000e-003
10  2.000000e-003
11  1.000000e-003
12  3.000000e-002
13  8.400000e-002
14  2.380000e-001
15  4.530000e-001
16  2.830000e-001
17  2.370000e-001
18  2.210000e-001
19  1.310000e-001
20  6.600000e-002
21  3.300000e-002
22  1.700000e-002
23  3.300000e-002
24  1.300000e-001
25  1.750000e-001
26  3.620000e-001
27  5.020000e-001
28  2.299000e+000
29  1.106600e+001
30  9.647000e+000
31  5.337000e+000
32  2.706000e+000
33  1.341000e+000
34  7.110000e-001
35  3.640000e-001
36  3.190000e-001
37  2.820000e-001
38  4.060000e-001
39  4.570000e-001
40  3.530000e-001
41  3.412000e+000
42  2.751000e+000
43  1.460000e+000
44  7.410000e-001
45  3.670000e-001
46  1.950000e-001
47  9.600000e-002
48  5.100000e-002
49  2.600000e-002
50  4.500000e-002
51  1.350000e-001
52  6.900000e-002
53  9.200000e-002
54  4.600000e-002
55  2.400000e-002
56  1.200000e-002
57  6.000000e-003
58  3.000000e-003
59  4.270000e-001
60  3.336000e+000
61  3.780000e+000
62  4.408000e+000
63  7.522000e+000
64  6.207000e+000
65  1.176300e+001
66  1.313100e+001
67  8.786000e+000
68  4.472000e+000
69  2.216000e+000
70  1.175000e+000
71  5.820000e-001
72  3.090000e-001
73  1.600000e-001
74  2.620000e-001
75  2.700000e-001
76  1.347000e+000
77  4.430000e+000
78  2.697000e+000
79  1.431000e+000
80  7.250000e-001
81  3.600000e-001
82  1.910000e-001
83  9.400000e-002
84  5.000000e-002
85  2.500000e-002
86  1.200000e-002
87  7.000000e-003
88  9.000000e-003
89  5.000000e-003
90  3.000000e-003
91  1.000000e-003
92  1.000000e-003
93  0.000000e+000
94  0.000000e+000
95  0.000000e+000
96  0.000000e+000
97  3.400000e-002
98  2.740000e-001
99  4.670000e-001
100  1.930000e+000
101  1.744000e+000
102  8.660000e-001
103  4.590000e-001
104  2.330000e-001
105  1.150000e-001
106  6.100000e-002
107  3.000000e-002
108  1.600000e-002
109  2.100000e-002
110  1.430000e-001
111  8.800000e-002
112  4.400000e-002
113  2.300000e-002
114  1.100000e-002
115  6.000000e-003
116  3.000000e-003
117  2.000000e-003
118  1.000000e-003
119  0.000000e+000
120  6.500000e-002
121  6.300000e-002
122  2.090000e-001
123  3.700000e-001
124  3.110000e-001
125  2.080000e-001
126  1.030000e-001
127  5.500000e-002
128  2.800000e-002
129  1.400000e-002
130  7.000000e-003
131  4.000000e-003
132  2.000000e-003
133  1.000000e-003
134  6.800000e-002
135  4.100000e-002
136  2.000000e-002
137  1.100000e-002
138  5.000000e-003
139  3.000000e-003
140  1.000000e-003
141  1.000000e-003
142  0.000000e+000
143  0.000000e+000
144  0.000000e+000
   6 
1  7.600000e-002
2  2.070000e-001
3  1.750000e-001
4  8.700000e-002
5  4.600000e-002
6  2.300000e-002
7  1.200000e-002
8  6.000000e-003
9  3.000000e-003
10  2.000000e-003
11  1.000000e-003
12  3.000000e-002
13  8.200000e-002
14  2.320000e-001
15  4.460000e-001
16  2.790000e-001
17  2.340000e-001
18  2.190000e-001
19  1.290000e-001
20  6.600000e-002
21  3.300000e-002
22  1.700000e-002
23  3.300000e-002
24  1.260000e-001
25  1.700000e-001
26  3.570000e-001
27  4.990000e-001
28  2.443000e+000
29  1.129200e+001
30  9.830000e+000
31  5.458000e+000
32  2.776000e+000
33  1.380000e+000
34  7.340000e-001
35  3.750000e-001
36  3.200000e-001
37  2.820000e-001
38  4.060000e-001
39  4.870000e-001
40  4.040000e-001
41  3.566000e+000
42  2.889000e+000
43  1.539000e+000
44  7.830000e-001
45  3.890000e-001
46  2.070000e-001
47  1.030000e-001
48  5.500000e-002
49  2.800000e-002
50  4.600000e-002
51  1.340000e-001
52  6.900000e-002
53  8.600000e-002
54  4.300000e-002
55  2.300000e-002
56  1.200000e-002
57  6.000000e-003
58  3.000000e-003
59  4.300000e-001
60  3.443000e+000
61  3.905000e+000
62  4.528000e+000
63  7.660000e+000
64  6.320000e+000
65  1.188600e+001
66  1.327000e+001
67  8.920000e+000
68  4.555000e+000
69  2.264000e+000
70  1.205000e+000
71  5.990000e-001
72  3.190000e-001
73  1.650000e-001
74  2.600000e-001
75  2.670000e-001
76  1.393000e+000
77  4.593000e+000
78  2.818000e+000
79  1.499000e+000
80  7.630000e-001
81  3.790000e-001
82  2.020000e-001
83  1.000000e-001
84  5.300000e-002
85  2.700000e-002
86  1.300000e-002
87  7.000000e-003
88  6.000000e-003
89  4.000000e-003
90  2.000000e-003
91  1.000000e-003
92  1.000000e-003
93  0.000000e+000
94  0.000000e+000
95  0.000000e+000
96  0.000000e+000
97  3.400000e-002
98  2.700000e-001
99  4.630000e-001
100  2.065000e+000
101  1.906000e+000
102  9.500000e-001
103  5.050000e-001
104  2.570000e-001
105  1.280000e-001
106  6.800000e-002
107  3.400000e-002
108  1.800000e-002
109  2.200000e-002
110  1.420000e-001
111  8.700000e-002
112  4.300000e-002
113  2.300000e-002
114  1.100000e-002
115  6.000000e-003
116  3.000000e-003
117  2.000000e-003
118  1.000000e-003
119  0.000000e+000
120  6.500000e-002
121  6.200000e-002
122  2.060000e-001
123  3.630000e-001
124  3.040000e-001
125  2.040000e-001
126  1.020000e-001
127  5.400000e-002
128  2.700000e-002
129  1.400000e-002
130  7.000000e-003
131  4.000000e-003
132  2.000000e-003
133  1.000000e-003
134  6.600000e-002
135  4.000000e-002
136  2.000000e-002
137  1.000000e-002
138  5.000000e-003
139  3.000000e-003
140  1.000000e-003
141  1.000000e-003
142  0.000000e+000
143  0.000000e+000
144  0.000000e+000
   7 
1  7.600000e-002
2  2.050000e-001
3  1.740000e-001
4  8.600000e-002
5  4.600000e-002
6  2.300000e-002
7  1.200000e-002
8  6.000000e-003
9  3.000000e-003
10  2.000000e-003
11  1.000000e-003
12  3.000000e-002
13  8.000000e-002
14  2.280000e-001
15  4.410000e-001
16  2.750000e-001
17  2.320000e-001
18  2.170000e-001
19  1.280000e-001
20  6.500000e-002
21  3.200000e-002
22  1.700000e-002
23  3.300000e-002
24  1.240000e-001
25  1.660000e-001
26  3.540000e-001
27  4.970000e-001
28  2.566000e+000
29  1.150100e+001
30  9.991000e+000
31  5.553000e+000
32  2.826000e+000
33  1.405000e+000
34  7.480000e-001
35  3.810000e-001
36  3.180000e-001
37  2.810000e-001
38  4.020000e-001
39  5.200000e-001
40  4.660000e-001
41  3.704000e+000
42  3.006000e+000
43  1.603000e+000
44  8.160000e-001
45  4.060000e-001
46  2.160000e-001
47  1.070000e-001
48  5.700000e-002
49  2.900000e-002
50  4.600000e-002
51  1.340000e-001
52  6.900000e-002
53  8.000000e-002
54  4.000000e-002
55  2.100000e-002
56  1.100000e-002
57  5.000000e-003
58  3.000000e-003
59  4.330000e-001
60  3.542000e+000
61  4.018000e+000
62  4.634000e+000
63  7.785000e+000
64  6.417000e+000
65  1.200300e+001
66  1.339900e+001
67  9.028000e+000
68  4.614000e+000
69  2.294000e+000
70  1.221000e+000
71  6.070000e-001
72  3.230000e-001
73  1.670000e-001
74  2.580000e-001
75  2.650000e-001
76  1.432000e+000
77  4.736000e+000
78  2.920000e+000
79  1.554000e+000
80  7.910000e-001
81  3.930000e-001
82  2.090000e-001
83  1.040000e-001
84  5.500000e-002
85  2.800000e-002
86  1.300000e-002
87  8.000000e-003
88  5.000000e-003
89  3.000000e-003
90  1.000000e-003
91  1.000000e-003
92  0.000000e+000
93  0.000000e+000
94  0.000000e+000
95  0.000000e+000
96  0.000000e+000
97  3.400000e-002
98  2.670000e-001
99  4.630000e-001
100  2.186000e+000
101  2.046000e+000
102  1.021000e+000
103  5.440000e-001
104  2.770000e-001
105  1.380000e-001
106  7.300000e-002
107  3.600000e-002
108  1.900000e-002
109  2.300000e-002
110  1.410000e-001
111  8.700000e-002
112  4.300000e-002
113  2.300000e-002
114  1.100000e-002
115  6.000000e-003
116  3.000000e-003
117  2.000000e-003
118  1.000000e-003
119  0.000000e+000
120  6.400000e-002
121  6.100000e-002
122  2.040000e-001
123  3.580000e-001
124  2.980000e-001
125  2.010000e-001
126  1.000000e-001
127  5.300000e-002
128  2.700000e-002
129  1.300000e-002
130  7.000000e-003
131  4.000000e-003
132  2.000000e-003
133  1.000000e-003
134  6.500000e-002
135  3.900000e-002
136  1.900000e-002
137  1.000000e-002
138  5.000000e-003
139  3.000000e-003
140  1.000000e-003
141  1.000000e-003
142  0.000000e+000
143  0.000000e+000
144  0.000000e+000
   8 
1  7.600000e-002
2  2.040000e-001
3  1.740000e-001
4  8.700000e-002
5  4.600000e-002
6  2.300000e-002
7  1.200000e-002
8  6.000000e-003
9  3.000000e-003
10  2.000000e-003
11  1.000000e-003
12  2.900000e-002
13  7.900000e-002
14  2.330000e-001
15  4.430000e-001
16  2.760000e-001
17  2.320000e-001
18  2.160000e-001
19  1.270000e-001
20  6.500000e-002
21  3.200000e-002
22  1.700000e-002
23  3.200000e-002
24  1.220000e-001
25  1.640000e-001
26  3.530000e-001
27  4.960000e-001
28  2.621000e+000
29  1.159800e+001
30  1.006300e+001
31  5.594000e+000
32  2.846000e+000
33  1.415000e+000
34  7.530000e-001
35  3.830000e-001
36  3.170000e-001
37  2.800000e-001
38  4.020000e-001
39  5.360000e-001
40  5.000000e-001
41  3.768000e+000
42  3.058000e+000
43  1.630000e+000
44  8.290000e-001
45  4.120000e-001
46  2.190000e-001
47  1.090000e-001
48  5.800000e-002
49  3.000000e-002
50  4.700000e-002
51  1.340000e-001
52  6.900000e-002
53  7.800000e-002
54  3.900000e-002
55  2.100000e-002
56  1.000000e-002
57  5.000000e-003
58  3.000000e-003
59  4.350000e-001
60  3.587000e+000
61  4.071000e+000
62  4.684000e+000
63  7.843000e+000
64  6.461000e+000
65  1.205700e+001
66  1.345800e+001
67  9.075000e+000
68  4.637000e+000
69  2.305000e+000
70  1.227000e+000
71  6.100000e-001
72  3.250000e-001
73  1.680000e-001
74  2.580000e-001
75  2.640000e-001
76  1.450000e+000
77  4.800000e+000
78  2.964000e+000
79  1.578000e+000
80  8.030000e-001
81  3.990000e-001
82  2.120000e-001
83  1.060000e-001
84  5.600000e-002
85  2.900000e-002
86  1.400000e-002
87  8.000000e-003
88  5.000000e-003
89  3.000000e-003
90  1.000000e-003
91  1.000000e-003
92  0.000000e+000
93  0.000000e+000
94  0.000000e+000
95  0.000000e+000
96  0.000000e+000
97  3.400000e-002
98  2.670000e-001
99  4.620000e-001
100  2.238000e+000
101  2.107000e+000
102  1.052000e+000
103  5.600000e-001
104  2.850000e-001
105  1.420000e-001
106  7.500000e-002
107  3.700000e-002
108  2.000000e-002
109  2.300000e-002
110  1.400000e-001
111  8.600000e-002
112  4.300000e-002
113  2.300000e-002
114  1.100000e-002
115  6.000000e-003
116  3.000000e-003
117  2.000000e-003
118  1.000000e-003
119  0.000000e+000
120  6.400000e-002
121  6.000000e-002
122  2.020000e-001
123  3.540000e-001
124  2.950000e-001
125  1.990000e-001
126  9.900000e-002
127  5.300000e-002
128  2.700000e-002
129  1.300000e-002
130  7.000000e-003
131  4.000000e-003
132  2.000000e-003
133  1.000000e-003
134  6.400000e-002
135  3.800000e-002
136  1.900000e-002
137  1.000000e-002
138  5.000000e-003
139  3.000000e-003
140  1.000000e-003
141  1.000000e-003
142  0.000000e+000
143  0.000000e+000
144  0.000000e+000
   9 
1  7.600000e-002
2  2.030000e-001
3  1.730000e-001
4  8.600000e-002
5  4.600000e-002
6  2.300000e-002
7  1.200000e-002
8  6.000000e-003
9  3.000000e-003
10  2.000000e-003
11  1.000000e-003
12  2.900000e-002
13  7.900000e-002
14  2.310000e-001
15  4.410000e-001
16  2.750000e-001
17  2.310000e-001
18  2.150000e-001
19  1.270000e-001
20  6.500000e-002
21  3.200000e-002
22  1.700000e-002
23  3.200000e-002
24  1.210000e-001
25  1.620000e-001
26  3.510000e-001
27  4.940000e-001
28  2.662000e+000
29  1.166500e+001
30  1.011800e+001
31  5.630000e+000
32  2.867000e+000
33  1.426000e+000
34  7.600000e-001
35  3.860000e-001
36  3.170000e-001
37  2.810000e-001
38  4.020000e-001
39  5.520000e-001
40  5.290000e-001
41  3.816000e+000
42  3.099000e+000
43  1.653000e+000
44  8.420000e-001
45  4.190000e-001
46  2.230000e-001
47  1.110000e-001
48  5.900000e-002
49  3.000000e-002
50  4.700000e-002
51  1.340000e-001
52  6.800000e-002
53  7.600000e-002
54  3.800000e-002
55  2.000000e-002
56  1.000000e-002
57  5.000000e-003
58  3.000000e-003
59  4.370000e-001
60  3.619000e+000
61  4.108000e+000
62  4.721000e+000
63  7.886000e+000
64  6.495000e+000
65  1.210000e+001
66  1.350400e+001
67  9.116000e+000
68  4.662000e+000
69  2.320000e+000
70  1.236000e+000
71  6.150000e-001
72  3.270000e-001
73  1.700000e-001
74  2.580000e-001
75  2.630000e-001
76  1.463000e+000
77  4.848000e+000
78  3.000000e+000
79  1.598000e+000
80  8.140000e-001
81  4.050000e-001
82  2.160000e-001
83  1.070000e-001
84  5.700000e-002
85  2.900000e-002
86  1.400000e-002
87  8.000000e-003
88  5.000000e-003
89  2.000000e-003
90  1.000000e-003
91  1.000000e-003
92  0.000000e+000
93  0.000000e+000
94  0.000000e+000
95  0.000000e+000
96  0.000000e+000
97  3.400000e-002
98  2.650000e-001
99  4.600000e-001
100  2.278000e+000
101  2.156000e+000
102  1.078000e+000
103  5.740000e-001
104  2.920000e-001
105  1.450000e-001
106  7.700000e-002
107  3.900000e-002
108  2.100000e-002
109  2.300000e-002
110  1.400000e-001
111  8.600000e-002
112  4.300000e-002
113  2.300000e-002
114  1.100000e-002
115  6.000000e-003
116  3.000000e-003
117  2.000000e-003
118  1.000000e-003
119  0.000000e+000
120  6.400000e-002
121  6.000000e-002
122  2.010000e-001
123  3.510000e-001
124  2.920000e-001
125  1.980000e-001
126  9.800000e-002
127  5.200000e-002
128  2.700000e-002
129  1.300000e-002
130  7.000000e-003
131  4.000000e-003
132  2.000000e-003
133  1.000000e-003
134  6.300000e-002
135  3.800000e-002
136  1.900000e-002
137  1.000000e-002
138  5.000000e-003
139  3.000000e-003
140  1.000000e-003
141  1.000000e-003
142  0.000000e+000
143  0.000000e+000
144  0.000000e+000
   10 
1  7.600000e-002
2  2.040000e-001
3  1.740000e-001
4  8.700000e-002
5  4.600000e-002
6  2.300000e-002
7  1.200000e-002
8  6.000000e-003
9  3.000000e-003
10  2.000000e-003
11  1.000000e-003
12  2.900000e-002
13  7.900000e-002
14  2.270000e-001
15  4.390000e-001
16  2.750000e-001
17  2.320000e-001
18  2.170000e-001
19  1.280000e-001
20  6.500000e-002
21  3.300000e-002
22  1.700000e-002
23  3.300000e-002
24  1.230000e-001
25  1.650000e-001
26  3.530000e-001
27  4.960000e-001
28  2.581000e+000
29  1.151100e+001
30  1.001100e+001
31  5.578000e+000
32  2.846000e+000
33  1.419000e+000
34  7.570000e-001
35  3.870000e-001
36  3.200000e-001
37  2.820000e-001
38  4.020000e-001
39  5.260000e-001
40  4.790000e-001
41  3.720000e+000
42  3.025000e+000
43  1.617000e+000
44  8.250000e-001
45  4.110000e-001
46  2.190000e-001
47  1.090000e-001
48  5.800000e-002
49  3.000000e-002
50  4.700000e-002
51  1.340000e-001
52  6.900000e-002
53  7.900000e-002
54  4.000000e-002
55  2.100000e-002
56  1.100000e-002
57  5.000000e-003
58  3.000000e-003
59  4.320000e-001
60  3.551000e+000
61  4.033000e+000
62  4.647000e+000
63  7.797000e+000
64  6.432000e+000
65  1.200700e+001
66  1.341000e+001
67  9.055000e+000
68  4.639000e+000
69  2.313000e+000
70  1.234000e+000
71  6.150000e-001
72  3.280000e-001
73  1.700000e-001
74  2.590000e-001
75  2.650000e-001
76  1.435000e+000
77  4.752000e+000
78  2.938000e+000
79  1.568000e+000
80  8.000000e-001
81  3.990000e-001
82  2.130000e-001
83  1.060000e-001
84  5.700000e-002
85  2.900000e-002
86  1.400000e-002
87  8.000000e-003
88  5.000000e-003
89  3.000000e-003
90  1.000000e-003
91  1.000000e-003
92  0.000000e+000
93  0.000000e+000
94  0.000000e+000
95  0.000000e+000
96  0.000000e+000
97  3.400000e-002
98  2.660000e-001
99  4.610000e-001
100  2.201000e+000
101  2.069000e+000
102  1.036000e+000
103  5.530000e-001
104  2.820000e-001
105  1.410000e-001
106  7.500000e-002
107  3.700000e-002
108  2.000000e-002
109  2.300000e-002
110  1.400000e-001
111  8.700000e-002
112  4.300000e-002
113  2.300000e-002
114  1.100000e-002
115  6.000000e-003
116  3.000000e-003
117  2.000000e-003
118  1.000000e-003
119  0.000000e+000
120  6.400000e-002
121  6.100000e-002
122  2.030000e-001
123  3.560000e-001
124  2.970000e-001
125  2.000000e-001
126  1.000000e-001
127  5.300000e-002
128  2.700000e-002
129  1.400000e-002
130  7.000000e-003
131  4.000000e-003
132  2.000000e-003
133  1.000000e-003
134  6.400000e-002
135  3.900000e-002
136  1.900000e-002
137  1.000000e-002
138  5.000000e-003
139  3.000000e-003
140  1.000000e-003
141  1.000000e-003
142  0.000000e+000
143  0.000000e+000
144  0.000000e+000
