   1 
1  1.000000e-003
2  1.850000e-001
3  3.000000e-001
4  1.490000e-001
5  7.900000e-002
6  3.900000e-002
7  2.100000e-002
8  1.100000e-002
9  5.000000e-003
10  3.000000e-003
11  1.000000e-003
12  1.000000e-003
13  0.000000e+000
14  2.100000e-002
15  5.530000e-001
16  3.770000e-001
17  2.000000e-001
18  1.000000e-001
19  5.300000e-002
20  2.700000e-002
21  1.300000e-002
22  7.000000e-003
23  4.000000e-003
24  2.000000e-003
25  7.100000e-002
26  2.290000e-001
27  4.870000e-001
28  3.150000e-001
29  1.680000e-001
30  8.300000e-002
31  4.400000e-002
32  2.300000e-002
33  1.100000e-002
34  6.000000e-003
35  3.000000e-003
36  2.000000e-003
37  1.090000e-001
38  7.400000e-002
39  1.170000e-001
40  1.400000e-001
41  7.500000e-002
42  3.700000e-002
43  2.000000e-002
44  1.000000e-002
45  5.000000e-003
46  3.000000e-003
47  1.000000e-003
48  1.190000e-001
49  2.370000e-001
50  4.580000e-001
51  4.562000e+000
52  3.811000e+000
53  2.028000e+000
54  1.008000e+000
55  5.360000e-001
56  2.730000e-001
57  1.360000e-001
58  7.200000e-002
59  3.600000e-002
60  3.500000e-002
61  1.980000e-001
62  9.400000e-002
63  5.500000e-002
64  2.700000e-002
65  1.400000e-002
66  7.000000e-003
67  4.000000e-003
68  2.000000e-003
69  1.000000e-003
70  1.000000e-003
71  0.000000e+000
72  0.000000e+000
73  0.000000e+000
74  0.000000e+000
75  8.400000e-002
76  1.910000e-001
77  1.020000e-001
78  5.100000e-002
79  2.700000e-002
80  1.400000e-002
81  7.000000e-003
82  4.000000e-003
83  2.000000e-003
84  1.000000e-003
85  0.000000e+000
86  9.700000e-002
87  1.350000e-001
88  6.700000e-002
89  3.600000e-002
90  1.800000e-002
91  9.000000e-003
92  5.000000e-003
93  2.000000e-003
94  1.000000e-003
95  1.000000e-003
96  0.000000e+000
97  6.500000e-002
98  3.090000e-001
99  3.210000e-001
100  1.770000e-001
101  9.400000e-002
102  4.700000e-002
103  2.500000e-002
104  1.300000e-002
105  6.000000e-003
106  3.000000e-003
107  2.000000e-003
108  1.000000e-003
109  0.000000e+000
110  0.000000e+000
111  0.000000e+000
112  0.000000e+000
113  0.000000e+000
114  0.000000e+000
115  0.000000e+000
116  0.000000e+000
117  0.000000e+000
118  0.000000e+000
119  0.000000e+000
120  0.000000e+000
121  1.000000e-003
122  1.040000e-001
123  1.390000e-001
124  1.550000e-001
125  8.300000e-002
126  4.100000e-002
127  2.200000e-002
128  1.100000e-002
129  6.000000e-003
130  3.000000e-003
131  1.000000e-003
132  1.000000e-003
133  0.000000e+000
134  0.000000e+000
135  0.000000e+000
136  0.000000e+000
137  0.000000e+000
138  0.000000e+000
139  0.000000e+000
140  0.000000e+000
141  0.000000e+000
142  0.000000e+000
143  0.000000e+000
144  0.000000e+000
   2 
1  1.000000e-003
2  1.870000e-001
3  3.030000e-001
4  1.510000e-001
5  8.000000e-002
6  4.000000e-002
7  2.100000e-002
8  1.100000e-002
9  5.000000e-003
10  3.000000e-003
11  1.000000e-003
12  1.000000e-003
13  0.000000e+000
14  2.100000e-002
15  5.610000e-001
16  3.840000e-001
17  2.050000e-001
18  1.020000e-001
19  5.400000e-002
20  2.800000e-002
21  1.400000e-002
22  7.000000e-003
23  4.000000e-003
24  2.000000e-003
25  7.600000e-002
26  2.410000e-001
27  5.040000e-001
28  3.320000e-001
29  1.770000e-001
30  8.800000e-002
31  4.700000e-002
32  2.400000e-002
33  1.200000e-002
34  6.000000e-003
35  3.000000e-003
36  2.000000e-003
37  1.090000e-001
38  7.500000e-002
39  1.230000e-001
40  1.490000e-001
41  7.900000e-002
42  4.000000e-002
43  2.100000e-002
44  1.100000e-002
45  5.000000e-003
46  3.000000e-003
47  1.000000e-003
48  1.320000e-001
49  2.490000e-001
50  4.770000e-001
51  4.350000e+000
52  3.632000e+000
53  1.934000e+000
54  9.620000e-001
55  5.120000e-001
56  2.610000e-001
57  1.300000e-001
58  6.900000e-002
59  3.400000e-002
60  3.500000e-002
61  2.000000e-001
62  9.500000e-002
63  5.500000e-002
64  2.800000e-002
65  1.500000e-002
66  7.000000e-003
67  4.000000e-003
68  2.000000e-003
69  1.000000e-003
70  1.000000e-003
71  0.000000e+000
72  0.000000e+000
73  0.000000e+000
74  0.000000e+000
75  8.500000e-002
76  1.960000e-001
77  1.040000e-001
78  5.200000e-002
79  2.800000e-002
80  1.400000e-002
81  7.000000e-003
82  4.000000e-003
83  2.000000e-003
84  1.000000e-003
85  1.000000e-003
86  1.010000e-001
87  1.430000e-001
88  7.100000e-002
89  3.800000e-002
90  1.900000e-002
91  1.000000e-002
92  5.000000e-003
93  3.000000e-003
94  1.000000e-003
95  1.000000e-003
96  0.000000e+000
97  7.000000e-002
98  3.290000e-001
99  3.540000e-001
100  2.010000e-001
101  1.070000e-001
102  5.300000e-002
103  2.800000e-002
104  1.400000e-002
105  7.000000e-003
106  4.000000e-003
107  2.000000e-003
108  1.000000e-003
109  1.000000e-003
110  0.000000e+000
111  0.000000e+000
112  0.000000e+000
113  0.000000e+000
114  0.000000e+000
115  0.000000e+000
116  0.000000e+000
117  0.000000e+000
118  0.000000e+000
119  0.000000e+000
120  0.000000e+000
121  2.000000e-003
122  1.140000e-001
123  1.520000e-001
124  1.690000e-001
125  9.000000e-002
126  4.500000e-002
127  2.400000e-002
128  1.200000e-002
129  6.000000e-003
130  3.000000e-003
131  2.000000e-003
132  1.000000e-003
133  0.000000e+000
134  0.000000e+000
135  0.000000e+000
136  0.000000e+000
137  0.000000e+000
138  0.000000e+000
139  0.000000e+000
140  0.000000e+000
141  0.000000e+000
142  0.000000e+000
143  0.000000e+000
144  0.000000e+000
   3 
1  1.000000e-003
2  1.870000e-001
3  3.030000e-001
4  1.510000e-001
5  8.000000e-002
6  4.000000e-002
7  2.100000e-002
8  1.100000e-002
9  5.000000e-003
10  3.000000e-003
11  1.000000e-003
12  1.000000e-003
13  0.000000e+000
14  2.100000e-002
15  5.610000e-001
16  3.840000e-001
17  2.040000e-001
18  1.020000e-001
19  5.400000e-002
20  2.700000e-002
21  1.400000e-002
22  7.000000e-003
23  4.000000e-003
24  2.000000e-003
25  7.600000e-002
26  2.400000e-001
27  5.040000e-001
28  3.320000e-001
29  1.770000e-001
30  8.800000e-002
31  4.700000e-002
32  2.400000e-002
33  1.200000e-002
34  6.000000e-003
35  3.000000e-003
36  2.000000e-003
37  1.090000e-001
38  7.500000e-002
39  1.230000e-001
40  1.490000e-001
41  7.900000e-002
42  3.900000e-002
43  2.100000e-002
44  1.100000e-002
45  5.000000e-003
46  3.000000e-003
47  1.000000e-003
48  1.310000e-001
49  2.490000e-001
50  4.770000e-001
51  4.355000e+000
52  3.635000e+000
53  1.934000e+000
54  9.610000e-001
55  5.110000e-001
56  2.600000e-001
57  1.290000e-001
58  6.900000e-002
59  3.400000e-002
60  3.500000e-002
61  2.000000e-001
62  9.500000e-002
63  5.500000e-002
64  2.700000e-002
65  1.500000e-002
66  7.000000e-003
67  4.000000e-003
68  2.000000e-003
69  1.000000e-003
70  1.000000e-003
71  0.000000e+000
72  0.000000e+000
73  0.000000e+000
74  0.000000e+000
75  8.500000e-002
76  1.960000e-001
77  1.040000e-001
78  5.200000e-002
79  2.800000e-002
80  1.400000e-002
81  7.000000e-003
82  4.000000e-003
83  2.000000e-003
84  1.000000e-003
85  0.000000e+000
86  1.010000e-001
87  1.430000e-001
88  7.100000e-002
89  3.800000e-002
90  1.900000e-002
91  1.000000e-002
92  5.000000e-003
93  3.000000e-003
94  1.000000e-003
95  1.000000e-003
96  0.000000e+000
97  7.000000e-002
98  3.290000e-001
99  3.540000e-001
100  2.000000e-001
101  1.060000e-001
102  5.300000e-002
103  2.800000e-002
104  1.400000e-002
105  7.000000e-003
106  4.000000e-003
107  2.000000e-003
108  1.000000e-003
109  1.000000e-003
110  0.000000e+000
111  0.000000e+000
112  0.000000e+000
113  0.000000e+000
114  0.000000e+000
115  0.000000e+000
116  0.000000e+000
117  0.000000e+000
118  0.000000e+000
119  0.000000e+000
120  0.000000e+000
121  2.000000e-003
122  1.140000e-001
123  1.520000e-001
124  1.680000e-001
125  9.000000e-002
126  4.500000e-002
127  2.400000e-002
128  1.200000e-002
129  6.000000e-003
130  3.000000e-003
131  2.000000e-003
132  1.000000e-003
133  0.000000e+000
134  0.000000e+000
135  0.000000e+000
136  0.000000e+000
137  0.000000e+000
138  0.000000e+000
139  0.000000e+000
140  0.000000e+000
141  0.000000e+000
142  0.000000e+000
143  0.000000e+000
144  0.000000e+000
   4 
1  1.000000e-003
2  1.830000e-001
3  2.980000e-001
4  1.480000e-001
5  7.900000e-002
6  3.900000e-002
7  2.100000e-002
8  1.100000e-002
9  5.000000e-003
10  3.000000e-003
11  1.000000e-003
12  1.000000e-003
13  0.000000e+000
14  2.100000e-002
15  5.520000e-001
16  3.770000e-001
17  2.010000e-001
18  1.000000e-001
19  5.300000e-002
20  2.700000e-002
21  1.300000e-002
22  7.000000e-003
23  4.000000e-003
24  2.000000e-003
25  7.200000e-002
26  2.300000e-001
27  4.870000e-001
28  3.160000e-001
29  1.680000e-001
30  8.400000e-002
31  4.500000e-002
32  2.300000e-002
33  1.100000e-002
34  6.000000e-003
35  3.000000e-003
36  2.000000e-003
37  1.080000e-001
38  7.400000e-002
39  1.170000e-001
40  1.410000e-001
41  7.500000e-002
42  3.700000e-002
43  2.000000e-002
44  1.000000e-002
45  5.000000e-003
46  3.000000e-003
47  1.000000e-003
48  1.190000e-001
49  2.380000e-001
50  4.590000e-001
51  4.545000e+000
52  3.800000e+000
53  2.024000e+000
54  1.007000e+000
55  5.360000e-001
56  2.730000e-001
57  1.360000e-001
58  7.200000e-002
59  3.600000e-002
60  3.500000e-002
61  1.980000e-001
62  9.400000e-002
63  5.500000e-002
64  2.700000e-002
65  1.500000e-002
66  7.000000e-003
67  4.000000e-003
68  2.000000e-003
69  1.000000e-003
70  1.000000e-003
71  0.000000e+000
72  0.000000e+000
73  0.000000e+000
74  0.000000e+000
75  8.400000e-002
76  1.920000e-001
77  1.020000e-001
78  5.100000e-002
79  2.700000e-002
80  1.400000e-002
81  7.000000e-003
82  4.000000e-003
83  2.000000e-003
84  1.000000e-003
85  0.000000e+000
86  9.700000e-002
87  1.350000e-001
88  6.700000e-002
89  3.600000e-002
90  1.800000e-002
91  9.000000e-003
92  5.000000e-003
93  2.000000e-003
94  1.000000e-003
95  1.000000e-003
96  0.000000e+000
97  6.500000e-002
98  3.090000e-001
99  3.220000e-001
100  1.780000e-001
101  9.500000e-002
102  4.700000e-002
103  2.500000e-002
104  1.300000e-002
105  6.000000e-003
106  3.000000e-003
107  2.000000e-003
108  1.000000e-003
109  0.000000e+000
110  0.000000e+000
111  0.000000e+000
112  0.000000e+000
113  0.000000e+000
114  0.000000e+000
115  0.000000e+000
116  0.000000e+000
117  0.000000e+000
118  0.000000e+000
119  0.000000e+000
120  0.000000e+000
121  1.000000e-003
122  1.040000e-001
123  1.390000e-001
124  1.560000e-001
125  8.300000e-002
126  4.100000e-002
127  2.200000e-002
128  1.100000e-002
129  6.000000e-003
130  3.000000e-003
131  1.000000e-003
132  1.000000e-003
133  0.000000e+000
134  0.000000e+000
135  0.000000e+000
136  0.000000e+000
137  0.000000e+000
138  0.000000e+000
139  0.000000e+000
140  0.000000e+000
141  0.000000e+000
142  0.000000e+000
143  0.000000e+000
144  0.000000e+000
   5 
1  1.000000e-003
2  1.870000e-001
3  3.030000e-001
4  1.500000e-001
5  8.000000e-002
6  3.900000e-002
7  2.100000e-002
8  1.100000e-002
9  5.000000e-003
10  3.000000e-003
11  1.000000e-003
12  1.000000e-003
13  0.000000e+000
14  2.200000e-002
15  5.610000e-001
16  3.820000e-001
17  2.020000e-001
18  1.000000e-001
19  5.300000e-002
20  2.700000e-002
21  1.300000e-002
22  7.000000e-003
23  4.000000e-003
24  2.000000e-003
25  7.400000e-002
26  2.370000e-001
27  5.000000e-001
28  3.260000e-001
29  1.730000e-001
30  8.600000e-002
31  4.500000e-002
32  2.300000e-002
33  1.100000e-002
34  6.000000e-003
35  3.000000e-003
36  2.000000e-003
37  1.080000e-001
38  7.400000e-002
39  1.200000e-001
40  1.460000e-001
41  7.700000e-002
42  3.800000e-002
43  2.000000e-002
44  1.000000e-002
45  5.000000e-003
46  3.000000e-003
47  1.000000e-003
48  1.270000e-001
49  2.450000e-001
50  4.710000e-001
51  4.457000e+000
52  3.713000e+000
53  1.969000e+000
54  9.760000e-001
55  5.180000e-001
56  2.620000e-001
57  1.300000e-001
58  6.900000e-002
59  3.400000e-002
60  3.500000e-002
61  1.990000e-001
62  9.400000e-002
63  5.500000e-002
64  2.700000e-002
65  1.400000e-002
66  7.000000e-003
67  4.000000e-003
68  2.000000e-003
69  1.000000e-003
70  1.000000e-003
71  0.000000e+000
72  0.000000e+000
73  0.000000e+000
74  0.000000e+000
75  8.500000e-002
76  1.950000e-001
77  1.030000e-001
78  5.100000e-002
79  2.700000e-002
80  1.400000e-002
81  7.000000e-003
82  4.000000e-003
83  2.000000e-003
84  1.000000e-003
85  0.000000e+000
86  1.000000e-001
87  1.400000e-001
88  6.900000e-002
89  3.700000e-002
90  1.800000e-002
91  1.000000e-002
92  5.000000e-003
93  2.000000e-003
94  1.000000e-003
95  1.000000e-003
96  0.000000e+000
97  6.800000e-002
98  3.220000e-001
99  3.400000e-001
100  1.900000e-001
101  1.010000e-001
102  5.000000e-002
103  2.600000e-002
104  1.300000e-002
105  7.000000e-003
106  4.000000e-003
107  2.000000e-003
108  1.000000e-003
109  0.000000e+000
110  0.000000e+000
111  0.000000e+000
112  0.000000e+000
113  0.000000e+000
114  0.000000e+000
115  0.000000e+000
116  0.000000e+000
117  0.000000e+000
118  0.000000e+000
119  0.000000e+000
120  0.000000e+000
121  2.000000e-003
122  1.100000e-001
123  1.470000e-001
124  1.630000e-001
125  8.700000e-002
126  4.300000e-002
127  2.300000e-002
128  1.200000e-002
129  6.000000e-003
130  3.000000e-003
131  2.000000e-003
132  1.000000e-003
133  0.000000e+000
134  0.000000e+000
135  0.000000e+000
136  0.000000e+000
137  0.000000e+000
138  0.000000e+000
139  0.000000e+000
140  0.000000e+000
141  0.000000e+000
142  0.000000e+000
143  0.000000e+000
144  0.000000e+000
   6 
1  1.000000e-003
2  1.840000e-001
3  2.990000e-001
4  1.480000e-001
5  7.900000e-002
6  3.900000e-002
7  2.100000e-002
8  1.100000e-002
9  5.000000e-003
10  3.000000e-003
11  1.000000e-003
12  1.000000e-003
13  0.000000e+000
14  2.100000e-002
15  5.520000e-001
16  3.770000e-001
17  2.000000e-001
18  1.000000e-001
19  5.300000e-002
20  2.700000e-002
21  1.300000e-002
22  7.000000e-003
23  4.000000e-003
24  2.000000e-003
25  7.200000e-002
26  2.300000e-001
27  4.880000e-001
28  3.170000e-001
29  1.690000e-001
30  8.400000e-002
31  4.500000e-002
32  2.300000e-002
33  1.100000e-002
34  6.000000e-003
35  3.000000e-003
36  2.000000e-003
37  1.080000e-001
38  7.400000e-002
39  1.170000e-001
40  1.410000e-001
41  7.500000e-002
42  3.700000e-002
43  2.000000e-002
44  1.000000e-002
45  5.000000e-003
46  3.000000e-003
47  1.000000e-003
48  1.200000e-001
49  2.390000e-001
50  4.600000e-001
51  4.545000e+000
52  3.797000e+000
53  2.020000e+000
54  1.004000e+000
55  5.340000e-001
56  2.720000e-001
57  1.350000e-001
58  7.200000e-002
59  3.600000e-002
60  3.500000e-002
61  1.980000e-001
62  9.400000e-002
63  5.500000e-002
64  2.700000e-002
65  1.400000e-002
66  7.000000e-003
67  4.000000e-003
68  2.000000e-003
69  1.000000e-003
70  1.000000e-003
71  0.000000e+000
72  0.000000e+000
73  0.000000e+000
74  0.000000e+000
75  8.400000e-002
76  1.920000e-001
77  1.020000e-001
78  5.100000e-002
79  2.700000e-002
80  1.400000e-002
81  7.000000e-003
82  4.000000e-003
83  2.000000e-003
84  1.000000e-003
85  0.000000e+000
86  9.700000e-002
87  1.350000e-001
88  6.700000e-002
89  3.600000e-002
90  1.800000e-002
91  9.000000e-003
92  5.000000e-003
93  2.000000e-003
94  1.000000e-003
95  1.000000e-003
96  0.000000e+000
97  6.500000e-002
98  3.110000e-001
99  3.240000e-001
100  1.790000e-001
101  9.500000e-002
102  4.700000e-002
103  2.500000e-002
104  1.300000e-002
105  6.000000e-003
106  3.000000e-003
107  2.000000e-003
108  1.000000e-003
109  0.000000e+000
110  0.000000e+000
111  0.000000e+000
112  0.000000e+000
113  0.000000e+000
114  0.000000e+000
115  0.000000e+000
116  0.000000e+000
117  0.000000e+000
118  0.000000e+000
119  0.000000e+000
120  0.000000e+000
121  1.000000e-003
122  1.050000e-001
123  1.400000e-001
124  1.560000e-001
125  8.300000e-002
126  4.100000e-002
127  2.200000e-002
128  1.100000e-002
129  6.000000e-003
130  3.000000e-003
131  1.000000e-003
132  1.000000e-003
133  0.000000e+000
134  0.000000e+000
135  0.000000e+000
136  0.000000e+000
137  0.000000e+000
138  0.000000e+000
139  0.000000e+000
140  0.000000e+000
141  0.000000e+000
142  0.000000e+000
143  0.000000e+000
144  0.000000e+000
   7 
1  1.000000e-003
2  1.830000e-001
3  2.970000e-001
4  1.480000e-001
5  7.900000e-002
6  3.900000e-002
7  2.100000e-002
8  1.100000e-002
9  5.000000e-003
10  3.000000e-003
11  1.000000e-003
12  1.000000e-003
13  0.000000e+000
14  2.200000e-002
15  5.520000e-001
16  3.740000e-001
17  1.990000e-001
18  9.900000e-002
19  5.300000e-002
20  2.700000e-002
21  1.300000e-002
22  7.000000e-003
23  4.000000e-003
24  2.000000e-003
25  7.000000e-002
26  2.250000e-001
27  4.830000e-001
28  3.110000e-001
29  1.650000e-001
30  8.200000e-002
31  4.400000e-002
32  2.200000e-002
33  1.100000e-002
34  6.000000e-003
35  3.000000e-003
36  2.000000e-003
37  1.090000e-001
38  7.400000e-002
39  1.150000e-001
40  1.380000e-001
41  7.300000e-002
42  3.700000e-002
43  1.900000e-002
44  1.000000e-002
45  5.000000e-003
46  3.000000e-003
47  1.000000e-003
48  1.150000e-001
49  2.330000e-001
50  4.520000e-001
51  4.630000e+000
52  3.870000e+000
53  2.060000e+000
54  1.024000e+000
55  5.450000e-001
56  2.770000e-001
57  1.380000e-001
58  7.300000e-002
59  3.700000e-002
60  3.600000e-002
61  1.970000e-001
62  9.300000e-002
63  5.400000e-002
64  2.700000e-002
65  1.400000e-002
66  7.000000e-003
67  4.000000e-003
68  2.000000e-003
69  1.000000e-003
70  1.000000e-003
71  0.000000e+000
72  0.000000e+000
73  0.000000e+000
74  0.000000e+000
75  8.300000e-002
76  1.910000e-001
77  1.020000e-001
78  5.000000e-002
79  2.700000e-002
80  1.400000e-002
81  7.000000e-003
82  4.000000e-003
83  2.000000e-003
84  1.000000e-003
85  0.000000e+000
86  9.500000e-002
87  1.320000e-001
88  6.500000e-002
89  3.500000e-002
90  1.700000e-002
91  9.000000e-003
92  5.000000e-003
93  2.000000e-003
94  1.000000e-003
95  1.000000e-003
96  0.000000e+000
97  6.300000e-002
98  3.010000e-001
99  3.090000e-001
100  1.690000e-001
101  9.000000e-002
102  4.500000e-002
103  2.400000e-002
104  1.200000e-002
105  6.000000e-003
106  3.000000e-003
107  2.000000e-003
108  1.000000e-003
109  0.000000e+000
110  0.000000e+000
111  0.000000e+000
112  0.000000e+000
113  0.000000e+000
114  0.000000e+000
115  0.000000e+000
116  0.000000e+000
117  0.000000e+000
118  0.000000e+000
119  0.000000e+000
120  0.000000e+000
121  1.000000e-003
122  1.010000e-001
123  1.340000e-001
124  1.510000e-001
125  8.000000e-002
126  4.000000e-002
127  2.100000e-002
128  1.100000e-002
129  5.000000e-003
130  3.000000e-003
131  1.000000e-003
132  1.000000e-003
133  0.000000e+000
134  0.000000e+000
135  0.000000e+000
136  0.000000e+000
137  0.000000e+000
138  0.000000e+000
139  0.000000e+000
140  0.000000e+000
141  0.000000e+000
142  0.000000e+000
143  0.000000e+000
144  0.000000e+000
   8 
1  1.000000e-003
2  1.820000e-001
3  2.960000e-001
4  1.470000e-001
5  7.800000e-002
6  3.900000e-002
7  2.100000e-002
8  1.100000e-002
9  5.000000e-003
10  3.000000e-003
11  1.000000e-003
12  1.000000e-003
13  0.000000e+000
14  2.100000e-002
15  5.490000e-001
16  3.730000e-001
17  1.990000e-001
18  9.900000e-002
19  5.300000e-002
20  2.700000e-002
21  1.300000e-002
22  7.000000e-003
23  4.000000e-003
24  2.000000e-003
25  6.900000e-002
26  2.230000e-001
27  4.790000e-001
28  3.080000e-001
29  1.640000e-001
30  8.100000e-002
31  4.300000e-002
32  2.200000e-002
33  1.100000e-002
34  6.000000e-003
35  3.000000e-003
36  2.000000e-003
37  1.090000e-001
38  7.400000e-002
39  1.140000e-001
40  1.370000e-001
41  7.300000e-002
42  3.600000e-002
43  1.900000e-002
44  1.000000e-002
45  5.000000e-003
46  3.000000e-003
47  1.000000e-003
48  1.120000e-001
49  2.310000e-001
50  4.480000e-001
51  4.665000e+000
52  3.900000e+000
53  2.075000e+000
54  1.032000e+000
55  5.490000e-001
56  2.790000e-001
57  1.390000e-001
58  7.400000e-002
59  3.700000e-002
60  3.600000e-002
61  1.960000e-001
62  9.300000e-002
63  5.400000e-002
64  2.700000e-002
65  1.400000e-002
66  7.000000e-003
67  4.000000e-003
68  2.000000e-003
69  1.000000e-003
70  1.000000e-003
71  0.000000e+000
72  0.000000e+000
73  0.000000e+000
74  0.000000e+000
75  8.300000e-002
76  1.890000e-001
77  1.010000e-001
78  5.000000e-002
79  2.700000e-002
80  1.400000e-002
81  7.000000e-003
82  4.000000e-003
83  2.000000e-003
84  1.000000e-003
85  0.000000e+000
86  9.500000e-002
87  1.300000e-001
88  6.500000e-002
89  3.400000e-002
90  1.700000e-002
91  9.000000e-003
92  5.000000e-003
93  2.000000e-003
94  1.000000e-003
95  1.000000e-003
96  0.000000e+000
97  6.200000e-002
98  2.970000e-001
99  3.040000e-001
100  1.650000e-001
101  8.800000e-002
102  4.400000e-002
103  2.300000e-002
104  1.200000e-002
105  6.000000e-003
106  3.000000e-003
107  2.000000e-003
108  1.000000e-003
109  0.000000e+000
110  0.000000e+000
111  0.000000e+000
112  0.000000e+000
113  0.000000e+000
114  0.000000e+000
115  0.000000e+000
116  0.000000e+000
117  0.000000e+000
118  0.000000e+000
119  0.000000e+000
120  0.000000e+000
121  0.000000e+000
122  1.000000e-001
123  1.320000e-001
124  1.480000e-001
125  7.900000e-002
126  3.900000e-002
127  2.100000e-002
128  1.100000e-002
129  5.000000e-003
130  3.000000e-003
131  1.000000e-003
132  1.000000e-003
133  0.000000e+000
134  0.000000e+000
135  0.000000e+000
136  0.000000e+000
137  0.000000e+000
138  0.000000e+000
139  0.000000e+000
140  0.000000e+000
141  0.000000e+000
142  0.000000e+000
143  0.000000e+000
144  0.000000e+000
   9 
1  1.000000e-003
2  1.830000e-001
3  2.970000e-001
4  1.480000e-001
5  7.900000e-002
6  3.900000e-002
7  2.100000e-002
8  1.100000e-002
9  5.000000e-003
10  3.000000e-003
11  1.000000e-003
12  1.000000e-003
13  0.000000e+000
14  2.100000e-002
15  5.470000e-001
16  3.720000e-001
17  1.980000e-001
18  9.900000e-002
19  5.300000e-002
20  2.700000e-002
21  1.300000e-002
22  7.000000e-003
23  4.000000e-003
24  2.000000e-003
25  6.800000e-002
26  2.210000e-001
27  4.750000e-001
28  3.050000e-001
29  1.620000e-001
30  8.100000e-002
31  4.300000e-002
32  2.200000e-002
33  1.100000e-002
34  6.000000e-003
35  3.000000e-003
36  2.000000e-003
37  1.080000e-001
38  7.400000e-002
39  1.130000e-001
40  1.350000e-001
41  7.200000e-002
42  3.600000e-002
43  1.900000e-002
44  1.000000e-002
45  5.000000e-003
46  3.000000e-003
47  1.000000e-003
48  1.100000e-001
49  2.290000e-001
50  4.450000e-001
51  4.691000e+000
52  3.924000e+000
53  2.090000e+000
54  1.040000e+000
55  5.540000e-001
56  2.820000e-001
57  1.400000e-001
58  7.500000e-002
59  3.700000e-002
60  3.600000e-002
61  1.960000e-001
62  9.300000e-002
63  5.400000e-002
64  2.700000e-002
65  1.400000e-002
66  7.000000e-003
67  4.000000e-003
68  2.000000e-003
69  1.000000e-003
70  1.000000e-003
71  0.000000e+000
72  0.000000e+000
73  0.000000e+000
74  0.000000e+000
75  8.300000e-002
76  1.900000e-001
77  1.010000e-001
78  5.000000e-002
79  2.700000e-002
80  1.400000e-002
81  7.000000e-003
82  4.000000e-003
83  2.000000e-003
84  1.000000e-003
85  0.000000e+000
86  9.400000e-002
87  1.280000e-001
88  6.400000e-002
89  3.400000e-002
90  1.700000e-002
91  9.000000e-003
92  5.000000e-003
93  2.000000e-003
94  1.000000e-003
95  1.000000e-003
96  0.000000e+000
97  6.100000e-002
98  2.940000e-001
99  2.990000e-001
100  1.620000e-001
101  8.600000e-002
102  4.300000e-002
103  2.300000e-002
104  1.200000e-002
105  6.000000e-003
106  3.000000e-003
107  2.000000e-003
108  1.000000e-003
109  0.000000e+000
110  0.000000e+000
111  0.000000e+000
112  0.000000e+000
113  0.000000e+000
114  0.000000e+000
115  0.000000e+000
116  0.000000e+000
117  0.000000e+000
118  0.000000e+000
119  0.000000e+000
120  0.000000e+000
121  0.000000e+000
122  9.800000e-002
123  1.300000e-001
124  1.460000e-001
125  7.800000e-002
126  3.900000e-002
127  2.100000e-002
128  1.000000e-002
129  5.000000e-003
130  3.000000e-003
131  1.000000e-003
132  1.000000e-003
133  0.000000e+000
134  0.000000e+000
135  0.000000e+000
136  0.000000e+000
137  0.000000e+000
138  0.000000e+000
139  0.000000e+000
140  0.000000e+000
141  0.000000e+000
142  0.000000e+000
143  0.000000e+000
144  0.000000e+000
   10 
1  1.000000e-003
2  1.820000e-001
3  2.970000e-001
4  1.480000e-001
5  7.900000e-002
6  3.900000e-002
7  2.100000e-002
8  1.100000e-002
9  5.000000e-003
10  3.000000e-003
11  1.000000e-003
12  1.000000e-003
13  0.000000e+000
14  2.100000e-002
15  5.500000e-001
16  3.750000e-001
17  2.000000e-001
18  1.000000e-001
19  5.300000e-002
20  2.700000e-002
21  1.400000e-002
22  7.000000e-003
23  4.000000e-003
24  2.000000e-003
25  6.900000e-002
26  2.240000e-001
27  4.790000e-001
28  3.090000e-001
29  1.650000e-001
30  8.200000e-002
31  4.400000e-002
32  2.200000e-002
33  1.100000e-002
34  6.000000e-003
35  3.000000e-003
36  2.000000e-003
37  1.090000e-001
38  7.500000e-002
39  1.150000e-001
40  1.370000e-001
41  7.300000e-002
42  3.700000e-002
43  1.900000e-002
44  1.000000e-002
45  5.000000e-003
46  3.000000e-003
47  1.000000e-003
48  1.130000e-001
49  2.320000e-001
50  4.500000e-001
51  4.627000e+000
52  3.876000e+000
53  2.068000e+000
54  1.031000e+000
55  5.500000e-001
56  2.810000e-001
57  1.400000e-001
58  7.500000e-002
59  3.700000e-002
60  3.600000e-002
61  1.960000e-001
62  9.300000e-002
63  5.400000e-002
64  2.700000e-002
65  1.400000e-002
66  7.000000e-003
67  4.000000e-003
68  2.000000e-003
69  1.000000e-003
70  1.000000e-003
71  0.000000e+000
72  0.000000e+000
73  0.000000e+000
74  0.000000e+000
75  8.300000e-002
76  1.900000e-001
77  1.010000e-001
78  5.000000e-002
79  2.700000e-002
80  1.400000e-002
81  7.000000e-003
82  4.000000e-003
83  2.000000e-003
84  1.000000e-003
85  0.000000e+000
86  9.500000e-002
87  1.310000e-001
88  6.500000e-002
89  3.500000e-002
90  1.700000e-002
91  9.000000e-003
92  5.000000e-003
93  2.000000e-003
94  1.000000e-003
95  1.000000e-003
96  0.000000e+000
97  6.200000e-002
98  2.990000e-001
99  3.070000e-001
100  1.680000e-001
101  8.900000e-002
102  4.500000e-002
103  2.400000e-002
104  1.200000e-002
105  6.000000e-003
106  3.000000e-003
107  2.000000e-003
108  1.000000e-003
109  0.000000e+000
110  0.000000e+000
111  0.000000e+000
112  0.000000e+000
113  0.000000e+000
114  0.000000e+000
115  0.000000e+000
116  0.000000e+000
117  0.000000e+000
118  0.000000e+000
119  0.000000e+000
120  0.000000e+000
121  0.000000e+000
122  1.000000e-001
123  1.330000e-001
124  1.500000e-001
125  8.000000e-002
126  4.000000e-002
127  2.100000e-002
128  1.100000e-002
129  5.000000e-003
130  3.000000e-003
131  1.000000e-003
132  1.000000e-003
133  0.000000e+000
134  0.000000e+000
135  0.000000e+000
136  0.000000e+000
137  0.000000e+000
138  0.000000e+000
139  0.000000e+000
140  0.000000e+000
141  0.000000e+000
142  0.000000e+000
143  0.000000e+000
144  0.000000e+000
