   1 
1  1.514100e+001
2  1.964200e+001
3  4.992900e+001
4  8.525300e+001
5  1.384670e+002
6  1.782730e+002
7  1.867110e+002
8  1.809450e+002
9  1.376610e+002
10  7.354700e+001
11  4.546600e+001
12  2.448800e+001
13  1.507200e+001
14  1.750300e+001
15  4.833300e+001
16  9.158800e+001
17  1.235600e+002
18  1.647570e+002
19  1.939410e+002
20  1.865890e+002
21  1.307650e+002
22  6.817500e+001
23  4.088100e+001
24  1.559100e+001
25  1.211400e+001
26  1.693500e+001
27  3.127600e+001
28  7.853700e+001
29  1.034890e+002
30  1.493780e+002
31  1.963020e+002
32  1.605520e+002
33  1.160220e+002
34  7.935500e+001
35  3.862100e+001
36  1.725500e+001
37  1.605300e+001
38  2.301200e+001
39  4.998500e+001
40  8.689400e+001
41  1.111620e+002
42  1.602010e+002
43  1.898900e+002
44  1.671220e+002
45  1.319000e+002
46  7.178400e+001
47  2.841700e+001
48  2.483300e+001
49  2.027000e+001
50  2.855600e+001
51  5.392200e+001
52  9.438800e+001
53  1.271190e+002
54  1.653650e+002
55  2.019890e+002
56  1.846870e+002
57  1.166600e+002
58  6.932300e+001
59  3.561900e+001
60  1.948800e+001
61  2.319900e+001
62  3.104100e+001
63  6.247300e+001
64  8.428200e+001
65  1.207350e+002
66  1.485580e+002
67  2.021020e+002
68  1.947390e+002
69  1.273600e+002
70  7.688500e+001
71  4.092200e+001
72  2.215300e+001
73  1.484800e+001
74  2.852100e+001
75  4.684500e+001
76  8.255100e+001
77  1.337120e+002
78  1.642880e+002
79  1.875880e+002
80  1.746060e+002
81  1.258870e+002
82  7.329300e+001
83  3.884800e+001
84  2.582600e+001
85  2.410400e+001
86  2.636100e+001
87  4.213900e+001
88  8.615800e+001
89  1.273090e+002
90  1.719490e+002
91  1.998870e+002
92  1.944480e+002
93  1.194990e+002
94  7.698300e+001
95  3.210400e+001
96  2.084700e+001
97  1.429600e+001
98  2.040200e+001
99  4.867300e+001
100  9.532100e+001
101  1.311310e+002
102  1.816730e+002
103  1.952710e+002
104  1.779340e+002
105  1.279060e+002
106  8.255800e+001
107  4.568300e+001
108  3.245400e+001
109  2.104400e+001
110  3.488200e+001
111  6.292200e+001
112  9.512000e+001
113  1.498480e+002
114  1.794950e+002
115  1.873530e+002
116  1.779600e+002
117  1.272490e+002
118  8.027400e+001
119  3.330800e+001
120  2.356800e+001
121  1.847300e+001
122  2.482200e+001
123  5.810500e+001
124  9.786400e+001
125  1.424640e+002
126  1.827830e+002
127  1.980090e+002
128  1.718970e+002
129  1.240720e+002
130  6.723100e+001
131  3.021400e+001
132  1.878500e+001
133  1.893100e+001
134  2.524100e+001
135  6.826100e+001
136  1.024920e+002
137  1.390170e+002
138  1.812500e+002
139  1.892880e+002
140  1.798260e+002
141  1.234180e+002
142  7.471000e+001
143  3.937200e+001
144  2.438100e+001
   2 
1  1.514100e+001
2  1.964200e+001
3  4.992900e+001
4  8.525300e+001
5  1.384670e+002
6  1.782730e+002
7  1.867110e+002
8  1.809450e+002
9  1.376610e+002
10  7.354700e+001
11  4.546600e+001
12  2.448800e+001
13  1.507200e+001
14  1.750300e+001
15  4.833300e+001
16  9.158800e+001
17  1.235600e+002
18  1.647570e+002
19  1.939410e+002
20  1.865890e+002
21  1.307650e+002
22  6.817500e+001
23  4.088100e+001
24  1.559100e+001
25  1.211400e+001
26  1.693500e+001
27  3.127600e+001
28  7.853700e+001
29  1.034890e+002
30  1.493780e+002
31  1.963020e+002
32  1.605520e+002
33  1.160220e+002
34  7.935500e+001
35  3.862100e+001
36  1.725500e+001
37  1.605300e+001
38  2.301200e+001
39  4.998500e+001
40  8.689400e+001
41  1.111620e+002
42  1.602010e+002
43  1.898900e+002
44  1.671220e+002
45  1.319000e+002
46  7.178400e+001
47  2.841700e+001
48  2.483300e+001
49  2.027000e+001
50  2.855600e+001
51  5.392200e+001
52  9.438800e+001
53  1.271190e+002
54  1.653650e+002
55  2.019890e+002
56  1.846870e+002
57  1.166600e+002
58  6.932300e+001
59  3.561900e+001
60  1.948800e+001
61  2.319900e+001
62  3.104100e+001
63  6.247300e+001
64  8.428200e+001
65  1.207350e+002
66  1.485580e+002
67  2.021020e+002
68  1.947390e+002
69  1.273600e+002
70  7.688500e+001
71  4.092200e+001
72  2.215300e+001
73  1.484800e+001
74  2.852100e+001
75  4.684500e+001
76  8.255100e+001
77  1.337120e+002
78  1.642880e+002
79  1.875880e+002
80  1.746060e+002
81  1.258870e+002
82  7.329300e+001
83  3.884800e+001
84  2.582600e+001
85  2.410400e+001
86  2.636100e+001
87  4.213900e+001
88  8.615800e+001
89  1.273090e+002
90  1.719490e+002
91  1.998870e+002
92  1.944480e+002
93  1.194990e+002
94  7.698300e+001
95  3.210400e+001
96  2.084700e+001
97  1.429600e+001
98  2.040200e+001
99  4.867300e+001
100  9.532100e+001
101  1.311310e+002
102  1.816730e+002
103  1.952710e+002
104  1.779340e+002
105  1.279060e+002
106  8.255800e+001
107  4.568300e+001
108  3.245400e+001
109  2.104400e+001
110  3.488200e+001
111  6.292200e+001
112  9.512000e+001
113  1.498480e+002
114  1.794950e+002
115  1.873530e+002
116  1.779600e+002
117  1.272490e+002
118  8.027400e+001
119  3.330800e+001
120  2.356800e+001
121  1.847300e+001
122  2.482200e+001
123  5.810500e+001
124  9.786400e+001
125  1.424640e+002
126  1.827830e+002
127  1.980090e+002
128  1.718970e+002
129  1.240720e+002
130  6.723100e+001
131  3.021400e+001
132  1.878500e+001
133  1.893100e+001
134  2.524100e+001
135  6.826100e+001
136  1.024920e+002
137  1.390170e+002
138  1.812500e+002
139  1.892880e+002
140  1.798260e+002
141  1.234180e+002
142  7.471000e+001
143  3.937200e+001
144  2.438100e+001
   3 
1  1.514100e+001
2  1.964200e+001
3  4.992900e+001
4  8.525300e+001
5  1.384670e+002
6  1.782730e+002
7  1.867110e+002
8  1.809450e+002
9  1.376610e+002
10  7.354700e+001
11  4.546600e+001
12  2.448800e+001
13  1.507200e+001
14  1.750300e+001
15  4.833300e+001
16  9.158800e+001
17  1.235600e+002
18  1.647570e+002
19  1.939410e+002
20  1.865890e+002
21  1.307650e+002
22  6.817500e+001
23  4.088100e+001
24  1.559100e+001
25  1.211400e+001
26  1.693500e+001
27  3.127600e+001
28  7.853700e+001
29  1.034890e+002
30  1.493780e+002
31  1.963020e+002
32  1.605520e+002
33  1.160220e+002
34  7.935500e+001
35  3.862100e+001
36  1.725500e+001
37  1.605300e+001
38  2.301200e+001
39  4.998500e+001
40  8.689400e+001
41  1.111620e+002
42  1.602010e+002
43  1.898900e+002
44  1.671220e+002
45  1.319000e+002
46  7.178400e+001
47  2.841700e+001
48  2.483300e+001
49  2.027000e+001
50  2.855600e+001
51  5.392200e+001
52  9.438800e+001
53  1.271190e+002
54  1.653650e+002
55  2.019890e+002
56  1.846870e+002
57  1.166600e+002
58  6.932300e+001
59  3.561900e+001
60  1.948800e+001
61  2.319900e+001
62  3.104100e+001
63  6.247300e+001
64  8.428200e+001
65  1.207350e+002
66  1.485580e+002
67  2.021020e+002
68  1.947390e+002
69  1.273600e+002
70  7.688500e+001
71  4.092200e+001
72  2.215300e+001
73  1.484800e+001
74  2.852100e+001
75  4.684500e+001
76  8.255100e+001
77  1.337120e+002
78  1.642880e+002
79  1.875880e+002
80  1.746060e+002
81  1.258870e+002
82  7.329300e+001
83  3.884800e+001
84  2.582600e+001
85  2.410400e+001
86  2.636100e+001
87  4.213900e+001
88  8.615800e+001
89  1.273090e+002
90  1.719490e+002
91  1.998870e+002
92  1.944480e+002
93  1.194990e+002
94  7.698300e+001
95  3.210400e+001
96  2.084700e+001
97  1.429600e+001
98  2.040200e+001
99  4.867300e+001
100  9.532100e+001
101  1.311310e+002
102  1.816730e+002
103  1.952710e+002
104  1.779340e+002
105  1.279060e+002
106  8.255800e+001
107  4.568300e+001
108  3.245400e+001
109  2.104400e+001
110  3.488200e+001
111  6.292200e+001
112  9.512000e+001
113  1.498480e+002
114  1.794950e+002
115  1.873530e+002
116  1.779600e+002
117  1.272490e+002
118  8.027400e+001
119  3.330800e+001
120  2.356800e+001
121  1.847300e+001
122  2.482200e+001
123  5.810500e+001
124  9.786400e+001
125  1.424640e+002
126  1.827830e+002
127  1.980090e+002
128  1.718970e+002
129  1.240720e+002
130  6.723100e+001
131  3.021400e+001
132  1.878500e+001
133  1.893100e+001
134  2.524100e+001
135  6.826100e+001
136  1.024920e+002
137  1.390170e+002
138  1.812500e+002
139  1.892880e+002
140  1.798260e+002
141  1.234180e+002
142  7.471000e+001
143  3.937200e+001
144  2.438100e+001
   4 
1  1.514100e+001
2  1.964200e+001
3  4.992900e+001
4  8.525300e+001
5  1.384670e+002
6  1.782730e+002
7  1.867110e+002
8  1.809450e+002
9  1.376610e+002
10  7.354700e+001
11  4.546600e+001
12  2.448800e+001
13  1.507200e+001
14  1.750300e+001
15  4.833300e+001
16  9.158800e+001
17  1.235600e+002
18  1.647570e+002
19  1.939410e+002
20  1.865890e+002
21  1.307650e+002
22  6.817500e+001
23  4.088100e+001
24  1.559100e+001
25  1.211400e+001
26  1.693500e+001
27  3.127600e+001
28  7.853700e+001
29  1.034890e+002
30  1.493780e+002
31  1.963020e+002
32  1.605520e+002
33  1.160220e+002
34  7.935500e+001
35  3.862100e+001
36  1.725500e+001
37  1.605300e+001
38  2.301200e+001
39  4.998500e+001
40  8.689400e+001
41  1.111620e+002
42  1.602010e+002
43  1.898900e+002
44  1.671220e+002
45  1.319000e+002
46  7.178400e+001
47  2.841700e+001
48  2.483300e+001
49  2.027000e+001
50  2.855600e+001
51  5.392200e+001
52  9.438800e+001
53  1.271190e+002
54  1.653650e+002
55  2.019890e+002
56  1.846870e+002
57  1.166600e+002
58  6.932300e+001
59  3.561900e+001
60  1.948800e+001
61  2.319900e+001
62  3.104100e+001
63  6.247300e+001
64  8.428200e+001
65  1.207350e+002
66  1.485580e+002
67  2.021020e+002
68  1.947390e+002
69  1.273600e+002
70  7.688500e+001
71  4.092200e+001
72  2.215300e+001
73  1.484800e+001
74  2.852100e+001
75  4.684500e+001
76  8.255100e+001
77  1.337120e+002
78  1.642880e+002
79  1.875880e+002
80  1.746060e+002
81  1.258870e+002
82  7.329300e+001
83  3.884800e+001
84  2.582600e+001
85  2.410400e+001
86  2.636100e+001
87  4.213900e+001
88  8.615800e+001
89  1.273090e+002
90  1.719490e+002
91  1.998870e+002
92  1.944480e+002
93  1.194990e+002
94  7.698300e+001
95  3.210400e+001
96  2.084700e+001
97  1.429600e+001
98  2.040200e+001
99  4.867300e+001
100  9.532100e+001
101  1.311310e+002
102  1.816730e+002
103  1.952710e+002
104  1.779340e+002
105  1.279060e+002
106  8.255800e+001
107  4.568300e+001
108  3.245400e+001
109  2.104400e+001
110  3.488200e+001
111  6.292200e+001
112  9.512000e+001
113  1.498480e+002
114  1.794950e+002
115  1.873530e+002
116  1.779600e+002
117  1.272490e+002
118  8.027400e+001
119  3.330800e+001
120  2.356800e+001
121  1.847300e+001
122  2.482200e+001
123  5.810500e+001
124  9.786400e+001
125  1.424640e+002
126  1.827830e+002
127  1.980090e+002
128  1.718970e+002
129  1.240720e+002
130  6.723100e+001
131  3.021400e+001
132  1.878500e+001
133  1.893100e+001
134  2.524100e+001
135  6.826100e+001
136  1.024920e+002
137  1.390170e+002
138  1.812500e+002
139  1.892880e+002
140  1.798260e+002
141  1.234180e+002
142  7.471000e+001
143  3.937200e+001
144  2.438100e+001
   5 
1  1.514100e+001
2  1.964200e+001
3  4.992900e+001
4  8.525300e+001
5  1.384670e+002
6  1.782730e+002
7  1.867110e+002
8  1.809450e+002
9  1.376610e+002
10  7.354700e+001
11  4.546600e+001
12  2.448800e+001
13  1.507200e+001
14  1.750300e+001
15  4.833300e+001
16  9.158800e+001
17  1.235600e+002
18  1.647570e+002
19  1.939410e+002
20  1.865890e+002
21  1.307650e+002
22  6.817500e+001
23  4.088100e+001
24  1.559100e+001
25  1.211400e+001
26  1.693500e+001
27  3.127600e+001
28  7.853700e+001
29  1.034890e+002
30  1.493780e+002
31  1.963020e+002
32  1.605520e+002
33  1.160220e+002
34  7.935500e+001
35  3.862100e+001
36  1.725500e+001
37  1.605300e+001
38  2.301200e+001
39  4.998500e+001
40  8.689400e+001
41  1.111620e+002
42  1.602010e+002
43  1.898900e+002
44  1.671220e+002
45  1.319000e+002
46  7.178400e+001
47  2.841700e+001
48  2.483300e+001
49  2.027000e+001
50  2.855600e+001
51  5.392200e+001
52  9.438800e+001
53  1.271190e+002
54  1.653650e+002
55  2.019890e+002
56  1.846870e+002
57  1.166600e+002
58  6.932300e+001
59  3.561900e+001
60  1.948800e+001
61  2.319900e+001
62  3.104100e+001
63  6.247300e+001
64  8.428200e+001
65  1.207350e+002
66  1.485580e+002
67  2.021020e+002
68  1.947390e+002
69  1.273600e+002
70  7.688500e+001
71  4.092200e+001
72  2.215300e+001
73  1.484800e+001
74  2.852100e+001
75  4.684500e+001
76  8.255100e+001
77  1.337120e+002
78  1.642880e+002
79  1.875880e+002
80  1.746060e+002
81  1.258870e+002
82  7.329300e+001
83  3.884800e+001
84  2.582600e+001
85  2.410400e+001
86  2.636100e+001
87  4.213900e+001
88  8.615800e+001
89  1.273090e+002
90  1.719490e+002
91  1.998870e+002
92  1.944480e+002
93  1.194990e+002
94  7.698300e+001
95  3.210400e+001
96  2.084700e+001
97  1.429600e+001
98  2.040200e+001
99  4.867300e+001
100  9.532100e+001
101  1.311310e+002
102  1.816730e+002
103  1.952710e+002
104  1.779340e+002
105  1.279060e+002
106  8.255800e+001
107  4.568300e+001
108  3.245400e+001
109  2.104400e+001
110  3.488200e+001
111  6.292200e+001
112  9.512000e+001
113  1.498480e+002
114  1.794950e+002
115  1.873530e+002
116  1.779600e+002
117  1.272490e+002
118  8.027400e+001
119  3.330800e+001
120  2.356800e+001
121  1.847300e+001
122  2.482200e+001
123  5.810500e+001
124  9.786400e+001
125  1.424640e+002
126  1.827830e+002
127  1.980090e+002
128  1.718970e+002
129  1.240720e+002
130  6.723100e+001
131  3.021400e+001
132  1.878500e+001
133  1.893100e+001
134  2.524100e+001
135  6.826100e+001
136  1.024920e+002
137  1.390170e+002
138  1.812500e+002
139  1.892880e+002
140  1.798260e+002
141  1.234180e+002
142  7.471000e+001
143  3.937200e+001
144  2.438100e+001
   6 
1  1.514100e+001
2  1.964200e+001
3  4.992900e+001
4  8.525300e+001
5  1.384670e+002
6  1.782730e+002
7  1.867110e+002
8  1.809450e+002
9  1.376610e+002
10  7.354700e+001
11  4.546600e+001
12  2.448800e+001
13  1.507200e+001
14  1.750300e+001
15  4.833300e+001
16  9.158800e+001
17  1.235600e+002
18  1.647570e+002
19  1.939410e+002
20  1.865890e+002
21  1.307650e+002
22  6.817500e+001
23  4.088100e+001
24  1.559100e+001
25  1.211400e+001
26  1.693500e+001
27  3.127600e+001
28  7.853700e+001
29  1.034890e+002
30  1.493780e+002
31  1.963020e+002
32  1.605520e+002
33  1.160220e+002
34  7.935500e+001
35  3.862100e+001
36  1.725500e+001
37  1.605300e+001
38  2.301200e+001
39  4.998500e+001
40  8.689400e+001
41  1.111620e+002
42  1.602010e+002
43  1.898900e+002
44  1.671220e+002
45  1.319000e+002
46  7.178400e+001
47  2.841700e+001
48  2.483300e+001
49  2.027000e+001
50  2.855600e+001
51  5.392200e+001
52  9.438800e+001
53  1.271190e+002
54  1.653650e+002
55  2.019890e+002
56  1.846870e+002
57  1.166600e+002
58  6.932300e+001
59  3.561900e+001
60  1.948800e+001
61  2.319900e+001
62  3.104100e+001
63  6.247300e+001
64  8.428200e+001
65  1.207350e+002
66  1.485580e+002
67  2.021020e+002
68  1.947390e+002
69  1.273600e+002
70  7.688500e+001
71  4.092200e+001
72  2.215300e+001
73  1.484800e+001
74  2.852100e+001
75  4.684500e+001
76  8.255100e+001
77  1.337120e+002
78  1.642880e+002
79  1.875880e+002
80  1.746060e+002
81  1.258870e+002
82  7.329300e+001
83  3.884800e+001
84  2.582600e+001
85  2.410400e+001
86  2.636100e+001
87  4.213900e+001
88  8.615800e+001
89  1.273090e+002
90  1.719490e+002
91  1.998870e+002
92  1.944480e+002
93  1.194990e+002
94  7.698300e+001
95  3.210400e+001
96  2.084700e+001
97  1.429600e+001
98  2.040200e+001
99  4.867300e+001
100  9.532100e+001
101  1.311310e+002
102  1.816730e+002
103  1.952710e+002
104  1.779340e+002
105  1.279060e+002
106  8.255800e+001
107  4.568300e+001
108  3.245400e+001
109  2.104400e+001
110  3.488200e+001
111  6.292200e+001
112  9.512000e+001
113  1.498480e+002
114  1.794950e+002
115  1.873530e+002
116  1.779600e+002
117  1.272490e+002
118  8.027400e+001
119  3.330800e+001
120  2.356800e+001
121  1.847300e+001
122  2.482200e+001
123  5.810500e+001
124  9.786400e+001
125  1.424640e+002
126  1.827830e+002
127  1.980090e+002
128  1.718970e+002
129  1.240720e+002
130  6.723100e+001
131  3.021400e+001
132  1.878500e+001
133  1.893100e+001
134  2.524100e+001
135  6.826100e+001
136  1.024920e+002
137  1.390170e+002
138  1.812500e+002
139  1.892880e+002
140  1.798260e+002
141  1.234180e+002
142  7.471000e+001
143  3.937200e+001
144  2.438100e+001
   7 
1  1.514100e+001
2  1.964200e+001
3  4.992900e+001
4  8.525300e+001
5  1.384670e+002
6  1.782730e+002
7  1.867110e+002
8  1.809450e+002
9  1.376610e+002
10  7.354700e+001
11  4.546600e+001
12  2.448800e+001
13  1.507200e+001
14  1.750300e+001
15  4.833300e+001
16  9.158800e+001
17  1.235600e+002
18  1.647570e+002
19  1.939410e+002
20  1.865890e+002
21  1.307650e+002
22  6.817500e+001
23  4.088100e+001
24  1.559100e+001
25  1.211400e+001
26  1.693500e+001
27  3.127600e+001
28  7.853700e+001
29  1.034890e+002
30  1.493780e+002
31  1.963020e+002
32  1.605520e+002
33  1.160220e+002
34  7.935500e+001
35  3.862100e+001
36  1.725500e+001
37  1.605300e+001
38  2.301200e+001
39  4.998500e+001
40  8.689400e+001
41  1.111620e+002
42  1.602010e+002
43  1.898900e+002
44  1.671220e+002
45  1.319000e+002
46  7.178400e+001
47  2.841700e+001
48  2.483300e+001
49  2.027000e+001
50  2.855600e+001
51  5.392200e+001
52  9.438800e+001
53  1.271190e+002
54  1.653650e+002
55  2.019890e+002
56  1.846870e+002
57  1.166600e+002
58  6.932300e+001
59  3.561900e+001
60  1.948800e+001
61  2.319900e+001
62  3.104100e+001
63  6.247300e+001
64  8.428200e+001
65  1.207350e+002
66  1.485580e+002
67  2.021020e+002
68  1.947390e+002
69  1.273600e+002
70  7.688500e+001
71  4.092200e+001
72  2.215300e+001
73  1.484800e+001
74  2.852100e+001
75  4.684500e+001
76  8.255100e+001
77  1.337120e+002
78  1.642880e+002
79  1.875880e+002
80  1.746060e+002
81  1.258870e+002
82  7.329300e+001
83  3.884800e+001
84  2.582600e+001
85  2.410400e+001
86  2.636100e+001
87  4.213900e+001
88  8.615800e+001
89  1.273090e+002
90  1.719490e+002
91  1.998870e+002
92  1.944480e+002
93  1.194990e+002
94  7.698300e+001
95  3.210400e+001
96  2.084700e+001
97  1.429600e+001
98  2.040200e+001
99  4.867300e+001
100  9.532100e+001
101  1.311310e+002
102  1.816730e+002
103  1.952710e+002
104  1.779340e+002
105  1.279060e+002
106  8.255800e+001
107  4.568300e+001
108  3.245400e+001
109  2.104400e+001
110  3.488200e+001
111  6.292200e+001
112  9.512000e+001
113  1.498480e+002
114  1.794950e+002
115  1.873530e+002
116  1.779600e+002
117  1.272490e+002
118  8.027400e+001
119  3.330800e+001
120  2.356800e+001
121  1.847300e+001
122  2.482200e+001
123  5.810500e+001
124  9.786400e+001
125  1.424640e+002
126  1.827830e+002
127  1.980090e+002
128  1.718970e+002
129  1.240720e+002
130  6.723100e+001
131  3.021400e+001
132  1.878500e+001
133  1.893100e+001
134  2.524100e+001
135  6.826100e+001
136  1.024920e+002
137  1.390170e+002
138  1.812500e+002
139  1.892880e+002
140  1.798260e+002
141  1.234180e+002
142  7.471000e+001
143  3.937200e+001
144  2.438100e+001
   8 
1  1.514100e+001
2  1.964200e+001
3  4.992900e+001
4  8.525300e+001
5  1.384670e+002
6  1.782730e+002
7  1.867110e+002
8  1.809450e+002
9  1.376610e+002
10  7.354700e+001
11  4.546600e+001
12  2.448800e+001
13  1.507200e+001
14  1.750300e+001
15  4.833300e+001
16  9.158800e+001
17  1.235600e+002
18  1.647570e+002
19  1.939410e+002
20  1.865890e+002
21  1.307650e+002
22  6.817500e+001
23  4.088100e+001
24  1.559100e+001
25  1.211400e+001
26  1.693500e+001
27  3.127600e+001
28  7.853700e+001
29  1.034890e+002
30  1.493780e+002
31  1.963020e+002
32  1.605520e+002
33  1.160220e+002
34  7.935500e+001
35  3.862100e+001
36  1.725500e+001
37  1.605300e+001
38  2.301200e+001
39  4.998500e+001
40  8.689400e+001
41  1.111620e+002
42  1.602010e+002
43  1.898900e+002
44  1.671220e+002
45  1.319000e+002
46  7.178400e+001
47  2.841700e+001
48  2.483300e+001
49  2.027000e+001
50  2.855600e+001
51  5.392200e+001
52  9.438800e+001
53  1.271190e+002
54  1.653650e+002
55  2.019890e+002
56  1.846870e+002
57  1.166600e+002
58  6.932300e+001
59  3.561900e+001
60  1.948800e+001
61  2.319900e+001
62  3.104100e+001
63  6.247300e+001
64  8.428200e+001
65  1.207350e+002
66  1.485580e+002
67  2.021020e+002
68  1.947390e+002
69  1.273600e+002
70  7.688500e+001
71  4.092200e+001
72  2.215300e+001
73  1.484800e+001
74  2.852100e+001
75  4.684500e+001
76  8.255100e+001
77  1.337120e+002
78  1.642880e+002
79  1.875880e+002
80  1.746060e+002
81  1.258870e+002
82  7.329300e+001
83  3.884800e+001
84  2.582600e+001
85  2.410400e+001
86  2.636100e+001
87  4.213900e+001
88  8.615800e+001
89  1.273090e+002
90  1.719490e+002
91  1.998870e+002
92  1.944480e+002
93  1.194990e+002
94  7.698300e+001
95  3.210400e+001
96  2.084700e+001
97  1.429600e+001
98  2.040200e+001
99  4.867300e+001
100  9.532100e+001
101  1.311310e+002
102  1.816730e+002
103  1.952710e+002
104  1.779340e+002
105  1.279060e+002
106  8.255800e+001
107  4.568300e+001
108  3.245400e+001
109  2.104400e+001
110  3.488200e+001
111  6.292200e+001
112  9.512000e+001
113  1.498480e+002
114  1.794950e+002
115  1.873530e+002
116  1.779600e+002
117  1.272490e+002
118  8.027400e+001
119  3.330800e+001
120  2.356800e+001
121  1.847300e+001
122  2.482200e+001
123  5.810500e+001
124  9.786400e+001
125  1.424640e+002
126  1.827830e+002
127  1.980090e+002
128  1.718970e+002
129  1.240720e+002
130  6.723100e+001
131  3.021400e+001
132  1.878500e+001
133  1.893100e+001
134  2.524100e+001
135  6.826100e+001
136  1.024920e+002
137  1.390170e+002
138  1.812500e+002
139  1.892880e+002
140  1.798260e+002
141  1.234180e+002
142  7.471000e+001
143  3.937200e+001
144  2.438100e+001
   9 
1  1.514100e+001
2  1.964200e+001
3  4.992900e+001
4  8.525300e+001
5  1.384670e+002
6  1.782730e+002
7  1.867110e+002
8  1.809450e+002
9  1.376610e+002
10  7.354700e+001
11  4.546600e+001
12  2.448800e+001
13  1.507200e+001
14  1.750300e+001
15  4.833300e+001
16  9.158800e+001
17  1.235600e+002
18  1.647570e+002
19  1.939410e+002
20  1.865890e+002
21  1.307650e+002
22  6.817500e+001
23  4.088100e+001
24  1.559100e+001
25  1.211400e+001
26  1.693500e+001
27  3.127600e+001
28  7.853700e+001
29  1.034890e+002
30  1.493780e+002
31  1.963020e+002
32  1.605520e+002
33  1.160220e+002
34  7.935500e+001
35  3.862100e+001
36  1.725500e+001
37  1.605300e+001
38  2.301200e+001
39  4.998500e+001
40  8.689400e+001
41  1.111620e+002
42  1.602010e+002
43  1.898900e+002
44  1.671220e+002
45  1.319000e+002
46  7.178400e+001
47  2.841700e+001
48  2.483300e+001
49  2.027000e+001
50  2.855600e+001
51  5.392200e+001
52  9.438800e+001
53  1.271190e+002
54  1.653650e+002
55  2.019890e+002
56  1.846870e+002
57  1.166600e+002
58  6.932300e+001
59  3.561900e+001
60  1.948800e+001
61  2.319900e+001
62  3.104100e+001
63  6.247300e+001
64  8.428200e+001
65  1.207350e+002
66  1.485580e+002
67  2.021020e+002
68  1.947390e+002
69  1.273600e+002
70  7.688500e+001
71  4.092200e+001
72  2.215300e+001
73  1.484800e+001
74  2.852100e+001
75  4.684500e+001
76  8.255100e+001
77  1.337120e+002
78  1.642880e+002
79  1.875880e+002
80  1.746060e+002
81  1.258870e+002
82  7.329300e+001
83  3.884800e+001
84  2.582600e+001
85  2.410400e+001
86  2.636100e+001
87  4.213900e+001
88  8.615800e+001
89  1.273090e+002
90  1.719490e+002
91  1.998870e+002
92  1.944480e+002
93  1.194990e+002
94  7.698300e+001
95  3.210400e+001
96  2.084700e+001
97  1.429600e+001
98  2.040200e+001
99  4.867300e+001
100  9.532100e+001
101  1.311310e+002
102  1.816730e+002
103  1.952710e+002
104  1.779340e+002
105  1.279060e+002
106  8.255800e+001
107  4.568300e+001
108  3.245400e+001
109  2.104400e+001
110  3.488200e+001
111  6.292200e+001
112  9.512000e+001
113  1.498480e+002
114  1.794950e+002
115  1.873530e+002
116  1.779600e+002
117  1.272490e+002
118  8.027400e+001
119  3.330800e+001
120  2.356800e+001
121  1.847300e+001
122  2.482200e+001
123  5.810500e+001
124  9.786400e+001
125  1.424640e+002
126  1.827830e+002
127  1.980090e+002
128  1.718970e+002
129  1.240720e+002
130  6.723100e+001
131  3.021400e+001
132  1.878500e+001
133  1.893100e+001
134  2.524100e+001
135  6.826100e+001
136  1.024920e+002
137  1.390170e+002
138  1.812500e+002
139  1.892880e+002
140  1.798260e+002
141  1.234180e+002
142  7.471000e+001
143  3.937200e+001
144  2.438100e+001
   10 
1  1.514100e+001
2  1.964200e+001
3  4.992900e+001
4  8.525300e+001
5  1.384670e+002
6  1.782730e+002
7  1.867110e+002
8  1.809450e+002
9  1.376610e+002
10  7.354700e+001
11  4.546600e+001
12  2.448800e+001
13  1.507200e+001
14  1.750300e+001
15  4.833300e+001
16  9.158800e+001
17  1.235600e+002
18  1.647570e+002
19  1.939410e+002
20  1.865890e+002
21  1.307650e+002
22  6.817500e+001
23  4.088100e+001
24  1.559100e+001
25  1.211400e+001
26  1.693500e+001
27  3.127600e+001
28  7.853700e+001
29  1.034890e+002
30  1.493780e+002
31  1.963020e+002
32  1.605520e+002
33  1.160220e+002
34  7.935500e+001
35  3.862100e+001
36  1.725500e+001
37  1.605300e+001
38  2.301200e+001
39  4.998500e+001
40  8.689400e+001
41  1.111620e+002
42  1.602010e+002
43  1.898900e+002
44  1.671220e+002
45  1.319000e+002
46  7.178400e+001
47  2.841700e+001
48  2.483300e+001
49  2.027000e+001
50  2.855600e+001
51  5.392200e+001
52  9.438800e+001
53  1.271190e+002
54  1.653650e+002
55  2.019890e+002
56  1.846870e+002
57  1.166600e+002
58  6.932300e+001
59  3.561900e+001
60  1.948800e+001
61  2.319900e+001
62  3.104100e+001
63  6.247300e+001
64  8.428200e+001
65  1.207350e+002
66  1.485580e+002
67  2.021020e+002
68  1.947390e+002
69  1.273600e+002
70  7.688500e+001
71  4.092200e+001
72  2.215300e+001
73  1.484800e+001
74  2.852100e+001
75  4.684500e+001
76  8.255100e+001
77  1.337120e+002
78  1.642880e+002
79  1.875880e+002
80  1.746060e+002
81  1.258870e+002
82  7.329300e+001
83  3.884800e+001
84  2.582600e+001
85  2.410400e+001
86  2.636100e+001
87  4.213900e+001
88  8.615800e+001
89  1.273090e+002
90  1.719490e+002
91  1.998870e+002
92  1.944480e+002
93  1.194990e+002
94  7.698300e+001
95  3.210400e+001
96  2.084700e+001
97  1.429600e+001
98  2.040200e+001
99  4.867300e+001
100  9.532100e+001
101  1.311310e+002
102  1.816730e+002
103  1.952710e+002
104  1.779340e+002
105  1.279060e+002
106  8.255800e+001
107  4.568300e+001
108  3.245400e+001
109  2.104400e+001
110  3.488200e+001
111  6.292200e+001
112  9.512000e+001
113  1.498480e+002
114  1.794950e+002
115  1.873530e+002
116  1.779600e+002
117  1.272490e+002
118  8.027400e+001
119  3.330800e+001
120  2.356800e+001
121  1.847300e+001
122  2.482200e+001
123  5.810500e+001
124  9.786400e+001
125  1.424640e+002
126  1.827830e+002
127  1.980090e+002
128  1.718970e+002
129  1.240720e+002
130  6.723100e+001
131  3.021400e+001
132  1.878500e+001
133  1.893100e+001
134  2.524100e+001
135  6.826100e+001
136  1.024920e+002
137  1.390170e+002
138  1.812500e+002
139  1.892880e+002
140  1.798260e+002
141  1.234180e+002
142  7.471000e+001
143  3.937200e+001
144  2.438100e+001
