   1 
1  7.455900e+001
2  1.021950e+002
3  1.010470e+002
4  1.152350e+002
5  8.399500e+001
6  5.510000e-001
7  0.000000e+000
8  0.000000e+000
9  0.000000e+000
10  8.573000e+000
11  1.441900e+001
12  3.594800e+001
13  5.770200e+001
14  8.114800e+001
15  1.273470e+002
16  1.313970e+002
17  1.145240e+002
18  4.021300e+001
19  0.000000e+000
20  0.000000e+000
21  0.000000e+000
22  1.397300e+001
23  1.418200e+001
24  7.749000e+001
25  1.060210e+002
26  1.340400e+002
27  1.249420e+002
28  1.246670e+002
29  1.109090e+002
30  6.343600e+001
31  0.000000e+000
32  0.000000e+000
33  0.000000e+000
34  0.000000e+000
35  5.264000e+000
36  2.601800e+001
37  4.697100e+001
38  5.586200e+001
39  8.885500e+001
40  9.707500e+001
41  8.178800e+001
42  1.539500e+001
43  0.000000e+000
44  0.000000e+000
45  0.000000e+000
46  1.558900e+001
47  1.107560e+002
48  1.354530e+002
49  1.680130e+002
50  1.693140e+002
51  1.748330e+002
52  1.609250e+002
53  1.290430e+002
54  4.585800e+001
55  0.000000e+000
56  0.000000e+000
57  2.670000e-001
58  2.973000e+000
59  7.262400e+001
60  6.795000e+001
61  6.944200e+001
62  6.100400e+001
63  5.213600e+001
64  6.155600e+001
65  2.848300e+001
66  0.000000e+000
67  0.000000e+000
68  0.000000e+000
69  5.517000e+000
70  9.880000e-001
71  6.930000e-001
72  0.000000e+000
73  2.527500e+001
74  3.302200e+001
75  5.575800e+001
76  5.824100e+001
77  3.181400e+001
78  0.000000e+000
79  0.000000e+000
80  0.000000e+000
81  2.832000e+000
82  9.987000e+000
83  2.160200e+001
84  2.810400e+001
85  3.356000e+001
86  5.550600e+001
87  4.716800e+001
88  2.895300e+001
89  3.598900e+001
90  0.000000e+000
91  0.000000e+000
92  0.000000e+000
93  0.000000e+000
94  8.240000e-001
95  4.180900e+001
96  4.748400e+001
97  7.758500e+001
98  1.130480e+002
99  1.166530e+002
100  1.130180e+002
101  8.898000e+001
102  0.000000e+000
103  0.000000e+000
104  0.000000e+000
105  0.000000e+000
106  7.490000e-001
107  1.018400e+001
108  1.380900e+001
109  4.280500e+001
110  3.797800e+001
111  3.101000e+001
112  2.790100e+001
113  0.000000e+000
114  0.000000e+000
115  0.000000e+000
116  0.000000e+000
117  1.200000e-002
118  7.992000e+000
119  2.812800e+001
120  2.602200e+001
121  3.755600e+001
122  3.986500e+001
123  8.456700e+001
124  7.012900e+001
125  3.378600e+001
126  0.000000e+000
127  0.000000e+000
128  0.000000e+000
129  4.918000e+000
130  7.347000e+000
131  3.202000e+001
132  6.444500e+001
133  5.678800e+001
134  4.338500e+001
135  4.201600e+001
136  2.696300e+001
137  0.000000e+000
138  0.000000e+000
139  0.000000e+000
140  0.000000e+000
141  2.440000e-001
142  1.782000e+000
143  2.239000e+001
144  5.330800e+001
   2 
1  7.452300e+001
2  1.017480e+002
3  1.006040e+002
4  1.148050e+002
5  8.358400e+001
6  1.530000e-001
7  0.000000e+000
8  0.000000e+000
9  0.000000e+000
10  8.572000e+000
11  1.441800e+001
12  3.594600e+001
13  5.755200e+001
14  8.090300e+001
15  1.270150e+002
16  1.310780e+002
17  1.142270e+002
18  3.993200e+001
19  0.000000e+000
20  0.000000e+000
21  0.000000e+000
22  1.397200e+001
23  1.418200e+001
24  7.744900e+001
25  1.055800e+002
26  1.331910e+002
27  1.241080e+002
28  1.238620e+002
29  1.101380e+002
30  6.270300e+001
31  0.000000e+000
32  0.000000e+000
33  0.000000e+000
34  0.000000e+000
35  5.269000e+000
36  2.602500e+001
37  4.697700e+001
38  5.570200e+001
39  8.871900e+001
40  9.694100e+001
41  8.165800e+001
42  1.526700e+001
43  0.000000e+000
44  0.000000e+000
45  0.000000e+000
46  1.558900e+001
47  1.107230e+002
48  1.354200e+002
49  1.679130e+002
50  1.691530e+002
51  1.746810e+002
52  1.607890e+002
53  1.289220e+002
54  4.574400e+001
55  0.000000e+000
56  0.000000e+000
57  2.670000e-001
58  2.973000e+000
59  7.262300e+001
60  6.794800e+001
61  6.944000e+001
62  6.100200e+001
63  5.213300e+001
64  6.155400e+001
65  2.848100e+001
66  0.000000e+000
67  0.000000e+000
68  0.000000e+000
69  5.517000e+000
70  9.880000e-001
71  6.930000e-001
72  0.000000e+000
73  2.527500e+001
74  3.302200e+001
75  5.575800e+001
76  5.824100e+001
77  3.181400e+001
78  0.000000e+000
79  0.000000e+000
80  0.000000e+000
81  2.832000e+000
82  9.987000e+000
83  2.160200e+001
84  2.810400e+001
85  3.356000e+001
86  5.515800e+001
87  4.694200e+001
88  2.895100e+001
89  3.598900e+001
90  0.000000e+000
91  0.000000e+000
92  0.000000e+000
93  0.000000e+000
94  8.240000e-001
95  4.180900e+001
96  4.748300e+001
97  7.758400e+001
98  1.122580e+002
99  1.158730e+002
100  1.122630e+002
101  8.825700e+001
102  0.000000e+000
103  0.000000e+000
104  0.000000e+000
105  0.000000e+000
106  7.480000e-001
107  1.018200e+001
108  1.380600e+001
109  4.280000e+001
110  3.797200e+001
111  3.100400e+001
112  2.789600e+001
113  0.000000e+000
114  0.000000e+000
115  0.000000e+000
116  0.000000e+000
117  1.200000e-002
118  7.992000e+000
119  2.812800e+001
120  2.602200e+001
121  3.755600e+001
122  3.977300e+001
123  8.436500e+001
124  6.993100e+001
125  3.359300e+001
126  0.000000e+000
127  0.000000e+000
128  0.000000e+000
129  4.917000e+000
130  7.345000e+000
131  3.201700e+001
132  6.444000e+001
133  5.678200e+001
134  4.337800e+001
135  4.201000e+001
136  2.696200e+001
137  0.000000e+000
138  0.000000e+000
139  0.000000e+000
140  0.000000e+000
141  2.440000e-001
142  1.782000e+000
143  2.239000e+001
144  5.330800e+001
   3 
1  7.452300e+001
2  1.017540e+002
3  1.006100e+002
4  1.148110e+002
5  8.359000e+001
6  1.590000e-001
7  0.000000e+000
8  0.000000e+000
9  0.000000e+000
10  8.572000e+000
11  1.441800e+001
12  3.594600e+001
13  5.755400e+001
14  8.090700e+001
15  1.270190e+002
16  1.310830e+002
17  1.142310e+002
18  3.993600e+001
19  0.000000e+000
20  0.000000e+000
21  0.000000e+000
22  1.397200e+001
23  1.418200e+001
24  7.745000e+001
25  1.055860e+002
26  1.332020e+002
27  1.241190e+002
28  1.238740e+002
29  1.101490e+002
30  6.271300e+001
31  0.000000e+000
32  0.000000e+000
33  0.000000e+000
34  0.000000e+000
35  5.269000e+000
36  2.602500e+001
37  4.697700e+001
38  5.570400e+001
39  8.872100e+001
40  9.694400e+001
41  8.166000e+001
42  1.527000e+001
43  0.000000e+000
44  0.000000e+000
45  0.000000e+000
46  1.558900e+001
47  1.107240e+002
48  1.354210e+002
49  1.679150e+002
50  1.691550e+002
51  1.746830e+002
52  1.607910e+002
53  1.289240e+002
54  4.574600e+001
55  0.000000e+000
56  0.000000e+000
57  2.670000e-001
58  2.973000e+000
59  7.262300e+001
60  6.794800e+001
61  6.944100e+001
62  6.100200e+001
63  5.213400e+001
64  6.155400e+001
65  2.848200e+001
66  0.000000e+000
67  0.000000e+000
68  0.000000e+000
69  5.517000e+000
70  9.880000e-001
71  6.930000e-001
72  0.000000e+000
73  2.527500e+001
74  3.302200e+001
75  5.575800e+001
76  5.824100e+001
77  3.181400e+001
78  0.000000e+000
79  0.000000e+000
80  0.000000e+000
81  2.832000e+000
82  9.987000e+000
83  2.160200e+001
84  2.810400e+001
85  3.356000e+001
86  5.516200e+001
87  4.694200e+001
88  2.895100e+001
89  3.598900e+001
90  0.000000e+000
91  0.000000e+000
92  0.000000e+000
93  0.000000e+000
94  8.240000e-001
95  4.180900e+001
96  4.748300e+001
97  7.758400e+001
98  1.122680e+002
99  1.158840e+002
100  1.122730e+002
101  8.826600e+001
102  0.000000e+000
103  0.000000e+000
104  0.000000e+000
105  0.000000e+000
106  7.480000e-001
107  1.018200e+001
108  1.380600e+001
109  4.280100e+001
110  3.797300e+001
111  3.100500e+001
112  2.789600e+001
113  0.000000e+000
114  0.000000e+000
115  0.000000e+000
116  0.000000e+000
117  1.200000e-002
118  7.992000e+000
119  2.812800e+001
120  2.602200e+001
121  3.755600e+001
122  3.977400e+001
123  8.436800e+001
124  6.993400e+001
125  3.359600e+001
126  0.000000e+000
127  0.000000e+000
128  0.000000e+000
129  4.917000e+000
130  7.345000e+000
131  3.201700e+001
132  6.444000e+001
133  5.678200e+001
134  4.337800e+001
135  4.201000e+001
136  2.696200e+001
137  0.000000e+000
138  0.000000e+000
139  0.000000e+000
140  0.000000e+000
141  2.440000e-001
142  1.782000e+000
143  2.239000e+001
144  5.330800e+001
   4 
1  7.455700e+001
2  1.021700e+002
3  1.010230e+002
4  1.152110e+002
5  8.397200e+001
6  5.280000e-001
7  0.000000e+000
8  0.000000e+000
9  0.000000e+000
10  8.573000e+000
11  1.441900e+001
12  3.594800e+001
13  5.769400e+001
14  8.113400e+001
15  1.273290e+002
16  1.313800e+002
17  1.145080e+002
18  4.019800e+001
19  0.000000e+000
20  0.000000e+000
21  0.000000e+000
22  1.397300e+001
23  1.418200e+001
24  7.748800e+001
25  1.059960e+002
26  1.339930e+002
27  1.248960e+002
28  1.246220e+002
29  1.108660e+002
30  6.339600e+001
31  0.000000e+000
32  0.000000e+000
33  0.000000e+000
34  0.000000e+000
35  5.264000e+000
36  2.601800e+001
37  4.697100e+001
38  5.585300e+001
39  8.884800e+001
40  9.706800e+001
41  8.178100e+001
42  1.538800e+001
43  0.000000e+000
44  0.000000e+000
45  0.000000e+000
46  1.558900e+001
47  1.107540e+002
48  1.354520e+002
49  1.680080e+002
50  1.693050e+002
51  1.748240e+002
52  1.609180e+002
53  1.290360e+002
54  4.585100e+001
55  0.000000e+000
56  0.000000e+000
57  2.670000e-001
58  2.973000e+000
59  7.262400e+001
60  6.794900e+001
61  6.944200e+001
62  6.100300e+001
63  5.213500e+001
64  6.155600e+001
65  2.848300e+001
66  0.000000e+000
67  0.000000e+000
68  0.000000e+000
69  5.517000e+000
70  9.880000e-001
71  6.930000e-001
72  0.000000e+000
73  2.527500e+001
74  3.302200e+001
75  5.575800e+001
76  5.824100e+001
77  3.181400e+001
78  0.000000e+000
79  0.000000e+000
80  0.000000e+000
81  2.832000e+000
82  9.987000e+000
83  2.160200e+001
84  2.810400e+001
85  3.356000e+001
86  5.548600e+001
87  4.715100e+001
88  2.895300e+001
89  3.598900e+001
90  0.000000e+000
91  0.000000e+000
92  0.000000e+000
93  0.000000e+000
94  8.240000e-001
95  4.180900e+001
96  4.748400e+001
97  7.758500e+001
98  1.130030e+002
99  1.166090e+002
100  1.129750e+002
101  8.893900e+001
102  0.000000e+000
103  0.000000e+000
104  0.000000e+000
105  0.000000e+000
106  7.490000e-001
107  1.018400e+001
108  1.380900e+001
109  4.280500e+001
110  3.797800e+001
111  3.101000e+001
112  2.790000e+001
113  0.000000e+000
114  0.000000e+000
115  0.000000e+000
116  0.000000e+000
117  1.200000e-002
118  7.992000e+000
119  2.812800e+001
120  2.602200e+001
121  3.755600e+001
122  3.986000e+001
123  8.455600e+001
124  7.011800e+001
125  3.377600e+001
126  0.000000e+000
127  0.000000e+000
128  0.000000e+000
129  4.918000e+000
130  7.346000e+000
131  3.202000e+001
132  6.444400e+001
133  5.678800e+001
134  4.338400e+001
135  4.201600e+001
136  2.696300e+001
137  0.000000e+000
138  0.000000e+000
139  0.000000e+000
140  0.000000e+000
141  2.440000e-001
142  1.782000e+000
143  2.239000e+001
144  5.330800e+001
   5 
1  7.453900e+001
2  1.019400e+002
3  1.007940e+002
4  1.149890e+002
5  8.376000e+001
6  3.230000e-001
7  0.000000e+000
8  0.000000e+000
9  0.000000e+000
10  8.573000e+000
11  1.441800e+001
12  3.594700e+001
13  5.761700e+001
14  8.100900e+001
15  1.271580e+002
16  1.312160e+002
17  1.143550e+002
18  4.005300e+001
19  0.000000e+000
20  0.000000e+000
21  0.000000e+000
22  1.397300e+001
23  1.418200e+001
24  7.746700e+001
25  1.057690e+002
26  1.335560e+002
27  1.244660e+002
28  1.242080e+002
29  1.104690e+002
30  6.301800e+001
31  0.000000e+000
32  0.000000e+000
33  0.000000e+000
34  0.000000e+000
35  5.267000e+000
36  2.602200e+001
37  4.697400e+001
38  5.577000e+001
39  8.877700e+001
40  9.699900e+001
41  8.171300e+001
42  1.532200e+001
43  0.000000e+000
44  0.000000e+000
45  0.000000e+000
46  1.558900e+001
47  1.107380e+002
48  1.354350e+002
49  1.679570e+002
50  1.692230e+002
51  1.747470e+002
52  1.608480e+002
53  1.289750e+002
54  4.579400e+001
55  0.000000e+000
56  0.000000e+000
57  2.670000e-001
58  2.973000e+000
59  7.262400e+001
60  6.794900e+001
61  6.944100e+001
62  6.100200e+001
63  5.213400e+001
64  6.155500e+001
65  2.848200e+001
66  0.000000e+000
67  0.000000e+000
68  0.000000e+000
69  5.517000e+000
70  9.880000e-001
71  6.930000e-001
72  0.000000e+000
73  2.527500e+001
74  3.302200e+001
75  5.575800e+001
76  5.824100e+001
77  3.181400e+001
78  0.000000e+000
79  0.000000e+000
80  0.000000e+000
81  2.832000e+000
82  9.987000e+000
83  2.160200e+001
84  2.810400e+001
85  3.356000e+001
86  5.530700e+001
87  4.699700e+001
88  2.895200e+001
89  3.598900e+001
90  0.000000e+000
91  0.000000e+000
92  0.000000e+000
93  0.000000e+000
94  8.240000e-001
95  4.180900e+001
96  4.748400e+001
97  7.758400e+001
98  1.125940e+002
99  1.162050e+002
100  1.125850e+002
101  8.856500e+001
102  0.000000e+000
103  0.000000e+000
104  0.000000e+000
105  0.000000e+000
106  7.480000e-001
107  1.018300e+001
108  1.380800e+001
109  4.280200e+001
110  3.797500e+001
111  3.100700e+001
112  2.789800e+001
113  0.000000e+000
114  0.000000e+000
115  0.000000e+000
116  0.000000e+000
117  1.200000e-002
118  7.992000e+000
119  2.812800e+001
120  2.602200e+001
121  3.755600e+001
122  3.981200e+001
123  8.445200e+001
124  7.001600e+001
125  3.367600e+001
126  0.000000e+000
127  0.000000e+000
128  0.000000e+000
129  4.918000e+000
130  7.346000e+000
131  3.201800e+001
132  6.444200e+001
133  5.678500e+001
134  4.338100e+001
135  4.201300e+001
136  2.696200e+001
137  0.000000e+000
138  0.000000e+000
139  0.000000e+000
140  0.000000e+000
141  2.440000e-001
142  1.782000e+000
143  2.239000e+001
144  5.330800e+001
   6 
1  7.455600e+001
2  1.021560e+002
3  1.010090e+002
4  1.151990e+002
5  8.396000e+001
6  5.170000e-001
7  0.000000e+000
8  0.000000e+000
9  0.000000e+000
10  8.573000e+000
11  1.441800e+001
12  3.594700e+001
13  5.768900e+001
14  8.112700e+001
15  1.273200e+002
16  1.313770e+002
17  1.145070e+002
18  4.019700e+001
19  0.000000e+000
20  0.000000e+000
21  0.000000e+000
22  1.397200e+001
23  1.418200e+001
24  7.748500e+001
25  1.059820e+002
26  1.339660e+002
27  1.248690e+002
28  1.245980e+002
29  1.108440e+002
30  6.337500e+001
31  0.000000e+000
32  0.000000e+000
33  0.000000e+000
34  0.000000e+000
35  5.264000e+000
36  2.601800e+001
37  4.697100e+001
38  5.584800e+001
39  8.884700e+001
40  9.707000e+001
41  8.178600e+001
42  1.539300e+001
43  0.000000e+000
44  0.000000e+000
45  0.000000e+000
46  1.558900e+001
47  1.107510e+002
48  1.354480e+002
49  1.680020e+002
50  1.692990e+002
51  1.748210e+002
52  1.609170e+002
53  1.290360e+002
54  4.585200e+001
55  0.000000e+000
56  0.000000e+000
57  2.670000e-001
58  2.973000e+000
59  7.262400e+001
60  6.794900e+001
61  6.944200e+001
62  6.100300e+001
63  5.213600e+001
64  6.155600e+001
65  2.848300e+001
66  0.000000e+000
67  0.000000e+000
68  0.000000e+000
69  5.517000e+000
70  9.880000e-001
71  6.930000e-001
72  0.000000e+000
73  2.527400e+001
74  3.302200e+001
75  5.575800e+001
76  5.824400e+001
77  3.181800e+001
78  0.000000e+000
79  0.000000e+000
80  0.000000e+000
81  2.832000e+000
82  9.987000e+000
83  2.160100e+001
84  2.810300e+001
85  3.356000e+001
86  5.547500e+001
87  4.714100e+001
88  2.895300e+001
89  3.598900e+001
90  0.000000e+000
91  0.000000e+000
92  0.000000e+000
93  0.000000e+000
94  8.240000e-001
95  4.180900e+001
96  4.748400e+001
97  7.758500e+001
98  1.129790e+002
99  1.165860e+002
100  1.129530e+002
101  8.891800e+001
102  0.000000e+000
103  0.000000e+000
104  0.000000e+000
105  0.000000e+000
106  7.490000e-001
107  1.018300e+001
108  1.380900e+001
109  4.280400e+001
110  3.797700e+001
111  3.100900e+001
112  2.790000e+001
113  0.000000e+000
114  0.000000e+000
115  0.000000e+000
116  0.000000e+000
117  1.200000e-002
118  7.991000e+000
119  2.812800e+001
120  2.602100e+001
121  3.755600e+001
122  3.985700e+001
123  8.454800e+001
124  7.011200e+001
125  3.376900e+001
126  0.000000e+000
127  0.000000e+000
128  0.000000e+000
129  4.918000e+000
130  7.346000e+000
131  3.201900e+001
132  6.444300e+001
133  5.678700e+001
134  4.338400e+001
135  4.201500e+001
136  2.696300e+001
137  0.000000e+000
138  0.000000e+000
139  0.000000e+000
140  0.000000e+000
141  2.440000e-001
142  1.782000e+000
143  2.239000e+001
144  5.330800e+001
   7 
1  7.456900e+001
2  1.023370e+002
3  1.011890e+002
4  1.153740e+002
5  8.412800e+001
6  6.800000e-001
7  0.000000e+000
8  0.000000e+000
9  0.000000e+000
10  8.573000e+000
11  1.441900e+001
12  3.594700e+001
13  5.774900e+001
14  8.122400e+001
15  1.274530e+002
16  1.315110e+002
17  1.146330e+002
18  4.031700e+001
19  0.000000e+000
20  0.000000e+000
21  0.000000e+000
22  1.397200e+001
23  1.418200e+001
24  7.749800e+001
25  1.061580e+002
26  1.343060e+002
27  1.252040e+002
28  1.249220e+002
29  1.111550e+002
30  6.367100e+001
31  0.000000e+000
32  0.000000e+000
33  0.000000e+000
34  0.000000e+000
35  5.262000e+000
36  2.601500e+001
37  4.696800e+001
38  5.591200e+001
39  8.889900e+001
40  9.712500e+001
41  8.184200e+001
42  1.544800e+001
43  0.000000e+000
44  0.000000e+000
45  0.000000e+000
46  1.558800e+001
47  1.107610e+002
48  1.354580e+002
49  1.680380e+002
50  1.693590e+002
51  1.748800e+002
52  1.609730e+002
53  1.290870e+002
54  4.589900e+001
55  0.000000e+000
56  0.000000e+000
57  2.670000e-001
58  2.973000e+000
59  7.262400e+001
60  6.795000e+001
61  6.944200e+001
62  6.100400e+001
63  5.213700e+001
64  6.155600e+001
65  2.848400e+001
66  0.000000e+000
67  0.000000e+000
68  0.000000e+000
69  5.517000e+000
70  9.880000e-001
71  6.930000e-001
72  0.000000e+000
73  2.527400e+001
74  3.302200e+001
75  5.575800e+001
76  5.824700e+001
77  3.182200e+001
78  0.000000e+000
79  0.000000e+000
80  0.000000e+000
81  2.832000e+000
82  9.987000e+000
83  2.160100e+001
84  2.810300e+001
85  3.355900e+001
86  5.561600e+001
87  4.726200e+001
88  2.895400e+001
89  3.598900e+001
90  0.000000e+000
91  0.000000e+000
92  0.000000e+000
93  0.000000e+000
94  8.240000e-001
95  4.180800e+001
96  4.748300e+001
97  7.758500e+001
98  1.133040e+002
99  1.169070e+002
100  1.132640e+002
101  8.921600e+001
102  0.000000e+000
103  0.000000e+000
104  0.000000e+000
105  0.000000e+000
106  7.500000e-001
107  1.018400e+001
108  1.381000e+001
109  4.280600e+001
110  3.797900e+001
111  3.101200e+001
112  2.790200e+001
113  0.000000e+000
114  0.000000e+000
115  0.000000e+000
116  0.000000e+000
117  1.200000e-002
118  7.991000e+000
119  2.812700e+001
120  2.602100e+001
121  3.755500e+001
122  3.989300e+001
123  8.462800e+001
124  7.019000e+001
125  3.384600e+001
126  0.000000e+000
127  0.000000e+000
128  0.000000e+000
129  4.918000e+000
130  7.347000e+000
131  3.202000e+001
132  6.444400e+001
133  5.678900e+001
134  4.338600e+001
135  4.201700e+001
136  2.696300e+001
137  0.000000e+000
138  0.000000e+000
139  0.000000e+000
140  0.000000e+000
141  2.440000e-001
142  1.782000e+000
143  2.238900e+001
144  5.330700e+001
   8 
1  7.457700e+001
2  1.024170e+002
3  1.012680e+002
4  1.154500e+002
5  8.419900e+001
6  7.480000e-001
7  0.000000e+000
8  0.000000e+000
9  0.000000e+000
10  8.574000e+000
11  1.441900e+001
12  3.594900e+001
13  5.777600e+001
14  8.126700e+001
15  1.275090e+002
16  1.315530e+002
17  1.146690e+002
18  4.035100e+001
19  0.000000e+000
20  0.000000e+000
21  0.000000e+000
22  1.397300e+001
23  1.418200e+001
24  7.750700e+001
25  1.062390e+002
26  1.344570e+002
27  1.253520e+002
28  1.250620e+002
29  1.112870e+002
30  6.379600e+001
31  0.000000e+000
32  0.000000e+000
33  0.000000e+000
34  0.000000e+000
35  5.261000e+000
36  2.601500e+001
37  4.696800e+001
38  5.594100e+001
39  8.891800e+001
40  9.713600e+001
41  8.184700e+001
42  1.545300e+001
43  0.000000e+000
44  0.000000e+000
45  0.000000e+000
46  1.558900e+001
47  1.107710e+002
48  1.354680e+002
49  1.680600e+002
50  1.693890e+002
51  1.749030e+002
52  1.609890e+002
53  1.290990e+002
54  4.591000e+001
55  0.000000e+000
56  0.000000e+000
57  2.670000e-001
58  2.973000e+000
59  7.262500e+001
60  6.795000e+001
61  6.944300e+001
62  6.100400e+001
63  5.213700e+001
64  6.155700e+001
65  2.848400e+001
66  0.000000e+000
67  0.000000e+000
68  0.000000e+000
69  5.517000e+000
70  9.880000e-001
71  6.930000e-001
72  0.000000e+000
73  2.527500e+001
74  3.302200e+001
75  5.575800e+001
76  5.824100e+001
77  3.181400e+001
78  0.000000e+000
79  0.000000e+000
80  0.000000e+000
81  2.832000e+000
82  9.987000e+000
83  2.160200e+001
84  2.810400e+001
85  3.356000e+001
86  5.567900e+001
87  4.731600e+001
88  2.895500e+001
89  3.599000e+001
90  0.000000e+000
91  0.000000e+000
92  0.000000e+000
93  0.000000e+000
94  8.240000e-001
95  4.180900e+001
96  4.748500e+001
97  7.758500e+001
98  1.134470e+002
99  1.170470e+002
100  1.133990e+002
101  8.934500e+001
102  0.000000e+000
103  0.000000e+000
104  0.000000e+000
105  0.000000e+000
106  7.500000e-001
107  1.018500e+001
108  1.381000e+001
109  4.280800e+001
110  3.798200e+001
111  3.101400e+001
112  2.790300e+001
113  0.000000e+000
114  0.000000e+000
115  0.000000e+000
116  0.000000e+000
117  1.200000e-002
118  7.992000e+000
119  2.812800e+001
120  2.602200e+001
121  3.755600e+001
122  3.991100e+001
123  8.466600e+001
124  7.022600e+001
125  3.388100e+001
126  0.000000e+000
127  0.000000e+000
128  0.000000e+000
129  4.919000e+000
130  7.347000e+000
131  3.202200e+001
132  6.444700e+001
133  5.679100e+001
134  4.338800e+001
135  4.201900e+001
136  2.696400e+001
137  0.000000e+000
138  0.000000e+000
139  0.000000e+000
140  0.000000e+000
141  2.440000e-001
142  1.782000e+000
143  2.239000e+001
144  5.330800e+001
   9 
1  7.458100e+001
2  1.024800e+002
3  1.013300e+002
4  1.155100e+002
5  8.425700e+001
6  8.040000e-001
7  0.000000e+000
8  0.000000e+000
9  0.000000e+000
10  8.574000e+000
11  1.442000e+001
12  3.594900e+001
13  5.779600e+001
14  8.130000e+001
15  1.275550e+002
16  1.315970e+002
17  1.147100e+002
18  4.038900e+001
19  0.000000e+000
20  0.000000e+000
21  0.000000e+000
22  1.397300e+001
23  1.418300e+001
24  7.751200e+001
25  1.063000e+002
26  1.345750e+002
27  1.254680e+002
28  1.251740e+002
29  1.113940e+002
30  6.389800e+001
31  0.000000e+000
32  0.000000e+000
33  0.000000e+000
34  0.000000e+000
35  5.260000e+000
36  2.601400e+001
37  4.696700e+001
38  5.596300e+001
39  8.893700e+001
40  9.715500e+001
41  8.186600e+001
42  1.547100e+001
43  0.000000e+000
44  0.000000e+000
45  0.000000e+000
46  1.558900e+001
47  1.107740e+002
48  1.354720e+002
49  1.680730e+002
50  1.694090e+002
51  1.749230e+002
52  1.610060e+002
53  1.291150e+002
54  4.592500e+001
55  0.000000e+000
56  0.000000e+000
57  2.670000e-001
58  2.973000e+000
59  7.262500e+001
60  6.795000e+001
61  6.944300e+001
62  6.100500e+001
63  5.213700e+001
64  6.155700e+001
65  2.848400e+001
66  0.000000e+000
67  0.000000e+000
68  0.000000e+000
69  5.517000e+000
70  9.880000e-001
71  6.930000e-001
72  0.000000e+000
73  2.527500e+001
74  3.302200e+001
75  5.575800e+001
76  5.824100e+001
77  3.181400e+001
78  0.000000e+000
79  0.000000e+000
80  0.000000e+000
81  2.832000e+000
82  9.987000e+000
83  2.160200e+001
84  2.810400e+001
85  3.356000e+001
86  5.572800e+001
87  4.735800e+001
88  2.895500e+001
89  3.599000e+001
90  0.000000e+000
91  0.000000e+000
92  0.000000e+000
93  0.000000e+000
94  8.240000e-001
95  4.181000e+001
96  4.748500e+001
97  7.758500e+001
98  1.135610e+002
99  1.171600e+002
100  1.135080e+002
101  8.944900e+001
102  0.000000e+000
103  0.000000e+000
104  0.000000e+000
105  0.000000e+000
106  7.510000e-001
107  1.018500e+001
108  1.381100e+001
109  4.280900e+001
110  3.798300e+001
111  3.101500e+001
112  2.790400e+001
113  0.000000e+000
114  0.000000e+000
115  0.000000e+000
116  0.000000e+000
117  1.200000e-002
118  7.992000e+000
119  2.812800e+001
120  2.602200e+001
121  3.755600e+001
122  3.992300e+001
123  8.469300e+001
124  7.025300e+001
125  3.390700e+001
126  0.000000e+000
127  0.000000e+000
128  0.000000e+000
129  4.919000e+000
130  7.348000e+000
131  3.202200e+001
132  6.444800e+001
133  5.679200e+001
134  4.338900e+001
135  4.202000e+001
136  2.696400e+001
137  0.000000e+000
138  0.000000e+000
139  0.000000e+000
140  0.000000e+000
141  2.440000e-001
142  1.782000e+000
143  2.239000e+001
144  5.330900e+001
   10 
1  7.457400e+001
2  1.023700e+002
3  1.012200e+002
4  1.154020e+002
5  8.415400e+001
6  7.040000e-001
7  0.000000e+000
8  0.000000e+000
9  0.000000e+000
10  8.574000e+000
11  1.441900e+001
12  3.594900e+001
13  5.776000e+001
14  8.124200e+001
15  1.274730e+002
16  1.315120e+002
17  1.146300e+002
18  4.031300e+001
19  0.000000e+000
20  0.000000e+000
21  0.000000e+000
22  1.397300e+001
23  1.418300e+001
24  7.750500e+001
25  1.061930e+002
26  1.343690e+002
27  1.252650e+002
28  1.249770e+002
29  1.112040e+002
30  6.371700e+001
31  0.000000e+000
32  0.000000e+000
33  0.000000e+000
34  0.000000e+000
35  5.262000e+000
36  2.601600e+001
37  4.696900e+001
38  5.592400e+001
39  8.889900e+001
40  9.711400e+001
41  8.182300e+001
42  1.542900e+001
43  0.000000e+000
44  0.000000e+000
45  0.000000e+000
46  1.558900e+001
47  1.107700e+002
48  1.354670e+002
49  1.680530e+002
50  1.693740e+002
51  1.748870e+002
52  1.609720e+002
53  1.290830e+002
54  4.589500e+001
55  0.000000e+000
56  0.000000e+000
57  2.670000e-001
58  2.973000e+000
59  7.262500e+001
60  6.795000e+001
61  6.944300e+001
62  6.100400e+001
63  5.213600e+001
64  6.155600e+001
65  2.848300e+001
66  0.000000e+000
67  0.000000e+000
68  0.000000e+000
69  5.517000e+000
70  9.880000e-001
71  6.930000e-001
72  0.000000e+000
73  2.527500e+001
74  3.302200e+001
75  5.575900e+001
76  5.823800e+001
77  3.181000e+001
78  0.000000e+000
79  0.000000e+000
80  0.000000e+000
81  2.832000e+000
82  9.987000e+000
83  2.160200e+001
84  2.810400e+001
85  3.356100e+001
86  5.564200e+001
87  4.728400e+001
88  2.895400e+001
89  3.599000e+001
90  0.000000e+000
91  0.000000e+000
92  0.000000e+000
93  0.000000e+000
94  8.240000e-001
95  4.181000e+001
96  4.748500e+001
97  7.758500e+001
98  1.133600e+002
99  1.169610e+002
100  1.133150e+002
101  8.926400e+001
102  0.000000e+000
103  0.000000e+000
104  0.000000e+000
105  0.000000e+000
106  7.500000e-001
107  1.018400e+001
108  1.381000e+001
109  4.280800e+001
110  3.798100e+001
111  3.101300e+001
112  2.790300e+001
113  0.000000e+000
114  0.000000e+000
115  0.000000e+000
116  0.000000e+000
117  1.200000e-002
118  7.992000e+000
119  2.812800e+001
120  2.602200e+001
121  3.755700e+001
122  3.990100e+001
123  8.464500e+001
124  7.020600e+001
125  3.386100e+001
126  0.000000e+000
127  0.000000e+000
128  0.000000e+000
129  4.919000e+000
130  7.347000e+000
131  3.202200e+001
132  6.444800e+001
133  5.679100e+001
134  4.338800e+001
135  4.201900e+001
136  2.696400e+001
137  0.000000e+000
138  0.000000e+000
139  0.000000e+000
140  0.000000e+000
141  2.440000e-001
142  1.782000e+000
143  2.239000e+001
144  5.330900e+001
