   1 
1  2.832800e+001
2  5.993600e+001
3  7.313400e+001
4  8.968000e+001
5  6.443200e+001
6  2.052400e+001
7  0.000000e+000
8  0.000000e+000
9  0.000000e+000
10  9.961000e+000
11  0.000000e+000
12  2.420000e+000
13  3.401400e+001
14  6.103100e+001
15  9.149400e+001
16  8.584100e+001
17  8.143800e+001
18  4.885900e+001
19  0.000000e+000
20  0.000000e+000
21  0.000000e+000
22  9.467000e+000
23  6.110000e-001
24  5.304700e+001
25  6.338800e+001
26  9.060800e+001
27  9.156500e+001
28  9.565500e+001
29  1.028270e+002
30  7.524800e+001
31  0.000000e+000
32  4.610000e+000
33  0.000000e+000
34  0.000000e+000
35  1.310500e+001
36  2.843300e+001
37  3.713800e+001
38  2.929900e+001
39  5.459600e+001
40  5.980200e+001
41  4.298300e+001
42  8.280000e+000
43  3.180000e+000
44  3.070000e-001
45  0.000000e+000
46  7.994000e+000
47  1.192240e+002
48  1.161640e+002
49  1.261740e+002
50  1.303240e+002
51  1.156070e+002
52  1.218010e+002
53  9.426100e+001
54  5.158700e+001
55  0.000000e+000
56  0.000000e+000
57  0.000000e+000
58  5.963000e+000
59  7.733800e+001
60  8.431500e+001
61  7.290700e+001
62  7.894700e+001
63  7.601600e+001
64  7.525100e+001
65  7.834100e+001
66  5.894700e+001
67  0.000000e+000
68  0.000000e+000
69  2.753000e+000
70  4.200000e-002
71  2.230000e-001
72  0.000000e+000
73  2.278300e+001
74  4.113000e+001
75  6.240300e+001
76  6.363200e+001
77  6.253500e+001
78  1.763900e+001
79  0.000000e+000
80  0.000000e+000
81  0.000000e+000
82  1.336900e+001
83  7.710000e-001
84  9.094000e+000
85  2.375800e+001
86  3.624100e+001
87  3.382400e+001
88  2.902000e+001
89  2.362900e+001
90  0.000000e+000
91  0.000000e+000
92  0.000000e+000
93  0.000000e+000
94  7.036000e+000
95  3.061500e+001
96  4.574600e+001
97  6.641600e+001
98  8.129200e+001
99  1.148020e+002
100  1.055550e+002
101  8.574100e+001
102  3.403300e+001
103  1.040000e-001
104  0.000000e+000
105  0.000000e+000
106  0.000000e+000
107  1.170700e+001
108  6.694000e+000
109  2.775900e+001
110  3.214300e+001
111  2.639900e+001
112  2.008700e+001
113  4.965000e+000
114  0.000000e+000
115  0.000000e+000
116  0.000000e+000
117  0.000000e+000
118  8.921000e+000
119  1.011900e+001
120  2.309900e+001
121  3.536800e+001
122  4.225600e+001
123  7.807100e+001
124  7.510900e+001
125  4.790300e+001
126  0.000000e+000
127  0.000000e+000
128  0.000000e+000
129  7.366000e+000
130  1.202000e+001
131  2.113900e+001
132  4.343000e+001
133  3.508400e+001
134  2.858700e+001
135  3.592800e+001
136  2.225000e+001
137  8.792000e+000
138  0.000000e+000
139  0.000000e+000
140  0.000000e+000
141  0.000000e+000
142  1.097600e+001
143  2.131100e+001
144  2.450400e+001
   2 
1  2.838100e+001
2  5.991500e+001
3  7.302700e+001
4  8.948300e+001
5  6.431600e+001
6  2.042200e+001
7  0.000000e+000
8  0.000000e+000
9  0.000000e+000
10  9.968000e+000
11  0.000000e+000
12  2.420000e+000
13  3.401500e+001
14  6.090400e+001
15  9.100000e+001
16  8.528300e+001
17  8.089900e+001
18  4.840600e+001
19  0.000000e+000
20  0.000000e+000
21  0.000000e+000
22  9.487000e+000
23  6.110000e-001
24  5.301100e+001
25  6.323700e+001
26  8.976700e+001
27  9.051500e+001
28  9.462500e+001
29  1.017970e+002
30  7.437000e+001
31  0.000000e+000
32  4.628000e+000
33  0.000000e+000
34  0.000000e+000
35  1.311000e+001
36  2.845000e+001
37  3.711900e+001
38  2.927800e+001
39  5.447800e+001
40  5.968400e+001
41  4.286900e+001
42  8.171000e+000
43  3.187000e+000
44  3.140000e-001
45  0.000000e+000
46  7.995000e+000
47  1.191270e+002
48  1.157330e+002
49  1.258760e+002
50  1.301620e+002
51  1.156080e+002
52  1.217400e+002
53  9.419200e+001
54  5.153100e+001
55  0.000000e+000
56  0.000000e+000
57  0.000000e+000
58  5.969000e+000
59  7.725200e+001
60  8.394600e+001
61  7.281200e+001
62  7.878600e+001
63  7.587000e+001
64  7.511200e+001
65  7.806300e+001
66  5.867300e+001
67  0.000000e+000
68  0.000000e+000
69  2.756000e+000
70  4.200000e-002
71  2.230000e-001
72  0.000000e+000
73  2.278400e+001
74  4.113800e+001
75  6.235100e+001
76  6.355700e+001
77  6.245200e+001
78  1.756000e+001
79  0.000000e+000
80  0.000000e+000
81  0.000000e+000
82  1.337400e+001
83  7.790000e-001
84  9.096000e+000
85  2.376000e+001
86  3.610600e+001
87  3.376100e+001
88  2.896800e+001
89  2.357800e+001
90  0.000000e+000
91  0.000000e+000
92  0.000000e+000
93  0.000000e+000
94  7.039000e+000
95  3.062000e+001
96  4.572200e+001
97  6.611000e+001
98  8.059500e+001
99  1.137350e+002
100  1.046080e+002
101  8.493900e+001
102  3.332300e+001
103  1.040000e-001
104  0.000000e+000
105  0.000000e+000
106  0.000000e+000
107  1.171600e+001
108  6.709000e+000
109  2.777400e+001
110  3.210600e+001
111  2.638500e+001
112  2.008400e+001
113  4.964000e+000
114  0.000000e+000
115  0.000000e+000
116  0.000000e+000
117  0.000000e+000
118  8.922000e+000
119  1.012000e+001
120  2.310200e+001
121  3.532700e+001
122  4.201800e+001
123  7.753600e+001
124  7.450100e+001
125  4.733800e+001
126  0.000000e+000
127  0.000000e+000
128  0.000000e+000
129  7.374000e+000
130  1.210400e+001
131  2.123600e+001
132  4.352200e+001
133  3.517400e+001
134  2.863100e+001
135  3.600300e+001
136  2.233600e+001
137  8.791000e+000
138  0.000000e+000
139  0.000000e+000
140  0.000000e+000
141  0.000000e+000
142  1.097700e+001
143  2.131300e+001
144  2.450700e+001
   3 
1  2.838100e+001
2  5.991500e+001
3  7.302800e+001
4  8.948500e+001
5  6.431700e+001
6  2.042300e+001
7  0.000000e+000
8  0.000000e+000
9  0.000000e+000
10  9.968000e+000
11  0.000000e+000
12  2.420000e+000
13  3.401500e+001
14  6.090500e+001
15  9.100500e+001
16  8.528900e+001
17  8.090600e+001
18  4.841100e+001
19  0.000000e+000
20  0.000000e+000
21  0.000000e+000
22  9.486000e+000
23  6.110000e-001
24  5.301100e+001
25  6.323800e+001
26  8.977700e+001
27  9.052600e+001
28  9.463600e+001
29  1.018090e+002
30  7.438000e+001
31  0.000000e+000
32  4.628000e+000
33  0.000000e+000
34  0.000000e+000
35  1.311000e+001
36  2.844900e+001
37  3.711900e+001
38  2.927800e+001
39  5.447900e+001
40  5.968400e+001
41  4.287000e+001
42  8.172000e+000
43  3.187000e+000
44  3.130000e-001
45  0.000000e+000
46  7.995000e+000
47  1.191270e+002
48  1.157370e+002
49  1.258790e+002
50  1.301640e+002
51  1.156080e+002
52  1.217400e+002
53  9.419300e+001
54  5.153200e+001
55  0.000000e+000
56  0.000000e+000
57  0.000000e+000
58  5.969000e+000
59  7.725200e+001
60  8.395000e+001
61  7.281600e+001
62  7.879000e+001
63  7.587400e+001
64  7.511500e+001
65  7.806800e+001
66  5.867900e+001
67  0.000000e+000
68  0.000000e+000
69  2.755000e+000
70  4.200000e-002
71  2.230000e-001
72  0.000000e+000
73  2.278400e+001
74  4.113800e+001
75  6.235100e+001
76  6.355700e+001
77  6.245300e+001
78  1.756000e+001
79  0.000000e+000
80  0.000000e+000
81  0.000000e+000
82  1.337400e+001
83  7.790000e-001
84  9.096000e+000
85  2.376000e+001
86  3.610700e+001
87  3.376200e+001
88  2.896900e+001
89  2.357900e+001
90  0.000000e+000
91  0.000000e+000
92  0.000000e+000
93  0.000000e+000
94  7.039000e+000
95  3.061900e+001
96  4.572200e+001
97  6.611300e+001
98  8.060300e+001
99  1.137460e+002
100  1.046180e+002
101  8.494800e+001
102  3.333100e+001
103  1.040000e-001
104  0.000000e+000
105  0.000000e+000
106  0.000000e+000
107  1.171600e+001
108  6.709000e+000
109  2.777400e+001
110  3.210600e+001
111  2.638400e+001
112  2.008400e+001
113  4.964000e+000
114  0.000000e+000
115  0.000000e+000
116  0.000000e+000
117  0.000000e+000
118  8.922000e+000
119  1.012000e+001
120  2.310200e+001
121  3.532700e+001
122  4.202000e+001
123  7.754200e+001
124  7.450900e+001
125  4.734500e+001
126  0.000000e+000
127  0.000000e+000
128  0.000000e+000
129  7.374000e+000
130  1.210200e+001
131  2.123400e+001
132  4.352000e+001
133  3.517200e+001
134  2.862900e+001
135  3.600100e+001
136  2.233400e+001
137  8.791000e+000
138  0.000000e+000
139  0.000000e+000
140  0.000000e+000
141  0.000000e+000
142  1.097700e+001
143  2.131300e+001
144  2.450700e+001
   4 
1  2.794800e+001
2  5.933900e+001
3  7.293700e+001
4  9.012200e+001
5  6.549600e+001
6  2.206700e+001
7  0.000000e+000
8  0.000000e+000
9  0.000000e+000
10  9.977000e+000
11  0.000000e+000
12  2.432000e+000
13  3.401300e+001
14  6.000500e+001
15  9.046900e+001
16  8.532000e+001
17  8.123300e+001
18  4.905400e+001
19  0.000000e+000
20  0.000000e+000
21  0.000000e+000
22  9.401000e+000
23  5.900000e-001
24  5.303100e+001
25  6.330800e+001
26  8.996300e+001
27  9.072200e+001
28  9.549400e+001
29  1.030990e+002
30  7.615700e+001
31  0.000000e+000
32  4.597000e+000
33  0.000000e+000
34  0.000000e+000
35  1.309300e+001
36  2.833700e+001
37  3.628100e+001
38  2.786900e+001
39  5.364400e+001
40  5.975500e+001
41  4.282800e+001
42  8.784000e+000
43  3.223000e+000
44  3.510000e-001
45  0.000000e+000
46  7.998000e+000
47  1.191970e+002
48  1.157990e+002
49  1.231530e+002
50  1.274190e+002
51  1.130350e+002
52  1.200870e+002
53  9.337600e+001
54  5.141700e+001
55  0.000000e+000
56  0.000000e+000
57  0.000000e+000
58  5.999000e+000
59  7.740400e+001
60  8.426400e+001
61  7.288400e+001
62  7.886200e+001
63  7.646100e+001
64  7.605600e+001
65  7.976400e+001
66  6.084000e+001
67  0.000000e+000
68  0.000000e+000
69  2.754000e+000
70  3.900000e-002
71  1.900000e-001
72  0.000000e+000
73  2.277700e+001
74  4.032900e+001
75  6.178900e+001
76  6.389100e+001
77  6.387600e+001
78  1.953300e+001
79  0.000000e+000
80  0.000000e+000
81  0.000000e+000
82  1.321000e+001
83  4.850000e-001
84  9.134000e+000
85  2.372000e+001
86  3.550600e+001
87  3.324100e+001
88  2.897600e+001
89  2.416200e+001
90  0.000000e+000
91  0.000000e+000
92  0.000000e+000
93  0.000000e+000
94  6.913000e+000
95  2.940700e+001
96  4.430400e+001
97  6.492200e+001
98  7.964600e+001
99  1.130110e+002
100  1.046570e+002
101  8.535100e+001
102  3.412700e+001
103  1.700000e-002
104  0.000000e+000
105  0.000000e+000
106  0.000000e+000
107  1.174700e+001
108  6.753000e+000
109  2.750600e+001
110  3.102200e+001
111  2.483100e+001
112  1.855600e+001
113  3.871000e+000
114  0.000000e+000
115  0.000000e+000
116  0.000000e+000
117  0.000000e+000
118  8.983000e+000
119  1.021200e+001
120  2.296000e+001
121  3.450300e+001
122  4.057400e+001
123  7.655100e+001
124  7.437700e+001
125  4.807600e+001
126  0.000000e+000
127  0.000000e+000
128  0.000000e+000
129  7.431000e+000
130  1.200700e+001
131  2.089300e+001
132  4.282600e+001
133  3.466300e+001
134  2.838300e+001
135  3.613200e+001
136  2.297600e+001
137  9.393000e+000
138  0.000000e+000
139  0.000000e+000
140  0.000000e+000
141  0.000000e+000
142  1.100000e+001
143  2.118800e+001
144  2.395300e+001
   5 
1  2.836400e+001
2  5.996900e+001
3  7.312500e+001
4  8.961800e+001
5  6.441200e+001
6  2.050900e+001
7  0.000000e+000
8  0.000000e+000
9  0.000000e+000
10  9.962000e+000
11  0.000000e+000
12  2.420000e+000
13  3.401400e+001
14  6.097600e+001
15  9.125600e+001
16  8.556600e+001
17  8.117100e+001
18  4.863600e+001
19  0.000000e+000
20  0.000000e+000
21  0.000000e+000
22  9.475000e+000
23  6.110000e-001
24  5.302500e+001
25  6.330200e+001
26  9.014100e+001
27  9.102100e+001
28  9.511900e+001
29  1.022860e+002
30  7.478700e+001
31  0.000000e+000
32  4.618000e+000
33  0.000000e+000
34  0.000000e+000
35  1.310700e+001
36  2.843900e+001
37  3.714300e+001
38  2.930000e+001
39  5.457300e+001
40  5.978100e+001
41  4.296100e+001
42  8.258000e+000
43  3.181000e+000
44  3.080000e-001
45  0.000000e+000
46  7.994000e+000
47  1.191640e+002
48  1.159370e+002
49  1.260160e+002
50  1.302280e+002
51  1.156070e+002
52  1.217660e+002
53  9.422200e+001
54  5.155600e+001
55  0.000000e+000
56  0.000000e+000
57  0.000000e+000
58  5.965000e+000
59  7.728600e+001
60  8.410700e+001
61  7.276900e+001
62  7.880600e+001
63  7.587800e+001
64  7.512000e+001
65  7.814800e+001
66  5.876200e+001
67  0.000000e+000
68  0.000000e+000
69  2.754000e+000
70  4.200000e-002
71  2.230000e-001
72  0.000000e+000
73  2.278300e+001
74  4.113000e+001
75  6.240200e+001
76  6.362000e+001
77  6.251900e+001
78  1.762300e+001
79  0.000000e+000
80  0.000000e+000
81  0.000000e+000
82  1.336900e+001
83  7.720000e-001
84  9.094000e+000
85  2.375800e+001
86  3.617700e+001
87  3.379300e+001
88  2.899400e+001
89  2.360400e+001
90  0.000000e+000
91  0.000000e+000
92  0.000000e+000
93  0.000000e+000
94  7.037000e+000
95  3.061600e+001
96  4.574600e+001
97  6.625700e+001
98  8.091600e+001
99  1.142610e+002
100  1.050740e+002
101  8.533500e+001
102  3.367400e+001
103  1.040000e-001
104  0.000000e+000
105  0.000000e+000
106  0.000000e+000
107  1.171100e+001
108  6.701000e+000
109  2.776400e+001
110  3.214600e+001
111  2.640000e+001
112  2.008700e+001
113  4.965000e+000
114  0.000000e+000
115  0.000000e+000
116  0.000000e+000
117  0.000000e+000
118  8.921000e+000
119  1.011900e+001
120  2.309900e+001
121  3.536200e+001
122  4.217400e+001
123  7.783800e+001
124  7.483800e+001
125  4.765200e+001
126  0.000000e+000
127  0.000000e+000
128  0.000000e+000
129  7.369000e+000
130  1.205000e+001
131  2.117400e+001
132  4.346100e+001
133  3.511400e+001
134  2.861700e+001
135  3.595800e+001
136  2.228000e+001
137  8.792000e+000
138  0.000000e+000
139  0.000000e+000
140  0.000000e+000
141  0.000000e+000
142  1.097600e+001
143  2.131000e+001
144  2.450400e+001
   6 
1  2.834700e+001
2  5.995400e+001
3  7.314600e+001
4  8.968200e+001
5  6.444000e+001
6  2.053300e+001
7  0.000000e+000
8  0.000000e+000
9  0.000000e+000
10  9.960000e+000
11  0.000000e+000
12  2.420000e+000
13  3.401400e+001
14  6.102300e+001
15  9.145800e+001
16  8.580000e+001
17  8.139700e+001
18  4.882500e+001
19  0.000000e+000
20  0.000000e+000
21  0.000000e+000
22  9.468000e+000
23  6.110000e-001
24  5.304300e+001
25  6.337500e+001
26  9.053700e+001
27  9.148200e+001
28  9.557300e+001
29  1.027440e+002
30  7.517800e+001
31  0.000000e+000
32  4.611000e+000
33  0.000000e+000
34  0.000000e+000
35  1.310500e+001
36  2.843300e+001
37  3.713900e+001
38  2.929900e+001
39  5.459300e+001
40  5.979900e+001
41  4.298000e+001
42  8.277000e+000
43  3.180000e+000
44  3.070000e-001
45  0.000000e+000
46  7.993000e+000
47  1.192130e+002
48  1.161280e+002
49  1.261500e+002
50  1.303100e+002
51  1.156070e+002
52  1.217950e+002
53  9.425500e+001
54  5.158200e+001
55  0.000000e+000
56  0.000000e+000
57  0.000000e+000
58  5.963000e+000
59  7.732800e+001
60  8.428200e+001
61  7.288500e+001
62  7.892500e+001
63  7.599400e+001
64  7.523000e+001
65  7.831200e+001
66  5.891900e+001
67  0.000000e+000
68  0.000000e+000
69  2.753000e+000
70  4.200000e-002
71  2.230000e-001
72  0.000000e+000
73  2.278300e+001
74  4.113000e+001
75  6.240300e+001
76  6.363000e+001
77  6.253300e+001
78  1.763700e+001
79  0.000000e+000
80  0.000000e+000
81  0.000000e+000
82  1.336900e+001
83  7.710000e-001
84  9.094000e+000
85  2.375700e+001
86  3.623100e+001
87  3.381900e+001
88  2.901600e+001
89  2.362600e+001
90  0.000000e+000
91  0.000000e+000
92  0.000000e+000
93  0.000000e+000
94  7.036000e+000
95  3.061500e+001
96  4.574500e+001
97  6.639200e+001
98  8.123500e+001
99  1.147190e+002
100  1.054810e+002
101  8.567900e+001
102  3.397800e+001
103  1.040000e-001
104  0.000000e+000
105  0.000000e+000
106  0.000000e+000
107  1.170700e+001
108  6.695000e+000
109  2.776000e+001
110  3.214300e+001
111  2.639900e+001
112  2.008700e+001
113  4.965000e+000
114  0.000000e+000
115  0.000000e+000
116  0.000000e+000
117  0.000000e+000
118  8.921000e+000
119  1.011800e+001
120  2.309900e+001
121  3.536700e+001
122  4.224300e+001
123  7.803600e+001
124  7.507000e+001
125  4.786700e+001
126  0.000000e+000
127  0.000000e+000
128  0.000000e+000
129  7.366000e+000
130  1.202400e+001
131  2.114300e+001
132  4.343300e+001
133  3.508700e+001
134  2.859000e+001
135  3.593100e+001
136  2.225400e+001
137  8.792000e+000
138  0.000000e+000
139  0.000000e+000
140  0.000000e+000
141  0.000000e+000
142  1.097600e+001
143  2.131000e+001
144  2.450400e+001
   7 
1  2.829500e+001
2  5.990500e+001
3  7.312700e+001
4  8.970600e+001
5  6.445200e+001
6  2.054200e+001
7  0.000000e+000
8  0.000000e+000
9  0.000000e+000
10  9.959000e+000
11  0.000000e+000
12  2.420000e+000
13  3.401400e+001
14  6.106200e+001
15  9.162800e+001
16  8.599700e+001
17  8.158800e+001
18  4.898500e+001
19  0.000000e+000
20  0.000000e+000
21  0.000000e+000
22  9.462000e+000
23  6.110000e-001
24  5.305700e+001
25  6.343400e+001
26  9.087100e+001
27  9.187000e+001
28  9.595500e+001
29  1.031300e+002
30  7.550500e+001
31  0.000000e+000
32  4.605000e+000
33  0.000000e+000
34  0.000000e+000
35  1.310400e+001
36  2.842800e+001
37  3.713400e+001
38  2.929400e+001
39  5.460400e+001
40  5.981000e+001
41  4.299100e+001
42  8.288000e+000
43  3.180000e+000
44  3.060000e-001
45  0.000000e+000
46  7.993000e+000
47  1.192510e+002
48  1.162870e+002
49  1.262640e+002
50  1.303790e+002
51  1.156070e+002
52  1.218200e+002
53  9.428200e+001
54  5.160400e+001
55  0.000000e+000
56  0.000000e+000
57  0.000000e+000
58  5.961000e+000
59  7.736200e+001
60  8.442900e+001
61  7.298100e+001
62  7.902300e+001
63  7.608900e+001
64  7.532100e+001
65  7.844800e+001
66  5.905000e+001
67  0.000000e+000
68  0.000000e+000
69  2.752000e+000
70  4.200000e-002
71  2.230000e-001
72  0.000000e+000
73  2.278300e+001
74  4.113000e+001
75  6.240300e+001
76  6.363800e+001
77  6.254400e+001
78  1.764700e+001
79  0.000000e+000
80  0.000000e+000
81  0.000000e+000
82  1.336800e+001
83  7.700000e-001
84  9.094000e+000
85  2.375700e+001
86  3.627600e+001
87  3.384100e+001
88  2.903400e+001
89  2.364300e+001
90  0.000000e+000
91  0.000000e+000
92  0.000000e+000
93  0.000000e+000
94  7.036000e+000
95  3.061400e+001
96  4.574400e+001
97  6.650400e+001
98  8.150300e+001
99  1.151040e+002
100  1.058230e+002
101  8.596800e+001
102  3.423300e+001
103  1.050000e-001
104  0.000000e+000
105  0.000000e+000
106  0.000000e+000
107  1.170500e+001
108  6.690000e+000
109  2.775600e+001
110  3.214100e+001
111  2.639800e+001
112  2.008700e+001
113  4.964000e+000
114  0.000000e+000
115  0.000000e+000
116  0.000000e+000
117  0.000000e+000
118  8.921000e+000
119  1.011800e+001
120  2.309900e+001
121  3.537000e+001
122  4.230100e+001
123  7.820300e+001
124  7.526500e+001
125  4.804800e+001
126  0.000000e+000
127  0.000000e+000
128  0.000000e+000
129  7.365000e+000
130  1.200400e+001
131  2.112000e+001
132  4.341300e+001
133  3.506700e+001
134  2.857000e+001
135  3.591100e+001
136  2.223400e+001
137  8.792000e+000
138  0.000000e+000
139  0.000000e+000
140  0.000000e+000
141  0.000000e+000
142  1.097500e+001
143  2.131000e+001
144  2.450400e+001
   8 
1  2.828200e+001
2  5.989400e+001
3  7.312800e+001
4  8.972700e+001
5  6.447300e+001
6  2.056100e+001
7  0.000000e+000
8  0.000000e+000
9  0.000000e+000
10  9.959000e+000
11  0.000000e+000
12  2.420000e+000
13  3.401400e+001
14  6.107900e+001
15  9.170500e+001
16  8.608400e+001
17  8.167300e+001
18  4.905500e+001
19  0.000000e+000
20  0.000000e+000
21  0.000000e+000
22  9.460000e+000
23  6.110000e-001
24  5.306500e+001
25  6.346200e+001
26  9.101900e+001
27  9.204300e+001
28  9.612600e+001
29  1.033010e+002
30  7.565100e+001
31  0.000000e+000
32  4.603000e+000
33  0.000000e+000
34  0.000000e+000
35  1.310300e+001
36  2.842700e+001
37  3.713300e+001
38  2.929300e+001
39  5.461200e+001
40  5.981800e+001
41  4.299800e+001
42  8.294000e+000
43  3.179000e+000
44  3.060000e-001
45  0.000000e+000
46  7.993000e+000
47  1.192720e+002
48  1.163610e+002
49  1.263150e+002
50  1.304100e+002
51  1.156070e+002
52  1.218340e+002
53  9.429700e+001
54  5.161700e+001
55  0.000000e+000
56  0.000000e+000
57  0.000000e+000
58  5.961000e+000
59  7.738100e+001
60  8.449700e+001
61  7.302700e+001
62  7.907000e+001
63  7.613500e+001
64  7.536500e+001
65  7.850900e+001
66  5.910800e+001
67  0.000000e+000
68  0.000000e+000
69  2.752000e+000
70  4.200000e-002
71  2.230000e-001
72  0.000000e+000
73  2.278300e+001
74  4.113000e+001
75  6.240300e+001
76  6.364100e+001
77  6.254800e+001
78  1.765100e+001
79  0.000000e+000
80  0.000000e+000
81  0.000000e+000
82  1.336800e+001
83  7.700000e-001
84  9.094000e+000
85  2.375800e+001
86  3.629600e+001
87  3.385100e+001
88  2.904200e+001
89  2.365100e+001
90  0.000000e+000
91  0.000000e+000
92  0.000000e+000
93  0.000000e+000
94  7.036000e+000
95  3.061400e+001
96  4.574500e+001
97  6.655400e+001
98  8.162100e+001
99  1.152770e+002
100  1.059750e+002
101  8.609600e+001
102  3.434700e+001
103  1.050000e-001
104  0.000000e+000
105  0.000000e+000
106  0.000000e+000
107  1.170400e+001
108  6.689000e+000
109  2.775500e+001
110  3.214100e+001
111  2.639800e+001
112  2.008700e+001
113  4.965000e+000
114  0.000000e+000
115  0.000000e+000
116  0.000000e+000
117  0.000000e+000
118  8.921000e+000
119  1.011900e+001
120  2.309900e+001
121  3.537200e+001
122  4.232600e+001
123  7.827600e+001
124  7.534600e+001
125  4.812300e+001
126  0.000000e+000
127  0.000000e+000
128  0.000000e+000
129  7.364000e+000
130  1.199800e+001
131  2.111200e+001
132  4.340700e+001
133  3.506000e+001
134  2.856300e+001
135  3.590500e+001
136  2.222800e+001
137  8.792000e+000
138  0.000000e+000
139  0.000000e+000
140  0.000000e+000
141  0.000000e+000
142  1.097600e+001
143  2.131000e+001
144  2.450400e+001
   9 
1  2.827400e+001
2  5.988600e+001
3  7.313000e+001
4  8.974500e+001
5  6.449000e+001
6  2.057700e+001
7  0.000000e+000
8  0.000000e+000
9  0.000000e+000
10  9.958000e+000
11  0.000000e+000
12  2.420000e+000
13  3.401400e+001
14  6.109300e+001
15  9.176500e+001
16  8.615300e+001
17  8.174000e+001
18  4.911100e+001
19  0.000000e+000
20  0.000000e+000
21  0.000000e+000
22  9.458000e+000
23  6.110000e-001
24  5.307000e+001
25  6.348300e+001
26  9.113600e+001
27  9.218100e+001
28  9.626100e+001
29  1.034370e+002
30  7.576600e+001
31  0.000000e+000
32  4.601000e+000
33  0.000000e+000
34  0.000000e+000
35  1.310300e+001
36  2.842600e+001
37  3.713300e+001
38  2.929300e+001
39  5.461800e+001
40  5.982400e+001
41  4.300300e+001
42  8.299000e+000
43  3.179000e+000
44  3.060000e-001
45  0.000000e+000
46  7.993000e+000
47  1.192860e+002
48  1.164180e+002
49  1.263560e+002
50  1.304350e+002
51  1.156080e+002
52  1.218450e+002
53  9.430800e+001
54  5.162600e+001
55  0.000000e+000
56  0.000000e+000
57  0.000000e+000
58  5.961000e+000
59  7.739500e+001
60  8.455000e+001
61  7.306300e+001
62  7.910600e+001
63  7.617000e+001
64  7.539800e+001
65  7.855700e+001
66  5.915400e+001
67  0.000000e+000
68  0.000000e+000
69  2.752000e+000
70  4.200000e-002
71  2.230000e-001
72  0.000000e+000
73  2.278300e+001
74  4.113000e+001
75  6.240400e+001
76  6.364300e+001
77  6.255100e+001
78  1.765400e+001
79  0.000000e+000
80  0.000000e+000
81  0.000000e+000
82  1.336800e+001
83  7.700000e-001
84  9.094000e+000
85  2.375800e+001
86  3.631100e+001
87  3.385900e+001
88  2.904800e+001
89  2.365700e+001
90  0.000000e+000
91  0.000000e+000
92  0.000000e+000
93  0.000000e+000
94  7.036000e+000
95  3.061400e+001
96  4.574500e+001
97  6.659400e+001
98  8.171600e+001
99  1.154130e+002
100  1.060960e+002
101  8.619800e+001
102  3.443600e+001
103  1.050000e-001
104  0.000000e+000
105  0.000000e+000
106  0.000000e+000
107  1.170300e+001
108  6.687000e+000
109  2.775400e+001
110  3.214100e+001
111  2.639800e+001
112  2.008700e+001
113  4.965000e+000
114  0.000000e+000
115  0.000000e+000
116  0.000000e+000
117  0.000000e+000
118  8.921000e+000
119  1.011900e+001
120  2.309900e+001
121  3.537300e+001
122  4.234600e+001
123  7.833400e+001
124  7.541200e+001
125  4.818400e+001
126  0.000000e+000
127  0.000000e+000
128  0.000000e+000
129  7.364000e+000
130  1.199200e+001
131  2.110600e+001
132  4.340100e+001
133  3.505500e+001
134  2.855800e+001
135  3.589900e+001
136  2.222200e+001
137  8.792000e+000
138  0.000000e+000
139  0.000000e+000
140  0.000000e+000
141  0.000000e+000
142  1.097600e+001
143  2.131100e+001
144  2.450400e+001
   10 
1  2.829000e+001
2  5.990100e+001
3  7.312800e+001
4  8.971600e+001
5  6.446200e+001
6  2.055100e+001
7  0.000000e+000
8  0.000000e+000
9  0.000000e+000
10  9.960000e+000
11  0.000000e+000
12  2.420000e+000
13  3.401400e+001
14  6.106900e+001
15  9.166000e+001
16  8.603100e+001
17  8.162100e+001
18  4.901200e+001
19  0.000000e+000
20  0.000000e+000
21  0.000000e+000
22  9.462000e+000
23  6.110000e-001
24  5.306300e+001
25  6.344800e+001
26  9.093100e+001
27  9.194200e+001
28  9.602600e+001
29  1.032000e+002
30  7.556500e+001
31  0.000000e+000
32  4.605000e+000
33  0.000000e+000
34  0.000000e+000
35  1.310400e+001
36  2.842900e+001
37  3.713500e+001
38  2.929400e+001
39  5.460700e+001
40  5.981200e+001
41  4.299200e+001
42  8.288000e+000
43  3.180000e+000
44  3.070000e-001
45  0.000000e+000
46  7.994000e+000
47  1.192660e+002
48  1.163220e+002
49  1.262850e+002
50  1.303920e+002
51  1.156080e+002
52  1.218270e+002
53  9.428900e+001
54  5.161100e+001
55  0.000000e+000
56  0.000000e+000
57  0.000000e+000
58  5.962000e+000
59  7.737600e+001
60  8.446100e+001
61  7.300400e+001
62  7.904600e+001
63  7.611200e+001
64  7.534300e+001
65  7.847300e+001
66  5.907300e+001
67  0.000000e+000
68  0.000000e+000
69  2.752000e+000
70  4.200000e-002
71  2.230000e-001
72  0.000000e+000
73  2.278300e+001
74  4.113000e+001
75  6.240400e+001
76  6.363800e+001
77  6.254500e+001
78  1.764800e+001
79  0.000000e+000
80  0.000000e+000
81  0.000000e+000
82  1.336900e+001
83  7.710000e-001
84  9.095000e+000
85  2.375800e+001
86  3.628400e+001
87  3.384600e+001
88  2.903700e+001
89  2.364600e+001
90  0.000000e+000
91  0.000000e+000
92  0.000000e+000
93  0.000000e+000
94  7.036000e+000
95  3.061500e+001
96  4.574600e+001
97  6.652600e+001
98  8.155100e+001
99  1.151770e+002
100  1.058860e+002
101  8.602100e+001
102  3.428000e+001
103  1.050000e-001
104  0.000000e+000
105  0.000000e+000
106  0.000000e+000
107  1.170500e+001
108  6.690000e+000
109  2.775700e+001
110  3.214200e+001
111  2.639900e+001
112  2.008700e+001
113  4.965000e+000
114  0.000000e+000
115  0.000000e+000
116  0.000000e+000
117  0.000000e+000
118  8.921000e+000
119  1.011900e+001
120  2.310000e+001
121  3.537200e+001
122  4.231100e+001
123  7.823100e+001
124  7.529000e+001
125  4.807100e+001
126  0.000000e+000
127  0.000000e+000
128  0.000000e+000
129  7.365000e+000
130  1.200300e+001
131  2.111900e+001
132  4.341300e+001
133  3.506700e+001
134  2.857000e+001
135  3.591200e+001
136  2.223400e+001
137  8.792000e+000
138  0.000000e+000
139  0.000000e+000
140  0.000000e+000
141  0.000000e+000
142  1.097600e+001
143  2.131100e+001
144  2.450500e+001
