   1 
1  6.578400e+001
2  8.596600e+001
3  8.754700e+001
4  1.010130e+002
5  7.208700e+001
6  0.000000e+000
7  0.000000e+000
8  0.000000e+000
9  0.000000e+000
10  8.688000e+000
11  1.445500e+001
12  3.524600e+001
13  5.611400e+001
14  7.846800e+001
15  1.184380e+002
16  1.066260e+002
17  9.235900e+001
18  1.934100e+001
19  0.000000e+000
20  0.000000e+000
21  0.000000e+000
22  1.402500e+001
23  1.363000e+001
24  7.656400e+001
25  9.799000e+001
26  1.135690e+002
27  1.045930e+002
28  1.055900e+002
29  9.496600e+001
30  5.050100e+001
31  0.000000e+000
32  0.000000e+000
33  0.000000e+000
34  0.000000e+000
35  6.088000e+000
36  2.601400e+001
37  4.294100e+001
38  4.909300e+001
39  8.361400e+001
40  9.562700e+001
41  8.494400e+001
42  2.007000e+001
43  0.000000e+000
44  0.000000e+000
45  0.000000e+000
46  1.555700e+001
47  1.092330e+002
48  1.253020e+002
49  1.306350e+002
50  1.272660e+002
51  1.173720e+002
52  1.100150e+002
53  8.068000e+001
54  2.020000e-001
55  0.000000e+000
56  0.000000e+000
57  2.200000e-002
58  3.548000e+000
59  7.345400e+001
60  6.995100e+001
61  7.264800e+001
62  6.591900e+001
63  5.976400e+001
64  7.020300e+001
65  4.048400e+001
66  0.000000e+000
67  0.000000e+000
68  0.000000e+000
69  6.061000e+000
70  1.414000e+000
71  3.130000e-001
72  0.000000e+000
73  2.417800e+001
74  2.917200e+001
75  5.288500e+001
76  5.966200e+001
77  3.827200e+001
78  0.000000e+000
79  0.000000e+000
80  0.000000e+000
81  3.317000e+000
82  1.041400e+001
83  2.097500e+001
84  2.624400e+001
85  3.095800e+001
86  4.818800e+001
87  4.147300e+001
88  2.806200e+001
89  3.675100e+001
90  0.000000e+000
91  0.000000e+000
92  0.000000e+000
93  0.000000e+000
94  6.190000e-001
95  3.622400e+001
96  3.906700e+001
97  6.783500e+001
98  9.277400e+001
99  9.939300e+001
100  9.867000e+001
101  7.812700e+001
102  0.000000e+000
103  0.000000e+000
104  0.000000e+000
105  0.000000e+000
106  1.357000e+000
107  1.073900e+001
108  1.448300e+001
109  4.003100e+001
110  3.065800e+001
111  2.384500e+001
112  2.035000e+001
113  0.000000e+000
114  0.000000e+000
115  0.000000e+000
116  0.000000e+000
117  2.000000e-003
118  8.357000e+000
119  2.720600e+001
120  2.418600e+001
121  3.284100e+001
122  3.257000e+001
123  7.273100e+001
124  6.286700e+001
125  3.086000e+001
126  0.000000e+000
127  0.000000e+000
128  0.000000e+000
129  5.459000e+000
130  8.538000e+000
131  3.150000e+001
132  6.128400e+001
133  5.511900e+001
134  4.368400e+001
135  4.530100e+001
136  3.305600e+001
137  2.628000e+000
138  0.000000e+000
139  0.000000e+000
140  0.000000e+000
141  1.336000e+000
142  1.275000e+000
143  2.189200e+001
144  4.982500e+001
   2 
1  6.572000e+001
2  8.536600e+001
3  8.695200e+001
4  1.003300e+002
5  7.149100e+001
6  0.000000e+000
7  0.000000e+000
8  0.000000e+000
9  0.000000e+000
10  8.689000e+000
11  1.445500e+001
12  3.524800e+001
13  5.612000e+001
14  7.842800e+001
15  1.184380e+002
16  1.066230e+002
17  9.232500e+001
18  1.931600e+001
19  0.000000e+000
20  0.000000e+000
21  0.000000e+000
22  1.402600e+001
23  1.363100e+001
24  7.647500e+001
25  9.743000e+001
26  1.125260e+002
27  1.035250e+002
28  1.045550e+002
29  9.403300e+001
30  4.968600e+001
31  0.000000e+000
32  0.000000e+000
33  0.000000e+000
34  0.000000e+000
35  6.094000e+000
36  2.602200e+001
37  4.292700e+001
38  4.885400e+001
39  8.324900e+001
40  9.527200e+001
41  8.457900e+001
42  1.973300e+001
43  0.000000e+000
44  0.000000e+000
45  0.000000e+000
46  1.555800e+001
47  1.091090e+002
48  1.253420e+002
49  1.305750e+002
50  1.271580e+002
51  1.173750e+002
52  1.100040e+002
53  8.067800e+001
54  2.010000e-001
55  0.000000e+000
56  0.000000e+000
57  2.200000e-002
58  3.549000e+000
59  7.336000e+001
60  6.985800e+001
61  7.255800e+001
62  6.583000e+001
63  5.967800e+001
64  7.009900e+001
65  4.038500e+001
66  0.000000e+000
67  0.000000e+000
68  0.000000e+000
69  6.061000e+000
70  1.414000e+000
71  3.130000e-001
72  0.000000e+000
73  2.418000e+001
74  2.914400e+001
75  5.286100e+001
76  5.963600e+001
77  3.824700e+001
78  0.000000e+000
79  0.000000e+000
80  0.000000e+000
81  3.318000e+000
82  1.041500e+001
83  2.097700e+001
84  2.624600e+001
85  3.096000e+001
86  4.772100e+001
87  4.098500e+001
88  2.759800e+001
89  3.630500e+001
90  0.000000e+000
91  0.000000e+000
92  0.000000e+000
93  0.000000e+000
94  6.190000e-001
95  3.622600e+001
96  3.907000e+001
97  6.772700e+001
98  9.195200e+001
99  9.853000e+001
100  9.785800e+001
101  7.742400e+001
102  0.000000e+000
103  0.000000e+000
104  0.000000e+000
105  0.000000e+000
106  1.366000e+000
107  1.074800e+001
108  1.449100e+001
109  4.004000e+001
110  3.066600e+001
111  2.385200e+001
112  2.035800e+001
113  0.000000e+000
114  0.000000e+000
115  0.000000e+000
116  0.000000e+000
117  2.000000e-003
118  8.357000e+000
119  2.720700e+001
120  2.418800e+001
121  3.284300e+001
122  3.254300e+001
123  7.240500e+001
124  6.254300e+001
125  3.055200e+001
126  0.000000e+000
127  0.000000e+000
128  0.000000e+000
129  5.459000e+000
130  8.537000e+000
131  3.149800e+001
132  6.128100e+001
133  5.511000e+001
134  4.367000e+001
135  4.528600e+001
136  3.304200e+001
137  2.615000e+000
138  0.000000e+000
139  0.000000e+000
140  0.000000e+000
141  1.337000e+000
142  1.275000e+000
143  2.189400e+001
144  4.982800e+001
   3 
1  6.572000e+001
2  8.537300e+001
3  8.695800e+001
4  1.003370e+002
5  7.149700e+001
6  0.000000e+000
7  0.000000e+000
8  0.000000e+000
9  0.000000e+000
10  8.688000e+000
11  1.445500e+001
12  3.524800e+001
13  5.611900e+001
14  7.842800e+001
15  1.184370e+002
16  1.066230e+002
17  9.232500e+001
18  1.931600e+001
19  0.000000e+000
20  0.000000e+000
21  0.000000e+000
22  1.402600e+001
23  1.363100e+001
24  7.647600e+001
25  9.743600e+001
26  1.125380e+002
27  1.035380e+002
28  1.045680e+002
29  9.404500e+001
30  4.969700e+001
31  0.000000e+000
32  0.000000e+000
33  0.000000e+000
34  0.000000e+000
35  6.094000e+000
36  2.602200e+001
37  4.292700e+001
38  4.885600e+001
39  8.325300e+001
40  9.527600e+001
41  8.458400e+001
42  1.973700e+001
43  0.000000e+000
44  0.000000e+000
45  0.000000e+000
46  1.555800e+001
47  1.091090e+002
48  1.253410e+002
49  1.305760e+002
50  1.271600e+002
51  1.173740e+002
52  1.100040e+002
53  8.067800e+001
54  2.010000e-001
55  0.000000e+000
56  0.000000e+000
57  2.200000e-002
58  3.549000e+000
59  7.336000e+001
60  6.985900e+001
61  7.255800e+001
62  6.583000e+001
63  5.967800e+001
64  7.010000e+001
65  4.038500e+001
66  0.000000e+000
67  0.000000e+000
68  0.000000e+000
69  6.061000e+000
70  1.414000e+000
71  3.130000e-001
72  0.000000e+000
73  2.418000e+001
74  2.914400e+001
75  5.286100e+001
76  5.963700e+001
77  3.824800e+001
78  0.000000e+000
79  0.000000e+000
80  0.000000e+000
81  3.318000e+000
82  1.041500e+001
83  2.097700e+001
84  2.624600e+001
85  3.095900e+001
86  4.772700e+001
87  4.099100e+001
88  2.760400e+001
89  3.631000e+001
90  0.000000e+000
91  0.000000e+000
92  0.000000e+000
93  0.000000e+000
94  6.190000e-001
95  3.622600e+001
96  3.906900e+001
97  6.772800e+001
98  9.196100e+001
99  9.854100e+001
100  9.786800e+001
101  7.743200e+001
102  0.000000e+000
103  0.000000e+000
104  0.000000e+000
105  0.000000e+000
106  1.366000e+000
107  1.074800e+001
108  1.449100e+001
109  4.003900e+001
110  3.066600e+001
111  2.385200e+001
112  2.035700e+001
113  0.000000e+000
114  0.000000e+000
115  0.000000e+000
116  0.000000e+000
117  2.000000e-003
118  8.357000e+000
119  2.720700e+001
120  2.418800e+001
121  3.284200e+001
122  3.254300e+001
123  7.240900e+001
124  6.254900e+001
125  3.055700e+001
126  0.000000e+000
127  0.000000e+000
128  0.000000e+000
129  5.459000e+000
130  8.537000e+000
131  3.149700e+001
132  6.128100e+001
133  5.511000e+001
134  4.367100e+001
135  4.528700e+001
136  3.304300e+001
137  2.615000e+000
138  0.000000e+000
139  0.000000e+000
140  0.000000e+000
141  1.336000e+000
142  1.275000e+000
143  2.189400e+001
144  4.982800e+001
   4 
1  6.615000e+001
2  8.581300e+001
3  8.780900e+001
4  1.013630e+002
5  7.280000e+001
6  0.000000e+000
7  0.000000e+000
8  0.000000e+000
9  0.000000e+000
10  8.694000e+000
11  1.435900e+001
12  3.490800e+001
13  5.560400e+001
14  7.802500e+001
15  1.156620e+002
16  1.042220e+002
17  9.071300e+001
18  1.818500e+001
19  0.000000e+000
20  0.000000e+000
21  0.000000e+000
22  1.396300e+001
23  1.341500e+001
24  7.630200e+001
25  9.737900e+001
26  1.125650e+002
27  1.037530e+002
28  1.051890e+002
29  9.525600e+001
30  5.109600e+001
31  0.000000e+000
32  0.000000e+000
33  0.000000e+000
34  0.000000e+000
35  6.172000e+000
36  2.580300e+001
37  4.248200e+001
38  4.850900e+001
39  8.329400e+001
40  9.600100e+001
41  8.608400e+001
42  2.139700e+001
43  0.000000e+000
44  0.000000e+000
45  0.000000e+000
46  1.553600e+001
47  1.092340e+002
48  1.224650e+002
49  1.277790e+002
50  1.243250e+002
51  1.146300e+002
52  1.083250e+002
53  7.920100e+001
54  0.000000e+000
55  0.000000e+000
56  0.000000e+000
57  2.000000e-003
58  3.570000e+000
59  7.349900e+001
60  7.020600e+001
61  7.313000e+001
62  6.674200e+001
63  6.101900e+001
64  7.176300e+001
65  4.270100e+001
66  0.000000e+000
67  0.000000e+000
68  0.000000e+000
69  6.126000e+000
70  1.419000e+000
71  2.690000e-001
72  0.000000e+000
73  2.406200e+001
74  2.850600e+001
75  5.233100e+001
76  5.980400e+001
77  3.912200e+001
78  0.000000e+000
79  0.000000e+000
80  0.000000e+000
81  3.369000e+000
82  1.037000e+001
83  2.059700e+001
84  2.556900e+001
85  3.012900e+001
86  4.812200e+001
87  4.192900e+001
88  2.926900e+001
89  3.880700e+001
90  0.000000e+000
91  0.000000e+000
92  0.000000e+000
93  0.000000e+000
94  5.740000e-001
95  3.622200e+001
96  3.922500e+001
97  6.786600e+001
98  9.215200e+001
99  9.903200e+001
100  9.869400e+001
101  7.860800e+001
102  0.000000e+000
103  0.000000e+000
104  0.000000e+000
105  0.000000e+000
106  1.427000e+000
107  1.080600e+001
108  1.453400e+001
109  3.991800e+001
110  3.093700e+001
111  2.477300e+001
112  2.155700e+001
113  0.000000e+000
114  0.000000e+000
115  0.000000e+000
116  0.000000e+000
117  2.000000e-003
118  8.442000e+000
119  2.684200e+001
120  2.358000e+001
121  3.157700e+001
122  3.088700e+001
123  7.097800e+001
124  6.178900e+001
125  3.045700e+001
126  0.000000e+000
127  0.000000e+000
128  0.000000e+000
129  5.612000e+000
130  8.731000e+000
131  3.110200e+001
132  6.047800e+001
133  5.454900e+001
134  4.343100e+001
135  4.542800e+001
136  3.364700e+001
137  3.512000e+000
138  0.000000e+000
139  0.000000e+000
140  0.000000e+000
141  1.509000e+000
142  1.346000e+000
143  2.182800e+001
144  4.970800e+001
   5 
1  6.574500e+001
2  8.565200e+001
3  8.723800e+001
4  1.006520e+002
5  7.177200e+001
6  0.000000e+000
7  0.000000e+000
8  0.000000e+000
9  0.000000e+000
10  8.688000e+000
11  1.445400e+001
12  3.524600e+001
13  5.611400e+001
14  7.846700e+001
15  1.184380e+002
16  1.066230e+002
17  9.233900e+001
18  1.932700e+001
19  0.000000e+000
20  0.000000e+000
21  0.000000e+000
22  1.402500e+001
23  1.363000e+001
24  7.651200e+001
25  9.767600e+001
26  1.129810e+002
27  1.040310e+002
28  1.050420e+002
29  9.447100e+001
30  5.006900e+001
31  0.000000e+000
32  0.000000e+000
33  0.000000e+000
34  0.000000e+000
35  6.090000e+000
36  2.601700e+001
37  4.294300e+001
38  4.901200e+001
39  8.346300e+001
40  9.547900e+001
41  8.478700e+001
42  1.992500e+001
43  0.000000e+000
44  0.000000e+000
45  0.000000e+000
46  1.555700e+001
47  1.091600e+002
48  1.253010e+002
49  1.305740e+002
50  1.272350e+002
51  1.173710e+002
52  1.100070e+002
53  8.067800e+001
54  2.020000e-001
55  0.000000e+000
56  0.000000e+000
57  2.200000e-002
58  3.548000e+000
59  7.340000e+001
60  6.989800e+001
61  7.259600e+001
62  6.586700e+001
63  5.971400e+001
64  7.014400e+001
65  4.042800e+001
66  0.000000e+000
67  0.000000e+000
68  0.000000e+000
69  6.061000e+000
70  1.414000e+000
71  3.130000e-001
72  0.000000e+000
73  2.417800e+001
74  2.917200e+001
75  5.288500e+001
76  5.966200e+001
77  3.827200e+001
78  0.000000e+000
79  0.000000e+000
80  0.000000e+000
81  3.317000e+000
82  1.041400e+001
83  2.097500e+001
84  2.624400e+001
85  3.095800e+001
86  4.794400e+001
87  4.123200e+001
88  2.782700e+001
89  3.652300e+001
90  0.000000e+000
91  0.000000e+000
92  0.000000e+000
93  0.000000e+000
94  6.190000e-001
95  3.622300e+001
96  3.906700e+001
97  6.778200e+001
98  9.234000e+001
99  9.895600e+001
100  9.825600e+001
101  7.777000e+001
102  0.000000e+000
103  0.000000e+000
104  0.000000e+000
105  0.000000e+000
106  1.357000e+000
107  1.073900e+001
108  1.448300e+001
109  4.003100e+001
110  3.065800e+001
111  2.384400e+001
112  2.035000e+001
113  0.000000e+000
114  0.000000e+000
115  0.000000e+000
116  0.000000e+000
117  2.000000e-003
118  8.357000e+000
119  2.720500e+001
120  2.418600e+001
121  3.284100e+001
122  3.257000e+001
123  7.256600e+001
124  6.271100e+001
125  3.071300e+001
126  0.000000e+000
127  0.000000e+000
128  0.000000e+000
129  5.459000e+000
130  8.537000e+000
131  3.149800e+001
132  6.128000e+001
133  5.511500e+001
134  4.367900e+001
135  4.529700e+001
136  3.305300e+001
137  2.625000e+000
138  0.000000e+000
139  0.000000e+000
140  0.000000e+000
141  1.336000e+000
142  1.275000e+000
143  2.189200e+001
144  4.982500e+001
   6 
1  6.577800e+001
2  8.591800e+001
3  8.749900e+001
4  1.009570e+002
5  7.203800e+001
6  0.000000e+000
7  0.000000e+000
8  0.000000e+000
9  0.000000e+000
10  8.688000e+000
11  1.445500e+001
12  3.524600e+001
13  5.611400e+001
14  7.846800e+001
15  1.184380e+002
16  1.066250e+002
17  9.235600e+001
18  1.933900e+001
19  0.000000e+000
20  0.000000e+000
21  0.000000e+000
22  1.402500e+001
23  1.363000e+001
24  7.655500e+001
25  9.794200e+001
26  1.134790e+002
27  1.045090e+002
28  1.055090e+002
29  9.489200e+001
30  5.043700e+001
31  0.000000e+000
32  0.000000e+000
33  0.000000e+000
34  0.000000e+000
35  6.088000e+000
36  2.601400e+001
37  4.294100e+001
38  4.908000e+001
39  8.359200e+001
40  9.560500e+001
41  8.492100e+001
42  2.004900e+001
43  0.000000e+000
44  0.000000e+000
45  0.000000e+000
46  1.555700e+001
47  1.092210e+002
48  1.253000e+002
49  1.306260e+002
50  1.272620e+002
51  1.173710e+002
52  1.100130e+002
53  8.068000e+001
54  2.020000e-001
55  0.000000e+000
56  0.000000e+000
57  2.200000e-002
58  3.548000e+000
59  7.344500e+001
60  6.994200e+001
61  7.263900e+001
62  6.591000e+001
63  5.975500e+001
64  7.019300e+001
65  4.047400e+001
66  0.000000e+000
67  0.000000e+000
68  0.000000e+000
69  6.061000e+000
70  1.414000e+000
71  3.130000e-001
72  0.000000e+000
73  2.417800e+001
74  2.917100e+001
75  5.288500e+001
76  5.966200e+001
77  3.827200e+001
78  0.000000e+000
79  0.000000e+000
80  0.000000e+000
81  3.317000e+000
82  1.041400e+001
83  2.097500e+001
84  2.624400e+001
85  3.095700e+001
86  4.815100e+001
87  4.143700e+001
88  2.802700e+001
89  3.671700e+001
90  0.000000e+000
91  0.000000e+000
92  0.000000e+000
93  0.000000e+000
94  6.190000e-001
95  3.622300e+001
96  3.906700e+001
97  6.782600e+001
98  9.270800e+001
99  9.932700e+001
100  9.860700e+001
101  7.807300e+001
102  0.000000e+000
103  0.000000e+000
104  0.000000e+000
105  0.000000e+000
106  1.357000e+000
107  1.073900e+001
108  1.448300e+001
109  4.003100e+001
110  3.065800e+001
111  2.384400e+001
112  2.035000e+001
113  0.000000e+000
114  0.000000e+000
115  0.000000e+000
116  0.000000e+000
117  2.000000e-003
118  8.357000e+000
119  2.720500e+001
120  2.418600e+001
121  3.284100e+001
122  3.257000e+001
123  7.270700e+001
124  6.284600e+001
125  3.084000e+001
126  0.000000e+000
127  0.000000e+000
128  0.000000e+000
129  5.459000e+000
130  8.538000e+000
131  3.149900e+001
132  6.128300e+001
133  5.511900e+001
134  4.368300e+001
135  4.530100e+001
136  3.305600e+001
137  2.628000e+000
138  0.000000e+000
139  0.000000e+000
140  0.000000e+000
141  1.336000e+000
142  1.275000e+000
143  2.189200e+001
144  4.982400e+001
   7 
1  6.580400e+001
2  8.614100e+001
3  8.771900e+001
4  1.012140e+002
5  7.226200e+001
6  0.000000e+000
7  0.000000e+000
8  0.000000e+000
9  0.000000e+000
10  8.688000e+000
11  1.445500e+001
12  3.524600e+001
13  5.611400e+001
14  7.846800e+001
15  1.184390e+002
16  1.066270e+002
17  9.236900e+001
18  1.934800e+001
19  0.000000e+000
20  0.000000e+000
21  0.000000e+000
22  1.402500e+001
23  1.363000e+001
24  7.659000e+001
25  9.816500e+001
26  1.139000e+002
27  1.049130e+002
28  1.059040e+002
29  9.524800e+001
30  5.074700e+001
31  0.000000e+000
32  0.000000e+000
33  0.000000e+000
34  0.000000e+000
35  6.086000e+000
36  2.601200e+001
37  4.293900e+001
38  4.913700e+001
39  8.369900e+001
40  9.570900e+001
41  8.503200e+001
42  2.015100e+001
43  0.000000e+000
44  0.000000e+000
45  0.000000e+000
46  1.555700e+001
47  1.092690e+002
48  1.252990e+002
49  1.306690e+002
50  1.272820e+002
51  1.173710e+002
52  1.100170e+002
53  8.068100e+001
54  2.030000e-001
55  0.000000e+000
56  0.000000e+000
57  2.200000e-002
58  3.548000e+000
59  7.348000e+001
60  6.997700e+001
61  7.267400e+001
62  6.594400e+001
63  5.978800e+001
64  7.023200e+001
65  4.051100e+001
66  0.000000e+000
67  0.000000e+000
68  0.000000e+000
69  6.061000e+000
70  1.413000e+000
71  3.130000e-001
72  0.000000e+000
73  2.417800e+001
74  2.917100e+001
75  5.288500e+001
76  5.966200e+001
77  3.827300e+001
78  0.000000e+000
79  0.000000e+000
80  0.000000e+000
81  3.317000e+000
82  1.041400e+001
83  2.097500e+001
84  2.624300e+001
85  3.095700e+001
86  4.832400e+001
87  4.160900e+001
88  2.819600e+001
89  3.688000e+001
90  0.000000e+000
91  0.000000e+000
92  0.000000e+000
93  0.000000e+000
94  6.190000e-001
95  3.622300e+001
96  3.906600e+001
97  6.786200e+001
98  9.302000e+001
99  9.964100e+001
100  9.890400e+001
101  7.832900e+001
102  0.000000e+000
103  0.000000e+000
104  0.000000e+000
105  0.000000e+000
106  1.357000e+000
107  1.073900e+001
108  1.448300e+001
109  4.003100e+001
110  3.065800e+001
111  2.384400e+001
112  2.034900e+001
113  0.000000e+000
114  0.000000e+000
115  0.000000e+000
116  0.000000e+000
117  2.000000e-003
118  8.357000e+000
119  2.720500e+001
120  2.418600e+001
121  3.284000e+001
122  3.257000e+001
123  7.282500e+001
124  6.296000e+001
125  3.094900e+001
126  0.000000e+000
127  0.000000e+000
128  0.000000e+000
129  5.459000e+000
130  8.538000e+000
131  3.150100e+001
132  6.128500e+001
133  5.512200e+001
134  4.368700e+001
135  4.530500e+001
136  3.306000e+001
137  2.632000e+000
138  0.000000e+000
139  0.000000e+000
140  0.000000e+000
141  1.336000e+000
142  1.275000e+000
143  2.189200e+001
144  4.982400e+001
   8 
1  6.581800e+001
2  8.624300e+001
3  8.781900e+001
4  1.013300e+002
5  7.236300e+001
6  0.000000e+000
7  0.000000e+000
8  0.000000e+000
9  0.000000e+000
10  8.689000e+000
11  1.445500e+001
12  3.524700e+001
13  5.611500e+001
14  7.846900e+001
15  1.184390e+002
16  1.066280e+002
17  9.237500e+001
18  1.935300e+001
19  0.000000e+000
20  0.000000e+000
21  0.000000e+000
22  1.402500e+001
23  1.363000e+001
24  7.660700e+001
25  9.826600e+001
26  1.140890e+002
27  1.050890e+002
28  1.060740e+002
29  9.540200e+001
30  5.088100e+001
31  0.000000e+000
32  0.000000e+000
33  0.000000e+000
34  0.000000e+000
35  6.085000e+000
36  2.601200e+001
37  4.293900e+001
38  4.916300e+001
39  8.374500e+001
40  9.575400e+001
41  8.507900e+001
42  2.019400e+001
43  0.000000e+000
44  0.000000e+000
45  0.000000e+000
46  1.555700e+001
47  1.092940e+002
48  1.253020e+002
49  1.306890e+002
50  1.272920e+002
51  1.173730e+002
52  1.100200e+002
53  8.068200e+001
54  2.030000e-001
55  0.000000e+000
56  0.000000e+000
57  2.200000e-002
58  3.548000e+000
59  7.349800e+001
60  6.999500e+001
61  7.269200e+001
62  6.596200e+001
63  5.980500e+001
64  7.025200e+001
65  4.053000e+001
66  0.000000e+000
67  0.000000e+000
68  0.000000e+000
69  6.061000e+000
70  1.414000e+000
71  3.130000e-001
72  0.000000e+000
73  2.417800e+001
74  2.917200e+001
75  5.288500e+001
76  5.966200e+001
77  3.827200e+001
78  0.000000e+000
79  0.000000e+000
80  0.000000e+000
81  3.317000e+000
82  1.041400e+001
83  2.097500e+001
84  2.624400e+001
85  3.095700e+001
86  4.840100e+001
87  4.168400e+001
88  2.826900e+001
89  3.695100e+001
90  0.000000e+000
91  0.000000e+000
92  0.000000e+000
93  0.000000e+000
94  6.190000e-001
95  3.622400e+001
96  3.906700e+001
97  6.787900e+001
98  9.315900e+001
99  9.977900e+001
100  9.903400e+001
101  7.844100e+001
102  0.000000e+000
103  0.000000e+000
104  0.000000e+000
105  0.000000e+000
106  1.357000e+000
107  1.073900e+001
108  1.448400e+001
109  4.003200e+001
110  3.065900e+001
111  2.384500e+001
112  2.035000e+001
113  0.000000e+000
114  0.000000e+000
115  0.000000e+000
116  0.000000e+000
117  2.000000e-003
118  8.357000e+000
119  2.720500e+001
120  2.418600e+001
121  3.284100e+001
122  3.257000e+001
123  7.287500e+001
124  6.300500e+001
125  3.099000e+001
126  0.000000e+000
127  0.000000e+000
128  0.000000e+000
129  5.459000e+000
130  8.539000e+000
131  3.150200e+001
132  6.128700e+001
133  5.512300e+001
134  4.368800e+001
135  4.530500e+001
136  3.305900e+001
137  2.631000e+000
138  0.000000e+000
139  0.000000e+000
140  0.000000e+000
141  1.336000e+000
142  1.275000e+000
143  2.189200e+001
144  4.982500e+001
   9 
1  6.582800e+001
2  8.632300e+001
3  8.789800e+001
4  1.014220e+002
5  7.244300e+001
6  0.000000e+000
7  0.000000e+000
8  0.000000e+000
9  0.000000e+000
10  8.689000e+000
11  1.445600e+001
12  3.524700e+001
13  5.611500e+001
14  7.847000e+001
15  1.184390e+002
16  1.066300e+002
17  9.238000e+001
18  1.935700e+001
19  0.000000e+000
20  0.000000e+000
21  0.000000e+000
22  1.402500e+001
23  1.363000e+001
24  7.662000e+001
25  9.834600e+001
26  1.142390e+002
27  1.052300e+002
28  1.062110e+002
29  9.552500e+001
30  5.098900e+001
31  0.000000e+000
32  0.000000e+000
33  0.000000e+000
34  0.000000e+000
35  6.078000e+000
36  2.600400e+001
37  4.293200e+001
38  4.917600e+001
39  8.377600e+001
40  9.578400e+001
41  8.511100e+001
42  2.022400e+001
43  0.000000e+000
44  0.000000e+000
45  0.000000e+000
46  1.555700e+001
47  1.093120e+002
48  1.253030e+002
49  1.307040e+002
50  1.273000e+002
51  1.173730e+002
52  1.100220e+002
53  8.068200e+001
54  2.030000e-001
55  0.000000e+000
56  0.000000e+000
57  2.200000e-002
58  3.548000e+000
59  7.351200e+001
60  7.000800e+001
61  7.270500e+001
62  6.597500e+001
63  5.981800e+001
64  7.026600e+001
65  4.054300e+001
66  0.000000e+000
67  0.000000e+000
68  0.000000e+000
69  6.061000e+000
70  1.414000e+000
71  3.130000e-001
72  0.000000e+000
73  2.417900e+001
74  2.917200e+001
75  5.288500e+001
76  5.966200e+001
77  3.827200e+001
78  0.000000e+000
79  0.000000e+000
80  0.000000e+000
81  3.317000e+000
82  1.041400e+001
83  2.097600e+001
84  2.624400e+001
85  3.095800e+001
86  4.846200e+001
87  4.174400e+001
88  2.832700e+001
89  3.700800e+001
90  0.000000e+000
91  0.000000e+000
92  0.000000e+000
93  0.000000e+000
94  6.190000e-001
95  3.622400e+001
96  3.906700e+001
97  6.789100e+001
98  9.326900e+001
99  9.989000e+001
100  9.913800e+001
101  7.853100e+001
102  0.000000e+000
103  0.000000e+000
104  0.000000e+000
105  0.000000e+000
106  1.357000e+000
107  1.073900e+001
108  1.448400e+001
109  4.003200e+001
110  3.065900e+001
111  2.384600e+001
112  2.035100e+001
113  0.000000e+000
114  0.000000e+000
115  0.000000e+000
116  0.000000e+000
117  2.000000e-003
118  8.357000e+000
119  2.720600e+001
120  2.418700e+001
121  3.284100e+001
122  3.257000e+001
123  7.291600e+001
124  6.304200e+001
125  3.102500e+001
126  0.000000e+000
127  0.000000e+000
128  0.000000e+000
129  5.459000e+000
130  8.539000e+000
131  3.150300e+001
132  6.128800e+001
133  5.512400e+001
134  4.368800e+001
135  4.530500e+001
136  3.306000e+001
137  2.631000e+000
138  0.000000e+000
139  0.000000e+000
140  0.000000e+000
141  1.336000e+000
142  1.275000e+000
143  2.189200e+001
144  4.982500e+001
   10 
1  6.581300e+001
2  8.618500e+001
3  8.776300e+001
4  1.012650e+002
5  7.230600e+001
6  0.000000e+000
7  0.000000e+000
8  0.000000e+000
9  0.000000e+000
10  8.689000e+000
11  1.445600e+001
12  3.524800e+001
13  5.611600e+001
14  7.847000e+001
15  1.184390e+002
16  1.066290e+002
17  9.237200e+001
18  1.935100e+001
19  0.000000e+000
20  0.000000e+000
21  0.000000e+000
22  1.402500e+001
23  1.363000e+001
24  7.660100e+001
25  9.820900e+001
26  1.139790e+002
27  1.049780e+002
28  1.059660e+002
29  9.530400e+001
30  5.079700e+001
31  0.000000e+000
32  0.000000e+000
33  0.000000e+000
34  0.000000e+000
35  6.086000e+000
36  2.601300e+001
37  4.294000e+001
38  4.914800e+001
39  8.371600e+001
40  9.572500e+001
41  8.504800e+001
42  2.016500e+001
43  0.000000e+000
44  0.000000e+000
45  0.000000e+000
46  1.555700e+001
47  1.092850e+002
48  1.253050e+002
49  1.306770e+002
50  1.272870e+002
51  1.173740e+002
52  1.100200e+002
53  8.068200e+001
54  2.030000e-001
55  0.000000e+000
56  0.000000e+000
57  2.200000e-002
58  3.549000e+000
59  7.349100e+001
60  6.998800e+001
61  7.268600e+001
62  6.595500e+001
63  5.979900e+001
64  7.024400e+001
65  4.052200e+001
66  0.000000e+000
67  0.000000e+000
68  0.000000e+000
69  6.061000e+000
70  1.414000e+000
71  3.130000e-001
72  0.000000e+000
73  2.417900e+001
74  2.917200e+001
75  5.288500e+001
76  5.966100e+001
77  3.827200e+001
78  0.000000e+000
79  0.000000e+000
80  0.000000e+000
81  3.317000e+000
82  1.041400e+001
83  2.097600e+001
84  2.624500e+001
85  3.095800e+001
86  4.835500e+001
87  4.163800e+001
88  2.822300e+001
89  3.690700e+001
90  0.000000e+000
91  0.000000e+000
92  0.000000e+000
93  0.000000e+000
94  6.190000e-001
95  3.622500e+001
96  3.906800e+001
97  6.787000e+001
98  9.307500e+001
99  9.969400e+001
100  9.895500e+001
101  7.837300e+001
102  0.000000e+000
103  0.000000e+000
104  0.000000e+000
105  0.000000e+000
106  1.357000e+000
107  1.074000e+001
108  1.448400e+001
109  4.003300e+001
110  3.066000e+001
111  2.384600e+001
112  2.035100e+001
113  0.000000e+000
114  0.000000e+000
115  0.000000e+000
116  0.000000e+000
117  2.000000e-003
118  8.357000e+000
119  2.720600e+001
120  2.418700e+001
121  3.284100e+001
122  3.257100e+001
123  7.284300e+001
124  6.296900e+001
125  3.095600e+001
126  0.000000e+000
127  0.000000e+000
128  0.000000e+000
129  5.459000e+000
130  8.539000e+000
131  3.150200e+001
132  6.128800e+001
133  5.512200e+001
134  4.368500e+001
135  4.530200e+001
136  3.305600e+001
137  2.628000e+000
138  0.000000e+000
139  0.000000e+000
140  0.000000e+000
141  1.336000e+000
142  1.275000e+000
143  2.189300e+001
144  4.982600e+001
