   1 
1  6.566200e+001
2  8.583300e+001
3  8.738600e+001
4  1.008180e+002
5  7.192400e+001
6  0.000000e+000
7  0.000000e+000
8  0.000000e+000
9  0.000000e+000
10  8.677000e+000
11  1.443700e+001
12  3.520700e+001
13  5.606800e+001
14  7.839700e+001
15  1.184380e+002
16  1.066220e+002
17  9.234400e+001
18  1.932900e+001
19  0.000000e+000
20  0.000000e+000
21  0.000000e+000
22  1.400700e+001
23  1.361500e+001
24  7.641700e+001
25  9.786500e+001
26  1.134230e+002
27  1.044820e+002
28  1.054710e+002
29  9.484400e+001
30  5.038900e+001
31  0.000000e+000
32  0.000000e+000
33  0.000000e+000
34  0.000000e+000
35  6.080000e+000
36  2.598400e+001
37  4.291900e+001
38  4.906800e+001
39  8.349100e+001
40  9.547700e+001
41  8.477800e+001
42  1.991800e+001
43  0.000000e+000
44  0.000000e+000
45  0.000000e+000
46  1.553800e+001
47  1.090030e+002
48  1.252910e+002
49  1.306380e+002
50  1.272630e+002
51  1.173670e+002
52  1.099950e+002
53  8.067100e+001
54  2.000000e-001
55  0.000000e+000
56  0.000000e+000
57  2.200000e-002
58  3.542000e+000
59  7.330500e+001
60  6.980800e+001
61  7.249100e+001
62  6.575800e+001
63  5.960000e+001
64  7.001100e+001
65  4.029800e+001
66  0.000000e+000
67  0.000000e+000
68  0.000000e+000
69  6.051000e+000
70  1.408000e+000
71  3.130000e-001
72  0.000000e+000
73  2.416000e+001
74  2.915400e+001
75  5.280100e+001
76  5.952200e+001
77  3.813300e+001
78  0.000000e+000
79  0.000000e+000
80  0.000000e+000
81  3.311000e+000
82  1.039800e+001
83  2.095000e+001
84  2.621900e+001
85  3.093000e+001
86  4.816100e+001
87  4.143100e+001
88  2.802000e+001
89  3.665700e+001
90  0.000000e+000
91  0.000000e+000
92  0.000000e+000
93  0.000000e+000
94  6.190000e-001
95  3.617600e+001
96  3.901300e+001
97  6.776300e+001
98  9.268800e+001
99  9.926900e+001
100  9.854000e+001
101  7.800700e+001
102  0.000000e+000
103  0.000000e+000
104  0.000000e+000
105  0.000000e+000
106  1.353000e+000
107  1.072400e+001
108  1.446500e+001
109  3.997600e+001
110  3.060500e+001
111  2.378800e+001
112  2.028600e+001
113  0.000000e+000
114  0.000000e+000
115  0.000000e+000
116  0.000000e+000
117  2.000000e-003
118  8.347000e+000
119  2.717700e+001
120  2.416600e+001
121  3.281800e+001
122  3.255700e+001
123  7.262300e+001
124  6.277700e+001
125  3.077800e+001
126  0.000000e+000
127  0.000000e+000
128  0.000000e+000
129  5.452000e+000
130  8.525000e+000
131  3.146500e+001
132  6.119100e+001
133  5.503700e+001
134  4.361100e+001
135  4.521800e+001
136  3.297900e+001
137  2.549000e+000
138  0.000000e+000
139  0.000000e+000
140  0.000000e+000
141  1.333000e+000
142  1.275000e+000
143  2.186900e+001
144  4.975300e+001
   2 
1  6.560100e+001
2  8.523800e+001
3  8.679700e+001
4  1.001410e+002
5  7.133200e+001
6  0.000000e+000
7  0.000000e+000
8  0.000000e+000
9  0.000000e+000
10  8.678000e+000
11  1.443800e+001
12  3.520900e+001
13  5.607500e+001
14  7.836000e+001
15  1.184370e+002
16  1.066190e+002
17  9.231100e+001
18  1.930400e+001
19  0.000000e+000
20  0.000000e+000
21  0.000000e+000
22  1.400900e+001
23  1.361700e+001
24  7.633200e+001
25  9.730900e+001
26  1.123850e+002
27  1.034180e+002
28  1.044400e+002
29  9.391500e+001
30  4.957600e+001
31  0.000000e+000
32  0.000000e+000
33  0.000000e+000
34  0.000000e+000
35  6.086000e+000
36  2.599300e+001
37  4.290700e+001
38  4.883200e+001
39  8.313100e+001
40  9.512900e+001
41  8.442000e+001
42  1.958700e+001
43  0.000000e+000
44  0.000000e+000
45  0.000000e+000
46  1.554000e+001
47  1.088850e+002
48  1.253320e+002
49  1.305770e+002
50  1.271520e+002
51  1.173700e+002
52  1.099850e+002
53  8.066900e+001
54  1.990000e-001
55  0.000000e+000
56  0.000000e+000
57  2.200000e-002
58  3.543000e+000
59  7.321500e+001
60  6.972000e+001
61  7.240500e+001
62  6.567500e+001
63  5.952000e+001
64  6.991400e+001
65  4.020500e+001
66  0.000000e+000
67  0.000000e+000
68  0.000000e+000
69  6.052000e+000
70  1.409000e+000
71  3.130000e-001
72  0.000000e+000
73  2.416300e+001
74  2.912700e+001
75  5.277900e+001
76  5.950100e+001
77  3.811200e+001
78  0.000000e+000
79  0.000000e+000
80  0.000000e+000
81  3.312000e+000
82  1.040000e+001
83  2.095200e+001
84  2.622200e+001
85  3.093300e+001
86  4.769600e+001
87  4.094500e+001
88  2.755700e+001
89  3.621400e+001
90  0.000000e+000
91  0.000000e+000
92  0.000000e+000
93  0.000000e+000
94  6.190000e-001
95  3.618000e+001
96  3.901800e+001
97  6.765800e+001
98  9.186900e+001
99  9.841200e+001
100  9.773300e+001
101  7.730800e+001
102  0.000000e+000
103  0.000000e+000
104  0.000000e+000
105  0.000000e+000
106  1.363000e+000
107  1.073300e+001
108  1.447300e+001
109  3.998600e+001
110  3.061500e+001
111  2.379700e+001
112  2.029600e+001
113  0.000000e+000
114  0.000000e+000
115  0.000000e+000
116  0.000000e+000
117  2.000000e-003
118  8.347000e+000
119  2.718000e+001
120  2.416800e+001
121  3.282100e+001
122  3.253000e+001
123  7.230100e+001
124  6.245600e+001
125  3.047200e+001
126  0.000000e+000
127  0.000000e+000
128  0.000000e+000
129  5.452000e+000
130  8.524000e+000
131  3.146400e+001
132  6.119100e+001
133  5.503000e+001
134  4.360000e+001
135  4.520600e+001
136  3.296700e+001
137  2.538000e+000
138  0.000000e+000
139  0.000000e+000
140  0.000000e+000
141  1.333000e+000
142  1.275000e+000
143  2.187100e+001
144  4.975800e+001
   3 
1  6.560100e+001
2  8.524400e+001
3  8.680200e+001
4  1.001480e+002
5  7.133800e+001
6  0.000000e+000
7  0.000000e+000
8  0.000000e+000
9  0.000000e+000
10  8.678000e+000
11  1.443800e+001
12  3.520900e+001
13  5.607400e+001
14  7.835900e+001
15  1.184370e+002
16  1.066190e+002
17  9.231100e+001
18  1.930400e+001
19  0.000000e+000
20  0.000000e+000
21  0.000000e+000
22  1.400900e+001
23  1.361700e+001
24  7.633200e+001
25  9.731500e+001
26  1.123970e+002
27  1.034310e+002
28  1.044530e+002
29  9.392600e+001
30  4.958600e+001
31  0.000000e+000
32  0.000000e+000
33  0.000000e+000
34  0.000000e+000
35  6.086000e+000
36  2.599200e+001
37  4.290700e+001
38  4.883400e+001
39  8.313500e+001
40  9.513200e+001
41  8.442400e+001
42  1.959000e+001
43  0.000000e+000
44  0.000000e+000
45  0.000000e+000
46  1.553900e+001
47  1.088850e+002
48  1.253310e+002
49  1.305790e+002
50  1.271540e+002
51  1.173700e+002
52  1.099850e+002
53  8.066900e+001
54  1.990000e-001
55  0.000000e+000
56  0.000000e+000
57  2.200000e-002
58  3.543000e+000
59  7.321500e+001
60  6.972000e+001
61  7.240500e+001
62  6.567500e+001
63  5.952000e+001
64  6.991400e+001
65  4.020500e+001
66  0.000000e+000
67  0.000000e+000
68  0.000000e+000
69  6.052000e+000
70  1.409000e+000
71  3.130000e-001
72  0.000000e+000
73  2.416300e+001
74  2.912700e+001
75  5.277900e+001
76  5.950100e+001
77  3.811200e+001
78  0.000000e+000
79  0.000000e+000
80  0.000000e+000
81  3.312000e+000
82  1.040000e+001
83  2.095200e+001
84  2.622100e+001
85  3.093300e+001
86  4.770200e+001
87  4.095100e+001
88  2.756300e+001
89  3.621900e+001
90  0.000000e+000
91  0.000000e+000
92  0.000000e+000
93  0.000000e+000
94  6.190000e-001
95  3.617900e+001
96  3.901700e+001
97  6.765900e+001
98  9.187900e+001
99  9.842200e+001
100  9.774300e+001
101  7.731600e+001
102  0.000000e+000
103  0.000000e+000
104  0.000000e+000
105  0.000000e+000
106  1.363000e+000
107  1.073300e+001
108  1.447300e+001
109  3.998600e+001
110  3.061400e+001
111  2.379700e+001
112  2.029500e+001
113  0.000000e+000
114  0.000000e+000
115  0.000000e+000
116  0.000000e+000
117  2.000000e-003
118  8.347000e+000
119  2.718000e+001
120  2.416800e+001
121  3.282100e+001
122  3.253000e+001
123  7.230500e+001
124  6.246100e+001
125  3.047700e+001
126  0.000000e+000
127  0.000000e+000
128  0.000000e+000
129  5.452000e+000
130  8.524000e+000
131  3.146400e+001
132  6.119000e+001
133  5.503000e+001
134  4.360000e+001
135  4.520700e+001
136  3.296800e+001
137  2.538000e+000
138  0.000000e+000
139  0.000000e+000
140  0.000000e+000
141  1.333000e+000
142  1.275000e+000
143  2.187100e+001
144  4.975800e+001
   4 
1  6.603300e+001
2  8.568800e+001
3  8.765900e+001
4  1.011850e+002
5  7.265200e+001
6  0.000000e+000
7  0.000000e+000
8  0.000000e+000
9  0.000000e+000
10  8.684000e+000
11  1.434300e+001
12  3.487300e+001
13  5.556100e+001
14  7.795900e+001
15  1.156620e+002
16  1.042190e+002
17  9.069900e+001
18  1.818100e+001
19  0.000000e+000
20  0.000000e+000
21  0.000000e+000
22  1.394700e+001
23  1.340200e+001
24  7.616300e+001
25  9.726100e+001
26  1.124290e+002
27  1.036510e+002
28  1.050800e+002
29  9.514500e+001
30  5.099400e+001
31  0.000000e+000
32  0.000000e+000
33  0.000000e+000
34  0.000000e+000
35  6.168000e+000
36  2.578000e+001
37  4.246600e+001
38  4.849100e+001
39  8.318600e+001
40  9.586700e+001
41  8.593700e+001
42  2.126300e+001
43  0.000000e+000
44  0.000000e+000
45  0.000000e+000
46  1.551800e+001
47  1.090160e+002
48  1.224560e+002
49  1.277820e+002
50  1.243220e+002
51  1.146260e+002
52  1.083080e+002
53  7.919400e+001
54  0.000000e+000
55  0.000000e+000
56  0.000000e+000
57  2.000000e-003
58  3.564000e+000
59  7.335800e+001
60  7.007100e+001
61  7.298100e+001
62  6.659100e+001
63  6.086500e+001
64  7.158500e+001
65  4.253100e+001
66  0.000000e+000
67  0.000000e+000
68  0.000000e+000
69  6.117000e+000
70  1.414000e+000
71  2.690000e-001
72  0.000000e+000
73  2.404600e+001
74  2.849000e+001
75  5.225300e+001
76  5.967500e+001
77  3.899400e+001
78  0.000000e+000
79  0.000000e+000
80  0.000000e+000
81  3.363000e+000
82  1.035600e+001
83  2.057600e+001
84  2.554800e+001
85  3.010700e+001
86  4.809700e+001
87  4.189000e+001
88  2.923000e+001
89  3.871900e+001
90  0.000000e+000
91  0.000000e+000
92  0.000000e+000
93  0.000000e+000
94  5.740000e-001
95  3.616400e+001
96  3.915900e+001
97  6.778500e+001
98  9.206100e+001
99  9.890900e+001
100  9.856900e+001
101  7.849100e+001
102  0.000000e+000
103  0.000000e+000
104  0.000000e+000
105  0.000000e+000
106  1.424000e+000
107  1.079200e+001
108  1.451700e+001
109  3.986500e+001
110  3.088700e+001
111  2.471900e+001
112  2.149700e+001
113  0.000000e+000
114  0.000000e+000
115  0.000000e+000
116  0.000000e+000
117  2.000000e-003
118  8.432000e+000
119  2.681600e+001
120  2.356200e+001
121  3.155900e+001
122  3.087800e+001
123  7.087900e+001
124  6.170800e+001
125  3.039200e+001
126  0.000000e+000
127  0.000000e+000
128  0.000000e+000
129  5.605000e+000
130  8.719000e+000
131  3.107300e+001
132  6.038900e+001
133  5.447000e+001
134  4.336100e+001
135  4.535000e+001
136  3.357400e+001
137  3.437000e+000
138  0.000000e+000
139  0.000000e+000
140  0.000000e+000
141  1.506000e+000
142  1.346000e+000
143  2.180700e+001
144  4.964000e+001
   5 
1  6.562200e+001
2  8.551900e+001
3  8.707700e+001
4  1.004570e+002
5  7.160900e+001
6  0.000000e+000
7  0.000000e+000
8  0.000000e+000
9  0.000000e+000
10  8.677000e+000
11  1.443700e+001
12  3.520600e+001
13  5.606700e+001
14  7.839600e+001
15  1.184370e+002
16  1.066190e+002
17  9.232500e+001
18  1.931500e+001
19  0.000000e+000
20  0.000000e+000
21  0.000000e+000
22  1.400700e+001
23  1.361500e+001
24  7.636600e+001
25  9.755100e+001
26  1.128350e+002
27  1.039210e+002
28  1.049240e+002
29  9.434900e+001
30  4.995600e+001
31  0.000000e+000
32  0.000000e+000
33  0.000000e+000
34  0.000000e+000
35  6.082000e+000
36  2.598600e+001
37  4.292100e+001
38  4.898700e+001
39  8.334100e+001
40  9.533000e+001
41  8.462200e+001
42  1.977400e+001
43  0.000000e+000
44  0.000000e+000
45  0.000000e+000
46  1.553800e+001
47  1.089300e+002
48  1.252900e+002
49  1.305770e+002
50  1.272290e+002
51  1.173670e+002
52  1.099880e+002
53  8.066900e+001
54  1.990000e-001
55  0.000000e+000
56  0.000000e+000
57  2.200000e-002
58  3.542000e+000
59  7.325100e+001
60  6.975500e+001
61  7.243800e+001
62  6.570700e+001
63  5.955100e+001
64  6.995300e+001
65  4.024200e+001
66  0.000000e+000
67  0.000000e+000
68  0.000000e+000
69  6.051000e+000
70  1.408000e+000
71  3.130000e-001
72  0.000000e+000
73  2.416000e+001
74  2.915400e+001
75  5.280100e+001
76  5.952200e+001
77  3.813300e+001
78  0.000000e+000
79  0.000000e+000
80  0.000000e+000
81  3.311000e+000
82  1.039800e+001
83  2.095000e+001
84  2.621900e+001
85  3.093000e+001
86  4.791800e+001
87  4.119000e+001
88  2.778500e+001
89  3.642900e+001
90  0.000000e+000
91  0.000000e+000
92  0.000000e+000
93  0.000000e+000
94  6.190000e-001
95  3.617500e+001
96  3.901300e+001
97  6.771000e+001
98  9.225400e+001
99  9.883300e+001
100  9.812700e+001
101  7.765100e+001
102  0.000000e+000
103  0.000000e+000
104  0.000000e+000
105  0.000000e+000
106  1.362000e+000
107  1.073100e+001
108  1.447100e+001
109  3.998100e+001
110  3.061000e+001
111  2.379200e+001
112  2.029100e+001
113  0.000000e+000
114  0.000000e+000
115  0.000000e+000
116  0.000000e+000
117  2.000000e-003
118  8.347000e+000
119  2.717700e+001
120  2.416600e+001
121  3.281800e+001
122  3.255700e+001
123  7.245900e+001
124  6.262100e+001
125  3.063100e+001
126  0.000000e+000
127  0.000000e+000
128  0.000000e+000
129  5.452000e+000
130  8.524000e+000
131  3.146300e+001
132  6.118700e+001
133  5.503200e+001
134  4.360600e+001
135  4.521400e+001
136  3.297600e+001
137  2.546000e+000
138  0.000000e+000
139  0.000000e+000
140  0.000000e+000
141  1.333000e+000
142  1.275000e+000
143  2.186900e+001
144  4.975200e+001
   6 
1  6.565400e+001
2  8.578400e+001
3  8.733800e+001
4  1.007620e+002
5  7.187400e+001
6  0.000000e+000
7  0.000000e+000
8  0.000000e+000
9  0.000000e+000
10  8.677000e+000
11  1.443700e+001
12  3.520600e+001
13  5.606700e+001
14  7.839600e+001
15  1.184380e+002
16  1.066210e+002
17  9.234100e+001
18  1.932600e+001
19  0.000000e+000
20  0.000000e+000
21  0.000000e+000
22  1.400700e+001
23  1.361500e+001
24  7.640800e+001
25  9.781600e+001
26  1.133320e+002
27  1.043980e+002
28  1.053890e+002
29  9.477000e+001
30  5.032400e+001
31  0.000000e+000
32  0.000000e+000
33  0.000000e+000
34  0.000000e+000
35  6.080000e+000
36  2.598400e+001
37  4.291900e+001
38  4.905500e+001
39  8.346800e+001
40  9.545500e+001
41  8.475500e+001
42  1.989600e+001
43  0.000000e+000
44  0.000000e+000
45  0.000000e+000
46  1.553800e+001
47  1.089900e+002
48  1.252900e+002
49  1.306280e+002
50  1.272590e+002
51  1.173670e+002
52  1.099940e+002
53  8.067100e+001
54  2.000000e-001
55  0.000000e+000
56  0.000000e+000
57  2.200000e-002
58  3.542000e+000
59  7.329500e+001
60  6.979900e+001
61  7.248100e+001
62  6.574900e+001
63  5.959100e+001
64  7.000100e+001
65  4.028800e+001
66  0.000000e+000
67  0.000000e+000
68  0.000000e+000
69  6.051000e+000
70  1.408000e+000
71  3.130000e-001
72  0.000000e+000
73  2.416000e+001
74  2.915400e+001
75  5.280100e+001
76  5.952200e+001
77  3.813300e+001
78  0.000000e+000
79  0.000000e+000
80  0.000000e+000
81  3.311000e+000
82  1.039800e+001
83  2.095000e+001
84  2.621900e+001
85  3.093000e+001
86  4.812400e+001
87  4.139400e+001
88  2.798400e+001
89  3.662200e+001
90  0.000000e+000
91  0.000000e+000
92  0.000000e+000
93  0.000000e+000
94  6.190000e-001
95  3.617500e+001
96  3.901300e+001
97  6.775400e+001
98  9.262100e+001
99  9.920300e+001
100  9.847700e+001
101  7.795300e+001
102  0.000000e+000
103  0.000000e+000
104  0.000000e+000
105  0.000000e+000
106  1.353000e+000
107  1.072400e+001
108  1.446400e+001
109  3.997500e+001
110  3.060500e+001
111  2.378700e+001
112  2.028600e+001
113  0.000000e+000
114  0.000000e+000
115  0.000000e+000
116  0.000000e+000
117  2.000000e-003
118  8.347000e+000
119  2.717700e+001
120  2.416500e+001
121  3.281800e+001
122  3.255700e+001
123  7.259800e+001
124  6.275600e+001
125  3.075800e+001
126  0.000000e+000
127  0.000000e+000
128  0.000000e+000
129  5.452000e+000
130  8.525000e+000
131  3.146500e+001
132  6.119000e+001
133  5.503600e+001
134  4.361000e+001
135  4.521800e+001
136  3.297900e+001
137  2.549000e+000
138  0.000000e+000
139  0.000000e+000
140  0.000000e+000
141  1.333000e+000
142  1.275000e+000
143  2.186900e+001
144  4.975200e+001
   7 
1  6.568000e+001
2  8.600700e+001
3  8.755600e+001
4  1.010170e+002
5  7.209700e+001
6  0.000000e+000
7  0.000000e+000
8  0.000000e+000
9  0.000000e+000
10  8.677000e+000
11  1.443700e+001
12  3.520600e+001
13  5.606700e+001
14  7.839600e+001
15  1.184380e+002
16  1.066230e+002
17  9.235400e+001
18  1.933600e+001
19  0.000000e+000
20  0.000000e+000
21  0.000000e+000
22  1.400700e+001
23  1.361500e+001
24  7.644200e+001
25  9.803900e+001
26  1.137520e+002
27  1.048020e+002
28  1.057840e+002
29  9.512500e+001
30  5.063400e+001
31  0.000000e+000
32  0.000000e+000
33  0.000000e+000
34  0.000000e+000
35  6.078000e+000
36  2.598100e+001
37  4.291700e+001
38  4.911200e+001
39  8.357500e+001
40  9.555800e+001
41  8.486500e+001
42  1.999800e+001
43  0.000000e+000
44  0.000000e+000
45  0.000000e+000
46  1.553700e+001
47  1.090360e+002
48  1.252880e+002
49  1.306720e+002
50  1.272790e+002
51  1.173670e+002
52  1.099980e+002
53  8.067200e+001
54  2.000000e-001
55  0.000000e+000
56  0.000000e+000
57  2.200000e-002
58  3.542000e+000
59  7.333000e+001
60  6.983300e+001
61  7.251500e+001
62  6.578200e+001
63  5.962300e+001
64  7.003900e+001
65  4.032400e+001
66  0.000000e+000
67  0.000000e+000
68  0.000000e+000
69  6.051000e+000
70  1.408000e+000
71  3.130000e-001
72  0.000000e+000
73  2.416000e+001
74  2.915400e+001
75  5.280100e+001
76  5.952200e+001
77  3.813300e+001
78  0.000000e+000
79  0.000000e+000
80  0.000000e+000
81  3.311000e+000
82  1.039800e+001
83  2.094900e+001
84  2.621800e+001
85  3.092900e+001
86  4.829700e+001
87  4.156600e+001
88  2.815200e+001
89  3.678500e+001
90  0.000000e+000
91  0.000000e+000
92  0.000000e+000
93  0.000000e+000
94  6.190000e-001
95  3.617400e+001
96  3.901200e+001
97  6.779000e+001
98  9.293300e+001
99  9.951600e+001
100  9.877200e+001
101  7.820700e+001
102  0.000000e+000
103  0.000000e+000
104  0.000000e+000
105  0.000000e+000
106  1.353000e+000
107  1.072400e+001
108  1.446400e+001
109  3.997500e+001
110  3.060400e+001
111  2.378600e+001
112  2.028500e+001
113  0.000000e+000
114  0.000000e+000
115  0.000000e+000
116  0.000000e+000
117  2.000000e-003
118  8.346000e+000
119  2.717600e+001
120  2.416500e+001
121  3.281700e+001
122  3.255700e+001
123  7.271600e+001
124  6.287000e+001
125  3.086600e+001
126  0.000000e+000
127  0.000000e+000
128  0.000000e+000
129  5.452000e+000
130  8.525000e+000
131  3.146600e+001
132  6.119100e+001
133  5.503900e+001
134  4.361400e+001
135  4.522200e+001
136  3.298300e+001
137  2.552000e+000
138  0.000000e+000
139  0.000000e+000
140  0.000000e+000
141  1.333000e+000
142  1.275000e+000
143  2.186800e+001
144  4.975100e+001
   8 
1  6.569500e+001
2  8.610900e+001
3  8.765700e+001
4  1.011340e+002
5  7.219900e+001
6  0.000000e+000
7  0.000000e+000
8  0.000000e+000
9  0.000000e+000
10  8.678000e+000
11  1.443800e+001
12  3.520700e+001
13  5.606900e+001
14  7.839800e+001
15  1.184390e+002
16  1.066250e+002
17  9.236000e+001
18  1.934100e+001
19  0.000000e+000
20  0.000000e+000
21  0.000000e+000
22  1.400700e+001
23  1.361500e+001
24  7.646000e+001
25  9.814100e+001
26  1.139420e+002
27  1.049780e+002
28  1.059550e+002
29  9.527900e+001
30  5.076800e+001
31  0.000000e+000
32  0.000000e+000
33  0.000000e+000
34  0.000000e+000
35  6.077000e+000
36  2.598100e+001
37  4.291700e+001
38  4.913800e+001
39  8.362100e+001
40  9.560300e+001
41  8.491300e+001
42  2.004200e+001
43  0.000000e+000
44  0.000000e+000
45  0.000000e+000
46  1.553800e+001
47  1.090630e+002
48  1.252910e+002
49  1.306910e+002
50  1.272890e+002
51  1.173680e+002
52  1.100000e+002
53  8.067200e+001
54  2.000000e-001
55  0.000000e+000
56  0.000000e+000
57  2.200000e-002
58  3.542000e+000
59  7.334900e+001
60  6.985200e+001
61  7.253400e+001
62  6.580100e+001
63  5.964200e+001
64  7.006000e+001
65  4.034300e+001
66  0.000000e+000
67  0.000000e+000
68  0.000000e+000
69  6.051000e+000
70  1.408000e+000
71  3.130000e-001
72  0.000000e+000
73  2.416000e+001
74  2.915400e+001
75  5.280100e+001
76  5.952200e+001
77  3.813300e+001
78  0.000000e+000
79  0.000000e+000
80  0.000000e+000
81  3.311000e+000
82  1.039800e+001
83  2.095000e+001
84  2.621900e+001
85  3.093000e+001
86  4.837400e+001
87  4.164200e+001
88  2.822600e+001
89  3.685700e+001
90  0.000000e+000
91  0.000000e+000
92  0.000000e+000
93  0.000000e+000
94  6.190000e-001
95  3.617600e+001
96  3.901300e+001
97  6.780700e+001
98  9.307100e+001
99  9.965500e+001
100  9.890400e+001
101  7.832000e+001
102  0.000000e+000
103  0.000000e+000
104  0.000000e+000
105  0.000000e+000
106  1.353000e+000
107  1.072400e+001
108  1.446500e+001
109  3.997600e+001
110  3.060600e+001
111  2.378800e+001
112  2.028600e+001
113  0.000000e+000
114  0.000000e+000
115  0.000000e+000
116  0.000000e+000
117  2.000000e-003
118  8.347000e+000
119  2.717700e+001
120  2.416600e+001
121  3.281800e+001
122  3.255700e+001
123  7.276700e+001
124  6.291500e+001
125  3.090800e+001
126  0.000000e+000
127  0.000000e+000
128  0.000000e+000
129  5.452000e+000
130  8.526000e+000
131  3.146700e+001
132  6.119400e+001
133  5.504100e+001
134  4.361500e+001
135  4.522200e+001
136  3.298300e+001
137  2.552000e+000
138  0.000000e+000
139  0.000000e+000
140  0.000000e+000
141  1.333000e+000
142  1.275000e+000
143  2.186900e+001
144  4.975300e+001
   9 
1  6.570600e+001
2  8.618900e+001
3  8.773600e+001
4  1.012260e+002
5  7.227900e+001
6  0.000000e+000
7  0.000000e+000
8  0.000000e+000
9  0.000000e+000
10  8.678000e+000
11  1.443800e+001
12  3.520800e+001
13  5.606900e+001
14  7.839900e+001
15  1.184390e+002
16  1.066260e+002
17  9.236500e+001
18  1.934400e+001
19  0.000000e+000
20  0.000000e+000
21  0.000000e+000
22  1.400700e+001
23  1.361500e+001
24  7.647400e+001
25  9.822100e+001
26  1.140920e+002
27  1.051190e+002
28  1.060930e+002
29  9.540300e+001
30  5.087600e+001
31  0.000000e+000
32  0.000000e+000
33  0.000000e+000
34  0.000000e+000
35  6.077000e+000
36  2.598100e+001
37  4.291700e+001
38  4.915800e+001
39  8.365800e+001
40  9.563900e+001
41  8.495000e+001
42  2.007600e+001
43  0.000000e+000
44  0.000000e+000
45  0.000000e+000
46  1.553800e+001
47  1.090810e+002
48  1.252920e+002
49  1.307070e+002
50  1.272960e+002
51  1.173690e+002
52  1.100020e+002
53  8.067300e+001
54  2.010000e-001
55  0.000000e+000
56  0.000000e+000
57  2.200000e-002
58  3.542000e+000
59  7.336300e+001
60  6.986600e+001
61  7.254800e+001
62  6.581400e+001
63  5.965500e+001
64  7.007400e+001
65  4.035700e+001
66  0.000000e+000
67  0.000000e+000
68  0.000000e+000
69  6.051000e+000
70  1.408000e+000
71  3.130000e-001
72  0.000000e+000
73  2.416000e+001
74  2.915400e+001
75  5.280200e+001
76  5.952300e+001
77  3.813400e+001
78  0.000000e+000
79  0.000000e+000
80  0.000000e+000
81  3.311000e+000
82  1.039800e+001
83  2.095000e+001
84  2.621900e+001
85  3.093000e+001
86  4.843500e+001
87  4.170200e+001
88  2.828400e+001
89  3.691400e+001
90  0.000000e+000
91  0.000000e+000
92  0.000000e+000
93  0.000000e+000
94  6.190000e-001
95  3.617600e+001
96  3.901400e+001
97  6.781900e+001
98  9.318200e+001
99  9.976500e+001
100  9.900800e+001
101  7.841100e+001
102  0.000000e+000
103  0.000000e+000
104  0.000000e+000
105  0.000000e+000
106  1.353000e+000
107  1.072400e+001
108  1.446500e+001
109  3.997700e+001
110  3.060600e+001
111  2.378800e+001
112  2.028700e+001
113  0.000000e+000
114  0.000000e+000
115  0.000000e+000
116  0.000000e+000
117  2.000000e-003
118  8.347000e+000
119  2.717700e+001
120  2.416600e+001
121  3.281800e+001
122  3.255800e+001
123  7.280800e+001
124  6.295200e+001
125  3.094300e+001
126  0.000000e+000
127  0.000000e+000
128  0.000000e+000
129  5.452000e+000
130  8.526000e+000
131  3.146800e+001
132  6.119600e+001
133  5.504200e+001
134  4.361600e+001
135  4.522300e+001
136  3.298300e+001
137  2.552000e+000
138  0.000000e+000
139  0.000000e+000
140  0.000000e+000
141  1.333000e+000
142  1.275000e+000
143  2.186900e+001
144  4.975300e+001
   10 
1  6.569100e+001
2  8.605200e+001
3  8.760300e+001
4  1.010710e+002
5  7.214400e+001
6  0.000000e+000
7  0.000000e+000
8  0.000000e+000
9  0.000000e+000
10  8.678000e+000
11  1.443800e+001
12  3.520800e+001
13  5.607000e+001
14  7.840000e+001
15  1.184390e+002
16  1.066250e+002
17  9.235700e+001
18  1.933800e+001
19  0.000000e+000
20  0.000000e+000
21  0.000000e+000
22  1.400800e+001
23  1.361600e+001
24  7.645500e+001
25  9.808500e+001
26  1.138330e+002
27  1.048680e+002
28  1.058480e+002
29  9.518300e+001
30  5.068500e+001
31  0.000000e+000
32  0.000000e+000
33  0.000000e+000
34  0.000000e+000
35  6.078000e+000
36  2.598300e+001
37  4.291900e+001
38  4.912400e+001
39  8.359400e+001
40  9.557700e+001
41  8.488300e+001
42  2.001400e+001
43  0.000000e+000
44  0.000000e+000
45  0.000000e+000
46  1.553800e+001
47  1.090560e+002
48  1.252940e+002
49  1.306800e+002
50  1.272840e+002
51  1.173690e+002
52  1.100000e+002
53  8.067200e+001
54  2.000000e-001
55  0.000000e+000
56  0.000000e+000
57  2.200000e-002
58  3.542000e+000
59  7.334300e+001
60  6.984600e+001
61  7.252900e+001
62  6.579600e+001
63  5.963700e+001
64  7.005400e+001
65  4.033800e+001
66  0.000000e+000
67  0.000000e+000
68  0.000000e+000
69  6.052000e+000
70  1.408000e+000
71  3.130000e-001
72  0.000000e+000
73  2.416100e+001
74  2.915500e+001
75  5.280200e+001
76  5.952300e+001
77  3.813400e+001
78  0.000000e+000
79  0.000000e+000
80  0.000000e+000
81  3.312000e+000
82  1.039900e+001
83  2.095100e+001
84  2.622000e+001
85  3.093100e+001
86  4.832900e+001
87  4.159600e+001
88  2.818100e+001
89  3.681400e+001
90  0.000000e+000
91  0.000000e+000
92  0.000000e+000
93  0.000000e+000
94  6.190000e-001
95  3.617700e+001
96  3.901500e+001
97  6.779900e+001
98  9.298900e+001
99  9.957100e+001
100  9.882500e+001
101  7.825300e+001
102  0.000000e+000
103  0.000000e+000
104  0.000000e+000
105  0.000000e+000
106  1.353000e+000
107  1.072500e+001
108  1.446500e+001
109  3.997800e+001
110  3.060700e+001
111  2.378900e+001
112  2.028800e+001
113  0.000000e+000
114  0.000000e+000
115  0.000000e+000
116  0.000000e+000
117  2.000000e-003
118  8.347000e+000
119  2.717800e+001
120  2.416600e+001
121  3.281900e+001
122  3.255800e+001
123  7.273500e+001
124  6.288000e+001
125  3.087400e+001
126  0.000000e+000
127  0.000000e+000
128  0.000000e+000
129  5.452000e+000
130  8.526000e+000
131  3.146800e+001
132  6.119600e+001
133  5.504000e+001
134  4.361300e+001
135  4.522000e+001
136  3.298000e+001
137  2.550000e+000
138  0.000000e+000
139  0.000000e+000
140  0.000000e+000
141  1.333000e+000
142  1.275000e+000
143  2.187000e+001
144  4.975400e+001
