   1 
1  5.587900e+001
2  5.725000e+001
3  4.572900e+001
4  6.277000e+001
5  6.527400e+001
6  1.310100e+001
7  0.000000e+000
8  0.000000e+000
9  0.000000e+000
10  5.807000e+000
11  8.507900e+001
12  8.762400e+001
13  8.445600e+001
14  1.134120e+002
15  1.225810e+002
16  1.381870e+002
17  1.324200e+002
18  1.136750e+002
19  4.570000e+000
20  0.000000e+000
21  0.000000e+000
22  0.000000e+000
23  1.196020e+002
24  1.134980e+002
25  1.264090e+002
26  1.559720e+002
27  1.714910e+002
28  2.181750e+002
29  1.771080e+002
30  1.327460e+002
31  3.654600e+001
32  0.000000e+000
33  0.000000e+000
34  1.222400e+001
35  1.311850e+002
36  1.462520e+002
37  1.557940e+002
38  1.691840e+002
39  1.768820e+002
40  2.020510e+002
41  1.654300e+002
42  1.175500e+002
43  1.893500e+001
44  1.940000e+000
45  0.000000e+000
46  6.363000e+000
47  1.137600e+001
48  2.596800e+001
49  4.511900e+001
50  9.812200e+001
51  1.144840e+002
52  1.415680e+002
53  1.372730e+002
54  8.616100e+001
55  0.000000e+000
56  0.000000e+000
57  5.160000e-001
58  1.191300e+001
59  1.989900e+002
60  1.943540e+002
61  1.883640e+002
62  1.993480e+002
63  1.816830e+002
64  1.953030e+002
65  1.918930e+002
66  1.577010e+002
67  6.206600e+001
68  0.000000e+000
69  0.000000e+000
70  1.957000e+000
71  1.046000e+000
72  6.384000e+000
73  4.140400e+001
74  8.529900e+001
75  1.356910e+002
76  1.916070e+002
77  1.690610e+002
78  1.300640e+002
79  3.651400e+001
80  7.850000e-001
81  0.000000e+000
82  3.054000e+000
83  0.000000e+000
84  4.566000e+000
85  1.688500e+001
86  3.978800e+001
87  7.513100e+001
88  9.490800e+001
89  8.969500e+001
90  3.988200e+001
91  0.000000e+000
92  0.000000e+000
93  0.000000e+000
94  6.960000e+000
95  4.009900e+001
96  6.745500e+001
97  7.951100e+001
98  9.233000e+001
99  1.922950e+002
100  1.790010e+002
101  1.600990e+002
102  1.065450e+002
103  7.710000e-001
104  0.000000e+000
105  0.000000e+000
106  0.000000e+000
107  8.522000e+000
108  1.690600e+001
109  6.028300e+001
110  8.603400e+001
111  1.024220e+002
112  9.522700e+001
113  7.259900e+001
114  4.119000e+000
115  0.000000e+000
116  0.000000e+000
117  0.000000e+000
118  1.737800e+001
119  3.041500e+001
120  5.064400e+001
121  8.381200e+001
122  1.147580e+002
123  1.554650e+002
124  1.556380e+002
125  1.247670e+002
126  6.752100e+001
127  0.000000e+000
128  0.000000e+000
129  9.643000e+000
130  7.590000e+000
131  2.605500e+001
132  6.379500e+001
133  5.701700e+001
134  5.884100e+001
135  5.864000e+001
136  4.101500e+001
137  2.054600e+001
138  0.000000e+000
139  0.000000e+000
140  0.000000e+000
141  0.000000e+000
142  6.126000e+000
143  3.415800e+001
144  5.673300e+001
   2 
1  5.574400e+001
2  5.698600e+001
3  4.549500e+001
4  6.262600e+001
5  6.513300e+001
6  1.296100e+001
7  0.000000e+000
8  0.000000e+000
9  0.000000e+000
10  5.816000e+000
11  8.509000e+001
12  8.744800e+001
13  8.428900e+001
14  1.123620e+002
15  1.213180e+002
16  1.369140e+002
17  1.310870e+002
18  1.123870e+002
19  3.319000e+000
20  0.000000e+000
21  0.000000e+000
22  0.000000e+000
23  1.191630e+002
24  1.130200e+002
25  1.255420e+002
26  1.541950e+002
27  1.696630e+002
28  2.173940e+002
29  1.767800e+002
30  1.325850e+002
31  3.639500e+001
32  0.000000e+000
33  0.000000e+000
34  1.222400e+001
35  1.311160e+002
36  1.457890e+002
37  1.549220e+002
38  1.678630e+002
39  1.756130e+002
40  2.010130e+002
41  1.650090e+002
42  1.172270e+002
43  1.862400e+001
44  1.940000e+000
45  0.000000e+000
46  6.363000e+000
47  1.137600e+001
48  2.596700e+001
49  4.511800e+001
50  9.768800e+001
51  1.140540e+002
52  1.410970e+002
53  1.368020e+002
54  8.572100e+001
55  0.000000e+000
56  0.000000e+000
57  5.150000e-001
58  1.191700e+001
59  1.981380e+002
60  1.937700e+002
61  1.877940e+002
62  1.989890e+002
63  1.815150e+002
64  1.949780e+002
65  1.915230e+002
66  1.574670e+002
67  6.189300e+001
68  0.000000e+000
69  0.000000e+000
70  1.956000e+000
71  1.045000e+000
72  6.384000e+000
73  4.125900e+001
74  8.487800e+001
75  1.347820e+002
76  1.908860e+002
77  1.687050e+002
78  1.297780e+002
79  3.618700e+001
80  7.860000e-001
81  0.000000e+000
82  3.033000e+000
83  0.000000e+000
84  4.565000e+000
85  1.688500e+001
86  3.979300e+001
87  7.514500e+001
88  9.491800e+001
89  8.971000e+001
90  3.989600e+001
91  0.000000e+000
92  0.000000e+000
93  0.000000e+000
94  6.960000e+000
95  4.009900e+001
96  6.745500e+001
97  7.922400e+001
98  9.181000e+001
99  1.909610e+002
100  1.784820e+002
101  1.597040e+002
102  1.061950e+002
103  7.710000e-001
104  0.000000e+000
105  0.000000e+000
106  0.000000e+000
107  8.522000e+000
108  1.690600e+001
109  6.012300e+001
110  8.602600e+001
111  1.024010e+002
112  9.519500e+001
113  7.257000e+001
114  4.092000e+000
115  0.000000e+000
116  0.000000e+000
117  0.000000e+000
118  1.737900e+001
119  3.041600e+001
120  5.049400e+001
121  8.362400e+001
122  1.137060e+002
123  1.543630e+002
124  1.545270e+002
125  1.237500e+002
126  6.657500e+001
127  0.000000e+000
128  0.000000e+000
129  9.643000e+000
130  7.587000e+000
131  2.605000e+001
132  6.377800e+001
133  5.699300e+001
134  5.874000e+001
135  5.851300e+001
136  4.086900e+001
137  2.041200e+001
138  0.000000e+000
139  0.000000e+000
140  0.000000e+000
141  0.000000e+000
142  6.127000e+000
143  3.416600e+001
144  5.673700e+001
   3 
1  5.574600e+001
2  5.698900e+001
3  4.549800e+001
4  6.262800e+001
5  6.513400e+001
6  1.296300e+001
7  0.000000e+000
8  0.000000e+000
9  0.000000e+000
10  5.816000e+000
11  8.509000e+001
12  8.745000e+001
13  8.429100e+001
14  1.123750e+002
15  1.213340e+002
16  1.369300e+002
17  1.311040e+002
18  1.124030e+002
19  3.335000e+000
20  0.000000e+000
21  0.000000e+000
22  0.000000e+000
23  1.191690e+002
24  1.130260e+002
25  1.255530e+002
26  1.542180e+002
27  1.696870e+002
28  2.174040e+002
29  1.767840e+002
30  1.325880e+002
31  3.639700e+001
32  0.000000e+000
33  0.000000e+000
34  1.222400e+001
35  1.311170e+002
36  1.457950e+002
37  1.549330e+002
38  1.678800e+002
39  1.756290e+002
40  2.010260e+002
41  1.650140e+002
42  1.172310e+002
43  1.862800e+001
44  1.940000e+000
45  0.000000e+000
46  6.363000e+000
47  1.137600e+001
48  2.596700e+001
49  4.511800e+001
50  9.769400e+001
51  1.140590e+002
52  1.411030e+002
53  1.368080e+002
54  8.572700e+001
55  0.000000e+000
56  0.000000e+000
57  5.150000e-001
58  1.191700e+001
59  1.981490e+002
60  1.937770e+002
61  1.878020e+002
62  1.989940e+002
63  1.815180e+002
64  1.949830e+002
65  1.915270e+002
66  1.574700e+002
67  6.189500e+001
68  0.000000e+000
69  0.000000e+000
70  1.956000e+000
71  1.044000e+000
72  6.384000e+000
73  4.126100e+001
74  8.488300e+001
75  1.347940e+002
76  1.908950e+002
77  1.687100e+002
78  1.297820e+002
79  3.619200e+001
80  7.860000e-001
81  0.000000e+000
82  3.033000e+000
83  0.000000e+000
84  4.565000e+000
85  1.688500e+001
86  3.979300e+001
87  7.514500e+001
88  9.491700e+001
89  8.971000e+001
90  3.989500e+001
91  0.000000e+000
92  0.000000e+000
93  0.000000e+000
94  6.960000e+000
95  4.009800e+001
96  6.745500e+001
97  7.922700e+001
98  9.181700e+001
99  1.909780e+002
100  1.784880e+002
101  1.597090e+002
102  1.061990e+002
103  7.710000e-001
104  0.000000e+000
105  0.000000e+000
106  0.000000e+000
107  8.522000e+000
108  1.690600e+001
109  6.012500e+001
110  8.602700e+001
111  1.024020e+002
112  9.519700e+001
113  7.257100e+001
114  4.093000e+000
115  0.000000e+000
116  0.000000e+000
117  0.000000e+000
118  1.737900e+001
119  3.041600e+001
120  5.049600e+001
121  8.362600e+001
122  1.137190e+002
123  1.543770e+002
124  1.545410e+002
125  1.237620e+002
126  6.658700e+001
127  0.000000e+000
128  0.000000e+000
129  9.643000e+000
130  7.587000e+000
131  2.605000e+001
132  6.377800e+001
133  5.699300e+001
134  5.874100e+001
135  5.851500e+001
136  4.087100e+001
137  2.041400e+001
138  0.000000e+000
139  0.000000e+000
140  0.000000e+000
141  0.000000e+000
142  6.127000e+000
143  3.416500e+001
144  5.673600e+001
   4 
1  5.587200e+001
2  5.723600e+001
3  4.571600e+001
4  6.276100e+001
5  6.526600e+001
6  1.309200e+001
7  0.000000e+000
8  0.000000e+000
9  0.000000e+000
10  5.807000e+000
11  8.507900e+001
12  8.761400e+001
13  8.444700e+001
14  1.133530e+002
15  1.225100e+002
16  1.381150e+002
17  1.323460e+002
18  1.136030e+002
19  4.500000e+000
20  0.000000e+000
21  0.000000e+000
22  0.000000e+000
23  1.195780e+002
24  1.134720e+002
25  1.263610e+002
26  1.558720e+002
27  1.713890e+002
28  2.181320e+002
29  1.770900e+002
30  1.327370e+002
31  3.653700e+001
32  0.000000e+000
33  0.000000e+000
34  1.222400e+001
35  1.311810e+002
36  1.462270e+002
37  1.557460e+002
38  1.691100e+002
39  1.768140e+002
40  2.019940e+002
41  1.654070e+002
42  1.175330e+002
43  1.891800e+001
44  1.940000e+000
45  0.000000e+000
46  6.363000e+000
47  1.137600e+001
48  2.596800e+001
49  4.511900e+001
50  9.809800e+001
51  1.144610e+002
52  1.415420e+002
53  1.372470e+002
54  8.613700e+001
55  0.000000e+000
56  0.000000e+000
57  5.160000e-001
58  1.191300e+001
59  1.989430e+002
60  1.943210e+002
61  1.883310e+002
62  1.993270e+002
63  1.816740e+002
64  1.952840e+002
65  1.918720e+002
66  1.576880e+002
67  6.205600e+001
68  0.000000e+000
69  0.000000e+000
70  1.957000e+000
71  1.045000e+000
72  6.384000e+000
73  4.139500e+001
74  8.527600e+001
75  1.356400e+002
76  1.915660e+002
77  1.690410e+002
78  1.300480e+002
79  3.649600e+001
80  7.850000e-001
81  0.000000e+000
82  3.053000e+000
83  0.000000e+000
84  4.566000e+000
85  1.688500e+001
86  3.978900e+001
87  7.513200e+001
88  9.490900e+001
89  8.969600e+001
90  3.988300e+001
91  0.000000e+000
92  0.000000e+000
93  0.000000e+000
94  6.960000e+000
95  4.009900e+001
96  6.745500e+001
97  7.949500e+001
98  9.230100e+001
99  1.922210e+002
100  1.789720e+002
101  1.600770e+002
102  1.065260e+002
103  7.710000e-001
104  0.000000e+000
105  0.000000e+000
106  0.000000e+000
107  8.522000e+000
108  1.690600e+001
109  6.027400e+001
110  8.602600e+001
111  1.024130e+002
112  9.521800e+001
113  7.259000e+001
114  4.111000e+000
115  0.000000e+000
116  0.000000e+000
117  0.000000e+000
118  1.737800e+001
119  3.041500e+001
120  5.063600e+001
121  8.380200e+001
122  1.146990e+002
123  1.554030e+002
124  1.555760e+002
125  1.247100e+002
126  6.746800e+001
127  0.000000e+000
128  0.000000e+000
129  9.643000e+000
130  7.590000e+000
131  2.605500e+001
132  6.379400e+001
133  5.701600e+001
134  5.883600e+001
135  5.863300e+001
136  4.100600e+001
137  2.053800e+001
138  0.000000e+000
139  0.000000e+000
140  0.000000e+000
141  0.000000e+000
142  6.126000e+000
143  3.415900e+001
144  5.673300e+001
   5 
1  5.580100e+001
2  5.709800e+001
3  4.559200e+001
4  6.268300e+001
5  6.518900e+001
6  1.301700e+001
7  0.000000e+000
8  0.000000e+000
9  0.000000e+000
10  5.812000e+000
11  8.508500e+001
12  8.752300e+001
13  8.436000e+001
14  1.128080e+002
15  1.218550e+002
16  1.374560e+002
17  1.316550e+002
18  1.129370e+002
19  3.853000e+000
20  0.000000e+000
21  0.000000e+000
22  0.000000e+000
23  1.193520e+002
24  1.132260e+002
25  1.259140e+002
26  1.549540e+002
27  1.704450e+002
28  2.177290e+002
29  1.769210e+002
30  1.326540e+002
31  3.646000e+001
32  0.000000e+000
33  0.000000e+000
34  1.222400e+001
35  1.311460e+002
36  1.459880e+002
37  1.552950e+002
38  1.684260e+002
39  1.761560e+002
40  2.014560e+002
41  1.651890e+002
42  1.173670e+002
43  1.875800e+001
44  1.940000e+000
45  0.000000e+000
46  6.363000e+000
47  1.137600e+001
48  2.596700e+001
49  4.511900e+001
50  9.787400e+001
51  1.142380e+002
52  1.412990e+002
53  1.370040e+002
54  8.591000e+001
55  0.000000e+000
56  0.000000e+000
57  5.150000e-001
58  1.191500e+001
59  1.985020e+002
60  1.940180e+002
61  1.880350e+002
62  1.991420e+002
63  1.815880e+002
64  1.951170e+002
65  1.916810e+002
66  1.575670e+002
67  6.196700e+001
68  0.000000e+000
69  0.000000e+000
70  1.956000e+000
71  1.045000e+000
72  6.384000e+000
73  4.132100e+001
74  8.505900e+001
75  1.351690e+002
76  1.911920e+002
77  1.688570e+002
78  1.299000e+002
79  3.632700e+001
80  7.860000e-001
81  0.000000e+000
82  3.041000e+000
83  0.000000e+000
84  4.565000e+000
85  1.688500e+001
86  3.979100e+001
87  7.513900e+001
88  9.491500e+001
89  8.970500e+001
90  3.989100e+001
91  0.000000e+000
92  0.000000e+000
93  0.000000e+000
94  6.960000e+000
95  4.009900e+001
96  6.745500e+001
97  7.934600e+001
98  9.203300e+001
99  1.915310e+002
100  1.787040e+002
101  1.598760e+002
102  1.063470e+002
103  7.710000e-001
104  0.000000e+000
105  0.000000e+000
106  0.000000e+000
107  8.522000e+000
108  1.690600e+001
109  6.019200e+001
110  8.594600e+001
111  1.023310e+002
112  9.513600e+001
113  7.251100e+001
114  4.034000e+000
115  0.000000e+000
116  0.000000e+000
117  0.000000e+000
118  1.737900e+001
119  3.041800e+001
120  5.056000e+001
121  8.370700e+001
122  1.141560e+002
123  1.548340e+002
124  1.550020e+002
125  1.241850e+002
126  6.698000e+001
127  0.000000e+000
128  0.000000e+000
129  9.643000e+000
130  7.588000e+000
131  2.605200e+001
132  6.378400e+001
133  5.700300e+001
134  5.878300e+001
135  5.856700e+001
136  4.093100e+001
137  2.046900e+001
138  0.000000e+000
139  0.000000e+000
140  0.000000e+000
141  0.000000e+000
142  6.127000e+000
143  3.416200e+001
144  5.673500e+001
   6 
1  5.586700e+001
2  5.722700e+001
3  4.570800e+001
4  6.275600e+001
5  6.526000e+001
6  1.308700e+001
7  0.000000e+000
8  0.000000e+000
9  0.000000e+000
10  5.807000e+000
11  8.507900e+001
12  8.760800e+001
13  8.444100e+001
14  1.133200e+002
15  1.224700e+002
16  1.380750e+002
17  1.323040e+002
18  1.135630e+002
19  4.461000e+000
20  0.000000e+000
21  0.000000e+000
22  0.000000e+000
23  1.195640e+002
24  1.134570e+002
25  1.263340e+002
26  1.558170e+002
27  1.713320e+002
28  2.181080e+002
29  1.770790e+002
30  1.327320e+002
31  3.653300e+001
32  0.000000e+000
33  0.000000e+000
34  1.222400e+001
35  1.311780e+002
36  1.462120e+002
37  1.557180e+002
38  1.690690e+002
39  1.767750e+002
40  2.019620e+002
41  1.653940e+002
42  1.175230e+002
43  1.890800e+001
44  1.940000e+000
45  0.000000e+000
46  6.363000e+000
47  1.137600e+001
48  2.596700e+001
49  4.511900e+001
50  9.808400e+001
51  1.144470e+002
52  1.415270e+002
53  1.372320e+002
54  8.612200e+001
55  0.000000e+000
56  0.000000e+000
57  5.160000e-001
58  1.191300e+001
59  1.989160e+002
60  1.943030e+002
61  1.883130e+002
62  1.993160e+002
63  1.816690e+002
64  1.952740e+002
65  1.918610e+002
66  1.576810e+002
67  6.205100e+001
68  0.000000e+000
69  0.000000e+000
70  1.957000e+000
71  1.045000e+000
72  6.384000e+000
73  4.139100e+001
74  8.526300e+001
75  1.356110e+002
76  1.915430e+002
77  1.690300e+002
78  1.300390e+002
79  3.648700e+001
80  7.850000e-001
81  0.000000e+000
82  3.052000e+000
83  0.000000e+000
84  4.566000e+000
85  1.688500e+001
86  3.978900e+001
87  7.513200e+001
88  9.490800e+001
89  8.969600e+001
90  3.988300e+001
91  0.000000e+000
92  0.000000e+000
93  0.000000e+000
94  6.960000e+000
95  4.009900e+001
96  6.745500e+001
97  7.948600e+001
98  9.228500e+001
99  1.921790e+002
100  1.789560e+002
101  1.600650e+002
102  1.065150e+002
103  7.710000e-001
104  0.000000e+000
105  0.000000e+000
106  0.000000e+000
107  8.522000e+000
108  1.690600e+001
109  6.026900e+001
110  8.602100e+001
111  1.024080e+002
112  9.521200e+001
113  7.258400e+001
114  4.105000e+000
115  0.000000e+000
116  0.000000e+000
117  0.000000e+000
118  1.737800e+001
119  3.041500e+001
120  5.063100e+001
121  8.379600e+001
122  1.146670e+002
123  1.553690e+002
124  1.555410e+002
125  1.246780e+002
126  6.743900e+001
127  0.000000e+000
128  0.000000e+000
129  9.643000e+000
130  7.590000e+000
131  2.605500e+001
132  6.379300e+001
133  5.701500e+001
134  5.883200e+001
135  5.862900e+001
136  4.100200e+001
137  2.053400e+001
138  0.000000e+000
139  0.000000e+000
140  0.000000e+000
141  0.000000e+000
142  6.126000e+000
143  3.415900e+001
144  5.673300e+001
   7 
1  5.592200e+001
2  5.733500e+001
3  4.580500e+001
4  6.281800e+001
5  6.532200e+001
6  1.314700e+001
7  0.000000e+000
8  0.000000e+000
9  0.000000e+000
10  5.804000e+000
11  8.507500e+001
12  8.767900e+001
13  8.450800e+001
14  1.137530e+002
15  1.229890e+002
16  1.385970e+002
17  1.328490e+002
18  1.140880e+002
19  4.971000e+000
20  0.000000e+000
21  0.000000e+000
22  0.000000e+000
23  1.197390e+002
24  1.136480e+002
25  1.266860e+002
26  1.565450e+002
27  1.720810e+002
28  2.184270e+002
29  1.772140e+002
30  1.327980e+002
31  3.659400e+001
32  0.000000e+000
33  0.000000e+000
34  1.222400e+001
35  1.312030e+002
36  1.463980e+002
37  1.560730e+002
38  1.696100e+002
39  1.772430e+002
40  2.023630e+002
41  1.655580e+002
42  1.176460e+002
43  1.902700e+001
44  1.940000e+000
45  0.000000e+000
46  6.363000e+000
47  1.137600e+001
48  2.596800e+001
49  4.511900e+001
50  9.826000e+001
51  1.146210e+002
52  1.417160e+002
53  1.374200e+002
54  8.629800e+001
55  0.000000e+000
56  0.000000e+000
57  5.160000e-001
58  1.191300e+001
59  1.992640e+002
60  1.945440e+002
61  1.885510e+002
62  1.994650e+002
63  1.817380e+002
64  1.954080e+002
65  1.920130e+002
66  1.577760e+002
67  6.212100e+001
68  0.000000e+000
69  0.000000e+000
70  1.957000e+000
71  1.046000e+000
72  6.384000e+000
73  4.145000e+001
74  8.543300e+001
75  1.359870e+002
76  1.918430e+002
77  1.691770e+002
78  1.301560e+002
79  3.661400e+001
80  7.840000e-001
81  0.000000e+000
82  3.060000e+000
83  0.000000e+000
84  4.566000e+000
85  1.688500e+001
86  3.972800e+001
87  7.508600e+001
88  9.486300e+001
89  8.964900e+001
90  3.983800e+001
91  0.000000e+000
92  0.000000e+000
93  0.000000e+000
94  6.960000e+000
95  4.010000e+001
96  6.745500e+001
97  7.960300e+001
98  9.249500e+001
99  1.927220e+002
100  1.791660e+002
101  1.602190e+002
102  1.066520e+002
103  7.710000e-001
104  0.000000e+000
105  0.000000e+000
106  0.000000e+000
107  8.522000e+000
108  1.690600e+001
109  6.033200e+001
110  8.608200e+001
111  1.024710e+002
112  9.527800e+001
113  7.264700e+001
114  4.166000e+000
115  0.000000e+000
116  0.000000e+000
117  0.000000e+000
118  1.737800e+001
119  3.041300e+001
120  5.069100e+001
121  8.387000e+001
122  1.150980e+002
123  1.558190e+002
124  1.559960e+002
125  1.250940e+002
126  6.782500e+001
127  0.000000e+000
128  0.000000e+000
129  9.643000e+000
130  7.591000e+000
131  2.605600e+001
132  6.379900e+001
133  5.702400e+001
134  5.887200e+001
135  5.868000e+001
136  4.106100e+001
137  2.058800e+001
138  0.000000e+000
139  0.000000e+000
140  0.000000e+000
141  0.000000e+000
142  6.126000e+000
143  3.415600e+001
144  5.673200e+001
   8 
1  5.594700e+001
2  5.738200e+001
3  4.584700e+001
4  6.284600e+001
5  6.534900e+001
6  1.317400e+001
7  0.000000e+000
8  0.000000e+000
9  0.000000e+000
10  5.803000e+000
11  8.507400e+001
12  8.771200e+001
13  8.453800e+001
14  1.139440e+002
15  1.232180e+002
16  1.388270e+002
17  1.330900e+002
18  1.143200e+002
19  5.196000e+000
20  0.000000e+000
21  0.000000e+000
22  0.000000e+000
23  1.198170e+002
24  1.137320e+002
25  1.268400e+002
26  1.568660e+002
27  1.724100e+002
28  2.185680e+002
29  1.772730e+002
30  1.328270e+002
31  3.662200e+001
32  0.000000e+000
33  0.000000e+000
34  1.222400e+001
35  1.312150e+002
36  1.464800e+002
37  1.562300e+002
38  1.698490e+002
39  1.774310e+002
40  2.025300e+002
41  1.656280e+002
42  1.176980e+002
43  1.907700e+001
44  1.940000e+000
45  0.000000e+000
46  6.363000e+000
47  1.137600e+001
48  2.596800e+001
49  4.511900e+001
50  9.833700e+001
51  1.146980e+002
52  1.417990e+002
53  1.375030e+002
54  8.637500e+001
55  0.000000e+000
56  0.000000e+000
57  5.160000e-001
58  1.190900e+001
59  1.994150e+002
60  1.946480e+002
61  1.886560e+002
62  1.995310e+002
63  1.817690e+002
64  1.954670e+002
65  1.920800e+002
66  1.578170e+002
67  6.215200e+001
68  0.000000e+000
69  0.000000e+000
70  1.957000e+000
71  1.046000e+000
72  6.384000e+000
73  4.147500e+001
74  8.550800e+001
75  1.361520e+002
76  1.919750e+002
77  1.692410e+002
78  1.302080e+002
79  3.667000e+001
80  7.840000e-001
81  0.000000e+000
82  3.063000e+000
83  0.000000e+000
84  4.566000e+000
85  1.688500e+001
86  3.972800e+001
87  7.508400e+001
88  9.486100e+001
89  8.964600e+001
90  3.983600e+001
91  0.000000e+000
92  0.000000e+000
93  0.000000e+000
94  6.961000e+000
95  4.010000e+001
96  6.745600e+001
97  7.965500e+001
98  9.258700e+001
99  1.929610e+002
100  1.792590e+002
101  1.602870e+002
102  1.067120e+002
103  7.710000e-001
104  0.000000e+000
105  0.000000e+000
106  0.000000e+000
107  8.522000e+000
108  1.690700e+001
109  6.036000e+001
110  8.610900e+001
111  1.025000e+002
112  9.530800e+001
113  7.267600e+001
114  4.194000e+000
115  0.000000e+000
116  0.000000e+000
117  0.000000e+000
118  1.737800e+001
119  3.041200e+001
120  5.071700e+001
121  8.390300e+001
122  1.152880e+002
123  1.560180e+002
124  1.561970e+002
125  1.252780e+002
126  6.799500e+001
127  0.000000e+000
128  0.000000e+000
129  9.643000e+000
130  7.591000e+000
131  2.605600e+001
132  6.380200e+001
133  5.702800e+001
134  5.888900e+001
135  5.870300e+001
136  4.108800e+001
137  2.061200e+001
138  0.000000e+000
139  0.000000e+000
140  0.000000e+000
141  0.000000e+000
142  6.125000e+000
143  3.414800e+001
144  5.672600e+001
   9 
1  5.596600e+001
2  5.742000e+001
3  4.588100e+001
4  6.285200e+001
5  6.535500e+001
6  1.317900e+001
7  0.000000e+000
8  0.000000e+000
9  0.000000e+000
10  5.802000e+000
11  8.507400e+001
12  8.773800e+001
13  8.456300e+001
14  1.140980e+002
15  1.234010e+002
16  1.390110e+002
17  1.332810e+002
18  1.145050e+002
19  5.375000e+000
20  0.000000e+000
21  0.000000e+000
22  0.000000e+000
23  1.198780e+002
24  1.137990e+002
25  1.269630e+002
26  1.571210e+002
27  1.726720e+002
28  2.186800e+002
29  1.773210e+002
30  1.328500e+002
31  3.664300e+001
32  0.000000e+000
33  0.000000e+000
34  1.222400e+001
35  1.312230e+002
36  1.465460e+002
37  1.563540e+002
38  1.700390e+002
39  1.775750e+002
40  2.026620e+002
41  1.656830e+002
42  1.177370e+002
43  1.911500e+001
44  1.940000e+000
45  0.000000e+000
46  6.363000e+000
47  1.137600e+001
48  2.596800e+001
49  4.512000e+001
50  9.839900e+001
51  1.147590e+002
52  1.418650e+002
53  1.375680e+002
54  8.643600e+001
55  0.000000e+000
56  0.000000e+000
57  5.160000e-001
58  1.190300e+001
59  1.995330e+002
60  1.947310e+002
61  1.887410e+002
62  1.995840e+002
63  1.817940e+002
64  1.955150e+002
65  1.921340e+002
66  1.578510e+002
67  6.217600e+001
68  0.000000e+000
69  0.000000e+000
70  1.957000e+000
71  1.046000e+000
72  6.384000e+000
73  4.149600e+001
74  8.556700e+001
75  1.362850e+002
76  1.920800e+002
77  1.692930e+002
78  1.302490e+002
79  3.671500e+001
80  7.840000e-001
81  0.000000e+000
82  3.066000e+000
83  0.000000e+000
84  4.566000e+000
85  1.688500e+001
86  3.972700e+001
87  7.508300e+001
88  9.485900e+001
89  8.964400e+001
90  3.983300e+001
91  0.000000e+000
92  0.000000e+000
93  0.000000e+000
94  6.961000e+000
95  4.010000e+001
96  6.745600e+001
97  7.969600e+001
98  9.266000e+001
99  1.931520e+002
100  1.793330e+002
101  1.603400e+002
102  1.067590e+002
103  7.710000e-001
104  0.000000e+000
105  0.000000e+000
106  0.000000e+000
107  8.522000e+000
108  1.690700e+001
109  6.038200e+001
110  8.613000e+001
111  1.025230e+002
112  9.533100e+001
113  7.269800e+001
114  4.216000e+000
115  0.000000e+000
116  0.000000e+000
117  0.000000e+000
118  1.737800e+001
119  3.041200e+001
120  5.073800e+001
121  8.392900e+001
122  1.154400e+002
123  1.561760e+002
124  1.563560e+002
125  1.254240e+002
126  6.813100e+001
127  0.000000e+000
128  0.000000e+000
129  9.643000e+000
130  7.592000e+000
131  2.605700e+001
132  6.380400e+001
133  5.703200e+001
134  5.890300e+001
135  5.872200e+001
136  4.110900e+001
137  2.063200e+001
138  0.000000e+000
139  0.000000e+000
140  0.000000e+000
141  0.000000e+000
142  6.123000e+000
143  3.413600e+001
144  5.671700e+001
   10 
1  5.593200e+001
2  5.735400e+001
3  4.582200e+001
4  6.283000e+001
5  6.533400e+001
6  1.315900e+001
7  0.000000e+000
8  0.000000e+000
9  0.000000e+000
10  5.804000e+000
11  8.507600e+001
12  8.769400e+001
13  8.452200e+001
14  1.138300e+002
15  1.230810e+002
16  1.386900e+002
17  1.329470e+002
18  1.141830e+002
19  5.063000e+000
20  0.000000e+000
21  0.000000e+000
22  0.000000e+000
23  1.197720e+002
24  1.136840e+002
25  1.267490e+002
26  1.566730e+002
27  1.722120e+002
28  2.184840e+002
29  1.772380e+002
30  1.328100e+002
31  3.660500e+001
32  0.000000e+000
33  0.000000e+000
34  1.222500e+001
35  1.312110e+002
36  1.464330e+002
37  1.561370e+002
38  1.697060e+002
39  1.773200e+002
40  2.024310e+002
41  1.655870e+002
42  1.176670e+002
43  1.904800e+001
44  1.940000e+000
45  0.000000e+000
46  6.363000e+000
47  1.137600e+001
48  2.596800e+001
49  4.512000e+001
50  9.829100e+001
51  1.146530e+002
52  1.417510e+002
53  1.374560e+002
54  8.633100e+001
55  0.000000e+000
56  0.000000e+000
57  5.160000e-001
58  1.191300e+001
59  1.993270e+002
60  1.945860e+002
61  1.885930e+002
62  1.994910e+002
63  1.817510e+002
64  1.954320e+002
65  1.920400e+002
66  1.577920e+002
67  6.213300e+001
68  0.000000e+000
69  0.000000e+000
70  1.957000e+000
71  1.046000e+000
72  6.384000e+000
73  4.146000e+001
74  8.546300e+001
75  1.360530e+002
76  1.918960e+002
77  1.692030e+002
78  1.301770e+002
79  3.663600e+001
80  7.840000e-001
81  0.000000e+000
82  3.061000e+000
83  0.000000e+000
84  4.566000e+000
85  1.688500e+001
86  3.972800e+001
87  7.508600e+001
88  9.486400e+001
89  8.965000e+001
90  3.983900e+001
91  0.000000e+000
92  0.000000e+000
93  0.000000e+000
94  6.961000e+000
95  4.010000e+001
96  6.745700e+001
97  7.962400e+001
98  9.253200e+001
99  1.928180e+002
100  1.792040e+002
101  1.602470e+002
102  1.066770e+002
103  7.710000e-001
104  0.000000e+000
105  0.000000e+000
106  0.000000e+000
107  8.522000e+000
108  1.690700e+001
109  6.034400e+001
110  8.609400e+001
111  1.024850e+002
112  9.529200e+001
113  7.266100e+001
114  4.179000e+000
115  0.000000e+000
116  0.000000e+000
117  0.000000e+000
118  1.737800e+001
119  3.041300e+001
120  5.070100e+001
121  8.388400e+001
122  1.151740e+002
123  1.559000e+002
124  1.560770e+002
125  1.251690e+002
126  6.789400e+001
127  0.000000e+000
128  0.000000e+000
129  9.643000e+000
130  7.591000e+000
131  2.605700e+001
132  6.380100e+001
133  5.702600e+001
134  5.887900e+001
135  5.869100e+001
136  4.107300e+001
137  2.059900e+001
138  0.000000e+000
139  0.000000e+000
140  0.000000e+000
141  0.000000e+000
142  6.125000e+000
143  3.415100e+001
144  5.672900e+001
