   1 
1  5.488500e+001
2  9.715200e+001
3  1.246570e+002
4  1.229140e+002
5  9.122800e+001
6  4.432200e+001
7  0.000000e+000
8  0.000000e+000
9  0.000000e+000
10  1.165900e+001
11  2.798000e+000
12  8.100000e-001
13  8.807000e+000
14  7.732600e+001
15  1.201780e+002
16  1.064780e+002
17  8.511700e+001
18  5.083800e+001
19  0.000000e+000
20  0.000000e+000
21  0.000000e+000
22  2.522200e+001
23  1.269700e+001
24  7.572300e+001
25  7.149300e+001
26  9.076500e+001
27  1.138640e+002
28  1.225400e+002
29  1.124820e+002
30  8.134700e+001
31  0.000000e+000
32  1.325000e+000
33  0.000000e+000
34  0.000000e+000
35  2.753600e+001
36  4.108000e+001
37  7.296400e+001
38  8.180600e+001
39  1.111680e+002
40  1.257740e+002
41  1.125020e+002
42  6.715900e+001
43  0.000000e+000
44  0.000000e+000
45  0.000000e+000
46  5.862000e+000
47  9.890800e+001
48  1.176200e+002
49  1.284850e+002
50  1.310110e+002
51  1.164340e+002
52  1.328200e+002
53  1.107330e+002
54  6.389400e+001
55  0.000000e+000
56  0.000000e+000
57  1.090000e-001
58  4.931000e+000
59  1.092020e+002
60  1.099430e+002
61  1.046670e+002
62  1.222160e+002
63  1.094910e+002
64  1.186870e+002
65  1.200890e+002
66  9.016100e+001
67  0.000000e+000
68  0.000000e+000
69  0.000000e+000
70  0.000000e+000
71  9.693000e+000
72  8.262000e+000
73  3.612700e+001
74  7.467000e+001
75  1.151720e+002
76  1.141660e+002
77  9.739400e+001
78  4.803200e+001
79  0.000000e+000
80  0.000000e+000
81  0.000000e+000
82  1.446400e+001
83  3.927000e+000
84  2.568700e+001
85  3.570300e+001
86  3.602600e+001
87  4.303700e+001
88  7.549900e+001
89  6.963400e+001
90  2.455700e+001
91  0.000000e+000
92  0.000000e+000
93  0.000000e+000
94  1.311300e+001
95  5.602800e+001
96  7.252600e+001
97  6.916900e+001
98  9.338100e+001
99  1.265890e+002
100  1.153260e+002
101  1.065480e+002
102  4.814100e+001
103  0.000000e+000
104  0.000000e+000
105  0.000000e+000
106  7.020000e-001
107  1.446600e+001
108  8.866000e+000
109  4.648700e+001
110  4.553500e+001
111  3.814500e+001
112  4.002300e+001
113  2.206400e+001
114  0.000000e+000
115  0.000000e+000
116  0.000000e+000
117  0.000000e+000
118  1.726300e+001
119  5.139700e+001
120  5.486500e+001
121  5.948000e+001
122  7.818100e+001
123  1.200810e+002
124  1.092900e+002
125  7.938100e+001
126  1.731100e+001
127  0.000000e+000
128  0.000000e+000
129  1.273300e+001
130  8.504000e+000
131  2.608700e+001
132  7.713400e+001
133  7.378400e+001
134  9.140800e+001
135  8.106200e+001
136  7.149000e+001
137  5.527500e+001
138  0.000000e+000
139  0.000000e+000
140  0.000000e+000
141  0.000000e+000
142  5.642000e+000
143  9.106000e+000
144  1.853900e+001
   2 
1  5.485600e+001
2  9.685800e+001
3  1.246590e+002
4  1.226830e+002
5  9.103700e+001
6  4.415700e+001
7  0.000000e+000
8  0.000000e+000
9  0.000000e+000
10  1.166100e+001
11  2.805000e+000
12  8.100000e-001
13  8.808000e+000
14  7.666600e+001
15  1.201480e+002
16  1.064690e+002
17  8.510900e+001
18  5.083400e+001
19  0.000000e+000
20  0.000000e+000
21  0.000000e+000
22  2.522400e+001
23  1.269900e+001
24  7.546600e+001
25  7.123600e+001
26  8.993700e+001
27  1.123560e+002
28  1.213140e+002
29  1.124830e+002
30  8.134700e+001
31  0.000000e+000
32  1.325000e+000
33  0.000000e+000
34  0.000000e+000
35  2.753800e+001
36  4.108300e+001
37  7.247100e+001
38  8.102800e+001
39  1.101200e+002
40  1.257760e+002
41  1.125020e+002
42  6.715800e+001
43  0.000000e+000
44  0.000000e+000
45  0.000000e+000
46  5.862000e+000
47  9.890600e+001
48  1.173870e+002
49  1.282280e+002
50  1.308900e+002
51  1.164360e+002
52  1.327450e+002
53  1.105920e+002
54  6.376600e+001
55  0.000000e+000
56  0.000000e+000
57  1.090000e-001
58  4.931000e+000
59  1.088360e+002
60  1.094150e+002
61  1.039750e+002
62  1.213970e+002
63  1.087400e+002
64  1.186930e+002
65  1.199670e+002
66  9.016100e+001
67  0.000000e+000
68  0.000000e+000
69  0.000000e+000
70  0.000000e+000
71  9.684000e+000
72  8.214000e+000
73  3.608100e+001
74  7.452400e+001
75  1.149160e+002
76  1.141610e+002
77  9.738800e+001
78  4.802700e+001
79  0.000000e+000
80  0.000000e+000
81  0.000000e+000
82  1.446400e+001
83  3.904000e+000
84  2.566200e+001
85  3.568900e+001
86  3.599300e+001
87  4.297200e+001
88  7.523500e+001
89  6.938300e+001
90  2.432000e+001
91  0.000000e+000
92  0.000000e+000
93  0.000000e+000
94  1.311900e+001
95  5.604000e+001
96  7.254000e+001
97  6.918300e+001
98  9.269400e+001
99  1.265860e+002
100  1.152900e+002
101  1.065410e+002
102  4.813600e+001
103  0.000000e+000
104  0.000000e+000
105  0.000000e+000
106  7.020000e-001
107  1.446700e+001
108  8.867000e+000
109  4.644800e+001
110  4.543500e+001
111  3.804600e+001
112  3.992300e+001
113  2.196500e+001
114  0.000000e+000
115  0.000000e+000
116  0.000000e+000
117  0.000000e+000
118  1.726600e+001
119  5.139900e+001
120  5.465100e+001
121  5.926300e+001
122  7.769600e+001
123  1.200710e+002
124  1.092140e+002
125  7.934700e+001
126  1.728100e+001
127  0.000000e+000
128  0.000000e+000
129  1.273400e+001
130  8.506000e+000
131  2.609000e+001
132  7.711700e+001
133  7.376800e+001
134  9.068600e+001
135  8.036100e+001
136  7.082300e+001
137  5.465800e+001
138  0.000000e+000
139  0.000000e+000
140  0.000000e+000
141  0.000000e+000
142  5.643000e+000
143  9.120000e+000
144  1.855500e+001
   3 
1  5.485600e+001
2  9.686100e+001
3  1.246590e+002
4  1.226850e+002
5  9.103900e+001
6  4.415900e+001
7  0.000000e+000
8  0.000000e+000
9  0.000000e+000
10  1.166100e+001
11  2.805000e+000
12  8.100000e-001
13  8.808000e+000
14  7.667500e+001
15  1.201490e+002
16  1.064690e+002
17  8.510900e+001
18  5.083400e+001
19  0.000000e+000
20  0.000000e+000
21  0.000000e+000
22  2.522400e+001
23  1.269900e+001
24  7.546800e+001
25  7.123800e+001
26  8.994700e+001
27  1.123740e+002
28  1.213310e+002
29  1.124830e+002
30  8.134700e+001
31  0.000000e+000
32  1.325000e+000
33  0.000000e+000
34  0.000000e+000
35  2.753800e+001
36  4.108200e+001
37  7.247700e+001
38  8.103700e+001
39  1.101320e+002
40  1.257760e+002
41  1.125020e+002
42  6.715800e+001
43  0.000000e+000
44  0.000000e+000
45  0.000000e+000
46  5.862000e+000
47  9.890600e+001
48  1.173880e+002
49  1.282300e+002
50  1.308910e+002
51  1.164350e+002
52  1.327450e+002
53  1.105930e+002
54  6.376700e+001
55  0.000000e+000
56  0.000000e+000
57  1.090000e-001
58  4.931000e+000
59  1.088390e+002
60  1.094210e+002
61  1.039830e+002
62  1.214060e+002
63  1.087480e+002
64  1.186920e+002
65  1.199680e+002
66  9.016100e+001
67  0.000000e+000
68  0.000000e+000
69  0.000000e+000
70  0.000000e+000
71  9.684000e+000
72  8.214000e+000
73  3.608100e+001
74  7.452500e+001
75  1.149180e+002
76  1.141610e+002
77  9.738800e+001
78  4.802700e+001
79  0.000000e+000
80  0.000000e+000
81  0.000000e+000
82  1.446400e+001
83  3.904000e+000
84  2.566200e+001
85  3.568900e+001
86  3.599300e+001
87  4.297200e+001
88  7.523700e+001
89  6.938600e+001
90  2.432300e+001
91  0.000000e+000
92  0.000000e+000
93  0.000000e+000
94  1.311800e+001
95  5.603900e+001
96  7.253900e+001
97  6.918300e+001
98  9.270200e+001
99  1.265860e+002
100  1.152900e+002
101  1.065410e+002
102  4.813600e+001
103  0.000000e+000
104  0.000000e+000
105  0.000000e+000
106  7.020000e-001
107  1.446700e+001
108  8.867000e+000
109  4.644900e+001
110  4.543600e+001
111  3.804600e+001
112  3.992400e+001
113  2.196600e+001
114  0.000000e+000
115  0.000000e+000
116  0.000000e+000
117  0.000000e+000
118  1.726600e+001
119  5.139900e+001
120  5.465300e+001
121  5.926600e+001
122  7.770200e+001
123  1.200710e+002
124  1.092150e+002
125  7.934800e+001
126  1.728100e+001
127  0.000000e+000
128  0.000000e+000
129  1.273400e+001
130  8.506000e+000
131  2.609000e+001
132  7.711700e+001
133  7.376800e+001
134  9.069400e+001
135  8.036900e+001
136  7.083000e+001
137  5.466600e+001
138  0.000000e+000
139  0.000000e+000
140  0.000000e+000
141  0.000000e+000
142  5.643000e+000
143  9.120000e+000
144  1.855400e+001
   4 
1  5.433400e+001
2  9.638500e+001
3  1.217060e+002
4  1.205970e+002
5  8.985900e+001
6  4.349700e+001
7  0.000000e+000
8  0.000000e+000
9  0.000000e+000
10  1.160300e+001
11  2.821000e+000
12  7.270000e-001
13  8.740000e+000
14  7.672400e+001
15  1.173790e+002
16  1.042540e+002
17  8.352500e+001
18  4.993900e+001
19  0.000000e+000
20  0.000000e+000
21  0.000000e+000
22  2.486700e+001
23  1.224300e+001
24  7.505700e+001
25  7.087100e+001
26  8.979600e+001
27  1.122980e+002
28  1.197320e+002
29  1.102420e+002
30  7.976200e+001
31  0.000000e+000
32  1.377000e+000
33  0.000000e+000
34  0.000000e+000
35  2.745100e+001
36  4.051600e+001
37  7.205600e+001
38  8.057600e+001
39  1.098090e+002
40  1.228140e+002
41  1.100930e+002
42  6.571800e+001
43  0.000000e+000
44  0.000000e+000
45  0.000000e+000
46  5.844000e+000
47  9.856600e+001
48  1.169640e+002
49  1.254990e+002
50  1.281290e+002
51  1.137890e+002
52  1.299870e+002
53  1.085870e+002
54  6.263200e+001
55  0.000000e+000
56  0.000000e+000
57  4.300000e-002
58  4.923000e+000
59  1.089780e+002
60  1.096530e+002
61  1.041570e+002
62  1.213870e+002
63  1.089710e+002
64  1.159130e+002
65  1.179510e+002
66  8.822000e+001
67  0.000000e+000
68  0.000000e+000
69  0.000000e+000
70  0.000000e+000
71  9.645000e+000
72  8.105000e+000
73  3.592800e+001
74  7.434500e+001
75  1.147720e+002
76  1.115070e+002
77  9.575700e+001
78  4.690900e+001
79  0.000000e+000
80  0.000000e+000
81  0.000000e+000
82  1.447000e+001
83  3.932000e+000
84  2.563600e+001
85  3.505700e+001
86  3.469700e+001
87  4.108500e+001
88  7.425600e+001
89  6.866500e+001
90  2.429100e+001
91  0.000000e+000
92  0.000000e+000
93  0.000000e+000
94  1.306600e+001
95  5.612100e+001
96  7.273400e+001
97  6.943300e+001
98  9.303000e+001
99  1.236570e+002
100  1.130360e+002
101  1.045820e+002
102  4.690700e+001
103  0.000000e+000
104  0.000000e+000
105  0.000000e+000
106  7.030000e-001
107  1.456700e+001
108  8.963000e+000
109  4.584600e+001
110  4.485100e+001
111  3.787400e+001
112  4.069500e+001
113  2.328300e+001
114  0.000000e+000
115  0.000000e+000
116  0.000000e+000
117  0.000000e+000
118  1.725700e+001
119  5.124100e+001
120  5.472400e+001
121  5.943000e+001
122  7.796200e+001
123  1.173330e+002
124  1.070890e+002
125  7.784500e+001
126  1.617300e+001
127  0.000000e+000
128  0.000000e+000
129  1.279700e+001
130  8.580000e+000
131  2.589000e+001
132  7.679900e+001
133  7.355600e+001
134  9.053400e+001
135  8.075500e+001
136  7.155100e+001
137  5.571800e+001
138  4.150000e-001
139  0.000000e+000
140  0.000000e+000
141  0.000000e+000
142  5.642000e+000
143  9.159000e+000
144  1.842100e+001
   5 
1  5.486500e+001
2  9.699900e+001
3  1.246570e+002
4  1.227850e+002
5  9.112200e+001
6  4.423100e+001
7  0.000000e+000
8  0.000000e+000
9  0.000000e+000
10  1.166000e+001
11  2.802000e+000
12  8.100000e-001
13  8.807000e+000
14  7.696100e+001
15  1.201680e+002
16  1.064740e+002
17  8.511400e+001
18  5.083600e+001
19  0.000000e+000
20  0.000000e+000
21  0.000000e+000
22  2.522200e+001
23  1.269700e+001
24  7.558200e+001
25  7.135200e+001
26  9.030600e+001
27  1.130460e+002
28  1.220080e+002
29  1.124820e+002
30  8.134700e+001
31  0.000000e+000
32  1.325000e+000
33  0.000000e+000
34  0.000000e+000
35  2.753500e+001
36  4.108000e+001
37  7.269000e+001
38  8.141000e+001
39  1.106430e+002
40  1.257740e+002
41  1.125000e+002
42  6.715800e+001
43  0.000000e+000
44  0.000000e+000
45  0.000000e+000
46  5.862000e+000
47  9.890300e+001
48  1.175110e+002
49  1.283440e+002
50  1.309310e+002
51  1.164340e+002
52  1.327700e+002
53  1.106510e+002
54  6.382100e+001
55  0.000000e+000
56  0.000000e+000
57  1.090000e-001
58  4.931000e+000
59  1.089990e+002
60  1.096490e+002
61  1.043090e+002
62  1.217910e+002
63  1.091010e+002
64  1.186860e+002
65  1.200200e+002
66  9.016000e+001
67  0.000000e+000
68  0.000000e+000
69  0.000000e+000
70  0.000000e+000
71  9.688000e+000
72  8.254000e+000
73  3.612000e+001
74  7.461400e+001
75  1.150810e+002
76  1.141630e+002
77  9.739100e+001
78  4.803000e+001
79  0.000000e+000
80  0.000000e+000
81  0.000000e+000
82  1.446300e+001
83  3.912000e+000
84  2.567000e+001
85  3.569200e+001
86  3.602000e+001
87  4.303600e+001
88  7.538900e+001
89  6.952900e+001
90  2.445900e+001
91  0.000000e+000
92  0.000000e+000
93  0.000000e+000
94  1.311500e+001
95  5.603100e+001
96  7.252900e+001
97  6.917300e+001
98  9.300600e+001
99  1.265850e+002
100  1.153050e+002
101  1.065440e+002
102  4.813800e+001
103  0.000000e+000
104  0.000000e+000
105  0.000000e+000
106  7.020000e-001
107  1.446600e+001
108  8.866000e+000
109  4.646300e+001
110  4.551400e+001
111  3.812400e+001
112  4.000300e+001
113  2.204400e+001
114  0.000000e+000
115  0.000000e+000
116  0.000000e+000
117  0.000000e+000
118  1.726400e+001
119  5.139700e+001
120  5.475300e+001
121  5.936900e+001
122  7.792200e+001
123  1.200710e+002
124  1.092480e+002
125  7.936300e+001
126  1.729500e+001
127  0.000000e+000
128  0.000000e+000
129  1.273300e+001
130  8.505000e+000
131  2.608700e+001
132  7.712200e+001
133  7.377200e+001
134  9.104300e+001
135  8.071100e+001
136  7.115600e+001
137  5.496700e+001
138  0.000000e+000
139  0.000000e+000
140  0.000000e+000
141  0.000000e+000
142  5.642000e+000
143  9.112000e+000
144  1.854600e+001
   6 
1  5.488100e+001
2  9.712900e+001
3  1.246570e+002
4  1.228940e+002
5  9.121200e+001
6  4.430900e+001
7  0.000000e+000
8  0.000000e+000
9  0.000000e+000
10  1.165900e+001
11  2.799000e+000
12  8.100000e-001
13  8.807000e+000
14  7.727100e+001
15  1.201750e+002
16  1.064780e+002
17  8.511600e+001
18  5.083800e+001
19  0.000000e+000
20  0.000000e+000
21  0.000000e+000
22  2.522100e+001
23  1.269600e+001
24  7.570100e+001
25  7.147000e+001
26  9.069400e+001
27  1.137390e+002
28  1.225330e+002
29  1.124820e+002
30  8.134700e+001
31  0.000000e+000
32  1.325000e+000
33  0.000000e+000
34  0.000000e+000
35  2.753500e+001
36  4.107900e+001
37  7.292200e+001
38  8.174600e+001
39  1.110890e+002
40  1.257740e+002
41  1.125010e+002
42  6.715900e+001
43  0.000000e+000
44  0.000000e+000
45  0.000000e+000
46  5.861000e+000
47  9.890600e+001
48  1.176020e+002
49  1.284620e+002
50  1.309980e+002
51  1.164340e+002
52  1.328110e+002
53  1.107200e+002
54  6.388300e+001
55  0.000000e+000
56  0.000000e+000
57  1.090000e-001
58  4.931000e+000
59  1.091700e+002
60  1.098970e+002
61  1.046120e+002
62  1.221510e+002
63  1.094310e+002
64  1.186860e+002
65  1.200790e+002
66  9.016100e+001
67  0.000000e+000
68  0.000000e+000
69  0.000000e+000
70  0.000000e+000
71  9.692000e+000
72  8.260000e+000
73  3.612600e+001
74  7.466100e+001
75  1.151580e+002
76  1.141650e+002
77  9.739300e+001
78  4.803100e+001
79  0.000000e+000
80  0.000000e+000
81  0.000000e+000
82  1.446400e+001
83  3.926000e+000
84  2.568500e+001
85  3.570200e+001
86  3.602600e+001
87  4.303700e+001
88  7.548200e+001
89  6.961800e+001
90  2.454300e+001
91  0.000000e+000
92  0.000000e+000
93  0.000000e+000
94  1.311300e+001
95  5.602800e+001
96  7.252500e+001
97  6.916900e+001
98  9.332400e+001
99  1.265880e+002
100  1.153220e+002
101  1.065480e+002
102  4.814000e+001
103  0.000000e+000
104  0.000000e+000
105  0.000000e+000
106  7.020000e-001
107  1.446600e+001
108  8.866000e+000
109  4.648300e+001
110  4.553200e+001
111  3.814200e+001
112  4.002100e+001
113  2.206100e+001
114  0.000000e+000
115  0.000000e+000
116  0.000000e+000
117  0.000000e+000
118  1.726300e+001
119  5.139700e+001
120  5.484800e+001
121  5.946300e+001
122  7.814200e+001
123  1.200780e+002
124  1.092830e+002
125  7.937800e+001
126  1.730800e+001
127  0.000000e+000
128  0.000000e+000
129  1.273300e+001
130  8.504000e+000
131  2.608700e+001
132  7.713100e+001
133  7.378200e+001
134  9.135200e+001
135  8.100900e+001
136  7.144000e+001
137  5.522800e+001
138  0.000000e+000
139  0.000000e+000
140  0.000000e+000
141  0.000000e+000
142  5.642000e+000
143  9.106000e+000
144  1.854000e+001
   7 
1  5.489500e+001
2  9.723600e+001
3  1.246570e+002
4  1.229870e+002
5  9.128800e+001
6  4.437400e+001
7  0.000000e+000
8  0.000000e+000
9  0.000000e+000
10  1.165900e+001
11  2.796000e+000
12  8.100000e-001
13  8.807000e+000
14  7.753500e+001
15  1.201810e+002
16  1.064800e+002
17  8.511800e+001
18  5.083900e+001
19  0.000000e+000
20  0.000000e+000
21  0.000000e+000
22  2.522100e+001
23  1.269600e+001
24  7.580000e+001
25  7.156900e+001
26  9.102400e+001
27  1.143280e+002
28  1.225580e+002
29  1.124820e+002
30  8.134700e+001
31  0.000000e+000
32  1.325000e+000
33  0.000000e+000
34  0.000000e+000
35  2.753500e+001
36  4.107900e+001
37  7.311700e+001
38  8.202800e+001
39  1.114650e+002
40  1.257740e+002
41  1.125020e+002
42  6.715900e+001
43  0.000000e+000
44  0.000000e+000
45  0.000000e+000
46  5.861000e+000
47  9.890800e+001
48  1.176780e+002
49  1.285620e+002
50  1.310540e+002
51  1.164340e+002
52  1.328450e+002
53  1.107770e+002
54  6.393400e+001
55  0.000000e+000
56  0.000000e+000
57  1.090000e-001
58  4.931000e+000
59  1.093120e+002
60  1.101050e+002
61  1.048660e+002
62  1.224540e+002
63  1.097090e+002
64  1.186860e+002
65  1.201270e+002
66  9.016100e+001
67  0.000000e+000
68  0.000000e+000
69  0.000000e+000
70  0.000000e+000
71  9.696000e+000
72  8.265000e+000
73  3.613000e+001
74  7.469900e+001
75  1.152200e+002
76  1.141660e+002
77  9.739500e+001
78  4.803300e+001
79  0.000000e+000
80  0.000000e+000
81  0.000000e+000
82  1.446400e+001
83  3.932000e+000
84  2.569200e+001
85  3.570600e+001
86  3.602700e+001
87  4.303700e+001
88  7.556000e+001
89  6.969100e+001
90  2.461200e+001
91  0.000000e+000
92  0.000000e+000
93  0.000000e+000
94  1.311100e+001
95  5.602500e+001
96  7.252200e+001
97  6.916600e+001
98  9.359400e+001
99  1.265900e+002
100  1.153370e+002
101  1.065500e+002
102  4.814200e+001
103  0.000000e+000
104  0.000000e+000
105  0.000000e+000
106  7.020000e-001
107  1.446600e+001
108  8.866000e+000
109  4.650000e+001
110  4.554600e+001
111  3.815600e+001
112  4.003500e+001
113  2.207500e+001
114  0.000000e+000
115  0.000000e+000
116  0.000000e+000
117  0.000000e+000
118  1.726300e+001
119  5.139600e+001
120  5.492800e+001
121  5.954200e+001
122  7.832500e+001
123  1.200840e+002
124  1.093130e+002
125  7.939100e+001
126  1.732000e+001
127  0.000000e+000
128  0.000000e+000
129  1.273200e+001
130  8.504000e+000
131  2.608600e+001
132  7.713800e+001
133  7.378900e+001
134  9.161400e+001
135  8.126000e+001
136  7.167900e+001
137  5.544900e+001
138  0.000000e+000
139  0.000000e+000
140  0.000000e+000
141  0.000000e+000
142  5.641000e+000
143  9.102000e+000
144  1.853500e+001
   8 
1  5.490200e+001
2  9.728500e+001
3  1.246570e+002
4  1.230280e+002
5  9.132200e+001
6  4.440300e+001
7  0.000000e+000
8  0.000000e+000
9  0.000000e+000
10  1.165900e+001
11  2.795000e+000
12  8.100000e-001
13  8.807000e+000
14  7.765300e+001
15  1.201870e+002
16  1.064820e+002
17  8.511900e+001
18  5.084000e+001
19  0.000000e+000
20  0.000000e+000
21  0.000000e+000
22  2.522200e+001
23  1.269600e+001
24  7.584600e+001
25  7.161500e+001
26  9.117200e+001
27  1.145910e+002
28  1.225640e+002
29  1.124820e+002
30  8.134700e+001
31  0.000000e+000
32  1.325000e+000
33  0.000000e+000
34  0.000000e+000
35  2.753500e+001
36  4.108000e+001
37  7.320300e+001
38  8.215400e+001
39  1.116310e+002
40  1.257740e+002
41  1.125030e+002
42  6.716000e+001
43  0.000000e+000
44  0.000000e+000
45  0.000000e+000
46  5.862000e+000
47  9.891200e+001
48  1.177140e+002
49  1.286100e+002
50  1.310840e+002
51  1.164350e+002
52  1.328630e+002
53  1.108030e+002
54  6.395800e+001
55  0.000000e+000
56  0.000000e+000
57  1.090000e-001
58  4.931000e+000
59  1.093770e+002
60  1.101990e+002
61  1.049800e+002
62  1.225890e+002
63  1.098330e+002
64  1.186880e+002
65  1.201490e+002
66  9.016100e+001
67  0.000000e+000
68  0.000000e+000
69  0.000000e+000
70  0.000000e+000
71  9.698000e+000
72  8.268000e+000
73  3.613300e+001
74  7.471700e+001
75  1.152480e+002
76  1.141680e+002
77  9.739600e+001
78  4.803300e+001
79  0.000000e+000
80  0.000000e+000
81  0.000000e+000
82  1.446400e+001
83  3.935000e+000
84  2.569500e+001
85  3.570900e+001
86  3.602900e+001
87  4.303700e+001
88  7.559400e+001
89  6.972300e+001
90  2.464200e+001
91  0.000000e+000
92  0.000000e+000
93  0.000000e+000
94  1.311100e+001
95  5.602500e+001
96  7.252200e+001
97  6.916600e+001
98  9.371500e+001
99  1.265920e+002
100  1.153430e+002
101  1.065510e+002
102  4.814300e+001
103  0.000000e+000
104  0.000000e+000
105  0.000000e+000
106  7.020000e-001
107  1.446600e+001
108  8.866000e+000
109  4.650700e+001
110  4.555300e+001
111  3.816200e+001
112  4.004000e+001
113  2.208000e+001
114  0.000000e+000
115  0.000000e+000
116  0.000000e+000
117  0.000000e+000
118  1.726300e+001
119  5.139600e+001
120  5.496200e+001
121  5.957700e+001
122  7.840500e+001
123  1.200880e+002
124  1.093270e+002
125  7.939700e+001
126  1.732500e+001
127  0.000000e+000
128  0.000000e+000
129  1.273300e+001
130  8.504000e+000
131  2.608600e+001
132  7.714300e+001
133  7.379300e+001
134  9.172900e+001
135  8.137000e+001
136  7.178400e+001
137  5.554500e+001
138  0.000000e+000
139  0.000000e+000
140  0.000000e+000
141  0.000000e+000
142  5.641000e+000
143  9.100000e+000
144  1.853400e+001
   9 
1  5.490700e+001
2  9.732300e+001
3  1.246570e+002
4  1.230610e+002
5  9.134900e+001
6  4.442600e+001
7  0.000000e+000
8  0.000000e+000
9  0.000000e+000
10  1.165900e+001
11  2.795000e+000
12  8.100000e-001
13  8.807000e+000
14  7.774700e+001
15  1.201900e+002
16  1.064830e+002
17  8.512000e+001
18  5.084100e+001
19  0.000000e+000
20  0.000000e+000
21  0.000000e+000
22  2.522200e+001
23  1.269700e+001
24  7.588100e+001
25  7.165000e+001
26  9.129000e+001
27  1.148010e+002
28  1.225680e+002
29  1.124820e+002
30  8.134700e+001
31  0.000000e+000
32  1.325000e+000
33  0.000000e+000
34  0.000000e+000
35  2.753600e+001
36  4.108000e+001
37  7.327100e+001
38  8.225300e+001
39  1.117630e+002
40  1.257750e+002
41  1.125040e+002
42  6.716000e+001
43  0.000000e+000
44  0.000000e+000
45  0.000000e+000
46  5.862000e+000
47  9.891300e+001
48  1.177420e+002
49  1.286480e+002
50  1.311120e+002
51  1.164350e+002
52  1.328770e+002
53  1.108240e+002
54  6.397700e+001
55  0.000000e+000
56  0.000000e+000
57  1.090000e-001
58  4.931000e+000
59  1.094280e+002
60  1.102730e+002
61  1.050700e+002
62  1.226960e+002
63  1.099310e+002
64  1.186890e+002
65  1.201670e+002
66  9.016100e+001
67  0.000000e+000
68  0.000000e+000
69  0.000000e+000
70  0.000000e+000
71  9.700000e+000
72  8.270000e+000
73  3.613400e+001
74  7.473000e+001
75  1.152690e+002
76  1.141690e+002
77  9.739600e+001
78  4.803700e+001
79  0.000000e+000
80  0.000000e+000
81  0.000000e+000
82  1.446500e+001
83  3.942000e+000
84  2.570300e+001
85  3.571400e+001
86  3.603200e+001
87  4.303800e+001
88  7.562200e+001
89  6.975000e+001
90  2.466700e+001
91  0.000000e+000
92  0.000000e+000
93  0.000000e+000
94  1.311100e+001
95  5.602400e+001
96  7.252200e+001
97  6.916500e+001
98  9.381100e+001
99  1.265930e+002
100  1.153480e+002
101  1.065520e+002
102  4.814400e+001
103  0.000000e+000
104  0.000000e+000
105  0.000000e+000
106  7.020000e-001
107  1.446600e+001
108  8.866000e+000
109  4.651300e+001
110  4.555800e+001
111  3.816700e+001
112  4.004500e+001
113  2.208400e+001
114  0.000000e+000
115  0.000000e+000
116  0.000000e+000
117  0.000000e+000
118  1.726300e+001
119  5.139600e+001
120  5.499000e+001
121  5.960400e+001
122  7.846900e+001
123  1.200920e+002
124  1.093380e+002
125  7.940200e+001
126  1.732900e+001
127  0.000000e+000
128  0.000000e+000
129  1.273300e+001
130  8.504000e+000
131  2.608600e+001
132  7.714600e+001
133  7.379500e+001
134  9.182200e+001
135  8.145800e+001
136  7.186700e+001
137  5.562200e+001
138  1.500000e-002
139  0.000000e+000
140  0.000000e+000
141  0.000000e+000
142  5.641000e+000
143  9.097000e+000
144  1.853000e+001
   10 
1  5.490000e+001
2  9.725800e+001
3  1.246570e+002
4  1.230040e+002
5  9.130200e+001
6  4.438600e+001
7  0.000000e+000
8  0.000000e+000
9  0.000000e+000
10  1.165900e+001
11  2.796000e+000
12  8.100000e-001
13  8.807000e+000
14  7.758200e+001
15  1.201860e+002
16  1.064820e+002
17  8.511900e+001
18  5.084000e+001
19  0.000000e+000
20  0.000000e+000
21  0.000000e+000
22  2.522200e+001
23  1.269700e+001
24  7.582200e+001
25  7.159100e+001
26  9.108600e+001
27  1.144350e+002
28  1.225610e+002
29  1.124830e+002
30  8.134700e+001
31  0.000000e+000
32  1.325000e+000
33  0.000000e+000
34  0.000000e+000
35  2.753600e+001
36  4.108100e+001
37  7.315200e+001
38  8.207900e+001
39  1.115310e+002
40  1.257750e+002
41  1.125040e+002
42  6.716000e+001
43  0.000000e+000
44  0.000000e+000
45  0.000000e+000
46  5.862000e+000
47  9.891400e+001
48  1.176960e+002
49  1.285870e+002
50  1.310680e+002
51  1.164350e+002
52  1.328570e+002
53  1.107890e+002
54  6.394500e+001
55  0.000000e+000
56  0.000000e+000
57  1.090000e-001
58  4.931000e+000
59  1.093430e+002
60  1.101460e+002
61  1.049150e+002
62  1.225100e+002
63  1.097610e+002
64  1.186900e+002
65  1.201370e+002
66  9.016100e+001
67  0.000000e+000
68  0.000000e+000
69  0.000000e+000
70  0.000000e+000
71  9.698000e+000
72  8.267000e+000
73  3.613200e+001
74  7.470700e+001
75  1.152340e+002
76  1.141680e+002
77  9.739600e+001
78  4.803300e+001
79  0.000000e+000
80  0.000000e+000
81  0.000000e+000
82  1.446500e+001
83  3.933000e+000
84  2.569400e+001
85  3.570800e+001
86  3.602900e+001
87  4.303700e+001
88  7.557400e+001
89  6.970400e+001
90  2.462400e+001
91  0.000000e+000
92  0.000000e+000
93  0.000000e+000
94  1.311200e+001
95  5.602700e+001
96  7.252400e+001
97  6.916800e+001
98  9.364300e+001
99  1.265930e+002
100  1.153400e+002
101  1.065510e+002
102  4.814300e+001
103  0.000000e+000
104  0.000000e+000
105  0.000000e+000
106  7.020000e-001
107  1.446600e+001
108  8.867000e+000
109  4.650300e+001
110  4.554900e+001
111  3.815900e+001
112  4.003600e+001
113  2.207500e+001
114  0.000000e+000
115  0.000000e+000
116  0.000000e+000
117  0.000000e+000
118  1.726400e+001
119  5.139700e+001
120  5.494100e+001
121  5.955600e+001
122  7.835800e+001
123  1.200890e+002
124  1.093200e+002
125  7.939400e+001
126  1.732200e+001
127  0.000000e+000
128  0.000000e+000
129  1.273300e+001
130  8.504000e+000
131  2.608700e+001
132  7.714300e+001
133  7.379200e+001
134  9.166100e+001
135  8.130300e+001
136  7.171900e+001
137  5.548600e+001
138  0.000000e+000
139  0.000000e+000
140  0.000000e+000
141  0.000000e+000
142  5.641000e+000
143  9.102000e+000
144  1.853500e+001
