   1 
1  5.547400e+001
2  5.702000e+001
3  4.575200e+001
4  6.289600e+001
5  6.537300e+001
6  1.315400e+001
7  0.000000e+000
8  0.000000e+000
9  0.000000e+000
10  5.934000e+000
11  8.567000e+001
12  8.847800e+001
13  8.538500e+001
14  1.144080e+002
15  1.237160e+002
16  1.393240e+002
17  1.334030e+002
18  1.145440e+002
19  5.411000e+000
20  0.000000e+000
21  0.000000e+000
22  0.000000e+000
23  1.198330e+002
24  1.139740e+002
25  1.269910e+002
26  1.565560e+002
27  1.721610e+002
28  2.183360e+002
29  1.771710e+002
30  1.327440e+002
31  3.654200e+001
32  0.000000e+000
33  0.000000e+000
34  1.257000e+001
35  1.316920e+002
36  1.470440e+002
37  1.566580e+002
38  1.700480e+002
39  1.777180e+002
40  2.024570e+002
41  1.655770e+002
42  1.176240e+002
43  1.899400e+001
44  1.957000e+000
45  0.000000e+000
46  6.414000e+000
47  1.164600e+001
48  2.641800e+001
49  4.565400e+001
50  9.881700e+001
51  1.153600e+002
52  1.424640e+002
53  1.381140e+002
54  8.691000e+001
55  0.000000e+000
56  0.000000e+000
57  5.250000e-001
58  1.208000e+001
59  1.992460e+002
60  1.946610e+002
61  1.887870e+002
62  1.996840e+002
63  1.819700e+002
64  1.954680e+002
65  1.919240e+002
66  1.576690e+002
67  6.203600e+001
68  0.000000e+000
69  0.000000e+000
70  2.026000e+000
71  1.360000e+000
72  6.414000e+000
73  4.149700e+001
74  8.561100e+001
75  1.361900e+002
76  1.918190e+002
77  1.691390e+002
78  1.300910e+002
79  3.659600e+001
80  7.890000e-001
81  0.000000e+000
82  3.238000e+000
83  0.000000e+000
84  4.661000e+000
85  1.702100e+001
86  3.995300e+001
87  7.537800e+001
88  9.523200e+001
89  8.998900e+001
90  4.013500e+001
91  0.000000e+000
92  0.000000e+000
93  0.000000e+000
94  7.027000e+000
95  4.038000e+001
96  6.800400e+001
97  8.013600e+001
98  9.310400e+001
99  1.927720e+002
100  1.792770e+002
101  1.602840e+002
102  1.066570e+002
103  7.720000e-001
104  0.000000e+000
105  0.000000e+000
106  0.000000e+000
107  8.707000e+000
108  1.721000e+001
109  6.067600e+001
110  8.655500e+001
111  1.030800e+002
112  9.594300e+001
113  7.326700e+001
114  4.712000e+000
115  0.000000e+000
116  0.000000e+000
117  0.000000e+000
118  1.743900e+001
119  3.064700e+001
120  5.103300e+001
121  8.433100e+001
122  1.153830e+002
123  1.562500e+002
124  1.564300e+002
125  1.254880e+002
126  6.814300e+001
127  0.000000e+000
128  0.000000e+000
129  9.672000e+000
130  7.852000e+000
131  2.649200e+001
132  6.441100e+001
133  5.775600e+001
134  5.972600e+001
135  5.967600e+001
136  4.206300e+001
137  2.153200e+001
138  0.000000e+000
139  0.000000e+000
140  0.000000e+000
141  0.000000e+000
142  6.159000e+000
143  3.420600e+001
144  5.701900e+001
   2 
1  5.524000e+001
2  5.667400e+001
3  4.547800e+001
4  6.272400e+001
5  6.520300e+001
6  1.298700e+001
7  0.000000e+000
8  0.000000e+000
9  0.000000e+000
10  5.944000e+000
11  8.568300e+001
12  8.830300e+001
13  8.521800e+001
14  1.133570e+002
15  1.224500e+002
16  1.380460e+002
17  1.320660e+002
18  1.132520e+002
19  4.157000e+000
20  0.000000e+000
21  0.000000e+000
22  0.000000e+000
23  1.193940e+002
24  1.134940e+002
25  1.261220e+002
26  1.547810e+002
27  1.703360e+002
28  2.175570e+002
29  1.768430e+002
30  1.325830e+002
31  3.639100e+001
32  0.000000e+000
33  0.000000e+000
34  1.257000e+001
35  1.316220e+002
36  1.465790e+002
37  1.557840e+002
38  1.687290e+002
39  1.765960e+002
40  2.014900e+002
41  1.651790e+002
42  1.173230e+002
43  1.870500e+001
44  1.957000e+000
45  0.000000e+000
46  6.414000e+000
47  1.164500e+001
48  2.641700e+001
49  4.565300e+001
50  9.838200e+001
51  1.149290e+002
52  1.419900e+002
53  1.376380e+002
54  8.646600e+001
55  0.000000e+000
56  0.000000e+000
57  5.250000e-001
58  1.209600e+001
59  1.984040e+002
60  1.940830e+002
61  1.882100e+002
62  1.993190e+002
63  1.817940e+002
64  1.951360e+002
65  1.915500e+002
66  1.574340e+002
67  6.186200e+001
68  0.000000e+000
69  0.000000e+000
70  2.025000e+000
71  1.359000e+000
72  6.414000e+000
73  4.135300e+001
74  8.518900e+001
75  1.352780e+002
76  1.910920e+002
77  1.687780e+002
78  1.298030e+002
79  3.625400e+001
80  7.910000e-001
81  0.000000e+000
82  3.219000e+000
83  0.000000e+000
84  4.659000e+000
85  1.702000e+001
86  3.995600e+001
87  7.538900e+001
88  9.523700e+001
89  8.999900e+001
90  4.014400e+001
91  0.000000e+000
92  0.000000e+000
93  0.000000e+000
94  7.027000e+000
95  4.038000e+001
96  6.800400e+001
97  7.984900e+001
98  9.258200e+001
99  1.914380e+002
100  1.787570e+002
101  1.598970e+002
102  1.063140e+002
103  7.720000e-001
104  0.000000e+000
105  0.000000e+000
106  0.000000e+000
107  8.707000e+000
108  1.720900e+001
109  6.051600e+001
110  8.640000e+001
111  1.029180e+002
112  9.577600e+001
113  7.310700e+001
114  4.557000e+000
115  0.000000e+000
116  0.000000e+000
117  0.000000e+000
118  1.744000e+001
119  3.065000e+001
120  5.088500e+001
121  8.414400e+001
122  1.143300e+002
123  1.551450e+002
124  1.553140e+002
125  1.244680e+002
126  6.719500e+001
127  0.000000e+000
128  0.000000e+000
129  9.671000e+000
130  7.849000e+000
131  2.648800e+001
132  6.433500e+001
133  5.761100e+001
134  5.944400e+001
135  5.933400e+001
136  4.170400e+001
137  2.118800e+001
138  0.000000e+000
139  0.000000e+000
140  0.000000e+000
141  0.000000e+000
142  6.162000e+000
143  3.423400e+001
144  5.703900e+001
   3 
1  5.524300e+001
2  5.667900e+001
3  4.548200e+001
4  6.272600e+001
5  6.520500e+001
6  1.298900e+001
7  0.000000e+000
8  0.000000e+000
9  0.000000e+000
10  5.944000e+000
11  8.568200e+001
12  8.830500e+001
13  8.522000e+001
14  1.133700e+002
15  1.224670e+002
16  1.380620e+002
17  1.320820e+002
18  1.132680e+002
19  4.173000e+000
20  0.000000e+000
21  0.000000e+000
22  0.000000e+000
23  1.194000e+002
24  1.135000e+002
25  1.261330e+002
26  1.548040e+002
27  1.703590e+002
28  2.175670e+002
29  1.768470e+002
30  1.325850e+002
31  3.639300e+001
32  0.000000e+000
33  0.000000e+000
34  1.257000e+001
35  1.316230e+002
36  1.465840e+002
37  1.557950e+002
38  1.687460e+002
39  1.766120e+002
40  2.015030e+002
41  1.651840e+002
42  1.173270e+002
43  1.870900e+001
44  1.957000e+000
45  0.000000e+000
46  6.414000e+000
47  1.164500e+001
48  2.641700e+001
49  4.565300e+001
50  9.838800e+001
51  1.149350e+002
52  1.419950e+002
53  1.376440e+002
54  8.647100e+001
55  0.000000e+000
56  0.000000e+000
57  5.250000e-001
58  1.209500e+001
59  1.984140e+002
60  1.940900e+002
61  1.882170e+002
62  1.993240e+002
63  1.817960e+002
64  1.951400e+002
65  1.915550e+002
66  1.574370e+002
67  6.186400e+001
68  0.000000e+000
69  0.000000e+000
70  2.025000e+000
71  1.359000e+000
72  6.414000e+000
73  4.135400e+001
74  8.519400e+001
75  1.352890e+002
76  1.911010e+002
77  1.687830e+002
78  1.298060e+002
79  3.625800e+001
80  7.910000e-001
81  0.000000e+000
82  3.219000e+000
83  0.000000e+000
84  4.659000e+000
85  1.702000e+001
86  3.995600e+001
87  7.538900e+001
88  9.523600e+001
89  8.999800e+001
90  4.014300e+001
91  0.000000e+000
92  0.000000e+000
93  0.000000e+000
94  7.027000e+000
95  4.038000e+001
96  6.800400e+001
97  7.985200e+001
98  9.258800e+001
99  1.914550e+002
100  1.787630e+002
101  1.599020e+002
102  1.063190e+002
103  7.720000e-001
104  0.000000e+000
105  0.000000e+000
106  0.000000e+000
107  8.707000e+000
108  1.720900e+001
109  6.051800e+001
110  8.640200e+001
111  1.029200e+002
112  9.577800e+001
113  7.310900e+001
114  4.558000e+000
115  0.000000e+000
116  0.000000e+000
117  0.000000e+000
118  1.743900e+001
119  3.065000e+001
120  5.088700e+001
121  8.414600e+001
122  1.143440e+002
123  1.551590e+002
124  1.553280e+002
125  1.244800e+002
126  6.720700e+001
127  0.000000e+000
128  0.000000e+000
129  9.671000e+000
130  7.849000e+000
131  2.648800e+001
132  6.433500e+001
133  5.761100e+001
134  5.944500e+001
135  5.933500e+001
136  4.170600e+001
137  2.118900e+001
138  0.000000e+000
139  0.000000e+000
140  0.000000e+000
141  0.000000e+000
142  6.162000e+000
143  3.423300e+001
144  5.703800e+001
   4 
1  5.546100e+001
2  5.700000e+001
3  4.573600e+001
4  6.288600e+001
5  6.536300e+001
6  1.314400e+001
7  0.000000e+000
8  0.000000e+000
9  0.000000e+000
10  5.935000e+000
11  8.567000e+001
12  8.846900e+001
13  8.537600e+001
14  1.143490e+002
15  1.236450e+002
16  1.392520e+002
17  1.333280e+002
18  1.144720e+002
19  5.341000e+000
20  0.000000e+000
21  0.000000e+000
22  0.000000e+000
23  1.198090e+002
24  1.139470e+002
25  1.269430e+002
26  1.564570e+002
27  1.720580e+002
28  2.182930e+002
29  1.771520e+002
30  1.327350e+002
31  3.653300e+001
32  0.000000e+000
33  0.000000e+000
34  1.257000e+001
35  1.316890e+002
36  1.470190e+002
37  1.566090e+002
38  1.699740e+002
39  1.776640e+002
40  2.024070e+002
41  1.655560e+002
42  1.176080e+002
43  1.897900e+001
44  1.957000e+000
45  0.000000e+000
46  6.414000e+000
47  1.164600e+001
48  2.641800e+001
49  4.565400e+001
50  9.879300e+001
51  1.153360e+002
52  1.424380e+002
53  1.380870e+002
54  8.688500e+001
55  0.000000e+000
56  0.000000e+000
57  5.250000e-001
58  1.208000e+001
59  1.991990e+002
60  1.946290e+002
61  1.887540e+002
62  1.996640e+002
63  1.819600e+002
64  1.954490e+002
65  1.919030e+002
66  1.576560e+002
67  6.202600e+001
68  0.000000e+000
69  0.000000e+000
70  2.026000e+000
71  1.360000e+000
72  6.414000e+000
73  4.148900e+001
74  8.558700e+001
75  1.361390e+002
76  1.917780e+002
77  1.691190e+002
78  1.300750e+002
79  3.657700e+001
80  7.890000e-001
81  0.000000e+000
82  3.237000e+000
83  0.000000e+000
84  4.661000e+000
85  1.702100e+001
86  3.995300e+001
87  7.537800e+001
88  9.523200e+001
89  8.998900e+001
90  4.013600e+001
91  0.000000e+000
92  0.000000e+000
93  0.000000e+000
94  7.027000e+000
95  4.038000e+001
96  6.800400e+001
97  8.012000e+001
98  9.307500e+001
99  1.926980e+002
100  1.792480e+002
101  1.602620e+002
102  1.066380e+002
103  7.720000e-001
104  0.000000e+000
105  0.000000e+000
106  0.000000e+000
107  8.707000e+000
108  1.721000e+001
109  6.066700e+001
110  8.654700e+001
111  1.030710e+002
112  9.593400e+001
113  7.325800e+001
114  4.703000e+000
115  0.000000e+000
116  0.000000e+000
117  0.000000e+000
118  1.743900e+001
119  3.064700e+001
120  5.102400e+001
121  8.432000e+001
122  1.153240e+002
123  1.561880e+002
124  1.563670e+002
125  1.254310e+002
126  6.809000e+001
127  0.000000e+000
128  0.000000e+000
129  9.672000e+000
130  7.852000e+000
131  2.649200e+001
132  6.441000e+001
133  5.775500e+001
134  5.972000e+001
135  5.966800e+001
136  4.205400e+001
137  2.152400e+001
138  0.000000e+000
139  0.000000e+000
140  0.000000e+000
141  0.000000e+000
142  6.159000e+000
143  3.420600e+001
144  5.701900e+001
   5 
1  5.534100e+001
2  5.682200e+001
3  4.559500e+001
4  6.279600e+001
5  6.527400e+001
6  1.305700e+001
7  0.000000e+000
8  0.000000e+000
9  0.000000e+000
10  5.940000e+000
11  8.567600e+001
12  8.837700e+001
13  8.528900e+001
14  1.138030e+002
15  1.229890e+002
16  1.385900e+002
17  1.326350e+002
18  1.138030e+002
19  4.692000e+000
20  0.000000e+000
21  0.000000e+000
22  0.000000e+000
23  1.195830e+002
24  1.137000e+002
25  1.264940e+002
26  1.555380e+002
27  1.711130e+002
28  2.178890e+002
29  1.769820e+002
30  1.326510e+002
31  3.645500e+001
32  0.000000e+000
33  0.000000e+000
34  1.257000e+001
35  1.316530e+002
36  1.467780e+002
37  1.561570e+002
38  1.692910e+002
39  1.771210e+002
40  2.019240e+002
41  1.653560e+002
42  1.174580e+002
43  1.883400e+001
44  1.957000e+000
45  0.000000e+000
46  6.414000e+000
47  1.164500e+001
48  2.641700e+001
49  4.565300e+001
50  9.856800e+001
51  1.151140e+002
52  1.421930e+002
53  1.378420e+002
54  8.665600e+001
55  0.000000e+000
56  0.000000e+000
57  5.250000e-001
58  1.208700e+001
59  1.987620e+002
60  1.943280e+002
61  1.884530e+002
62  1.994740e+002
63  1.818690e+002
64  1.952770e+002
65  1.917100e+002
66  1.575350e+002
67  6.193600e+001
68  0.000000e+000
69  0.000000e+000
70  2.025000e+000
71  1.360000e+000
72  6.414000e+000
73  4.141400e+001
74  8.537000e+001
75  1.356650e+002
76  1.914010e+002
77  1.689320e+002
78  1.299260e+002
79  3.640000e+001
80  7.900000e-001
81  0.000000e+000
82  3.227000e+000
83  0.000000e+000
84  4.660000e+000
85  1.702000e+001
86  3.995500e+001
87  7.538400e+001
88  9.523500e+001
89  8.999500e+001
90  4.014000e+001
91  0.000000e+000
92  0.000000e+000
93  0.000000e+000
94  7.027000e+000
95  4.038000e+001
96  6.800400e+001
97  7.997100e+001
98  9.280500e+001
99  1.920080e+002
100  1.789790e+002
101  1.600650e+002
102  1.064630e+002
103  7.720000e-001
104  0.000000e+000
105  0.000000e+000
106  0.000000e+000
107  8.707000e+000
108  1.720900e+001
109  6.058500e+001
110  8.646700e+001
111  1.029870e+002
112  9.584700e+001
113  7.317500e+001
114  4.623000e+000
115  0.000000e+000
116  0.000000e+000
117  0.000000e+000
118  1.743900e+001
119  3.064900e+001
120  5.094800e+001
121  8.422400e+001
122  1.147780e+002
123  1.556160e+002
124  1.557890e+002
125  1.249030e+002
126  6.759900e+001
127  0.000000e+000
128  0.000000e+000
129  9.671000e+000
130  7.850000e+000
131  2.648900e+001
132  6.440100e+001
133  5.774200e+001
134  5.966500e+001
135  5.959800e+001
136  4.197400e+001
137  2.145000e+001
138  0.000000e+000
139  0.000000e+000
140  0.000000e+000
141  0.000000e+000
142  6.159000e+000
143  3.421200e+001
144  5.702300e+001
   6 
1  5.545400e+001
2  5.699000e+001
3  4.572700e+001
4  6.288000e+001
5  6.535700e+001
6  1.313800e+001
7  0.000000e+000
8  0.000000e+000
9  0.000000e+000
10  5.935000e+000
11  8.567000e+001
12  8.846200e+001
13  8.537000e+001
14  1.143160e+002
15  1.236050e+002
16  1.392120e+002
17  1.332850e+002
18  1.144300e+002
19  5.301000e+000
20  0.000000e+000
21  0.000000e+000
22  0.000000e+000
23  1.197950e+002
24  1.139320e+002
25  1.269150e+002
26  1.564020e+002
27  1.720020e+002
28  2.182680e+002
29  1.771420e+002
30  1.327300e+002
31  3.652800e+001
32  0.000000e+000
33  0.000000e+000
34  1.257000e+001
35  1.316850e+002
36  1.470030e+002
37  1.565820e+002
38  1.699330e+002
39  1.776330e+002
40  2.023780e+002
41  1.655440e+002
42  1.175990e+002
43  1.897100e+001
44  1.957000e+000
45  0.000000e+000
46  6.414000e+000
47  1.164600e+001
48  2.641800e+001
49  4.565400e+001
50  9.877900e+001
51  1.153220e+002
52  1.424220e+002
53  1.380710e+002
54  8.687000e+001
55  0.000000e+000
56  0.000000e+000
57  5.250000e-001
58  1.208100e+001
59  1.991720e+002
60  1.946100e+002
61  1.887360e+002
62  1.996520e+002
63  1.819550e+002
64  1.954390e+002
65  1.918920e+002
66  1.576490e+002
67  6.202100e+001
68  0.000000e+000
69  0.000000e+000
70  2.026000e+000
71  1.360000e+000
72  6.414000e+000
73  4.148400e+001
74  8.557400e+001
75  1.361100e+002
76  1.917550e+002
77  1.691080e+002
78  1.300660e+002
79  3.656600e+001
80  7.890000e-001
81  0.000000e+000
82  3.236000e+000
83  0.000000e+000
84  4.661000e+000
85  1.702100e+001
86  3.995300e+001
87  7.537800e+001
88  9.523200e+001
89  8.998900e+001
90  4.013500e+001
91  0.000000e+000
92  0.000000e+000
93  0.000000e+000
94  7.027000e+000
95  4.038000e+001
96  6.800400e+001
97  8.011100e+001
98  9.305800e+001
99  1.926560e+002
100  1.792310e+002
101  1.602500e+002
102  1.066270e+002
103  7.720000e-001
104  0.000000e+000
105  0.000000e+000
106  0.000000e+000
107  8.707000e+000
108  1.720900e+001
109  6.066200e+001
110  8.654100e+001
111  1.030650e+002
112  9.592800e+001
113  7.325200e+001
114  4.698000e+000
115  0.000000e+000
116  0.000000e+000
117  0.000000e+000
118  1.743900e+001
119  3.064700e+001
120  5.102000e+001
121  8.431400e+001
122  1.152910e+002
123  1.561530e+002
124  1.563320e+002
125  1.253980e+002
126  6.805900e+001
127  0.000000e+000
128  0.000000e+000
129  9.672000e+000
130  7.851000e+000
131  2.649100e+001
132  6.440900e+001
133  5.775400e+001
134  5.971600e+001
135  5.966300e+001
136  4.204800e+001
137  2.151800e+001
138  0.000000e+000
139  0.000000e+000
140  0.000000e+000
141  0.000000e+000
142  6.159000e+000
143  3.420600e+001
144  5.701900e+001
   7 
1  5.554900e+001
2  5.712900e+001
3  4.584100e+001
4  6.292700e+001
5  6.540300e+001
6  1.318300e+001
7  0.000000e+000
8  0.000000e+000
9  0.000000e+000
10  5.933000e+000
11  8.566700e+001
12  8.853600e+001
13  8.543900e+001
14  1.147500e+002
15  1.241260e+002
16  1.397350e+002
17  1.338320e+002
18  1.149580e+002
19  5.812000e+000
20  0.000000e+000
21  0.000000e+000
22  0.000000e+000
23  1.199700e+002
24  1.141230e+002
25  1.272670e+002
26  1.571290e+002
27  1.727490e+002
28  2.185870e+002
29  1.772760e+002
30  1.327950e+002
31  3.659000e+001
32  0.000000e+000
33  0.000000e+000
34  1.257000e+001
35  1.317100e+002
36  1.471900e+002
37  1.569380e+002
38  1.704730e+002
39  1.780120e+002
40  2.027370e+002
41  1.656940e+002
42  1.177090e+002
43  1.907700e+001
44  1.957000e+000
45  0.000000e+000
46  6.414000e+000
47  1.164600e+001
48  2.641800e+001
49  4.565400e+001
50  9.895500e+001
51  1.154970e+002
52  1.426130e+002
53  1.382620e+002
54  8.704700e+001
55  0.000000e+000
56  0.000000e+000
57  5.250000e-001
58  1.207600e+001
59  1.995170e+002
60  1.948500e+002
61  1.889770e+002
62  1.998040e+002
63  1.820270e+002
64  1.955740e+002
65  1.920440e+002
66  1.577440e+002
67  6.209100e+001
68  0.000000e+000
69  0.000000e+000
70  2.026000e+000
71  1.360000e+000
72  6.414000e+000
73  4.154300e+001
74  8.574400e+001
75  1.364840e+002
76  1.920530e+002
77  1.692530e+002
78  1.301810e+002
79  3.670500e+001
80  7.890000e-001
81  0.000000e+000
82  3.244000e+000
83  0.000000e+000
84  4.662000e+000
85  1.702100e+001
86  3.995200e+001
87  7.537300e+001
88  9.522600e+001
89  8.998200e+001
90  4.012900e+001
91  0.000000e+000
92  0.000000e+000
93  0.000000e+000
94  7.027000e+000
95  4.038000e+001
96  6.800300e+001
97  8.022800e+001
98  9.326900e+001
99  1.931990e+002
100  1.794430e+002
101  1.604020e+002
102  1.067620e+002
103  7.720000e-001
104  0.000000e+000
105  0.000000e+000
106  0.000000e+000
107  8.707000e+000
108  1.721000e+001
109  6.072600e+001
110  8.660300e+001
111  1.031290e+002
112  9.599400e+001
113  7.331500e+001
114  4.759000e+000
115  0.000000e+000
116  0.000000e+000
117  0.000000e+000
118  1.743800e+001
119  3.064500e+001
120  5.108000e+001
121  8.438900e+001
122  1.157240e+002
123  1.566050e+002
124  1.567890e+002
125  1.258160e+002
126  6.844700e+001
127  0.000000e+000
128  0.000000e+000
129  9.672000e+000
130  7.852000e+000
131  2.649300e+001
132  6.441500e+001
133  5.776300e+001
134  5.975800e+001
135  5.971800e+001
136  4.211100e+001
137  2.157600e+001
138  0.000000e+000
139  0.000000e+000
140  0.000000e+000
141  0.000000e+000
142  6.158000e+000
143  3.420200e+001
144  5.701600e+001
   8 
1  5.559000e+001
2  5.719100e+001
3  4.589000e+001
4  6.294200e+001
5  6.541800e+001
6  1.319800e+001
7  0.000000e+000
8  0.000000e+000
9  0.000000e+000
10  5.932000e+000
11  8.566700e+001
12  8.856900e+001
13  8.547000e+001
14  1.149430e+002
15  1.243560e+002
16  1.399670e+002
17  1.340740e+002
18  1.151900e+002
19  6.038000e+000
20  0.000000e+000
21  0.000000e+000
22  0.000000e+000
23  1.200480e+002
24  1.142080e+002
25  1.274220e+002
26  1.574490e+002
27  1.730770e+002
28  2.187270e+002
29  1.773350e+002
30  1.328240e+002
31  3.661700e+001
32  0.000000e+000
33  0.000000e+000
34  1.257000e+001
35  1.317230e+002
36  1.472730e+002
37  1.570950e+002
38  1.707120e+002
39  1.781670e+002
40  2.028890e+002
41  1.657590e+002
42  1.177560e+002
43  1.912200e+001
44  1.957000e+000
45  0.000000e+000
46  6.414000e+000
47  1.164600e+001
48  2.641800e+001
49  4.565400e+001
50  9.903300e+001
51  1.155740e+002
52  1.426970e+002
53  1.383450e+002
54  8.712600e+001
55  0.000000e+000
56  0.000000e+000
57  5.260000e-001
58  1.207500e+001
59  1.996710e+002
60  1.949560e+002
61  1.890840e+002
62  1.998700e+002
63  1.820590e+002
64  1.956340e+002
65  1.921120e+002
66  1.577860e+002
67  6.212200e+001
68  0.000000e+000
69  0.000000e+000
70  2.026000e+000
71  1.361000e+000
72  6.414000e+000
73  4.156900e+001
74  8.581800e+001
75  1.366490e+002
76  1.921840e+002
77  1.693160e+002
78  1.302320e+002
79  3.676500e+001
80  7.880000e-001
81  0.000000e+000
82  3.248000e+000
83  0.000000e+000
84  4.662000e+000
85  1.702200e+001
86  3.995100e+001
87  7.537200e+001
88  9.522500e+001
89  8.997900e+001
90  4.012600e+001
91  0.000000e+000
92  0.000000e+000
93  0.000000e+000
94  7.027000e+000
95  4.038000e+001
96  6.800400e+001
97  8.028000e+001
98  9.336100e+001
99  1.934390e+002
100  1.795360e+002
101  1.604690e+002
102  1.068210e+002
103  7.720000e-001
104  0.000000e+000
105  0.000000e+000
106  0.000000e+000
107  8.707000e+000
108  1.721000e+001
109  6.075400e+001
110  8.663000e+001
111  1.031580e+002
112  9.602400e+001
113  7.334400e+001
114  4.787000e+000
115  0.000000e+000
116  0.000000e+000
117  0.000000e+000
118  1.743800e+001
119  3.064500e+001
120  5.110700e+001
121  8.442300e+001
122  1.159140e+002
123  1.568050e+002
124  1.569910e+002
125  1.260010e+002
126  6.861800e+001
127  0.000000e+000
128  0.000000e+000
129  9.672000e+000
130  7.853000e+000
131  2.649300e+001
132  6.441800e+001
133  5.776800e+001
134  5.977600e+001
135  5.974200e+001
136  4.213900e+001
137  2.160200e+001
138  0.000000e+000
139  0.000000e+000
140  0.000000e+000
141  0.000000e+000
142  6.158000e+000
143  3.420100e+001
144  5.701600e+001
   9 
1  5.562300e+001
2  5.723900e+001
3  4.593000e+001
4  6.297500e+001
5  6.545000e+001
6  1.322900e+001
7  0.000000e+000
8  0.000000e+000
9  0.000000e+000
10  5.931000e+000
11  8.566500e+001
12  8.859400e+001
13  8.549400e+001
14  1.150950e+002
15  1.245390e+002
16  1.401510e+002
17  1.342660e+002
18  1.153760e+002
19  6.218000e+000
20  0.000000e+000
21  0.000000e+000
22  0.000000e+000
23  1.201090e+002
24  1.142750e+002
25  1.275450e+002
26  1.577040e+002
27  1.733390e+002
28  2.188390e+002
29  1.773820e+002
30  1.328470e+002
31  3.663900e+001
32  0.000000e+000
33  0.000000e+000
34  1.257000e+001
35  1.317320e+002
36  1.473390e+002
37  1.572200e+002
38  1.709020e+002
39  1.782860e+002
40  2.030080e+002
41  1.658100e+002
42  1.177930e+002
43  1.915800e+001
44  1.957000e+000
45  0.000000e+000
46  6.414000e+000
47  1.164600e+001
48  2.641800e+001
49  4.565400e+001
50  9.909400e+001
51  1.156350e+002
52  1.427630e+002
53  1.384110e+002
54  8.718700e+001
55  0.000000e+000
56  0.000000e+000
57  5.260000e-001
58  1.207300e+001
59  1.997930e+002
60  1.950400e+002
61  1.891700e+002
62  1.999240e+002
63  1.820840e+002
64  1.956820e+002
65  1.921660e+002
66  1.578190e+002
67  6.214600e+001
68  0.000000e+000
69  0.000000e+000
70  2.026000e+000
71  1.361000e+000
72  6.414000e+000
73  4.158900e+001
74  8.587800e+001
75  1.367810e+002
76  1.922880e+002
77  1.693670e+002
78  1.302730e+002
79  3.681100e+001
80  7.880000e-001
81  0.000000e+000
82  3.251000e+000
83  0.000000e+000
84  4.663000e+000
85  1.702200e+001
86  3.995100e+001
87  7.537000e+001
88  9.522300e+001
89  8.997600e+001
90  4.012400e+001
91  0.000000e+000
92  0.000000e+000
93  0.000000e+000
94  7.027000e+000
95  4.038000e+001
96  6.800400e+001
97  8.032100e+001
98  9.343500e+001
99  1.936300e+002
100  1.796100e+002
101  1.605220e+002
102  1.068680e+002
103  7.720000e-001
104  0.000000e+000
105  0.000000e+000
106  0.000000e+000
107  8.707000e+000
108  1.721000e+001
109  6.077600e+001
110  8.665200e+001
111  1.031810e+002
112  9.604800e+001
113  7.336700e+001
114  4.809000e+000
115  0.000000e+000
116  0.000000e+000
117  0.000000e+000
118  1.743800e+001
119  3.064500e+001
120  5.112800e+001
121  8.444900e+001
122  1.160670e+002
123  1.569650e+002
124  1.571520e+002
125  1.261480e+002
126  6.875500e+001
127  0.000000e+000
128  0.000000e+000
129  9.672000e+000
130  7.855000e+000
131  2.649700e+001
132  6.442300e+001
133  5.777300e+001
134  5.979200e+001
135  5.976000e+001
136  4.216000e+001
137  2.162100e+001
138  0.000000e+000
139  0.000000e+000
140  0.000000e+000
141  0.000000e+000
142  6.158000e+000
143  3.420000e+001
144  5.701500e+001
   10 
1  5.556600e+001
2  5.715400e+001
3  4.586100e+001
4  6.292900e+001
5  6.540500e+001
6  1.318500e+001
7  0.000000e+000
8  0.000000e+000
9  0.000000e+000
10  5.933000e+000
11  8.566900e+001
12  8.855100e+001
13  8.545400e+001
14  1.148280e+002
15  1.242190e+002
16  1.398300e+002
17  1.339310e+002
18  1.150530e+002
19  5.905000e+000
20  0.000000e+000
21  0.000000e+000
22  0.000000e+000
23  1.200040e+002
24  1.141600e+002
25  1.273310e+002
26  1.572570e+002
27  1.728800e+002
28  2.186440e+002
29  1.773000e+002
30  1.328070e+002
31  3.660100e+001
32  0.000000e+000
33  0.000000e+000
34  1.257100e+001
35  1.317190e+002
36  1.472270e+002
37  1.570030e+002
38  1.705700e+002
39  1.780760e+002
40  2.027990e+002
41  1.657210e+002
42  1.177280e+002
43  1.909500e+001
44  1.958000e+000
45  0.000000e+000
46  6.414000e+000
47  1.164600e+001
48  2.641900e+001
49  4.565500e+001
50  9.898700e+001
51  1.155300e+002
52  1.426490e+002
53  1.382990e+002
54  8.708200e+001
55  0.000000e+000
56  0.000000e+000
57  5.250000e-001
58  1.207600e+001
59  1.995810e+002
60  1.948920e+002
61  1.890190e+002
62  1.998300e+002
63  1.820400e+002
64  1.955980e+002
65  1.920720e+002
66  1.577610e+002
67  6.210300e+001
68  0.000000e+000
69  0.000000e+000
70  2.026000e+000
71  1.361000e+000
72  6.414000e+000
73  4.155400e+001
74  8.577400e+001
75  1.365510e+002
76  1.921060e+002
77  1.692790e+002
78  1.302030e+002
79  3.673000e+001
80  7.890000e-001
81  0.000000e+000
82  3.246000e+000
83  0.000000e+000
84  4.662000e+000
85  1.702200e+001
86  3.995200e+001
87  7.537400e+001
88  9.522800e+001
89  8.998400e+001
90  4.013100e+001
91  0.000000e+000
92  0.000000e+000
93  0.000000e+000
94  7.027000e+000
95  4.038000e+001
96  6.800500e+001
97  8.025000e+001
98  9.330700e+001
99  1.932970e+002
100  1.794810e+002
101  1.604300e+002
102  1.067860e+002
103  7.720000e-001
104  0.000000e+000
105  0.000000e+000
106  0.000000e+000
107  8.707000e+000
108  1.721000e+001
109  6.073800e+001
110  8.661500e+001
111  1.031430e+002
112  9.600900e+001
113  7.333000e+001
114  4.773000e+000
115  0.000000e+000
116  0.000000e+000
117  0.000000e+000
118  1.743900e+001
119  3.064600e+001
120  5.109100e+001
121  8.440400e+001
122  1.158000e+002
123  1.566870e+002
124  1.568720e+002
125  1.258920e+002
126  6.851800e+001
127  0.000000e+000
128  0.000000e+000
129  9.672000e+000
130  7.853000e+000
131  2.649400e+001
132  6.441800e+001
133  5.776600e+001
134  5.976700e+001
135  5.972900e+001
136  4.212400e+001
137  2.158800e+001
138  0.000000e+000
139  0.000000e+000
140  0.000000e+000
141  0.000000e+000
142  6.158000e+000
143  3.420200e+001
144  5.701700e+001
