   1 
1  7.448500e+001
2  1.005870e+002
3  9.948400e+001
4  1.137230e+002
5  8.256700e+001
6  0.000000e+000
7  0.000000e+000
8  0.000000e+000
9  0.000000e+000
10  8.567000e+000
11  1.440900e+001
12  3.593800e+001
13  5.802300e+001
14  8.263400e+001
15  1.295980e+002
16  1.335770e+002
17  1.166700e+002
18  4.226400e+001
19  0.000000e+000
20  0.000000e+000
21  0.000000e+000
22  1.397400e+001
23  1.417500e+001
24  7.750100e+001
25  1.043780e+002
26  1.286690e+002
27  1.198760e+002
28  1.199930e+002
29  1.064970e+002
30  5.924500e+001
31  0.000000e+000
32  0.000000e+000
33  0.000000e+000
34  0.000000e+000
35  5.298000e+000
36  2.606600e+001
37  4.699500e+001
38  5.670500e+001
39  8.997700e+001
40  9.840300e+001
41  8.327500e+001
42  1.687900e+001
43  0.000000e+000
44  0.000000e+000
45  0.000000e+000
46  1.559200e+001
47  1.108170e+002
48  1.355390e+002
49  1.669310e+002
50  1.670260e+002
51  1.726990e+002
52  1.591430e+002
53  1.275130e+002
54  4.443700e+001
55  0.000000e+000
56  0.000000e+000
57  2.660000e-001
58  2.968000e+000
59  7.269900e+001
60  6.799400e+001
61  6.946900e+001
62  6.102800e+001
63  5.217100e+001
64  6.162300e+001
65  2.855900e+001
66  0.000000e+000
67  0.000000e+000
68  0.000000e+000
69  5.518000e+000
70  9.830000e-001
71  6.910000e-001
72  0.000000e+000
73  2.527000e+001
74  3.300900e+001
75  5.574600e+001
76  5.845800e+001
77  3.209600e+001
78  0.000000e+000
79  0.000000e+000
80  0.000000e+000
81  2.833000e+000
82  9.984000e+000
83  2.159800e+001
84  2.808900e+001
85  3.354000e+001
86  5.523400e+001
87  4.691300e+001
88  2.892200e+001
89  3.599400e+001
90  0.000000e+000
91  0.000000e+000
92  0.000000e+000
93  0.000000e+000
94  8.230000e-001
95  4.180900e+001
96  4.746100e+001
97  7.758200e+001
98  1.097510e+002
99  1.134990e+002
100  1.100010e+002
101  8.609900e+001
102  0.000000e+000
103  0.000000e+000
104  0.000000e+000
105  0.000000e+000
106  7.380000e-001
107  1.017800e+001
108  1.379500e+001
109  4.278600e+001
110  3.793800e+001
111  3.096400e+001
112  2.787100e+001
113  0.000000e+000
114  0.000000e+000
115  0.000000e+000
116  0.000000e+000
117  1.200000e-002
118  7.992000e+000
119  2.812600e+001
120  2.600600e+001
121  3.753300e+001
122  3.979000e+001
123  8.447200e+001
124  7.036600e+001
125  3.409100e+001
126  0.000000e+000
127  0.000000e+000
128  0.000000e+000
129  4.919000e+000
130  7.342000e+000
131  3.201700e+001
132  6.444900e+001
133  5.678100e+001
134  4.338100e+001
135  4.203500e+001
136  2.694500e+001
137  0.000000e+000
138  0.000000e+000
139  0.000000e+000
140  0.000000e+000
141  2.430000e-001
142  1.776000e+000
143  2.238800e+001
144  5.329500e+001
   2 
1  7.443700e+001
2  1.000400e+002
3  9.894300e+001
4  1.131550e+002
5  8.202500e+001
6  0.000000e+000
7  0.000000e+000
8  0.000000e+000
9  0.000000e+000
10  8.566000e+000
11  1.440700e+001
12  3.593500e+001
13  5.793000e+001
14  8.256300e+001
15  1.295240e+002
16  1.334040e+002
17  1.165090e+002
18  4.211200e+001
19  0.000000e+000
20  0.000000e+000
21  0.000000e+000
22  1.397400e+001
23  1.417500e+001
24  7.745500e+001
25  1.038450e+002
26  1.275730e+002
27  1.187850e+002
28  1.189310e+002
29  1.054760e+002
30  5.827000e+001
31  0.000000e+000
32  0.000000e+000
33  0.000000e+000
34  0.000000e+000
35  5.307000e+000
36  2.607700e+001
37  4.700400e+001
38  5.662800e+001
39  8.990700e+001
40  9.833300e+001
41  8.320700e+001
42  1.681300e+001
43  0.000000e+000
44  0.000000e+000
45  0.000000e+000
46  1.559200e+001
47  1.107820e+002
48  1.355040e+002
49  1.667650e+002
50  1.667320e+002
51  1.723170e+002
52  1.587980e+002
53  1.272060e+002
54  4.414900e+001
55  0.000000e+000
56  0.000000e+000
57  2.660000e-001
58  2.968000e+000
59  7.269500e+001
60  6.798900e+001
61  6.946300e+001
62  6.102100e+001
63  5.216400e+001
64  6.161600e+001
65  2.855400e+001
66  0.000000e+000
67  0.000000e+000
68  0.000000e+000
69  5.518000e+000
70  9.830000e-001
71  6.910000e-001
72  0.000000e+000
73  2.527000e+001
74  3.300900e+001
75  5.574600e+001
76  5.845800e+001
77  3.209600e+001
78  0.000000e+000
79  0.000000e+000
80  0.000000e+000
81  2.833000e+000
82  9.984000e+000
83  2.159800e+001
84  2.808900e+001
85  3.354000e+001
86  5.486800e+001
87  4.685100e+001
88  2.890000e+001
89  3.598700e+001
90  0.000000e+000
91  0.000000e+000
92  0.000000e+000
93  0.000000e+000
94  8.230000e-001
95  4.180900e+001
96  4.746000e+001
97  7.757800e+001
98  1.088260e+002
99  1.125850e+002
100  1.091150e+002
101  8.524700e+001
102  0.000000e+000
103  0.000000e+000
104  0.000000e+000
105  0.000000e+000
106  7.370000e-001
107  1.017600e+001
108  1.379200e+001
109  4.278000e+001
110  3.793100e+001
111  3.095700e+001
112  2.786500e+001
113  0.000000e+000
114  0.000000e+000
115  0.000000e+000
116  0.000000e+000
117  1.200000e-002
118  7.992000e+000
119  2.812600e+001
120  2.600600e+001
121  3.753300e+001
122  3.969300e+001
123  8.423300e+001
124  7.013200e+001
125  3.386200e+001
126  0.000000e+000
127  0.000000e+000
128  0.000000e+000
129  4.918000e+000
130  7.340000e+000
131  3.201300e+001
132  6.444300e+001
133  5.677300e+001
134  4.337300e+001
135  4.202700e+001
136  2.694300e+001
137  0.000000e+000
138  0.000000e+000
139  0.000000e+000
140  0.000000e+000
141  2.430000e-001
142  1.776000e+000
143  2.238800e+001
144  5.329500e+001
   3 
1  7.443700e+001
2  1.000470e+002
3  9.895000e+001
4  1.131620e+002
5  8.203100e+001
6  0.000000e+000
7  0.000000e+000
8  0.000000e+000
9  0.000000e+000
10  8.566000e+000
11  1.440700e+001
12  3.593500e+001
13  5.793100e+001
14  8.256400e+001
15  1.295240e+002
16  1.334050e+002
17  1.165110e+002
18  4.211400e+001
19  0.000000e+000
20  0.000000e+000
21  0.000000e+000
22  1.397400e+001
23  1.417500e+001
24  7.745600e+001
25  1.038520e+002
26  1.275870e+002
27  1.187990e+002
28  1.189450e+002
29  1.054890e+002
30  5.828200e+001
31  0.000000e+000
32  0.000000e+000
33  0.000000e+000
34  0.000000e+000
35  5.307000e+000
36  2.607700e+001
37  4.700400e+001
38  5.662900e+001
39  8.990800e+001
40  9.833400e+001
41  8.320700e+001
42  1.681300e+001
43  0.000000e+000
44  0.000000e+000
45  0.000000e+000
46  1.559200e+001
47  1.107820e+002
48  1.355030e+002
49  1.667660e+002
50  1.667350e+002
51  1.723210e+002
52  1.588010e+002
53  1.272090e+002
54  4.415200e+001
55  0.000000e+000
56  0.000000e+000
57  2.660000e-001
58  2.968000e+000
59  7.269400e+001
60  6.798800e+001
61  6.946200e+001
62  6.102100e+001
63  5.216400e+001
64  6.161600e+001
65  2.855300e+001
66  0.000000e+000
67  0.000000e+000
68  0.000000e+000
69  5.518000e+000
70  9.830000e-001
71  6.910000e-001
72  0.000000e+000
73  2.527000e+001
74  3.300900e+001
75  5.574600e+001
76  5.845800e+001
77  3.209500e+001
78  0.000000e+000
79  0.000000e+000
80  0.000000e+000
81  2.833000e+000
82  9.984000e+000
83  2.159800e+001
84  2.808900e+001
85  3.354000e+001
86  5.487300e+001
87  4.685300e+001
88  2.890100e+001
89  3.598700e+001
90  0.000000e+000
91  0.000000e+000
92  0.000000e+000
93  0.000000e+000
94  8.230000e-001
95  4.180900e+001
96  4.746000e+001
97  7.757700e+001
98  1.088380e+002
99  1.125960e+002
100  1.091260e+002
101  8.525800e+001
102  0.000000e+000
103  0.000000e+000
104  0.000000e+000
105  0.000000e+000
106  7.370000e-001
107  1.017600e+001
108  1.379200e+001
109  4.278000e+001
110  3.793100e+001
111  3.095600e+001
112  2.786500e+001
113  0.000000e+000
114  0.000000e+000
115  0.000000e+000
116  0.000000e+000
117  1.200000e-002
118  7.992000e+000
119  2.812600e+001
120  2.600600e+001
121  3.753300e+001
122  3.969400e+001
123  8.423600e+001
124  7.013400e+001
125  3.386500e+001
126  0.000000e+000
127  0.000000e+000
128  0.000000e+000
129  4.918000e+000
130  7.340000e+000
131  3.201300e+001
132  6.444200e+001
133  5.677300e+001
134  4.337300e+001
135  4.202700e+001
136  2.694300e+001
137  0.000000e+000
138  0.000000e+000
139  0.000000e+000
140  0.000000e+000
141  2.430000e-001
142  1.776000e+000
143  2.238800e+001
144  5.329500e+001
   4 
1  7.448200e+001
2  1.005570e+002
3  9.945400e+001
4  1.136920e+002
5  8.253700e+001
6  0.000000e+000
7  0.000000e+000
8  0.000000e+000
9  0.000000e+000
10  8.567000e+000
11  1.440900e+001
12  3.593800e+001
13  5.801800e+001
14  8.263000e+001
15  1.295940e+002
16  1.335670e+002
17  1.166610e+002
18  4.225600e+001
19  0.000000e+000
20  0.000000e+000
21  0.000000e+000
22  1.397400e+001
23  1.417500e+001
24  7.749900e+001
25  1.043480e+002
26  1.286080e+002
27  1.198150e+002
28  1.199340e+002
29  1.064410e+002
30  5.919100e+001
31  0.000000e+000
32  0.000000e+000
33  0.000000e+000
34  0.000000e+000
35  5.299000e+000
36  2.606700e+001
37  4.699600e+001
38  5.670100e+001
39  8.997300e+001
40  9.839900e+001
41  8.327100e+001
42  1.687500e+001
43  0.000000e+000
44  0.000000e+000
45  0.000000e+000
46  1.559200e+001
47  1.108160e+002
48  1.355370e+002
49  1.669220e+002
50  1.670100e+002
51  1.726780e+002
52  1.591240e+002
53  1.274960e+002
54  4.442100e+001
55  0.000000e+000
56  0.000000e+000
57  2.660000e-001
58  2.968000e+000
59  7.269900e+001
60  6.799300e+001
61  6.946900e+001
62  6.102800e+001
63  5.217100e+001
64  6.162300e+001
65  2.855900e+001
66  0.000000e+000
67  0.000000e+000
68  0.000000e+000
69  5.518000e+000
70  9.830000e-001
71  6.910000e-001
72  0.000000e+000
73  2.527000e+001
74  3.300900e+001
75  5.574600e+001
76  5.845800e+001
77  3.209600e+001
78  0.000000e+000
79  0.000000e+000
80  0.000000e+000
81  2.833000e+000
82  9.984000e+000
83  2.159800e+001
84  2.808900e+001
85  3.354000e+001
86  5.521400e+001
87  4.691000e+001
88  2.892200e+001
89  3.599400e+001
90  0.000000e+000
91  0.000000e+000
92  0.000000e+000
93  0.000000e+000
94  8.230000e-001
95  4.180900e+001
96  4.746100e+001
97  7.758200e+001
98  1.096990e+002
99  1.134480e+002
100  1.099520e+002
101  8.605100e+001
102  0.000000e+000
103  0.000000e+000
104  0.000000e+000
105  0.000000e+000
106  7.380000e-001
107  1.017800e+001
108  1.379400e+001
109  4.278600e+001
110  3.793800e+001
111  3.096300e+001
112  2.787000e+001
113  0.000000e+000
114  0.000000e+000
115  0.000000e+000
116  0.000000e+000
117  1.200000e-002
118  7.992000e+000
119  2.812600e+001
120  2.600600e+001
121  3.753300e+001
122  3.978400e+001
123  8.445900e+001
124  7.035300e+001
125  3.407800e+001
126  0.000000e+000
127  0.000000e+000
128  0.000000e+000
129  4.918000e+000
130  7.342000e+000
131  3.201700e+001
132  6.444800e+001
133  5.678100e+001
134  4.338100e+001
135  4.203400e+001
136  2.694500e+001
137  0.000000e+000
138  0.000000e+000
139  0.000000e+000
140  0.000000e+000
141  2.430000e-001
142  1.776000e+000
143  2.238800e+001
144  5.329500e+001
   5 
1  7.445800e+001
2  1.002750e+002
3  9.917600e+001
4  1.134000e+002
5  8.225800e+001
6  0.000000e+000
7  0.000000e+000
8  0.000000e+000
9  0.000000e+000
10  8.567000e+000
11  1.440800e+001
12  3.593600e+001
13  5.797000e+001
14  8.259300e+001
15  1.295550e+002
16  1.334790e+002
17  1.165790e+002
18  4.217800e+001
19  0.000000e+000
20  0.000000e+000
21  0.000000e+000
22  1.397400e+001
23  1.417500e+001
24  7.747600e+001
25  1.040730e+002
26  1.280420e+002
27  1.192520e+002
28  1.193860e+002
29  1.059140e+002
30  5.868800e+001
31  0.000000e+000
32  0.000000e+000
33  0.000000e+000
34  0.000000e+000
35  5.303000e+000
36  2.607200e+001
37  4.700000e+001
38  5.666100e+001
39  8.993700e+001
40  9.836300e+001
41  8.323500e+001
42  1.684100e+001
43  0.000000e+000
44  0.000000e+000
45  0.000000e+000
46  1.559200e+001
47  1.107970e+002
48  1.355180e+002
49  1.668350e+002
50  1.668580e+002
51  1.724810e+002
52  1.589450e+002
53  1.273380e+002
54  4.427200e+001
55  0.000000e+000
56  0.000000e+000
57  2.660000e-001
58  2.968000e+000
59  7.269700e+001
60  6.799100e+001
61  6.946600e+001
62  6.102400e+001
63  5.216700e+001
64  6.161900e+001
65  2.855600e+001
66  0.000000e+000
67  0.000000e+000
68  0.000000e+000
69  5.518000e+000
70  9.830000e-001
71  6.910000e-001
72  0.000000e+000
73  2.527000e+001
74  3.300900e+001
75  5.574600e+001
76  5.845800e+001
77  3.209500e+001
78  0.000000e+000
79  0.000000e+000
80  0.000000e+000
81  2.833000e+000
82  9.984000e+000
83  2.159800e+001
84  2.808900e+001
85  3.354000e+001
86  5.502500e+001
87  4.690900e+001
88  2.892200e+001
89  3.599400e+001
90  0.000000e+000
91  0.000000e+000
92  0.000000e+000
93  0.000000e+000
94  8.230000e-001
95  4.180900e+001
96  4.746000e+001
97  7.758000e+001
98  1.092200e+002
99  1.129740e+002
100  1.094920e+002
101  8.561000e+001
102  0.000000e+000
103  0.000000e+000
104  0.000000e+000
105  0.000000e+000
106  7.370000e-001
107  1.017700e+001
108  1.379300e+001
109  4.278300e+001
110  3.793400e+001
111  3.096000e+001
112  2.786700e+001
113  0.000000e+000
114  0.000000e+000
115  0.000000e+000
116  0.000000e+000
117  1.200000e-002
118  7.992000e+000
119  2.812600e+001
120  2.600600e+001
121  3.753300e+001
122  3.973400e+001
123  8.433600e+001
124  7.023200e+001
125  3.396000e+001
126  0.000000e+000
127  0.000000e+000
128  0.000000e+000
129  4.918000e+000
130  7.341000e+000
131  3.201500e+001
132  6.444500e+001
133  5.677600e+001
134  4.337600e+001
135  4.203000e+001
136  2.694400e+001
137  0.000000e+000
138  0.000000e+000
139  0.000000e+000
140  0.000000e+000
141  2.430000e-001
142  1.776000e+000
143  2.238800e+001
144  5.329500e+001
   6 
1  7.448000e+001
2  1.005400e+002
3  9.943700e+001
4  1.136740e+002
5  8.252000e+001
6  0.000000e+000
7  0.000000e+000
8  0.000000e+000
9  0.000000e+000
10  8.567000e+000
11  1.440900e+001
12  3.593700e+001
13  5.801500e+001
14  8.262700e+001
15  1.295900e+002
16  1.335600e+002
17  1.166550e+002
18  4.225000e+001
19  0.000000e+000
20  0.000000e+000
21  0.000000e+000
22  1.397400e+001
23  1.417500e+001
24  7.749700e+001
25  1.043310e+002
26  1.285740e+002
27  1.197810e+002
28  1.199010e+002
29  1.064080e+002
30  5.916000e+001
31  0.000000e+000
32  0.000000e+000
33  0.000000e+000
34  0.000000e+000
35  5.299000e+000
36  2.606700e+001
37  4.699600e+001
38  5.669800e+001
39  8.997000e+001
40  9.839600e+001
41  8.326700e+001
42  1.687200e+001
43  0.000000e+000
44  0.000000e+000
45  0.000000e+000
46  1.559200e+001
47  1.108130e+002
48  1.355340e+002
49  1.669150e+002
50  1.669990e+002
51  1.726640e+002
52  1.591110e+002
53  1.274850e+002
54  4.441000e+001
55  0.000000e+000
56  0.000000e+000
57  2.660000e-001
58  2.968000e+000
59  7.269800e+001
60  6.799200e+001
61  6.946800e+001
62  6.102600e+001
63  5.216900e+001
64  6.162100e+001
65  2.855800e+001
66  0.000000e+000
67  0.000000e+000
68  0.000000e+000
69  5.518000e+000
70  9.830000e-001
71  6.910000e-001
72  0.000000e+000
73  2.527000e+001
74  3.300900e+001
75  5.574500e+001
76  5.845800e+001
77  3.209500e+001
78  0.000000e+000
79  0.000000e+000
80  0.000000e+000
81  2.833000e+000
82  9.984000e+000
83  2.159700e+001
84  2.808900e+001
85  3.353900e+001
86  5.520300e+001
87  4.691000e+001
88  2.892200e+001
89  3.599400e+001
90  0.000000e+000
91  0.000000e+000
92  0.000000e+000
93  0.000000e+000
94  8.230000e-001
95  4.180900e+001
96  4.746100e+001
97  7.758100e+001
98  1.096710e+002
99  1.134190e+002
100  1.099240e+002
101  8.602400e+001
102  0.000000e+000
103  0.000000e+000
104  0.000000e+000
105  0.000000e+000
106  7.380000e-001
107  1.017800e+001
108  1.379400e+001
109  4.278500e+001
110  3.793700e+001
111  3.096300e+001
112  2.787000e+001
113  0.000000e+000
114  0.000000e+000
115  0.000000e+000
116  0.000000e+000
117  1.200000e-002
118  7.992000e+000
119  2.812600e+001
120  2.600600e+001
121  3.753300e+001
122  3.978100e+001
123  8.445100e+001
124  7.034500e+001
125  3.407000e+001
126  0.000000e+000
127  0.000000e+000
128  0.000000e+000
129  4.918000e+000
130  7.342000e+000
131  3.201700e+001
132  6.444700e+001
133  5.678000e+001
134  4.338000e+001
135  4.203300e+001
136  2.694500e+001
137  0.000000e+000
138  0.000000e+000
139  0.000000e+000
140  0.000000e+000
141  2.430000e-001
142  1.776000e+000
143  2.238800e+001
144  5.329500e+001
   7 
1  7.449800e+001
2  1.007600e+002
3  9.965500e+001
4  1.139000e+002
5  8.273600e+001
6  0.000000e+000
7  0.000000e+000
8  0.000000e+000
9  0.000000e+000
10  8.568000e+000
11  1.441000e+001
12  3.593800e+001
13  5.805200e+001
14  8.265500e+001
15  1.296190e+002
16  1.336260e+002
17  1.167150e+002
18  4.230700e+001
19  0.000000e+000
20  0.000000e+000
21  0.000000e+000
22  1.397400e+001
23  1.417500e+001
24  7.751300e+001
25  1.045460e+002
26  1.290190e+002
27  1.202230e+002
28  1.203300e+002
29  1.068210e+002
30  5.955400e+001
31  0.000000e+000
32  0.000000e+000
33  0.000000e+000
34  0.000000e+000
35  5.296000e+000
36  2.606300e+001
37  4.699200e+001
38  5.672900e+001
39  8.999800e+001
40  9.842300e+001
41  8.329400e+001
42  1.689800e+001
43  0.000000e+000
44  0.000000e+000
45  0.000000e+000
46  1.559200e+001
47  1.108260e+002
48  1.355470e+002
49  1.669800e+002
50  1.671160e+002
51  1.728160e+002
52  1.592480e+002
53  1.276070e+002
54  4.452400e+001
55  0.000000e+000
56  0.000000e+000
57  2.660000e-001
58  2.968000e+000
59  7.269800e+001
60  6.799300e+001
61  6.946900e+001
62  6.102800e+001
63  5.217100e+001
64  6.162300e+001
65  2.855900e+001
66  0.000000e+000
67  0.000000e+000
68  0.000000e+000
69  5.518000e+000
70  9.830000e-001
71  6.910000e-001
72  0.000000e+000
73  2.527000e+001
74  3.300900e+001
75  5.574500e+001
76  5.845700e+001
77  3.209500e+001
78  0.000000e+000
79  0.000000e+000
80  0.000000e+000
81  2.833000e+000
82  9.983000e+000
83  2.159700e+001
84  2.808900e+001
85  3.353900e+001
86  5.535100e+001
87  4.701200e+001
88  2.892200e+001
89  3.599400e+001
90  0.000000e+000
91  0.000000e+000
92  0.000000e+000
93  0.000000e+000
94  8.230000e-001
95  4.180900e+001
96  4.746100e+001
97  7.758200e+001
98  1.100500e+002
99  1.137940e+002
100  1.102870e+002
101  8.637300e+001
102  0.000000e+000
103  0.000000e+000
104  0.000000e+000
105  0.000000e+000
106  7.390000e-001
107  1.017800e+001
108  1.379500e+001
109  4.278700e+001
110  3.794000e+001
111  3.096600e+001
112  2.787300e+001
113  0.000000e+000
114  0.000000e+000
115  0.000000e+000
116  0.000000e+000
117  1.200000e-002
118  7.992000e+000
119  2.812600e+001
120  2.600600e+001
121  3.753300e+001
122  3.982000e+001
123  8.454600e+001
124  7.043800e+001
125  3.416100e+001
126  0.000000e+000
127  0.000000e+000
128  0.000000e+000
129  4.919000e+000
130  7.343000e+000
131  3.201800e+001
132  6.444900e+001
133  5.678200e+001
134  4.338300e+001
135  4.203600e+001
136  2.694600e+001
137  0.000000e+000
138  0.000000e+000
139  0.000000e+000
140  0.000000e+000
141  2.430000e-001
142  1.776000e+000
143  2.238800e+001
144  5.329500e+001
   8 
1  7.450700e+001
2  1.008580e+002
3  9.975100e+001
4  1.140010e+002
5  8.283200e+001
6  0.000000e+000
7  0.000000e+000
8  0.000000e+000
9  0.000000e+000
10  8.568000e+000
11  1.441000e+001
12  3.593900e+001
13  5.806800e+001
14  8.266800e+001
15  1.296330e+002
16  1.336560e+002
17  1.167430e+002
18  4.233300e+001
19  0.000000e+000
20  0.000000e+000
21  0.000000e+000
22  1.397400e+001
23  1.417500e+001
24  7.752100e+001
25  1.046410e+002
26  1.292150e+002
27  1.204180e+002
28  1.205190e+002
29  1.070030e+002
30  5.972800e+001
31  0.000000e+000
32  0.000000e+000
33  0.000000e+000
34  0.000000e+000
35  5.295000e+000
36  2.606200e+001
37  4.699100e+001
38  5.674300e+001
39  9.001200e+001
40  9.843700e+001
41  8.330700e+001
42  1.691100e+001
43  0.000000e+000
44  0.000000e+000
45  0.000000e+000
46  1.559200e+001
47  1.108320e+002
48  1.355540e+002
49  1.670110e+002
50  1.671700e+002
51  1.728840e+002
52  1.593100e+002
53  1.276620e+002
54  4.457600e+001
55  0.000000e+000
56  0.000000e+000
57  2.660000e-001
58  2.968000e+000
59  7.270000e+001
60  6.799500e+001
61  6.947100e+001
62  6.103000e+001
63  5.217300e+001
64  6.162500e+001
65  2.856100e+001
66  0.000000e+000
67  0.000000e+000
68  0.000000e+000
69  5.518000e+000
70  9.830000e-001
71  6.910000e-001
72  0.000000e+000
73  2.527000e+001
74  3.300900e+001
75  5.574600e+001
76  5.845800e+001
77  3.209500e+001
78  0.000000e+000
79  0.000000e+000
80  0.000000e+000
81  2.833000e+000
82  9.984000e+000
83  2.159800e+001
84  2.808900e+001
85  3.354000e+001
86  5.541700e+001
87  4.707000e+001
88  2.892200e+001
89  3.599400e+001
90  0.000000e+000
91  0.000000e+000
92  0.000000e+000
93  0.000000e+000
94  8.230000e-001
95  4.181000e+001
96  4.746100e+001
97  7.758300e+001
98  1.102180e+002
99  1.139600e+002
100  1.104470e+002
101  8.652700e+001
102  0.000000e+000
103  0.000000e+000
104  0.000000e+000
105  0.000000e+000
106  7.390000e-001
107  1.017900e+001
108  1.379600e+001
109  4.278900e+001
110  3.794200e+001
111  3.096800e+001
112  2.787400e+001
113  0.000000e+000
114  0.000000e+000
115  0.000000e+000
116  0.000000e+000
117  1.200000e-002
118  7.992000e+000
119  2.812600e+001
120  2.600600e+001
121  3.753300e+001
122  3.983700e+001
123  8.458800e+001
124  7.048000e+001
125  3.420200e+001
126  0.000000e+000
127  0.000000e+000
128  0.000000e+000
129  4.919000e+000
130  7.343000e+000
131  3.201900e+001
132  6.445100e+001
133  5.678400e+001
134  4.338500e+001
135  4.203800e+001
136  2.694600e+001
137  0.000000e+000
138  0.000000e+000
139  0.000000e+000
140  0.000000e+000
141  2.430000e-001
142  1.776000e+000
143  2.238800e+001
144  5.329500e+001
   9 
1  7.451300e+001
2  1.009350e+002
3  9.982700e+001
4  1.140800e+002
5  8.290800e+001
6  0.000000e+000
7  0.000000e+000
8  0.000000e+000
9  0.000000e+000
10  8.568000e+000
11  1.441000e+001
12  3.594000e+001
13  5.808100e+001
14  8.267800e+001
15  1.296440e+002
16  1.336790e+002
17  1.167640e+002
18  4.235300e+001
19  0.000000e+000
20  0.000000e+000
21  0.000000e+000
22  1.397400e+001
23  1.417600e+001
24  7.752700e+001
25  1.047170e+002
26  1.293710e+002
27  1.205730e+002
28  1.206690e+002
29  1.071470e+002
30  5.986500e+001
31  0.000000e+000
32  0.000000e+000
33  0.000000e+000
34  0.000000e+000
35  5.294000e+000
36  2.606100e+001
37  4.699000e+001
38  5.675400e+001
39  9.002200e+001
40  9.844700e+001
41  8.331700e+001
42  1.692100e+001
43  0.000000e+000
44  0.000000e+000
45  0.000000e+000
46  1.559200e+001
47  1.108370e+002
48  1.355580e+002
49  1.670340e+002
50  1.672110e+002
51  1.729370e+002
52  1.593580e+002
53  1.277050e+002
54  4.461600e+001
55  0.000000e+000
56  0.000000e+000
57  2.660000e-001
58  2.969000e+000
59  7.270000e+001
60  6.799600e+001
61  6.947200e+001
62  6.103100e+001
63  5.217400e+001
64  6.162600e+001
65  2.856200e+001
66  0.000000e+000
67  0.000000e+000
68  0.000000e+000
69  5.518000e+000
70  9.830000e-001
71  6.910000e-001
72  0.000000e+000
73  2.527000e+001
74  3.300900e+001
75  5.574600e+001
76  5.845800e+001
77  3.209600e+001
78  0.000000e+000
79  0.000000e+000
80  0.000000e+000
81  2.833000e+000
82  9.984000e+000
83  2.159800e+001
84  2.808900e+001
85  3.354000e+001
86  5.546800e+001
87  4.711500e+001
88  2.892200e+001
89  3.599400e+001
90  0.000000e+000
91  0.000000e+000
92  0.000000e+000
93  0.000000e+000
94  8.230000e-001
95  4.181000e+001
96  4.746200e+001
97  7.758300e+001
98  1.103510e+002
99  1.140920e+002
100  1.105750e+002
101  8.665000e+001
102  0.000000e+000
103  0.000000e+000
104  0.000000e+000
105  0.000000e+000
106  7.400000e-001
107  1.017900e+001
108  1.379700e+001
109  4.279000e+001
110  3.794300e+001
111  3.096900e+001
112  2.787500e+001
113  0.000000e+000
114  0.000000e+000
115  0.000000e+000
116  0.000000e+000
117  1.200000e-002
118  7.992000e+000
119  2.812600e+001
120  2.600600e+001
121  3.753300e+001
122  3.985100e+001
123  8.462100e+001
124  7.051200e+001
125  3.423400e+001
126  0.000000e+000
127  0.000000e+000
128  0.000000e+000
129  4.919000e+000
130  7.344000e+000
131  3.202000e+001
132  6.445200e+001
133  5.678600e+001
134  4.338600e+001
135  4.204000e+001
136  2.694600e+001
137  0.000000e+000
138  0.000000e+000
139  0.000000e+000
140  0.000000e+000
141  2.430000e-001
142  1.776000e+000
143  2.238800e+001
144  5.329500e+001
   10 
1  7.450300e+001
2  1.008010e+002
3  9.969500e+001
4  1.139440e+002
5  8.277800e+001
6  0.000000e+000
7  0.000000e+000
8  0.000000e+000
9  0.000000e+000
10  8.568000e+000
11  1.441000e+001
12  3.594000e+001
13  5.805900e+001
14  8.266100e+001
15  1.296280e+002
16  1.336430e+002
17  1.167310e+002
18  4.232200e+001
19  0.000000e+000
20  0.000000e+000
21  0.000000e+000
22  1.397500e+001
23  1.417600e+001
24  7.751900e+001
25  1.045860e+002
26  1.290990e+002
27  1.203020e+002
28  1.204080e+002
29  1.068960e+002
30  5.962500e+001
31  0.000000e+000
32  0.000000e+000
33  0.000000e+000
34  0.000000e+000
35  5.296000e+000
36  2.606300e+001
37  4.699200e+001
38  5.673500e+001
39  9.000600e+001
40  9.843200e+001
41  8.330300e+001
42  1.690700e+001
43  0.000000e+000
44  0.000000e+000
45  0.000000e+000
46  1.559200e+001
47  1.108320e+002
48  1.355540e+002
49  1.669980e+002
50  1.671430e+002
51  1.728490e+002
52  1.592780e+002
53  1.276340e+002
54  4.454900e+001
55  0.000000e+000
56  0.000000e+000
57  2.660000e-001
58  2.969000e+000
59  7.270100e+001
60  6.799700e+001
61  6.947300e+001
62  6.103200e+001
63  5.217500e+001
64  6.162700e+001
65  2.856300e+001
66  0.000000e+000
67  0.000000e+000
68  0.000000e+000
69  5.518000e+000
70  9.830000e-001
71  6.910000e-001
72  0.000000e+000
73  2.527000e+001
74  3.300900e+001
75  5.574600e+001
76  5.845900e+001
77  3.209700e+001
78  0.000000e+000
79  0.000000e+000
80  0.000000e+000
81  2.833000e+000
82  9.984000e+000
83  2.159800e+001
84  2.809000e+001
85  3.354000e+001
86  5.537800e+001
87  4.703600e+001
88  2.892200e+001
89  3.599400e+001
90  0.000000e+000
91  0.000000e+000
92  0.000000e+000
93  0.000000e+000
94  8.230000e-001
95  4.181000e+001
96  4.746200e+001
97  7.758300e+001
98  1.101170e+002
99  1.138610e+002
100  1.103530e+002
101  8.643600e+001
102  0.000000e+000
103  0.000000e+000
104  0.000000e+000
105  0.000000e+000
106  7.390000e-001
107  1.017900e+001
108  1.379600e+001
109  4.278900e+001
110  3.794100e+001
111  3.096700e+001
112  2.787400e+001
113  0.000000e+000
114  0.000000e+000
115  0.000000e+000
116  0.000000e+000
117  1.200000e-002
118  7.992000e+000
119  2.812700e+001
120  2.600600e+001
121  3.753400e+001
122  3.982800e+001
123  8.456500e+001
124  7.045700e+001
125  3.418000e+001
126  0.000000e+000
127  0.000000e+000
128  0.000000e+000
129  4.919000e+000
130  7.343000e+000
131  3.201900e+001
132  6.445200e+001
133  5.678500e+001
134  4.338500e+001
135  4.203900e+001
136  2.694600e+001
137  0.000000e+000
138  0.000000e+000
139  0.000000e+000
140  0.000000e+000
141  2.430000e-001
142  1.776000e+000
143  2.238900e+001
144  5.329600e+001
