   1 
1  0.000000e+000
2  2.906000e-002
3  6.421000e-002
4  5.794000e-002
5  0.000000e+000
6  0.000000e+000
7  0.000000e+000
8  0.000000e+000
9  0.000000e+000
10  0.000000e+000
11  0.000000e+000
12  0.000000e+000
13  0.000000e+000
14  2.343000e-002
15  3.089000e-002
16  1.348000e-002
17  0.000000e+000
18  0.000000e+000
19  0.000000e+000
20  0.000000e+000
21  0.000000e+000
22  0.000000e+000
23  0.000000e+000
24  2.903000e-003
25  0.000000e+000
26  2.590000e-002
27  5.736000e-002
28  0.000000e+000
29  2.271000e-002
30  0.000000e+000
31  0.000000e+000
32  0.000000e+000
33  0.000000e+000
34  0.000000e+000
35  0.000000e+000
36  0.000000e+000
37  1.407000e-002
38  1.272000e-002
39  2.302000e-002
40  0.000000e+000
41  2.011000e-002
42  0.000000e+000
43  0.000000e+000
44  0.000000e+000
45  0.000000e+000
46  0.000000e+000
47  0.000000e+000
48  4.547000e-003
49  1.961000e-002
50  2.429000e-002
51  3.195000e-002
52  1.019000e-001
53  8.142000e-001
54  1.093000e+000
55  6.708000e-002
56  0.000000e+000
57  0.000000e+000
58  0.000000e+000
59  8.281000e-003
60  6.992000e-003
61  7.850000e-003
62  5.576000e-003
63  0.000000e+000
64  5.807000e-002
65  1.566000e-001
66  9.823000e-001
67  5.308000e-001
68  0.000000e+000
69  0.000000e+000
70  0.000000e+000
71  0.000000e+000
72  0.000000e+000
73  3.331000e-003
74  0.000000e+000
75  0.000000e+000
76  5.013000e-002
77  0.000000e+000
78  0.000000e+000
79  0.000000e+000
80  0.000000e+000
81  0.000000e+000
82  0.000000e+000
83  0.000000e+000
84  0.000000e+000
85  0.000000e+000
86  0.000000e+000
87  0.000000e+000
88  1.315000e-002
89  0.000000e+000
90  0.000000e+000
91  0.000000e+000
92  0.000000e+000
93  0.000000e+000
94  0.000000e+000
95  0.000000e+000
96  0.000000e+000
97  0.000000e+000
98  3.216000e-002
99  4.890000e-002
100  0.000000e+000
101  1.759000e-002
102  0.000000e+000
103  0.000000e+000
104  0.000000e+000
105  0.000000e+000
106  0.000000e+000
107  0.000000e+000
108  0.000000e+000
109  0.000000e+000
110  0.000000e+000
111  0.000000e+000
112  0.000000e+000
113  0.000000e+000
114  0.000000e+000
115  0.000000e+000
116  0.000000e+000
117  0.000000e+000
118  0.000000e+000
119  0.000000e+000
120  1.557000e-003
121  0.000000e+000
122  9.504000e-003
123  1.664000e-002
124  0.000000e+000
125  0.000000e+000
126  0.000000e+000
127  0.000000e+000
128  0.000000e+000
129  0.000000e+000
130  0.000000e+000
131  0.000000e+000
132  0.000000e+000
133  0.000000e+000
134  2.880000e-002
135  0.000000e+000
136  0.000000e+000
137  0.000000e+000
138  0.000000e+000
139  0.000000e+000
140  0.000000e+000
141  0.000000e+000
142  0.000000e+000
143  0.000000e+000
144  0.000000e+000
   2 
1  0.000000e+000
2  2.906000e-002
3  6.422000e-002
4  5.795000e-002
5  0.000000e+000
6  0.000000e+000
7  0.000000e+000
8  0.000000e+000
9  0.000000e+000
10  0.000000e+000
11  0.000000e+000
12  0.000000e+000
13  0.000000e+000
14  2.344000e-002
15  3.089000e-002
16  1.348000e-002
17  0.000000e+000
18  0.000000e+000
19  0.000000e+000
20  0.000000e+000
21  0.000000e+000
22  0.000000e+000
23  0.000000e+000
24  2.904000e-003
25  0.000000e+000
26  2.591000e-002
27  5.737000e-002
28  0.000000e+000
29  2.272000e-002
30  0.000000e+000
31  0.000000e+000
32  0.000000e+000
33  0.000000e+000
34  0.000000e+000
35  0.000000e+000
36  0.000000e+000
37  1.407000e-002
38  1.272000e-002
39  2.302000e-002
40  0.000000e+000
41  2.011000e-002
42  0.000000e+000
43  0.000000e+000
44  0.000000e+000
45  0.000000e+000
46  0.000000e+000
47  0.000000e+000
48  4.547000e-003
49  1.961000e-002
50  2.876000e-002
51  3.195000e-002
52  1.019000e-001
53  8.142000e-001
54  1.093000e+000
55  2.940000e-002
56  0.000000e+000
57  0.000000e+000
58  0.000000e+000
59  1.226000e-002
60  6.992000e-003
61  7.851000e-003
62  5.576000e-003
63  0.000000e+000
64  5.807000e-002
65  1.904000e-001
66  9.823000e-001
67  4.706000e-001
68  0.000000e+000
69  0.000000e+000
70  0.000000e+000
71  0.000000e+000
72  0.000000e+000
73  3.332000e-003
74  0.000000e+000
75  0.000000e+000
76  6.574000e-002
77  0.000000e+000
78  0.000000e+000
79  0.000000e+000
80  0.000000e+000
81  0.000000e+000
82  0.000000e+000
83  0.000000e+000
84  0.000000e+000
85  0.000000e+000
86  0.000000e+000
87  8.634000e-003
88  1.315000e-002
89  0.000000e+000
90  0.000000e+000
91  0.000000e+000
92  0.000000e+000
93  0.000000e+000
94  0.000000e+000
95  0.000000e+000
96  0.000000e+000
97  0.000000e+000
98  3.216000e-002
99  4.890000e-002
100  0.000000e+000
101  1.759000e-002
102  0.000000e+000
103  0.000000e+000
104  0.000000e+000
105  0.000000e+000
106  0.000000e+000
107  0.000000e+000
108  0.000000e+000
109  0.000000e+000
110  0.000000e+000
111  0.000000e+000
112  0.000000e+000
113  0.000000e+000
114  0.000000e+000
115  0.000000e+000
116  0.000000e+000
117  0.000000e+000
118  0.000000e+000
119  0.000000e+000
120  1.557000e-003
121  0.000000e+000
122  9.505000e-003
123  1.664000e-002
124  1.858000e-002
125  0.000000e+000
126  0.000000e+000
127  0.000000e+000
128  0.000000e+000
129  0.000000e+000
130  0.000000e+000
131  0.000000e+000
132  0.000000e+000
133  0.000000e+000
134  2.880000e-002
135  0.000000e+000
136  0.000000e+000
137  0.000000e+000
138  0.000000e+000
139  0.000000e+000
140  0.000000e+000
141  0.000000e+000
142  0.000000e+000
143  0.000000e+000
144  0.000000e+000
   3 
1  0.000000e+000
2  2.906000e-002
3  6.422000e-002
4  5.795000e-002
5  0.000000e+000
6  0.000000e+000
7  0.000000e+000
8  0.000000e+000
9  0.000000e+000
10  0.000000e+000
11  0.000000e+000
12  0.000000e+000
13  0.000000e+000
14  2.344000e-002
15  3.089000e-002
16  1.348000e-002
17  0.000000e+000
18  0.000000e+000
19  0.000000e+000
20  0.000000e+000
21  0.000000e+000
22  0.000000e+000
23  0.000000e+000
24  2.904000e-003
25  0.000000e+000
26  2.591000e-002
27  5.737000e-002
28  0.000000e+000
29  2.272000e-002
30  0.000000e+000
31  0.000000e+000
32  0.000000e+000
33  0.000000e+000
34  0.000000e+000
35  0.000000e+000
36  0.000000e+000
37  1.407000e-002
38  1.272000e-002
39  2.302000e-002
40  0.000000e+000
41  2.011000e-002
42  0.000000e+000
43  0.000000e+000
44  0.000000e+000
45  0.000000e+000
46  0.000000e+000
47  0.000000e+000
48  4.547000e-003
49  1.961000e-002
50  3.085000e-002
51  3.195000e-002
52  1.019000e-001
53  8.142000e-001
54  1.093000e+000
55  4.148000e-002
56  0.000000e+000
57  0.000000e+000
58  0.000000e+000
59  1.453000e-002
60  6.992000e-003
61  7.851000e-003
62  5.576000e-003
63  0.000000e+000
64  5.807000e-002
65  1.904000e-001
66  9.823000e-001
67  4.856000e-001
68  0.000000e+000
69  0.000000e+000
70  0.000000e+000
71  0.000000e+000
72  0.000000e+000
73  3.332000e-003
74  0.000000e+000
75  0.000000e+000
76  6.574000e-002
77  0.000000e+000
78  0.000000e+000
79  0.000000e+000
80  0.000000e+000
81  0.000000e+000
82  0.000000e+000
83  0.000000e+000
84  0.000000e+000
85  0.000000e+000
86  0.000000e+000
87  8.634000e-003
88  1.315000e-002
89  0.000000e+000
90  0.000000e+000
91  0.000000e+000
92  0.000000e+000
93  0.000000e+000
94  0.000000e+000
95  0.000000e+000
96  0.000000e+000
97  0.000000e+000
98  3.216000e-002
99  4.890000e-002
100  0.000000e+000
101  1.759000e-002
102  0.000000e+000
103  0.000000e+000
104  0.000000e+000
105  0.000000e+000
106  0.000000e+000
107  0.000000e+000
108  0.000000e+000
109  0.000000e+000
110  0.000000e+000
111  0.000000e+000
112  0.000000e+000
113  0.000000e+000
114  0.000000e+000
115  0.000000e+000
116  0.000000e+000
117  0.000000e+000
118  0.000000e+000
119  0.000000e+000
120  1.557000e-003
121  0.000000e+000
122  9.505000e-003
123  1.664000e-002
124  1.858000e-002
125  0.000000e+000
126  0.000000e+000
127  0.000000e+000
128  0.000000e+000
129  0.000000e+000
130  0.000000e+000
131  0.000000e+000
132  0.000000e+000
133  0.000000e+000
134  2.880000e-002
135  0.000000e+000
136  0.000000e+000
137  0.000000e+000
138  0.000000e+000
139  0.000000e+000
140  0.000000e+000
141  0.000000e+000
142  0.000000e+000
143  0.000000e+000
144  0.000000e+000
   4 
1  0.000000e+000
2  2.906000e-002
3  6.421000e-002
4  5.794000e-002
5  0.000000e+000
6  0.000000e+000
7  0.000000e+000
8  0.000000e+000
9  0.000000e+000
10  0.000000e+000
11  0.000000e+000
12  0.000000e+000
13  0.000000e+000
14  2.343000e-002
15  3.089000e-002
16  1.348000e-002
17  0.000000e+000
18  0.000000e+000
19  0.000000e+000
20  0.000000e+000
21  0.000000e+000
22  0.000000e+000
23  0.000000e+000
24  2.903000e-003
25  0.000000e+000
26  2.590000e-002
27  5.736000e-002
28  0.000000e+000
29  2.271000e-002
30  0.000000e+000
31  0.000000e+000
32  0.000000e+000
33  0.000000e+000
34  0.000000e+000
35  0.000000e+000
36  0.000000e+000
37  1.407000e-002
38  1.272000e-002
39  2.302000e-002
40  0.000000e+000
41  2.011000e-002
42  0.000000e+000
43  0.000000e+000
44  0.000000e+000
45  0.000000e+000
46  0.000000e+000
47  0.000000e+000
48  4.547000e-003
49  1.961000e-002
50  2.430000e-002
51  3.195000e-002
52  1.019000e-001
53  8.142000e-001
54  1.093000e+000
55  7.130000e-002
56  0.000000e+000
57  0.000000e+000
58  0.000000e+000
59  1.453000e-002
60  6.992000e-003
61  7.851000e-003
62  5.576000e-003
63  0.000000e+000
64  5.808000e-002
65  2.225000e-001
66  9.823000e-001
67  5.862000e-001
68  0.000000e+000
69  0.000000e+000
70  0.000000e+000
71  0.000000e+000
72  0.000000e+000
73  3.331000e-003
74  0.000000e+000
75  0.000000e+000
76  5.013000e-002
77  0.000000e+000
78  0.000000e+000
79  0.000000e+000
80  0.000000e+000
81  0.000000e+000
82  0.000000e+000
83  0.000000e+000
84  0.000000e+000
85  0.000000e+000
86  0.000000e+000
87  0.000000e+000
88  1.315000e-002
89  0.000000e+000
90  0.000000e+000
91  0.000000e+000
92  0.000000e+000
93  0.000000e+000
94  0.000000e+000
95  0.000000e+000
96  0.000000e+000
97  0.000000e+000
98  3.216000e-002
99  4.890000e-002
100  0.000000e+000
101  1.759000e-002
102  0.000000e+000
103  0.000000e+000
104  0.000000e+000
105  0.000000e+000
106  0.000000e+000
107  0.000000e+000
108  0.000000e+000
109  0.000000e+000
110  0.000000e+000
111  0.000000e+000
112  0.000000e+000
113  0.000000e+000
114  0.000000e+000
115  0.000000e+000
116  0.000000e+000
117  0.000000e+000
118  0.000000e+000
119  0.000000e+000
120  1.557000e-003
121  0.000000e+000
122  9.504000e-003
123  1.664000e-002
124  1.858000e-002
125  0.000000e+000
126  0.000000e+000
127  0.000000e+000
128  0.000000e+000
129  0.000000e+000
130  0.000000e+000
131  0.000000e+000
132  0.000000e+000
133  0.000000e+000
134  2.880000e-002
135  0.000000e+000
136  0.000000e+000
137  0.000000e+000
138  0.000000e+000
139  0.000000e+000
140  0.000000e+000
141  0.000000e+000
142  0.000000e+000
143  0.000000e+000
144  0.000000e+000
   5 
1  0.000000e+000
2  2.906000e-002
3  6.421000e-002
4  5.794000e-002
5  0.000000e+000
6  0.000000e+000
7  0.000000e+000
8  0.000000e+000
9  0.000000e+000
10  0.000000e+000
11  0.000000e+000
12  0.000000e+000
13  0.000000e+000
14  2.344000e-002
15  3.089000e-002
16  1.348000e-002
17  0.000000e+000
18  0.000000e+000
19  0.000000e+000
20  0.000000e+000
21  0.000000e+000
22  0.000000e+000
23  0.000000e+000
24  2.903000e-003
25  0.000000e+000
26  2.591000e-002
27  5.736000e-002
28  0.000000e+000
29  2.272000e-002
30  0.000000e+000
31  0.000000e+000
32  0.000000e+000
33  0.000000e+000
34  0.000000e+000
35  0.000000e+000
36  0.000000e+000
37  1.407000e-002
38  1.272000e-002
39  2.302000e-002
40  0.000000e+000
41  2.011000e-002
42  0.000000e+000
43  0.000000e+000
44  0.000000e+000
45  0.000000e+000
46  0.000000e+000
47  0.000000e+000
48  4.547000e-003
49  1.961000e-002
50  2.430000e-002
51  3.195000e-002
52  1.019000e-001
53  8.142000e-001
54  1.093000e+000
55  4.885000e-002
56  0.000000e+000
57  0.000000e+000
58  0.000000e+000
59  8.282000e-003
60  6.992000e-003
61  7.851000e-003
62  5.576000e-003
63  0.000000e+000
64  5.807000e-002
65  1.904000e-001
66  9.823000e-001
67  4.987000e-001
68  0.000000e+000
69  0.000000e+000
70  0.000000e+000
71  0.000000e+000
72  0.000000e+000
73  3.332000e-003
74  0.000000e+000
75  0.000000e+000
76  6.109000e-002
77  0.000000e+000
78  0.000000e+000
79  0.000000e+000
80  0.000000e+000
81  0.000000e+000
82  0.000000e+000
83  0.000000e+000
84  0.000000e+000
85  0.000000e+000
86  0.000000e+000
87  8.634000e-003
88  1.315000e-002
89  0.000000e+000
90  0.000000e+000
91  0.000000e+000
92  0.000000e+000
93  0.000000e+000
94  0.000000e+000
95  0.000000e+000
96  0.000000e+000
97  0.000000e+000
98  3.216000e-002
99  4.890000e-002
100  0.000000e+000
101  1.759000e-002
102  0.000000e+000
103  0.000000e+000
104  0.000000e+000
105  0.000000e+000
106  0.000000e+000
107  0.000000e+000
108  0.000000e+000
109  0.000000e+000
110  0.000000e+000
111  0.000000e+000
112  0.000000e+000
113  0.000000e+000
114  0.000000e+000
115  0.000000e+000
116  0.000000e+000
117  0.000000e+000
118  0.000000e+000
119  0.000000e+000
120  1.557000e-003
121  0.000000e+000
122  9.504000e-003
123  1.664000e-002
124  1.418000e-002
125  0.000000e+000
126  0.000000e+000
127  0.000000e+000
128  0.000000e+000
129  0.000000e+000
130  0.000000e+000
131  0.000000e+000
132  0.000000e+000
133  0.000000e+000
134  2.880000e-002
135  0.000000e+000
136  0.000000e+000
137  0.000000e+000
138  0.000000e+000
139  0.000000e+000
140  0.000000e+000
141  0.000000e+000
142  0.000000e+000
143  0.000000e+000
144  0.000000e+000
   6 
1  0.000000e+000
2  2.906000e-002
3  6.421000e-002
4  5.794000e-002
5  0.000000e+000
6  0.000000e+000
7  0.000000e+000
8  0.000000e+000
9  0.000000e+000
10  0.000000e+000
11  0.000000e+000
12  0.000000e+000
13  0.000000e+000
14  2.343000e-002
15  3.089000e-002
16  1.348000e-002
17  0.000000e+000
18  0.000000e+000
19  0.000000e+000
20  0.000000e+000
21  0.000000e+000
22  0.000000e+000
23  0.000000e+000
24  2.903000e-003
25  0.000000e+000
26  2.590000e-002
27  5.736000e-002
28  0.000000e+000
29  2.271000e-002
30  0.000000e+000
31  0.000000e+000
32  0.000000e+000
33  0.000000e+000
34  0.000000e+000
35  0.000000e+000
36  0.000000e+000
37  1.407000e-002
38  1.272000e-002
39  2.302000e-002
40  0.000000e+000
41  2.011000e-002
42  0.000000e+000
43  0.000000e+000
44  0.000000e+000
45  0.000000e+000
46  0.000000e+000
47  0.000000e+000
48  4.547000e-003
49  1.961000e-002
50  2.429000e-002
51  3.195000e-002
52  1.019000e-001
53  8.142000e-001
54  1.093000e+000
55  4.095000e-002
56  0.000000e+000
57  0.000000e+000
58  0.000000e+000
59  8.281000e-003
60  6.992000e-003
61  7.850000e-003
62  5.576000e-003
63  0.000000e+000
64  5.807000e-002
65  1.466000e-001
66  9.823000e-001
67  4.848000e-001
68  0.000000e+000
69  0.000000e+000
70  0.000000e+000
71  0.000000e+000
72  0.000000e+000
73  3.331000e-003
74  0.000000e+000
75  0.000000e+000
76  5.013000e-002
77  0.000000e+000
78  0.000000e+000
79  0.000000e+000
80  0.000000e+000
81  0.000000e+000
82  0.000000e+000
83  0.000000e+000
84  0.000000e+000
85  0.000000e+000
86  0.000000e+000
87  0.000000e+000
88  1.315000e-002
89  0.000000e+000
90  0.000000e+000
91  0.000000e+000
92  0.000000e+000
93  0.000000e+000
94  0.000000e+000
95  0.000000e+000
96  0.000000e+000
97  0.000000e+000
98  3.216000e-002
99  4.890000e-002
100  0.000000e+000
101  4.591000e-003
102  0.000000e+000
103  0.000000e+000
104  0.000000e+000
105  0.000000e+000
106  0.000000e+000
107  0.000000e+000
108  0.000000e+000
109  0.000000e+000
110  0.000000e+000
111  0.000000e+000
112  0.000000e+000
113  0.000000e+000
114  0.000000e+000
115  0.000000e+000
116  0.000000e+000
117  0.000000e+000
118  0.000000e+000
119  0.000000e+000
120  1.557000e-003
121  0.000000e+000
122  9.504000e-003
123  1.664000e-002
124  0.000000e+000
125  0.000000e+000
126  0.000000e+000
127  0.000000e+000
128  0.000000e+000
129  0.000000e+000
130  0.000000e+000
131  0.000000e+000
132  0.000000e+000
133  0.000000e+000
134  2.880000e-002
135  0.000000e+000
136  0.000000e+000
137  0.000000e+000
138  0.000000e+000
139  0.000000e+000
140  0.000000e+000
141  0.000000e+000
142  0.000000e+000
143  0.000000e+000
144  0.000000e+000
   7 
1  0.000000e+000
2  2.906000e-002
3  6.421000e-002
4  5.794000e-002
5  0.000000e+000
6  0.000000e+000
7  0.000000e+000
8  0.000000e+000
9  0.000000e+000
10  0.000000e+000
11  0.000000e+000
12  0.000000e+000
13  0.000000e+000
14  2.343000e-002
15  3.089000e-002
16  1.348000e-002
17  0.000000e+000
18  0.000000e+000
19  0.000000e+000
20  0.000000e+000
21  0.000000e+000
22  0.000000e+000
23  0.000000e+000
24  2.903000e-003
25  0.000000e+000
26  2.590000e-002
27  5.735000e-002
28  0.000000e+000
29  2.271000e-002
30  0.000000e+000
31  0.000000e+000
32  0.000000e+000
33  0.000000e+000
34  0.000000e+000
35  0.000000e+000
36  0.000000e+000
37  1.407000e-002
38  1.272000e-002
39  2.302000e-002
40  0.000000e+000
41  2.011000e-002
42  0.000000e+000
43  0.000000e+000
44  0.000000e+000
45  0.000000e+000
46  0.000000e+000
47  0.000000e+000
48  4.547000e-003
49  1.961000e-002
50  2.429000e-002
51  3.195000e-002
52  1.019000e-001
53  8.142000e-001
54  1.093000e+000
55  7.609000e-002
56  0.000000e+000
57  0.000000e+000
58  0.000000e+000
59  8.281000e-003
60  6.991000e-003
61  7.850000e-003
62  5.576000e-003
63  0.000000e+000
64  5.807000e-002
65  1.637000e-001
66  9.823000e-001
67  5.424000e-001
68  0.000000e+000
69  0.000000e+000
70  0.000000e+000
71  0.000000e+000
72  0.000000e+000
73  3.331000e-003
74  0.000000e+000
75  0.000000e+000
76  5.013000e-002
77  0.000000e+000
78  0.000000e+000
79  0.000000e+000
80  0.000000e+000
81  0.000000e+000
82  0.000000e+000
83  0.000000e+000
84  0.000000e+000
85  0.000000e+000
86  0.000000e+000
87  0.000000e+000
88  1.401000e-003
89  0.000000e+000
90  0.000000e+000
91  0.000000e+000
92  0.000000e+000
93  0.000000e+000
94  0.000000e+000
95  0.000000e+000
96  0.000000e+000
97  0.000000e+000
98  3.215000e-002
99  4.890000e-002
100  0.000000e+000
101  1.204000e-002
102  0.000000e+000
103  0.000000e+000
104  0.000000e+000
105  0.000000e+000
106  0.000000e+000
107  0.000000e+000
108  0.000000e+000
109  0.000000e+000
110  0.000000e+000
111  0.000000e+000
112  0.000000e+000
113  0.000000e+000
114  0.000000e+000
115  0.000000e+000
116  0.000000e+000
117  0.000000e+000
118  0.000000e+000
119  0.000000e+000
120  1.557000e-003
121  0.000000e+000
122  9.502000e-003
123  1.664000e-002
124  0.000000e+000
125  0.000000e+000
126  0.000000e+000
127  0.000000e+000
128  0.000000e+000
129  0.000000e+000
130  0.000000e+000
131  0.000000e+000
132  0.000000e+000
133  0.000000e+000
134  2.880000e-002
135  0.000000e+000
136  0.000000e+000
137  0.000000e+000
138  0.000000e+000
139  0.000000e+000
140  0.000000e+000
141  0.000000e+000
142  0.000000e+000
143  0.000000e+000
144  0.000000e+000
   8 
1  0.000000e+000
2  2.906000e-002
3  6.421000e-002
4  5.794000e-002
5  0.000000e+000
6  0.000000e+000
7  0.000000e+000
8  0.000000e+000
9  0.000000e+000
10  0.000000e+000
11  0.000000e+000
12  0.000000e+000
13  0.000000e+000
14  2.343000e-002
15  3.089000e-002
16  1.348000e-002
17  0.000000e+000
18  0.000000e+000
19  0.000000e+000
20  0.000000e+000
21  0.000000e+000
22  0.000000e+000
23  0.000000e+000
24  2.903000e-003
25  0.000000e+000
26  2.590000e-002
27  5.735000e-002
28  0.000000e+000
29  2.271000e-002
30  0.000000e+000
31  0.000000e+000
32  0.000000e+000
33  0.000000e+000
34  0.000000e+000
35  0.000000e+000
36  0.000000e+000
37  1.407000e-002
38  1.272000e-002
39  2.302000e-002
40  0.000000e+000
41  2.011000e-002
42  0.000000e+000
43  0.000000e+000
44  0.000000e+000
45  0.000000e+000
46  0.000000e+000
47  0.000000e+000
48  4.547000e-003
49  1.961000e-002
50  2.429000e-002
51  3.195000e-002
52  1.019000e-001
53  8.142000e-001
54  1.093000e+000
55  7.378000e-002
56  0.000000e+000
57  0.000000e+000
58  0.000000e+000
59  8.281000e-003
60  6.991000e-003
61  7.849000e-003
62  5.576000e-003
63  0.000000e+000
64  5.807000e-002
65  1.676000e-001
66  9.823000e-001
67  5.408000e-001
68  0.000000e+000
69  0.000000e+000
70  0.000000e+000
71  0.000000e+000
72  0.000000e+000
73  0.000000e+000
74  0.000000e+000
75  0.000000e+000
76  5.013000e-002
77  0.000000e+000
78  0.000000e+000
79  0.000000e+000
80  0.000000e+000
81  0.000000e+000
82  0.000000e+000
83  0.000000e+000
84  0.000000e+000
85  0.000000e+000
86  0.000000e+000
87  0.000000e+000
88  0.000000e+000
89  0.000000e+000
90  0.000000e+000
91  0.000000e+000
92  0.000000e+000
93  0.000000e+000
94  0.000000e+000
95  0.000000e+000
96  0.000000e+000
97  0.000000e+000
98  3.215000e-002
99  4.890000e-002
100  0.000000e+000
101  6.623000e-003
102  0.000000e+000
103  0.000000e+000
104  0.000000e+000
105  0.000000e+000
106  0.000000e+000
107  0.000000e+000
108  0.000000e+000
109  0.000000e+000
110  0.000000e+000
111  0.000000e+000
112  0.000000e+000
113  0.000000e+000
114  0.000000e+000
115  0.000000e+000
116  0.000000e+000
117  0.000000e+000
118  0.000000e+000
119  0.000000e+000
120  1.557000e-003
121  0.000000e+000
122  9.502000e-003
123  1.664000e-002
124  0.000000e+000
125  0.000000e+000
126  0.000000e+000
127  0.000000e+000
128  0.000000e+000
129  0.000000e+000
130  0.000000e+000
131  0.000000e+000
132  0.000000e+000
133  0.000000e+000
134  2.880000e-002
135  0.000000e+000
136  0.000000e+000
137  0.000000e+000
138  0.000000e+000
139  0.000000e+000
140  0.000000e+000
141  0.000000e+000
142  0.000000e+000
143  0.000000e+000
144  0.000000e+000
   9 
1  0.000000e+000
2  2.906000e-002
3  6.421000e-002
4  5.794000e-002
5  0.000000e+000
6  0.000000e+000
7  0.000000e+000
8  0.000000e+000
9  0.000000e+000
10  0.000000e+000
11  0.000000e+000
12  0.000000e+000
13  0.000000e+000
14  2.343000e-002
15  3.089000e-002
16  1.348000e-002
17  0.000000e+000
18  0.000000e+000
19  0.000000e+000
20  0.000000e+000
21  0.000000e+000
22  0.000000e+000
23  0.000000e+000
24  2.903000e-003
25  0.000000e+000
26  2.590000e-002
27  5.735000e-002
28  0.000000e+000
29  2.271000e-002
30  0.000000e+000
31  0.000000e+000
32  0.000000e+000
33  0.000000e+000
34  0.000000e+000
35  0.000000e+000
36  0.000000e+000
37  1.407000e-002
38  1.272000e-002
39  2.302000e-002
40  0.000000e+000
41  2.011000e-002
42  0.000000e+000
43  0.000000e+000
44  0.000000e+000
45  0.000000e+000
46  0.000000e+000
47  0.000000e+000
48  4.547000e-003
49  1.961000e-002
50  2.429000e-002
51  3.195000e-002
52  1.019000e-001
53  8.142000e-001
54  1.093000e+000
55  1.037000e-001
56  0.000000e+000
57  0.000000e+000
58  0.000000e+000
59  8.280000e-003
60  6.991000e-003
61  7.849000e-003
62  5.576000e-003
63  0.000000e+000
64  5.807000e-002
65  1.909000e-001
66  9.823000e-001
67  5.809000e-001
68  0.000000e+000
69  0.000000e+000
70  0.000000e+000
71  0.000000e+000
72  0.000000e+000
73  0.000000e+000
74  0.000000e+000
75  0.000000e+000
76  5.013000e-002
77  0.000000e+000
78  0.000000e+000
79  0.000000e+000
80  0.000000e+000
81  0.000000e+000
82  0.000000e+000
83  0.000000e+000
84  0.000000e+000
85  0.000000e+000
86  0.000000e+000
87  0.000000e+000
88  0.000000e+000
89  0.000000e+000
90  0.000000e+000
91  0.000000e+000
92  0.000000e+000
93  0.000000e+000
94  0.000000e+000
95  0.000000e+000
96  0.000000e+000
97  0.000000e+000
98  3.215000e-002
99  4.889000e-002
100  0.000000e+000
101  1.390000e-002
102  0.000000e+000
103  0.000000e+000
104  0.000000e+000
105  0.000000e+000
106  0.000000e+000
107  0.000000e+000
108  0.000000e+000
109  0.000000e+000
110  0.000000e+000
111  0.000000e+000
112  0.000000e+000
113  0.000000e+000
114  0.000000e+000
115  0.000000e+000
116  0.000000e+000
117  0.000000e+000
118  0.000000e+000
119  0.000000e+000
120  1.557000e-003
121  0.000000e+000
122  9.502000e-003
123  1.664000e-002
124  0.000000e+000
125  0.000000e+000
126  0.000000e+000
127  0.000000e+000
128  0.000000e+000
129  0.000000e+000
130  0.000000e+000
131  0.000000e+000
132  0.000000e+000
133  0.000000e+000
134  2.879000e-002
135  0.000000e+000
136  0.000000e+000
137  0.000000e+000
138  0.000000e+000
139  0.000000e+000
140  0.000000e+000
141  0.000000e+000
142  0.000000e+000
143  0.000000e+000
144  0.000000e+000
   10 
1  0.000000e+000
2  2.906000e-002
3  6.421000e-002
4  5.794000e-002
5  0.000000e+000
6  0.000000e+000
7  0.000000e+000
8  0.000000e+000
9  0.000000e+000
10  0.000000e+000
11  0.000000e+000
12  0.000000e+000
13  0.000000e+000
14  2.343000e-002
15  3.089000e-002
16  1.348000e-002
17  0.000000e+000
18  0.000000e+000
19  0.000000e+000
20  0.000000e+000
21  0.000000e+000
22  0.000000e+000
23  0.000000e+000
24  2.903000e-003
25  0.000000e+000
26  2.590000e-002
27  5.735000e-002
28  0.000000e+000
29  2.271000e-002
30  0.000000e+000
31  0.000000e+000
32  0.000000e+000
33  0.000000e+000
34  0.000000e+000
35  0.000000e+000
36  0.000000e+000
37  1.407000e-002
38  1.272000e-002
39  2.302000e-002
40  0.000000e+000
41  2.011000e-002
42  0.000000e+000
43  0.000000e+000
44  0.000000e+000
45  0.000000e+000
46  0.000000e+000
47  0.000000e+000
48  4.547000e-003
49  1.961000e-002
50  2.429000e-002
51  3.195000e-002
52  1.019000e-001
53  8.142000e-001
54  1.093000e+000
55  1.294000e-001
56  0.000000e+000
57  0.000000e+000
58  0.000000e+000
59  8.281000e-003
60  6.991000e-003
61  7.850000e-003
62  5.576000e-003
63  0.000000e+000
64  5.807000e-002
65  2.004000e-001
66  9.823000e-001
67  6.088000e-001
68  0.000000e+000
69  0.000000e+000
70  0.000000e+000
71  0.000000e+000
72  0.000000e+000
73  3.331000e-003
74  0.000000e+000
75  0.000000e+000
76  5.013000e-002
77  0.000000e+000
78  0.000000e+000
79  0.000000e+000
80  0.000000e+000
81  0.000000e+000
82  0.000000e+000
83  0.000000e+000
84  0.000000e+000
85  0.000000e+000
86  0.000000e+000
87  0.000000e+000
88  1.315000e-002
89  0.000000e+000
90  0.000000e+000
91  0.000000e+000
92  0.000000e+000
93  0.000000e+000
94  0.000000e+000
95  0.000000e+000
96  0.000000e+000
97  0.000000e+000
98  3.215000e-002
99  4.890000e-002
100  0.000000e+000
101  1.759000e-002
102  0.000000e+000
103  0.000000e+000
104  0.000000e+000
105  0.000000e+000
106  0.000000e+000
107  0.000000e+000
108  0.000000e+000
109  0.000000e+000
110  0.000000e+000
111  0.000000e+000
112  0.000000e+000
113  0.000000e+000
114  0.000000e+000
115  0.000000e+000
116  0.000000e+000
117  0.000000e+000
118  0.000000e+000
119  0.000000e+000
120  1.557000e-003
121  0.000000e+000
122  9.502000e-003
123  1.664000e-002
124  0.000000e+000
125  0.000000e+000
126  0.000000e+000
127  0.000000e+000
128  0.000000e+000
129  0.000000e+000
130  0.000000e+000
131  0.000000e+000
132  0.000000e+000
133  0.000000e+000
134  2.880000e-002
135  0.000000e+000
136  0.000000e+000
137  0.000000e+000
138  0.000000e+000
139  0.000000e+000
140  0.000000e+000
141  0.000000e+000
142  0.000000e+000
143  0.000000e+000
144  0.000000e+000
