   1 
1  4.482000e+000
2  4.239000e+001
3  6.387000e+001
4  3.220000e+001
5  2.413000e+001
6  2.231000e+001
7  1.821000e+001
8  1.301000e+001
9  8.536000e+000
10  5.273000e+000
11  3.197000e+000
12  5.655000e+000
13  2.617000e+000
14  1.311000e+002
15  3.942000e+001
16  3.250000e+001
17  2.594000e+001
18  1.930000e+001
19  1.445000e+001
20  9.679000e+000
21  6.095000e+000
22  3.677000e+000
23  1.432000e+001
24  6.493000e+000
25  1.538000e+001
26  1.877000e+002
27  8.804000e+001
28  4.826000e+001
29  4.136000e+001
30  3.807000e+001
31  3.013000e+001
32  2.348000e+001
33  1.711000e+001
34  1.160000e+001
35  1.243000e+001
36  1.537000e+001
37  2.660000e+001
38  4.960000e+001
39  3.906000e+001
40  3.655000e+001
41  3.236000e+001
42  2.834000e+001
43  2.598000e+001
44  2.167000e+001
45  1.618000e+001
46  1.103000e+001
47  7.046000e+000
48  8.946000e+000
49  6.098000e+001
50  7.384000e+001
51  4.456000e+001
52  1.135000e+002
53  1.085000e+002
54  7.738000e+001
55  5.457000e+001
56  3.337000e+001
57  2.566000e+001
58  1.872000e+001
59  6.805000e+001
60  4.441000e+001
61  4.795000e+001
62  4.407000e+001
63  2.554000e+001
64  5.107000e+001
65  8.931000e+001
66  1.004000e+002
67  8.162000e+001
68  4.872000e+001
69  3.153000e+001
70  2.506000e+001
71  1.816000e+001
72  1.183000e+001
73  8.585000e+000
74  1.396000e+001
75  3.289000e+001
76  9.823000e+001
77  4.194000e+001
78  4.088000e+001
79  3.063000e+001
80  2.420000e+001
81  1.764000e+001
82  1.157000e+001
83  7.117000e+000
84  4.223000e+000
85  2.440000e+000
86  2.070000e+000
87  2.293000e+000
88  6.380000e+000
89  4.797000e+000
90  3.542000e+000
91  2.349000e+000
92  1.510000e+000
93  9.603000e-001
94  6.070000e-001
95  4.071000e-001
96  3.336000e-001
97  6.638000e+000
98  7.941000e+001
99  1.588000e+002
100  3.249000e+001
101  4.272000e+001
102  3.545000e+001
103  2.691000e+001
104  2.120000e+001
105  1.448000e+001
106  9.120000e+000
107  5.458000e+000
108  3.180000e+000
109  2.829000e+000
110  2.779000e+000
111  3.662000e+000
112  4.619000e+000
113  3.108000e+000
114  2.432000e+000
115  1.518000e+000
116  8.619000e-001
117  4.926000e-001
118  2.965000e-001
119  2.046000e-001
120  4.172000e+000
121  3.815000e+000
122  3.591000e+001
123  3.858000e+001
124  1.856000e+001
125  1.870000e+001
126  1.692000e+001
127  1.238000e+001
128  8.040000e+000
129  4.936000e+000
130  2.919000e+000
131  1.699000e+000
132  1.010000e+000
133  6.754000e-001
134  2.685000e+001
135  1.051000e+001
136  7.957000e+000
137  5.116000e+000
138  3.113000e+000
139  1.845000e+000
140  1.068000e+000
141  6.229000e-001
142  3.703000e-001
143  2.333000e-001
144  1.761000e-001
   2 
1  4.783000e+000
2  4.563000e+001
3  6.686000e+001
4  3.320000e+001
5  2.411000e+001
6  2.194000e+001
7  1.774000e+001
8  1.261000e+001
9  8.251000e+000
10  5.089000e+000
11  3.108000e+000
12  5.825000e+000
13  2.611000e+000
14  1.354000e+002
15  4.122000e+001
16  3.322000e+001
17  2.612000e+001
18  1.898000e+001
19  1.396000e+001
20  9.263000e+000
21  5.788000e+000
22  3.475000e+000
23  1.496000e+001
24  6.983000e+000
25  1.595000e+001
26  1.924000e+002
27  9.172000e+001
28  4.888000e+001
29  4.099000e+001
30  3.687000e+001
31  2.937000e+001
32  2.301000e+001
33  1.662000e+001
34  1.122000e+001
35  1.237000e+001
36  1.562000e+001
37  2.856000e+001
38  5.151000e+001
39  4.043000e+001
40  3.712000e+001
41  3.237000e+001
42  2.758000e+001
43  2.558000e+001
44  2.122000e+001
45  1.580000e+001
46  1.075000e+001
47  6.859000e+000
48  9.233000e+000
49  6.283000e+001
50  7.581000e+001
51  4.553000e+001
52  1.152000e+002
53  1.082000e+002
54  7.575000e+001
55  5.360000e+001
56  3.284000e+001
57  2.544000e+001
58  1.846000e+001
59  7.009000e+001
60  4.544000e+001
61  4.895000e+001
62  4.468000e+001
63  2.536000e+001
64  5.228000e+001
65  9.029000e+001
66  9.960000e+001
67  8.010000e+001
68  4.772000e+001
69  3.111000e+001
70  2.483000e+001
71  1.791000e+001
72  1.164000e+001
73  8.883000e+000
74  1.467000e+001
75  3.373000e+001
76  1.013000e+002
77  4.129000e+001
78  3.974000e+001
79  2.997000e+001
80  2.383000e+001
81  1.730000e+001
82  1.132000e+001
83  6.959000e+000
84  4.127000e+000
85  2.384000e+000
86  2.135000e+000
87  2.433000e+000
88  7.152000e+000
89  5.096000e+000
90  3.734000e+000
91  2.454000e+000
92  1.568000e+000
93  9.929000e-001
94  6.255000e-001
95  4.172000e-001
96  3.408000e-001
97  7.004000e+000
98  8.361000e+001
99  1.629000e+002
100  3.182000e+001
101  4.115000e+001
102  3.406000e+001
103  2.655000e+001
104  2.061000e+001
105  1.399000e+001
106  8.782000e+000
107  5.244000e+000
108  3.052000e+000
109  2.966000e+000
110  2.863000e+000
111  3.857000e+000
112  4.781000e+000
113  3.054000e+000
114  2.360000e+000
115  1.491000e+000
116  8.411000e-001
117  4.789000e-001
118  2.880000e-001
119  2.001000e-001
120  4.750000e+000
121  4.132000e+000
122  3.760000e+001
123  4.014000e+001
124  1.914000e+001
125  1.865000e+001
126  1.654000e+001
127  1.196000e+001
128  7.733000e+000
129  4.731000e+000
130  2.789000e+000
131  1.621000e+000
132  9.638000e-001
133  6.603000e-001
134  2.937000e+001
135  1.087000e+001
136  8.216000e+000
137  5.275000e+000
138  3.206000e+000
139  1.898000e+000
140  1.097000e+000
141  6.381000e-001
142  3.788000e-001
143  2.380000e-001
144  1.784000e-001
   3 
1  4.821000e+000
2  4.568000e+001
3  6.677000e+001
4  3.308000e+001
5  2.398000e+001
6  2.185000e+001
7  1.771000e+001
8  1.264000e+001
9  8.290000e+000
10  5.124000e+000
11  3.137000e+000
12  5.854000e+000
13  2.610000e+000
14  1.354000e+002
15  4.114000e+001
16  3.309000e+001
17  2.604000e+001
18  1.892000e+001
19  1.392000e+001
20  9.252000e+000
21  5.792000e+000
22  3.483000e+000
23  1.507000e+001
24  6.988000e+000
25  1.591000e+001
26  1.923000e+002
27  9.157000e+001
28  4.867000e+001
29  4.079000e+001
30  3.674000e+001
31  2.930000e+001
32  2.299000e+001
33  1.664000e+001
34  1.125000e+001
35  1.243000e+001
36  1.563000e+001
37  2.859000e+001
38  5.144000e+001
39  4.031000e+001
40  3.701000e+001
41  3.223000e+001
42  2.744000e+001
43  2.549000e+001
44  2.120000e+001
45  1.583000e+001
46  1.080000e+001
47  6.899000e+000
48  9.267000e+000
49  6.281000e+001
50  7.571000e+001
51  4.534000e+001
52  1.150000e+002
53  1.080000e+002
54  7.563000e+001
55  5.364000e+001
56  3.287000e+001
57  2.541000e+001
58  1.851000e+001
59  7.021000e+001
60  4.542000e+001
61  4.888000e+001
62  4.457000e+001
63  2.526000e+001
64  5.222000e+001
65  9.006000e+001
66  9.940000e+001
67  8.002000e+001
68  4.774000e+001
69  3.108000e+001
70  2.480000e+001
71  1.795000e+001
72  1.169000e+001
73  8.955000e+000
74  1.469000e+001
75  3.370000e+001
76  1.011000e+002
77  4.096000e+001
78  3.954000e+001
79  2.990000e+001
80  2.379000e+001
81  1.733000e+001
82  1.137000e+001
83  7.000000e+000
84  4.156000e+000
85  2.401000e+000
86  2.147000e+000
87  2.432000e+000
88  7.145000e+000
89  5.071000e+000
90  3.725000e+000
91  2.452000e+000
92  1.569000e+000
93  9.928000e-001
94  6.240000e-001
95  4.138000e-001
96  3.358000e-001
97  7.020000e+000
98  8.361000e+001
99  1.627000e+002
100  3.157000e+001
101  4.097000e+001
102  3.399000e+001
103  2.647000e+001
104  2.063000e+001
105  1.404000e+001
106  8.835000e+000
107  5.285000e+000
108  3.078000e+000
109  2.996000e+000
110  2.865000e+000
111  3.849000e+000
112  4.756000e+000
113  3.008000e+000
114  2.321000e+000
115  1.477000e+000
116  8.307000e-001
117  4.707000e-001
118  2.809000e-001
119  1.937000e-001
120  4.758000e+000
121  4.109000e+000
122  3.760000e+001
123  4.004000e+001
124  1.905000e+001
125  1.853000e+001
126  1.645000e+001
127  1.193000e+001
128  7.722000e+000
129  4.733000e+000
130  2.793000e+000
131  1.623000e+000
132  9.638000e-001
133  6.585000e-001
134  2.936000e+001
135  1.080000e+001
136  8.192000e+000
137  5.280000e+000
138  3.219000e+000
139  1.910000e+000
140  1.105000e+000
141  6.420000e-001
142  3.798000e-001
143  2.370000e-001
144  1.754000e-001
   4 
1  4.505000e+000
2  4.305000e+001
3  6.461000e+001
4  3.276000e+001
5  2.456000e+001
6  2.279000e+001
7  1.867000e+001
8  1.336000e+001
9  8.765000e+000
10  5.409000e+000
11  3.274000e+000
12  5.693000e+000
13  2.646000e+000
14  1.321000e+002
15  4.006000e+001
16  3.307000e+001
17  2.642000e+001
18  1.984000e+001
19  1.493000e+001
20  1.005000e+001
21  6.344000e+000
22  3.833000e+000
23  1.443000e+001
24  6.725000e+000
25  1.553000e+001
26  1.887000e+002
27  8.910000e+001
28  4.848000e+001
29  4.168000e+001
30  3.856000e+001
31  3.062000e+001
32  2.393000e+001
33  1.754000e+001
34  1.191000e+001
35  1.262000e+001
36  1.550000e+001
37  2.704000e+001
38  5.005000e+001
39  3.976000e+001
40  3.684000e+001
41  3.291000e+001
42  2.901000e+001
43  2.655000e+001
44  2.235000e+001
45  1.672000e+001
46  1.140000e+001
47  7.269000e+000
48  9.481000e+000
49  6.180000e+001
50  7.448000e+001
51  4.547000e+001
52  1.148000e+002
53  1.094000e+002
54  7.800000e+001
55  5.510000e+001
56  3.369000e+001
57  2.589000e+001
58  1.888000e+001
59  6.840000e+001
60  4.494000e+001
61  4.848000e+001
62  4.491000e+001
63  2.577000e+001
64  5.182000e+001
65  9.048000e+001
66  1.022000e+002
67  8.273000e+001
68  4.972000e+001
69  3.206000e+001
70  2.539000e+001
71  1.844000e+001
72  1.202000e+001
73  8.701000e+000
74  1.412000e+001
75  3.306000e+001
76  9.933000e+001
77  4.262000e+001
78  4.168000e+001
79  3.126000e+001
80  2.464000e+001
81  1.804000e+001
82  1.184000e+001
83  7.284000e+000
84  4.317000e+000
85  2.490000e+000
86  2.096000e+000
87  2.318000e+000
88  6.478000e+000
89  4.878000e+000
90  3.586000e+000
91  2.366000e+000
92  1.514000e+000
93  9.577000e-001
94  6.025000e-001
95  4.015000e-001
96  3.260000e-001
97  6.631000e+000
98  8.085000e+001
99  1.607000e+002
100  3.283000e+001
101  4.340000e+001
102  3.621000e+001
103  2.730000e+001
104  2.165000e+001
105  1.483000e+001
106  9.354000e+000
107  5.600000e+000
108  3.261000e+000
109  2.876000e+000
110  2.827000e+000
111  3.699000e+000
112  4.648000e+000
113  3.117000e+000
114  2.431000e+000
115  1.515000e+000
116  8.576000e-001
117  4.881000e-001
118  2.920000e-001
119  2.002000e-001
120  4.247000e+000
121  3.934000e+000
122  3.616000e+001
123  4.001000e+001
124  1.894000e+001
125  1.922000e+001
126  1.754000e+001
127  1.289000e+001
128  8.380000e+000
129  5.154000e+000
130  3.053000e+000
131  1.779000e+000
132  1.054000e+000
133  7.018000e-001
134  2.770000e+001
135  1.071000e+001
136  8.102000e+000
137  5.203000e+000
138  3.162000e+000
139  1.870000e+000
140  1.081000e+000
141  6.280000e-001
142  3.710000e-001
143  2.311000e-001
144  1.722000e-001
   5 
1  4.664000e+000
2  4.418000e+001
3  6.542000e+001
4  3.265000e+001
5  2.404000e+001
6  2.208000e+001
7  1.798000e+001
8  1.286000e+001
9  8.456000e+000
10  5.234000e+000
11  3.192000e+000
12  5.778000e+000
13  2.623000e+000
14  1.335000e+002
15  4.031000e+001
16  3.280000e+001
17  2.601000e+001
18  1.915000e+001
19  1.422000e+001
20  9.506000e+000
21  5.980000e+000
22  3.607000e+000
23  1.471000e+001
24  6.752000e+000
25  1.568000e+001
26  1.903000e+002
27  8.997000e+001
28  4.851000e+001
29  4.106000e+001
30  3.735000e+001
31  2.970000e+001
32  2.329000e+001
33  1.692000e+001
34  1.146000e+001
35  1.246000e+001
36  1.552000e+001
37  2.770000e+001
38  5.056000e+001
39  3.975000e+001
40  3.683000e+001
41  3.230000e+001
42  2.786000e+001
43  2.575000e+001
44  2.146000e+001
45  1.604000e+001
46  1.095000e+001
47  7.005000e+000
48  9.119000e+000
49  6.197000e+001
50  7.480000e+001
51  4.495000e+001
52  1.143000e+002
53  1.081000e+002
54  7.639000e+001
55  5.415000e+001
56  3.317000e+001
57  2.558000e+001
58  1.866000e+001
59  6.925000e+001
60  4.498000e+001
61  4.842000e+001
62  4.435000e+001
63  2.542000e+001
64  5.173000e+001
65  8.962000e+001
66  9.972000e+001
67  8.076000e+001
68  4.832000e+001
69  3.135000e+001
70  2.497000e+001
71  1.809000e+001
72  1.179000e+001
73  8.777000e+000
74  1.436000e+001
75  3.337000e+001
76  9.984000e+001
77  4.136000e+001
78  4.014000e+001
79  3.028000e+001
80  2.403000e+001
81  1.753000e+001
82  1.151000e+001
83  7.094000e+000
84  4.216000e+000
85  2.438000e+000
86  2.120000e+000
87  2.368000e+000
88  6.794000e+000
89  4.948000e+000
90  3.653000e+000
91  2.420000e+000
92  1.556000e+000
93  9.898000e-001
94  6.258000e-001
95  4.182000e-001
96  3.407000e-001
97  6.839000e+000
98  8.175000e+001
99  1.610000e+002
100  3.190000e+001
101  4.167000e+001
102  3.468000e+001
103  2.672000e+001
104  2.095000e+001
105  1.430000e+001
106  9.010000e+000
107  5.396000e+000
108  3.146000e+000
109  2.917000e+000
110  2.836000e+000
111  3.780000e+000
112  4.708000e+000
113  3.082000e+000
114  2.402000e+000
115  1.511000e+000
116  8.575000e-001
117  4.899000e-001
118  2.947000e-001
119  2.036000e-001
120  4.456000e+000
121  3.980000e+000
122  3.685000e+001
123  3.941000e+001
124  1.880000e+001
125  1.862000e+001
126  1.671000e+001
127  1.219000e+001
128  7.918000e+000
129  4.864000e+000
130  2.877000e+000
131  1.676000e+000
132  9.967000e-001
133  6.729000e-001
134  2.820000e+001
135  1.065000e+001
136  8.108000e+000
137  5.239000e+000
138  3.202000e+000
139  1.904000e+000
140  1.105000e+000
141  6.447000e-001
142  3.834000e-001
143  2.410000e-001
144  1.804000e-001
   6 
1  4.496000e+000
2  4.243000e+001
3  6.393000e+001
4  3.227000e+001
5  2.421000e+001
6  2.235000e+001
7  1.824000e+001
8  1.305000e+001
9  8.573000e+000
10  5.303000e+000
11  3.220000e+000
12  5.666000e+000
13  2.638000e+000
14  1.313000e+002
15  3.941000e+001
16  3.257000e+001
17  2.603000e+001
18  1.935000e+001
19  1.448000e+001
20  9.696000e+000
21  6.109000e+000
22  3.688000e+000
23  1.435000e+001
24  6.503000e+000
25  1.542000e+001
26  1.878000e+002
27  8.808000e+001
28  4.835000e+001
29  4.121000e+001
30  3.793000e+001
31  3.020000e+001
32  2.366000e+001
33  1.720000e+001
34  1.166000e+001
35  1.246000e+001
36  1.540000e+001
37  2.662000e+001
38  4.964000e+001
39  3.911000e+001
40  3.666000e+001
41  3.218000e+001
42  2.824000e+001
43  2.612000e+001
44  2.176000e+001
45  1.625000e+001
46  1.108000e+001
47  7.084000e+000
48  8.944000e+000
49  6.090000e+001
50  7.389000e+001
51  4.440000e+001
52  1.133000e+002
53  1.080000e+002
54  7.717000e+001
55  5.489000e+001
56  3.361000e+001
57  2.591000e+001
58  1.887000e+001
59  6.823000e+001
60  4.447000e+001
61  4.788000e+001
62  4.413000e+001
63  2.564000e+001
64  5.092000e+001
65  8.909000e+001
66  9.992000e+001
67  8.158000e+001
68  4.894000e+001
69  3.174000e+001
70  2.528000e+001
71  1.830000e+001
72  1.192000e+001
73  8.642000e+000
74  1.403000e+001
75  3.297000e+001
76  9.810000e+001
77  4.165000e+001
78  4.070000e+001
79  3.074000e+001
80  2.439000e+001
81  1.775000e+001
82  1.164000e+001
83  7.168000e+000
84  4.256000e+000
85  2.461000e+000
86  2.083000e+000
87  2.306000e+000
88  6.405000e+000
89  4.836000e+000
90  3.575000e+000
91  2.373000e+000
92  1.527000e+000
93  9.716000e-001
94  6.146000e-001
95  4.119000e-001
96  3.368000e-001
97  6.645000e+000
98  7.953000e+001
99  1.588000e+002
100  3.229000e+001
101  4.248000e+001
102  3.537000e+001
103  2.714000e+001
104  2.132000e+001
105  1.456000e+001
106  9.172000e+000
107  5.492000e+000
108  3.202000e+000
109  2.846000e+000
110  2.800000e+000
111  3.676000e+000
112  4.633000e+000
113  3.111000e+000
114  2.433000e+000
115  1.522000e+000
116  8.649000e-001
117  4.948000e-001
118  2.980000e-001
119  2.057000e-001
120  4.185000e+000
121  3.841000e+000
122  3.593000e+001
123  3.859000e+001
124  1.863000e+001
125  1.874000e+001
126  1.692000e+001
127  1.239000e+001
128  8.052000e+000
129  4.949000e+000
130  2.929000e+000
131  1.707000e+000
132  1.015000e+000
133  6.794000e-001
134  2.686000e+001
135  1.058000e+001
136  8.025000e+000
137  5.169000e+000
138  3.150000e+000
139  1.869000e+000
140  1.083000e+000
141  6.321000e-001
142  3.759000e-001
143  2.368000e-001
144  1.782000e-001
   7 
1  4.405000e+000
2  4.132000e+001
3  6.293000e+001
4  3.188000e+001
5  2.415000e+001
6  2.243000e+001
7  1.836000e+001
8  1.314000e+001
9  8.623000e+000
10  5.328000e+000
11  3.224000e+000
12  5.594000e+000
13  2.621000e+000
14  1.297000e+002
15  3.885000e+001
16  3.229000e+001
17  2.590000e+001
18  1.940000e+001
19  1.461000e+001
20  9.808000e+000
21  6.188000e+000
22  3.737000e+000
23  1.411000e+001
24  6.312000e+000
25  1.523000e+001
26  1.861000e+002
27  8.684000e+001
28  4.809000e+001
29  4.149000e+001
30  3.848000e+001
31  3.040000e+001
32  2.365000e+001
33  1.727000e+001
34  1.173000e+001
35  1.246000e+001
36  1.529000e+001
37  2.597000e+001
38  4.896000e+001
39  3.863000e+001
40  3.638000e+001
41  3.235000e+001
42  2.862000e+001
43  2.614000e+001
44  2.183000e+001
45  1.631000e+001
46  1.112000e+001
47  7.104000e+000
48  8.836000e+000
49  6.036000e+001
50  7.321000e+001
51  4.426000e+001
52  1.129000e+002
53  1.085000e+002
54  7.791000e+001
55  5.491000e+001
56  3.356000e+001
57  2.575000e+001
58  1.881000e+001
59  6.740000e+001
60  4.407000e+001
61  4.763000e+001
62  4.389000e+001
63  2.561000e+001
64  5.067000e+001
65  8.902000e+001
66  1.006000e+002
67  8.211000e+001
68  4.903000e+001
69  3.167000e+001
70  2.515000e+001
71  1.825000e+001
72  1.189000e+001
73  8.514000e+000
74  1.373000e+001
75  3.266000e+001
76  9.719000e+001
77  4.216000e+001
78  4.124000e+001
79  3.085000e+001
80  2.432000e+001
81  1.773000e+001
82  1.163000e+001
83  7.158000e+000
84  4.248000e+000
85  2.456000e+000
86  2.049000e+000
87  2.256000e+000
88  6.154000e+000
89  4.699000e+000
90  3.475000e+000
91  2.310000e+000
92  1.489000e+000
93  9.476000e-001
94  5.998000e-001
95  4.034000e-001
96  3.318000e-001
97  6.512000e+000
98  7.801000e+001
99  1.575000e+002
100  3.275000e+001
101  4.323000e+001
102  3.597000e+001
103  2.705000e+001
104  2.140000e+001
105  1.464000e+001
106  9.229000e+000
107  5.526000e+000
108  3.221000e+000
109  2.776000e+000
110  2.762000e+000
111  3.602000e+000
112  4.567000e+000
113  3.125000e+000
114  2.454000e+000
115  1.527000e+000
116  8.685000e-001
117  4.971000e-001
118  2.995000e-001
119  2.066000e-001
120  4.009000e+000
121  3.707000e+000
122  3.536000e+001
123  3.808000e+001
124  1.839000e+001
125  1.872000e+001
126  1.703000e+001
127  1.250000e+001
128  8.127000e+000
129  4.996000e+000
130  2.957000e+000
131  1.723000e+000
132  1.025000e+000
133  6.815000e-001
134  2.603000e+001
135  1.042000e+001
136  7.883000e+000
137  5.066000e+000
138  3.082000e+000
139  1.827000e+000
140  1.058000e+000
141  6.174000e-001
142  3.673000e-001
143  2.318000e-001
144  1.756000e-001
   8 
1  4.335000e+000
2  4.070000e+001
3  6.242000e+001
4  3.175000e+001
5  2.423000e+001
6  2.254000e+001
7  1.845000e+001
8  1.318000e+001
9  8.643000e+000
10  5.333000e+000
11  3.218000e+000
12  5.543000e+000
13  2.617000e+000
14  1.289000e+002
15  3.854000e+001
16  3.222000e+001
17  2.591000e+001
18  1.947000e+001
19  1.470000e+001
20  9.865000e+000
21  6.221000e+000
22  3.753000e+000
23  1.397000e+001
24  6.228000e+000
25  1.513000e+001
26  1.852000e+002
27  8.621000e+001
28  4.807000e+001
29  4.162000e+001
30  3.875000e+001
31  3.059000e+001
32  2.375000e+001
33  1.735000e+001
34  1.177000e+001
35  1.244000e+001
36  1.522000e+001
37  2.560000e+001
38  4.861000e+001
39  3.844000e+001
40  3.631000e+001
41  3.234000e+001
42  2.879000e+001
43  2.625000e+001
44  2.192000e+001
45  1.635000e+001
46  1.113000e+001
47  7.102000e+000
48  8.743000e+000
49  5.999000e+001
50  7.290000e+001
51  4.412000e+001
52  1.127000e+002
53  1.086000e+002
54  7.824000e+001
55  5.509000e+001
56  3.364000e+001
57  2.582000e+001
58  1.882000e+001
59  6.697000e+001
60  4.388000e+001
61  4.745000e+001
62  4.382000e+001
63  2.569000e+001
64  5.040000e+001
65  8.894000e+001
66  1.009000e+002
67  8.242000e+001
68  4.918000e+001
69  3.175000e+001
70  2.521000e+001
71  1.826000e+001
72  1.188000e+001
73  8.437000e+000
74  1.359000e+001
75  3.249000e+001
76  9.661000e+001
77  4.237000e+001
78  4.148000e+001
79  3.099000e+001
80  2.440000e+001
81  1.777000e+001
82  1.164000e+001
83  7.149000e+000
84  4.237000e+000
85  2.446000e+000
86  2.028000e+000
87  2.230000e+000
88  6.040000e+000
89  4.642000e+000
90  3.430000e+000
91  2.280000e+000
92  1.468000e+000
93  9.338000e-001
94  5.908000e-001
95  3.975000e-001
96  3.276000e-001
97  6.435000e+000
98  7.721000e+001
99  1.568000e+002
100  3.299000e+001
101  4.361000e+001
102  3.626000e+001
103  2.718000e+001
104  2.149000e+001
105  1.469000e+001
106  9.249000e+000
107  5.530000e+000
108  3.219000e+000
109  2.728000e+000
110  2.747000e+000
111  3.561000e+000
112  4.539000e+000
113  3.136000e+000
114  2.464000e+000
115  1.528000e+000
116  8.679000e-001
117  4.961000e-001
118  2.985000e-001
119  2.057000e-001
120  3.923000e+000
121  3.653000e+000
122  3.504000e+001
123  3.779000e+001
124  1.835000e+001
125  1.878000e+001
126  1.711000e+001
127  1.256000e+001
128  8.156000e+000
129  5.009000e+000
130  2.961000e+000
131  1.724000e+000
132  1.024000e+000
133  6.790000e-001
134  2.560000e+001
135  1.039000e+001
136  7.840000e+000
137  5.026000e+000
138  3.052000e+000
139  1.805000e+000
140  1.044000e+000
141  6.082000e-001
142  3.614000e-001
143  2.281000e-001
144  1.731000e-001
   9 
1  4.319000e+000
2  4.038000e+001
3  6.207000e+001
4  3.155000e+001
5  2.412000e+001
6  2.251000e+001
7  1.848000e+001
8  1.323000e+001
9  8.686000e+000
10  5.368000e+000
11  3.241000e+000
12  5.543000e+000
13  2.613000e+000
14  1.284000e+002
15  3.835000e+001
16  3.205000e+001
17  2.580000e+001
18  1.945000e+001
19  1.472000e+001
20  9.910000e+000
21  6.265000e+000
22  3.788000e+000
23  1.392000e+001
24  6.157000e+000
25  1.506000e+001
26  1.847000e+002
27  8.580000e+001
28  4.790000e+001
29  4.166000e+001
30  3.888000e+001
31  3.061000e+001
32  2.367000e+001
33  1.736000e+001
34  1.181000e+001
35  1.246000e+001
36  1.521000e+001
37  2.543000e+001
38  4.839000e+001
39  3.826000e+001
40  3.614000e+001
41  3.241000e+001
42  2.888000e+001
43  2.616000e+001
44  2.191000e+001
45  1.638000e+001
46  1.117000e+001
47  7.140000e+000
48  8.749000e+000
49  5.988000e+001
50  7.264000e+001
51  4.407000e+001
52  1.125000e+002
53  1.087000e+002
54  7.845000e+001
55  5.504000e+001
56  3.360000e+001
57  2.570000e+001
58  1.882000e+001
59  6.679000e+001
60  4.375000e+001
61  4.737000e+001
62  4.371000e+001
63  2.563000e+001
64  5.041000e+001
65  8.882000e+001
66  1.010000e+002
67  8.250000e+001
68  4.921000e+001
69  3.169000e+001
70  2.511000e+001
71  1.826000e+001
72  1.192000e+001
73  8.450000e+000
74  1.351000e+001
75  3.237000e+001
76  9.635000e+001
77  4.245000e+001
78  4.162000e+001
79  3.097000e+001
80  2.432000e+001
81  1.777000e+001
82  1.167000e+001
83  7.185000e+000
84  4.266000e+000
85  2.467000e+000
86  2.035000e+000
87  2.218000e+000
88  5.958000e+000
89  4.582000e+000
90  3.392000e+000
91  2.260000e+000
92  1.458000e+000
93  9.291000e-001
94  5.887000e-001
95  3.966000e-001
96  3.267000e-001
97  6.398000e+000
98  7.674000e+001
99  1.563000e+002
100  3.303000e+001
101  4.378000e+001
102  3.642000e+001
103  2.704000e+001
104  2.150000e+001
105  1.474000e+001
106  9.306000e+000
107  5.576000e+000
108  3.251000e+000
109  2.731000e+000
110  2.735000e+000
111  3.540000e+000
112  4.513000e+000
113  3.136000e+000
114  2.471000e+000
115  1.533000e+000
116  8.725000e-001
117  4.993000e-001
118  3.005000e-001
119  2.067000e-001
120  3.865000e+000
121  3.595000e+000
122  3.488000e+001
123  3.763000e+001
124  1.820000e+001
125  1.870000e+001
126  1.712000e+001
127  1.260000e+001
128  8.204000e+000
129  5.048000e+000
130  2.990000e+000
131  1.743000e+000
132  1.036000e+000
133  6.844000e-001
134  2.538000e+001
135  1.027000e+001
136  7.764000e+000
137  4.987000e+000
138  3.034000e+000
139  1.798000e+000
140  1.042000e+000
141  6.077000e-001
142  3.614000e-001
143  2.282000e-001
144  1.732000e-001
   10 
1  4.439000e+000
2  4.142000e+001
3  6.290000e+001
4  3.169000e+001
5  2.392000e+001
6  2.228000e+001
7  1.830000e+001
8  1.313000e+001
9  8.648000e+000
10  5.360000e+000
11  3.250000e+000
12  5.632000e+000
13  2.610000e+000
14  1.297000e+002
15  3.887000e+001
16  3.211000e+001
17  2.571000e+001
18  1.928000e+001
19  1.456000e+001
20  9.817000e+000
21  6.217000e+000
22  3.766000e+000
23  1.414000e+001
24  6.287000e+000
25  1.521000e+001
26  1.862000e+002
27  8.684000e+001
28  4.788000e+001
29  4.147000e+001
30  3.848000e+001
31  3.025000e+001
32  2.338000e+001
33  1.719000e+001
34  1.173000e+001
35  1.251000e+001
36  1.531000e+001
37  2.607000e+001
38  4.895000e+001
39  3.856000e+001
40  3.617000e+001
41  3.248000e+001
42  2.861000e+001
43  2.587000e+001
44  2.171000e+001
45  1.628000e+001
46  1.114000e+001
47  7.138000e+000
48  8.925000e+000
49  6.052000e+001
50  7.311000e+001
51  4.433000e+001
52  1.129000e+002
53  1.086000e+002
54  7.792000e+001
55  5.458000e+001
56  3.336000e+001
57  2.547000e+001
58  1.875000e+001
59  6.744000e+001
60  4.406000e+001
61  4.773000e+001
62  4.380000e+001
63  2.544000e+001
64  5.096000e+001
65  8.897000e+001
66  1.007000e+002
67  8.197000e+001
68  4.888000e+001
69  3.147000e+001
70  2.490000e+001
71  1.821000e+001
72  1.193000e+001
73  8.588000e+000
74  1.373000e+001
75  3.263000e+001
76  9.737000e+001
77  4.218000e+001
78  4.125000e+001
79  3.067000e+001
80  2.408000e+001
81  1.767000e+001
82  1.165000e+001
83  7.194000e+000
84  4.283000e+000
85  2.482000e+000
86  2.070000e+000
87  2.257000e+000
88  6.135000e+000
89  4.649000e+000
90  3.442000e+000
91  2.292000e+000
92  1.479000e+000
93  9.430000e-001
94  5.978000e-001
95  4.021000e-001
96  3.295000e-001
97  6.521000e+000
98  7.799000e+001
99  1.575000e+002
100  3.267000e+001
101  4.324000e+001
102  3.598000e+001
103  2.669000e+001
104  2.127000e+001
105  1.464000e+001
106  9.265000e+000
107  5.568000e+000
108  3.255000e+000
109  2.809000e+000
110  2.753000e+000
111  3.604000e+000
112  4.549000e+000
113  3.113000e+000
114  2.454000e+000
115  1.531000e+000
116  8.719000e-001
117  4.994000e-001
118  3.007000e-001
119  2.067000e-001
120  3.999000e+000
121  3.666000e+000
122  3.541000e+001
123  3.810000e+001
124  1.822000e+001
125  1.856000e+001
126  1.696000e+001
127  1.249000e+001
128  8.145000e+000
129  5.022000e+000
130  2.980000e+000
131  1.741000e+000
132  1.036000e+000
133  6.865000e-001
134  2.611000e+001
135  1.028000e+001
136  7.790000e+000
137  5.017000e+000
138  3.060000e+000
139  1.818000e+000
140  1.056000e+000
141  6.170000e-001
142  3.673000e-001
143  2.318000e-001
144  1.751000e-001
