   1 
1  9.898000e-009
2  1.013000e+004
3  9.898000e-009
4  7.834000e+003
5  9.898000e-009
6  9.579000e-009
7  9.898000e-009
8  9.898000e-009
9  9.579000e-009
10  9.898000e-009
11  9.579000e-009
12  9.898000e-009
13  1.485000e+002
14  1.386000e+002
15  2.186000e+003
16  7.612000e+003
17  1.318000e+003
18  9.579000e-009
19  9.898000e-009
20  9.898000e-009
21  9.579000e-009
22  9.898000e-009
23  9.579000e-009
24  2.475000e+000
25  4.842000e+003
26  4.435000e+003
27  3.696000e+001
28  2.510000e+003
29  3.334000e+002
30  9.579000e-009
31  9.898000e-009
32  9.898000e-009
33  9.579000e-009
34  9.898000e-009
35  9.579000e-009
36  9.898000e-009
37  9.898000e-009
38  8.336000e+002
39  1.613000e+002
40  9.579000e-009
41  4.095000e+002
42  9.579000e-009
43  9.898000e-009
44  9.898000e-009
45  9.579000e-009
46  9.898000e-009
47  9.579000e-009
48  7.693000e+001
49  4.648000e+002
50  1.262000e+003
51  1.361000e+003
52  2.330000e-007
53  9.898000e-009
54  9.579000e-009
55  9.898000e-009
56  9.898000e-009
57  9.579000e-009
58  9.898000e-009
59  8.611000e+001
60  9.898000e-009
61  9.898000e-009
62  8.940000e-009
63  9.898000e-009
64  9.579000e-009
65  9.898000e-009
66  9.579000e-009
67  9.898000e-009
68  9.898000e-009
69  9.579000e-009
70  9.898000e-009
71  9.579000e-009
72  9.898000e-009
73  9.898000e-009
74  9.260000e-009
75  9.898000e-009
76  9.579000e-009
77  9.898000e-009
78  9.579000e-009
79  9.898000e-009
80  9.898000e-009
81  9.579000e-009
82  9.898000e-009
83  9.579000e-009
84  9.898000e-009
85  9.898000e-009
86  5.451000e+003
87  9.898000e-009
88  9.579000e-009
89  9.898000e-009
90  9.579000e-009
91  9.898000e-009
92  9.898000e-009
93  9.579000e-009
94  9.898000e-009
95  9.579000e-009
96  9.898000e-009
97  1.362000e+001
98  1.199000e+004
99  1.070000e+002
100  3.379000e+002
101  9.405000e-002
102  9.579000e-009
103  9.898000e-009
104  9.898000e-009
105  9.579000e-009
106  9.898000e-009
107  9.579000e-009
108  9.898000e-009
109  9.898000e-009
110  8.940000e-009
111  9.898000e-009
112  9.579000e-009
113  9.898000e-009
114  9.579000e-009
115  9.898000e-009
116  9.898000e-009
117  9.579000e-009
118  9.898000e-009
119  9.579000e-009
120  9.898000e-009
121  9.898000e-009
122  2.001000e+003
123  1.987000e+004
124  6.227000e-006
125  9.898000e-009
126  9.579000e-009
127  9.898000e-009
128  9.898000e-009
129  9.579000e-009
130  9.898000e-009
131  9.579000e-009
132  9.898000e-009
133  9.898000e-009
134  8.940000e-009
135  9.898000e-009
136  9.579000e-009
137  9.898000e-009
138  9.579000e-009
139  9.898000e-009
140  9.898000e-009
141  9.579000e-009
142  9.898000e-009
143  9.579000e-009
144  9.898000e-009
   2 
1  9.898000e-009
2  1.069000e+004
3  9.898000e-009
4  8.242000e+003
5  9.898000e-009
6  9.579000e-009
7  9.898000e-009
8  9.898000e-009
9  9.579000e-009
10  9.898000e-009
11  9.579000e-009
12  9.898000e-009
13  1.757000e+002
14  1.583000e+002
15  2.394000e+003
16  8.072000e+003
17  1.534000e+003
18  9.579000e-009
19  9.898000e-009
20  9.898000e-009
21  9.579000e-009
22  9.898000e-009
23  9.579000e-009
24  1.418000e+001
25  5.029000e+003
26  4.630000e+003
27  4.274000e+001
28  2.593000e+003
29  3.649000e+002
30  9.579000e-009
31  9.898000e-009
32  9.898000e-009
33  9.579000e-009
34  9.898000e-009
35  9.579000e-009
36  9.898000e-009
37  9.898000e-009
38  9.206000e+002
39  1.973000e+002
40  9.579000e-009
41  4.994000e+002
42  9.579000e-009
43  9.898000e-009
44  9.898000e-009
45  9.579000e-009
46  9.898000e-009
47  8.905000e+000
48  8.563000e+001
49  5.185000e+002
50  1.365000e+003
51  1.522000e+003
52  2.617000e-007
53  9.898000e-009
54  9.579000e-009
55  9.898000e-009
56  9.898000e-009
57  9.579000e-009
58  9.898000e-009
59  1.087000e+002
60  9.898000e-009
61  9.898000e-009
62  8.940000e-009
63  9.898000e-009
64  9.579000e-009
65  9.898000e-009
66  9.579000e-009
67  9.898000e-009
68  9.898000e-009
69  9.579000e-009
70  9.898000e-009
71  9.579000e-009
72  9.898000e-009
73  9.898000e-009
74  9.260000e-009
75  9.898000e-009
76  9.579000e-009
77  9.898000e-009
78  9.579000e-009
79  9.898000e-009
80  9.898000e-009
81  9.579000e-009
82  9.898000e-009
83  9.579000e-009
84  9.898000e-009
85  9.898000e-009
86  5.942000e+003
87  9.898000e-009
88  9.579000e-009
89  9.898000e-009
90  9.579000e-009
91  9.898000e-009
92  9.898000e-009
93  9.579000e-009
94  9.898000e-009
95  9.579000e-009
96  9.898000e-009
97  3.737000e+001
98  1.233000e+004
99  1.209000e+002
100  3.832000e+002
101  1.067000e-001
102  9.579000e-009
103  9.898000e-009
104  9.898000e-009
105  9.579000e-009
106  9.898000e-009
107  9.579000e-009
108  9.898000e-009
109  9.898000e-009
110  8.940000e-009
111  9.898000e-009
112  9.579000e-009
113  9.898000e-009
114  9.579000e-009
115  9.898000e-009
116  9.898000e-009
117  9.579000e-009
118  9.898000e-009
119  9.579000e-009
120  9.898000e-009
121  9.898000e-009
122  2.272000e+003
123  2.174000e+004
124  6.774000e-006
125  9.898000e-009
126  9.579000e-009
127  9.898000e-009
128  9.898000e-009
129  9.579000e-009
130  9.898000e-009
131  9.579000e-009
132  9.898000e-009
133  9.898000e-009
134  8.940000e-009
135  9.898000e-009
136  9.579000e-009
137  9.898000e-009
138  9.579000e-009
139  9.898000e-009
140  9.898000e-009
141  9.579000e-009
142  9.898000e-009
143  9.579000e-009
144  9.898000e-009
   3 
1  9.898000e-009
2  1.068000e+004
3  9.898000e-009
4  8.237000e+003
5  9.898000e-009
6  9.579000e-009
7  9.898000e-009
8  9.898000e-009
9  9.579000e-009
10  9.898000e-009
11  9.579000e-009
12  9.898000e-009
13  1.754000e+002
14  1.579000e+002
15  2.391000e+003
16  8.066000e+003
17  1.531000e+003
18  9.579000e-009
19  9.898000e-009
20  9.898000e-009
21  9.579000e-009
22  9.898000e-009
23  9.579000e-009
24  1.405000e+001
25  5.027000e+003
26  4.627000e+003
27  4.270000e+001
28  2.592000e+003
29  3.646000e+002
30  9.579000e-009
31  9.898000e-009
32  9.898000e-009
33  9.579000e-009
34  9.898000e-009
35  9.579000e-009
36  9.898000e-009
37  9.898000e-009
38  9.194000e+002
39  1.968000e+002
40  9.579000e-009
41  4.981000e+002
42  9.579000e-009
43  9.898000e-009
44  9.898000e-009
45  9.579000e-009
46  9.898000e-009
47  8.794000e+000
48  8.553000e+001
49  5.178000e+002
50  1.363000e+003
51  1.520000e+003
52  2.613000e-007
53  9.898000e-009
54  9.579000e-009
55  9.898000e-009
56  9.898000e-009
57  9.579000e-009
58  9.898000e-009
59  1.084000e+002
60  9.898000e-009
61  9.898000e-009
62  8.940000e-009
63  9.898000e-009
64  9.579000e-009
65  9.898000e-009
66  9.579000e-009
67  9.898000e-009
68  9.898000e-009
69  9.579000e-009
70  9.898000e-009
71  9.579000e-009
72  9.898000e-009
73  9.898000e-009
74  9.260000e-009
75  9.898000e-009
76  9.579000e-009
77  9.898000e-009
78  9.579000e-009
79  9.898000e-009
80  9.898000e-009
81  9.579000e-009
82  9.898000e-009
83  9.579000e-009
84  9.898000e-009
85  9.898000e-009
86  5.936000e+003
87  9.898000e-009
88  9.579000e-009
89  9.898000e-009
90  9.579000e-009
91  9.898000e-009
92  9.898000e-009
93  9.579000e-009
94  9.898000e-009
95  9.579000e-009
96  9.898000e-009
97  3.702000e+001
98  1.233000e+004
99  1.207000e+002
100  3.825000e+002
101  1.065000e-001
102  9.579000e-009
103  9.898000e-009
104  9.898000e-009
105  9.579000e-009
106  9.898000e-009
107  9.579000e-009
108  9.898000e-009
109  9.898000e-009
110  8.940000e-009
111  9.898000e-009
112  9.579000e-009
113  9.898000e-009
114  9.579000e-009
115  9.898000e-009
116  9.898000e-009
117  9.579000e-009
118  9.898000e-009
119  9.579000e-009
120  9.898000e-009
121  9.898000e-009
122  2.269000e+003
123  2.172000e+004
124  6.768000e-006
125  9.898000e-009
126  9.579000e-009
127  9.898000e-009
128  9.898000e-009
129  9.579000e-009
130  9.898000e-009
131  9.579000e-009
132  9.898000e-009
133  9.898000e-009
134  8.940000e-009
135  9.898000e-009
136  9.579000e-009
137  9.898000e-009
138  9.579000e-009
139  9.898000e-009
140  9.898000e-009
141  9.579000e-009
142  9.898000e-009
143  9.579000e-009
144  9.898000e-009
   4 
1  9.898000e-009
2  1.038000e+004
3  9.898000e-009
4  8.499000e+003
5  9.898000e-009
6  9.579000e-009
7  9.898000e-009
8  9.898000e-009
9  9.579000e-009
10  9.898000e-009
11  9.579000e-009
12  9.898000e-009
13  1.499000e+002
14  1.397000e+002
15  2.416000e+003
16  7.651000e+003
17  1.437000e+003
18  9.579000e-009
19  9.898000e-009
20  9.898000e-009
21  9.579000e-009
22  9.898000e-009
23  9.579000e-009
24  1.138000e+001
25  4.987000e+003
26  4.597000e+003
27  4.195000e+001
28  2.728000e+003
29  4.195000e+002
30  9.579000e-009
31  9.898000e-009
32  9.898000e-009
33  9.579000e-009
34  9.898000e-009
35  9.579000e-009
36  9.898000e-009
37  9.898000e-009
38  8.640000e+002
39  2.023000e+002
40  9.579000e-009
41  5.864000e+002
42  9.579000e-009
43  9.898000e-009
44  9.898000e-009
45  9.579000e-009
46  9.898000e-009
47  7.478000e+000
48  8.862000e+001
49  4.574000e+002
50  1.235000e+003
51  1.346000e+003
52  2.300000e-007
53  9.898000e-009
54  9.579000e-009
55  9.898000e-009
56  9.898000e-009
57  9.579000e-009
58  9.898000e-009
59  1.104000e+002
60  9.898000e-009
61  9.898000e-009
62  8.940000e-009
63  9.898000e-009
64  9.579000e-009
65  9.898000e-009
66  9.579000e-009
67  9.898000e-009
68  9.898000e-009
69  9.579000e-009
70  9.898000e-009
71  9.579000e-009
72  9.898000e-009
73  9.898000e-009
74  9.260000e-009
75  9.898000e-009
76  9.579000e-009
77  9.898000e-009
78  9.579000e-009
79  9.898000e-009
80  9.898000e-009
81  9.579000e-009
82  9.898000e-009
83  9.579000e-009
84  9.898000e-009
85  9.898000e-009
86  5.279000e+003
87  9.898000e-009
88  9.579000e-009
89  9.898000e-009
90  9.579000e-009
91  9.898000e-009
92  9.898000e-009
93  9.579000e-009
94  9.898000e-009
95  9.579000e-009
96  9.898000e-009
97  3.955000e+001
98  1.263000e+004
99  1.407000e+002
100  4.723000e+002
101  1.315000e-001
102  9.579000e-009
103  9.898000e-009
104  9.898000e-009
105  9.579000e-009
106  9.898000e-009
107  9.579000e-009
108  9.898000e-009
109  9.898000e-009
110  8.940000e-009
111  9.898000e-009
112  9.579000e-009
113  9.898000e-009
114  9.579000e-009
115  9.898000e-009
116  9.898000e-009
117  9.579000e-009
118  9.898000e-009
119  9.579000e-009
120  9.898000e-009
121  9.898000e-009
122  2.016000e+003
123  1.993000e+004
124  6.240000e-006
125  9.898000e-009
126  9.579000e-009
127  9.898000e-009
128  9.898000e-009
129  9.579000e-009
130  9.898000e-009
131  9.579000e-009
132  9.898000e-009
133  9.898000e-009
134  8.940000e-009
135  9.898000e-009
136  9.579000e-009
137  9.898000e-009
138  9.579000e-009
139  9.898000e-009
140  9.898000e-009
141  9.579000e-009
142  9.898000e-009
143  9.579000e-009
144  9.898000e-009
   5 
1  9.898000e-009
2  1.044000e+004
3  9.898000e-009
4  8.061000e+003
5  9.898000e-009
6  9.579000e-009
7  9.898000e-009
8  9.898000e-009
9  9.579000e-009
10  9.898000e-009
11  9.579000e-009
12  9.898000e-009
13  1.639000e+002
14  1.497000e+002
15  2.310000e+003
16  7.874000e+003
17  1.436000e+003
18  9.579000e-009
19  9.898000e-009
20  9.898000e-009
21  9.579000e-009
22  9.898000e-009
23  9.579000e-009
24  9.556000e+000
25  4.946000e+003
26  4.545000e+003
27  4.028000e+001
28  2.560000e+003
29  3.518000e+002
30  9.579000e-009
31  9.898000e-009
32  9.898000e-009
33  9.579000e-009
34  9.898000e-009
35  9.579000e-009
36  9.898000e-009
37  9.898000e-009
38  8.824000e+002
39  1.813000e+002
40  9.579000e-009
41  4.603000e+002
42  9.579000e-009
43  9.898000e-009
44  9.898000e-009
45  9.579000e-009
46  9.898000e-009
47  4.389000e+000
48  8.180000e+001
49  4.949000e+002
50  1.320000e+003
51  1.454000e+003
52  2.493000e-007
53  9.898000e-009
54  9.579000e-009
55  9.898000e-009
56  9.898000e-009
57  9.579000e-009
58  9.898000e-009
59  9.780000e+001
60  9.898000e-009
61  9.898000e-009
62  8.940000e-009
63  9.898000e-009
64  9.579000e-009
65  9.898000e-009
66  9.579000e-009
67  9.898000e-009
68  9.898000e-009
69  9.579000e-009
70  9.898000e-009
71  9.579000e-009
72  9.898000e-009
73  9.898000e-009
74  9.260000e-009
75  9.898000e-009
76  9.579000e-009
77  9.898000e-009
78  9.579000e-009
79  9.898000e-009
80  9.898000e-009
81  9.579000e-009
82  9.898000e-009
83  9.579000e-009
84  9.898000e-009
85  9.898000e-009
86  5.723000e+003
87  9.898000e-009
88  9.579000e-009
89  9.898000e-009
90  9.579000e-009
91  9.898000e-009
92  9.898000e-009
93  9.579000e-009
94  9.898000e-009
95  9.579000e-009
96  9.898000e-009
97  2.452000e+001
98  1.218000e+004
99  1.150000e+002
100  3.634000e+002
101  1.011000e-001
102  9.579000e-009
103  9.898000e-009
104  9.898000e-009
105  9.579000e-009
106  9.898000e-009
107  9.579000e-009
108  9.898000e-009
109  9.898000e-009
110  8.940000e-009
111  9.898000e-009
112  9.579000e-009
113  9.898000e-009
114  9.579000e-009
115  9.898000e-009
116  9.898000e-009
117  9.579000e-009
118  9.898000e-009
119  9.579000e-009
120  9.898000e-009
121  9.898000e-009
122  2.155000e+003
123  2.087000e+004
124  6.518000e-006
125  9.898000e-009
126  9.579000e-009
127  9.898000e-009
128  9.898000e-009
129  9.579000e-009
130  9.898000e-009
131  9.579000e-009
132  9.898000e-009
133  9.898000e-009
134  8.940000e-009
135  9.898000e-009
136  9.579000e-009
137  9.898000e-009
138  9.579000e-009
139  9.898000e-009
140  9.898000e-009
141  9.579000e-009
142  9.898000e-009
143  9.579000e-009
144  9.898000e-009
   6 
1  9.898000e-009
2  1.018000e+004
3  9.898000e-009
4  7.868000e+003
5  9.898000e-009
6  9.579000e-009
7  9.898000e-009
8  9.898000e-009
9  9.579000e-009
10  9.898000e-009
11  9.579000e-009
12  9.898000e-009
13  1.508000e+002
14  1.402000e+002
15  2.206000e+003
16  7.650000e+003
17  1.335000e+003
18  9.579000e-009
19  9.898000e-009
20  9.898000e-009
21  9.579000e-009
22  9.898000e-009
23  9.579000e-009
24  4.026000e+000
25  4.858000e+003
26  4.451000e+003
27  3.745000e+001
28  2.518000e+003
29  3.361000e+002
30  9.579000e-009
31  9.898000e-009
32  9.898000e-009
33  9.579000e-009
34  9.898000e-009
35  9.579000e-009
36  9.898000e-009
37  9.898000e-009
38  8.407000e+002
39  1.643000e+002
40  9.579000e-009
41  4.170000e+002
42  9.579000e-009
43  9.898000e-009
44  9.898000e-009
45  9.579000e-009
46  9.898000e-009
47  2.309000e-001
48  7.765000e+001
49  4.692000e+002
50  1.271000e+003
51  1.374000e+003
52  2.355000e-007
53  9.898000e-009
54  9.579000e-009
55  9.898000e-009
56  9.898000e-009
57  9.579000e-009
58  9.898000e-009
59  8.786000e+001
60  9.898000e-009
61  9.898000e-009
62  8.940000e-009
63  9.898000e-009
64  9.579000e-009
65  9.898000e-009
66  9.579000e-009
67  9.898000e-009
68  9.898000e-009
69  9.579000e-009
70  9.898000e-009
71  9.579000e-009
72  9.898000e-009
73  9.898000e-009
74  9.260000e-009
75  9.898000e-009
76  9.579000e-009
77  9.898000e-009
78  9.579000e-009
79  9.898000e-009
80  9.898000e-009
81  9.579000e-009
82  9.898000e-009
83  9.579000e-009
84  9.898000e-009
85  9.898000e-009
86  5.493000e+003
87  9.898000e-009
88  9.579000e-009
89  9.898000e-009
90  9.579000e-009
91  9.898000e-009
92  9.898000e-009
93  9.579000e-009
94  9.898000e-009
95  9.579000e-009
96  9.898000e-009
97  1.492000e+001
98  1.202000e+004
99  1.082000e+002
100  3.417000e+002
101  9.510000e-002
102  9.579000e-009
103  9.898000e-009
104  9.898000e-009
105  9.579000e-009
106  9.898000e-009
107  9.579000e-009
108  9.898000e-009
109  9.898000e-009
110  8.940000e-009
111  9.898000e-009
112  9.579000e-009
113  9.898000e-009
114  9.579000e-009
115  9.898000e-009
116  9.898000e-009
117  9.579000e-009
118  9.898000e-009
119  9.579000e-009
120  9.898000e-009
121  9.898000e-009
122  2.024000e+003
123  2.003000e+004
124  6.271000e-006
125  9.898000e-009
126  9.579000e-009
127  9.898000e-009
128  9.898000e-009
129  9.579000e-009
130  9.898000e-009
131  9.579000e-009
132  9.898000e-009
133  9.898000e-009
134  8.940000e-009
135  9.898000e-009
136  9.579000e-009
137  9.898000e-009
138  9.579000e-009
139  9.898000e-009
140  9.898000e-009
141  9.579000e-009
142  9.898000e-009
143  9.579000e-009
144  9.898000e-009
   7 
1  9.898000e-009
2  9.955000e+003
3  9.898000e-009
4  7.705000e+003
5  9.898000e-009
6  9.579000e-009
7  9.898000e-009
8  9.898000e-009
9  9.579000e-009
10  9.898000e-009
11  9.579000e-009
12  9.898000e-009
13  1.401000e+002
14  1.325000e+002
15  2.123000e+003
16  7.466000e+003
17  1.253000e+003
18  9.579000e-009
19  9.898000e-009
20  9.898000e-009
21  9.579000e-009
22  9.898000e-009
23  9.579000e-009
24  9.898000e-009
25  4.781000e+003
26  4.373000e+003
27  3.505000e+001
28  2.481000e+003
29  3.230000e+002
30  9.579000e-009
31  9.898000e-009
32  9.898000e-009
33  9.579000e-009
34  9.898000e-009
35  9.579000e-009
36  9.898000e-009
37  9.898000e-009
38  8.066000e+002
39  1.505000e+002
40  9.579000e-009
41  3.815000e+002
42  9.579000e-009
43  9.898000e-009
44  9.898000e-009
45  9.579000e-009
46  9.898000e-009
47  9.579000e-009
48  7.419000e+001
49  4.478000e+002
50  1.228000e+003
51  1.309000e+003
52  2.240000e-007
53  9.898000e-009
54  9.579000e-009
55  9.898000e-009
56  9.898000e-009
57  9.579000e-009
58  9.898000e-009
59  7.973000e+001
60  9.898000e-009
61  9.898000e-009
62  8.940000e-009
63  9.898000e-009
64  9.579000e-009
65  9.898000e-009
66  9.579000e-009
67  9.898000e-009
68  9.898000e-009
69  9.579000e-009
70  9.898000e-009
71  9.579000e-009
72  9.898000e-009
73  9.898000e-009
74  9.260000e-009
75  9.898000e-009
76  9.579000e-009
77  9.898000e-009
78  9.579000e-009
79  9.898000e-009
80  9.898000e-009
81  9.579000e-009
82  9.898000e-009
83  9.579000e-009
84  9.898000e-009
85  9.898000e-009
86  5.299000e+003
87  9.898000e-009
88  9.579000e-009
89  9.898000e-009
90  9.579000e-009
91  9.898000e-009
92  9.898000e-009
93  9.579000e-009
94  9.898000e-009
95  9.579000e-009
96  9.898000e-009
97  8.337000e+000
98  1.188000e+004
99  1.026000e+002
100  3.237000e+002
101  9.009000e-002
102  9.579000e-009
103  9.898000e-009
104  9.898000e-009
105  9.579000e-009
106  9.898000e-009
107  9.579000e-009
108  9.898000e-009
109  9.898000e-009
110  8.940000e-009
111  9.898000e-009
112  9.579000e-009
113  9.898000e-009
114  9.579000e-009
115  9.898000e-009
116  9.898000e-009
117  9.579000e-009
118  9.898000e-009
119  9.579000e-009
120  9.898000e-009
121  9.898000e-009
122  1.915000e+003
123  1.931000e+004
124  6.064000e-006
125  9.898000e-009
126  9.579000e-009
127  9.898000e-009
128  9.898000e-009
129  9.579000e-009
130  9.898000e-009
131  9.579000e-009
132  9.898000e-009
133  9.898000e-009
134  8.940000e-009
135  9.898000e-009
136  9.579000e-009
137  9.898000e-009
138  9.579000e-009
139  9.898000e-009
140  9.898000e-009
141  9.579000e-009
142  9.898000e-009
143  9.579000e-009
144  9.898000e-009
   8 
1  9.898000e-009
2  9.858000e+003
3  9.898000e-009
4  7.636000e+003
5  9.898000e-009
6  9.579000e-009
7  9.898000e-009
8  9.898000e-009
9  9.579000e-009
10  9.898000e-009
11  9.579000e-009
12  9.898000e-009
13  1.355000e+002
14  1.292000e+002
15  2.095000e+003
16  7.383000e+003
17  1.218000e+003
18  9.579000e-009
19  9.898000e-009
20  9.898000e-009
21  9.579000e-009
22  9.898000e-009
23  9.579000e-009
24  9.898000e-009
25  4.747000e+003
26  4.339000e+003
27  3.399000e+001
28  2.465000e+003
29  3.172000e+002
30  9.579000e-009
31  9.898000e-009
32  9.898000e-009
33  9.579000e-009
34  9.898000e-009
35  9.579000e-009
36  9.898000e-009
37  9.898000e-009
38  7.914000e+002
39  1.445000e+002
40  9.579000e-009
41  3.664000e+002
42  9.579000e-009
43  9.898000e-009
44  9.898000e-009
45  9.579000e-009
46  9.898000e-009
47  9.579000e-009
48  7.273000e+001
49  4.384000e+002
50  1.210000e+003
51  1.280000e+003
52  2.190000e-007
53  9.898000e-009
54  9.579000e-009
55  9.898000e-009
56  9.898000e-009
57  9.579000e-009
58  9.898000e-009
59  7.629000e+001
60  9.898000e-009
61  9.898000e-009
62  8.940000e-009
63  9.898000e-009
64  9.579000e-009
65  9.898000e-009
66  9.579000e-009
67  9.898000e-009
68  9.898000e-009
69  9.579000e-009
70  9.898000e-009
71  9.579000e-009
72  9.898000e-009
73  9.898000e-009
74  9.260000e-009
75  9.898000e-009
76  9.579000e-009
77  9.898000e-009
78  9.579000e-009
79  9.898000e-009
80  9.898000e-009
81  9.579000e-009
82  9.898000e-009
83  9.579000e-009
84  9.898000e-009
85  9.898000e-009
86  5.215000e+003
87  9.898000e-009
88  9.579000e-009
89  9.898000e-009
90  9.579000e-009
91  9.898000e-009
92  9.898000e-009
93  9.579000e-009
94  9.898000e-009
95  9.579000e-009
96  9.898000e-009
97  4.526000e+000
98  1.182000e+004
99  1.001000e+002
100  3.159000e+002
101  8.793000e-002
102  9.579000e-009
103  9.898000e-009
104  9.898000e-009
105  9.579000e-009
106  9.898000e-009
107  9.579000e-009
108  9.898000e-009
109  9.898000e-009
110  8.940000e-009
111  9.898000e-009
112  9.579000e-009
113  9.898000e-009
114  9.579000e-009
115  9.898000e-009
116  9.898000e-009
117  9.579000e-009
118  9.898000e-009
119  9.579000e-009
120  9.898000e-009
121  9.898000e-009
122  1.868000e+003
123  1.900000e+004
124  5.973000e-006
125  9.898000e-009
126  9.579000e-009
127  9.898000e-009
128  9.898000e-009
129  9.579000e-009
130  9.898000e-009
131  9.579000e-009
132  9.898000e-009
133  9.898000e-009
134  8.940000e-009
135  9.898000e-009
136  9.579000e-009
137  9.898000e-009
138  9.579000e-009
139  9.898000e-009
140  9.898000e-009
141  9.579000e-009
142  9.898000e-009
143  9.579000e-009
144  9.898000e-009
   9 
1  9.898000e-009
2  9.779000e+003
3  9.898000e-009
4  7.580000e+003
5  9.898000e-009
6  9.579000e-009
7  9.898000e-009
8  9.898000e-009
9  9.579000e-009
10  9.898000e-009
11  9.579000e-009
12  9.898000e-009
13  1.319000e+002
14  1.266000e+002
15  2.071000e+003
16  7.320000e+003
17  1.190000e+003
18  9.579000e-009
19  9.898000e-009
20  9.898000e-009
21  9.579000e-009
22  9.898000e-009
23  9.579000e-009
24  9.898000e-009
25  4.721000e+003
26  4.311000e+003
27  3.312000e+001
28  2.453000e+003
29  3.126000e+002
30  9.579000e-009
31  9.898000e-009
32  9.898000e-009
33  9.579000e-009
34  9.898000e-009
35  9.579000e-009
36  9.898000e-009
37  9.898000e-009
38  7.795000e+002
39  1.396000e+002
40  9.579000e-009
41  3.539000e+002
42  9.579000e-009
43  9.898000e-009
44  9.898000e-009
45  9.579000e-009
46  9.898000e-009
47  9.579000e-009
48  7.154000e+001
49  4.311000e+002
50  1.196000e+003
51  1.258000e+003
52  2.151000e-007
53  9.898000e-009
54  9.579000e-009
55  9.898000e-009
56  9.898000e-009
57  9.579000e-009
58  9.898000e-009
59  7.354000e+001
60  9.898000e-009
61  9.898000e-009
62  8.940000e-009
63  9.898000e-009
64  9.579000e-009
65  9.898000e-009
66  9.579000e-009
67  9.898000e-009
68  9.898000e-009
69  9.579000e-009
70  9.898000e-009
71  9.579000e-009
72  9.898000e-009
73  9.898000e-009
74  9.260000e-009
75  9.898000e-009
76  9.579000e-009
77  9.898000e-009
78  9.579000e-009
79  9.898000e-009
80  9.898000e-009
81  9.579000e-009
82  9.898000e-009
83  9.579000e-009
84  9.898000e-009
85  9.898000e-009
86  5.147000e+003
87  9.898000e-009
88  9.579000e-009
89  9.898000e-009
90  9.579000e-009
91  9.898000e-009
92  9.898000e-009
93  9.579000e-009
94  9.898000e-009
95  9.579000e-009
96  9.898000e-009
97  9.898000e-009
98  1.177000e+004
99  9.813000e+001
100  3.097000e+002
101  8.620000e-002
102  9.579000e-009
103  9.898000e-009
104  9.898000e-009
105  9.579000e-009
106  9.898000e-009
107  9.579000e-009
108  9.898000e-009
109  9.898000e-009
110  8.940000e-009
111  9.898000e-009
112  9.579000e-009
113  9.898000e-009
114  9.579000e-009
115  9.898000e-009
116  9.898000e-009
117  9.579000e-009
118  9.898000e-009
119  9.579000e-009
120  9.898000e-009
121  9.898000e-009
122  1.831000e+003
123  1.875000e+004
124  5.899000e-006
125  9.898000e-009
126  9.579000e-009
127  9.898000e-009
128  9.898000e-009
129  9.579000e-009
130  9.898000e-009
131  9.579000e-009
132  9.898000e-009
133  9.898000e-009
134  8.940000e-009
135  9.898000e-009
136  9.579000e-009
137  9.898000e-009
138  9.579000e-009
139  9.898000e-009
140  9.898000e-009
141  9.579000e-009
142  9.898000e-009
143  9.579000e-009
144  9.898000e-009
   10 
1  9.898000e-009
2  9.917000e+003
3  9.898000e-009
4  7.679000e+003
5  9.898000e-009
6  9.579000e-009
7  9.898000e-009
8  9.898000e-009
9  9.579000e-009
10  9.898000e-009
11  9.579000e-009
12  9.898000e-009
13  1.383000e+002
14  1.312000e+002
15  2.112000e+003
16  7.435000e+003
17  1.239000e+003
18  9.579000e-009
19  9.898000e-009
20  9.898000e-009
21  9.579000e-009
22  9.898000e-009
23  9.579000e-009
24  9.898000e-009
25  4.768000e+003
26  4.360000e+003
27  3.462000e+001
28  2.475000e+003
29  3.206000e+002
30  9.579000e-009
31  9.898000e-009
32  9.898000e-009
33  9.579000e-009
34  9.898000e-009
35  9.579000e-009
36  9.898000e-009
37  9.898000e-009
38  8.005000e+002
39  1.482000e+002
40  9.579000e-009
41  3.753000e+002
42  9.579000e-009
43  9.898000e-009
44  9.898000e-009
45  9.579000e-009
46  9.898000e-009
47  9.579000e-009
48  7.367000e+001
49  4.442000e+002
50  1.222000e+003
51  1.298000e+003
52  2.221000e-007
53  9.898000e-009
54  9.579000e-009
55  9.898000e-009
56  9.898000e-009
57  9.579000e-009
58  9.898000e-009
59  7.840000e+001
60  9.898000e-009
61  9.898000e-009
62  8.940000e-009
63  9.898000e-009
64  9.579000e-009
65  9.898000e-009
66  9.579000e-009
67  9.898000e-009
68  9.898000e-009
69  9.579000e-009
70  9.898000e-009
71  9.579000e-009
72  9.898000e-009
73  9.898000e-009
74  9.260000e-009
75  9.898000e-009
76  9.579000e-009
77  9.898000e-009
78  9.579000e-009
79  9.898000e-009
80  9.898000e-009
81  9.579000e-009
82  9.898000e-009
83  9.579000e-009
84  9.898000e-009
85  9.898000e-009
86  5.267000e+003
87  9.898000e-009
88  9.579000e-009
89  9.898000e-009
90  9.579000e-009
91  9.898000e-009
92  9.898000e-009
93  9.579000e-009
94  9.898000e-009
95  9.579000e-009
96  9.898000e-009
97  6.989000e+000
98  1.185000e+004
99  1.015000e+002
100  3.205000e+002
101  8.921000e-002
102  9.579000e-009
103  9.898000e-009
104  9.898000e-009
105  9.579000e-009
106  9.898000e-009
107  9.579000e-009
108  9.898000e-009
109  9.898000e-009
110  8.940000e-009
111  9.898000e-009
112  9.579000e-009
113  9.898000e-009
114  9.579000e-009
115  9.898000e-009
116  9.898000e-009
117  9.579000e-009
118  9.898000e-009
119  9.579000e-009
120  9.898000e-009
121  9.898000e-009
122  1.897000e+003
123  1.919000e+004
124  6.028000e-006
125  9.898000e-009
126  9.579000e-009
127  9.898000e-009
128  9.898000e-009
129  9.579000e-009
130  9.898000e-009
131  9.579000e-009
132  9.898000e-009
133  9.898000e-009
134  8.940000e-009
135  9.898000e-009
136  9.579000e-009
137  9.898000e-009
138  9.579000e-009
139  9.898000e-009
140  9.898000e-009
141  9.579000e-009
142  9.898000e-009
143  9.579000e-009
144  9.898000e-009
