   1 
1  6.039000e+003
2  3.569000e+003
3  5.799000e+003
4  1.253000e-008
5  1.295000e-008
6  1.253000e-008
7  1.295000e-008
8  1.295000e-008
9  1.253000e-008
10  1.295000e-008
11  8.506000e+001
12  2.460000e+003
13  4.498000e+002
14  4.394000e+004
15  7.044000e+003
16  1.303000e+004
17  3.415000e+004
18  6.125000e+003
19  1.295000e-008
20  1.295000e-008
21  1.253000e-008
22  1.295000e-008
23  4.267000e+003
24  1.172000e+002
25  6.100000e+003
26  2.783000e+004
27  5.519000e+003
28  3.353000e+004
29  2.508000e+003
30  1.502000e-008
31  1.295000e-008
32  1.295000e-008
33  1.253000e-008
34  1.295000e-008
35  1.827000e+003
36  4.641000e+003
37  5.714000e+003
38  1.205000e+004
39  9.375000e+002
40  3.179000e+004
41  2.545000e+003
42  1.253000e-008
43  1.295000e-008
44  1.295000e-008
45  1.253000e-008
46  1.295000e-008
47  1.253000e-008
48  1.295000e-008
49  1.295000e-008
50  7.572000e+003
51  1.001000e+003
52  9.860000e+003
53  5.547000e+003
54  7.955000e-004
55  1.295000e-008
56  1.295000e-008
57  1.253000e-008
58  1.295000e-008
59  4.384000e+004
60  1.151000e+004
61  1.256000e+004
62  8.887000e+003
63  3.413000e+002
64  3.103000e+004
65  1.189000e+005
66  3.319000e+004
67  1.295000e-008
68  1.295000e-008
69  1.253000e-008
70  1.295000e-008
71  1.253000e-008
72  1.295000e-008
73  2.218000e+003
74  6.874000e+003
75  2.271000e+004
76  4.100000e+004
77  9.496000e+003
78  1.338000e-007
79  1.295000e-008
80  1.295000e-008
81  1.253000e-008
82  1.295000e-008
83  1.253000e-008
84  1.295000e-008
85  1.295000e-008
86  1.264000e+003
87  1.295000e-008
88  1.779000e+003
89  3.073000e+003
90  1.253000e-008
91  1.295000e-008
92  1.295000e-008
93  1.253000e-008
94  1.295000e-008
95  1.253000e-008
96  1.295000e-008
97  6.380000e+003
98  4.286000e+003
99  4.720000e+004
100  1.390000e+002
101  1.295000e-008
102  1.253000e-008
103  1.295000e-008
104  1.295000e-008
105  1.253000e-008
106  1.295000e-008
107  1.253000e-008
108  1.295000e-008
109  2.302000e+003
110  6.837000e+002
111  7.387000e+003
112  4.856000e+003
113  1.295000e-008
114  1.253000e-008
115  1.295000e-008
116  1.295000e-008
117  1.253000e-008
118  1.295000e-008
119  1.253000e-008
120  7.831000e+002
121  3.787000e+002
122  1.366000e+004
123  2.999000e+003
124  2.126000e+003
125  4.913000e-008
126  1.253000e-008
127  1.295000e-008
128  1.295000e-008
129  1.253000e-008
130  1.295000e-008
131  1.253000e-008
132  1.295000e-008
133  1.295000e-008
134  1.154000e+003
135  1.295000e-008
136  1.253000e-008
137  1.295000e-008
138  1.253000e-008
139  1.295000e-008
140  1.295000e-008
141  1.253000e-008
142  1.295000e-008
143  1.253000e-008
144  1.295000e-008
   2 
1  6.455000e+003
2  3.789000e+003
3  6.076000e+003
4  1.253000e-008
5  1.295000e-008
6  1.253000e-008
7  1.295000e-008
8  1.295000e-008
9  1.253000e-008
10  1.295000e-008
11  1.229000e+002
12  2.675000e+003
13  5.083000e+002
14  4.649000e+004
15  7.678000e+003
16  1.402000e+004
17  3.675000e+004
18  6.700000e+003
19  1.295000e-008
20  1.295000e-008
21  1.253000e-008
22  1.295000e-008
23  4.491000e+003
24  1.224000e+002
25  6.251000e+003
26  2.823000e+004
27  5.691000e+003
28  3.481000e+004
29  2.717000e+003
30  1.534000e-008
31  1.295000e-008
32  1.295000e-008
33  1.253000e-008
34  1.295000e-008
35  1.909000e+003
36  4.795000e+003
37  5.895000e+003
38  1.233000e+004
39  1.025000e+003
40  3.364000e+004
41  2.834000e+003
42  1.253000e-008
43  1.295000e-008
44  1.295000e-008
45  1.253000e-008
46  1.295000e-008
47  1.253000e-008
48  1.295000e-008
49  1.295000e-008
50  7.777000e+003
51  1.041000e+003
52  1.007000e+004
53  5.699000e+003
54  9.032000e-004
55  1.295000e-008
56  1.295000e-008
57  1.253000e-008
58  1.295000e-008
59  4.487000e+004
60  1.174000e+004
61  1.288000e+004
62  9.149000e+003
63  4.141000e+002
64  3.295000e+004
65  1.245000e+005
66  3.535000e+004
67  1.295000e-008
68  1.295000e-008
69  1.253000e-008
70  1.295000e-008
71  1.253000e-008
72  1.295000e-008
73  2.335000e+003
74  7.084000e+003
75  2.252000e+004
76  4.172000e+004
77  1.025000e+004
78  1.457000e-007
79  1.295000e-008
80  1.295000e-008
81  1.253000e-008
82  1.295000e-008
83  1.253000e-008
84  1.295000e-008
85  1.295000e-008
86  1.331000e+003
87  1.295000e-008
88  1.897000e+003
89  3.350000e+003
90  1.253000e-008
91  1.295000e-008
92  1.295000e-008
93  1.253000e-008
94  1.295000e-008
95  1.253000e-008
96  1.295000e-008
97  6.858000e+003
98  4.700000e+003
99  4.963000e+004
100  1.692000e+002
101  1.295000e-008
102  1.253000e-008
103  1.295000e-008
104  1.295000e-008
105  1.253000e-008
106  1.295000e-008
107  1.253000e-008
108  1.295000e-008
109  2.518000e+003
110  7.677000e+002
111  7.743000e+003
112  5.113000e+003
113  1.295000e-008
114  1.253000e-008
115  1.295000e-008
116  1.295000e-008
117  1.253000e-008
118  1.295000e-008
119  1.253000e-008
120  8.383000e+002
121  4.117000e+002
122  1.397000e+004
123  3.054000e+003
124  2.281000e+003
125  5.564000e-008
126  1.253000e-008
127  1.295000e-008
128  1.295000e-008
129  1.253000e-008
130  1.295000e-008
131  1.253000e-008
132  1.295000e-008
133  1.295000e-008
134  1.277000e+003
135  1.295000e-008
136  1.253000e-008
137  1.295000e-008
138  1.253000e-008
139  1.295000e-008
140  1.295000e-008
141  1.253000e-008
142  1.295000e-008
143  1.253000e-008
144  1.295000e-008
   3 
1  6.477000e+003
2  3.794000e+003
3  6.078000e+003
4  1.253000e-008
5  1.295000e-008
6  1.253000e-008
7  1.295000e-008
8  1.295000e-008
9  1.253000e-008
10  1.295000e-008
11  1.316000e+002
12  2.708000e+003
13  5.178000e+002
14  4.690000e+004
15  7.756000e+003
16  1.417000e+004
17  3.714000e+004
18  6.794000e+003
19  1.295000e-008
20  1.295000e-008
21  1.253000e-008
22  1.295000e-008
23  4.521000e+003
24  1.221000e+002
25  6.240000e+003
26  2.816000e+004
27  5.678000e+003
28  3.479000e+004
29  2.723000e+003
30  1.533000e-008
31  1.295000e-008
32  1.295000e-008
33  1.253000e-008
34  1.295000e-008
35  1.914000e+003
36  4.787000e+003
37  5.886000e+003
38  1.231000e+004
39  1.023000e+003
40  3.379000e+004
41  2.852000e+003
42  1.253000e-008
43  1.295000e-008
44  1.295000e-008
45  1.253000e-008
46  1.295000e-008
47  1.253000e-008
48  1.295000e-008
49  1.295000e-008
50  7.891000e+003
51  1.048000e+003
52  1.021000e+004
53  5.771000e+003
54  9.247000e-004
55  1.295000e-008
56  1.295000e-008
57  1.253000e-008
58  1.295000e-008
59  4.495000e+004
60  1.175000e+004
61  1.288000e+004
62  9.130000e+003
63  4.155000e+002
64  3.306000e+004
65  1.249000e+005
66  3.549000e+004
67  1.295000e-008
68  1.295000e-008
69  1.253000e-008
70  1.295000e-008
71  1.253000e-008
72  1.295000e-008
73  2.327000e+003
74  7.050000e+003
75  2.233000e+004
76  4.148000e+004
77  1.025000e+004
78  1.454000e-007
79  1.295000e-008
80  1.295000e-008
81  1.253000e-008
82  1.295000e-008
83  1.253000e-008
84  1.295000e-008
85  1.295000e-008
86  1.324000e+003
87  1.295000e-008
88  1.945000e+003
89  3.401000e+003
90  1.253000e-008
91  1.295000e-008
92  1.295000e-008
93  1.253000e-008
94  1.295000e-008
95  1.253000e-008
96  1.295000e-008
97  6.981000e+003
98  4.792000e+003
99  5.045000e+004
100  1.724000e+002
101  1.295000e-008
102  1.253000e-008
103  1.295000e-008
104  1.295000e-008
105  1.253000e-008
106  1.295000e-008
107  1.253000e-008
108  1.295000e-008
109  2.535000e+003
110  7.732000e+002
111  7.731000e+003
112  5.133000e+003
113  1.295000e-008
114  1.253000e-008
115  1.295000e-008
116  1.295000e-008
117  1.253000e-008
118  1.295000e-008
119  1.253000e-008
120  8.395000e+002
121  4.118000e+002
122  1.394000e+004
123  3.032000e+003
124  2.283000e+003
125  5.551000e-008
126  1.253000e-008
127  1.295000e-008
128  1.295000e-008
129  1.253000e-008
130  1.295000e-008
131  1.253000e-008
132  1.295000e-008
133  1.295000e-008
134  1.284000e+003
135  1.295000e-008
136  1.253000e-008
137  1.295000e-008
138  1.253000e-008
139  1.295000e-008
140  1.295000e-008
141  1.253000e-008
142  1.295000e-008
143  1.253000e-008
144  1.295000e-008
   4 
1  6.061000e+003
2  3.581000e+003
3  5.819000e+003
4  1.253000e-008
5  1.295000e-008
6  1.253000e-008
7  1.295000e-008
8  1.295000e-008
9  1.253000e-008
10  1.295000e-008
11  8.697000e+001
12  2.472000e+003
13  4.526000e+002
14  4.408000e+004
15  7.078000e+003
16  1.308000e+004
17  3.429000e+004
18  6.153000e+003
19  1.295000e-008
20  1.295000e-008
21  1.253000e-008
22  1.295000e-008
23  4.280000e+003
24  1.175000e+002
25  6.110000e+003
26  2.786000e+004
27  5.531000e+003
28  3.361000e+004
29  2.520000e+003
30  1.504000e-008
31  1.295000e-008
32  1.295000e-008
33  1.253000e-008
34  1.295000e-008
35  1.831000e+003
36  4.651000e+003
37  5.725000e+003
38  1.207000e+004
39  9.429000e+002
40  3.191000e+004
41  2.562000e+003
42  1.253000e-008
43  1.295000e-008
44  1.295000e-008
45  1.253000e-008
46  1.295000e-008
47  1.253000e-008
48  1.295000e-008
49  1.295000e-008
50  7.584000e+003
51  1.003000e+003
52  9.873000e+003
53  5.555000e+003
54  8.013000e-004
55  1.295000e-008
56  1.295000e-008
57  1.253000e-008
58  1.295000e-008
59  4.389000e+004
60  1.152000e+004
61  1.258000e+004
62  8.901000e+003
63  3.451000e+002
64  3.114000e+004
65  1.192000e+005
66  3.332000e+004
67  1.295000e-008
68  1.295000e-008
69  1.253000e-008
70  1.295000e-008
71  1.253000e-008
72  1.295000e-008
73  2.225000e+003
74  6.887000e+003
75  2.270000e+004
76  4.104000e+004
77  9.537000e+003
78  1.345000e-007
79  1.295000e-008
80  1.295000e-008
81  1.253000e-008
82  1.295000e-008
83  1.253000e-008
84  1.295000e-008
85  1.295000e-008
86  1.268000e+003
87  1.295000e-008
88  1.787000e+003
89  3.088000e+003
90  1.253000e-008
91  1.295000e-008
92  1.295000e-008
93  1.253000e-008
94  1.295000e-008
95  1.253000e-008
96  1.295000e-008
97  6.408000e+003
98  4.308000e+003
99  4.733000e+004
100  1.405000e+002
101  1.295000e-008
102  1.253000e-008
103  1.295000e-008
104  1.295000e-008
105  1.253000e-008
106  1.295000e-008
107  1.253000e-008
108  1.295000e-008
109  2.314000e+003
110  6.881000e+002
111  7.406000e+003
112  4.870000e+003
113  1.295000e-008
114  1.253000e-008
115  1.295000e-008
116  1.295000e-008
117  1.253000e-008
118  1.295000e-008
119  1.253000e-008
120  7.861000e+002
121  3.799000e+002
122  1.368000e+004
123  3.002000e+003
124  2.134000e+003
125  4.950000e-008
126  1.253000e-008
127  1.295000e-008
128  1.295000e-008
129  1.253000e-008
130  1.295000e-008
131  1.253000e-008
132  1.295000e-008
133  1.295000e-008
134  1.161000e+003
135  1.295000e-008
136  1.253000e-008
137  1.295000e-008
138  1.253000e-008
139  1.295000e-008
140  1.295000e-008
141  1.253000e-008
142  1.295000e-008
143  1.253000e-008
144  1.295000e-008
   5 
1  6.277000e+003
2  3.695000e+003
3  5.960000e+003
4  1.253000e-008
5  1.295000e-008
6  1.253000e-008
7  1.295000e-008
8  1.295000e-008
9  1.253000e-008
10  1.295000e-008
11  1.059000e+002
12  2.581000e+003
13  4.827000e+002
14  4.538000e+004
15  7.403000e+003
16  1.358000e+004
17  3.560000e+004
18  6.434000e+003
19  1.295000e-008
20  1.295000e-008
21  1.253000e-008
22  1.295000e-008
23  4.402000e+003
24  1.203000e+002
25  6.196000e+003
26  2.811000e+004
27  5.631000e+003
28  3.437000e+004
29  2.632000e+003
30  1.521000e-008
31  1.295000e-008
32  1.295000e-008
33  1.253000e-008
34  1.295000e-008
35  1.872000e+003
36  4.726000e+003
37  5.814000e+003
38  1.221000e+004
39  9.862000e+002
40  3.280000e+004
41  2.705000e+003
42  1.253000e-008
43  1.295000e-008
44  1.295000e-008
45  1.253000e-008
46  1.295000e-008
47  1.253000e-008
48  1.295000e-008
49  1.295000e-008
50  7.694000e+003
51  1.024000e+003
52  9.986000e+003
53  5.635000e+003
54  8.570000e-004
55  1.295000e-008
56  1.295000e-008
57  1.253000e-008
58  1.295000e-008
59  4.443000e+004
60  1.164000e+004
61  1.274000e+004
62  9.037000e+003
63  3.825000e+002
64  3.211000e+004
65  1.221000e+005
66  3.441000e+004
67  1.295000e-008
68  1.295000e-008
69  1.253000e-008
70  1.295000e-008
71  1.253000e-008
72  1.295000e-008
73  2.287000e+003
74  6.998000e+003
75  2.260000e+004
76  4.143000e+004
77  9.934000e+003
78  1.410000e-007
79  1.295000e-008
80  1.295000e-008
81  1.253000e-008
82  1.295000e-008
83  1.253000e-008
84  1.295000e-008
85  1.295000e-008
86  1.303000e+003
87  1.295000e-008
88  1.847000e+003
89  3.219000e+003
90  1.253000e-008
91  1.295000e-008
92  1.295000e-008
93  1.253000e-008
94  1.295000e-008
95  1.253000e-008
96  1.295000e-008
97  6.652000e+003
98  4.520000e+003
99  4.858000e+004
100  1.561000e+002
101  1.295000e-008
102  1.253000e-008
103  1.295000e-008
104  1.295000e-008
105  1.253000e-008
106  1.295000e-008
107  1.253000e-008
108  1.295000e-008
109  2.425000e+003
110  7.316000e+002
111  7.592000e+003
112  5.003000e+003
113  1.295000e-008
114  1.253000e-008
115  1.295000e-008
116  1.295000e-008
117  1.253000e-008
118  1.295000e-008
119  1.253000e-008
120  8.146000e+002
121  3.985000e+002
122  1.384000e+004
123  3.031000e+003
124  2.215000e+003
125  5.285000e-008
126  1.253000e-008
127  1.295000e-008
128  1.295000e-008
129  1.253000e-008
130  1.295000e-008
131  1.253000e-008
132  1.295000e-008
133  1.295000e-008
134  1.224000e+003
135  1.295000e-008
136  1.253000e-008
137  1.295000e-008
138  1.253000e-008
139  1.295000e-008
140  1.295000e-008
141  1.253000e-008
142  1.295000e-008
143  1.253000e-008
144  1.295000e-008
   6 
1  6.073000e+003
2  3.587000e+003
3  5.827000e+003
4  1.253000e-008
5  1.295000e-008
6  1.253000e-008
7  1.295000e-008
8  1.295000e-008
9  1.253000e-008
10  1.295000e-008
11  8.802000e+001
12  2.479000e+003
13  4.546000e+002
14  4.416000e+004
15  7.096000e+003
16  1.311000e+004
17  3.436000e+004
18  6.169000e+003
19  1.295000e-008
20  1.295000e-008
21  1.253000e-008
22  1.295000e-008
23  4.287000e+003
24  1.176000e+002
25  6.115000e+003
26  2.787000e+004
27  5.538000e+003
28  3.365000e+004
29  2.527000e+003
30  1.505000e-008
31  1.295000e-008
32  1.295000e-008
33  1.253000e-008
34  1.295000e-008
35  1.833000e+003
36  4.655000e+003
37  5.730000e+003
38  1.208000e+004
39  9.454000e+002
40  3.197000e+004
41  2.571000e+003
42  1.253000e-008
43  1.295000e-008
44  1.295000e-008
45  1.253000e-008
46  1.295000e-008
47  1.253000e-008
48  1.295000e-008
49  1.295000e-008
50  7.593000e+003
51  1.004000e+003
52  9.879000e+003
53  5.563000e+003
54  8.043000e-004
55  1.295000e-008
56  1.295000e-008
57  1.253000e-008
58  1.295000e-008
59  4.393000e+004
60  1.153000e+004
61  1.259000e+004
62  8.909000e+003
63  3.473000e+002
64  3.120000e+004
65  1.194000e+005
66  3.338000e+004
67  1.295000e-008
68  1.295000e-008
69  1.253000e-008
70  1.295000e-008
71  1.253000e-008
72  1.295000e-008
73  2.230000e+003
74  6.893000e+003
75  2.269000e+004
76  4.106000e+004
77  9.562000e+003
78  1.350000e-007
79  1.295000e-008
80  1.295000e-008
81  1.253000e-008
82  1.295000e-008
83  1.253000e-008
84  1.295000e-008
85  1.295000e-008
86  1.271000e+003
87  1.295000e-008
88  1.792000e+003
89  3.095000e+003
90  1.253000e-008
91  1.295000e-008
92  1.295000e-008
93  1.253000e-008
94  1.295000e-008
95  1.253000e-008
96  1.295000e-008
97  6.423000e+003
98  4.321000e+003
99  4.742000e+004
100  1.418000e+002
101  1.295000e-008
102  1.253000e-008
103  1.295000e-008
104  1.295000e-008
105  1.253000e-008
106  1.295000e-008
107  1.253000e-008
108  1.295000e-008
109  2.320000e+003
110  6.912000e+002
111  7.423000e+003
112  4.878000e+003
113  1.295000e-008
114  1.253000e-008
115  1.295000e-008
116  1.295000e-008
117  1.253000e-008
118  1.295000e-008
119  1.253000e-008
120  7.877000e+002
121  3.805000e+002
122  1.368000e+004
123  3.004000e+003
124  2.139000e+003
125  4.969000e-008
126  1.253000e-008
127  1.295000e-008
128  1.295000e-008
129  1.253000e-008
130  1.295000e-008
131  1.253000e-008
132  1.295000e-008
133  1.295000e-008
134  1.164000e+003
135  1.295000e-008
136  1.253000e-008
137  1.295000e-008
138  1.253000e-008
139  1.295000e-008
140  1.295000e-008
141  1.253000e-008
142  1.295000e-008
143  1.253000e-008
144  1.295000e-008
   7 
1  5.902000e+003
2  3.497000e+003
3  5.710000e+003
4  1.253000e-008
5  1.295000e-008
6  1.253000e-008
7  1.295000e-008
8  1.295000e-008
9  1.253000e-008
10  1.295000e-008
11  7.442000e+001
12  2.395000e+003
13  4.318000e+002
14  4.318000e+004
15  6.854000e+003
16  1.275000e+004
17  3.339000e+004
18  5.954000e+003
19  1.295000e-008
20  1.295000e-008
21  1.253000e-008
22  1.295000e-008
23  4.191000e+003
24  1.154000e+002
25  6.048000e+003
26  2.768000e+004
27  5.447000e+003
28  3.306000e+004
29  2.441000e+003
30  1.492000e-008
31  1.295000e-008
32  1.295000e-008
33  1.253000e-008
34  1.295000e-008
35  1.802000e+003
36  4.586000e+003
37  5.650000e+003
38  1.195000e+004
39  9.074000e+002
40  3.115000e+004
41  2.452000e+003
42  1.253000e-008
43  1.295000e-008
44  1.295000e-008
45  1.253000e-008
46  1.295000e-008
47  1.253000e-008
48  1.295000e-008
49  1.295000e-008
50  7.505000e+003
51  9.874000e+002
52  9.787000e+003
53  5.498000e+003
54  7.601000e-004
55  1.295000e-008
56  1.295000e-008
57  1.253000e-008
58  1.295000e-008
59  4.350000e+004
60  1.143000e+004
61  1.245000e+004
62  8.807000e+003
63  3.185000e+002
64  3.044000e+004
65  1.171000e+005
66  3.252000e+004
67  1.295000e-008
68  1.295000e-008
69  1.253000e-008
70  1.295000e-008
71  1.253000e-008
72  1.295000e-008
73  2.180000e+003
74  6.807000e+003
75  2.276000e+004
76  4.077000e+004
77  9.256000e+003
78  1.304000e-007
79  1.295000e-008
80  1.295000e-008
81  1.253000e-008
82  1.295000e-008
83  1.253000e-008
84  1.295000e-008
85  1.295000e-008
86  1.241000e+003
87  1.295000e-008
88  1.740000e+003
89  2.988000e+003
90  1.253000e-008
91  1.295000e-008
92  1.295000e-008
93  1.253000e-008
94  1.295000e-008
95  1.253000e-008
96  1.295000e-008
97  6.234000e+003
98  4.158000e+003
99  4.646000e+004
100  1.294000e+002
101  1.295000e-008
102  1.253000e-008
103  1.295000e-008
104  1.295000e-008
105  1.253000e-008
106  1.295000e-008
107  1.253000e-008
108  1.295000e-008
109  2.233000e+003
110  6.541000e+002
111  7.275000e+003
112  4.772000e+003
113  1.295000e-008
114  1.253000e-008
115  1.295000e-008
116  1.295000e-008
117  1.253000e-008
118  1.295000e-008
119  1.253000e-008
120  7.649000e+002
121  3.713000e+002
122  1.356000e+004
123  2.982000e+003
124  2.075000e+003
125  4.706000e-008
126  1.253000e-008
127  1.295000e-008
128  1.295000e-008
129  1.253000e-008
130  1.295000e-008
131  1.253000e-008
132  1.295000e-008
133  1.295000e-008
134  1.116000e+003
135  1.295000e-008
136  1.253000e-008
137  1.295000e-008
138  1.253000e-008
139  1.295000e-008
140  1.295000e-008
141  1.253000e-008
142  1.295000e-008
143  1.253000e-008
144  1.295000e-008
   8 
1  5.825000e+003
2  3.458000e+003
3  5.661000e+003
4  1.253000e-008
5  1.295000e-008
6  1.253000e-008
7  1.295000e-008
8  1.295000e-008
9  1.253000e-008
10  1.295000e-008
11  6.878000e+001
12  2.358000e+003
13  4.223000e+002
14  4.275000e+004
15  6.749000e+003
16  1.260000e+004
17  3.296000e+004
18  5.863000e+003
19  1.295000e-008
20  1.295000e-008
21  1.253000e-008
22  1.295000e-008
23  4.149000e+003
24  1.144000e+002
25  6.019000e+003
26  2.759000e+004
27  5.407000e+003
28  3.281000e+004
29  2.404000e+003
30  1.487000e-008
31  1.295000e-008
32  1.295000e-008
33  1.253000e-008
34  1.295000e-008
35  1.787000e+003
36  4.556000e+003
37  5.614000e+003
38  1.189000e+004
39  8.907000e+002
40  3.079000e+004
41  2.401000e+003
42  1.253000e-008
43  1.295000e-008
44  1.295000e-008
45  1.253000e-008
46  1.295000e-008
47  1.253000e-008
48  1.295000e-008
49  1.295000e-008
50  7.470000e+003
51  9.799000e+002
52  9.742000e+003
53  5.471000e+003
54  7.415000e-004
55  1.295000e-008
56  1.295000e-008
57  1.253000e-008
58  1.295000e-008
59  4.332000e+004
60  1.138000e+004
61  1.239000e+004
62  8.763000e+003
63  3.063000e+002
64  3.012000e+004
65  1.161000e+005
66  3.215000e+004
67  1.295000e-008
68  1.295000e-008
69  1.253000e-008
70  1.295000e-008
71  1.253000e-008
72  1.295000e-008
73  2.160000e+003
74  6.769000e+003
75  2.281000e+004
76  4.064000e+004
77  9.127000e+003
78  1.287000e-007
79  1.295000e-008
80  1.295000e-008
81  1.253000e-008
82  1.295000e-008
83  1.253000e-008
84  1.295000e-008
85  1.295000e-008
86  1.227000e+003
87  1.295000e-008
88  1.719000e+003
89  2.942000e+003
90  1.253000e-008
91  1.295000e-008
92  1.295000e-008
93  1.253000e-008
94  1.295000e-008
95  1.253000e-008
96  1.295000e-008
97  6.147000e+003
98  4.088000e+003
99  4.604000e+004
100  1.242000e+002
101  1.295000e-008
102  1.253000e-008
103  1.295000e-008
104  1.295000e-008
105  1.253000e-008
106  1.295000e-008
107  1.253000e-008
108  1.295000e-008
109  2.196000e+003
110  6.416000e+002
111  7.213000e+003
112  4.727000e+003
113  1.295000e-008
114  1.253000e-008
115  1.295000e-008
116  1.295000e-008
117  1.253000e-008
118  1.295000e-008
119  1.253000e-008
120  7.550000e+002
121  3.672000e+002
122  1.350000e+004
123  2.973000e+003
124  2.047000e+003
125  4.594000e-008
126  1.253000e-008
127  1.295000e-008
128  1.295000e-008
129  1.253000e-008
130  1.295000e-008
131  1.253000e-008
132  1.295000e-008
133  1.295000e-008
134  1.096000e+003
135  1.295000e-008
136  1.253000e-008
137  1.295000e-008
138  1.253000e-008
139  1.295000e-008
140  1.295000e-008
141  1.253000e-008
142  1.295000e-008
143  1.253000e-008
144  1.295000e-008
   9 
1  5.767000e+003
2  3.425000e+003
3  5.621000e+003
4  1.253000e-008
5  1.295000e-008
6  1.253000e-008
7  1.295000e-008
8  1.295000e-008
9  1.253000e-008
10  1.295000e-008
11  6.448000e+001
12  2.329000e+003
13  4.142000e+002
14  4.239000e+004
15  6.664000e+003
16  1.247000e+004
17  3.260000e+004
18  5.785000e+003
19  1.295000e-008
20  1.295000e-008
21  1.253000e-008
22  1.295000e-008
23  4.114000e+003
24  1.136000e+002
25  5.996000e+003
26  2.752000e+004
27  5.373000e+003
28  3.262000e+004
29  2.374000e+003
30  1.483000e-008
31  1.295000e-008
32  1.295000e-008
33  1.253000e-008
34  1.295000e-008
35  1.777000e+003
36  4.533000e+003
37  5.585000e+003
38  1.184000e+004
39  8.776000e+002
40  3.050000e+004
41  2.361000e+003
42  1.253000e-008
43  1.295000e-008
44  1.295000e-008
45  1.253000e-008
46  1.295000e-008
47  1.253000e-008
48  1.295000e-008
49  1.295000e-008
50  7.441000e+003
51  9.739000e+002
52  9.708000e+003
53  5.449000e+003
54  7.253000e-004
55  1.295000e-008
56  1.295000e-008
57  1.253000e-008
58  1.295000e-008
59  4.317000e+004
60  1.135000e+004
61  1.235000e+004
62  8.725000e+003
63  2.965000e+002
64  2.987000e+004
65  1.154000e+005
66  3.186000e+004
67  1.295000e-008
68  1.295000e-008
69  1.253000e-008
70  1.295000e-008
71  1.253000e-008
72  1.295000e-008
73  2.144000e+003
74  6.740000e+003
75  2.284000e+004
76  4.053000e+004
77  9.024000e+003
78  1.270000e-007
79  1.295000e-008
80  1.295000e-008
81  1.253000e-008
82  1.295000e-008
83  1.253000e-008
84  1.295000e-008
85  1.295000e-008
86  1.218000e+003
87  1.295000e-008
88  1.701000e+003
89  2.906000e+003
90  1.253000e-008
91  1.295000e-008
92  1.295000e-008
93  1.253000e-008
94  1.295000e-008
95  1.253000e-008
96  1.295000e-008
97  6.083000e+003
98  4.032000e+003
99  4.571000e+004
100  1.196000e+002
101  1.295000e-008
102  1.253000e-008
103  1.295000e-008
104  1.295000e-008
105  1.253000e-008
106  1.295000e-008
107  1.253000e-008
108  1.295000e-008
109  2.165000e+003
110  6.316000e+002
111  7.163000e+003
112  4.688000e+003
113  1.295000e-008
114  1.253000e-008
115  1.295000e-008
116  1.295000e-008
117  1.253000e-008
118  1.295000e-008
119  1.253000e-008
120  7.471000e+002
121  3.642000e+002
122  1.345000e+004
123  2.965000e+003
124  2.025000e+003
125  4.499000e-008
126  1.253000e-008
127  1.295000e-008
128  1.295000e-008
129  1.253000e-008
130  1.295000e-008
131  1.253000e-008
132  1.295000e-008
133  1.295000e-008
134  1.078000e+003
135  1.295000e-008
136  1.253000e-008
137  1.295000e-008
138  1.253000e-008
139  1.295000e-008
140  1.295000e-008
141  1.253000e-008
142  1.295000e-008
143  1.253000e-008
144  1.295000e-008
   10 
1  5.871000e+003
2  3.482000e+003
3  5.690000e+003
4  1.253000e-008
5  1.295000e-008
6  1.253000e-008
7  1.295000e-008
8  1.295000e-008
9  1.253000e-008
10  1.295000e-008
11  7.219000e+001
12  2.380000e+003
13  4.279000e+002
14  4.302000e+004
15  6.811000e+003
16  1.269000e+004
17  3.322000e+004
18  5.918000e+003
19  1.295000e-008
20  1.295000e-008
21  1.253000e-008
22  1.295000e-008
23  4.175000e+003
24  1.150000e+002
25  6.037000e+003
26  2.765000e+004
27  5.431000e+003
28  3.296000e+004
29  2.426000e+003
30  1.490000e-008
31  1.295000e-008
32  1.295000e-008
33  1.253000e-008
34  1.295000e-008
35  1.796000e+003
36  4.574000e+003
37  5.636000e+003
38  1.193000e+004
39  9.015000e+002
40  3.101000e+004
41  2.432000e+003
42  1.253000e-008
43  1.295000e-008
44  1.295000e-008
45  1.253000e-008
46  1.295000e-008
47  1.253000e-008
48  1.295000e-008
49  1.295000e-008
50  7.493000e+003
51  9.845000e+002
52  9.767000e+003
53  5.488000e+003
54  7.526000e-004
55  1.295000e-008
56  1.295000e-008
57  1.253000e-008
58  1.295000e-008
59  4.343000e+004
60  1.141000e+004
61  1.243000e+004
62  8.790000e+003
63  3.136000e+002
64  3.032000e+004
65  1.167000e+005
66  3.238000e+004
67  1.295000e-008
68  1.295000e-008
69  1.253000e-008
70  1.295000e-008
71  1.253000e-008
72  1.295000e-008
73  2.172000e+003
74  6.793000e+003
75  2.278000e+004
76  4.071000e+004
77  9.207000e+003
78  1.297000e-007
79  1.295000e-008
80  1.295000e-008
81  1.253000e-008
82  1.295000e-008
83  1.253000e-008
84  1.295000e-008
85  1.295000e-008
86  1.236000e+003
87  1.295000e-008
88  1.731000e+003
89  2.972000e+003
90  1.253000e-008
91  1.295000e-008
92  1.295000e-008
93  1.253000e-008
94  1.295000e-008
95  1.253000e-008
96  1.295000e-008
97  6.200000e+003
98  4.130000e+003
99  4.628000e+004
100  1.272000e+002
101  1.295000e-008
102  1.253000e-008
103  1.295000e-008
104  1.295000e-008
105  1.253000e-008
106  1.295000e-008
107  1.253000e-008
108  1.295000e-008
109  2.218000e+003
110  6.494000e+002
111  7.251000e+003
112  4.754000e+003
113  1.295000e-008
114  1.253000e-008
115  1.295000e-008
116  1.295000e-008
117  1.253000e-008
118  1.295000e-008
119  1.253000e-008
120  7.612000e+002
121  3.699000e+002
122  1.353000e+004
123  2.978000e+003
124  2.065000e+003
125  4.666000e-008
126  1.253000e-008
127  1.295000e-008
128  1.295000e-008
129  1.253000e-008
130  1.295000e-008
131  1.253000e-008
132  1.295000e-008
133  1.295000e-008
134  1.108000e+003
135  1.295000e-008
136  1.253000e-008
137  1.295000e-008
138  1.253000e-008
139  1.295000e-008
140  1.295000e-008
141  1.253000e-008
142  1.295000e-008
143  1.253000e-008
144  1.295000e-008
