   1 
1  7.513000e+000
2  1.674900e+001
3  3.821700e+001
4  5.147100e+001
5  4.567400e+001
6  6.791700e+001
7  0.000000e+000
8  0.000000e+000
9  0.000000e+000
10  9.258000e+000
11  7.640000e+000
12  7.822000e+000
13  8.938000e+000
14  1.972600e+001
15  3.829300e+001
16  5.398900e+001
17  4.956700e+001
18  7.597200e+001
19  4.711000e+000
20  0.000000e+000
21  0.000000e+000
22  9.657000e+000
23  7.957000e+000
24  1.022200e+001
25  4.941000e+000
26  1.722800e+001
27  3.461600e+001
28  4.250600e+001
29  5.861700e+001
30  6.348300e+001
31  3.969800e+001
32  3.992000e+000
33  3.592000e+000
34  0.000000e+000
35  9.438000e+000
36  1.137700e+001
37  1.095300e+001
38  2.025600e+001
39  3.614900e+001
40  3.416300e+001
41  6.030900e+001
42  8.614900e+001
43  2.097400e+001
44  5.586000e+000
45  0.000000e+000
46  4.441000e+000
47  1.735400e+001
48  1.027400e+001
49  1.892700e+001
50  2.140300e+001
51  4.333800e+001
52  4.047100e+001
53  5.378600e+001
54  6.571400e+001
55  0.000000e+000
56  0.000000e+000
57  2.282000e+000
58  1.215400e+001
59  2.127400e+001
60  9.978000e+000
61  1.576300e+001
62  1.818600e+001
63  2.555500e+001
64  4.666100e+001
65  5.782600e+001
66  4.806400e+001
67  1.997000e+000
68  0.000000e+000
69  6.548000e+000
70  6.076000e+000
71  5.288000e+000
72  3.450000e-001
73  8.354000e+000
74  1.442800e+001
75  3.716900e+001
76  4.709400e+001
77  5.648800e+001
78  3.794800e+001
79  0.000000e+000
80  0.000000e+000
81  3.434000e+000
82  9.627000e+000
83  9.795000e+000
84  9.824000e+000
85  8.267000e+000
86  1.698800e+001
87  2.849900e+001
88  2.626500e+001
89  5.211900e+001
90  6.037000e+001
91  3.721900e+001
92  0.000000e+000
93  4.291000e+000
94  2.981000e+000
95  2.099500e+001
96  1.553100e+001
97  6.777000e+000
98  1.328600e+001
99  3.504500e+001
100  4.029300e+001
101  5.554900e+001
102  7.709100e+001
103  1.127100e+001
104  1.295200e+001
105  3.197000e+000
106  5.569000e+000
107  7.141000e+000
108  4.384000e+000
109  1.475600e+001
110  2.021000e+001
111  2.038800e+001
112  3.108300e+001
113  3.519400e+001
114  3.000000e-001
115  4.985000e+000
116  7.880000e+000
117  1.998000e+000
118  4.797000e+000
119  1.389400e+001
120  8.589000e+000
121  1.362000e+001
122  1.514000e+001
123  3.199300e+001
124  4.013600e+001
125  5.518900e+001
126  3.141000e+001
127  2.298000e+000
128  1.000000e-001
129  2.437000e+000
130  9.215000e+000
131  1.480300e+001
132  1.444000e+001
133  1.261100e+001
134  1.246900e+001
135  2.897200e+001
136  3.482700e+001
137  5.432600e+001
138  5.520000e-001
139  1.000000e+000
140  1.000000e+000
141  4.347000e+000
142  7.046000e+000
143  9.539000e+000
144  1.795200e+001
   2 
1  7.513000e+000
2  1.675700e+001
3  3.818100e+001
4  5.137100e+001
5  4.556400e+001
6  6.741800e+001
7  0.000000e+000
8  0.000000e+000
9  0.000000e+000
10  9.260000e+000
11  7.642000e+000
12  7.823000e+000
13  8.936000e+000
14  1.974500e+001
15  3.829700e+001
16  5.399100e+001
17  4.951400e+001
18  7.594700e+001
19  4.695000e+000
20  0.000000e+000
21  0.000000e+000
22  9.658000e+000
23  7.957000e+000
24  1.022100e+001
25  4.939000e+000
26  1.722000e+001
27  3.456300e+001
28  4.238800e+001
29  5.849200e+001
30  6.338200e+001
31  3.905700e+001
32  3.992000e+000
33  3.592000e+000
34  0.000000e+000
35  9.433000e+000
36  1.137800e+001
37  1.096000e+001
38  2.022600e+001
39  3.608300e+001
40  3.411700e+001
41  6.024700e+001
42  8.609900e+001
43  2.064000e+001
44  5.587000e+000
45  0.000000e+000
46  4.441000e+000
47  1.735500e+001
48  1.028000e+001
49  1.892300e+001
50  2.138900e+001
51  4.331900e+001
52  4.047100e+001
53  5.377300e+001
54  6.570900e+001
55  0.000000e+000
56  0.000000e+000
57  2.282000e+000
58  1.215500e+001
59  2.127300e+001
60  9.974000e+000
61  1.575500e+001
62  1.818100e+001
63  2.554700e+001
64  4.665000e+001
65  5.780700e+001
66  4.788300e+001
67  1.997000e+000
68  0.000000e+000
69  6.548000e+000
70  6.076000e+000
71  5.288000e+000
72  3.450000e-001
73  8.354000e+000
74  1.442300e+001
75  3.717000e+001
76  4.709500e+001
77  5.648200e+001
78  3.791100e+001
79  0.000000e+000
80  0.000000e+000
81  3.434000e+000
82  9.627000e+000
83  9.795000e+000
84  9.824000e+000
85  8.267000e+000
86  1.697900e+001
87  2.850200e+001
88  2.624600e+001
89  5.210100e+001
90  5.991100e+001
91  3.720800e+001
92  0.000000e+000
93  4.291000e+000
94  2.981000e+000
95  2.100100e+001
96  1.553400e+001
97  6.784000e+000
98  1.329400e+001
99  3.502500e+001
100  4.019800e+001
101  5.544300e+001
102  7.644200e+001
103  1.127100e+001
104  1.295300e+001
105  3.197000e+000
106  5.569000e+000
107  7.141000e+000
108  4.385000e+000
109  1.475700e+001
110  2.021000e+001
111  2.038800e+001
112  3.108400e+001
113  3.519500e+001
114  3.000000e-001
115  4.985000e+000
116  7.880000e+000
117  1.998000e+000
118  4.797000e+000
119  1.389400e+001
120  8.589000e+000
121  1.362000e+001
122  1.510000e+001
123  3.194700e+001
124  4.011800e+001
125  5.516600e+001
126  3.108600e+001
127  2.298000e+000
128  1.000000e-001
129  2.437000e+000
130  9.217000e+000
131  1.480500e+001
132  1.444400e+001
133  1.261400e+001
134  1.247000e+001
135  2.897300e+001
136  3.482700e+001
137  5.432000e+001
138  5.510000e-001
139  1.000000e+000
140  1.000000e+000
141  4.347000e+000
142  7.046000e+000
143  9.539000e+000
144  1.795300e+001
   3 
1  7.531000e+000
2  1.683500e+001
3  3.817800e+001
4  5.136900e+001
5  4.556400e+001
6  6.739600e+001
7  0.000000e+000
8  0.000000e+000
9  0.000000e+000
10  9.261000e+000
11  7.645000e+000
12  7.827000e+000
13  8.991000e+000
14  1.999000e+001
15  3.833300e+001
16  5.399500e+001
17  4.951600e+001
18  7.594800e+001
19  4.696000e+000
20  0.000000e+000
21  0.000000e+000
22  9.660000e+000
23  7.960000e+000
24  1.022300e+001
25  4.954000e+000
26  1.729900e+001
27  3.473300e+001
28  4.236900e+001
29  5.848000e+001
30  6.337300e+001
31  3.898300e+001
32  3.993000e+000
33  3.593000e+000
34  0.000000e+000
35  9.433000e+000
36  1.138400e+001
37  1.101700e+001
38  2.030100e+001
39  3.608000e+001
40  3.410900e+001
41  6.024400e+001
42  8.610200e+001
43  2.061200e+001
44  5.588000e+000
45  0.000000e+000
46  4.442000e+000
47  1.737400e+001
48  1.031900e+001
49  1.895800e+001
50  2.147500e+001
51  4.335100e+001
52  4.047400e+001
53  5.378200e+001
54  6.571300e+001
55  0.000000e+000
56  0.000000e+000
57  2.282000e+000
58  1.215600e+001
59  2.127400e+001
60  9.979000e+000
61  1.577300e+001
62  1.818200e+001
63  2.555100e+001
64  4.665600e+001
65  5.781800e+001
66  4.791100e+001
67  1.997000e+000
68  0.000000e+000
69  6.549000e+000
70  6.077000e+000
71  5.291000e+000
72  3.450000e-001
73  8.395000e+000
74  1.442200e+001
75  3.717300e+001
76  4.710100e+001
77  5.649100e+001
78  3.792800e+001
79  0.000000e+000
80  0.000000e+000
81  3.435000e+000
82  9.629000e+000
83  9.800000e+000
84  9.829000e+000
85  8.270000e+000
86  1.704200e+001
87  2.851100e+001
88  2.623800e+001
89  5.210200e+001
90  5.987000e+001
91  3.722300e+001
92  0.000000e+000
93  4.292000e+000
94  2.982000e+000
95  2.100100e+001
96  1.553400e+001
97  6.825000e+000
98  1.336600e+001
99  3.505000e+001
100  4.019100e+001
101  5.543900e+001
102  7.640000e+001
103  1.127400e+001
104  1.295700e+001
105  3.197000e+000
106  5.569000e+000
107  7.143000e+000
108  4.386000e+000
109  1.478600e+001
110  2.021500e+001
111  2.037000e+001
112  3.108200e+001
113  3.522400e+001
114  3.000000e-001
115  4.986000e+000
116  7.882000e+000
117  1.998000e+000
118  4.798000e+000
119  1.390100e+001
120  8.593000e+000
121  1.365300e+001
122  1.509700e+001
123  3.193700e+001
124  4.012600e+001
125  5.517100e+001
126  3.108400e+001
127  2.298000e+000
128  1.000000e-001
129  2.437000e+000
130  9.218000e+000
131  1.481400e+001
132  1.444700e+001
133  1.262700e+001
134  1.246600e+001
135  2.897600e+001
136  3.483400e+001
137  5.435200e+001
138  5.600000e-001
139  1.000000e+000
140  1.000000e+000
141  4.347000e+000
142  7.047000e+000
143  9.582000e+000
144  1.795100e+001
   4 
1  7.498000e+000
2  1.676900e+001
3  3.806200e+001
4  5.131600e+001
5  4.552800e+001
6  6.818200e+001
7  0.000000e+000
8  0.000000e+000
9  0.000000e+000
10  9.255000e+000
11  7.677000e+000
12  7.905000e+000
13  8.998000e+000
14  1.970200e+001
15  3.822500e+001
16  5.357000e+001
17  4.924500e+001
18  7.583200e+001
19  4.294000e+000
20  0.000000e+000
21  0.000000e+000
22  9.682000e+000
23  8.013000e+000
24  1.021800e+001
25  4.932000e+000
26  1.722800e+001
27  3.454300e+001
28  4.226700e+001
29  5.833200e+001
30  6.329700e+001
31  3.997800e+001
32  3.992000e+000
33  3.592000e+000
34  0.000000e+000
35  9.404000e+000
36  1.149700e+001
37  1.103700e+001
38  2.027700e+001
39  3.599600e+001
40  3.389700e+001
41  5.998600e+001
42  8.606900e+001
43  2.146400e+001
44  5.586000e+000
45  0.000000e+000
46  4.451000e+000
47  1.729800e+001
48  1.030100e+001
49  1.892100e+001
50  2.138600e+001
51  4.307400e+001
52  4.008600e+001
53  5.368500e+001
54  6.521500e+001
55  0.000000e+000
56  0.000000e+000
57  2.286000e+000
58  1.214500e+001
59  2.124200e+001
60  9.904000e+000
61  1.568200e+001
62  1.806300e+001
63  2.540000e+001
64  4.653200e+001
65  5.758600e+001
66  4.885000e+001
67  1.997000e+000
68  0.000000e+000
69  6.522000e+000
70  6.099000e+000
71  5.309000e+000
72  3.280000e-001
73  8.397000e+000
74  1.462400e+001
75  3.712800e+001
76  4.684400e+001
77  5.622200e+001
78  3.827800e+001
79  0.000000e+000
80  0.000000e+000
81  3.415000e+000
82  9.661000e+000
83  9.921000e+000
84  9.932000e+000
85  8.321000e+000
86  1.703200e+001
87  2.830500e+001
88  2.598800e+001
89  5.200100e+001
90  6.054400e+001
91  3.722300e+001
92  0.000000e+000
93  4.291000e+000
94  2.997000e+000
95  2.097600e+001
96  1.548200e+001
97  6.788000e+000
98  1.330900e+001
99  3.493400e+001
100  4.010200e+001
101  5.536100e+001
102  7.725600e+001
103  1.127100e+001
104  1.295300e+001
105  3.197000e+000
106  5.544000e+000
107  7.144000e+000
108  4.392000e+000
109  1.481400e+001
110  2.006700e+001
111  2.015400e+001
112  3.098300e+001
113  3.563200e+001
114  3.000000e-001
115  4.985000e+000
116  7.880000e+000
117  1.998000e+000
118  4.768000e+000
119  1.406300e+001
120  8.673000e+000
121  1.385200e+001
122  1.527100e+001
123  3.200000e+001
124  3.989000e+001
125  5.489300e+001
126  3.133900e+001
127  2.298000e+000
128  1.000000e-001
129  2.382000e+000
130  9.200000e+000
131  1.501500e+001
132  1.460700e+001
133  1.252400e+001
134  1.235300e+001
135  2.883600e+001
136  3.464700e+001
137  5.454800e+001
138  5.520000e-001
139  1.000000e+000
140  1.000000e+000
141  4.284000e+000
142  7.082000e+000
143  9.591000e+000
144  1.796500e+001
   5 
1  7.513000e+000
2  1.674500e+001
3  3.819300e+001
4  5.141300e+001
5  4.561200e+001
6  6.764100e+001
7  0.000000e+000
8  0.000000e+000
9  0.000000e+000
10  9.259000e+000
11  7.641000e+000
12  7.823000e+000
13  8.937000e+000
14  1.972700e+001
15  3.828800e+001
16  5.398800e+001
17  4.953600e+001
18  7.595800e+001
19  4.702000e+000
20  0.000000e+000
21  0.000000e+000
22  9.657000e+000
23  7.957000e+000
24  1.022200e+001
25  4.940000e+000
26  1.722400e+001
27  3.457000e+001
28  4.243900e+001
29  5.854600e+001
30  6.342600e+001
31  3.934300e+001
32  3.992000e+000
33  3.592000e+000
34  0.000000e+000
35  9.435000e+000
36  1.137800e+001
37  1.095300e+001
38  2.025600e+001
39  3.613800e+001
40  3.413100e+001
41  6.026600e+001
42  8.611800e+001
43  2.077300e+001
44  5.586000e+000
45  0.000000e+000
46  4.441000e+000
47  1.735400e+001
48  1.027400e+001
49  1.892100e+001
50  2.138600e+001
51  4.332700e+001
52  4.047000e+001
53  5.377800e+001
54  6.571100e+001
55  0.000000e+000
56  0.000000e+000
57  2.282000e+000
58  1.215400e+001
59  2.127300e+001
60  9.976000e+000
61  1.575800e+001
62  1.818300e+001
63  2.555000e+001
64  4.665400e+001
65  5.781500e+001
66  4.796000e+001
67  1.997000e+000
68  0.000000e+000
69  6.548000e+000
70  6.076000e+000
71  5.288000e+000
72  3.450000e-001
73  8.354000e+000
74  1.441900e+001
75  3.716900e+001
76  4.709300e+001
77  5.648500e+001
78  3.793200e+001
79  0.000000e+000
80  0.000000e+000
81  3.434000e+000
82  9.627000e+000
83  9.795000e+000
84  9.824000e+000
85  8.267000e+000
86  1.698000e+001
87  2.849500e+001
88  2.625600e+001
89  5.210900e+001
90  6.011400e+001
91  3.721200e+001
92  0.000000e+000
93  4.291000e+000
94  2.981000e+000
95  2.099800e+001
96  1.553200e+001
97  6.777000e+000
98  1.328500e+001
99  3.502300e+001
100  4.023900e+001
101  5.549000e+001
102  7.673800e+001
103  1.127100e+001
104  1.295200e+001
105  3.197000e+000
106  5.569000e+000
107  7.141000e+000
108  4.385000e+000
109  1.475600e+001
110  2.021000e+001
111  2.038800e+001
112  3.108300e+001
113  3.519300e+001
114  3.000000e-001
115  4.984000e+000
116  7.880000e+000
117  1.998000e+000
118  4.797000e+000
119  1.389400e+001
120  8.589000e+000
121  1.361900e+001
122  1.511100e+001
123  3.196300e+001
124  4.012300e+001
125  5.517600e+001
126  3.123800e+001
127  2.298000e+000
128  1.000000e-001
129  2.437000e+000
130  9.216000e+000
131  1.480400e+001
132  1.444200e+001
133  1.261200e+001
134  1.246900e+001
135  2.897100e+001
136  3.482600e+001
137  5.432300e+001
138  5.520000e-001
139  1.000000e+000
140  1.000000e+000
141  4.347000e+000
142  7.046000e+000
143  9.540000e+000
144  1.795200e+001
   6 
1  7.513000e+000
2  1.674800e+001
3  3.821300e+001
4  5.146100e+001
5  4.566400e+001
6  6.787400e+001
7  0.000000e+000
8  0.000000e+000
9  0.000000e+000
10  9.258000e+000
11  7.640000e+000
12  7.822000e+000
13  8.938000e+000
14  1.972600e+001
15  3.829300e+001
16  5.398900e+001
17  4.956200e+001
18  7.596900e+001
19  4.709000e+000
20  0.000000e+000
21  0.000000e+000
22  9.657000e+000
23  7.957000e+000
24  1.022200e+001
25  4.941000e+000
26  1.722800e+001
27  3.460800e+001
28  4.249500e+001
29  5.860600e+001
30  6.347400e+001
31  3.964400e+001
32  3.992000e+000
33  3.592000e+000
34  0.000000e+000
35  9.437000e+000
36  1.137700e+001
37  1.095300e+001
38  2.025500e+001
39  3.614700e+001
40  3.415800e+001
41  6.030200e+001
42  8.614400e+001
43  2.094300e+001
44  5.586000e+000
45  0.000000e+000
46  4.441000e+000
47  1.735400e+001
48  1.027400e+001
49  1.892600e+001
50  2.140000e+001
51  4.333600e+001
52  4.047100e+001
53  5.378400e+001
54  6.571300e+001
55  0.000000e+000
56  0.000000e+000
57  2.282000e+000
58  1.215400e+001
59  2.127400e+001
60  9.977000e+000
61  1.576200e+001
62  1.818500e+001
63  2.555400e+001
64  4.666000e+001
65  5.782400e+001
66  4.804500e+001
67  1.997000e+000
68  0.000000e+000
69  6.548000e+000
70  6.076000e+000
71  5.288000e+000
72  3.450000e-001
73  8.354000e+000
74  1.442600e+001
75  3.716900e+001
76  4.709300e+001
77  5.648700e+001
78  3.794400e+001
79  0.000000e+000
80  0.000000e+000
81  3.434000e+000
82  9.627000e+000
83  9.795000e+000
84  9.823000e+000
85  8.267000e+000
86  1.698700e+001
87  2.849800e+001
88  2.626300e+001
89  5.211700e+001
90  6.033000e+001
91  3.721800e+001
92  0.000000e+000
93  4.291000e+000
94  2.981000e+000
95  2.099500e+001
96  1.553100e+001
97  6.777000e+000
98  1.328600e+001
99  3.504200e+001
100  4.028400e+001
101  5.554000e+001
102  7.703600e+001
103  1.127100e+001
104  1.295200e+001
105  3.197000e+000
106  5.569000e+000
107  7.141000e+000
108  4.384000e+000
109  1.475600e+001
110  2.021000e+001
111  2.038800e+001
112  3.108300e+001
113  3.519200e+001
114  3.000000e-001
115  4.984000e+000
116  7.880000e+000
117  1.998000e+000
118  4.797000e+000
119  1.389400e+001
120  8.589000e+000
121  1.361900e+001
122  1.513500e+001
123  3.198800e+001
124  4.013300e+001
125  5.518600e+001
126  3.138300e+001
127  2.298000e+000
128  1.000000e-001
129  2.437000e+000
130  9.215000e+000
131  1.480300e+001
132  1.444000e+001
133  1.261100e+001
134  1.246800e+001
135  2.897100e+001
136  3.482700e+001
137  5.432500e+001
138  5.520000e-001
139  1.000000e+000
140  1.000000e+000
141  4.347000e+000
142  7.046000e+000
143  9.539000e+000
144  1.795200e+001
   7 
1  7.512000e+000
2  1.675100e+001
3  3.823000e+001
4  5.149900e+001
5  4.570500e+001
6  6.805400e+001
7  0.000000e+000
8  0.000000e+000
9  0.000000e+000
10  9.257000e+000
11  7.640000e+000
12  7.821000e+000
13  8.938000e+000
14  1.972500e+001
15  3.829700e+001
16  5.398800e+001
17  4.958400e+001
18  7.597900e+001
19  4.715000e+000
20  0.000000e+000
21  0.000000e+000
22  9.657000e+000
23  7.957000e+000
24  1.022200e+001
25  4.941000e+000
26  1.723100e+001
27  3.464000e+001
28  4.254200e+001
29  5.865600e+001
30  6.351400e+001
31  3.989600e+001
32  3.992000e+000
33  3.592000e+000
34  0.000000e+000
35  9.444000e+000
36  1.137600e+001
37  1.095200e+001
38  2.025600e+001
39  3.615500e+001
40  3.418000e+001
41  6.033100e+001
42  8.616400e+001
43  2.108100e+001
44  5.586000e+000
45  0.000000e+000
46  4.441000e+000
47  1.735300e+001
48  1.027400e+001
49  1.893000e+001
50  2.141200e+001
51  4.334300e+001
52  4.047100e+001
53  5.378900e+001
54  6.571500e+001
55  0.000000e+000
56  0.000000e+000
57  2.282000e+000
58  1.215400e+001
59  2.127500e+001
60  9.978000e+000
61  1.576500e+001
62  1.818700e+001
63  2.555700e+001
64  4.666400e+001
65  5.783100e+001
66  4.811400e+001
67  1.997000e+000
68  0.000000e+000
69  6.548000e+000
70  6.076000e+000
71  5.288000e+000
72  3.450000e-001
73  8.354000e+000
74  1.443200e+001
75  3.716800e+001
76  4.709300e+001
77  5.648900e+001
78  3.795200e+001
79  0.000000e+000
80  0.000000e+000
81  3.434000e+000
82  9.627000e+000
83  9.795000e+000
84  9.823000e+000
85  8.267000e+000
86  1.699300e+001
87  2.850100e+001
88  2.626900e+001
89  5.212300e+001
90  6.051100e+001
91  3.722200e+001
92  0.000000e+000
93  4.291000e+000
94  2.981000e+000
95  2.099300e+001
96  1.553000e+001
97  6.777000e+000
98  1.328700e+001
99  3.505700e+001
100  4.032200e+001
101  5.558200e+001
102  7.728600e+001
103  1.127000e+001
104  1.295200e+001
105  3.197000e+000
106  5.569000e+000
107  7.141000e+000
108  4.384000e+000
109  1.475500e+001
110  2.021000e+001
111  2.038800e+001
112  3.108300e+001
113  3.519200e+001
114  3.000000e-001
115  4.984000e+000
116  7.879000e+000
117  1.998000e+000
118  4.797000e+000
119  1.389300e+001
120  8.589000e+000
121  1.361900e+001
122  1.515600e+001
123  3.200900e+001
124  4.014100e+001
125  5.519500e+001
126  3.150400e+001
127  2.298000e+000
128  1.000000e-001
129  2.437000e+000
130  9.214000e+000
131  1.480100e+001
132  1.443900e+001
133  1.261000e+001
134  1.246800e+001
135  2.897100e+001
136  3.482700e+001
137  5.432700e+001
138  5.520000e-001
139  1.000000e+000
140  1.000000e+000
141  4.347000e+000
142  7.046000e+000
143  9.539000e+000
144  1.795200e+001
   8 
1  7.512000e+000
2  1.675200e+001
3  3.823800e+001
4  5.151200e+001
5  4.571800e+001
6  6.810900e+001
7  0.000000e+000
8  0.000000e+000
9  0.000000e+000
10  9.257000e+000
11  7.640000e+000
12  7.822000e+000
13  8.938000e+000
14  1.972500e+001
15  3.829900e+001
16  5.399000e+001
17  4.959400e+001
18  7.598400e+001
19  4.718000e+000
20  0.000000e+000
21  0.000000e+000
22  9.657000e+000
23  7.957000e+000
24  1.022200e+001
25  4.941000e+000
26  1.723300e+001
27  3.465700e+001
28  4.256500e+001
29  5.868000e+001
30  6.353300e+001
31  4.000800e+001
32  3.992000e+000
33  3.592000e+000
34  0.000000e+000
35  9.446000e+000
36  1.137700e+001
37  1.095200e+001
38  2.025600e+001
39  3.616000e+001
40  3.419100e+001
41  6.034600e+001
42  8.617500e+001
43  2.114500e+001
44  5.586000e+000
45  0.000000e+000
46  4.441000e+000
47  1.735400e+001
48  1.027400e+001
49  1.893100e+001
50  2.141800e+001
51  4.334700e+001
52  4.047200e+001
53  5.379200e+001
54  6.571600e+001
55  0.000000e+000
56  0.000000e+000
57  2.282000e+000
58  1.215400e+001
59  2.127500e+001
60  9.979000e+000
61  1.576600e+001
62  1.818800e+001
63  2.555900e+001
64  4.666700e+001
65  5.783600e+001
66  4.815000e+001
67  1.997000e+000
68  0.000000e+000
69  6.548000e+000
70  6.076000e+000
71  5.288000e+000
72  3.450000e-001
73  8.354000e+000
74  1.443500e+001
75  3.716900e+001
76  4.709500e+001
77  5.649100e+001
78  3.796000e+001
79  0.000000e+000
80  0.000000e+000
81  3.434000e+000
82  9.627000e+000
83  9.795000e+000
84  9.824000e+000
85  8.267000e+000
86  1.699600e+001
87  2.850300e+001
88  2.627200e+001
89  5.212700e+001
90  6.059500e+001
91  3.722500e+001
92  0.000000e+000
93  4.291000e+000
94  2.981000e+000
95  2.099200e+001
96  1.552900e+001
97  6.777000e+000
98  1.328800e+001
99  3.506500e+001
100  4.034000e+001
101  5.560200e+001
102  7.740000e+001
103  1.127100e+001
104  1.295200e+001
105  3.197000e+000
106  5.568000e+000
107  7.141000e+000
108  4.384000e+000
109  1.475500e+001
110  2.021000e+001
111  2.038800e+001
112  3.108300e+001
113  3.519400e+001
114  3.000000e-001
115  4.984000e+000
116  7.880000e+000
117  1.998000e+000
118  4.797000e+000
119  1.389400e+001
120  8.589000e+000
121  1.361900e+001
122  1.516500e+001
123  3.201900e+001
124  4.014800e+001
125  5.520000e+001
126  3.155900e+001
127  2.298000e+000
128  1.000000e-001
129  2.437000e+000
130  9.214000e+000
131  1.480100e+001
132  1.443900e+001
133  1.261000e+001
134  1.246800e+001
135  2.897200e+001
136  3.482800e+001
137  5.433000e+001
138  5.530000e-001
139  1.000000e+000
140  1.000000e+000
141  4.347000e+000
142  7.046000e+000
143  9.539000e+000
144  1.795200e+001
   9 
1  7.512000e+000
2  1.675300e+001
3  3.824500e+001
4  5.152000e+001
5  4.572700e+001
6  6.814800e+001
7  0.000000e+000
8  0.000000e+000
9  0.000000e+000
10  9.257000e+000
11  7.640000e+000
12  7.822000e+000
13  8.938000e+000
14  1.972500e+001
15  3.830100e+001
16  5.399000e+001
17  4.960100e+001
18  7.598700e+001
19  4.720000e+000
20  0.000000e+000
21  0.000000e+000
22  9.657000e+000
23  7.957000e+000
24  1.022200e+001
25  4.941000e+000
26  1.723400e+001
27  3.466900e+001
28  4.258200e+001
29  5.869800e+001
30  6.354700e+001
31  4.009600e+001
32  3.992000e+000
33  3.592000e+000
34  0.000000e+000
35  9.448000e+000
36  1.137700e+001
37  1.095200e+001
38  2.025700e+001
39  3.616400e+001
40  3.419900e+001
41  6.035700e+001
42  8.618200e+001
43  2.119300e+001
44  5.586000e+000
45  0.000000e+000
46  4.441000e+000
47  1.735400e+001
48  1.027400e+001
49  1.893300e+001
50  2.142200e+001
51  4.335000e+001
52  4.047200e+001
53  5.379400e+001
54  6.571600e+001
55  0.000000e+000
56  0.000000e+000
57  2.282000e+000
58  1.215400e+001
59  2.127600e+001
60  9.979000e+000
61  1.576700e+001
62  1.818900e+001
63  2.556100e+001
64  4.666900e+001
65  5.783900e+001
66  4.817400e+001
67  1.997000e+000
68  0.000000e+000
69  6.548000e+000
70  6.076000e+000
71  5.288000e+000
72  3.450000e-001
73  8.354000e+000
74  1.443800e+001
75  3.716900e+001
76  4.709500e+001
77  5.649200e+001
78  3.796300e+001
79  0.000000e+000
80  0.000000e+000
81  3.434000e+000
82  9.627000e+000
83  9.795000e+000
84  9.824000e+000
85  8.267000e+000
86  1.699800e+001
87  2.850400e+001
88  2.627500e+001
89  5.213000e+001
90  6.065900e+001
91  3.722600e+001
92  0.000000e+000
93  4.291000e+000
94  2.981000e+000
95  2.099200e+001
96  1.552900e+001
97  6.777000e+000
98  1.328800e+001
99  3.507100e+001
100  4.035400e+001
101  5.561700e+001
102  7.748900e+001
103  1.127100e+001
104  1.295200e+001
105  3.197000e+000
106  5.568000e+000
107  7.141000e+000
108  4.384000e+000
109  1.475500e+001
110  2.021000e+001
111  2.038800e+001
112  3.108300e+001
113  3.519500e+001
114  3.000000e-001
115  4.985000e+000
116  7.880000e+000
117  1.998000e+000
118  4.797000e+000
119  1.389400e+001
120  8.589000e+000
121  1.362000e+001
122  1.517200e+001
123  3.202700e+001
124  4.015200e+001
125  5.520300e+001
126  3.160100e+001
127  2.298000e+000
128  1.000000e-001
129  2.437000e+000
130  9.214000e+000
131  1.480100e+001
132  1.443800e+001
133  1.261000e+001
134  1.246900e+001
135  2.897200e+001
136  3.482800e+001
137  5.433000e+001
138  5.530000e-001
139  1.000000e+000
140  1.000000e+000
141  4.347000e+000
142  7.046000e+000
143  9.539000e+000
144  1.795200e+001
   10 
1  7.513000e+000
2  1.675100e+001
3  3.823400e+001
4  5.150500e+001
5  4.571100e+001
6  6.807900e+001
7  0.000000e+000
8  0.000000e+000
9  0.000000e+000
10  9.257000e+000
11  7.640000e+000
12  7.822000e+000
13  8.938000e+000
14  1.972500e+001
15  3.829800e+001
16  5.399100e+001
17  4.958900e+001
18  7.598100e+001
19  4.717000e+000
20  0.000000e+000
21  0.000000e+000
22  9.657000e+000
23  7.957000e+000
24  1.022200e+001
25  4.941000e+000
26  1.723200e+001
27  3.465000e+001
28  4.255300e+001
29  5.866600e+001
30  6.352200e+001
31  3.994100e+001
32  3.992000e+000
33  3.592000e+000
34  0.000000e+000
35  9.445000e+000
36  1.137700e+001
37  1.095200e+001
38  2.025600e+001
39  3.615900e+001
40  3.418600e+001
41  6.034000e+001
42  8.617000e+001
43  2.110900e+001
44  5.586000e+000
45  0.000000e+000
46  4.441000e+000
47  1.735400e+001
48  1.027400e+001
49  1.893000e+001
50  2.141500e+001
51  4.334600e+001
52  4.047200e+001
53  5.379200e+001
54  6.571600e+001
55  0.000000e+000
56  0.000000e+000
57  2.282000e+000
58  1.215400e+001
59  2.127600e+001
60  9.979000e+000
61  1.576600e+001
62  1.818800e+001
63  2.555900e+001
64  4.666600e+001
65  5.783500e+001
66  4.813500e+001
67  1.997000e+000
68  0.000000e+000
69  6.548000e+000
70  6.076000e+000
71  5.288000e+000
72  3.450000e-001
73  8.354000e+000
74  1.443400e+001
75  3.717000e+001
76  4.709600e+001
77  5.649100e+001
78  3.796000e+001
79  0.000000e+000
80  0.000000e+000
81  3.434000e+000
82  9.627000e+000
83  9.795000e+000
84  9.824000e+000
85  8.267000e+000
86  1.699400e+001
87  2.850300e+001
88  2.627100e+001
89  5.212600e+001
90  6.054800e+001
91  3.722500e+001
92  0.000000e+000
93  4.291000e+000
94  2.981000e+000
95  2.099300e+001
96  1.553000e+001
97  6.777000e+000
98  1.328700e+001
99  3.506100e+001
100  4.033000e+001
101  5.559100e+001
102  7.733500e+001
103  1.127100e+001
104  1.295200e+001
105  3.197000e+000
106  5.569000e+000
107  7.141000e+000
108  4.384000e+000
109  1.475600e+001
110  2.021000e+001
111  2.038800e+001
112  3.108400e+001
113  3.519600e+001
114  3.000000e-001
115  4.985000e+000
116  7.880000e+000
117  1.998000e+000
118  4.797000e+000
119  1.389400e+001
120  8.589000e+000
121  1.362000e+001
122  1.515900e+001
123  3.201500e+001
124  4.014800e+001
125  5.519800e+001
126  3.152700e+001
127  2.298000e+000
128  1.000000e-001
129  2.437000e+000
130  9.214000e+000
131  1.480200e+001
132  1.444000e+001
133  1.261100e+001
134  1.246900e+001
135  2.897300e+001
136  3.482800e+001
137  5.433000e+001
138  5.530000e-001
139  1.000000e+000
140  1.000000e+000
141  4.347000e+000
142  7.046000e+000
143  9.540000e+000
144  1.795200e+001
