   1 
1  6.793000e+000
2  7.729000e+000
3  3.906000e+001
4  4.385700e+001
5  4.455700e+001
6  5.338700e+001
7  7.663900e+001
8  0.000000e+000
9  0.000000e+000
10  6.497000e+000
11  1.597600e+001
12  3.565000e+000
13  3.344000e+000
14  7.998000e+000
15  3.552600e+001
16  4.480700e+001
17  2.544000e+001
18  4.152100e+001
19  6.893300e+001
20  0.000000e+000
21  0.000000e+000
22  2.762700e+001
23  1.548000e+001
24  9.185000e+000
25  4.157000e+000
26  5.990000e+000
27  1.772100e+001
28  4.939800e+001
29  5.891200e+001
30  4.883000e+001
31  9.408800e+001
32  3.662200e+001
33  9.610000e-001
34  0.000000e+000
35  1.556900e+001
36  1.027000e+001
37  5.551000e+000
38  1.361300e+001
39  2.924700e+001
40  4.924400e+001
41  6.857800e+001
42  5.775900e+001
43  1.052930e+002
44  6.343000e+000
45  0.000000e+000
46  4.874000e+000
47  2.183300e+001
48  1.825900e+001
49  1.453900e+001
50  1.895400e+001
51  3.722300e+001
52  4.910400e+001
53  6.596400e+001
54  6.632000e+001
55  1.142720e+002
56  1.197000e+000
57  3.770000e+000
58  1.815200e+001
59  2.828300e+001
60  1.310200e+001
61  1.659300e+001
62  2.150800e+001
63  3.033600e+001
64  5.514800e+001
65  6.439500e+001
66  7.710900e+001
67  1.058790e+002
68  4.079700e+001
69  3.998000e+000
70  1.817000e+000
71  1.686100e+001
72  6.400000e+000
73  3.908000e+000
74  1.982600e+001
75  3.870200e+001
76  5.545900e+001
77  5.268900e+001
78  5.475700e+001
79  9.435300e+001
80  0.000000e+000
81  1.000000e+000
82  7.419000e+000
83  1.330100e+001
84  9.148000e+000
85  6.887000e+000
86  9.993000e+000
87  2.141400e+001
88  4.587200e+001
89  6.006100e+001
90  5.502700e+001
91  3.072200e+001
92  0.000000e+000
93  2.000000e+000
94  8.211000e+000
95  2.110900e+001
96  1.702700e+001
97  4.792000e+000
98  1.020000e+001
99  3.391000e+001
100  5.086600e+001
101  6.432300e+001
102  7.075100e+001
103  9.592200e+001
104  6.630000e-001
105  0.000000e+000
106  3.182000e+000
107  1.190100e+001
108  7.520000e+000
109  8.760000e+000
110  1.834300e+001
111  2.854700e+001
112  3.713800e+001
113  3.350700e+001
114  2.114900e+001
115  1.079200e+001
116  2.098500e+001
117  0.000000e+000
118  6.645000e+000
119  1.548800e+001
120  1.474800e+001
121  1.035200e+001
122  1.504100e+001
123  3.404500e+001
124  4.291000e+001
125  3.620300e+001
126  6.623900e+001
127  3.280600e+001
128  0.000000e+000
129  3.140000e+000
130  2.087300e+001
131  1.337500e+001
132  1.013500e+001
133  1.086500e+001
134  1.698700e+001
135  3.394300e+001
136  3.206000e+001
137  3.328600e+001
138  5.840600e+001
139  1.558900e+001
140  0.000000e+000
141  0.000000e+000
142  1.213900e+001
143  1.180700e+001
144  7.538000e+000
   2 
1  6.795000e+000
2  7.727000e+000
3  3.907100e+001
4  4.380100e+001
5  4.443400e+001
6  5.328000e+001
7  7.543900e+001
8  0.000000e+000
9  0.000000e+000
10  6.490000e+000
11  1.593000e+001
12  3.618000e+000
13  3.344000e+000
14  7.992000e+000
15  3.550500e+001
16  4.475300e+001
17  2.536500e+001
18  4.144600e+001
19  6.777100e+001
20  0.000000e+000
21  0.000000e+000
22  2.752700e+001
23  1.541600e+001
24  9.177000e+000
25  4.157000e+000
26  5.990000e+000
27  1.771700e+001
28  4.935700e+001
29  5.881000e+001
30  4.868600e+001
31  9.401500e+001
32  3.532300e+001
33  9.610000e-001
34  0.000000e+000
35  1.556900e+001
36  1.027100e+001
37  5.547000e+000
38  1.361600e+001
39  2.924600e+001
40  4.922200e+001
41  6.851300e+001
42  5.765900e+001
43  1.052610e+002
44  5.433000e+000
45  0.000000e+000
46  4.874000e+000
47  2.183300e+001
48  1.826100e+001
49  1.453500e+001
50  1.894600e+001
51  3.722000e+001
52  4.910600e+001
53  6.583000e+001
54  6.625700e+001
55  1.142690e+002
56  1.150000e+000
57  3.770000e+000
58  1.815200e+001
59  2.828000e+001
60  1.309800e+001
61  1.656900e+001
62  2.150200e+001
63  3.032000e+001
64  5.513000e+001
65  6.437300e+001
66  7.709100e+001
67  1.058780e+002
68  4.079200e+001
69  3.998000e+000
70  1.817000e+000
71  1.686100e+001
72  6.400000e+000
73  3.907000e+000
74  1.977100e+001
75  3.870000e+001
76  5.541700e+001
77  5.259800e+001
78  5.468900e+001
79  9.367600e+001
80  0.000000e+000
81  1.000000e+000
82  7.419000e+000
83  1.330900e+001
84  9.149000e+000
85  6.885000e+000
86  9.988000e+000
87  2.136400e+001
88  4.586400e+001
89  6.006200e+001
90  5.501300e+001
91  3.052100e+001
92  0.000000e+000
93  2.000000e+000
94  8.207000e+000
95  2.110600e+001
96  1.702800e+001
97  4.792000e+000
98  1.019900e+001
99  3.387900e+001
100  5.077200e+001
101  6.420100e+001
102  7.065200e+001
103  9.507700e+001
104  6.630000e-001
105  0.000000e+000
106  3.182000e+000
107  1.190100e+001
108  7.520000e+000
109  8.760000e+000
110  1.831900e+001
111  2.851900e+001
112  3.713900e+001
113  3.350600e+001
114  2.112500e+001
115  1.079200e+001
116  2.098500e+001
117  0.000000e+000
118  6.644000e+000
119  1.548500e+001
120  1.474600e+001
121  1.035200e+001
122  1.504100e+001
123  3.404200e+001
124  4.287400e+001
125  3.616000e+001
126  6.621500e+001
127  3.228700e+001
128  0.000000e+000
129  3.139000e+000
130  2.086400e+001
131  1.337300e+001
132  1.013500e+001
133  1.086300e+001
134  1.699000e+001
135  3.394000e+001
136  3.204900e+001
137  3.327000e+001
138  5.781000e+001
139  1.558900e+001
140  0.000000e+000
141  0.000000e+000
142  1.213700e+001
143  1.179000e+001
144  7.535000e+000
   3 
1  6.795000e+000
2  7.727000e+000
3  3.907100e+001
4  4.380200e+001
5  4.443600e+001
6  5.328100e+001
7  7.545400e+001
8  0.000000e+000
9  0.000000e+000
10  6.490000e+000
11  1.593000e+001
12  3.618000e+000
13  3.344000e+000
14  7.992000e+000
15  3.550500e+001
16  4.475300e+001
17  2.536500e+001
18  4.144700e+001
19  6.778700e+001
20  0.000000e+000
21  0.000000e+000
22  2.753000e+001
23  1.541800e+001
24  9.177000e+000
25  4.157000e+000
26  5.990000e+000
27  1.771700e+001
28  4.935700e+001
29  5.881100e+001
30  4.868800e+001
31  9.401600e+001
32  3.533900e+001
33  9.610000e-001
34  0.000000e+000
35  1.556900e+001
36  1.027100e+001
37  5.547000e+000
38  1.361600e+001
39  2.924400e+001
40  4.922200e+001
41  6.851300e+001
42  5.766100e+001
43  1.052610e+002
44  5.447000e+000
45  0.000000e+000
46  4.874000e+000
47  2.183300e+001
48  1.826000e+001
49  1.453400e+001
50  1.894600e+001
51  3.721900e+001
52  4.910600e+001
53  6.583100e+001
54  6.625700e+001
55  1.142690e+002
56  1.150000e+000
57  3.770000e+000
58  1.815200e+001
59  2.828000e+001
60  1.309800e+001
61  1.657000e+001
62  2.150200e+001
63  3.032000e+001
64  5.513000e+001
65  6.437200e+001
66  7.709100e+001
67  1.058780e+002
68  4.079200e+001
69  3.998000e+000
70  1.817000e+000
71  1.686100e+001
72  6.400000e+000
73  3.907000e+000
74  1.977200e+001
75  3.870000e+001
76  5.541700e+001
77  5.259900e+001
78  5.468900e+001
79  9.368600e+001
80  0.000000e+000
81  1.000000e+000
82  7.419000e+000
83  1.330900e+001
84  9.149000e+000
85  6.885000e+000
86  9.988000e+000
87  2.136500e+001
88  4.586300e+001
89  6.006200e+001
90  5.501300e+001
91  3.052400e+001
92  0.000000e+000
93  2.000000e+000
94  8.207000e+000
95  2.110600e+001
96  1.702700e+001
97  4.792000e+000
98  1.019900e+001
99  3.387800e+001
100  5.077400e+001
101  6.420300e+001
102  7.065300e+001
103  9.509200e+001
104  6.630000e-001
105  0.000000e+000
106  3.182000e+000
107  1.190100e+001
108  7.520000e+000
109  8.760000e+000
110  1.831900e+001
111  2.851900e+001
112  3.713800e+001
113  3.350600e+001
114  2.112600e+001
115  1.079200e+001
116  2.098500e+001
117  0.000000e+000
118  6.644000e+000
119  1.548500e+001
120  1.474600e+001
121  1.035200e+001
122  1.504100e+001
123  3.404100e+001
124  4.287400e+001
125  3.616000e+001
126  6.621500e+001
127  3.229500e+001
128  0.000000e+000
129  3.139000e+000
130  2.086400e+001
131  1.337300e+001
132  1.013500e+001
133  1.086300e+001
134  1.699000e+001
135  3.393900e+001
136  3.204900e+001
137  3.327000e+001
138  5.781800e+001
139  1.558900e+001
140  0.000000e+000
141  0.000000e+000
142  1.213700e+001
143  1.179000e+001
144  7.536000e+000
   4 
1  6.793000e+000
2  7.729000e+000
3  3.906000e+001
4  4.385400e+001
5  4.455000e+001
6  5.338100e+001
7  7.657200e+001
8  0.000000e+000
9  0.000000e+000
10  6.497000e+000
11  1.597400e+001
12  3.567000e+000
13  3.344000e+000
14  7.998000e+000
15  3.552500e+001
16  4.480400e+001
17  2.543600e+001
18  4.151600e+001
19  6.886700e+001
20  0.000000e+000
21  0.000000e+000
22  2.762400e+001
23  1.547800e+001
24  9.185000e+000
25  4.157000e+000
26  5.990000e+000
27  1.772000e+001
28  4.939500e+001
29  5.890600e+001
30  4.882200e+001
31  9.408400e+001
32  3.654700e+001
33  9.610000e-001
34  0.000000e+000
35  1.556900e+001
36  1.027000e+001
37  5.551000e+000
38  1.361300e+001
39  2.924700e+001
40  4.924200e+001
41  6.857400e+001
42  5.775400e+001
43  1.052910e+002
44  6.294000e+000
45  0.000000e+000
46  4.874000e+000
47  2.183300e+001
48  1.826000e+001
49  1.453800e+001
50  1.895400e+001
51  3.722200e+001
52  4.910400e+001
53  6.595600e+001
54  6.631700e+001
55  1.142720e+002
56  1.194000e+000
57  3.770000e+000
58  1.815200e+001
59  2.828300e+001
60  1.310200e+001
61  1.659200e+001
62  2.150700e+001
63  3.033500e+001
64  5.514700e+001
65  6.439400e+001
66  7.710800e+001
67  1.058790e+002
68  4.079700e+001
69  3.998000e+000
70  1.817000e+000
71  1.686100e+001
72  6.400000e+000
73  3.908000e+000
74  1.982300e+001
75  3.870200e+001
76  5.545600e+001
77  5.268400e+001
78  5.475300e+001
79  9.431600e+001
80  0.000000e+000
81  1.000000e+000
82  7.419000e+000
83  1.330100e+001
84  9.148000e+000
85  6.887000e+000
86  9.992000e+000
87  2.141100e+001
88  4.587100e+001
89  6.006100e+001
90  5.502600e+001
91  3.071100e+001
92  0.000000e+000
93  2.000000e+000
94  8.210000e+000
95  2.110900e+001
96  1.702700e+001
97  4.792000e+000
98  1.020000e+001
99  3.390900e+001
100  5.086500e+001
101  6.432000e+001
102  7.075000e+001
103  9.591000e+001
104  6.630000e-001
105  0.000000e+000
106  3.182000e+000
107  1.190100e+001
108  7.520000e+000
109  8.760000e+000
110  1.834100e+001
111  2.854500e+001
112  3.713800e+001
113  3.350700e+001
114  2.114800e+001
115  1.079200e+001
116  2.098500e+001
117  0.000000e+000
118  6.645000e+000
119  1.548700e+001
120  1.474800e+001
121  1.035200e+001
122  1.504100e+001
123  3.404500e+001
124  4.290800e+001
125  3.620000e+001
126  6.623800e+001
127  3.277800e+001
128  0.000000e+000
129  3.140000e+000
130  2.087200e+001
131  1.337500e+001
132  1.013500e+001
133  1.086500e+001
134  1.698800e+001
135  3.394300e+001
136  3.206000e+001
137  3.328500e+001
138  5.837300e+001
139  1.558900e+001
140  0.000000e+000
141  0.000000e+000
142  1.213900e+001
143  1.180600e+001
144  7.538000e+000
   5 
1  6.794000e+000
2  7.728000e+000
3  3.906500e+001
4  4.382400e+001
5  4.448600e+001
6  5.332600e+001
7  7.595300e+001
8  0.000000e+000
9  0.000000e+000
10  6.492000e+000
11  1.594300e+001
12  3.603000e+000
13  3.344000e+000
14  7.995000e+000
15  3.552200e+001
16  4.477500e+001
17  2.539600e+001
18  4.147700e+001
19  6.826100e+001
20  0.000000e+000
21  0.000000e+000
22  2.759100e+001
23  1.545700e+001
24  9.182000e+000
25  4.157000e+000
26  5.990000e+000
27  1.771800e+001
28  4.937300e+001
29  5.885100e+001
30  4.874500e+001
31  9.404500e+001
32  3.585800e+001
33  9.610000e-001
34  0.000000e+000
35  1.556900e+001
36  1.027000e+001
37  5.549000e+000
38  1.361500e+001
39  2.924600e+001
40  4.923100e+001
41  6.854000e+001
42  5.770200e+001
43  1.052750e+002
44  5.826000e+000
45  0.000000e+000
46  4.874000e+000
47  2.183300e+001
48  1.826000e+001
49  1.453600e+001
50  1.895000e+001
51  3.722100e+001
52  4.910500e+001
53  6.588700e+001
54  6.628400e+001
55  1.142700e+002
56  1.170000e+000
57  3.770000e+000
58  1.815200e+001
59  2.828100e+001
60  1.310000e+001
61  1.658000e+001
62  2.150400e+001
63  3.032700e+001
64  5.513700e+001
65  6.438200e+001
66  7.709800e+001
67  1.058790e+002
68  4.079400e+001
69  3.998000e+000
70  1.817000e+000
71  1.686100e+001
72  6.400000e+000
73  3.908000e+000
74  1.979500e+001
75  3.870100e+001
76  5.543400e+001
77  5.263700e+001
78  5.471800e+001
79  9.396700e+001
80  0.000000e+000
81  1.000000e+000
82  7.419000e+000
83  1.330500e+001
84  9.148000e+000
85  6.886000e+000
86  9.990000e+000
87  2.138600e+001
88  4.586800e+001
89  6.006200e+001
90  5.501900e+001
91  3.060800e+001
92  0.000000e+000
93  2.000000e+000
94  8.208000e+000
95  2.110700e+001
96  1.702700e+001
97  4.792000e+000
98  1.019900e+001
99  3.389200e+001
100  5.082500e+001
101  6.426800e+001
102  7.070800e+001
103  9.555900e+001
104  6.630000e-001
105  0.000000e+000
106  3.182000e+000
107  1.190100e+001
108  7.520000e+000
109  8.760000e+000
110  1.832900e+001
111  2.853100e+001
112  3.713800e+001
113  3.350600e+001
114  2.113600e+001
115  1.079200e+001
116  2.098500e+001
117  0.000000e+000
118  6.645000e+000
119  1.548500e+001
120  1.474700e+001
121  1.035200e+001
122  1.504100e+001
123  3.404300e+001
124  4.288900e+001
125  3.617800e+001
126  6.622500e+001
127  3.251300e+001
128  0.000000e+000
129  3.139000e+000
130  2.086800e+001
131  1.337400e+001
132  1.013500e+001
133  1.086400e+001
134  1.698900e+001
135  3.394100e+001
136  3.205400e+001
137  3.327700e+001
138  5.806700e+001
139  1.558900e+001
140  0.000000e+000
141  0.000000e+000
142  1.213800e+001
143  1.179800e+001
144  7.537000e+000
   6 
1  6.793000e+000
2  7.729000e+000
3  3.906000e+001
4  4.385200e+001
5  4.454600e+001
6  5.337800e+001
7  7.653600e+001
8  0.000000e+000
9  0.000000e+000
10  6.497000e+000
11  1.597300e+001
12  3.568000e+000
13  3.344000e+000
14  7.997000e+000
15  3.552500e+001
16  4.480100e+001
17  2.543300e+001
18  4.151400e+001
19  6.883300e+001
20  0.000000e+000
21  0.000000e+000
22  2.762200e+001
23  1.547700e+001
24  9.185000e+000
25  4.157000e+000
26  5.990000e+000
27  1.772000e+001
28  4.939400e+001
29  5.890300e+001
30  4.881700e+001
31  9.408100e+001
32  3.650600e+001
33  9.610000e-001
34  0.000000e+000
35  1.556900e+001
36  1.027000e+001
37  5.551000e+000
38  1.361300e+001
39  2.924500e+001
40  4.924000e+001
41  6.857100e+001
42  5.775100e+001
43  1.052900e+002
44  6.268000e+000
45  0.000000e+000
46  4.874000e+000
47  2.183300e+001
48  1.825900e+001
49  1.453800e+001
50  1.895300e+001
51  3.722200e+001
52  4.910400e+001
53  6.595100e+001
54  6.631400e+001
55  1.142710e+002
56  1.192000e+000
57  3.770000e+000
58  1.815200e+001
59  2.828300e+001
60  1.310200e+001
61  1.659100e+001
62  2.150700e+001
63  3.033400e+001
64  5.514600e+001
65  6.439200e+001
66  7.710700e+001
67  1.058790e+002
68  4.079700e+001
69  3.998000e+000
70  1.817000e+000
71  1.686100e+001
72  6.400000e+000
73  3.908000e+000
74  1.982100e+001
75  3.870200e+001
76  5.545400e+001
77  5.268100e+001
78  5.475100e+001
79  9.429600e+001
80  0.000000e+000
81  1.000000e+000
82  7.419000e+000
83  1.330100e+001
84  9.148000e+000
85  6.887000e+000
86  9.992000e+000
87  2.141000e+001
88  4.587100e+001
89  6.006100e+001
90  5.502600e+001
91  3.070500e+001
92  0.000000e+000
93  2.000000e+000
94  8.210000e+000
95  2.110900e+001
96  1.702700e+001
97  4.792000e+000
98  1.020000e+001
99  3.390700e+001
100  5.086400e+001
101  6.431900e+001
102  7.074900e+001
103  9.590300e+001
104  6.630000e-001
105  0.000000e+000
106  3.182000e+000
107  1.190100e+001
108  7.520000e+000
109  8.760000e+000
110  1.834100e+001
111  2.854400e+001
112  3.713800e+001
113  3.350600e+001
114  2.114800e+001
115  1.079200e+001
116  2.098500e+001
117  0.000000e+000
118  6.645000e+000
119  1.548700e+001
120  1.474800e+001
121  1.035200e+001
122  1.504100e+001
123  3.404400e+001
124  4.290600e+001
125  3.619900e+001
126  6.623700e+001
127  3.276400e+001
128  0.000000e+000
129  3.140000e+000
130  2.087200e+001
131  1.337500e+001
132  1.013500e+001
133  1.086500e+001
134  1.698800e+001
135  3.394200e+001
136  3.205900e+001
137  3.328500e+001
138  5.835600e+001
139  1.558900e+001
140  0.000000e+000
141  0.000000e+000
142  1.213800e+001
143  1.180500e+001
144  7.538000e+000
   7 
1  6.792000e+000
2  7.729000e+000
3  3.905600e+001
4  4.387600e+001
5  4.459700e+001
6  5.342200e+001
7  7.702500e+001
8  0.000000e+000
9  0.000000e+000
10  6.499000e+000
11  1.598600e+001
12  3.553000e+000
13  3.344000e+000
14  8.000000e+000
15  3.552800e+001
16  4.482400e+001
17  2.546400e+001
18  4.154500e+001
19  6.931300e+001
20  0.000000e+000
21  0.000000e+000
22  2.764200e+001
23  1.548900e+001
24  9.187000e+000
25  4.157000e+000
26  5.989000e+000
27  1.772200e+001
28  4.941100e+001
29  5.894700e+001
30  4.888000e+001
31  9.411300e+001
32  3.705700e+001
33  9.610000e-001
34  0.000000e+000
35  1.556900e+001
36  1.027000e+001
37  5.552000e+000
38  1.361300e+001
39  2.924800e+001
40  4.925000e+001
41  6.859800e+001
42  5.779100e+001
43  1.053030e+002
44  6.632000e+000
45  0.000000e+000
46  4.874000e+000
47  2.183300e+001
48  1.825800e+001
49  1.453900e+001
50  1.895600e+001
51  3.722300e+001
52  4.910300e+001
53  6.600400e+001
54  6.633900e+001
55  1.142720e+002
56  1.211000e+000
57  3.770000e+000
58  1.815200e+001
59  2.828400e+001
60  1.310300e+001
61  1.660100e+001
62  2.150900e+001
63  3.034000e+001
64  5.515200e+001
65  6.440100e+001
66  7.711400e+001
67  1.058790e+002
68  4.079900e+001
69  3.998000e+000
70  1.817000e+000
71  1.686100e+001
72  6.400000e+000
73  3.909000e+000
74  1.984300e+001
75  3.870300e+001
76  5.547000e+001
77  5.271900e+001
78  5.478000e+001
79  9.457100e+001
80  0.000000e+000
81  1.000000e+000
82  7.419000e+000
83  1.329800e+001
84  9.147000e+000
85  6.888000e+000
86  9.994000e+000
87  2.143000e+001
88  4.587300e+001
89  6.006100e+001
90  5.503200e+001
91  3.078500e+001
92  0.000000e+000
93  2.000000e+000
94  8.212000e+000
95  2.111000e+001
96  1.702700e+001
97  4.792000e+000
98  1.020000e+001
99  3.391900e+001
100  5.087400e+001
101  6.433500e+001
102  7.076000e+001
103  9.599300e+001
104  6.630000e-001
105  0.000000e+000
106  3.182000e+000
107  1.190100e+001
108  7.520000e+000
109  8.760000e+000
110  1.835000e+001
111  2.855500e+001
112  3.713800e+001
113  3.350600e+001
114  2.115600e+001
115  1.079200e+001
116  2.098500e+001
117  0.000000e+000
118  6.646000e+000
119  1.548800e+001
120  1.474900e+001
121  1.035200e+001
122  1.504100e+001
123  3.404500e+001
124  4.291900e+001
125  3.621500e+001
126  6.624600e+001
127  3.297000e+001
128  0.000000e+000
129  3.140000e+000
130  2.087600e+001
131  1.337600e+001
132  1.013500e+001
133  1.086500e+001
134  1.698700e+001
135  3.394300e+001
136  3.206400e+001
137  3.329100e+001
138  5.859600e+001
139  1.558900e+001
140  0.000000e+000
141  0.000000e+000
142  1.213900e+001
143  1.181100e+001
144  7.539000e+000
   8 
1  6.792000e+000
2  7.729000e+000
3  3.905500e+001
4  4.388700e+001
5  4.462000e+001
6  5.344200e+001
7  7.724000e+001
8  0.000000e+000
9  0.000000e+000
10  6.499000e+000
11  1.599000e+001
12  3.548000e+000
13  3.344000e+000
14  8.001000e+000
15  3.552900e+001
16  4.483600e+001
17  2.547900e+001
18  4.155900e+001
19  6.952100e+001
20  0.000000e+000
21  0.000000e+000
22  2.765000e+001
23  1.549400e+001
24  9.188000e+000
25  4.157000e+000
26  5.989000e+000
27  1.772300e+001
28  4.942100e+001
29  5.896700e+001
30  4.890800e+001
31  9.412700e+001
32  3.730000e+001
33  9.610000e-001
34  0.000000e+000
35  1.556900e+001
36  1.027000e+001
37  5.553000e+000
38  1.361300e+001
39  2.925200e+001
40  4.925700e+001
41  6.861200e+001
42  5.780900e+001
43  1.053090e+002
44  6.786000e+000
45  0.000000e+000
46  4.874000e+000
47  2.183300e+001
48  1.825900e+001
49  1.454000e+001
50  1.895800e+001
51  3.722400e+001
52  4.910300e+001
53  6.603100e+001
54  6.635000e+001
55  1.142730e+002
56  1.219000e+000
57  3.770000e+000
58  1.815200e+001
59  2.828500e+001
60  1.310400e+001
61  1.660500e+001
62  2.151100e+001
63  3.034300e+001
64  5.515700e+001
65  6.440600e+001
66  7.711700e+001
67  1.058790e+002
68  4.080000e+001
69  3.998000e+000
70  1.817000e+000
71  1.686100e+001
72  6.400000e+000
73  3.909000e+000
74  1.985300e+001
75  3.870400e+001
76  5.548000e+001
77  5.273600e+001
78  5.479200e+001
79  9.469000e+001
80  0.000000e+000
81  1.000000e+000
82  7.419000e+000
83  1.329700e+001
84  9.147000e+000
85  6.888000e+000
86  9.995000e+000
87  2.143800e+001
88  4.587600e+001
89  6.006100e+001
90  5.503400e+001
91  3.081800e+001
92  0.000000e+000
93  2.000000e+000
94  8.212000e+000
95  2.111000e+001
96  1.702700e+001
97  4.792000e+000
98  1.020000e+001
99  3.392700e+001
100  5.087900e+001
101  6.434300e+001
102  7.076500e+001
103  9.603200e+001
104  6.630000e-001
105  0.000000e+000
106  3.182000e+000
107  1.190100e+001
108  7.520000e+000
109  8.760000e+000
110  1.835400e+001
111  2.855900e+001
112  3.713900e+001
113  3.350700e+001
114  2.115900e+001
115  1.079200e+001
116  2.098500e+001
117  0.000000e+000
118  6.646000e+000
119  1.548900e+001
120  1.475000e+001
121  1.035200e+001
122  1.504100e+001
123  3.404800e+001
124  4.292600e+001
125  3.622300e+001
126  6.625000e+001
127  3.305600e+001
128  0.000000e+000
129  3.140000e+000
130  2.087700e+001
131  1.337600e+001
132  1.013500e+001
133  1.086600e+001
134  1.698600e+001
135  3.394500e+001
136  3.206600e+001
137  3.329400e+001
138  5.869900e+001
139  1.558900e+001
140  0.000000e+000
141  0.000000e+000
142  1.213900e+001
143  1.181300e+001
144  7.540000e+000
   9 
1  6.791000e+000
2  7.730000e+000
3  3.905400e+001
4  4.389500e+001
5  4.463800e+001
6  5.345700e+001
7  7.741100e+001
8  0.000000e+000
9  0.000000e+000
10  6.500000e+000
11  1.599400e+001
12  3.544000e+000
13  3.344000e+000
14  8.001000e+000
15  3.553000e+001
16  4.484500e+001
17  2.549000e+001
18  4.157000e+001
19  6.968700e+001
20  0.000000e+000
21  0.000000e+000
22  2.765500e+001
23  1.549800e+001
24  9.188000e+000
25  4.157000e+000
26  5.989000e+000
27  1.772400e+001
28  4.942800e+001
29  5.898400e+001
30  4.893000e+001
31  9.413800e+001
32  3.749400e+001
33  9.610000e-001
34  0.000000e+000
35  1.556900e+001
36  1.027000e+001
37  5.554000e+000
38  1.361300e+001
39  2.925400e+001
40  4.926200e+001
41  6.862200e+001
42  5.782300e+001
43  1.053130e+002
44  6.909000e+000
45  0.000000e+000
46  4.874000e+000
47  2.183300e+001
48  1.825900e+001
49  1.454100e+001
50  1.895900e+001
51  3.722500e+001
52  4.910300e+001
53  6.605100e+001
54  6.635900e+001
55  1.142730e+002
56  1.225000e+000
57  3.770000e+000
58  1.815200e+001
59  2.828500e+001
60  1.310500e+001
61  1.660900e+001
62  2.151200e+001
63  3.034600e+001
64  5.516000e+001
65  6.441000e+001
66  7.712000e+001
67  1.058790e+002
68  4.080100e+001
69  3.998000e+000
70  1.817000e+000
71  1.686100e+001
72  6.400000e+000
73  3.909000e+000
74  1.986100e+001
75  3.870400e+001
76  5.548700e+001
77  5.274900e+001
78  5.480200e+001
79  9.478500e+001
80  0.000000e+000
81  1.000000e+000
82  7.418000e+000
83  1.329600e+001
84  9.147000e+000
85  6.888000e+000
86  9.995000e+000
87  2.144500e+001
88  4.587800e+001
89  6.006100e+001
90  5.503600e+001
91  3.084400e+001
92  0.000000e+000
93  2.000000e+000
94  8.213000e+000
95  2.111100e+001
96  1.702800e+001
97  4.792000e+000
98  1.020000e+001
99  3.393300e+001
100  5.088300e+001
101  6.434900e+001
102  7.076800e+001
103  9.606300e+001
104  6.630000e-001
105  0.000000e+000
106  3.182000e+000
107  1.190100e+001
108  7.520000e+000
109  8.760000e+000
110  1.835700e+001
111  2.856300e+001
112  3.713900e+001
113  3.350700e+001
114  2.116100e+001
115  1.079200e+001
116  2.098500e+001
117  0.000000e+000
118  6.646000e+000
119  1.548900e+001
120  1.475000e+001
121  1.035200e+001
122  1.504100e+001
123  3.404900e+001
124  4.293200e+001
125  3.622900e+001
126  6.625400e+001
127  3.312400e+001
128  0.000000e+000
129  3.140000e+000
130  2.087800e+001
131  1.337700e+001
132  1.013500e+001
133  1.086700e+001
134  1.698600e+001
135  3.394600e+001
136  3.206800e+001
137  3.329700e+001
138  5.878100e+001
139  1.558900e+001
140  0.000000e+000
141  0.000000e+000
142  1.214000e+001
143  1.181500e+001
144  7.540000e+000
   10 
1  6.792000e+000
2  7.729000e+000
3  3.905700e+001
4  4.388000e+001
5  4.460600e+001
6  5.343000e+001
7  7.711000e+001
8  0.000000e+000
9  0.000000e+000
10  6.499000e+000
11  1.598800e+001
12  3.551000e+000
13  3.344000e+000
14  8.000000e+000
15  3.552900e+001
16  4.483300e+001
17  2.547100e+001
18  4.155100e+001
19  6.939000e+001
20  0.000000e+000
21  0.000000e+000
22  2.764500e+001
23  1.549100e+001
24  9.187000e+000
25  4.157000e+000
26  5.989000e+000
27  1.772200e+001
28  4.941700e+001
29  5.895600e+001
30  4.889100e+001
31  9.411800e+001
32  3.715300e+001
33  9.610000e-001
34  0.000000e+000
35  1.556900e+001
36  1.027000e+001
37  5.553000e+000
38  1.361300e+001
39  2.925400e+001
40  4.925700e+001
41  6.860700e+001
42  5.779800e+001
43  1.053050e+002
44  6.685000e+000
45  0.000000e+000
46  4.874000e+000
47  2.183300e+001
48  1.826100e+001
49  1.454100e+001
50  1.895700e+001
51  3.722500e+001
52  4.910400e+001
53  6.602000e+001
54  6.634500e+001
55  1.142730e+002
56  1.215000e+000
57  3.770000e+000
58  1.815200e+001
59  2.828400e+001
60  1.310400e+001
61  1.660300e+001
62  2.151100e+001
63  3.034200e+001
64  5.515700e+001
65  6.440500e+001
66  7.711600e+001
67  1.058790e+002
68  4.080000e+001
69  3.998000e+000
70  1.817000e+000
71  1.686100e+001
72  6.400000e+000
73  3.909000e+000
74  1.984800e+001
75  3.870400e+001
76  5.547900e+001
77  5.272600e+001
78  5.478500e+001
79  9.461600e+001
80  0.000000e+000
81  1.000000e+000
82  7.419000e+000
83  1.329700e+001
84  9.147000e+000
85  6.888000e+000
86  9.994000e+000
87  2.143300e+001
88  4.587700e+001
89  6.006200e+001
90  5.503300e+001
91  3.079700e+001
92  0.000000e+000
93  2.000000e+000
94  8.212000e+000
95  2.111000e+001
96  1.702800e+001
97  4.793000e+000
98  1.020000e+001
99  3.392700e+001
100  5.087700e+001
101  6.433900e+001
102  7.076200e+001
103  9.600800e+001
104  6.630000e-001
105  0.000000e+000
106  3.182000e+000
107  1.190100e+001
108  7.520000e+000
109  8.760000e+000
110  1.835200e+001
111  2.855700e+001
112  3.714000e+001
113  3.350700e+001
114  2.115600e+001
115  1.079200e+001
116  2.098500e+001
117  0.000000e+000
118  6.646000e+000
119  1.548900e+001
120  1.474900e+001
121  1.035200e+001
122  1.504100e+001
123  3.405000e+001
124  4.292600e+001
125  3.621900e+001
126  6.624800e+001
127  3.299800e+001
128  0.000000e+000
129  3.140000e+000
130  2.087600e+001
131  1.337600e+001
132  1.013500e+001
133  1.086700e+001
134  1.698700e+001
135  3.394600e+001
136  3.206500e+001
137  3.329300e+001
138  5.863400e+001
139  1.558900e+001
140  0.000000e+000
141  0.000000e+000
142  1.213900e+001
143  1.181200e+001
144  7.539000e+000
