   1 
1  6.050000e-001
2  2.167600e+001
3  2.755000e+001
4  1.694600e+001
5  1.157000e+001
6  5.378000e+000
7  2.080000e+000
8  1.071000e+000
9  5.430000e-001
10  3.000000e-001
11  1.600000e-001
12  9.500000e-002
13  5.700000e-002
14  2.442000e+001
15  2.312000e+001
16  1.239500e+001
17  6.231000e+000
18  3.270000e+000
19  1.406000e+000
20  7.260000e-001
21  3.700000e-001
22  2.080000e-001
23  1.150000e-001
24  4.365000e+000
25  2.160000e-001
26  3.779900e+001
27  3.398500e+001
28  4.661000e+000
29  1.153200e+001
30  9.330000e+000
31  5.952000e+000
32  2.371000e+000
33  1.192000e+000
34  6.460000e-001
35  3.340000e-001
36  1.920000e-001
37  9.418000e+000
38  1.193700e+001
39  1.570300e+001
40  5.794000e+000
41  1.513700e+001
42  1.149900e+001
43  6.706000e+000
44  2.804000e+000
45  1.408000e+000
46  7.620000e-001
47  5.990000e-001
48  9.970000e+000
49  3.429500e+001
50  2.197600e+001
51  2.059000e+001
52  3.234600e+001
53  2.822600e+001
54  1.583900e+001
55  7.158000e+000
56  3.032000e+000
57  1.527000e+000
58  8.310000e-001
59  7.460000e+000
60  7.449000e+000
61  1.119800e+001
62  1.100400e+001
63  4.250000e+000
64  2.157200e+001
65  2.372100e+001
66  2.486800e+001
67  1.729100e+001
68  5.861000e+000
69  2.937000e+000
70  1.586000e+000
71  8.110000e-001
72  4.520000e-001
73  2.024000e+000
74  4.313000e+000
75  2.631000e+000
76  3.981900e+001
77  1.680700e+001
78  1.273600e+001
79  5.526000e+000
80  2.268000e+000
81  1.145000e+000
82  6.270000e-001
83  3.290000e-001
84  1.910000e-001
85  1.150000e-001
86  6.800000e-002
87  2.509000e+000
88  3.993000e+000
89  4.480000e-001
90  3.240000e-001
91  2.180000e-001
92  1.360000e-001
93  8.400000e-002
94  5.800000e-002
95  4.300000e-002
96  4.900000e-002
97  4.000000e-002
98  2.865700e+001
99  5.454500e+001
100  1.146500e+001
101  1.296700e+001
102  7.663000e+000
103  2.800000e+000
104  1.441000e+000
105  7.310000e-001
106  4.020000e-001
107  2.130000e-001
108  1.270000e-001
109  5.920000e-001
110  1.890000e-001
111  9.200000e-002
112  2.200000e-001
113  8.400000e-002
114  5.100000e-002
115  3.500000e-002
116  2.900000e-002
117  2.400000e-002
118  2.200000e-002
119  1.080000e-001
120  3.864000e+000
121  1.920000e-001
122  6.571000e+000
123  2.250000e+001
124  8.077000e+000
125  5.906000e+000
126  2.676000e+000
127  1.246000e+000
128  6.460000e-001
129  3.310000e-001
130  1.880000e-001
131  1.060000e-001
132  3.960000e-001
133  1.010000e-001
134  2.016600e+001
135  4.390000e-001
136  7.420000e-001
137  3.020000e-001
138  1.910000e-001
139  1.220000e-001
140  7.600000e-002
141  3.400000e-002
142  2.500000e-002
143  2.100000e-002
144  2.100000e-002
   2 
1  6.810000e-001
2  2.239500e+001
3  2.811300e+001
4  1.693900e+001
5  1.121400e+001
6  4.990000e+000
7  1.984000e+000
8  1.022000e+000
9  5.190000e-001
10  2.870000e-001
11  1.540000e-001
12  9.100000e-002
13  5.500000e-002
14  2.512300e+001
15  2.357300e+001
16  1.237400e+001
17  5.846000e+000
18  3.021000e+000
19  1.324000e+000
20  6.840000e-001
21  3.490000e-001
22  1.970000e-001
23  1.090000e-001
24  4.733000e+000
25  2.170000e-001
26  3.828200e+001
27  3.457200e+001
28  4.690000e+000
29  1.144900e+001
30  8.891000e+000
31  5.664000e+000
32  2.279000e+000
33  1.146000e+000
34  6.220000e-001
35  3.220000e-001
36  1.860000e-001
37  1.002100e+001
38  1.237700e+001
39  1.589000e+001
40  5.672000e+000
41  1.502700e+001
42  1.116000e+001
43  6.460000e+000
44  2.742000e+000
45  1.378000e+000
46  7.470000e-001
47  6.530000e-001
48  1.020700e+001
49  3.472600e+001
50  2.205100e+001
51  2.075900e+001
52  3.263600e+001
53  2.825100e+001
54  1.552300e+001
55  6.878000e+000
56  2.967000e+000
57  1.495000e+000
58  8.150000e-001
59  8.036000e+000
60  7.487000e+000
61  1.134300e+001
62  1.109600e+001
63  4.033000e+000
64  2.218900e+001
65  2.381700e+001
66  2.471100e+001
67  1.693000e+001
68  5.749000e+000
69  2.883000e+000
70  1.558000e+000
71  7.970000e-001
72  4.450000e-001
73  2.194000e+000
74  4.693000e+000
75  2.729000e+000
76  4.035200e+001
77  1.639500e+001
78  1.243300e+001
79  5.317000e+000
80  2.220000e+000
81  1.122000e+000
82  6.150000e-001
83  3.230000e-001
84  1.880000e-001
85  1.130000e-001
86  6.700000e-002
87  2.615000e+000
88  4.343000e+000
89  4.450000e-001
90  3.260000e-001
91  2.210000e-001
92  1.380000e-001
93  8.500000e-002
94  5.700000e-002
95  5.000000e-002
96  5.500000e-002
97  4.300000e-002
98  2.937000e+001
99  5.518500e+001
100  1.123200e+001
101  1.269300e+001
102  7.319000e+000
103  2.713000e+000
104  1.397000e+000
105  7.090000e-001
106  3.910000e-001
107  2.080000e-001
108  1.240000e-001
109  6.720000e-001
110  2.040000e-001
111  9.500000e-002
112  2.690000e-001
113  9.200000e-002
114  6.200000e-002
115  3.600000e-002
116  2.900000e-002
117  2.500000e-002
118  2.300000e-002
119  1.510000e-001
120  4.184000e+000
121  1.980000e-001
122  7.014000e+000
123  2.288500e+001
124  7.977000e+000
125  5.593000e+000
126  2.502000e+000
127  1.183000e+000
128  6.130000e-001
129  3.150000e-001
130  1.790000e-001
131  1.010000e-001
132  4.730000e-001
133  1.060000e-001
134  2.089600e+001
135  4.430000e-001
136  7.890000e-001
137  3.050000e-001
138  1.930000e-001
139  1.240000e-001
140  7.600000e-002
141  3.600000e-002
142  2.500000e-002
143  2.100000e-002
144  2.100000e-002
   3 
1  6.840000e-001
2  2.244100e+001
3  2.808400e+001
4  1.686200e+001
5  1.113200e+001
6  4.950000e+000
7  1.960000e+000
8  1.008000e+000
9  5.100000e-001
10  2.800000e-001
11  1.490000e-001
12  8.700000e-002
13  5.200000e-002
14  2.516800e+001
15  2.353900e+001
16  1.231800e+001
17  5.770000e+000
18  2.968000e+000
19  1.304000e+000
20  6.720000e-001
21  3.420000e-001
22  1.920000e-001
23  1.050000e-001
24  4.793000e+000
25  2.120000e-001
26  3.830400e+001
27  3.456600e+001
28  4.661000e+000
29  1.138400e+001
30  8.832000e+000
31  5.639000e+000
32  2.263000e+000
33  1.136000e+000
34  6.140000e-001
35  3.160000e-001
36  1.800000e-001
37  1.005500e+001
38  1.238300e+001
39  1.583400e+001
40  5.586000e+000
41  1.492300e+001
42  1.108900e+001
43  6.513000e+000
44  2.725000e+000
45  1.366000e+000
46  7.380000e-001
47  6.540000e-001
48  1.018000e+001
49  3.466900e+001
50  2.200500e+001
51  2.070100e+001
52  3.259800e+001
53  2.821500e+001
54  1.549800e+001
55  6.856000e+000
56  2.950000e+000
57  1.483000e+000
58  8.050000e-001
59  8.100000e+000
60  7.465000e+000
61  1.131500e+001
62  1.097200e+001
63  3.999000e+000
64  2.217100e+001
65  2.377200e+001
66  2.467700e+001
67  1.695200e+001
68  5.729000e+000
69  2.868000e+000
70  1.545000e+000
71  7.870000e-001
72  4.360000e-001
73  2.195000e+000
74  4.715000e+000
75  2.667000e+000
76  4.021100e+001
77  1.623500e+001
78  1.234800e+001
79  5.316000e+000
80  2.197000e+000
81  1.107000e+000
82  6.040000e-001
83  3.150000e-001
84  1.810000e-001
85  1.070000e-001
86  6.200000e-002
87  2.620000e+000
88  4.352000e+000
89  4.390000e-001
90  3.210000e-001
91  2.160000e-001
92  1.330000e-001
93  8.100000e-002
94  5.300000e-002
95  4.600000e-002
96  5.100000e-002
97  3.700000e-002
98  2.939600e+001
99  5.508100e+001
100  1.116000e+001
101  1.264000e+001
102  7.290000e+000
103  2.694000e+000
104  1.384000e+000
105  7.000000e-001
106  3.840000e-001
107  2.020000e-001
108  1.190000e-001
109  6.730000e-001
110  2.020000e-001
111  9.100000e-002
112  2.700000e-001
113  8.900000e-002
114  6.000000e-002
115  3.300000e-002
116  2.600000e-002
117  2.200000e-002
118  1.900000e-002
119  1.560000e-001
120  4.208000e+000
121  1.950000e-001
122  7.021000e+000
123  2.279800e+001
124  7.913000e+000
125  5.517000e+000
126  2.462000e+000
127  1.163000e+000
128  6.010000e-001
129  3.080000e-001
130  1.730000e-001
131  9.700000e-002
132  4.830000e-001
133  1.010000e-001
134  2.089900e+001
135  4.380000e-001
136  7.880000e-001
137  3.020000e-001
138  1.900000e-001
139  1.210000e-001
140  7.400000e-002
141  3.400000e-002
142  2.300000e-002
143  1.800000e-002
144  1.800000e-002
   4 
1  6.100000e-001
2  2.171600e+001
3  2.758100e+001
4  1.694200e+001
5  1.154700e+001
6  5.369000e+000
7  2.079000e+000
8  1.071000e+000
9  5.440000e-001
10  3.000000e-001
11  1.600000e-001
12  9.500000e-002
13  5.700000e-002
14  2.446000e+001
15  2.314600e+001
16  1.239100e+001
17  6.207000e+000
18  3.265000e+000
19  1.404000e+000
20  7.250000e-001
21  3.700000e-001
22  2.090000e-001
23  1.150000e-001
24  4.384000e+000
25  2.170000e-001
26  3.782700e+001
27  3.401800e+001
28  4.663000e+000
29  1.152400e+001
30  9.302000e+000
31  5.944000e+000
32  2.370000e+000
33  1.192000e+000
34  6.470000e-001
35  3.350000e-001
36  1.930000e-001
37  9.451000e+000
38  1.196200e+001
39  1.571400e+001
40  5.786000e+000
41  1.512700e+001
42  1.147700e+001
43  6.678000e+000
44  2.806000e+000
45  1.410000e+000
46  7.640000e-001
47  6.040000e-001
48  9.984000e+000
49  3.431700e+001
50  2.197700e+001
51  2.059600e+001
52  3.236700e+001
53  2.822200e+001
54  1.581800e+001
55  7.127000e+000
56  3.036000e+000
57  1.530000e+000
58  8.340000e-001
59  7.494000e+000
60  7.452000e+000
61  1.120800e+001
62  1.101000e+001
63  4.237000e+000
64  2.160400e+001
65  2.372100e+001
66  2.485200e+001
67  1.727200e+001
68  5.865000e+000
69  2.942000e+000
70  1.590000e+000
71  8.140000e-001
72  4.540000e-001
73  2.035000e+000
74  4.334000e+000
75  2.637000e+000
76  3.984600e+001
77  1.677800e+001
78  1.271700e+001
79  5.527000e+000
80  2.271000e+000
81  1.148000e+000
82  6.290000e-001
83  3.300000e-001
84  1.920000e-001
85  1.160000e-001
86  6.900000e-002
87  2.521000e+000
88  4.008000e+000
89  4.490000e-001
90  3.250000e-001
91  2.190000e-001
92  1.360000e-001
93  8.400000e-002
94  5.800000e-002
95  4.300000e-002
96  4.900000e-002
97  4.100000e-002
98  2.869700e+001
99  5.458100e+001
100  1.144700e+001
101  1.294800e+001
102  7.636000e+000
103  2.801000e+000
104  1.443000e+000
105  7.320000e-001
106  4.040000e-001
107  2.140000e-001
108  1.270000e-001
109  5.970000e-001
110  1.900000e-001
111  9.200000e-002
112  2.230000e-001
113  8.500000e-002
114  5.200000e-002
115  3.500000e-002
116  2.900000e-002
117  2.400000e-002
118  2.200000e-002
119  1.100000e-001
120  3.882000e+000
121  1.930000e-001
122  6.597000e+000
123  2.252100e+001
124  8.070000e+000
125  5.886000e+000
126  2.656000e+000
127  1.245000e+000
128  6.460000e-001
129  3.320000e-001
130  1.880000e-001
131  1.060000e-001
132  4.010000e-001
133  1.020000e-001
134  2.020500e+001
135  4.400000e-001
136  7.450000e-001
137  3.020000e-001
138  1.910000e-001
139  1.230000e-001
140  7.600000e-002
141  3.400000e-002
142  2.500000e-002
143  2.100000e-002
144  2.100000e-002
   5 
1  6.480000e-001
2  2.208600e+001
3  2.786600e+001
4  1.693100e+001
5  1.136400e+001
6  5.161000e+000
7  2.009000e+000
8  1.031000e+000
9  5.220000e-001
10  2.880000e-001
11  1.530000e-001
12  9.100000e-002
13  5.500000e-002
14  2.482700e+001
15  2.337300e+001
16  1.237500e+001
17  6.008000e+000
18  3.128000e+000
19  1.349000e+000
20  6.950000e-001
21  3.540000e-001
22  1.990000e-001
23  1.100000e-001
24  4.573000e+000
25  2.150000e-001
26  3.808000e+001
27  3.432500e+001
28  4.675000e+000
29  1.146900e+001
30  9.073000e+000
31  5.814000e+000
32  2.304000e+000
33  1.155000e+000
34  6.240000e-001
35  3.220000e-001
36  1.850000e-001
37  9.760000e+000
38  1.219100e+001
39  1.580900e+001
40  5.715000e+000
41  1.505800e+001
42  1.130200e+001
43  6.590000e+000
44  2.751000e+000
45  1.377000e+000
46  7.440000e-001
47  6.230000e-001
48  1.009800e+001
49  3.452600e+001
50  2.201900e+001
51  2.067700e+001
52  3.251100e+001
53  2.823500e+001
54  1.566400e+001
55  7.011000e+000
56  2.968000e+000
57  1.490000e+000
58  8.100000e-001
59  7.782000e+000
60  7.460000e+000
61  1.128100e+001
62  1.105300e+001
63  4.122000e+000
64  2.191700e+001
65  2.375200e+001
66  2.477500e+001
67  1.711500e+001
68  5.762000e+000
69  2.880000e+000
70  1.550000e+000
71  7.910000e-001
72  4.400000e-001
73  2.116000e+000
74  4.527000e+000
75  2.682000e+000
76  4.010600e+001
77  1.655900e+001
78  1.257300e+001
79  5.447000e+000
80  2.220000e+000
81  1.118000e+000
82  6.110000e-001
83  3.200000e-001
84  1.860000e-001
85  1.120000e-001
86  6.700000e-002
87  2.533000e+000
88  4.215000e+000
89  4.390000e-001
90  3.210000e-001
91  2.170000e-001
92  1.360000e-001
93  8.400000e-002
94  5.700000e-002
95  4.600000e-002
96  5.200000e-002
97  4.100000e-002
98  2.906400e+001
99  5.490900e+001
100  1.131400e+001
101  1.280900e+001
102  7.516000e+000
103  2.733000e+000
104  1.402000e+000
105  7.090000e-001
106  3.900000e-001
107  2.070000e-001
108  1.230000e-001
109  6.360000e-001
110  1.970000e-001
111  9.300000e-002
112  2.470000e-001
113  8.900000e-002
114  5.800000e-002
115  3.500000e-002
116  2.900000e-002
117  2.500000e-002
118  2.200000e-002
119  1.310000e-001
120  4.046000e+000
121  1.960000e-001
122  6.824000e+000
123  2.271400e+001
124  8.012000e+000
125  5.729000e+000
126  2.578000e+000
127  1.202000e+000
128  6.210000e-001
129  3.180000e-001
130  1.800000e-001
131  1.020000e-001
132  4.380000e-001
133  1.030000e-001
134  2.058800e+001
135  4.400000e-001
136  7.680000e-001
137  3.030000e-001
138  1.920000e-001
139  1.230000e-001
140  7.600000e-002
141  3.500000e-002
142  2.500000e-002
143  2.100000e-002
144  2.100000e-002
   6 
1  6.120000e-001
2  2.173900e+001
3  2.759400e+001
4  1.692700e+001
5  1.153200e+001
6  5.360000e+000
7  2.071000e+000
8  1.066000e+000
9  5.410000e-001
10  2.990000e-001
11  1.590000e-001
12  9.400000e-002
13  5.700000e-002
14  2.448000e+001
15  2.315800e+001
16  1.238400e+001
17  6.192000e+000
18  3.258000e+000
19  1.399000e+000
20  7.220000e-001
21  3.680000e-001
22  2.070000e-001
23  1.140000e-001
24  4.395000e+000
25  2.160000e-001
26  3.784200e+001
27  3.403500e+001
28  4.662000e+000
29  1.151000e+001
30  9.282000e+000
31  5.935000e+000
32  2.363000e+000
33  1.188000e+000
34  6.440000e-001
35  3.330000e-001
36  1.910000e-001
37  9.470000e+000
38  1.197500e+001
39  1.571700e+001
40  5.776000e+000
41  1.511100e+001
42  1.146100e+001
43  6.707000e+000
44  2.799000e+000
45  1.405000e+000
46  7.610000e-001
47  6.030000e-001
48  9.985000e+000
49  3.431600e+001
50  2.197500e+001
51  2.059300e+001
52  3.237000e+001
53  2.821600e+001
54  1.581300e+001
55  7.174000e+000
56  3.026000e+000
57  1.524000e+000
58  8.300000e-001
59  7.512000e+000
60  7.448000e+000
61  1.121000e+001
62  1.100900e+001
63  4.227000e+000
64  2.161900e+001
65  2.369900e+001
66  2.483700e+001
67  1.726800e+001
68  5.851000e+000
69  2.933000e+000
70  1.583000e+000
71  8.100000e-001
72  4.510000e-001
73  2.038000e+000
74  4.344000e+000
75  2.638000e+000
76  3.984300e+001
77  1.675100e+001
78  1.271300e+001
79  5.519000e+000
80  2.264000e+000
81  1.143000e+000
82  6.260000e-001
83  3.280000e-001
84  1.910000e-001
85  1.150000e-001
86  6.800000e-002
87  2.527000e+000
88  4.017000e+000
89  4.490000e-001
90  3.250000e-001
91  2.190000e-001
92  1.370000e-001
93  8.400000e-002
94  5.800000e-002
95  4.300000e-002
96  4.900000e-002
97  4.100000e-002
98  2.871900e+001
99  5.459500e+001
100  1.142400e+001
101  1.293500e+001
102  7.655000e+000
103  2.793000e+000
104  1.437000e+000
105  7.290000e-001
106  4.020000e-001
107  2.130000e-001
108  1.270000e-001
109  5.990000e-001
110  1.900000e-001
111  9.200000e-002
112  2.240000e-001
113  8.500000e-002
114  5.200000e-002
115  3.500000e-002
116  2.900000e-002
117  2.500000e-002
118  2.200000e-002
119  1.120000e-001
120  3.891000e+000
121  1.930000e-001
122  6.610000e+000
123  2.253100e+001
124  8.057000e+000
125  5.875000e+000
126  2.665000e+000
127  1.241000e+000
128  6.430000e-001
129  3.300000e-001
130  1.870000e-001
131  1.050000e-001
132  4.020000e-001
133  1.020000e-001
134  2.022800e+001
135  4.400000e-001
136  7.460000e-001
137  3.030000e-001
138  1.910000e-001
139  1.230000e-001
140  7.600000e-002
141  3.400000e-002
142  2.500000e-002
143  2.100000e-002
144  2.100000e-002
   7 
1  5.820000e-001
2  2.143500e+001
3  2.736400e+001
4  1.695400e+001
5  1.168900e+001
6  5.487000e+000
7  2.117000e+000
8  1.090000e+000
9  5.530000e-001
10  3.050000e-001
11  1.630000e-001
12  9.600000e-002
13  5.800000e-002
14  2.419200e+001
15  2.297600e+001
16  1.240600e+001
17  6.354000e+000
18  3.349000e+000
19  1.434000e+000
20  7.400000e-001
21  3.780000e-001
22  2.130000e-001
23  1.170000e-001
24  4.246000e+000
25  2.160000e-001
26  3.764100e+001
27  3.379400e+001
28  4.654000e+000
29  1.155600e+001
30  9.471000e+000
31  6.072000e+000
32  2.404000e+000
33  1.209000e+000
34  6.560000e-001
35  3.390000e-001
36  1.950000e-001
37  9.218000e+000
38  1.179600e+001
39  1.563600e+001
40  5.838000e+000
41  1.517300e+001
42  1.161000e+001
43  6.829000e+000
44  2.829000e+000
45  1.421000e+000
46  7.700000e-001
47  5.860000e-001
48  9.891000e+000
49  3.415800e+001
50  2.195100e+001
51  2.053400e+001
52  3.225200e+001
53  2.821700e+001
54  1.594100e+001
55  7.238000e+000
56  3.060000e+000
57  1.541000e+000
58  8.400000e-001
59  7.278000e+000
60  7.438000e+000
61  1.115100e+001
62  1.090100e+001
63  4.334000e+000
64  2.138800e+001
65  2.370100e+001
66  2.491700e+001
67  1.739600e+001
68  5.905000e+000
69  2.961000e+000
70  1.599000e+000
71  8.180000e-001
72  4.560000e-001
73  1.972000e+000
74  4.192000e+000
75  2.601000e+000
76  3.964400e+001
77  1.693800e+001
78  1.283200e+001
79  5.589000e+000
80  2.288000e+000
81  1.156000e+000
82  6.330000e-001
83  3.320000e-001
84  1.940000e-001
85  1.160000e-001
86  6.900000e-002
87  2.441000e+000
88  3.899000e+000
89  4.440000e-001
90  3.210000e-001
91  2.160000e-001
92  1.350000e-001
93  8.400000e-002
94  5.800000e-002
95  4.200000e-002
96  4.800000e-002
97  4.000000e-002
98  2.841300e+001
99  5.433800e+001
100  1.154300e+001
101  1.305800e+001
102  7.819000e+000
103  2.833000e+000
104  1.458000e+000
105  7.400000e-001
106  4.080000e-001
107  2.160000e-001
108  1.290000e-001
109  5.680000e-001
110  1.850000e-001
111  9.100000e-002
112  2.070000e-001
113  8.200000e-002
114  4.800000e-002
115  3.400000e-002
116  2.900000e-002
117  2.500000e-002
118  2.300000e-002
119  9.700000e-002
120  3.761000e+000
121  1.910000e-001
122  6.429000e+000
123  2.236900e+001
124  8.111000e+000
125  6.008000e+000
126  2.724000e+000
127  1.269000e+000
128  6.580000e-001
129  3.370000e-001
130  1.910000e-001
131  1.080000e-001
132  3.730000e-001
133  1.000000e-001
134  1.992300e+001
135  4.400000e-001
136  7.280000e-001
137  3.020000e-001
138  1.910000e-001
139  1.220000e-001
140  7.600000e-002
141  3.300000e-002
142  2.600000e-002
143  2.100000e-002
144  2.100000e-002
   8 
1  5.690000e-001
2  2.130500e+001
3  2.726300e+001
4  1.696800e+001
5  1.176500e+001
6  5.565000e+000
7  2.135000e+000
8  1.099000e+000
9  5.570000e-001
10  3.070000e-001
11  1.640000e-001
12  9.700000e-002
13  5.800000e-002
14  2.406400e+001
15  2.289600e+001
16  1.241600e+001
17  6.430000e+000
18  3.399000e+000
19  1.449000e+000
20  7.480000e-001
21  3.810000e-001
22  2.140000e-001
23  1.180000e-001
24  4.180000e+000
25  2.170000e-001
26  3.755300e+001
27  3.368500e+001
28  4.651000e+000
29  1.158700e+001
30  9.562000e+000
31  6.147000e+000
32  2.421000e+000
33  1.217000e+000
34  6.590000e-001
35  3.410000e-001
36  1.960000e-001
37  9.111000e+000
38  1.171400e+001
39  1.560400e+001
40  5.868000e+000
41  1.520800e+001
42  1.168000e+001
43  6.857000e+000
44  2.839000e+000
45  1.425000e+000
46  7.720000e-001
47  5.770000e-001
48  9.855000e+000
49  3.409600e+001
50  2.194200e+001
51  2.051200e+001
52  3.220700e+001
53  2.822200e+001
54  1.599700e+001
55  7.262000e+000
56  3.071000e+000
57  1.546000e+000
58  8.420000e-001
59  7.176000e+000
60  7.435000e+000
61  1.112600e+001
62  1.095700e+001
63  4.362000e+000
64  2.127000e+001
65  2.370500e+001
66  2.495700e+001
67  1.744800e+001
68  5.923000e+000
69  2.969000e+000
70  1.603000e+000
71  8.200000e-001
72  4.570000e-001
73  1.940000e+000
74  4.125000e+000
75  2.586000e+000
76  3.956800e+001
77  1.703300e+001
78  1.288400e+001
79  5.607000e+000
80  2.295000e+000
81  1.159000e+000
82  6.350000e-001
83  3.330000e-001
84  1.940000e-001
85  1.160000e-001
86  6.900000e-002
87  2.404000e+000
88  3.847000e+000
89  4.410000e-001
90  3.190000e-001
91  2.140000e-001
92  1.330000e-001
93  8.300000e-002
94  5.700000e-002
95  4.200000e-002
96  4.700000e-002
97  4.000000e-002
98  2.827400e+001
99  5.423200e+001
100  1.160800e+001
101  1.311700e+001
102  7.871000e+000
103  2.848000e+000
104  1.466000e+000
105  7.430000e-001
106  4.090000e-001
107  2.170000e-001
108  1.290000e-001
109  5.540000e-001
110  1.820000e-001
111  9.100000e-002
112  1.990000e-001
113  8.000000e-002
114  4.600000e-002
115  3.400000e-002
116  2.800000e-002
117  2.400000e-002
118  2.200000e-002
119  9.100000e-002
120  3.703000e+000
121  1.900000e-001
122  6.351000e+000
123  2.230200e+001
124  8.139000e+000
125  6.067000e+000
126  2.738000e+000
127  1.280000e+000
128  6.630000e-001
129  3.400000e-001
130  1.920000e-001
131  1.080000e-001
132  3.610000e-001
133  1.000000e-001
134  1.979200e+001
135  4.380000e-001
136  7.190000e-001
137  3.000000e-001
138  1.890000e-001
139  1.210000e-001
140  7.500000e-002
141  3.200000e-002
142  2.500000e-002
143  2.100000e-002
144  2.100000e-002
   9 
1  5.580000e-001
2  2.120100e+001
3  2.717700e+001
4  1.695500e+001
5  1.181000e+001
6  5.623000e+000
7  2.154000e+000
8  1.109000e+000
9  5.630000e-001
10  3.110000e-001
11  1.650000e-001
12  9.800000e-002
13  5.900000e-002
14  2.396400e+001
15  2.282400e+001
16  1.241300e+001
17  6.481000e+000
18  3.421000e+000
19  1.463000e+000
20  7.560000e-001
21  3.850000e-001
22  2.170000e-001
23  1.190000e-001
24  4.129000e+000
25  2.160000e-001
26  3.748100e+001
27  3.360100e+001
28  4.646000e+000
29  1.158700e+001
30  9.614000e+000
31  6.182000e+000
32  2.438000e+000
33  1.226000e+000
34  6.650000e-001
35  3.440000e-001
36  1.970000e-001
37  9.023000e+000
38  1.165000e+001
39  1.557700e+001
40  5.881000e+000
41  1.521200e+001
42  1.171800e+001
43  6.889000e+000
44  2.853000e+000
45  1.433000e+000
46  7.770000e-001
47  5.720000e-001
48  9.818000e+000
49  3.402100e+001
50  2.192400e+001
51  2.047800e+001
52  3.215100e+001
53  2.820900e+001
54  1.604600e+001
55  7.291000e+000
56  3.088000e+000
57  1.556000e+000
58  8.480000e-001
59  7.097000e+000
60  7.427000e+000
61  1.110400e+001
62  1.094300e+001
63  4.391000e+000
64  2.117000e+001
65  2.367000e+001
66  2.496400e+001
67  1.749600e+001
68  5.948000e+000
69  2.984000e+000
70  1.613000e+000
71  8.250000e-001
72  4.600000e-001
73  1.918000e+000
74  4.073000e+000
75  2.571000e+000
76  3.946700e+001
77  1.707100e+001
78  1.292700e+001
79  5.682000e+000
80  2.308000e+000
81  1.167000e+000
82  6.390000e-001
83  3.350000e-001
84  1.950000e-001
85  1.170000e-001
86  6.900000e-002
87  2.374000e+000
88  3.807000e+000
89  4.390000e-001
90  3.170000e-001
91  2.130000e-001
92  1.330000e-001
93  8.200000e-002
94  5.700000e-002
95  4.100000e-002
96  4.600000e-002
97  4.000000e-002
98  2.816900e+001
99  5.413700e+001
100  1.162300e+001
101  1.314700e+001
102  7.906000e+000
103  2.865000e+000
104  1.476000e+000
105  7.490000e-001
106  4.130000e-001
107  2.190000e-001
108  1.300000e-001
109  5.440000e-001
110  1.800000e-001
111  9.000000e-002
112  1.930000e-001
113  7.900000e-002
114  4.400000e-002
115  3.400000e-002
116  2.800000e-002
117  2.400000e-002
118  2.200000e-002
119  8.600000e-002
120  3.657000e+000
121  1.890000e-001
122  6.289000e+000
123  2.224500e+001
124  8.142000e+000
125  6.107000e+000
126  2.792000e+000
127  1.291000e+000
128  6.690000e-001
129  3.430000e-001
130  1.940000e-001
131  1.090000e-001
132  3.510000e-001
133  9.900000e-002
134  1.968300e+001
135  4.380000e-001
136  7.130000e-001
137  3.000000e-001
138  1.900000e-001
139  1.220000e-001
140  7.500000e-002
141  3.200000e-002
142  2.500000e-002
143  2.100000e-002
144  2.100000e-002
   10 
1  5.770000e-001
2  2.138300e+001
3  2.731800e+001
4  1.691500e+001
5  1.169900e+001
6  5.554000e+000
7  2.136000e+000
8  1.102000e+000
9  5.600000e-001
10  3.100000e-001
11  1.650000e-001
12  9.800000e-002
13  5.900000e-002
14  2.414400e+001
15  2.294200e+001
16  1.238500e+001
17  6.367000e+000
18  3.391000e+000
19  1.447000e+000
20  7.490000e-001
21  3.830000e-001
22  2.160000e-001
23  1.190000e-001
24  4.220000e+000
25  2.170000e-001
26  3.760700e+001
27  3.375300e+001
28  4.649000e+000
29  1.153700e+001
30  9.478000e+000
31  6.128000e+000
32  2.422000e+000
33  1.220000e+000
34  6.630000e-001
35  3.440000e-001
36  1.970000e-001
37  9.177000e+000
38  1.176500e+001
39  1.562000e+001
40  5.832000e+000
41  1.515000e+001
42  1.161000e+001
43  6.861000e+000
44  2.847000e+000
45  1.433000e+000
46  7.780000e-001
47  5.870000e-001
48  9.868000e+000
49  3.410000e+001
50  2.192900e+001
51  2.050100e+001
52  3.220900e+001
53  2.819000e+001
54  1.596500e+001
55  7.271000e+000
56  3.085000e+000
57  1.557000e+000
58  8.500000e-001
59  7.244000e+000
60  7.436000e+000
61  1.114000e+001
62  1.089000e+001
63  4.341000e+000
64  2.132800e+001
65  2.363500e+001
66  2.489200e+001
67  1.743700e+001
68  5.939000e+000
69  2.985000e+000
70  1.616000e+000
71  8.280000e-001
72  4.620000e-001
73  1.963000e+000
74  4.167000e+000
75  2.592000e+000
76  3.956500e+001
77  1.692100e+001
78  1.284900e+001
79  5.661000e+000
80  2.307000e+000
81  1.168000e+000
82  6.410000e-001
83  3.360000e-001
84  1.960000e-001
85  1.180000e-001
86  7.000000e-002
87  2.426000e+000
88  3.879000e+000
89  4.420000e-001
90  3.200000e-001
91  2.150000e-001
92  1.350000e-001
93  8.300000e-002
94  5.700000e-002
95  4.200000e-002
96  4.700000e-002
97  4.000000e-002
98  2.836200e+001
99  5.428300e+001
100  1.152000e+001
101  1.305500e+001
102  7.853000e+000
103  2.853000e+000
104  1.472000e+000
105  7.480000e-001
106  4.130000e-001
107  2.190000e-001
108  1.300000e-001
109  5.640000e-001
110  1.840000e-001
111  9.100000e-002
112  2.030000e-001
113  8.100000e-002
114  4.600000e-002
115  3.400000e-002
116  2.800000e-002
117  2.400000e-002
118  2.200000e-002
119  9.400000e-002
120  3.737000e+000
121  1.900000e-001
122  6.398000e+000
123  2.233900e+001
124  8.095000e+000
125  6.018000e+000
126  2.739000e+000
127  1.280000e+000
128  6.650000e-001
129  3.420000e-001
130  1.940000e-001
131  1.090000e-001
132  3.690000e-001
133  1.000000e-001
134  1.987200e+001
135  4.380000e-001
136  7.240000e-001
137  3.010000e-001
138  1.900000e-001
139  1.220000e-001
140  7.600000e-002
141  3.200000e-002
142  2.500000e-002
143  2.100000e-002
144  2.100000e-002
