   1 
1  1.500000e-002
2  5.694000e+000
3  2.440000e-001
4  4.810000e-001
5  2.160000e-001
6  1.160000e-001
7  7.400000e-002
8  4.300000e-002
9  2.500000e-002
10  1.800000e-002
11  1.800000e-002
12  1.300000e-002
13  9.000000e-003
14  3.681000e+000
15  6.368000e+000
16  9.560000e-001
17  4.400000e-001
18  1.970000e-001
19  1.230000e-001
20  7.100000e-002
21  3.900000e-002
22  3.300000e-002
23  2.500000e-002
24  6.300000e-002
25  5.720000e-001
26  1.120300e+001
27  1.744000e+000
28  4.860000e-001
29  1.275000e+000
30  2.750000e-001
31  1.790000e-001
32  1.050000e-001
33  6.500000e-002
34  3.900000e-002
35  2.700000e-002
36  3.100000e-002
37  2.820000e+000
38  5.900000e-002
39  1.864000e+000
40  1.310000e-001
41  1.280000e-001
42  8.200000e-002
43  5.200000e-002
44  3.800000e-002
45  2.600000e-002
46  1.800000e-002
47  1.780000e-001
48  3.039000e+000
49  7.929000e+000
50  4.720000e+000
51  4.413000e+000
52  6.243000e+000
53  4.859000e+000
54  1.692000e+000
55  8.760000e-001
56  4.520000e-001
57  2.300000e-001
58  1.430000e-001
59  2.800000e-001
60  2.298000e+000
61  7.380000e-001
62  1.620000e-001
63  1.360000e-001
64  9.300000e-002
65  7.100000e-001
66  5.510000e-001
67  1.370000e-001
68  9.200000e-002
69  5.700000e-002
70  4.000000e-002
71  2.500000e-002
72  1.400000e-002
73  1.400000e-002
74  1.100000e-002
75  2.103000e+000
76  1.280000e-001
77  1.420000e-001
78  1.010000e-001
79  7.000000e-002
80  4.400000e-002
81  2.600000e-002
82  2.400000e-002
83  2.400000e-002
84  2.200000e-002
85  2.400000e-002
86  9.050000e-001
87  1.070000e-001
88  1.120000e-001
89  8.800000e-002
90  5.800000e-002
91  4.300000e-002
92  2.700000e-002
93  1.600000e-002
94  1.400000e-002
95  3.600000e-002
96  4.300000e-002
97  1.687000e+000
98  3.242000e+000
99  2.956000e+000
100  3.910000e-001
101  2.720000e-001
102  1.650000e-001
103  1.010000e-001
104  5.900000e-002
105  3.300000e-002
106  2.300000e-002
107  2.200000e-002
108  2.000000e-002
109  2.600000e-002
110  2.100000e-002
111  2.300000e-002
112  2.700000e-002
113  2.500000e-002
114  1.700000e-002
115  1.200000e-002
116  1.300000e-002
117  1.300000e-002
118  1.100000e-002
119  1.600000e-002
120  1.400000e-002
121  2.000000e-002
122  1.517000e+000
123  1.865000e+000
124  4.940000e-001
125  1.970000e-001
126  1.260000e-001
127  7.900000e-002
128  4.700000e-002
129  3.400000e-002
130  3.400000e-002
131  3.600000e-002
132  3.700000e-002
133  3.000000e-002
134  1.700000e-002
135  2.000000e-002
136  3.000000e-002
137  3.300000e-002
138  2.300000e-002
139  2.500000e-002
140  2.300000e-002
141  1.500000e-002
142  1.900000e-002
143  2.500000e-002
144  2.700000e-002
   2 
1  1.500000e-002
2  6.014000e+000
3  2.640000e-001
4  5.180000e-001
5  2.270000e-001
6  1.190000e-001
7  7.600000e-002
8  4.500000e-002
9  2.600000e-002
10  1.900000e-002
11  1.800000e-002
12  1.300000e-002
13  9.000000e-003
14  3.919000e+000
15  6.711000e+000
16  9.990000e-001
17  4.660000e-001
18  1.990000e-001
19  1.250000e-001
20  7.200000e-002
21  4.000000e-002
22  3.300000e-002
23  2.500000e-002
24  7.300000e-002
25  6.520000e-001
26  1.181900e+001
27  1.867000e+000
28  5.090000e-001
29  1.325000e+000
30  2.800000e-001
31  1.830000e-001
32  1.070000e-001
33  6.600000e-002
34  4.000000e-002
35  2.700000e-002
36  3.100000e-002
37  2.986000e+000
38  5.900000e-002
39  2.009000e+000
40  1.360000e-001
41  1.330000e-001
42  8.500000e-002
43  5.400000e-002
44  3.900000e-002
45  2.700000e-002
46  1.800000e-002
47  2.030000e-001
48  3.227000e+000
49  8.249000e+000
50  4.879000e+000
51  4.357000e+000
52  6.069000e+000
53  4.719000e+000
54  1.625000e+000
55  8.540000e-001
56  4.410000e-001
57  2.250000e-001
58  1.400000e-001
59  3.110000e-001
60  2.479000e+000
61  7.920000e-001
62  1.670000e-001
63  1.380000e-001
64  9.500000e-002
65  7.610000e-001
66  5.910000e-001
67  1.390000e-001
68  9.300000e-002
69  5.700000e-002
70  4.000000e-002
71  2.500000e-002
72  1.400000e-002
73  1.400000e-002
74  1.100000e-002
75  2.245000e+000
76  1.320000e-001
77  1.450000e-001
78  1.040000e-001
79  7.200000e-002
80  4.500000e-002
81  2.700000e-002
82  2.400000e-002
83  2.400000e-002
84  2.200000e-002
85  2.400000e-002
86  1.052000e+000
87  1.110000e-001
88  1.160000e-001
89  9.100000e-002
90  5.900000e-002
91  4.400000e-002
92  2.700000e-002
93  1.700000e-002
94  1.400000e-002
95  3.500000e-002
96  4.200000e-002
97  1.899000e+000
98  3.549000e+000
99  3.134000e+000
100  4.120000e-001
101  2.850000e-001
102  1.730000e-001
103  1.060000e-001
104  6.100000e-002
105  3.500000e-002
106  2.300000e-002
107  2.200000e-002
108  2.000000e-002
109  2.600000e-002
110  2.100000e-002
111  2.300000e-002
112  2.700000e-002
113  2.400000e-002
114  1.600000e-002
115  1.200000e-002
116  1.300000e-002
117  1.300000e-002
118  1.100000e-002
119  1.600000e-002
120  1.300000e-002
121  2.100000e-002
122  1.689000e+000
123  2.032000e+000
124  5.330000e-001
125  2.040000e-001
126  1.300000e-001
127  8.200000e-002
128  4.800000e-002
129  3.500000e-002
130  3.400000e-002
131  3.500000e-002
132  3.600000e-002
133  3.000000e-002
134  1.700000e-002
135  2.000000e-002
136  2.900000e-002
137  3.300000e-002
138  2.300000e-002
139  2.400000e-002
140  2.300000e-002
141  1.400000e-002
142  1.900000e-002
143  2.400000e-002
144  2.600000e-002
   3 
1  1.500000e-002
2  6.010000e+000
3  2.640000e-001
4  5.170000e-001
5  2.270000e-001
6  1.190000e-001
7  7.600000e-002
8  4.500000e-002
9  2.600000e-002
10  1.900000e-002
11  1.900000e-002
12  1.300000e-002
13  9.000000e-003
14  3.916000e+000
15  6.707000e+000
16  9.980000e-001
17  4.660000e-001
18  2.000000e-001
19  1.250000e-001
20  7.200000e-002
21  4.000000e-002
22  3.300000e-002
23  2.500000e-002
24  7.300000e-002
25  6.510000e-001
26  1.181100e+001
27  1.864000e+000
28  5.080000e-001
29  1.324000e+000
30  2.810000e-001
31  1.830000e-001
32  1.080000e-001
33  6.600000e-002
34  4.000000e-002
35  2.700000e-002
36  3.100000e-002
37  2.984000e+000
38  5.900000e-002
39  2.007000e+000
40  1.360000e-001
41  1.330000e-001
42  8.500000e-002
43  5.400000e-002
44  3.900000e-002
45  2.700000e-002
46  1.800000e-002
47  2.030000e-001
48  3.225000e+000
49  8.243000e+000
50  4.875000e+000
51  4.349000e+000
52  6.063000e+000
53  4.722000e+000
54  1.623000e+000
55  8.520000e-001
56  4.400000e-001
57  2.240000e-001
58  1.390000e-001
59  3.110000e-001
60  2.477000e+000
61  7.910000e-001
62  1.670000e-001
63  1.380000e-001
64  9.500000e-002
65  7.610000e-001
66  5.900000e-001
67  1.390000e-001
68  9.400000e-002
69  5.700000e-002
70  4.000000e-002
71  2.500000e-002
72  1.400000e-002
73  1.400000e-002
74  1.100000e-002
75  2.243000e+000
76  1.310000e-001
77  1.450000e-001
78  1.040000e-001
79  7.200000e-002
80  4.500000e-002
81  2.700000e-002
82  2.400000e-002
83  2.400000e-002
84  2.200000e-002
85  2.400000e-002
86  1.049000e+000
87  1.110000e-001
88  1.160000e-001
89  9.100000e-002
90  5.900000e-002
91  4.400000e-002
92  2.700000e-002
93  1.700000e-002
94  1.400000e-002
95  3.500000e-002
96  4.200000e-002
97  1.896000e+000
98  3.545000e+000
99  3.131000e+000
100  4.110000e-001
101  2.850000e-001
102  1.730000e-001
103  1.060000e-001
104  6.100000e-002
105  3.500000e-002
106  2.300000e-002
107  2.200000e-002
108  2.000000e-002
109  2.600000e-002
110  2.100000e-002
111  2.300000e-002
112  2.700000e-002
113  2.400000e-002
114  1.600000e-002
115  1.200000e-002
116  1.300000e-002
117  1.300000e-002
118  1.100000e-002
119  1.600000e-002
120  1.300000e-002
121  2.100000e-002
122  1.686000e+000
123  2.029000e+000
124  5.320000e-001
125  2.040000e-001
126  1.300000e-001
127  8.200000e-002
128  4.800000e-002
129  3.500000e-002
130  3.400000e-002
131  3.500000e-002
132  3.600000e-002
133  3.000000e-002
134  1.700000e-002
135  2.000000e-002
136  2.900000e-002
137  3.300000e-002
138  2.300000e-002
139  2.400000e-002
140  2.300000e-002
141  1.400000e-002
142  1.900000e-002
143  2.400000e-002
144  2.600000e-002
   4 
1  1.400000e-002
2  5.715000e+000
3  2.610000e-001
4  5.390000e-001
5  2.350000e-001
6  1.190000e-001
7  7.700000e-002
8  4.500000e-002
9  2.600000e-002
10  1.900000e-002
11  1.800000e-002
12  1.300000e-002
13  9.000000e-003
14  3.703000e+000
15  6.438000e+000
16  1.000000e+000
17  4.760000e-001
18  1.960000e-001
19  1.230000e-001
20  7.000000e-002
21  3.900000e-002
22  3.200000e-002
23  2.500000e-002
24  7.000000e-002
25  6.020000e-001
26  1.141800e+001
27  1.791000e+000
28  5.100000e-001
29  1.391000e+000
30  2.760000e-001
31  1.800000e-001
32  1.060000e-001
33  6.500000e-002
34  4.000000e-002
35  2.600000e-002
36  3.000000e-002
37  2.830000e+000
38  5.800000e-002
39  1.876000e+000
40  1.320000e-001
41  1.280000e-001
42  8.200000e-002
43  5.200000e-002
44  3.700000e-002
45  2.600000e-002
46  1.800000e-002
47  2.110000e-001
48  3.134000e+000
49  8.178000e+000
50  4.942000e+000
51  4.589000e+000
52  6.357000e+000
53  4.927000e+000
54  1.716000e+000
55  8.870000e-001
56  4.580000e-001
57  2.330000e-001
58  1.440000e-001
59  3.230000e-001
60  2.374000e+000
61  7.530000e-001
62  1.690000e-001
63  1.380000e-001
64  9.400000e-002
65  8.100000e-001
66  6.480000e-001
67  1.410000e-001
68  9.500000e-002
69  5.800000e-002
70  4.100000e-002
71  2.500000e-002
72  1.400000e-002
73  1.400000e-002
74  1.100000e-002
75  2.111000e+000
76  1.310000e-001
77  1.440000e-001
78  1.030000e-001
79  7.200000e-002
80  4.500000e-002
81  2.700000e-002
82  2.400000e-002
83  2.400000e-002
84  2.100000e-002
85  2.300000e-002
86  9.300000e-001
87  1.080000e-001
88  1.130000e-001
89  8.800000e-002
90  5.800000e-002
91  4.300000e-002
92  2.700000e-002
93  1.600000e-002
94  1.400000e-002
95  3.400000e-002
96  4.100000e-002
97  1.724000e+000
98  3.309000e+000
99  3.031000e+000
100  3.940000e-001
101  2.710000e-001
102  1.640000e-001
103  1.010000e-001
104  5.800000e-002
105  3.300000e-002
106  2.300000e-002
107  2.100000e-002
108  1.900000e-002
109  2.500000e-002
110  2.100000e-002
111  2.200000e-002
112  2.600000e-002
113  2.400000e-002
114  1.600000e-002
115  1.200000e-002
116  1.300000e-002
117  1.300000e-002
118  1.100000e-002
119  1.600000e-002
120  1.300000e-002
121  1.900000e-002
122  1.546000e+000
123  1.915000e+000
124  5.250000e-001
125  1.950000e-001
126  1.250000e-001
127  7.900000e-002
128  4.700000e-002
129  3.400000e-002
130  3.300000e-002
131  3.400000e-002
132  3.600000e-002
133  3.000000e-002
134  1.700000e-002
135  2.000000e-002
136  2.900000e-002
137  3.200000e-002
138  2.200000e-002
139  2.400000e-002
140  2.200000e-002
141  1.400000e-002
142  1.800000e-002
143  2.400000e-002
144  2.600000e-002
   5 
1  1.500000e-002
2  5.877000e+000
3  2.550000e-001
4  5.020000e-001
5  2.230000e-001
6  1.180000e-001
7  7.500000e-002
8  4.400000e-002
9  2.600000e-002
10  1.900000e-002
11  1.900000e-002
12  1.300000e-002
13  9.000000e-003
14  3.814000e+000
15  6.566000e+000
16  9.810000e-001
17  4.550000e-001
18  1.990000e-001
19  1.250000e-001
20  7.100000e-002
21  4.000000e-002
22  3.300000e-002
23  2.500000e-002
24  6.800000e-002
25  6.160000e-001
26  1.154800e+001
27  1.814000e+000
28  5.010000e-001
29  1.305000e+000
30  2.800000e-001
31  1.820000e-001
32  1.070000e-001
33  6.600000e-002
34  4.000000e-002
35  2.700000e-002
36  3.100000e-002
37  2.917000e+000
38  5.900000e-002
39  1.946000e+000
40  1.340000e-001
41  1.310000e-001
42  8.400000e-002
43  5.300000e-002
44  3.800000e-002
45  2.700000e-002
46  1.800000e-002
47  1.920000e-001
48  3.147000e+000
49  8.113000e+000
50  4.812000e+000
51  4.382000e+000
52  6.146000e+000
53  4.785000e+000
54  1.660000e+000
55  8.570000e-001
56  4.410000e-001
57  2.240000e-001
58  1.390000e-001
59  2.960000e-001
60  2.401000e+000
61  7.680000e-001
62  1.640000e-001
63  1.370000e-001
64  9.500000e-002
65  7.360000e-001
66  5.720000e-001
67  1.390000e-001
68  9.300000e-002
69  5.700000e-002
70  4.000000e-002
71  2.500000e-002
72  1.400000e-002
73  1.400000e-002
74  1.100000e-002
75  2.184000e+000
76  1.310000e-001
77  1.440000e-001
78  1.030000e-001
79  7.100000e-002
80  4.400000e-002
81  2.600000e-002
82  2.400000e-002
83  2.400000e-002
84  2.200000e-002
85  2.400000e-002
86  9.870000e-001
87  1.090000e-001
88  1.140000e-001
89  9.000000e-002
90  5.900000e-002
91  4.400000e-002
92  2.700000e-002
93  1.700000e-002
94  1.400000e-002
95  3.600000e-002
96  4.300000e-002
97  1.806000e+000
98  3.415000e+000
99  3.057000e+000
100  4.040000e-001
101  2.800000e-001
102  1.700000e-001
103  1.040000e-001
104  6.000000e-002
105  3.400000e-002
106  2.300000e-002
107  2.200000e-002
108  2.000000e-002
109  2.600000e-002
110  2.100000e-002
111  2.300000e-002
112  2.700000e-002
113  2.500000e-002
114  1.700000e-002
115  1.200000e-002
116  1.300000e-002
117  1.300000e-002
118  1.100000e-002
119  1.600000e-002
120  1.400000e-002
121  2.000000e-002
122  1.613000e+000
123  1.959000e+000
124  5.170000e-001
125  2.020000e-001
126  1.290000e-001
127  8.100000e-002
128  4.800000e-002
129  3.500000e-002
130  3.400000e-002
131  3.600000e-002
132  3.700000e-002
133  3.000000e-002
134  1.700000e-002
135  2.000000e-002
136  3.000000e-002
137  3.300000e-002
138  2.300000e-002
139  2.500000e-002
140  2.300000e-002
141  1.500000e-002
142  1.900000e-002
143  2.500000e-002
144  2.700000e-002
   6 
1  1.500000e-002
2  5.724000e+000
3  2.450000e-001
4  4.840000e-001
5  2.160000e-001
6  1.160000e-001
7  7.400000e-002
8  4.400000e-002
9  2.500000e-002
10  1.900000e-002
11  1.800000e-002
12  1.300000e-002
13  9.000000e-003
14  3.703000e+000
15  6.397000e+000
16  9.590000e-001
17  4.420000e-001
18  1.970000e-001
19  1.240000e-001
20  7.100000e-002
21  3.900000e-002
22  3.300000e-002
23  2.500000e-002
24  6.400000e-002
25  5.780000e-001
26  1.125600e+001
27  1.754000e+000
28  4.880000e-001
29  1.280000e+000
30  2.760000e-001
31  1.800000e-001
32  1.060000e-001
33  6.500000e-002
34  4.000000e-002
35  2.700000e-002
36  3.100000e-002
37  2.836000e+000
38  5.900000e-002
39  1.876000e+000
40  1.320000e-001
41  1.290000e-001
42  8.200000e-002
43  5.200000e-002
44  3.800000e-002
45  2.600000e-002
46  1.800000e-002
47  1.800000e-001
48  3.056000e+000
49  7.954000e+000
50  4.732000e+000
51  4.404000e+000
52  6.223000e+000
53  4.852000e+000
54  1.692000e+000
55  8.740000e-001
56  4.510000e-001
57  2.300000e-001
58  1.430000e-001
59  2.830000e-001
60  2.314000e+000
61  7.430000e-001
62  1.620000e-001
63  1.370000e-001
64  9.300000e-002
65  7.140000e-001
66  5.540000e-001
67  1.380000e-001
68  9.200000e-002
69  5.700000e-002
70  4.000000e-002
71  2.500000e-002
72  1.400000e-002
73  1.400000e-002
74  1.100000e-002
75  2.114000e+000
76  1.290000e-001
77  1.420000e-001
78  1.010000e-001
79  7.000000e-002
80  4.400000e-002
81  2.600000e-002
82  2.400000e-002
83  2.400000e-002
84  2.200000e-002
85  2.400000e-002
86  9.170000e-001
87  1.070000e-001
88  1.120000e-001
89  8.900000e-002
90  5.800000e-002
91  4.400000e-002
92  2.700000e-002
93  1.600000e-002
94  1.400000e-002
95  3.600000e-002
96  4.300000e-002
97  1.705000e+000
98  3.268000e+000
99  2.971000e+000
100  3.930000e-001
101  2.730000e-001
102  1.660000e-001
103  1.020000e-001
104  5.900000e-002
105  3.400000e-002
106  2.300000e-002
107  2.200000e-002
108  2.000000e-002
109  2.600000e-002
110  2.200000e-002
111  2.300000e-002
112  2.700000e-002
113  2.500000e-002
114  1.700000e-002
115  1.200000e-002
116  1.300000e-002
117  1.300000e-002
118  1.100000e-002
119  1.600000e-002
120  1.400000e-002
121  2.000000e-002
122  1.532000e+000
123  1.879000e+000
124  4.980000e-001
125  1.980000e-001
126  1.260000e-001
127  8.000000e-002
128  4.700000e-002
129  3.400000e-002
130  3.400000e-002
131  3.600000e-002
132  3.700000e-002
133  3.000000e-002
134  1.700000e-002
135  2.000000e-002
136  3.000000e-002
137  3.300000e-002
138  2.300000e-002
139  2.500000e-002
140  2.300000e-002
141  1.500000e-002
142  1.900000e-002
143  2.500000e-002
144  2.700000e-002
   7 
1  1.500000e-002
2  5.593000e+000
3  2.370000e-001
4  4.690000e-001
5  2.120000e-001
6  1.150000e-001
7  7.300000e-002
8  4.300000e-002
9  2.500000e-002
10  1.800000e-002
11  1.800000e-002
12  1.300000e-002
13  9.000000e-003
14  3.600000e+000
15  6.261000e+000
16  9.430000e-001
17  4.330000e-001
18  1.960000e-001
19  1.230000e-001
20  7.000000e-002
21  3.900000e-002
22  3.300000e-002
23  2.500000e-002
24  6.200000e-002
25  5.470000e-001
26  1.100400e+001
27  1.706000e+000
28  4.800000e-001
29  1.260000e+000
30  2.730000e-001
31  1.780000e-001
32  1.050000e-001
33  6.500000e-002
34  3.900000e-002
35  2.700000e-002
36  3.100000e-002
37  2.766000e+000
38  5.900000e-002
39  1.818000e+000
40  1.300000e-001
41  1.270000e-001
42  8.100000e-002
43  5.100000e-002
44  3.800000e-002
45  2.600000e-002
46  1.800000e-002
47  1.720000e-001
48  2.979000e+000
49  7.825000e+000
50  4.666000e+000
51  4.430000e+000
52  6.297000e+000
53  4.893000e+000
54  1.709000e+000
55  8.850000e-001
56  4.570000e-001
57  2.330000e-001
58  1.450000e-001
59  2.720000e-001
60  2.241000e+000
61  7.210000e-001
62  1.610000e-001
63  1.360000e-001
64  9.200000e-002
65  6.950000e-001
66  5.390000e-001
67  1.370000e-001
68  9.200000e-002
69  5.600000e-002
70  4.000000e-002
71  2.500000e-002
72  1.400000e-002
73  1.400000e-002
74  1.100000e-002
75  2.056000e+000
76  1.280000e-001
77  1.410000e-001
78  1.000000e-001
79  6.900000e-002
80  4.300000e-002
81  2.600000e-002
82  2.400000e-002
83  2.400000e-002
84  2.200000e-002
85  2.400000e-002
86  8.600000e-001
87  1.050000e-001
88  1.110000e-001
89  8.800000e-002
90  5.700000e-002
91  4.300000e-002
92  2.700000e-002
93  1.600000e-002
94  1.400000e-002
95  3.600000e-002
96  4.300000e-002
97  1.622000e+000
98  3.147000e+000
99  2.901000e+000
100  3.840000e-001
101  2.670000e-001
102  1.620000e-001
103  1.000000e-001
104  5.800000e-002
105  3.300000e-002
106  2.200000e-002
107  2.200000e-002
108  2.000000e-002
109  2.600000e-002
110  2.200000e-002
111  2.400000e-002
112  2.700000e-002
113  2.500000e-002
114  1.700000e-002
115  1.200000e-002
116  1.300000e-002
117  1.300000e-002
118  1.100000e-002
119  1.600000e-002
120  1.400000e-002
121  1.900000e-002
122  1.465000e+000
123  1.813000e+000
124  4.820000e-001
125  1.950000e-001
126  1.240000e-001
127  7.800000e-002
128  4.600000e-002
129  3.400000e-002
130  3.400000e-002
131  3.600000e-002
132  3.700000e-002
133  3.000000e-002
134  1.700000e-002
135  2.100000e-002
136  3.000000e-002
137  3.300000e-002
138  2.300000e-002
139  2.500000e-002
140  2.300000e-002
141  1.500000e-002
142  1.900000e-002
143  2.500000e-002
144  2.700000e-002
   8 
1  1.500000e-002
2  5.537000e+000
3  2.330000e-001
4  4.610000e-001
5  2.090000e-001
6  1.140000e-001
7  7.200000e-002
8  4.200000e-002
9  2.500000e-002
10  1.800000e-002
11  1.800000e-002
12  1.300000e-002
13  9.000000e-003
14  3.560000e+000
15  6.197000e+000
16  9.340000e-001
17  4.280000e-001
18  1.950000e-001
19  1.220000e-001
20  7.000000e-002
21  3.900000e-002
22  3.300000e-002
23  2.500000e-002
24  6.000000e-002
25  5.330000e-001
26  1.089600e+001
27  1.685000e+000
28  4.760000e-001
29  1.250000e+000
30  2.710000e-001
31  1.770000e-001
32  1.040000e-001
33  6.400000e-002
34  3.900000e-002
35  2.600000e-002
36  3.100000e-002
37  2.736000e+000
38  5.900000e-002
39  1.791000e+000
40  1.290000e-001
41  1.260000e-001
42  8.100000e-002
43  5.100000e-002
44  3.700000e-002
45  2.600000e-002
46  1.800000e-002
47  1.670000e-001
48  2.945000e+000
49  7.768000e+000
50  4.639000e+000
51  4.444000e+000
52  6.332000e+000
53  4.910000e+000
54  1.715000e+000
55  8.880000e-001
56  4.580000e-001
57  2.330000e-001
58  1.450000e-001
59  2.660000e-001
60  2.209000e+000
61  7.120000e-001
62  1.600000e-001
63  1.350000e-001
64  9.100000e-002
65  6.860000e-001
66  5.320000e-001
67  1.360000e-001
68  9.100000e-002
69  5.600000e-002
70  3.900000e-002
71  2.500000e-002
72  1.400000e-002
73  1.400000e-002
74  1.100000e-002
75  2.032000e+000
76  1.270000e-001
77  1.400000e-001
78  9.900000e-002
79  6.900000e-002
80  4.300000e-002
81  2.600000e-002
82  2.400000e-002
83  2.400000e-002
84  2.200000e-002
85  2.400000e-002
86  8.350000e-001
87  1.040000e-001
88  1.090000e-001
89  8.700000e-002
90  5.700000e-002
91  4.300000e-002
92  2.600000e-002
93  1.600000e-002
94  1.400000e-002
95  3.600000e-002
96  4.300000e-002
97  1.586000e+000
98  3.092000e+000
99  2.868000e+000
100  3.800000e-001
101  2.650000e-001
102  1.600000e-001
103  9.900000e-002
104  5.700000e-002
105  3.300000e-002
106  2.200000e-002
107  2.100000e-002
108  2.000000e-002
109  2.600000e-002
110  2.100000e-002
111  2.300000e-002
112  2.700000e-002
113  2.500000e-002
114  1.700000e-002
115  1.200000e-002
116  1.300000e-002
117  1.300000e-002
118  1.100000e-002
119  1.600000e-002
120  1.400000e-002
121  1.900000e-002
122  1.435000e+000
123  1.784000e+000
124  4.750000e-001
125  1.930000e-001
126  1.230000e-001
127  7.800000e-002
128  4.600000e-002
129  3.400000e-002
130  3.400000e-002
131  3.500000e-002
132  3.700000e-002
133  3.000000e-002
134  1.700000e-002
135  2.000000e-002
136  3.000000e-002
137  3.300000e-002
138  2.300000e-002
139  2.500000e-002
140  2.300000e-002
141  1.500000e-002
142  1.900000e-002
143  2.500000e-002
144  2.700000e-002
   9 
1  1.500000e-002
2  5.488000e+000
3  2.310000e-001
4  4.570000e-001
5  2.080000e-001
6  1.140000e-001
7  7.200000e-002
8  4.200000e-002
9  2.400000e-002
10  1.800000e-002
11  1.800000e-002
12  1.300000e-002
13  9.000000e-003
14  3.526000e+000
15  6.145000e+000
16  9.290000e-001
17  4.250000e-001
18  1.950000e-001
19  1.220000e-001
20  7.000000e-002
21  3.900000e-002
22  3.300000e-002
23  2.500000e-002
24  5.900000e-002
25  5.220000e-001
26  1.081000e+001
27  1.667000e+000
28  4.720000e-001
29  1.242000e+000
30  2.700000e-001
31  1.760000e-001
32  1.040000e-001
33  6.400000e-002
34  3.900000e-002
35  2.600000e-002
36  3.100000e-002
37  2.713000e+000
38  5.900000e-002
39  1.771000e+000
40  1.270000e-001
41  1.250000e-001
42  8.000000e-002
43  5.000000e-002
44  3.700000e-002
45  2.600000e-002
46  1.800000e-002
47  1.630000e-001
48  2.918000e+000
49  7.720000e+000
50  4.614000e+000
51  4.445000e+000
52  6.348000e+000
53  4.934000e+000
54  1.722000e+000
55  8.930000e-001
56  4.610000e-001
57  2.350000e-001
58  1.460000e-001
59  2.620000e-001
60  2.184000e+000
61  7.040000e-001
62  1.590000e-001
63  1.350000e-001
64  9.100000e-002
65  6.790000e-001
66  5.270000e-001
67  1.360000e-001
68  9.100000e-002
69  5.600000e-002
70  3.900000e-002
71  2.500000e-002
72  1.400000e-002
73  1.400000e-002
74  1.100000e-002
75  2.009000e+000
76  1.270000e-001
77  1.400000e-001
78  9.900000e-002
79  6.900000e-002
80  4.300000e-002
81  2.600000e-002
82  2.400000e-002
83  2.400000e-002
84  2.200000e-002
85  2.400000e-002
86  8.150000e-001
87  1.030000e-001
88  1.090000e-001
89  8.600000e-002
90  5.600000e-002
91  4.300000e-002
92  2.600000e-002
93  1.600000e-002
94  1.400000e-002
95  3.600000e-002
96  4.300000e-002
97  1.557000e+000
98  3.051000e+000
99  2.844000e+000
100  3.760000e-001
101  2.630000e-001
102  1.590000e-001
103  9.800000e-002
104  5.700000e-002
105  3.300000e-002
106  2.200000e-002
107  2.100000e-002
108  2.000000e-002
109  2.600000e-002
110  2.100000e-002
111  2.300000e-002
112  2.700000e-002
113  2.500000e-002
114  1.700000e-002
115  1.200000e-002
116  1.300000e-002
117  1.300000e-002
118  1.100000e-002
119  1.600000e-002
120  1.400000e-002
121  1.900000e-002
122  1.412000e+000
123  1.761000e+000
124  4.690000e-001
125  1.910000e-001
126  1.220000e-001
127  7.700000e-002
128  4.600000e-002
129  3.400000e-002
130  3.400000e-002
131  3.500000e-002
132  3.700000e-002
133  3.000000e-002
134  1.700000e-002
135  2.000000e-002
136  3.000000e-002
137  3.300000e-002
138  2.300000e-002
139  2.500000e-002
140  2.300000e-002
141  1.500000e-002
142  1.900000e-002
143  2.500000e-002
144  2.700000e-002
   10 
1  1.500000e-002
2  5.570000e+000
3  2.340000e-001
4  4.650000e-001
5  2.100000e-001
6  1.150000e-001
7  7.300000e-002
8  4.300000e-002
9  2.500000e-002
10  1.800000e-002
11  1.800000e-002
12  1.300000e-002
13  9.000000e-003
14  3.584000e+000
15  6.232000e+000
16  9.380000e-001
17  4.310000e-001
18  1.960000e-001
19  1.230000e-001
20  7.100000e-002
21  3.900000e-002
22  3.300000e-002
23  2.500000e-002
24  6.000000e-002
25  5.410000e-001
26  1.096200e+001
27  1.696000e+000
28  4.770000e-001
29  1.255000e+000
30  2.720000e-001
31  1.780000e-001
32  1.050000e-001
33  6.500000e-002
34  3.900000e-002
35  2.700000e-002
36  3.100000e-002
37  2.753000e+000
38  5.900000e-002
39  1.808000e+000
40  1.290000e-001
41  1.260000e-001
42  8.100000e-002
43  5.100000e-002
44  3.700000e-002
45  2.600000e-002
46  1.800000e-002
47  1.680000e-001
48  2.964000e+000
49  7.799000e+000
50  4.650000e+000
51  4.419000e+000
52  6.291000e+000
53  4.902000e+000
54  1.718000e+000
55  8.920000e-001
56  4.610000e-001
57  2.350000e-001
58  1.460000e-001
59  2.690000e-001
60  2.229000e+000
61  7.170000e-001
62  1.600000e-001
63  1.360000e-001
64  9.100000e-002
65  6.910000e-001
66  5.350000e-001
67  1.360000e-001
68  9.200000e-002
69  5.600000e-002
70  4.000000e-002
71  2.500000e-002
72  1.400000e-002
73  1.400000e-002
74  1.100000e-002
75  2.046000e+000
76  1.260000e-001
77  1.400000e-001
78  9.900000e-002
79  6.900000e-002
80  4.300000e-002
81  2.600000e-002
82  2.400000e-002
83  2.400000e-002
84  2.200000e-002
85  2.400000e-002
86  8.500000e-001
87  1.040000e-001
88  1.090000e-001
89  8.700000e-002
90  5.700000e-002
91  4.300000e-002
92  2.700000e-002
93  1.600000e-002
94  1.400000e-002
95  3.500000e-002
96  4.200000e-002
97  1.607000e+000
98  3.124000e+000
99  2.887000e+000
100  3.810000e-001
101  2.660000e-001
102  1.620000e-001
103  1.000000e-001
104  5.800000e-002
105  3.300000e-002
106  2.200000e-002
107  2.100000e-002
108  2.000000e-002
109  2.600000e-002
110  2.100000e-002
111  2.300000e-002
112  2.700000e-002
113  2.400000e-002
114  1.700000e-002
115  1.200000e-002
116  1.300000e-002
117  1.300000e-002
118  1.100000e-002
119  1.600000e-002
120  1.400000e-002
121  1.900000e-002
122  1.453000e+000
123  1.800000e+000
124  4.780000e-001
125  1.930000e-001
126  1.240000e-001
127  7.800000e-002
128  4.600000e-002
129  3.400000e-002
130  3.400000e-002
131  3.500000e-002
132  3.700000e-002
133  3.000000e-002
134  1.700000e-002
135  2.000000e-002
136  3.000000e-002
137  3.300000e-002
138  2.300000e-002
139  2.500000e-002
140  2.300000e-002
141  1.400000e-002
142  1.900000e-002
143  2.500000e-002
144  2.600000e-002
