   1 
1  2.050000e-001
2  7.903000e+000
3  1.960000e-001
4  1.415000e+000
5  1.690000e-001
6  1.060000e-001
7  7.100000e-002
8  4.600000e-002
9  3.100000e-002
10  2.900000e-002
11  3.100000e-002
12  3.800000e-002
13  6.490000e-001
14  7.630000e-001
15  1.251000e+000
16  3.016000e+000
17  2.049000e+000
18  1.158000e+000
19  5.390000e-001
20  2.880000e-001
21  1.530000e-001
22  9.900000e-002
23  6.700000e-002
24  2.160000e-001
25  8.700000e+000
26  7.489000e+000
27  4.410000e-001
28  1.173000e+000
29  3.370000e-001
30  1.540000e-001
31  1.000000e-001
32  5.600000e-002
33  3.600000e-002
34  2.700000e-002
35  2.400000e-002
36  4.200000e-002
37  3.200000e-002
38  2.182000e+000
39  3.690000e-001
40  1.500000e-001
41  2.580000e-001
42  1.280000e-001
43  8.500000e-002
44  5.600000e-002
45  3.800000e-002
46  3.000000e-002
47  2.890000e-001
48  5.840000e-001
49  2.793000e+000
50  3.508000e+000
51  3.293000e+000
52  3.186000e+000
53  2.246000e+000
54  8.500000e-001
55  4.660000e-001
56  2.490000e-001
57  1.330000e-001
58  8.600000e-002
59  2.860000e-001
60  1.190000e-001
61  8.200000e-002
62  6.100000e-002
63  5.400000e-002
64  6.400000e-002
65  7.900000e-002
66  5.500000e-002
67  4.200000e-002
68  2.900000e-002
69  2.300000e-002
70  2.400000e-002
71  1.700000e-002
72  1.400000e-002
73  2.600000e-002
74  2.000000e-002
75  6.300000e-002
76  8.900000e-002
77  8.600000e-002
78  5.800000e-002
79  4.000000e-002
80  2.800000e-002
81  2.200000e-002
82  2.700000e-002
83  3.400000e-002
84  3.300000e-002
85  3.000000e-002
86  5.623000e+000
87  1.680000e-001
88  1.380000e-001
89  1.160000e-001
90  9.800000e-002
91  1.020000e-001
92  6.900000e-002
93  4.500000e-002
94  3.200000e-002
95  6.300000e-002
96  5.600000e-002
97  1.390000e-001
98  2.154300e+001
99  3.780000e-001
100  3.570000e-001
101  1.850000e-001
102  1.260000e-001
103  8.500000e-002
104  6.100000e-002
105  3.900000e-002
106  3.000000e-002
107  2.900000e-002
108  2.500000e-002
109  4.500000e-002
110  4.100000e-002
111  3.500000e-002
112  3.700000e-002
113  3.500000e-002
114  2.500000e-002
115  2.000000e-002
116  1.800000e-002
117  1.400000e-002
118  1.200000e-002
119  3.300000e-002
120  2.800000e-002
121  3.200000e-002
122  6.330000e-001
123  1.921000e+000
124  1.930000e-001
125  1.770000e-001
126  1.200000e-001
127  7.800000e-002
128  4.900000e-002
129  3.100000e-002
130  2.900000e-002
131  4.200000e-002
132  5.400000e-002
133  6.700000e-002
134  4.100000e-002
135  4.200000e-002
136  4.300000e-002
137  4.600000e-002
138  3.100000e-002
139  2.200000e-002
140  1.600000e-002
141  1.300000e-002
142  1.300000e-002
143  2.000000e-002
144  5.500000e-002
   2 
1  2.320000e-001
2  8.335000e+000
3  2.040000e-001
4  1.474000e+000
5  1.720000e-001
6  1.090000e-001
7  7.300000e-002
8  4.700000e-002
9  3.100000e-002
10  2.900000e-002
11  3.100000e-002
12  3.800000e-002
13  7.450000e-001
14  8.480000e-001
15  1.356000e+000
16  3.085000e+000
17  2.029000e+000
18  1.141000e+000
19  5.290000e-001
20  2.820000e-001
21  1.510000e-001
22  9.800000e-002
23  6.600000e-002
24  2.510000e-001
25  9.121000e+000
26  7.916000e+000
27  4.600000e-001
28  1.209000e+000
29  3.480000e-001
30  1.550000e-001
31  1.010000e-001
32  5.700000e-002
33  3.600000e-002
34  2.700000e-002
35  2.400000e-002
36  4.200000e-002
37  3.100000e-002
38  2.396000e+000
39  4.100000e-001
40  1.510000e-001
41  2.750000e-001
42  1.280000e-001
43  8.500000e-002
44  5.700000e-002
45  3.900000e-002
46  3.000000e-002
47  3.460000e-001
48  5.980000e-001
49  2.843000e+000
50  3.542000e+000
51  3.308000e+000
52  3.143000e+000
53  2.208000e+000
54  8.420000e-001
55  4.620000e-001
56  2.470000e-001
57  1.320000e-001
58  8.600000e-002
59  3.160000e-001
60  1.190000e-001
61  8.100000e-002
62  6.100000e-002
63  5.400000e-002
64  6.700000e-002
65  7.900000e-002
66  5.500000e-002
67  4.200000e-002
68  3.000000e-002
69  2.300000e-002
70  2.400000e-002
71  1.700000e-002
72  1.400000e-002
73  2.500000e-002
74  1.900000e-002
75  6.200000e-002
76  8.700000e-002
77  8.400000e-002
78  5.800000e-002
79  4.000000e-002
80  2.800000e-002
81  2.200000e-002
82  2.700000e-002
83  3.300000e-002
84  3.300000e-002
85  3.000000e-002
86  6.072000e+000
87  1.680000e-001
88  1.380000e-001
89  1.150000e-001
90  9.700000e-002
91  1.110000e-001
92  7.200000e-002
93  4.700000e-002
94  3.300000e-002
95  6.300000e-002
96  5.600000e-002
97  1.710000e-001
98  2.229100e+001
99  3.920000e-001
100  3.740000e-001
101  1.870000e-001
102  1.270000e-001
103  8.500000e-002
104  6.100000e-002
105  3.900000e-002
106  3.000000e-002
107  2.900000e-002
108  2.500000e-002
109  4.400000e-002
110  4.000000e-002
111  3.400000e-002
112  3.700000e-002
113  3.400000e-002
114  2.500000e-002
115  2.000000e-002
116  1.800000e-002
117  1.400000e-002
118  1.200000e-002
119  3.300000e-002
120  2.800000e-002
121  3.200000e-002
122  7.050000e-001
123  2.117000e+000
124  1.930000e-001
125  1.770000e-001
126  1.200000e-001
127  7.800000e-002
128  4.900000e-002
129  3.100000e-002
130  2.900000e-002
131  4.200000e-002
132  5.300000e-002
133  6.600000e-002
134  4.000000e-002
135  4.100000e-002
136  4.300000e-002
137  4.600000e-002
138  3.000000e-002
139  2.200000e-002
140  1.600000e-002
141  1.300000e-002
142  1.300000e-002
143  2.000000e-002
144  5.400000e-002
   3 
1  2.320000e-001
2  8.329000e+000
3  2.040000e-001
4  1.473000e+000
5  1.720000e-001
6  1.090000e-001
7  7.300000e-002
8  4.700000e-002
9  3.100000e-002
10  2.900000e-002
11  3.100000e-002
12  3.800000e-002
13  7.430000e-001
14  8.460000e-001
15  1.355000e+000
16  3.082000e+000
17  2.026000e+000
18  1.142000e+000
19  5.290000e-001
20  2.820000e-001
21  1.500000e-001
22  9.800000e-002
23  6.600000e-002
24  2.510000e-001
25  9.116000e+000
26  7.911000e+000
27  4.600000e-001
28  1.209000e+000
29  3.480000e-001
30  1.560000e-001
31  1.010000e-001
32  5.700000e-002
33  3.600000e-002
34  2.700000e-002
35  2.400000e-002
36  4.200000e-002
37  3.100000e-002
38  2.393000e+000
39  4.090000e-001
40  1.510000e-001
41  2.750000e-001
42  1.280000e-001
43  8.600000e-002
44  5.700000e-002
45  3.900000e-002
46  3.000000e-002
47  3.450000e-001
48  5.980000e-001
49  2.837000e+000
50  3.538000e+000
51  3.307000e+000
52  3.143000e+000
53  2.208000e+000
54  8.410000e-001
55  4.610000e-001
56  2.460000e-001
57  1.320000e-001
58  8.500000e-002
59  3.160000e-001
60  1.190000e-001
61  8.100000e-002
62  6.100000e-002
63  5.400000e-002
64  6.700000e-002
65  7.900000e-002
66  5.500000e-002
67  4.200000e-002
68  3.000000e-002
69  2.300000e-002
70  2.400000e-002
71  1.700000e-002
72  1.400000e-002
73  2.500000e-002
74  1.900000e-002
75  6.200000e-002
76  8.700000e-002
77  8.400000e-002
78  5.800000e-002
79  4.000000e-002
80  2.800000e-002
81  2.200000e-002
82  2.700000e-002
83  3.300000e-002
84  3.300000e-002
85  3.000000e-002
86  6.066000e+000
87  1.680000e-001
88  1.380000e-001
89  1.150000e-001
90  9.800000e-002
91  1.110000e-001
92  7.200000e-002
93  4.700000e-002
94  3.300000e-002
95  6.400000e-002
96  5.600000e-002
97  1.700000e-001
98  2.228200e+001
99  3.920000e-001
100  3.740000e-001
101  1.870000e-001
102  1.270000e-001
103  8.600000e-002
104  6.100000e-002
105  3.900000e-002
106  3.000000e-002
107  2.900000e-002
108  2.500000e-002
109  4.400000e-002
110  4.000000e-002
111  3.400000e-002
112  3.700000e-002
113  3.400000e-002
114  2.500000e-002
115  2.000000e-002
116  1.800000e-002
117  1.400000e-002
118  1.200000e-002
119  3.300000e-002
120  2.800000e-002
121  3.200000e-002
122  7.030000e-001
123  2.115000e+000
124  1.930000e-001
125  1.770000e-001
126  1.200000e-001
127  7.800000e-002
128  4.900000e-002
129  3.100000e-002
130  2.900000e-002
131  4.200000e-002
132  5.300000e-002
133  6.600000e-002
134  4.000000e-002
135  4.100000e-002
136  4.300000e-002
137  4.600000e-002
138  3.000000e-002
139  2.200000e-002
140  1.600000e-002
141  1.300000e-002
142  1.300000e-002
143  2.000000e-002
144  5.400000e-002
   4 
1  2.210000e-001
2  8.070000e+000
3  1.980000e-001
4  1.527000e+000
5  1.700000e-001
6  1.080000e-001
7  7.200000e-002
8  4.700000e-002
9  3.100000e-002
10  2.900000e-002
11  3.100000e-002
12  3.700000e-002
13  6.530000e-001
14  7.680000e-001
15  1.337000e+000
16  3.262000e+000
17  2.347000e+000
18  1.282000e+000
19  6.050000e-001
20  3.210000e-001
21  1.700000e-001
22  1.080000e-001
23  7.100000e-002
24  2.370000e-001
25  8.841000e+000
26  7.640000e+000
27  4.500000e-001
28  1.241000e+000
29  3.580000e-001
30  1.530000e-001
31  9.900000e-002
32  5.500000e-002
33  3.600000e-002
34  2.700000e-002
35  2.400000e-002
36  4.100000e-002
37  3.200000e-002
38  2.220000e+000
39  4.130000e-001
40  1.510000e-001
41  2.890000e-001
42  1.280000e-001
43  8.500000e-002
44  5.700000e-002
45  3.900000e-002
46  3.000000e-002
47  3.320000e-001
48  6.840000e-001
49  3.070000e+000
50  3.723000e+000
51  3.472000e+000
52  3.332000e+000
53  2.366000e+000
54  8.820000e-001
55  4.830000e-001
56  2.580000e-001
57  1.380000e-001
58  8.800000e-002
59  3.180000e-001
60  1.180000e-001
61  8.100000e-002
62  6.000000e-002
63  5.300000e-002
64  7.300000e-002
65  7.900000e-002
66  5.600000e-002
67  4.200000e-002
68  3.000000e-002
69  2.300000e-002
70  2.300000e-002
71  1.700000e-002
72  1.400000e-002
73  2.500000e-002
74  1.900000e-002
75  6.100000e-002
76  8.600000e-002
77  8.300000e-002
78  5.700000e-002
79  3.900000e-002
80  2.700000e-002
81  2.100000e-002
82  2.600000e-002
83  3.300000e-002
84  3.200000e-002
85  2.900000e-002
86  5.364000e+000
87  1.490000e-001
88  1.240000e-001
89  1.060000e-001
90  9.200000e-002
91  9.700000e-002
92  6.600000e-002
93  4.300000e-002
94  3.100000e-002
95  6.300000e-002
96  5.500000e-002
97  1.720000e-001
98  2.176900e+001
99  4.020000e-001
100  3.930000e-001
101  1.860000e-001
102  1.260000e-001
103  8.500000e-002
104  6.100000e-002
105  3.900000e-002
106  3.000000e-002
107  2.900000e-002
108  2.500000e-002
109  4.400000e-002
110  4.000000e-002
111  3.500000e-002
112  3.700000e-002
113  3.400000e-002
114  2.400000e-002
115  2.000000e-002
116  1.800000e-002
117  1.400000e-002
118  1.200000e-002
119  3.200000e-002
120  2.700000e-002
121  3.100000e-002
122  6.360000e-001
123  1.936000e+000
124  1.890000e-001
125  1.740000e-001
126  1.180000e-001
127  7.700000e-002
128  4.800000e-002
129  3.100000e-002
130  2.900000e-002
131  4.100000e-002
132  5.200000e-002
133  6.500000e-002
134  4.000000e-002
135  4.100000e-002
136  4.200000e-002
137  4.500000e-002
138  3.000000e-002
139  2.200000e-002
140  1.600000e-002
141  1.300000e-002
142  1.300000e-002
143  2.000000e-002
144  5.400000e-002
   5 
1  2.200000e-001
2  8.149000e+000
3  2.010000e-001
4  1.448000e+000
5  1.710000e-001
6  1.080000e-001
7  7.200000e-002
8  4.700000e-002
9  3.100000e-002
10  2.900000e-002
11  3.100000e-002
12  3.800000e-002
13  7.040000e-001
14  8.110000e-001
15  1.312000e+000
16  3.057000e+000
17  2.040000e+000
18  1.150000e+000
19  5.320000e-001
20  2.830000e-001
21  1.500000e-001
22  9.800000e-002
23  6.600000e-002
24  2.350000e-001
25  8.938000e+000
26  7.732000e+000
27  4.530000e-001
28  1.194000e+000
29  3.440000e-001
30  1.560000e-001
31  1.010000e-001
32  5.700000e-002
33  3.600000e-002
34  2.700000e-002
35  2.400000e-002
36  4.200000e-002
37  3.200000e-002
38  2.303000e+000
39  3.920000e-001
40  1.520000e-001
41  2.690000e-001
42  1.290000e-001
43  8.600000e-002
44  5.700000e-002
45  3.900000e-002
46  3.000000e-002
47  3.200000e-001
48  5.940000e-001
49  2.820000e+000
50  3.529000e+000
51  3.306000e+000
52  3.165000e+000
53  2.238000e+000
54  8.420000e-001
55  4.600000e-001
56  2.450000e-001
57  1.310000e-001
58  8.500000e-002
59  3.020000e-001
60  1.190000e-001
61  8.100000e-002
62  6.100000e-002
63  5.400000e-002
64  6.600000e-002
65  8.000000e-002
66  5.600000e-002
67  4.200000e-002
68  3.000000e-002
69  2.300000e-002
70  2.400000e-002
71  1.700000e-002
72  1.400000e-002
73  2.600000e-002
74  2.000000e-002
75  6.300000e-002
76  8.900000e-002
77  8.600000e-002
78  5.800000e-002
79  4.000000e-002
80  2.800000e-002
81  2.200000e-002
82  2.700000e-002
83  3.400000e-002
84  3.300000e-002
85  3.000000e-002
86  5.876000e+000
87  1.680000e-001
88  1.390000e-001
89  1.160000e-001
90  9.800000e-002
91  1.070000e-001
92  7.100000e-002
93  4.600000e-002
94  3.300000e-002
95  6.400000e-002
96  5.600000e-002
97  1.560000e-001
98  2.196900e+001
99  3.860000e-001
100  3.670000e-001
101  1.870000e-001
102  1.270000e-001
103  8.600000e-002
104  6.200000e-002
105  3.900000e-002
106  3.000000e-002
107  2.900000e-002
108  2.500000e-002
109  4.500000e-002
110  4.100000e-002
111  3.500000e-002
112  3.700000e-002
113  3.500000e-002
114  2.500000e-002
115  2.000000e-002
116  1.800000e-002
117  1.400000e-002
118  1.200000e-002
119  3.300000e-002
120  2.800000e-002
121  3.200000e-002
122  6.740000e-001
123  2.029000e+000
124  1.940000e-001
125  1.780000e-001
126  1.210000e-001
127  7.800000e-002
128  4.900000e-002
129  3.100000e-002
130  2.900000e-002
131  4.200000e-002
132  5.400000e-002
133  6.700000e-002
134  4.100000e-002
135  4.200000e-002
136  4.300000e-002
137  4.600000e-002
138  3.100000e-002
139  2.200000e-002
140  1.600000e-002
141  1.300000e-002
142  1.300000e-002
143  2.000000e-002
144  5.500000e-002
   6 
1  2.070000e-001
2  7.941000e+000
3  1.970000e-001
4  1.420000e+000
5  1.690000e-001
6  1.070000e-001
7  7.100000e-002
8  4.700000e-002
9  3.100000e-002
10  2.900000e-002
11  3.100000e-002
12  3.800000e-002
13  6.570000e-001
14  7.700000e-001
15  1.260000e+000
16  3.021000e+000
17  2.046000e+000
18  1.158000e+000
19  5.390000e-001
20  2.870000e-001
21  1.530000e-001
22  9.900000e-002
23  6.700000e-002
24  2.190000e-001
25  8.736000e+000
26  7.525000e+000
27  4.430000e-001
28  1.177000e+000
29  3.380000e-001
30  1.550000e-001
31  1.010000e-001
32  5.700000e-002
33  3.600000e-002
34  2.700000e-002
35  2.400000e-002
36  4.300000e-002
37  3.200000e-002
38  2.200000e+000
39  3.720000e-001
40  1.510000e-001
41  2.600000e-001
42  1.280000e-001
43  8.500000e-002
44  5.700000e-002
45  3.900000e-002
46  3.000000e-002
47  2.940000e-001
48  5.850000e-001
49  2.793000e+000
50  3.508000e+000
51  3.294000e+000
52  3.182000e+000
53  2.252000e+000
54  8.500000e-001
55  4.660000e-001
56  2.490000e-001
57  1.330000e-001
58  8.600000e-002
59  2.890000e-001
60  1.190000e-001
61  8.200000e-002
62  6.100000e-002
63  5.400000e-002
64  6.400000e-002
65  8.000000e-002
66  5.500000e-002
67  4.200000e-002
68  2.900000e-002
69  2.400000e-002
70  2.400000e-002
71  1.800000e-002
72  1.400000e-002
73  2.600000e-002
74  2.000000e-002
75  6.300000e-002
76  8.900000e-002
77  8.600000e-002
78  5.900000e-002
79  4.000000e-002
80  2.800000e-002
81  2.200000e-002
82  2.700000e-002
83  3.400000e-002
84  3.300000e-002
85  3.000000e-002
86  5.662000e+000
87  1.680000e-001
88  1.380000e-001
89  1.160000e-001
90  9.800000e-002
91  1.030000e-001
92  7.000000e-002
93  4.500000e-002
94  3.200000e-002
95  6.400000e-002
96  5.600000e-002
97  1.420000e-001
98  2.160800e+001
99  3.790000e-001
100  3.590000e-001
101  1.860000e-001
102  1.260000e-001
103  8.500000e-002
104  6.100000e-002
105  3.900000e-002
106  3.100000e-002
107  2.900000e-002
108  2.500000e-002
109  4.500000e-002
110  4.100000e-002
111  3.500000e-002
112  3.700000e-002
113  3.500000e-002
114  2.500000e-002
115  2.000000e-002
116  1.800000e-002
117  1.400000e-002
118  1.200000e-002
119  3.300000e-002
120  2.900000e-002
121  3.200000e-002
122  6.390000e-001
123  1.937000e+000
124  1.940000e-001
125  1.770000e-001
126  1.200000e-001
127  7.800000e-002
128  4.900000e-002
129  3.100000e-002
130  2.900000e-002
131  4.300000e-002
132  5.400000e-002
133  6.700000e-002
134  4.100000e-002
135  4.200000e-002
136  4.400000e-002
137  4.700000e-002
138  3.100000e-002
139  2.200000e-002
140  1.600000e-002
141  1.300000e-002
142  1.300000e-002
143  2.000000e-002
144  5.500000e-002
   7 
1  1.970000e-001
2  7.766000e+000
3  1.940000e-001
4  1.397000e+000
5  1.680000e-001
6  1.060000e-001
7  7.100000e-002
8  4.600000e-002
9  3.100000e-002
10  2.900000e-002
11  3.100000e-002
12  3.800000e-002
13  6.190000e-001
14  7.370000e-001
15  1.217000e+000
16  2.992000e+000
17  2.053000e+000
18  1.162000e+000
19  5.430000e-001
20  2.890000e-001
21  1.540000e-001
22  1.000000e-001
23  6.700000e-002
24  2.070000e-001
25  8.564000e+000
26  7.352000e+000
27  4.360000e-001
28  1.163000e+000
29  3.330000e-001
30  1.540000e-001
31  1.000000e-001
32  5.600000e-002
33  3.600000e-002
34  2.700000e-002
35  2.400000e-002
36  4.300000e-002
37  3.200000e-002
38  2.114000e+000
39  3.570000e-001
40  1.500000e-001
41  2.530000e-001
42  1.270000e-001
43  8.500000e-002
44  5.600000e-002
45  3.800000e-002
46  3.000000e-002
47  2.740000e-001
48  5.790000e-001
49  2.776000e+000
50  3.495000e+000
51  3.286000e+000
52  3.197000e+000
53  2.261000e+000
54  8.530000e-001
55  4.680000e-001
56  2.500000e-001
57  1.340000e-001
58  8.700000e-002
59  2.780000e-001
60  1.190000e-001
61  8.200000e-002
62  6.100000e-002
63  5.400000e-002
64  6.300000e-002
65  7.900000e-002
66  5.500000e-002
67  4.200000e-002
68  2.900000e-002
69  2.300000e-002
70  2.400000e-002
71  1.800000e-002
72  1.400000e-002
73  2.600000e-002
74  2.000000e-002
75  6.300000e-002
76  8.900000e-002
77  8.600000e-002
78  5.900000e-002
79  4.000000e-002
80  2.800000e-002
81  2.200000e-002
82  2.700000e-002
83  3.400000e-002
84  3.300000e-002
85  3.000000e-002
86  5.481000e+000
87  1.680000e-001
88  1.380000e-001
89  1.160000e-001
90  9.900000e-002
91  1.010000e-001
92  6.800000e-002
93  4.400000e-002
94  3.100000e-002
95  6.400000e-002
96  5.600000e-002
97  1.310000e-001
98  2.129700e+001
99  3.750000e-001
100  3.530000e-001
101  1.860000e-001
102  1.260000e-001
103  8.500000e-002
104  6.100000e-002
105  3.900000e-002
106  3.100000e-002
107  2.900000e-002
108  2.500000e-002
109  4.500000e-002
110  4.100000e-002
111  3.500000e-002
112  3.700000e-002
113  3.500000e-002
114  2.500000e-002
115  2.000000e-002
116  1.800000e-002
117  1.400000e-002
118  1.200000e-002
119  3.300000e-002
120  2.900000e-002
121  3.200000e-002
122  6.100000e-001
123  1.861000e+000
124  1.940000e-001
125  1.770000e-001
126  1.200000e-001
127  7.800000e-002
128  4.900000e-002
129  3.100000e-002
130  2.900000e-002
131  4.300000e-002
132  5.400000e-002
133  6.700000e-002
134  4.100000e-002
135  4.200000e-002
136  4.400000e-002
137  4.700000e-002
138  3.100000e-002
139  2.200000e-002
140  1.600000e-002
141  1.300000e-002
142  1.300000e-002
143  2.100000e-002
144  5.600000e-002
   8 
1  1.920000e-001
2  7.688000e+000
3  1.920000e-001
4  1.386000e+000
5  1.660000e-001
6  1.050000e-001
7  7.000000e-002
8  4.600000e-002
9  3.100000e-002
10  2.900000e-002
11  3.100000e-002
12  3.800000e-002
13  6.020000e-001
14  7.220000e-001
15  1.198000e+000
16  2.980000e+000
17  2.058000e+000
18  1.163000e+000
19  5.440000e-001
20  2.900000e-001
21  1.540000e-001
22  1.000000e-001
23  6.700000e-002
24  2.010000e-001
25  8.490000e+000
26  7.277000e+000
27  4.320000e-001
28  1.155000e+000
29  3.300000e-001
30  1.540000e-001
31  1.000000e-001
32  5.600000e-002
33  3.600000e-002
34  2.700000e-002
35  2.400000e-002
36  4.200000e-002
37  3.200000e-002
38  2.076000e+000
39  3.490000e-001
40  1.490000e-001
41  2.490000e-001
42  1.270000e-001
43  8.400000e-002
44  5.600000e-002
45  3.800000e-002
46  3.000000e-002
47  2.640000e-001
48  5.750000e-001
49  2.771000e+000
50  3.492000e+000
51  3.283000e+000
52  3.204000e+000
53  2.260000e+000
54  8.540000e-001
55  4.680000e-001
56  2.500000e-001
57  1.340000e-001
58  8.700000e-002
59  2.720000e-001
60  1.180000e-001
61  8.100000e-002
62  6.100000e-002
63  5.400000e-002
64  6.300000e-002
65  7.900000e-002
66  5.500000e-002
67  4.100000e-002
68  2.900000e-002
69  2.300000e-002
70  2.400000e-002
71  1.700000e-002
72  1.400000e-002
73  2.600000e-002
74  2.000000e-002
75  6.300000e-002
76  8.900000e-002
77  8.600000e-002
78  5.800000e-002
79  4.000000e-002
80  2.800000e-002
81  2.200000e-002
82  2.700000e-002
83  3.400000e-002
84  3.300000e-002
85  3.000000e-002
86  5.401000e+000
87  1.680000e-001
88  1.380000e-001
89  1.150000e-001
90  9.800000e-002
91  9.900000e-002
92  6.700000e-002
93  4.300000e-002
94  3.100000e-002
95  6.300000e-002
96  5.600000e-002
97  1.260000e-001
98  2.116200e+001
99  3.720000e-001
100  3.500000e-001
101  1.850000e-001
102  1.250000e-001
103  8.500000e-002
104  6.100000e-002
105  3.900000e-002
106  3.000000e-002
107  2.900000e-002
108  2.500000e-002
109  4.500000e-002
110  4.100000e-002
111  3.500000e-002
112  3.700000e-002
113  3.500000e-002
114  2.500000e-002
115  2.000000e-002
116  1.800000e-002
117  1.400000e-002
118  1.200000e-002
119  3.300000e-002
120  2.800000e-002
121  3.200000e-002
122  5.970000e-001
123  1.827000e+000
124  1.930000e-001
125  1.760000e-001
126  1.190000e-001
127  7.800000e-002
128  4.900000e-002
129  3.100000e-002
130  2.900000e-002
131  4.200000e-002
132  5.400000e-002
133  6.700000e-002
134  4.100000e-002
135  4.200000e-002
136  4.300000e-002
137  4.600000e-002
138  3.100000e-002
139  2.200000e-002
140  1.600000e-002
141  1.300000e-002
142  1.300000e-002
143  2.000000e-002
144  5.500000e-002
   9 
1  1.880000e-001
2  7.628000e+000
3  1.900000e-001
4  1.377000e+000
5  1.650000e-001
6  1.050000e-001
7  7.000000e-002
8  4.600000e-002
9  3.100000e-002
10  2.900000e-002
11  3.100000e-002
12  3.800000e-002
13  5.890000e-001
14  7.100000e-001
15  1.183000e+000
16  2.967000e+000
17  2.057000e+000
18  1.166000e+000
19  5.460000e-001
20  2.910000e-001
21  1.550000e-001
22  1.000000e-001
23  6.700000e-002
24  1.970000e-001
25  8.430000e+000
26  7.216000e+000
27  4.290000e-001
28  1.150000e+000
29  3.290000e-001
30  1.530000e-001
31  1.000000e-001
32  5.600000e-002
33  3.600000e-002
34  2.700000e-002
35  2.400000e-002
36  4.200000e-002
37  3.200000e-002
38  2.046000e+000
39  3.430000e-001
40  1.480000e-001
41  2.470000e-001
42  1.260000e-001
43  8.400000e-002
44  5.600000e-002
45  3.800000e-002
46  3.000000e-002
47  2.570000e-001
48  5.720000e-001
49  2.760000e+000
50  3.484000e+000
51  3.279000e+000
52  3.208000e+000
53  2.271000e+000
54  8.560000e-001
55  4.700000e-001
56  2.510000e-001
57  1.340000e-001
58  8.700000e-002
59  2.680000e-001
60  1.180000e-001
61  8.100000e-002
62  6.100000e-002
63  5.400000e-002
64  6.200000e-002
65  7.800000e-002
66  5.400000e-002
67  4.100000e-002
68  2.900000e-002
69  2.300000e-002
70  2.400000e-002
71  1.700000e-002
72  1.400000e-002
73  2.600000e-002
74  2.000000e-002
75  6.300000e-002
76  8.800000e-002
77  8.600000e-002
78  5.800000e-002
79  4.000000e-002
80  2.800000e-002
81  2.200000e-002
82  2.700000e-002
83  3.400000e-002
84  3.300000e-002
85  3.000000e-002
86  5.338000e+000
87  1.680000e-001
88  1.380000e-001
89  1.150000e-001
90  9.800000e-002
91  9.900000e-002
92  6.700000e-002
93  4.300000e-002
94  3.000000e-002
95  6.300000e-002
96  5.500000e-002
97  1.220000e-001
98  2.105500e+001
99  3.690000e-001
100  3.470000e-001
101  1.840000e-001
102  1.250000e-001
103  8.500000e-002
104  6.100000e-002
105  3.900000e-002
106  3.000000e-002
107  2.900000e-002
108  2.500000e-002
109  4.500000e-002
110  4.100000e-002
111  3.500000e-002
112  3.700000e-002
113  3.500000e-002
114  2.500000e-002
115  2.000000e-002
116  1.800000e-002
117  1.400000e-002
118  1.200000e-002
119  3.300000e-002
120  2.800000e-002
121  3.200000e-002
122  5.870000e-001
123  1.801000e+000
124  1.920000e-001
125  1.760000e-001
126  1.190000e-001
127  7.800000e-002
128  4.900000e-002
129  3.100000e-002
130  2.900000e-002
131  4.200000e-002
132  5.400000e-002
133  6.700000e-002
134  4.100000e-002
135  4.200000e-002
136  4.300000e-002
137  4.600000e-002
138  3.100000e-002
139  2.200000e-002
140  1.600000e-002
141  1.300000e-002
142  1.300000e-002
143  2.000000e-002
144  5.500000e-002
   10 
1  1.940000e-001
2  7.735000e+000
3  1.920000e-001
4  1.391000e+000
5  1.660000e-001
6  1.050000e-001
7  7.100000e-002
8  4.600000e-002
9  3.100000e-002
10  2.900000e-002
11  3.100000e-002
12  3.800000e-002
13  6.120000e-001
14  7.300000e-001
15  1.208000e+000
16  2.980000e+000
17  2.049000e+000
18  1.166000e+000
19  5.450000e-001
20  2.910000e-001
21  1.550000e-001
22  1.000000e-001
23  6.800000e-002
24  2.040000e-001
25  8.534000e+000
26  7.322000e+000
27  4.330000e-001
28  1.159000e+000
29  3.320000e-001
30  1.540000e-001
31  1.000000e-001
32  5.600000e-002
33  3.600000e-002
34  2.700000e-002
35  2.400000e-002
36  4.200000e-002
37  3.200000e-002
38  2.099000e+000
39  3.520000e-001
40  1.480000e-001
41  2.500000e-001
42  1.260000e-001
43  8.400000e-002
44  5.600000e-002
45  3.800000e-002
46  3.000000e-002
47  2.680000e-001
48  5.740000e-001
49  2.763000e+000
50  3.486000e+000
51  3.282000e+000
52  3.196000e+000
53  2.268000e+000
54  8.570000e-001
55  4.710000e-001
56  2.520000e-001
57  1.350000e-001
58  8.700000e-002
59  2.750000e-001
60  1.180000e-001
61  8.100000e-002
62  6.100000e-002
63  5.400000e-002
64  6.300000e-002
65  7.800000e-002
66  5.500000e-002
67  4.100000e-002
68  2.900000e-002
69  2.300000e-002
70  2.400000e-002
71  1.700000e-002
72  1.400000e-002
73  2.500000e-002
74  2.000000e-002
75  6.200000e-002
76  8.800000e-002
77  8.500000e-002
78  5.800000e-002
79  4.000000e-002
80  2.800000e-002
81  2.200000e-002
82  2.700000e-002
83  3.300000e-002
84  3.300000e-002
85  3.000000e-002
86  5.449000e+000
87  1.670000e-001
88  1.380000e-001
89  1.150000e-001
90  9.800000e-002
91  9.900000e-002
92  6.700000e-002
93  4.400000e-002
94  3.100000e-002
95  6.300000e-002
96  5.500000e-002
97  1.280000e-001
98  2.124400e+001
99  3.720000e-001
100  3.510000e-001
101  1.850000e-001
102  1.260000e-001
103  8.500000e-002
104  6.100000e-002
105  3.900000e-002
106  3.000000e-002
107  2.900000e-002
108  2.500000e-002
109  4.500000e-002
110  4.000000e-002
111  3.500000e-002
112  3.700000e-002
113  3.500000e-002
114  2.500000e-002
115  2.000000e-002
116  1.800000e-002
117  1.400000e-002
118  1.200000e-002
119  3.300000e-002
120  2.800000e-002
121  3.200000e-002
122  6.050000e-001
123  1.847000e+000
124  1.920000e-001
125  1.750000e-001
126  1.190000e-001
127  7.800000e-002
128  4.900000e-002
129  3.100000e-002
130  2.900000e-002
131  4.200000e-002
132  5.300000e-002
133  6.600000e-002
134  4.000000e-002
135  4.100000e-002
136  4.300000e-002
137  4.600000e-002
138  3.100000e-002
139  2.200000e-002
140  1.600000e-002
141  1.300000e-002
142  1.300000e-002
143  2.000000e-002
144  5.500000e-002
