   1 
1  1.174000e+000
2  2.352000e+000
3  2.820000e+000
4  1.120000e-001
5  8.100000e-002
6  5.200000e-002
7  2.900000e-002
8  2.100000e-002
9  1.400000e-002
10  1.300000e-002
11  1.800000e-002
12  2.234000e+000
13  8.000000e-002
14  2.440100e+001
15  1.934000e+000
16  3.980000e-001
17  9.720000e-001
18  2.400000e-001
19  1.550000e-001
20  1.010000e-001
21  6.300000e-002
22  4.200000e-002
23  3.365000e+000
24  1.350000e-001
25  4.963000e+000
26  2.329600e+001
27  3.982000e+000
28  2.147300e+001
29  1.407500e+001
30  1.301200e+001
31  8.846000e+000
32  3.107000e+000
33  1.555000e+000
34  8.390000e-001
35  4.650000e-001
36  3.668000e+000
37  5.200000e+000
38  1.388600e+001
39  1.900000e+000
40  1.062900e+001
41  6.999000e+000
42  5.090000e+000
43  2.730000e+000
44  1.225000e+000
45  6.110000e-001
46  3.350000e-001
47  1.760000e-001
48  1.030000e-001
49  6.200000e-002
50  3.801000e+000
51  9.010000e-001
52  1.150000e-001
53  1.080000e-001
54  6.700000e-002
55  4.900000e-002
56  3.500000e-002
57  2.300000e-002
58  2.100000e-002
59  1.803800e+001
60  1.746500e+001
61  1.821300e+001
62  1.099700e+001
63  7.579000e+000
64  1.471000e+001
65  3.316600e+001
66  1.807300e+001
67  1.207500e+001
68  4.836000e+000
69  2.417000e+000
70  1.299000e+000
71  6.580000e-001
72  3.610000e-001
73  1.588000e+000
74  3.611000e+000
75  1.577600e+001
76  1.355200e+001
77  6.697000e+000
78  5.205000e+000
79  2.374000e+000
80  1.093000e+000
81  5.540000e-001
82  3.060000e-001
83  1.610000e-001
84  9.500000e-002
85  5.700000e-002
86  3.400000e-002
87  2.700000e-002
88  3.000000e-002
89  2.900000e-002
90  2.500000e-002
91  2.200000e-002
92  1.900000e-002
93  1.700000e-002
94  1.500000e-002
95  1.700000e-002
96  1.900000e-002
97  4.559000e+000
98  1.482000e+000
99  1.828700e+001
100  3.513000e+000
101  4.172000e+000
102  2.448000e+000
103  1.195000e+000
104  5.200000e-001
105  2.630000e-001
106  1.470000e-001
107  8.000000e-002
108  5.100000e-002
109  1.348000e+000
110  1.980000e-001
111  1.380000e-001
112  1.060000e-001
113  7.500000e-002
114  4.800000e-002
115  3.100000e-002
116  2.400000e-002
117  1.800000e-002
118  1.600000e-002
119  1.600000e-002
120  2.487000e+000
121  1.340000e-001
122  1.788300e+001
123  3.230000e-001
124  5.090000e-001
125  2.190000e-001
126  1.430000e-001
127  9.300000e-002
128  5.800000e-002
129  3.600000e-002
130  2.700000e-002
131  2.100000e-002
132  1.900000e-002
133  1.700000e-002
134  2.410000e-001
135  6.900000e-002
136  5.300000e-002
137  3.800000e-002
138  2.500000e-002
139  1.900000e-002
140  1.500000e-002
141  1.100000e-002
142  1.000000e-002
143  1.000000e-002
144  1.300000e-002
   2 
1  1.309000e+000
2  2.553000e+000
3  3.018000e+000
4  1.130000e-001
5  8.200000e-002
6  5.300000e-002
7  2.900000e-002
8  2.100000e-002
9  1.400000e-002
10  1.300000e-002
11  1.800000e-002
12  2.418000e+000
13  9.000000e-002
14  2.522800e+001
15  2.137000e+000
16  4.320000e-001
17  1.048000e+000
18  2.640000e-001
19  1.620000e-001
20  1.060000e-001
21  6.500000e-002
22  4.300000e-002
23  3.760000e+000
24  1.530000e-001
25  5.309000e+000
26  2.414800e+001
27  4.025000e+000
28  2.164700e+001
29  1.368000e+001
30  1.258100e+001
31  8.459000e+000
32  3.013000e+000
33  1.509000e+000
34  8.150000e-001
35  4.750000e-001
36  3.981000e+000
37  5.560000e+000
38  1.431400e+001
39  1.904000e+000
40  1.076000e+001
41  6.855000e+000
42  4.821000e+000
43  2.570000e+000
44  1.210000e+000
45  5.810000e-001
46  3.190000e-001
47  1.680000e-001
48  9.900000e-002
49  6.000000e-002
50  4.139000e+000
51  9.610000e-001
52  1.270000e-001
53  1.200000e-001
54  7.200000e-002
55  5.200000e-002
56  3.700000e-002
57  2.400000e-002
58  2.200000e-002
59  1.893100e+001
60  1.759700e+001
61  1.826100e+001
62  1.092700e+001
63  7.345000e+000
64  1.480400e+001
65  3.344000e+001
66  1.795400e+001
67  1.172600e+001
68  4.734000e+000
69  2.368000e+000
70  1.274000e+000
71  6.460000e-001
72  3.540000e-001
73  1.717000e+000
74  3.894000e+000
75  1.625700e+001
76  1.381600e+001
77  6.537000e+000
78  4.922000e+000
79  2.276000e+000
80  1.039000e+000
81  5.280000e-001
82  2.920000e-001
83  1.540000e-001
84  9.100000e-002
85  5.500000e-002
86  3.300000e-002
87  2.600000e-002
88  3.300000e-002
89  3.100000e-002
90  2.700000e-002
91  2.300000e-002
92  2.000000e-002
93  1.700000e-002
94  1.600000e-002
95  1.700000e-002
96  1.900000e-002
97  4.832000e+000
98  1.672000e+000
99  1.916000e+001
100  3.325000e+000
101  3.877000e+000
102  2.246000e+000
103  1.084000e+000
104  5.590000e-001
105  2.440000e-001
106  1.370000e-001
107  7.500000e-002
108  4.800000e-002
109  1.492000e+000
110  1.680000e-001
111  1.290000e-001
112  1.000000e-001
113  7.100000e-002
114  4.600000e-002
115  3.000000e-002
116  2.400000e-002
117  1.800000e-002
118  1.600000e-002
119  1.600000e-002
120  2.673000e+000
121  1.660000e-001
122  1.868100e+001
123  3.510000e-001
124  5.530000e-001
125  2.280000e-001
126  1.490000e-001
127  9.700000e-002
128  6.000000e-002
129  3.700000e-002
130  2.800000e-002
131  2.100000e-002
132  1.900000e-002
133  1.700000e-002
134  3.080000e-001
135  7.200000e-002
136  5.600000e-002
137  4.000000e-002
138  2.600000e-002
139  1.900000e-002
140  1.500000e-002
141  1.100000e-002
142  1.000000e-002
143  1.000000e-002
144  1.300000e-002
   3 
1  1.307000e+000
2  2.550000e+000
3  3.015000e+000
4  1.140000e-001
5  8.200000e-002
6  5.300000e-002
7  2.900000e-002
8  2.100000e-002
9  1.400000e-002
10  1.300000e-002
11  1.800000e-002
12  2.416000e+000
13  8.900000e-002
14  2.521800e+001
15  2.134000e+000
16  4.310000e-001
17  1.047000e+000
18  2.630000e-001
19  1.620000e-001
20  1.060000e-001
21  6.500000e-002
22  4.400000e-002
23  3.756000e+000
24  1.530000e-001
25  5.305000e+000
26  2.413700e+001
27  4.024000e+000
28  2.163600e+001
29  1.365900e+001
30  1.257700e+001
31  8.512000e+000
32  3.010000e+000
33  1.506000e+000
34  8.130000e-001
35  4.740000e-001
36  3.976000e+000
37  5.557000e+000
38  1.431000e+001
39  1.902000e+000
40  1.075500e+001
41  6.847000e+000
42  4.820000e+000
43  2.571000e+000
44  1.208000e+000
45  5.800000e-001
46  3.180000e-001
47  1.680000e-001
48  9.900000e-002
49  5.900000e-002
50  4.134000e+000
51  9.600000e-001
52  1.270000e-001
53  1.200000e-001
54  7.200000e-002
55  5.200000e-002
56  3.800000e-002
57  2.400000e-002
58  2.200000e-002
59  1.891800e+001
60  1.758600e+001
61  1.825600e+001
62  1.092300e+001
63  7.341000e+000
64  1.480200e+001
65  3.342200e+001
66  1.794200e+001
67  1.176500e+001
68  4.730000e+000
69  2.365000e+000
70  1.271000e+000
71  6.440000e-001
72  3.530000e-001
73  1.714000e+000
74  3.889000e+000
75  1.625000e+001
76  1.380700e+001
77  6.527000e+000
78  4.942000e+000
79  2.277000e+000
80  1.038000e+000
81  5.270000e-001
82  2.910000e-001
83  1.540000e-001
84  9.100000e-002
85  5.500000e-002
86  3.300000e-002
87  2.600000e-002
88  3.300000e-002
89  3.100000e-002
90  2.700000e-002
91  2.300000e-002
92  2.000000e-002
93  1.700000e-002
94  1.600000e-002
95  1.700000e-002
96  1.900000e-002
97  4.828000e+000
98  1.669000e+000
99  1.914700e+001
100  3.319000e+000
101  3.876000e+000
102  2.253000e+000
103  1.085000e+000
104  5.570000e-001
105  2.440000e-001
106  1.370000e-001
107  7.500000e-002
108  4.800000e-002
109  1.490000e+000
110  1.670000e-001
111  1.290000e-001
112  1.000000e-001
113  7.100000e-002
114  4.600000e-002
115  3.000000e-002
116  2.400000e-002
117  1.800000e-002
118  1.600000e-002
119  1.600000e-002
120  2.671000e+000
121  1.660000e-001
122  1.867100e+001
123  3.500000e-001
124  5.520000e-001
125  2.280000e-001
126  1.490000e-001
127  9.700000e-002
128  6.000000e-002
129  3.700000e-002
130  2.800000e-002
131  2.100000e-002
132  1.900000e-002
133  1.700000e-002
134  3.070000e-001
135  7.200000e-002
136  5.600000e-002
137  4.000000e-002
138  2.600000e-002
139  1.900000e-002
140  1.500000e-002
141  1.100000e-002
142  1.000000e-002
143  1.000000e-002
144  1.300000e-002
   4 
1  1.181000e+000
2  2.363000e+000
3  2.831000e+000
4  1.130000e-001
5  8.100000e-002
6  5.200000e-002
7  2.900000e-002
8  2.100000e-002
9  1.400000e-002
10  1.300000e-002
11  1.800000e-002
12  2.244000e+000
13  8.000000e-002
14  2.444700e+001
15  1.945000e+000
16  4.000000e-001
17  9.770000e-001
18  2.410000e-001
19  1.550000e-001
20  1.020000e-001
21  6.300000e-002
22  4.200000e-002
23  3.388000e+000
24  1.360000e-001
25  4.983000e+000
26  2.334300e+001
27  3.984000e+000
28  2.148100e+001
29  1.404900e+001
30  1.298400e+001
31  8.813000e+000
32  3.108000e+000
33  1.557000e+000
34  8.410000e-001
35  4.670000e-001
36  3.686000e+000
37  5.219000e+000
38  1.391100e+001
39  1.900000e+000
40  1.063600e+001
41  6.989000e+000
42  5.077000e+000
43  2.723000e+000
44  1.228000e+000
45  6.110000e-001
46  3.350000e-001
47  1.770000e-001
48  1.040000e-001
49  6.200000e-002
50  3.820000e+000
51  9.050000e-001
52  1.160000e-001
53  1.090000e-001
54  6.800000e-002
55  4.900000e-002
56  3.500000e-002
57  2.300000e-002
58  2.100000e-002
59  1.808900e+001
60  1.747100e+001
61  1.821400e+001
62  1.099200e+001
63  7.564000e+000
64  1.471400e+001
65  3.317800e+001
66  1.806300e+001
67  1.205100e+001
68  4.838000e+000
69  2.421000e+000
70  1.302000e+000
71  6.600000e-001
72  3.620000e-001
73  1.596000e+000
74  3.627000e+000
75  1.580400e+001
76  1.356600e+001
77  6.686000e+000
78  5.189000e+000
79  2.365000e+000
80  1.092000e+000
81  5.550000e-001
82  3.060000e-001
83  1.620000e-001
84  9.500000e-002
85  5.700000e-002
86  3.400000e-002
87  2.700000e-002
88  3.000000e-002
89  2.900000e-002
90  2.500000e-002
91  2.200000e-002
92  1.900000e-002
93  1.700000e-002
94  1.500000e-002
95  1.700000e-002
96  1.900000e-002
97  4.575000e+000
98  1.493000e+000
99  1.833500e+001
100  3.502000e+000
101  4.154000e+000
102  2.439000e+000
103  1.190000e+000
104  5.250000e-001
105  2.630000e-001
106  1.470000e-001
107  8.000000e-002
108  5.100000e-002
109  1.356000e+000
110  2.000000e-001
111  1.380000e-001
112  1.070000e-001
113  7.500000e-002
114  4.800000e-002
115  3.100000e-002
116  2.400000e-002
117  1.800000e-002
118  1.600000e-002
119  1.600000e-002
120  2.498000e+000
121  1.350000e-001
122  1.792800e+001
123  3.240000e-001
124  5.110000e-001
125  2.200000e-001
126  1.430000e-001
127  9.400000e-002
128  5.800000e-002
129  3.600000e-002
130  2.700000e-002
131  2.100000e-002
132  1.900000e-002
133  1.700000e-002
134  2.450000e-001
135  6.900000e-002
136  5.300000e-002
137  3.800000e-002
138  2.500000e-002
139  1.900000e-002
140  1.500000e-002
141  1.100000e-002
142  1.000000e-002
143  1.000000e-002
144  1.300000e-002
   5 
1  1.250000e+000
2  2.466000e+000
3  2.933000e+000
4  1.130000e-001
5  8.200000e-002
6  5.300000e-002
7  2.900000e-002
8  2.100000e-002
9  1.400000e-002
10  1.300000e-002
11  1.800000e-002
12  2.339000e+000
13  8.500000e-002
14  2.487600e+001
15  2.050000e+000
16  4.170000e-001
17  1.015000e+000
18  2.530000e-001
19  1.590000e-001
20  1.040000e-001
21  6.400000e-002
22  4.300000e-002
23  3.591000e+000
24  1.450000e-001
25  5.161000e+000
26  2.378400e+001
27  4.006000e+000
28  2.156400e+001
29  1.383300e+001
30  1.276600e+001
31  8.649000e+000
32  3.033000e+000
33  1.513000e+000
34  8.140000e-001
35  4.630000e-001
36  3.842000e+000
37  5.410000e+000
38  1.412600e+001
39  1.896000e+000
40  1.070100e+001
41  6.910000e+000
42  4.953000e+000
43  2.633000e+000
44  1.206000e+000
45  5.880000e-001
46  3.220000e-001
47  1.690000e-001
48  9.900000e-002
49  6.000000e-002
50  3.994000e+000
51  9.350000e-001
52  1.210000e-001
53  1.140000e-001
54  7.000000e-002
55  5.100000e-002
56  3.700000e-002
57  2.400000e-002
58  2.100000e-002
59  1.855100e+001
60  1.753800e+001
61  1.824100e+001
62  1.095400e+001
63  7.441000e+000
64  1.476400e+001
65  3.331300e+001
66  1.800000e+001
67  1.194200e+001
68  4.752000e+000
69  2.369000e+000
70  1.270000e+000
71  6.410000e-001
72  3.510000e-001
73  1.658000e+000
74  3.769000e+000
75  1.605200e+001
76  1.369800e+001
77  6.597000e+000
78  5.045000e+000
79  2.306000e+000
80  1.054000e+000
81  5.330000e-001
82  2.940000e-001
83  1.550000e-001
84  9.100000e-002
85  5.500000e-002
86  3.300000e-002
87  2.600000e-002
88  3.100000e-002
89  3.000000e-002
90  2.600000e-002
91  2.200000e-002
92  2.000000e-002
93  1.700000e-002
94  1.600000e-002
95  1.700000e-002
96  1.900000e-002
97  4.716000e+000
98  1.589000e+000
99  1.878400e+001
100  3.400000e+000
101  4.002000e+000
102  2.345000e+000
103  1.127000e+000
104  5.350000e-001
105  2.490000e-001
106  1.400000e-001
107  7.600000e-002
108  4.800000e-002
109  1.429000e+000
110  2.160000e-001
111  1.390000e-001
112  1.080000e-001
113  7.600000e-002
114  4.900000e-002
115  3.200000e-002
116  2.500000e-002
117  1.900000e-002
118  1.600000e-002
119  1.600000e-002
120  2.594000e+000
121  1.520000e-001
122  1.834300e+001
123  3.380000e-001
124  5.340000e-001
125  2.240000e-001
126  1.460000e-001
127  9.500000e-002
128  5.900000e-002
129  3.700000e-002
130  2.800000e-002
131  2.100000e-002
132  1.900000e-002
133  1.700000e-002
134  2.780000e-001
135  7.100000e-002
136  5.500000e-002
137  3.900000e-002
138  2.600000e-002
139  1.900000e-002
140  1.500000e-002
141  1.100000e-002
142  1.000000e-002
143  1.000000e-002
144  1.300000e-002
   6 
1  1.185000e+000
2  2.369000e+000
3  2.837000e+000
4  1.130000e-001
5  8.100000e-002
6  5.200000e-002
7  2.900000e-002
8  2.100000e-002
9  1.400000e-002
10  1.300000e-002
11  1.800000e-002
12  2.250000e+000
13  8.100000e-002
14  2.447200e+001
15  1.951000e+000
16  4.010000e-001
17  9.790000e-001
18  2.420000e-001
19  1.560000e-001
20  1.020000e-001
21  6.300000e-002
22  4.200000e-002
23  3.399000e+000
24  1.360000e-001
25  4.993000e+000
26  2.337000e+001
27  3.985000e+000
28  2.147800e+001
29  1.402100e+001
30  1.296800e+001
31  8.843000e+000
32  3.099000e+000
33  1.551000e+000
34  8.370000e-001
35  4.660000e-001
36  3.694000e+000
37  5.231000e+000
38  1.392300e+001
39  1.898000e+000
40  1.063700e+001
41  6.980000e+000
42  5.072000e+000
43  2.717000e+000
44  1.225000e+000
45  6.090000e-001
46  3.340000e-001
47  1.760000e-001
48  1.030000e-001
49  6.200000e-002
50  3.830000e+000
51  9.070000e-001
52  1.160000e-001
53  1.090000e-001
54  6.800000e-002
55  5.000000e-002
56  3.500000e-002
57  2.300000e-002
58  2.100000e-002
59  1.811300e+001
60  1.747000e+001
61  1.821400e+001
62  1.098700e+001
63  7.554000e+000
64  1.471600e+001
65  3.317600e+001
66  1.805300e+001
67  1.206200e+001
68  4.827000e+000
69  2.413000e+000
70  1.297000e+000
71  6.570000e-001
72  3.600000e-001
73  1.599000e+000
74  3.635000e+000
75  1.581900e+001
76  1.357100e+001
77  6.675000e+000
78  5.182000e+000
79  2.372000e+000
80  1.089000e+000
81  5.520000e-001
82  3.050000e-001
83  1.610000e-001
84  9.500000e-002
85  5.700000e-002
86  3.400000e-002
87  2.700000e-002
88  3.000000e-002
89  2.900000e-002
90  2.500000e-002
91  2.200000e-002
92  2.000000e-002
93  1.700000e-002
94  1.600000e-002
95  1.700000e-002
96  1.900000e-002
97  4.583000e+000
98  1.498000e+000
99  1.836000e+001
100  3.491000e+000
101  4.143000e+000
102  2.432000e+000
103  1.186000e+000
104  5.230000e-001
105  2.610000e-001
106  1.460000e-001
107  8.000000e-002
108  5.100000e-002
109  1.360000e+000
110  2.000000e-001
111  1.380000e-001
112  1.070000e-001
113  7.500000e-002
114  4.900000e-002
115  3.100000e-002
116  2.500000e-002
117  1.800000e-002
118  1.600000e-002
119  1.600000e-002
120  2.503000e+000
121  1.360000e-001
122  1.795200e+001
123  3.250000e-001
124  5.130000e-001
125  2.200000e-001
126  1.440000e-001
127  9.400000e-002
128  5.800000e-002
129  3.700000e-002
130  2.800000e-002
131  2.100000e-002
132  1.900000e-002
133  1.700000e-002
134  2.460000e-001
135  6.900000e-002
136  5.300000e-002
137  3.900000e-002
138  2.500000e-002
139  1.900000e-002
140  1.500000e-002
141  1.100000e-002
142  1.000000e-002
143  1.000000e-002
144  1.300000e-002
   7 
1  1.131000e+000
2  2.287000e+000
3  2.756000e+000
4  1.120000e-001
5  8.100000e-002
6  5.200000e-002
7  2.900000e-002
8  2.000000e-002
9  1.500000e-002
10  1.300000e-002
11  1.800000e-002
12  2.176000e+000
13  7.700000e-002
14  2.413400e+001
15  1.869000e+000
16  3.870000e-001
17  9.480000e-001
18  2.320000e-001
19  1.530000e-001
20  1.000000e-001
21  6.200000e-002
22  4.200000e-002
23  3.241000e+000
24  1.300000e-001
25  4.852000e+000
26  2.301800e+001
27  3.970000e+000
28  2.141500e+001
29  1.420500e+001
30  1.315200e+001
31  8.952000e+000
32  3.142000e+000
33  1.573000e+000
34  8.490000e-001
35  4.650000e-001
36  3.568000e+000
37  5.088000e+000
38  1.374600e+001
39  1.905000e+000
40  1.058800e+001
41  7.050000e+000
42  5.203000e+000
43  2.784000e+000
44  1.232000e+000
45  6.230000e-001
46  3.410000e-001
47  1.790000e-001
48  1.050000e-001
49  6.300000e-002
50  3.693000e+000
51  8.820000e-001
52  1.130000e-001
53  1.060000e-001
54  6.600000e-002
55  4.900000e-002
56  3.400000e-002
57  2.300000e-002
58  2.100000e-002
59  1.774600e+001
60  1.742300e+001
61  1.819900e+001
62  1.102100e+001
63  7.657000e+000
64  1.467800e+001
65  3.307100e+001
66  1.811700e+001
67  1.217800e+001
68  4.875000e+000
69  2.438000e+000
70  1.311000e+000
71  6.640000e-001
72  3.650000e-001
73  1.548000e+000
74  3.522000e+000
75  1.602000e+001
76  1.328100e+001
77  6.696000e+000
78  5.214000e+000
79  2.379000e+000
80  1.103000e+000
81  5.590000e-001
82  3.090000e-001
83  1.630000e-001
84  9.600000e-002
85  5.700000e-002
86  3.400000e-002
87  2.700000e-002
88  2.900000e-002
89  2.800000e-002
90  2.500000e-002
91  2.200000e-002
92  1.900000e-002
93  1.700000e-002
94  1.600000e-002
95  1.800000e-002
96  1.900000e-002
97  4.472000e+000
98  1.424000e+000
99  1.800400e+001
100  3.575000e+000
101  4.267000e+000
102  2.529000e+000
103  1.216000e+000
104  5.260000e-001
105  2.700000e-001
106  1.510000e-001
107  8.200000e-002
108  5.200000e-002
109  1.303000e+000
110  1.880000e-001
111  1.370000e-001
112  1.060000e-001
113  7.400000e-002
114  4.800000e-002
115  3.100000e-002
116  2.400000e-002
117  1.800000e-002
118  1.600000e-002
119  1.600000e-002
120  2.428000e+000
121  1.240000e-001
122  1.762200e+001
123  3.150000e-001
124  4.960000e-001
125  2.170000e-001
126  1.410000e-001
127  9.200000e-002
128  5.800000e-002
129  3.600000e-002
130  2.700000e-002
131  2.100000e-002
132  1.900000e-002
133  1.700000e-002
134  2.210000e-001
135  6.700000e-002
136  5.200000e-002
137  3.800000e-002
138  2.500000e-002
139  1.900000e-002
140  1.500000e-002
141  1.100000e-002
142  1.000000e-002
143  1.000000e-002
144  1.300000e-002
   8 
1  1.108000e+000
2  2.251000e+000
3  2.721000e+000
4  1.120000e-001
5  8.100000e-002
6  5.100000e-002
7  2.900000e-002
8  2.000000e-002
9  1.400000e-002
10  1.300000e-002
11  1.800000e-002
12  2.142000e+000
13  7.600000e-002
14  2.398500e+001
15  1.833000e+000
16  3.810000e-001
17  9.350000e-001
18  2.280000e-001
19  1.520000e-001
20  9.900000e-002
21  6.100000e-002
22  4.100000e-002
23  3.173000e+000
24  1.270000e-001
25  4.790000e+000
26  2.286100e+001
27  3.964000e+000
28  2.139600e+001
29  1.429400e+001
30  1.323500e+001
31  8.995000e+000
32  3.157000e+000
33  1.580000e+000
34  8.530000e-001
35  4.640000e-001
36  3.512000e+000
37  5.026000e+000
38  1.366900e+001
39  1.908000e+000
40  1.056900e+001
41  7.083000e+000
42  5.250000e+000
43  2.801000e+000
44  1.242000e+000
45  6.270000e-001
46  3.440000e-001
47  1.810000e-001
48  1.060000e-001
49  6.300000e-002
50  3.633000e+000
51  8.710000e-001
52  1.110000e-001
53  1.040000e-001
54  6.500000e-002
55  4.800000e-002
56  3.300000e-002
57  2.300000e-002
58  2.100000e-002
59  1.759000e+001
60  1.740600e+001
61  1.819300e+001
62  1.103700e+001
63  7.703000e+000
64  1.466100e+001
65  3.303600e+001
66  1.814700e+001
67  1.221800e+001
68  4.892000e+000
69  2.446000e+000
70  1.315000e+000
71  6.660000e-001
72  3.650000e-001
73  1.524000e+000
74  3.472000e+000
75  1.592200e+001
76  1.324300e+001
77  6.734000e+000
78  5.268000e+000
79  2.394000e+000
80  1.112000e+000
81  5.640000e-001
82  3.110000e-001
83  1.640000e-001
84  9.600000e-002
85  5.800000e-002
86  3.400000e-002
87  2.700000e-002
88  2.900000e-002
89  2.800000e-002
90  2.500000e-002
91  2.200000e-002
92  1.900000e-002
93  1.700000e-002
94  1.500000e-002
95  1.700000e-002
96  1.900000e-002
97  4.423000e+000
98  1.391000e+000
99  1.784900e+001
100  3.615000e+000
101  4.324000e+000
102  2.563000e+000
103  1.221000e+000
104  5.320000e-001
105  2.730000e-001
106  1.530000e-001
107  8.300000e-002
108  5.200000e-002
109  1.278000e+000
110  1.830000e-001
111  1.360000e-001
112  1.050000e-001
113  7.400000e-002
114  4.800000e-002
115  3.100000e-002
116  2.400000e-002
117  1.800000e-002
118  1.600000e-002
119  1.600000e-002
120  2.395000e+000
121  1.190000e-001
122  1.747700e+001
123  3.110000e-001
124  4.880000e-001
125  2.150000e-001
126  1.400000e-001
127  9.100000e-002
128  5.700000e-002
129  3.600000e-002
130  2.700000e-002
131  2.100000e-002
132  1.900000e-002
133  1.700000e-002
134  2.110000e-001
135  6.700000e-002
136  5.200000e-002
137  3.700000e-002
138  2.500000e-002
139  1.900000e-002
140  1.500000e-002
141  1.100000e-002
142  1.000000e-002
143  1.000000e-002
144  1.300000e-002
   9 
1  1.089000e+000
2  2.223000e+000
3  2.692000e+000
4  1.120000e-001
5  8.100000e-002
6  5.100000e-002
7  2.900000e-002
8  2.000000e-002
9  1.400000e-002
10  1.300000e-002
11  1.800000e-002
12  2.116000e+000
13  7.500000e-002
14  2.386600e+001
15  1.804000e+000
16  3.760000e-001
17  9.240000e-001
18  2.250000e-001
19  1.510000e-001
20  9.900000e-002
21  6.100000e-002
22  4.100000e-002
23  3.118000e+000
24  1.240000e-001
25  4.740000e+000
26  2.274000e+001
27  3.957000e+000
28  2.136500e+001
29  1.432900e+001
30  1.328500e+001
31  9.063000e+000
32  3.176000e+000
33  1.591000e+000
34  8.590000e-001
35  4.650000e-001
36  3.469000e+000
37  4.977000e+000
38  1.360600e+001
39  1.909000e+000
40  1.054800e+001
41  7.100000e+000
42  5.282000e+000
43  2.820000e+000
44  1.253000e+000
45  6.330000e-001
46  3.470000e-001
47  1.820000e-001
48  1.070000e-001
49  6.400000e-002
50  3.586000e+000
51  8.630000e-001
52  1.100000e-001
53  1.030000e-001
54  6.400000e-002
55  4.700000e-002
56  3.200000e-002
57  2.300000e-002
58  2.100000e-002
59  1.746000e+001
60  1.737900e+001
61  1.818100e+001
62  1.104400e+001
63  7.731000e+000
64  1.464700e+001
65  3.298500e+001
66  1.815500e+001
67  1.225300e+001
68  4.913000e+000
69  2.459000e+000
70  1.322000e+000
71  6.710000e-001
72  3.680000e-001
73  1.508000e+000
74  3.433000e+000
75  1.584400e+001
76  1.320700e+001
77  6.750000e+000
78  5.318000e+000
79  2.414000e+000
80  1.122000e+000
81  5.700000e-001
82  3.140000e-001
83  1.660000e-001
84  9.700000e-002
85  5.800000e-002
86  3.400000e-002
87  2.700000e-002
88  2.900000e-002
89  2.800000e-002
90  2.500000e-002
91  2.200000e-002
92  1.900000e-002
93  1.700000e-002
94  1.500000e-002
95  1.700000e-002
96  1.900000e-002
97  4.384000e+000
98  1.365000e+000
99  1.772300e+001
100  3.636000e+000
101  4.362000e+000
102  2.593000e+000
103  1.229000e+000
104  5.390000e-001
105  2.760000e-001
106  1.550000e-001
107  8.400000e-002
108  5.300000e-002
109  1.258000e+000
110  1.790000e-001
111  1.350000e-001
112  1.050000e-001
113  7.400000e-002
114  4.800000e-002
115  3.100000e-002
116  2.400000e-002
117  1.800000e-002
118  1.600000e-002
119  1.600000e-002
120  2.368000e+000
121  1.150000e-001
122  1.736200e+001
123  3.060000e-001
124  4.820000e-001
125  2.130000e-001
126  1.390000e-001
127  9.100000e-002
128  5.700000e-002
129  3.600000e-002
130  2.700000e-002
131  2.100000e-002
132  1.900000e-002
133  1.700000e-002
134  2.030000e-001
135  6.600000e-002
136  5.100000e-002
137  3.700000e-002
138  2.500000e-002
139  1.800000e-002
140  1.500000e-002
141  1.100000e-002
142  1.000000e-002
143  1.000000e-002
144  1.300000e-002
   10 
1  1.122000e+000
2  2.273000e+000
3  2.742000e+000
4  1.120000e-001
5  8.100000e-002
6  5.200000e-002
7  2.900000e-002
8  2.000000e-002
9  1.400000e-002
10  1.300000e-002
11  1.800000e-002
12  2.162000e+000
13  7.600000e-002
14  2.407500e+001
15  1.854000e+000
16  3.840000e-001
17  9.430000e-001
18  2.310000e-001
19  1.520000e-001
20  1.000000e-001
21  6.200000e-002
22  4.200000e-002
23  3.214000e+000
24  1.280000e-001
25  4.827000e+000
26  2.295700e+001
27  3.966000e+000
28  2.139200e+001
29  1.418300e+001
30  1.315300e+001
31  8.976000e+000
32  3.164000e+000
33  1.588000e+000
34  8.590000e-001
35  4.700000e-001
36  3.550000e+000
37  5.065000e+000
38  1.371700e+001
39  1.903000e+000
40  1.057400e+001
41  7.042000e+000
42  5.214000e+000
43  2.798000e+000
44  1.242000e+000
45  6.290000e-001
46  3.450000e-001
47  1.820000e-001
48  1.070000e-001
49  6.400000e-002
50  3.670000e+000
51  8.780000e-001
52  1.120000e-001
53  1.050000e-001
54  6.500000e-002
55  4.800000e-002
56  3.300000e-002
57  2.300000e-002
58  2.100000e-002
59  1.768700e+001
60  1.739800e+001
61  1.818400e+001
62  1.101700e+001
63  7.658000e+000
64  1.466800e+001
65  3.303300e+001
66  1.809500e+001
67  1.219800e+001
68  4.901000e+000
69  2.457000e+000
70  1.324000e+000
71  6.720000e-001
72  3.700000e-001
73  1.541000e+000
74  3.504000e+000
75  1.598300e+001
76  1.326000e+001
77  6.686000e+000
78  5.232000e+000
79  2.394000e+000
80  1.112000e+000
81  5.650000e-001
82  3.120000e-001
83  1.650000e-001
84  9.700000e-002
85  5.800000e-002
86  3.400000e-002
87  2.700000e-002
88  2.900000e-002
89  2.800000e-002
90  2.500000e-002
91  2.200000e-002
92  1.900000e-002
93  1.600000e-002
94  1.500000e-002
95  1.700000e-002
96  1.900000e-002
97  4.453000e+000
98  1.410000e+000
99  1.794000e+001
100  3.574000e+000
101  4.278000e+000
102  2.551000e+000
103  1.225000e+000
104  5.320000e-001
105  2.730000e-001
106  1.530000e-001
107  8.300000e-002
108  5.300000e-002
109  1.293000e+000
110  1.860000e-001
111  1.360000e-001
112  1.050000e-001
113  7.400000e-002
114  4.800000e-002
115  3.100000e-002
116  2.400000e-002
117  1.800000e-002
118  1.600000e-002
119  1.600000e-002
120  2.414000e+000
121  1.220000e-001
122  1.756500e+001
123  3.120000e-001
124  4.920000e-001
125  2.160000e-001
126  1.410000e-001
127  9.200000e-002
128  5.800000e-002
129  3.600000e-002
130  2.700000e-002
131  2.100000e-002
132  1.900000e-002
133  1.700000e-002
134  2.170000e-001
135  6.700000e-002
136  5.200000e-002
137  3.800000e-002
138  2.500000e-002
139  1.900000e-002
140  1.500000e-002
141  1.100000e-002
142  1.000000e-002
143  1.000000e-002
144  1.300000e-002
