19790101
2.30
1.34
1.30
0.58
0.98
0.53
0.83
0.25
0.18
0.86
2.12
4.20
1.02
3.48
3.49
0.44
1.48
4.67
0.70
0.99
0.90
0.85
0.65
1.30
1.32
0.87
1.06
1.32
3.34
2.33
4.94
2.08
1.02
0.75
0.80
1.44
1.15
0.13
1.61
0.52
0.33
1.52
1.17
0.24
0.56
2.07
0.96
0.68
0.90
0.42
1.15
3.14
1.89
1.91
3.45
4.52
1.27
1.09
0.82
1.62
1.26
1.51
1.39
0.27
0.48
0.31
0.10
0.91
1.50
2.24
0.22
1.77
1.60
0.59
0.87
1.11
0.68
0.54
0.55
1.37
0.61
1.69
1.13
0.38
0.21
0.37
0.19
2.33
1.50
3.30
1.80
2.25
2.54
2.15
1.40
0.06
1.19
1.40
1.91
0.63
1.06
1.13
2.80
0.82
0.33
0.93
0.94
1.31
1.76
1.87
0.89
0.99
2.28
1.32
1.48
1.94
2.50
1.56
1.56
1.57
1.76
1.58
0.23
0.05
0.99
1.13
1.91
2.35
1.32
1.05
0.97
2.31
0.65
1.47
1.87
1.59
1.14
0.57
1.28
1.29
1.15
1.60
1.00
0.64
0.41
1.09
1.46
0.72
0.46
0.54
0.63
1.30
1.48
1.09
1.65
1.35
0.83
0.66
0.69
0.97
0.41
2.17
0.75
0.88
0.82
0.53
1.26
0.72
0.33
0.94
1.39
0.87
0.65
1.60
2.09
2.88
2.83
1.99
1.21
0.49
1.18
2.24
1.12
1.12
0.46
1.32
1.63
1.57
1.59
1.89
2.38
1.92
2.55
2.50
2.11
1.70
2.24
1.48
1.67
1.73
0.94
0.58
0.83
1.93
1.16
1.45
0.21
1.31
1.74
2.13
1.20
1.79
4.54
2.13
2.05
1.30
1.15
1.48
1.10
1.03
1.19
0.99
0.55
0.57
0.68
1.68
1.54
0.96
2.21
0.49
1.04
0.78
0.29
0.40
0.68
0.65
0.66
0.70
1.29
1.68
1.00
0.48
0.92
0.92
1.71
1.76
1.13
1.17
0.68
1.84
1.28
0.96
0.91
0.60
0.58
0.52
0.28
0.86
1.08
1.49
0.61
1.36
0.61
1.07
1.81
1.46
0.67
0.78
1.30
1.82
0.59
0.46
0.91
0.98
1.22
1.45
1.49
1.17
1.42
1.14
0.98
0.97
1.13
1.01
1.20
0.69
0.58
1.01
1.11
2.88
2.64
1.12
0.58
1.56
0.92
0.99
0.48
0.82
0.66
0.78
1.16
0.49
1.43
1.16
0.82
0.22
0.22
0.56
1.89
0.86
1.55
1.14
0.56
1.42
2.56
4.34
2.58
0.71
0.83
0.96
4.66
3.72
0.88
0.77
1.20
2.84
1.92
0.68
2.25
1.07
0.81
1.59
0.97
1.13
1.31
0.83
0.88
1.14
0.54
0.47
0.85
0.54
0.79
1.34
1.93
1.82
0.96
0.90
0.60
0.67
0.65
0.91
0.42
2.68
0.51
1.60
2.75
1.72
1.00
1.05
0.79
0.91
0.36
0.59
0.38
0.93
0.72
2.15
3.69
1.31
2.83
1.76
0.94
1.07
1.07
0.97
2.25
2.08
1.70
1.12
0.54
1.49
0.65
0.64
1.53
1.54
0.65
0.44
0.37
1.16
0.59
1.78
0.54
4.58
4.31
1.43
1.71
1.39
0.09
3.68
2.63
1.50
2.91
2.29
1.68
1.02
1.04
2.88
1.84
2.63
1.87
0.92
1.05
0.59
0.73
2.24
1.66
1.09
0.35
1.14
0.78
1.31
1.44
1.58
1.84
1.48
1.65
1.89
1.14
1.14
1.35
1.02
1.02
1.60
0.40
1.15
1.21
1.42
2.45
0.73
0.10
1.06
1.49
0.33
0.37
3.35
2.37
1.91
3.25
1.82
1.10
0.81
0.09
0.82
2.48
2.16
2.04
2.04
0.31
2.01
2.53
1.18
0.84
0.78
0.81
0.66
1.55
0.15
3.04
2.30
0.80
1.12
1.29
2.77
0.80
1.01
0.91
0.70
1.30
1.38
0.93
0.69
0.87
1.28
1.34
1.35
1.69
1.11
1.00
0.29
0.05
0.95
0.76
1.61
1.84
0.88
0.82
0.76
1.65
2.22
0.67
2.42
1.36
1.54
0.34
1.73
2.10
0.99
1.53
1.24
1.72
2.65
1.01
0.80
0.67
0.94
1.25
1.88
0.57
0.90
0.56
0.45
1.20
1.82
0.83
0.94
0.89
1.09
0.65
1.91
0.35
1.65
2.34
1.61
0.90
0.79
1.02
1.27
0.89
1.73
1.33
1.55
1.79
1.41
1.20
1.36
1.10
1.21
0.88
1.18
1.29
1.21
1.10
0.67
1.05
1.46
1.61
2.71
3.33
0.93
1.20
1.27
1.17
1.04
0.95
1.68
0.86
1.41
2.01
0.75
2.19
1.38
1.53
3.03
3.14
2.30
2.15
1.60
1.35
1.38
1.04
1.00
1.06
1.36
1.02
0.68
1.28
0.64
1.03
1.55
0.94
1.16
1.12
1.17
1.15
1.35
0.63
0.85
0.63
0.40
0.97
1.76
0.75
1.08
1.09
2.13
1.41
0.72
1.09
0.36
0.96
0.80
0.23
1.18
1.18
1.08
1.08
1.55
1.01
0.45
0.37
1.47
0.29
0.88
1.15
2.28
4.00
1.37
0.09
1.18
1.37
1.44
1.84
1.14
0.93
0.92
0.66
0.82
1.13
1.15
1.14
1.02
0.63
0.81
0.63
0.69
1.09
1.09
0.65
1.16
2.58
2.21
1.11
1.08
1.06
1.28
0.94
1.21
1.12
2.04
0.43
0.35
0.47
2.32
0.99
1.08
0.93
1.00
1.14
1.27
1.07
1.24
0.84
0.67
0.55
0.50
0.39
0.66
0.69
0.92
0.32
1.15
1.64
0.77
0.91
0.81
0.88
1.17
0.79
0.44
1.44
0.78
0.38
0.48
0.54
0.50
0.33
1.01
0.27
1.03
1.01
1.62
0.43
0.58
0.48
1.56
0.72
1.37
1.26
0.43
1.29
2.46
0.44
0.70
1.76
1.65
0.97
2.14
1.83
2.06
0.95
0.67
0.76
0.80
0.22
0.71
2.51
0.78
0.44
0.50
0.55
2.02
1.65
1.28
0.59
0.64
1.67
2.04
0.79
3.50
2.20
0.84
0.49
0.57
0.30
0.65
1.81
0.32
0.24
0.56
0.86
1.17
1.37
0.68
1.26
1.51
2.17
2.15
0.86
1.28
0.92
1.72
1.69
2.31
2.43
1.35
0.43
1.77
0.68
0.96
0.81
0.44
0.94
1.41
0.70
0.75
2.66
2.65
0.75
0.84
0.80
1.91
0.53
1.64
1.96
2.79
3.43
2.05
1.46
0.06
1.24
0.12
1.54
1.49
1.69
1.47
1.66
0.47
2.30
0.88
0.21
0.63
0.41
1.91
0.98
1.39
0.06
1.53
0.70
0.83
0.60
1.12
1.43
2.38
1.50
0.78
1.48
0.13
0.51
0.52
0.74
0.90
1.54
2.83
3.09
1.82
1.15
0.96
0.57
1.00
1.82
0.72
1.36
1.42
0.43
1.17
1.23
2.51
1.93
1.77
1.67
0.23
1.13
0.05
0.51
1.21
0.38
0.58
1.66
0.71
1.75
1.98
2.54
2.88
1.43
1.19
1.29
1.04
0.83
0.97
1.75
0.70
2.17
0.83
0.43
1.26
0.81
1.20
0.62
1.59
1.95
0.61
1.01
1.31
1.17
0.65
1.00
2.65
0.18
1.40
0.88
0.73
0.96
1.01
0.64
0.13
1.10
1.49
1.44
1.79
1.17
1.40
2.15
1.97
0.65
0.88
0.61
1.05
0.59
1.37
1.28
0.70
1.43
1.81
1.77
2.68
1.85
2.11
2.00
2.42
1.73
2.88
2.01
1.50
1.89
2.33
0.66
1.24
1.45
0.79
0.62
1.22
0.95
1.37
1.85
0.94
1.12
1.60
2.15
1.89
1.00
1.72
1.11
0.89
2.34
0.70
2.31
0.90
1.63
1.58
0.74
1.47
0.52
0.96
0.49
0.83
0.72
0.67
0.99
0.93
1.04
1.64
1.19
1.28
1.44
1.00
1.53
0.20
0.73
0.95
1.09
0.64
1.17
0.59
1.13
1.14
1.48
0.80
1.24
1.63
0.85
1.25
0.75
1.19
0.63
0.12
0.88
1.26
1.89
1.10
0.49
1.03
1.30
0.75
1.26
1.43
0.75
1.20
1.70
1.25
0.05
0.49
0.72
2.69
3.22
2.33
0.16
1.23
1.07
0.42
1.08
2.04
0.86
0.63
0.86
1.41
0.54
0.72
1.21
1.32
1.29
3.65
2.23
1.28
0.78
0.78
2.39
1.32
0.89
0.75
0.95
0.93
0.23
1.51
1.24
4.37
1.87
0.97
1.00
0.67
0.73
1.53
0.63
0.18
0.87
1.64
0.66
1.31
0.56
1.61
2.17
4.66
4.04
2.09
0.80
0.97
0.64
0.47
0.85
0.39
0.57
1.14
0.52
0.59
0.18
0.96
0.74
0.42
0.70
1.70
2.62
2.60
1.88
1.31
1.69
2.87
2.35
0.57
0.54
1.60
1.03
1.24
0.76
0.74
0.50
0.48
0.80
2.30
1.69
1.45
0.65
1.36
3.52
2.60
0.71
0.43
1.53
0.40
1.09
0.13
0.29
0.35
0.39
2.06
1.99
2.18
0.68
0.61
0.88
2.42
1.07
1.07
1.15
0.49
0.42
0.59
0.30
0.33
1.24
1.63
1.35
1.15
0.78
1.67
1.31
0.76
0.59
0.70
2.57
0.67
2.98
1.97
1.50
2.39
2.07
1.42
1.04
0.65
0.75
0.40
1.63
2.60
2.11
1.74
1.86
1.61
1.65
1.18
2.15
1.44
2.47
0.93
0.37
1.03
0.08
0.80
2.15
2.14
0.67
2.03
1.75
1.58
0.36
0.35
0.59
0.76
0.76
0.39
2.32
0.93
2.06
2.00
0.95
0.49
0.18
0.07
0.45
1.02
1.26
0.49
1.02
0.76
3.05
1.40
1.65
0.74
1.45
1.04
3.37
3.02
1.78
1.45
1.71
0.47
0.69
0.93
0.78
1.85
3.77
2.80
1.33
0.76
0.97
1.64
0.94
1.38
1.03
0.86
1.99
1.07
1.18
0.81
0.98
1.52
0.61
1.56
0.52
0.72
1.21
1.54
0.89
0.57
0.48
1.44
0.20
0.31
0.71
0.74
0.73
1.04
1.06
0.70
0.40
0.65
1.15
1.49
0.74
1.55
2.42
0.82
0.39
0.48
0.95
0.89
1.14
0.55
0.85
0.73
1.19
0.43
0.99
0.75
0.64
0.48
0.05
1.49
1.43
1.24
2.13
0.85
0.80
1.37
0.31
0.05
0.37
0.71
0.17
0.06
1.39
1.07
0.60
0.60
0.86
1.42
1.34
1.51
2.45
2.03
1.46
1.07
1.19
1.63
1.41
2.53
1.79
1.17
1.08
1.96
0.55
0.56
0.65
0.71
0.56
0.68
1.20
1.13
0.71
1.02
1.09
0.76
0.89
1.02
1.56
2.13
1.54
1.51
1.35
1.84
1.38
1.49
1.58
0.57
1.65
0.64
2.96
2.24
0.99
2.06
0.88
1.20
0.84
0.35
1.52
1.33
0.84
1.01
1.09
1.12
1.37
0.44
1.72
0.71
2.01
2.36
1.55
1.88
0.54
1.26
0.58
0.97
1.17
1.23
1.44
0.69
1.19
0.34
0.95
0.98
0.73
0.85
1.11
1.34
1.10
0.74
1.05
0.91
1.25
0.78
0.95
1.17
1.29
0.56
0.51
0.71
0.62
0.80
1.18
0.61
1.37
1.32
1.47
0.35
0.99
1.07
0.87
1.49
1.29
0.74
0.65
1.01
0.63
0.92
0.73
0.67
1.29
1.20
0.81
0.76
0.36
0.61
0.53
0.41
0.50
1.26
1.03
0.76
0.68
1.08
0.78
0.39
0.80
0.69
0.98
1.02
0.13
0.27
0.26
0.54
1.15
0.86
1.14
1.13
0.44
0.26
0.55
0.35
0.78
0.74
3.10
1.46
0.22
0.32
0.52
0.51
0.97
1.62
0.72
0.22
1.95
0.79
0.94
0.86
0.93
1.05
1.23
0.54
0.42
1.95
2.75
0.37
0.55
0.63
0.91
0.39
2.63
2.85
1.51
0.42
0.72
0.72
4.72
1.64
1.17
0.99
0.48
2.07
1.52
0.98
0.59
0.55
0.52
0.91
0.49
0.41
4.52
1.57
0.35
0.31
0.26
0.77
0.23
1.12
1.47
0.79
0.51
0.85
0.06
1.58
2.44
2.04
1.99
1.21
2.28
1.03
0.24
0.23
0.22
1.42
2.80
2.90
1.57
3.50
1.69
1.90
0.96
0.91
0.67
0.37
0.44
0.22
0.83
1.62
2.51
4.53
1.39
0.83
0.42
0.76
0.94
0.89
1.34
2.33
1.31
1.01
1.18
0.67
1.10
0.74
1.18
0.95
1.38
3.52
2.20
0.39
0.53
1.48
1.19
0.48
0.72
0.22
1.28
0.65
2.95
3.21
0.66
1.00
0.77
0.21
1.16
0.52
1.23
1.05
2.17
0.97
0.82
1.21
1.80
1.59
0.78
1.31
0.35
1.24
2.95
1.80
1.70
1.21
0.78
1.14
1.36
1.27
0.72
0.70
1.73
0.87
1.03
1.93
0.78
1.64
1.54
2.01
1.58
1.84
2.72
1.98
0.73
3.13
1.80
0.13
0.09
0.36
0.79
1.43
0.96
0.44
1.03
2.53
1.82
3.31
2.19
2.45
0.76
0.99
1.12
1.88
0.82
1.24
1.44
1.05
1.75
0.93
0.70
1.23
1.16
0.68
4.04
2.89
1.58
1.28
0.77
0.42
0.42
1.55
1.67
1.13
0.62
1.07
1.29
1.51
1.13
2.26
2.09
0.83
1.21
1.82
1.41
2.22
1.00
1.38
1.18
1.44
1.42
1.34
1.89
2.44
0.82
2.02
2.46
0.84
0.47
1.64
1.04
1.76
0.92
1.24
1.80
1.01
1.38
1.33
1.20
2.01
2.44
3.56
3.66
1.84
1.49
2.94
2.82
1.16
1.88
0.96
0.87
0.99
1.24
0.95
0.79
1.58
2.09
1.39
1.63
1.22
0.78
2.24
2.72
2.64
2.12
1.41
4.71
3.83
1.98
1.76
2.06
1.38
1.03
1.90
1.46
1.49
1.33
1.62
2.26
1.90
1.05
0.81
1.38
1.26
0.68
1.47
0.97
1.56
1.16
1.38
1.12
0.75
1.20
0.85
0.32
0.47
1.00
0.57
0.63
0.59
0.62
0.99
1.11
1.07
1.05
0.98
0.54
0.43
0.65
0.61
0.89
1.38
0.99
1.18
1.78
0.84
0.75
1.12
0.47
1.25
0.68
0.42
1.02
0.60
1.00
0.75
0.79
0.87
1.46
0.87
1.54
1.23
1.00
1.36
1.50
0.53
1.16
0.65
0.57
1.21
2.81
1.61
0.79
0.96
1.27
1.75
0.74
0.63
1.19
0.51
1.26
0.88
0.45
1.49
1.10
1.24
1.73
2.05
2.02
1.64
1.90
1.65
1.65
1.64
1.22
1.40
0.79
0.43
0.50
1.07
0.55
0.76
1.19
1.24
1.71
0.33
1.33
1.00
0.51
0.46
0.99
0.75
0.91
0.25
0.92
0.60
1.82
1.44
1.08
1.87
1.46
0.48
0.68
0.99
1.13
0.94
0.25
0.72
0.58
0.21
0.42
1.41
0.90
0.35
0.25
0.82
0.12
0.37
0.13
0.84
0.87
2.19
1.37
0.77
0.44
1.24
2.60
1.87
2.03
1.10
1.09
1.20
2.16
2.75
2.92
0.75
0.43
0.52
2.26
1.44
0.72
0.48
1.44
0.81
0.34
0.80
0.63
0.89
0.42
0.61
1.74
1.60
0.54
2.95
2.07
1.56
3.33
1.63
0.77
1.18
1.45
1.09
1.82
2.26
2.20
3.00
1.59
0.46
0.35
1.56
0.36
2.69
2.23
1.23
0.81
0.92
0.78
0.48
1.24
1.66
1.81
0.73
0.20
3.39
1.42
0.35
0.06
1.06
1.95
1.63
1.10
4.26
1.91
2.02
1.80
2.13
0.58
0.91
1.04
0.70
1.44
0.86
1.70
1.16
0.27
0.98
0.22
0.09
1.01
2.01
2.38
2.29
2.08
2.52
3.19
1.24
0.95
0.90
0.08
0.21
0.55
0.81
1.72
1.22
0.51
0.53
1.45
1.37
1.95
0.73
0.78
1.36
0.92
0.17
0.54
0.48
1.30
1.28
1.11
0.28
0.32
0.26
1.37
0.47
1.73
1.99
0.93
2.33
1.73
0.73
0.20
0.05
0.20
0.66
1.57
0.41
0.14
0.44
1.41
1.10
2.68
2.63
1.10
1.07
1.00
1.36
1.23
1.87
1.25
1.88
0.47
0.98
0.70
0.20
0.36
0.72
0.72
1.04
1.28
0.68
0.99
0.45
1.20
0.46
0.90
0.78
0.88
1.47
1.78
0.52
0.45
1.05
1.03
0.86
1.36
1.10
1.75
1.03
0.98
0.72
1.86
2.66
0.68
0.56
0.22
1.33
0.66
0.55
0.55
0.67
1.41
1.48
1.06
1.45
1.59
2.64
1.12
1.86
1.13
0.95
0.39
0.89
0.17
0.71
1.27
2.15
1.66
1.09
0.92
1.39
1.30
1.69
1.03
1.46
1.34
1.43
1.18
0.56
0.84
1.89
1.67
1.24
0.86
1.64
1.40
1.02
1.93
2.40
0.83
1.50
0.73
1.06
1.69
0.72
1.25
1.75
0.69
0.59
1.47
1.31
0.65
2.01
1.50
0.78
1.72
1.88
1.55
1.84
1.07
1.63
2.12
0.63
0.87
0.95
0.37
1.38
1.45
2.26
1.63
0.99
1.18
0.50
0.51
0.25
1.31
0.72
1.04
0.88
1.40
0.88
2.09
2.66
1.15
0.66
0.59
0.52
0.34
0.68
0.34
0.14
0.62
0.95
1.05
1.20
0.82
1.15
1.20
0.87
1.13
1.02
1.35
1.06
2.07
2.84
1.80
0.94
0.50
0.68
0.57
0.58
0.42
1.36
0.53
0.47
0.74
1.20
0.48
1.05
1.05
1.14
0.81
0.95
0.71
1.15
1.50
1.85
1.87
1.41
0.98
1.26
0.52
0.48
0.75
1.43
0.18
0.57
0.69
0.57
0.48
0.65
0.70
1.02
1.33
0.33
1.14
1.00
0.27
0.44
0.91
2.12
2.25
0.67
1.11
0.75
0.89
0.92
0.99
1.76
0.78
0.90
0.46
1.07
0.53
0.46
0.59
1.30
0.68
0.70
0.58
0.26
0.54
0.96
1.42
1.22
0.88
1.77
0.78
2.01
1.54
0.90
0.43
3.26
3.00
1.45
1.16
0.18
1.16
1.04
1.60
0.43
0.05
0.06
0.44
0.80
2.30
1.41
1.96
0.40
2.09
0.69
1.92
0.74
0.35
1.37
1.44
0.59
0.06
0.23
1.03
0.79
0.37
0.38
0.29
0.18
0.55
2.72
1.29
0.84
1.83
3.08
2.36
0.49
0.52
0.89
0.72
0.14
1.04
0.20
0.05
0.45
1.24
1.31
0.92
0.70
1.09
0.56
0.93
0.41
0.77
0.93
1.75
1.23
1.31
1.28
2.19
1.99
0.64
0.41
0.42
0.57
0.26
0.27
1.45
1.13
2.87
1.51
0.39
0.16
2.59
2.06
2.82
2.16
1.49
1.70
1.95
1.26
1.38
0.45
1.08
0.44
1.82
1.33
0.30
0.93
0.96
0.49
1.64
1.24
1.66
1.61
2.56
2.05
0.65
0.59
0.38
1.36
0.35
0.50
1.15
1.09
1.77
1.31
2.41
0.51
0.48
0.21
0.70
1.41
0.83
1.60
0.45
0.66
0.90
1.38
1.69
2.09
1.39
3.08
1.02
1.24
1.38
0.16
0.09
0.22
1.41
1.40
2.16
0.83
1.37
0.81
0.73
1.19
1.85
2.20
0.98
1.31
1.14
0.21
0.53
0.71
1.11
0.81
0.61
0.73
0.80
0.31
0.76
2.05
0.70
0.79
0.54
0.50
0.72
0.57
0.37
0.64
1.69
1.81
1.12
0.87
0.94
0.95
1.14
0.43
1.26
2.09
1.07
1.82
1.35
1.93
1.51
1.92
1.25
1.24
3.16
1.96
1.92
0.35
0.91
0.46
0.68
0.58
0.94
1.07
1.70
1.36
1.29
1.33
1.15
1.31
1.15
1.06
0.86
0.79
1.20
1.31
1.11
1.07
1.55
1.84
1.75
1.35
0.95
0.55
0.82
1.76
0.98
2.09
1.31
1.33
0.85
0.78
0.51
1.41
0.86
1.38
0.90
0.67
1.19
0.88
1.35
0.93
0.65
0.89
0.59
1.10
1.34
1.52
0.81
0.39
2.44
0.87
0.96
1.19
1.52
0.83
1.22
1.16
0.44
1.58
0.90
0.73
0.83
1.17
1.21
0.60
0.71
0.95
1.73
0.84
0.38
0.88
0.51
0.70
1.17
0.99
0.33
0.57
0.63
0.67
0.94
0.87
0.52
1.03
0.72
0.80
0.53
0.69
1.10
1.99
1.16
1.60
1.16
0.93
0.74
1.29
1.13
1.90
0.69
0.89
0.90
0.48
0.73
0.51
0.83
0.77
0.73
0.49
0.99
0.83
1.05
1.94
2.23
2.24
2.45
1.92
1.22
0.68
0.81
0.65
0.78
0.92
0.69
2.12
0.96
2.01
1.40
0.80
1.24
0.49
0.68
0.90
0.78
1.39
2.11
1.19
0.56
0.95
0.92
1.02
0.50
0.71
0.65
0.94
0.75
0.15
0.27
0.37
3.38
2.45
0.99
0.79
0.48
1.74
1.97
1.39
1.01
0.93
0.43
0.46
0.17
1.04
0.88
1.63
2.74
2.32
2.58
1.37
0.10
1.36
0.67
1.33
0.26
0.27
1.00
0.84
0.79
1.01
0.81
0.71
0.43
0.50
0.48
0.49
0.08
2.25
2.43
1.25
0.34
1.51
2.11
1.65
0.66
0.24
0.25
0.31
0.58
0.55
0.16
0.80
0.42
1.09
0.68
1.01
2.12
0.76
0.90
1.29
1.63
0.77
0.49
1.26
1.48
0.60
0.23
0.79
0.31
2.24
1.10
1.27
1.42
1.38
1.71
2.07
1.46
1.04
0.31
0.65
0.73
1.00
0.75
0.16
1.53
0.90
0.57
0.85
0.83
2.08
0.76
0.90
0.25
0.83
0.77
1.63
3.27
2.45
1.80
1.21
0.49
0.51
0.60
0.52
0.74
0.72
0.77
1.52
0.94
0.81
0.32
0.62
0.48
1.01
1.58
1.38
0.43
1.10
1.80
2.36
0.69
0.90
0.13
0.08
0.79
0.16
1.11
1.39
0.86
0.05
0.13
1.29
0.95
1.52
1.01
0.81
0.57
1.46
1.62
2.18
1.58
1.54
1.47
1.24
0.75
0.31
0.30
1.00
0.82
0.78
0.36
0.93
0.70
0.91
0.81
1.17
0.77
1.67
0.95
1.08
0.66
1.37
1.10
0.42
0.46
0.20
0.90
0.81
0.79
0.52
0.66
0.74
1.40
1.14
1.57
0.87
0.64
1.26
0.77
2.14
1.55
1.11
0.68
0.60
1.23
0.87
1.89
0.56
1.06
0.92
1.73
0.52
1.41
1.49
0.20
0.40
1.16
1.13
0.39
1.48
1.97
0.58
0.51
0.51
0.45
1.91
1.06
0.59
0.70
0.22
0.73
1.18
1.46
1.10
1.14
1.62
0.93
0.82
0.36
1.27
1.09
0.30
0.65
0.85
1.19
1.90
1.03
1.04
1.48
2.40
2.26
0.66
0.87
0.63
1.07
1.15
1.21
1.04
1.74
1.13
1.67
1.10
1.07
1.78
1.18
1.12
1.01
0.92
1.09
1.85
1.45
1.38
1.48
1.23
0.76
1.04
1.19
0.83
0.90
0.87
0.88
0.92
0.46
0.69
0.97
0.54
1.25
1.15
0.92
1.24
1.24
1.20
1.04
1.02
0.70
1.50
1.63
1.92
0.83
0.43
0.51
1.16
0.82
1.46
1.81
1.70
1.23
1.10
0.56
0.84
0.99
1.03
0.98
1.70
0.73
1.19
1.16
0.92
1.65
4.23
2.45
0.97
1.29
0.61
0.76
1.16
0.48
0.95
1.50
1.46
0.91
1.27
0.95
0.47
1.01
1.15
0.97
1.04
0.29
0.68
0.51
0.69
0.80
1.22
0.99
1.02
1.57
0.77
0.78
1.78
1.38
1.03
0.68
2.46
1.75
0.63
1.16
2.48
1.19
3.26
2.17
1.45
0.50
0.38
0.75
1.27
0.87
0.75
0.75
2.03
2.99
1.44
0.46
0.51
0.64
0.58
0.73
0.74
1.84
1.61
1.18
1.94
2.52
1.56
0.67
1.15
2.12
2.50
2.30
2.09
2.53
3.15
1.40
0.52
0.50
1.44
1.03
0.19
0.50
1.17
1.39
0.76
1.07
0.82
0.88
0.30
0.94
0.37
0.67
1.94
3.05
1.00
0.47
0.98
0.18
0.23
0.26
1.12
1.16
1.62
1.15
0.80
0.08
0.18
1.47
1.00
1.44
1.46
1.84
0.30
0.77
0.36
0.50
0.66
1.99
2.22
0.78
0.81
0.92
0.74
1.40
1.21
3.20
1.33
0.50
0.28
3.72
1.85
2.49
1.22
0.94
0.72
0.59
0.63
1.02
1.04
0.86
1.49
0.81
0.24
0.63
0.84
0.69
0.79
2.05
1.60
0.61
0.98
0.47
2.39
1.92
1.05
2.21
1.90
1.65
1.82
0.05
0.75
1.63
1.12
1.90
2.69
0.70
0.57
0.88
0.62
0.10
0.37
1.04
1.25
3.14
1.77
2.94
0.30
0.55
2.59
1.71
0.78
1.41
0.69
1.19
0.43
0.19
0.41
0.84
1.62
2.13
2.28
1.86
0.60
0.18
0.60
1.08
1.84
1.93
1.29
1.19
1.00
0.05
0.16
0.23
0.58
0.63
1.16
2.52
2.42
2.99
1.15
0.89
1.24
0.50
0.81
2.17
2.38
1.47
1.28
1.44
2.84
1.80
3.36
0.90
1.14
2.63
2.46
1.18
3.13
2.08
1.56
0.08
0.16
0.21
0.55
0.60
0.96
0.97
0.64
1.76
0.84
2.03
0.79
1.79
1.20
1.02
0.74
0.83
1.06
0.48
1.42
1.28
1.25
1.01
1.00
0.41
0.71
1.05
1.86
1.19
1.19
1.23
0.89
1.85
2.48
1.52
0.78
0.94
1.81
1.86
0.72
2.00
1.86
0.70
1.60
1.09
0.56
1.14
1.40
0.97
1.28
0.55
0.88
1.80
1.18
1.58
0.59
0.91
0.35
1.20
2.28
1.34
1.45
1.36
1.39
1.14
1.62
1.18
1.13
0.87
1.17
1.01
0.93
2.73
1.60
1.21
0.84
1.30
1.49
1.19
1.28
1.57
0.60
0.51
0.52
1.65
1.61
2.63
1.77
1.99
2.19
1.54
0.76
1.00
1.23
1.85
0.91
0.98
0.30
0.48
0.37
1.18
1.36
0.92
1.63
1.01
1.35
0.97
1.34
0.60
1.58
1.52
1.42
1.15
1.15
0.71
0.85
1.36
0.80
1.33
1.54
0.52
0.65
0.97
1.72
1.24
0.94
2.44
2.41
1.59
0.05
0.08
0.47
1.26
0.42
0.91
0.67
0.98
0.23
0.31
1.03
0.53
0.35
0.60
1.24
0.96
0.78
0.63
0.78
0.62
0.57
0.75
0.87
1.14
1.06
1.02
0.29
0.72
0.49
0.49
0.08
0.69
0.95
0.51
2.29
0.88
0.51
1.76
1.19
0.38
1.69
1.62
2.49
2.94
0.96
1.05
0.70
0.20
0.61
0.67
1.22
1.48
2.89
1.54
2.00
1.60
1.03
1.40
0.96
0.54
0.59
0.31
0.20
0.83
0.63
0.57
0.67
1.13
1.51
0.89
0.17
0.34
0.25
0.44
1.22
0.79
0.42
2.49
4.61
3.89
3.44
2.89
2.05
1.49
2.42
2.70
1.43
1.13
0.78
0.29
0.28
2.41
1.21
0.96
0.23
0.99
1.17
0.86
0.56
0.98
1.07
0.57
1.07
0.27
0.73
0.50
0.28
0.06
0.33
0.69
1.98
1.42
0.73
0.92
0.91
2.15
2.44
0.52
1.61
1.04
1.19
1.85
2.08
1.91
0.54
0.14
0.43
2.19
2.23
1.61
1.55
0.19
1.16
2.07
2.19
0.29
0.59
1.69
1.05
0.13
1.08
1.17
1.07
0.52
1.77
1.17
0.50
0.21
1.79
1.14
1.97
1.60
1.60
1.16
0.32
1.97
1.45
1.90
3.24
3.30
2.19
1.05
1.71
1.25
0.05
1.37
1.40
0.13
0.86
1.76
1.87
1.44
1.04
1.69
2.29
2.53
1.25
1.31
1.49
1.22
1.27
0.47
0.69
2.46
2.40
2.25
2.76
1.91
1.23
0.74
0.32
0.34
1.51
1.14
0.86
0.17
0.85
0.35
0.11
0.90
0.80
1.25
0.63
0.05
0.26
0.15
0.96
0.24
1.79
1.68
1.25
1.47
1.26
0.25
1.61
0.30
0.88
0.81
0.27
0.79
0.74
0.62
0.14
0.96
1.21
1.60
1.23
1.32
0.83
0.06
0.17
0.92
1.49
1.13
1.27
1.63
1.45
1.01
3.12
1.93
2.37
2.33
1.21
2.42
1.84
0.50
0.23
0.48
0.61
0.95
1.67
1.69
0.30
1.37
1.91
0.59
0.14
0.42
0.22
1.49
0.43
0.79
1.48
1.27
1.48
1.54
1.38
1.45
1.21
1.30
1.93
1.06
1.62
0.79
2.11
0.98
0.34
0.32
1.20
1.26
1.47
1.10
0.73
1.49
1.29
2.05
0.30
0.21
0.51
0.89
0.89
1.49
1.50
2.54
2.01
1.05
1.29
1.48
1.64
0.50
1.32
0.78
0.78
1.35
1.43
1.18
0.72
1.11
0.92
1.25
1.04
0.78
1.80
2.96
2.58
2.50
1.69
0.83
1.27
1.20
0.81
0.99
0.73
0.47
1.31
0.77
1.21
1.72
2.11
1.59
1.64
1.17
0.89
0.90
0.45
0.74
0.99
1.46
1.68
1.88
1.40
1.02
0.92
1.52
1.85
2.05
2.23
1.01
1.05
1.30
1.40
0.89
1.21
1.63
0.66
0.52
0.62
0.85
0.58
0.21
0.10
0.81
0.42
1.25
0.47
0.49
1.08
1.32
0.83
1.01
1.84
0.76
0.60
1.13
1.15
2.72
2.40
1.17
0.08
1.50
1.00
0.97
0.93
1.05
1.63
1.54
1.26
1.18
0.59
0.36
2.57
1.58
0.77
0.91
1.31
1.38
1.23
0.78
1.02
1.63
0.61
0.53
1.89
2.25
1.08
0.67
1.31
1.51
0.96
2.09
2.13
2.79
1.07
1.80
2.55
1.52
0.97
0.87
1.08
1.19
1.53
0.87
0.84
0.86
0.97
1.36
2.16
1.55
0.51
0.60
0.89
0.46
0.25
1.13
1.55
0.49
0.83
0.72
0.28
0.48
0.92
0.66
1.15
1.11
0.96
0.55
0.41
1.07
1.13
0.57
0.83
0.74
0.39
0.41
2.24
1.77
1.12
1.09
0.62
0.48
0.45
0.91
0.82
0.58
0.18
0.34
0.18
0.58
0.60
0.32
1.05
1.51
1.55
0.72
1.16
1.88
1.79
1.26
1.30
0.29
0.17
0.78
1.79
0.38
0.22
0.69
0.65
0.93
2.30
1.12
2.18
2.38
1.68
0.92
0.43
0.85
1.03
1.58
1.62
2.68
0.51
0.54
0.28
2.08
2.38
2.00
1.07
0.78
1.10
1.24
1.96
1.50
0.98
0.40
1.13
1.68
1.02
1.56
1.29
1.26
0.44
0.75
0.05
0.06
0.73
1.83
1.52
0.38
1.06
2.15
1.26
0.90
2.59
1.00
1.24
0.49
0.72
0.67
1.29
2.97
4.14
2.17
1.60
1.84
1.11
0.99
0.29
0.83
1.04
1.20
0.73
0.65
0.37
1.37
0.29
0.76
2.22
1.55
0.72
0.43
2.17
1.81
1.31
1.55
1.51
0.67
1.26
0.55
1.00
2.31
0.89
0.83
0.66
0.77
0.66
1.08
0.72
1.86
1.86
1.65
1.48
0.97
1.03
1.08
0.57
0.12
0.29
0.47
0.26
1.34
1.43
1.67
0.51
0.65
1.15
1.78
1.21
1.32
1.24
1.07
0.52
0.77
1.63
0.37
1.00
1.40
1.31
2.61
1.77
1.24
0.95
0.82
0.87
0.95
0.62
0.70
1.71
0.52
0.12
0.21
0.71
0.48
0.44
0.48
0.57
0.48
1.15
1.09
0.22
0.53
0.35
0.94
1.66
1.07
2.08
2.12
0.70
1.42
1.60
0.10
1.28
1.69
1.32
1.81
1.54
1.42
2.36
1.54
0.47
0.48
1.01
1.21
0.94
1.74
1.63
1.28
0.89
1.85
0.83
2.09
1.08
0.96
0.91
1.02
0.79
0.95
1.05
1.24
1.71
1.93
0.97
2.03
0.70
0.64
1.64
1.90
1.79
1.56
0.98
1.83
1.53
1.67
1.85
1.43
0.20
1.41
1.17
0.80
0.87
0.59
0.85
1.14
1.17
0.87
0.73
0.18
1.02
0.71
0.70
1.40
1.72
1.06
0.76
1.91
1.18
0.07
0.94
1.24
0.90
1.15
1.43
0.93
1.57
1.10
0.58
1.49
1.55
1.30
1.18
0.70
0.71
0.86
1.14
0.97
1.39
0.67
1.39
0.85
1.45
2.16
2.52
2.79
2.42
1.94
0.56
0.51
0.89
0.42
1.15
1.19
0.41
0.79
2.05
0.54
0.68
1.10
0.09
0.55
0.95
1.86
1.79
1.41
1.65
1.19
0.43
0.78
2.27
2.14
2.44
1.27
0.42
0.59
1.29
1.29
0.70
0.76
3.06
2.23
1.29
2.11
1.75
1.27
0.30
0.86
0.53
0.88
1.42
0.63
1.85
0.10
0.21
0.46
0.64
0.91
1.12
1.05
0.80
0.49
0.26
2.53
2.76
2.31
0.60
0.82
1.47
1.26
1.30
1.80
1.47
1.24
1.11
0.44
0.33
1.56
0.65
0.91
1.12
0.48
2.58
2.38
1.20
1.02
0.25
0.85
0.51
0.52
0.08
0.16
0.12
0.57
0.59
0.35
0.54
0.33
1.58
1.48
0.49
0.50
0.66
0.96
0.64
0.57
0.82
1.36
2.89
0.45
1.11
1.85
1.09
1.89
1.83
0.81
0.49
0.37
1.79
0.37
0.46
0.81
1.29
0.79
0.63
0.19
1.77
2.01
2.21
0.57
0.20
3.18
2.04
0.63
0.35
1.48
2.51
1.19
1.99
1.76
0.52
0.75
1.42
1.09
0.41
0.49
3.18
3.36
1.59
0.68
1.66
0.96
0.39
0.48
0.86
0.54
0.84
1.65
1.43
0.48
0.72
0.21
0.67
0.97
0.41
0.50
0.36
0.25
0.12
1.15
2.46
1.90
2.16
1.90
0.90
0.70
1.50
0.72
0.71
1.14
1.60
0.76
0.48
0.75
0.13
0.82
0.59
1.50
2.88
0.55
2.18
0.84
0.94
0.69
1.01
1.09
1.36
1.11
1.96
1.50
1.84
1.04
0.55
0.95
0.87
0.75
0.42
0.43
2.15
1.88
2.87
0.70
0.76
1.16
1.56
1.55
0.43
0.39
2.42
0.61
0.05
0.26
0.58
1.80
0.27
0.07
0.49
1.05
2.11
1.37
0.52
0.22
0.89
0.73
1.22
1.09
2.07
1.41
1.33
3.09
1.36
0.70
0.59
0.97
1.23
0.27
0.89
0.05
0.07
0.56
1.77
2.14
1.58
0.81
0.81
1.10
0.92
1.09
0.93
2.70
1.48
0.42
1.10
0.20
1.20
1.18
0.61
1.18
0.40
0.95
0.54
0.27
0.38
0.31
2.15
1.00
1.31
1.41
0.76
0.79
0.88
1.77
0.76
0.38
0.71
1.01
0.40
0.69
1.22
1.07
1.56
1.14
0.99
1.16
0.96
1.50
1.87
1.08
1.53
0.86
0.77
1.50
0.79
0.99
1.24
1.37
0.81
1.42
1.51
1.42
2.50
0.97
1.31
1.11
1.61
0.98
0.96
0.68
0.98
1.09
0.77
1.96
1.36
1.22
1.31
1.76
1.77
2.15
0.78
0.47
0.97
0.44
0.75
0.79
1.39
0.76
1.33
1.34
1.25
1.04
1.05
1.81
0.87
0.70
1.06
2.41
1.76
2.29
2.03
2.17
1.02
0.09
0.72
0.67
1.60
2.09
1.54
0.61
1.53
1.26
1.13
1.54
1.11
1.10
0.56
1.34
1.58
2.40
0.14
1.42
1.31
1.38
0.66
1.35
1.58
1.18
0.71
0.76
0.21
0.36
0.63
0.94
1.31
2.02
0.83
0.50
0.57
0.38
0.44
0.78
0.90
1.43
0.45
0.63
0.73
0.71
0.36
0.74
0.93
0.85
0.61
0.92
0.81
0.94
0.84
1.01
0.78
1.29
0.51
0.72
0.73
1.19
0.34
2.17
1.63
0.84
0.52
0.81
0.39
0.58
0.64
0.37
1.15
0.87
0.64
0.83
0.37
1.28
0.74
2.33
1.50
0.84
0.78
0.82
0.83
0.90
0.76
0.52
0.86
0.32
2.07
2.03
0.94
0.77
0.90
0.53
1.23
0.58
0.73
1.38
3.31
2.49
1.21
0.86
0.75
0.57
0.62
0.54
0.07
0.34
0.42
1.36
0.31
0.56
1.63
1.15
0.50
1.55
0.70
0.93
1.58
0.35
0.32
0.63
0.56
0.80
0.84
0.76
0.50
1.16
0.20
0.47
2.44
0.53
1.29
1.85
2.04
0.24
0.44
1.76
1.14
0.83
1.67
0.68
0.87
1.55
0.72
0.41
0.51
1.01
0.36
0.47
1.56
1.58
1.35
1.14
1.69
1.08
1.41
1.47
2.33
1.34
2.08
2.12
0.63
0.53
1.32
0.98
0.22
1.19
1.91
1.09
1.04
1.09
1.85
0.62
1.47
1.55
0.82
1.02
1.57
2.02
2.05
0.76
0.73
0.36
0.78
0.37
0.18
0.07
1.50
1.20
0.88
0.90
0.91
0.59
1.29
0.94
0.93
1.59
1.40
1.29
1.63
1.97
1.70
1.24
1.74
0.95
0.10
0.37
0.79
2.78
1.21
0.26
0.06
0.66
1.63
1.80
0.92
1.14
1.11
2.65
1.84
1.20
0.88
0.08
0.11
1.54
0.25
1.36
2.39
1.31
1.21
0.77
1.28
2.42
2.45
2.88
3.27
3.40
2.32
2.09
0.94
0.87
1.00
0.95
0.96
1.11
0.98
1.98
1.49
0.55
2.97
1.89
1.47
0.15
1.37
0.33
1.90
1.19
0.07
0.22
0.34
1.25
1.18
0.88
0.89
1.54
1.09
1.63
2.11
0.98
1.59
2.10
2.64
3.21
2.43
1.00
2.38
0.84
1.07
1.21
2.31
2.31
1.29
1.45
1.80
1.52
1.54
1.53
0.79
0.94
1.52
1.25
2.02
1.70
1.63
1.56
1.07
0.61
1.65
1.81
0.79
0.98
0.96
1.87
1.35
1.08
0.66
0.05
1.54
1.53
1.37
1.00
1.50
1.73
2.39
1.74
2.59
2.15
2.06
1.12
1.21
0.88
1.06
2.96
1.63
1.34
0.98
1.15
2.12
3.75
2.48
1.48
0.92
1.01
1.07
0.95
0.63
0.70
0.84
1.08
0.89
1.76
1.28
0.88
1.39
1.89
1.47
1.58
1.68
0.88
0.65
1.40
0.63
1.05
0.89
1.65
1.44
1.47
1.58
1.54
1.72
1.06
0.73
0.89
1.35
1.43
1.30
1.04
1.48
1.51
1.59
1.54
1.88
1.28
1.01
1.38
1.33
1.27
1.73
1.04
1.21
1.13
0.72
1.46
1.74
1.52
1.32
1.12
1.22
0.94
1.65
1.49
1.41
0.71
1.26
2.08
1.38
1.38
2.50
1.37
1.57
0.65
1.25
1.54
1.11
2.12
1.95
1.42
1.91
1.66
1.58
1.19
0.73
0.60
1.26
0.29
0.66
0.73
0.82
0.58
1.03
1.59
1.48
1.06
1.44
1.67
1.15
0.59
1.55
2.97
2.80
2.75
1.19
1.16
0.70
0.73
1.11
1.24
1.39
1.76
1.57
1.67
2.10
2.40
1.77
1.21
0.83
1.46
1.07
0.90
0.58
0.97
0.90
1.15
0.81
0.44
1.67
1.58
2.38
1.77
2.71
1.16
0.49
1.08
1.25
0.56
0.71
0.87
1.06
0.87
0.58
1.61
0.91
0.34
2.63
2.30
1.99
0.95
0.57
0.58
0.58
0.99
1.16
1.44
0.90
0.63
0.81
1.57
2.34
0.75
4.25
3.19
1.95
0.31
0.44
0.29
0.72
1.20
0.98
0.91
2.02
2.68
2.67
1.49
1.11
0.78
2.44
3.24
1.98
1.17
0.38
1.00
1.47
1.26
1.74
1.86
0.78
0.34
0.40
1.38
1.77
0.18
0.94
1.49
1.94
2.63
0.94
0.38
1.61
2.19
1.27
1.41
2.20
1.43
0.82
1.28
0.85
1.61
0.57
1.01
1.30
0.98
0.46
0.14
1.62
2.50
0.93
0.86
0.82
1.08
0.79
0.88
1.05
2.68
1.59
1.01
1.18
1.31
2.38
3.41
1.98
1.10
0.76
0.57
0.12
0.35
0.55
0.82
1.60
1.84
3.12
2.30
0.88
1.53
2.09
2.56
2.26
0.66
0.80
0.62
1.33
0.80
0.81
1.07
0.57
0.11
0.79
0.31
0.26
0.83
2.85
1.47
1.67
0.86
1.07
1.07
2.25
1.08
1.26
0.67
0.85
1.73
2.71
0.32
1.64
2.58
2.18
0.63
1.65
0.56
1.00
1.45
1.36
1.15
3.49
0.98
1.35
1.03
1.82
1.07
1.99
2.83
1.86
1.40
1.80
1.39
1.43
1.00
1.03
2.03
0.73
2.55
1.32
1.69
0.91
1.25
1.16
0.67
0.53
1.06
0.67
0.42
1.72
1.80
1.62
0.61
0.93
1.55
2.07
2.70
0.96
0.98
1.31
1.68
0.93
1.34
1.72
1.35
0.53
0.67
1.96
0.43
1.34
0.65
1.57
0.88
0.96
0.89
2.01
0.80
0.93
1.13
1.80
1.64
1.83
1.72
1.19
1.26
1.46
1.64
1.51
1.78
1.21
0.70
2.18
1.02
0.53
1.26
1.74
1.52
1.02
0.89
2.19
2.52
1.61
1.88
1.68
2.66
2.02
2.32
1.82
1.43
1.92
0.94
1.43
1.66
2.27
1.23
1.66
1.29
1.02
1.23
1.57
1.45
1.08
1.83
1.14
1.15
1.48
1.00
1.61
1.80
1.45
1.57
1.96
1.35
1.47
1.73
1.57
1.85
1.37
1.27
1.29
1.01
1.16
1.77
2.50
2.67
2.59
0.51
0.34
1.13
1.84
2.90
1.35
1.27
1.03
1.88
2.11
1.88
1.25
2.01
1.21
1.56
1.66
1.97
1.66
1.97
1.44
2.47
2.89
1.34
1.17
1.37
2.28
1.47
1.31
1.11
1.02
1.51
0.67
1.00
2.89
1.88
2.38
1.43
1.23
1.11
2.31
1.52
1.68
2.45
1.64
1.48
1.38
1.52
1.29
1.46
1.24
0.84
1.21
1.63
1.26
1.36
2.07
1.84
1.08
0.37
1.41
1.22
1.33
1.57
1.03
1.33
1.23
0.68
0.97
3.33
2.82
1.46
0.89
1.26
1.29
0.78
1.79
2.12
1.07
0.46
2.40
2.41
0.56
0.23
0.43
0.71
1.42
1.61
0.90
0.52
1.11
0.93
1.43
0.68
0.82
0.92
0.60
0.70
1.63
0.94
1.43
1.33
1.22
0.76
0.51
1.98
1.92
2.42
1.09
0.64
0.81
0.52
1.31
2.23
2.94
0.76
0.65
0.40
0.52
2.01
1.37
1.82
1.83
0.88
0.59
1.54
1.96
0.90
0.90
0.76
0.73
0.66
0.96
1.41
0.30
0.90
2.67
2.61
2.51
1.87
2.26
0.94
0.76
1.59
1.48
1.80
1.17
0.97
1.21
2.98
0.96
0.60
0.88
0.77
1.14
1.19
0.59
0.78
0.31
1.31
1.17
1.59
1.68
0.41
1.43
1.18
0.59
1.67
1.16
2.12
0.99
0.77
1.04
0.81
2.82
2.58
2.07
1.71
1.47
0.11
1.50
1.15
1.31
1.61
0.82
1.17
1.16
0.34
1.63
1.47
0.97
0.77
1.31
1.77
1.67
0.76
0.65
1.92
2.38
2.61
1.41
0.48
0.45
0.96
2.87
1.96
2.40
1.11
2.08
3.02
1.44
0.98
0.34
0.21
0.39
0.80
2.83
2.20
1.96
2.14
2.12
1.89
0.59
1.55
2.35
1.75
1.34
1.75
1.68
1.13
1.04
0.71
1.83
1.38
1.41
1.48
1.26
1.64
0.97
0.88
1.12
1.19
1.85
1.37
1.41
1.44
0.36
0.67
1.58
1.26
1.89
1.73
1.84
1.46
2.23
1.66
2.45
1.30
1.47
0.87
1.25
1.32
2.09
1.51
1.75
0.76
0.50
0.45
0.33
1.79
2.28
1.08
0.69
0.33
1.20
1.48
0.94
2.12
1.19
0.98
0.10
0.68
0.86
0.94
1.14
1.68
0.82
1.60
1.41
0.79
0.98
1.38
1.28
1.07
1.66
1.66
0.71
1.47
1.13
0.93
1.43
2.73
1.82
2.32
0.86
0.27
0.60
1.41
1.03
0.97
1.04
1.23
1.71
1.87
1.73
1.31
1.11
0.80
0.31
1.23
1.16
1.09
1.42
1.10
0.69
1.74
1.12
1.85
0.77
1.60
1.11
0.73
0.85
0.91
1.11
0.99
1.87
0.57
0.76
1.52
1.29
0.87
0.79
1.05
1.82
1.27
1.01
1.68
1.77
0.88
0.86
0.76
0.27
0.88
0.71
0.91
1.60
0.95
0.65
0.93
0.64
0.85
1.24
1.43
0.88
1.98
1.04
1.44
1.35
1.06
1.24
1.25
1.55
1.37
0.99
1.29
0.90
1.12
1.96
0.89
0.78
0.62
1.21
1.12
0.99
1.17
0.65
1.94
1.66
0.77
0.44
0.13
0.67
0.47
0.55
1.15
0.86
0.68
0.65
0.43
1.23
1.34
1.06
0.59
0.75
0.38
0.49
0.30
0.77
1.47
1.00
1.10
2.32
2.54
0.82
0.34
0.53
0.29
0.64
0.65
1.04
0.86
0.25
1.07
2.94
2.11
0.90
0.39
0.19
0.30
0.16
0.07
0.61
0.46
0.28
0.49
0.91
0.96
1.57
0.56
0.50
0.19
0.57
0.78
0.44
0.57
3.57
2.32
0.35
2.04
0.61
0.42
0.90
0.87
0.46
0.20
0.19
0.72
0.32
2.49
2.26
0.72
0.26
0.30
0.29
0.52
1.20
0.69
0.21
1.54
2.32
1.05
2.15
2.05
1.15
0.60
1.54
1.96
0.97
0.93
0.51
0.69
0.32
0.46
0.77
0.75
0.91
1.23
0.72
0.14
0.39
0.63
0.27
1.16
1.16
1.08
1.04
0.36
0.70
1.49
2.15
1.13
0.09
0.05
1.02
2.66
0.73
2.54
1.45
1.11
0.52
0.56
0.45
0.55
1.02
0.82
0.52
0.19
0.11
3.20
1.45
0.50
0.06
0.09
2.00
1.52
2.13
1.57
0.56
2.10
1.79
0.11
0.62
1.22
0.79
0.39
0.19
1.23
1.09
0.81
0.44
0.36
2.55
1.29
1.60
0.87
0.85
1.32
0.69
0.86
0.89
0.35
0.06
0.16
0.88
2.17
1.11
0.05
0.55
2.98
1.51
0.18
0.48
0.66
0.24
0.51
0.13
0.63
0.76
1.26
0.98
0.27
1.87
1.38
0.43
0.91
1.34
1.60
0.84
0.53
0.76
0.36
0.88
0.90
1.03
2.45
1.53
0.36
1.26
2.88
0.85
0.47
0.36
0.16
0.90
0.43
2.13
1.46
0.55
1.33
0.21
0.71
0.36
0.11
0.43
1.28
1.00
0.88
2.84
0.93
2.30
1.34
0.71
0.43
0.66
1.36
1.68
1.34
0.67
1.36
0.90
1.00
0.61
0.64
0.49
0.96
2.13
0.85
0.71
0.23
0.35
0.39
1.30
0.23
0.67
0.07
0.73
1.22
0.65
0.23
0.46
1.30
1.64
1.15
1.72
1.11
1.44
1.65
0.49
0.22
0.77
0.63
0.71
0.05
0.16
0.46
0.35
0.88
0.05
0.41
1.13
0.42
1.57
1.03
1.77
1.22
1.38
1.42
0.78
0.65
0.93
0.60
1.16
0.65
1.17
0.94
0.42
0.73
1.36
0.78
1.76
0.60
1.54
0.73
0.72
1.23
1.10
0.95
0.83
0.42
0.61
0.78
0.97
1.13
0.77
0.77
1.22
1.53
0.64
1.33
1.24
0.72
2.27
0.76
0.29
0.34
0.42
1.37
1.93
1.01
1.17
0.99
1.25
1.14
1.22
0.90
1.27
1.05
0.68
0.74
2.71
0.51
1.35
0.42
0.99
1.61
1.16
1.61
0.92
0.68
0.53
0.77
0.91
2.03
1.05
1.08
1.20
1.71
0.56
0.60
0.33
0.66
0.61
1.14
0.84
0.77
0.89
1.59
0.64
0.51
0.24
1.04
2.25
0.86
0.62
0.47
0.61
2.14
1.13
0.59
0.59
0.62
1.16
0.48
2.41
0.62
0.41
0.58
1.07
1.49
2.36
1.49
1.35
0.69
1.05
0.89
0.57
1.10
0.91
3.49
2.25
1.20
0.81
0.96
0.63
0.42
0.55
0.55
1.02
1.17
0.92
0.87
0.40
0.65
0.38
0.59
0.63
0.77
0.89
0.82
0.54
0.25
0.70
0.28
0.32
0.32
0.73
1.01
0.61
1.11
1.51
1.13
2.24
1.53
1.07
1.25
1.13
0.67
0.47
0.67
1.02
0.40
0.89
0.86
1.34
1.83
1.14
0.25
0.14
0.05
0.05
0.95
0.09
2.94
1.72
0.83
1.39
0.70
1.04
1.25
1.68
3.17
1.39
0.63
0.62
0.07
0.06
0.14
1.43
0.86
0.42
0.25
2.23
1.93
1.14
1.94
1.48
0.74
0.57
0.60
0.30
0.51
0.44
1.92
1.66
1.36
1.14
1.13
1.05
0.23
0.28
1.07
0.63
0.05
1.32
2.11
1.34
0.47
1.10
1.46
2.16
0.52
1.65
0.75
0.57
0.90
0.70
1.04
0.83
0.96
0.57
0.28
0.71
0.75
0.78
0.32
1.11
0.31
1.19
1.09
0.16
0.08
1.25
1.86
1.06
0.65
0.60
0.83
1.76
0.87
0.21
1.10
0.92
0.24
1.27
1.65
0.94
0.40
0.58
0.14
1.18
0.87
1.34
0.54
0.52
0.51
0.08
1.52
1.83
1.59
1.22
0.48
0.15
0.52
0.95
1.53
2.55
1.12
0.79
0.05
0.13
1.40
0.90
0.89
0.94
1.37
0.12
0.42
0.52
0.59
0.16
0.05
1.58
1.49
1.67
0.68
0.12
0.88
0.76
1.00
1.30
2.40
2.24
1.34
0.65
0.75
2.30
1.34
1.12
0.60
1.55
1.00
0.38
0.82
2.26
0.31
0.89
0.68
1.03
1.05
1.77
1.50
1.35
2.21
1.17
1.52
2.24
1.97
0.55
0.21
0.22
1.40
1.34
1.76
0.71
0.51
0.71
1.43
0.32
0.49
0.52
0.95
1.52
0.78
1.54
0.65
0.89
0.30
0.59
0.35
0.56
0.50
1.00
1.62
0.95
0.61
1.37
1.59
0.31
0.27
0.18
0.34
0.24
1.37
1.63
1.38
1.11
1.54
1.49
1.01
1.24
0.05
0.80
0.76
1.21
0.99
0.61
0.32
0.57
0.62
1.31
1.36
0.93
0.49
0.55
1.10
0.93
0.60
0.77
0.86
0.43
0.94
0.60
0.76
0.88
0.98
1.64
0.39
1.22
0.39
0.77
0.49
1.39
1.39
1.58
0.56
2.10
1.43
0.62
0.83
1.44
0.44
0.72
0.63
0.97
1.19
2.15
1.24
0.05
0.26
0.46
1.32
0.88
0.76
0.74
0.70
0.73
0.61
0.90
0.85
1.19
0.38
0.35
0.24
0.68
1.47
0.82
1.04
0.75
1.01
1.11
1.25
1.44
1.03
0.75
0.99
0.66
1.21
1.12
1.11
1.84
1.05
1.35
0.41
1.07
0.43
0.14
1.56
1.34
0.74
1.53
1.01
0.82
0.88
1.21
1.30
0.73
0.34
0.54
0.66
1.58
0.79
0.55
0.89
1.04
1.17
0.76
1.17
0.70
0.73
0.55
0.63
0.93
0.60
1.31
0.78
0.95
0.37
0.44
1.81
0.80
0.54
1.08
1.02
0.95
0.39
1.13
0.67
0.94
0.94
0.83
0.81
0.63
0.92
1.12
0.44
0.84
0.51
0.38
0.76
1.30
1.14
0.50
0.68
0.32
1.48
1.74
1.49
0.64
1.56
1.01
0.56
0.65
1.12
0.86
0.97
0.71
0.39
0.72
1.25
1.13
1.74
1.30
0.45
1.05
0.87
0.73
0.49
0.58
0.48
0.26
0.87
0.42
2.01
1.97
1.84
1.32
1.00
0.59
0.24
0.89
0.57
0.76
0.95
0.96
1.25
0.75
0.48
0.63
0.22
0.42
0.28
0.35
0.43
0.99
3.18
1.04
0.88
0.89
0.56
1.16
0.45
1.61
1.14
0.74
1.50
1.53
0.47
0.33
1.76
1.47
0.40
2.57
1.19
1.54
1.30
1.35
0.60
1.39
0.94
0.86
0.80
0.48
0.30
1.02
0.73
1.44
1.70
0.40
0.32
0.57
0.23
0.74
1.54
2.82
3.05
2.50
1.78
2.30
1.88
0.82
0.80
0.94
0.95
1.23
0.90
0.05
0.11
0.92
0.87
0.47
1.08
0.60
0.95
0.44
1.76
2.97
0.96
0.90
0.06
0.05
1.30
0.22
2.16
1.74
1.35
0.29
0.05
0.58
0.28
0.37
0.81
1.40
0.08
2.07
1.57
0.17
0.15
0.66
2.78
1.68
0.90
0.68
0.20
0.14
1.01
2.29
0.95
2.46
0.97
1.23
0.72
0.32
0.15
0.27
0.25
1.09
1.86
1.51
1.75
0.96
1.08
1.04
1.08
0.93
1.35
1.19
0.57
0.54
0.33
1.63
1.14
1.24
1.25
0.10
0.57
0.96
0.42
0.54
1.06
1.50
0.56
1.13
0.69
1.89
1.14
1.21
0.74
0.62
0.37
0.67
0.96
1.64
0.85
0.10
0.45
0.60
0.89
0.05
0.08
0.20
0.80
1.22
0.52
1.10
0.13
1.23
1.87
1.15
1.42
1.20
0.74
0.24
0.77
0.82
0.40
0.76
0.71
1.32
0.97
0.79
0.09
1.11
0.95
0.61
0.86
0.63
0.97
0.96
1.39
1.32
1.50
1.26
0.92
0.87
0.63
0.95
2.03
0.89
0.51
1.51
0.14
0.43
1.10
1.62
1.19
1.35
1.06
1.33
1.04
0.71
0.90
1.58
0.55
1.17
1.85
0.61
0.45
0.19
0.60
2.23
0.97
0.34
0.62
0.99
1.01
0.22
0.33
0.47
0.84
0.45
0.94
0.84
0.96
0.32
0.91
0.98
1.13
1.19
0.98
0.87
0.76
1.21
0.42
1.31
0.71
0.60
0.71
1.03
0.86
0.60
0.66
1.22
1.39
1.07
0.96
1.07
0.47
0.64
0.56
0.96
0.39
0.46
0.48
0.80
0.90
0.46
0.36
1.07
1.18
0.72
1.78
1.39
1.48
0.55
0.41
0.29
0.55
0.99
0.98
1.35
1.37
0.47
1.21
0.52
1.27
1.27
0.71
2.98
1.74
0.96
1.03
0.75
1.16
0.83
1.10
0.92
0.51
0.72
0.42
1.18
0.79
0.16
0.16
0.83
1.12
2.78
1.07
1.05
0.57
0.18
0.62
0.59
1.91
0.96
0.89
0.41
0.40
0.48
0.11
0.95
1.22
1.34
0.89
2.82
1.35
0.36
1.25
0.73
2.60
1.56
0.55
1.11
1.14
1.14
0.79
0.97
0.71
0.06
1.43
0.77
2.27
2.70
2.05
1.28
0.56
0.90
3.03
1.27
0.72
0.45
1.50
1.18
0.47
1.07
0.50
0.86
0.17
0.59
1.07
0.86
0.97
0.67
0.92
0.67
0.97
0.72
0.74
0.14
0.62
0.58
0.05
0.24
0.37
0.62
1.12
0.32
2.18
1.83
0.82
1.23
1.65
0.84
0.83
0.41
0.44
0.72
0.49
1.18
0.59
1.30
1.17
0.17
0.45
0.69
1.06
2.14
2.66
1.42
1.05
0.73
1.03
0.88
0.10
1.67
1.83
1.67
1.58
1.12
1.11
0.76
0.62
1.02
0.34
1.27
1.33
1.04
1.21
0.44
0.93
1.18
0.93
0.92
0.64
0.35
0.67
0.66
1.14
0.69
0.66
0.18
0.94
0.80
2.79
1.93
1.52
1.08
0.72
1.07
0.82
2.08
0.90
0.63
1.42
0.22
0.79
0.69
2.31
1.07
1.06
0.18
1.09
0.48
0.33
0.93
1.26
1.08
0.81
0.94
0.52
0.11
0.76
1.84
1.71
0.92
1.26
0.45
1.96
1.40
0.42
0.46
0.38
1.18
2.13
0.90
0.85
0.10
0.54
0.90
1.53
1.53
0.80
1.60
0.72
1.10
1.13
2.00
1.03
0.58
0.32
0.47
0.53
0.34
0.92
0.65
0.62
0.89
1.00
0.78
1.09
0.79
0.47
1.80
0.06
1.35
1.56
1.46
0.89
1.08
0.31
1.94
0.79
1.18
1.00
1.12
0.41
0.55
0.83
0.31
0.60
1.00
1.20
1.14
1.28
1.30
1.29
0.87
0.16
1.42
1.21
0.62
0.44
0.14
0.70
1.39
0.83
0.39
0.29
0.47
1.26
0.09
0.48
0.55
0.72
1.10
0.43
0.58
0.39
0.44
0.48
0.31
1.18
1.16
0.79
0.97
1.21
1.34
0.49
0.05
0.07
0.24
0.91
0.66
0.47
1.32
0.46
0.26
0.48
1.35
0.68
0.59
1.65
0.74
0.77
1.20
1.22
1.44
0.57
0.57
1.16
1.50
0.72
1.15
0.86
0.74
1.77
0.92
0.41
0.84
1.03
1.22
1.96
1.60
1.25
0.91
0.28
0.37
0.11
0.23
0.89
1.10
1.31
2.11
2.75
0.15
0.43
0.33
0.42
0.31
0.55
1.12
0.67
0.19
0.44
1.32
0.34
0.17
1.48
0.70
0.82
0.75
0.70
0.68
0.48
0.05
0.24
0.42
0.81
1.03
0.77
0.87
1.02
1.04
1.15
1.50
1.52
1.37
0.22
0.46
0.55
0.39
0.94
0.98
0.61
0.37
0.59
0.51
0.50
0.60
0.83
1.61
1.60
1.10
1.13
0.15
0.07
0.15
0.78
0.57
0.43
0.16
1.12
0.95
1.02
0.96
0.78
0.64
0.27
0.61
0.89
0.46
1.01
2.55
2.66
0.82
1.11
1.40
1.34
0.70
0.47
0.70
1.00
0.91
0.95
0.41
0.55
0.67
0.23
0.31
0.56
0.34
0.16
0.45
3.05
1.41
1.14
0.66
0.32
0.49
1.52
0.71
0.92
0.63
0.37
0.35
0.95
1.37
0.35
2.85
2.03
1.51
0.74
0.18
0.75
3.14
2.60
0.89
0.41
0.65
0.56
0.94
0.62
0.55
0.22
0.83
0.37
0.46
0.36
0.83
2.53
1.24
0.51
0.25
1.19
0.73
0.26
0.92
1.16
0.93
1.43
0.46
0.74
2.34
1.32
0.67
0.11
0.80
1.42
1.20
2.25
0.20
0.41
1.80
2.21
0.11
3.73
2.54
1.44
0.18
0.20
1.20
2.32
2.29
0.86
0.13
0.64
0.40
0.52
0.11
0.31
0.73
0.60
1.63
2.73
2.05
0.55
0.78
0.75
0.19
0.48
0.11
0.08
0.70
1.27
0.33
0.09
0.83
0.32
0.10
1.87
2.04
0.48
1.39
1.44
1.43
1.00
0.76
0.49
1.65
0.68
0.10
0.84
0.93
0.23
0.22
0.11
1.33
2.27
1.49
0.79
0.78
0.75
1.47
0.15
0.57
1.13
0.80
2.84
1.82
0.57
0.21
0.22
1.10
1.00
0.67
1.05
1.24
1.07
1.58
2.62
1.79
1.09
1.01
0.79
1.02
0.88
1.46
0.54
0.77
1.66
0.81
1.83
1.36
1.50
1.16
1.35
0.68
0.61
0.81
0.65
0.91
1.49
1.69
0.87
1.27
1.14
0.96
1.24
1.37
0.68
0.47
0.89
0.24
1.15
0.85
0.88
1.12
1.51
0.82
1.37
0.64
1.55
1.08
1.03
1.39
0.35
0.50
1.41
1.16
1.39
1.20
1.59
2.19
1.78
0.85
0.32
0.81
0.97
0.89
0.88
0.96
0.91
1.35
0.68
0.28
0.63
1.19
0.82
0.15
0.85
0.40
0.36
0.80
0.67
0.99
1.03
0.54
1.14
0.47
0.05
0.46
0.20
0.65
0.57
0.84
0.76
1.41
0.78
0.89
1.10
1.05
1.10
1.68
0.72
1.30
1.47
1.07
1.34
1.46
0.63
0.70
0.92
1.84
1.31
1.11
1.79
1.65
1.57
1.56
2.09
1.66
1.49
1.37
0.96
1.77
1.29
1.07
0.78
0.61
1.23
1.31
1.07
1.18
1.33
1.41
1.43
0.31
1.38
0.82
1.20
2.23
1.32
1.41
1.13
1.15
0.96
1.47
1.55
1.19
1.00
1.13
1.71
1.41
1.83
1.07
0.83
1.12
0.95
1.14
2.01
1.89
1.40
0.73
0.56
0.49
0.68
0.89
0.23
0.89
0.67
0.76
0.21
0.61
0.31
0.64
0.59
0.59
1.15
1.10
0.72
0.91
1.28
1.40
1.08
1.14
0.98
0.71
0.55
2.28
2.64
1.61
1.30
1.22
0.51
0.76
0.50
0.68
0.43
1.04
0.82
1.54
0.74
0.71
0.85
0.69
2.26
3.33
2.37
1.42
0.66
0.68
1.24
1.13
1.11
0.79
1.06
0.12
0.50
1.16
0.51
0.89
0.80
0.63
1.29
0.67
0.80
1.12
1.18
1.14
0.55
0.44
0.79
0.99
0.70
0.53
0.35
0.20
0.14
0.79
1.35
0.86
0.81
0.32
0.95
1.10
0.20
0.63
0.64
0.89
0.90
0.96
0.60
0.41
0.66
1.55
1.75
0.90
1.67
1.60
0.82
0.73
0.80
0.84
1.08
0.25
1.31
0.13
0.30
0.39
0.24
0.47
0.17
0.25
0.48
0.51
0.91
1.37
0.62
0.53
0.51
0.92
0.67
0.53
2.03
1.51
0.95
0.87
0.56
0.77
0.64
1.17
0.61
1.29
1.21
1.68
2.01
0.74
1.96
1.24
1.00
1.01
0.10
1.24
1.75
0.50
0.14
0.18
0.50
1.14
0.29
0.55
1.45
1.99
0.72
0.30
2.56
2.24
1.51
0.88
0.57
0.77
0.64
0.61
0.85
0.38
1.68
0.96
0.69
1.07
1.02
0.82
0.66
2.28
2.71
2.21
0.84
0.28
0.41
0.38
1.49
0.88
2.44
1.37
0.86
0.47
0.79
1.03
0.91
1.30
2.58
1.25
0.48
1.38
0.76
0.88
0.05
0.34
1.09
0.84
0.75
0.19
1.28
1.45
1.28
1.17
0.07
0.07
0.48
1.22
1.35
0.93
2.00
0.88
0.60
0.44
1.91
0.57
0.82
0.98
1.03
1.21
0.45
0.23
1.75
0.69
0.43
2.39
1.40
0.66
1.71
1.32
0.85
1.53
1.54
0.23
0.92
1.66
2.46
0.74
1.97
1.98
1.34
1.98
0.47
0.23
0.20
0.16
1.94
0.58
0.90
0.62
0.71
0.46
0.71
1.16
0.87
0.62
0.56
0.37
0.72
0.88
0.60
0.74
1.28
0.84
1.17
0.80
0.23
0.13
0.39
0.48
0.65
0.20
0.24
0.46
0.68
1.21
1.76
0.51
1.47
1.47
0.19
0.78
0.46
1.12
1.23
0.76
1.10
0.77
0.73
1.45
0.89
0.53
0.24
0.75
0.80
0.24
0.73
1.25
1.54
0.99
1.22
1.37
0.94
1.57
0.75
0.64
1.28
0.81
0.65
1.56
1.49
1.03
0.62
0.91
0.38
0.37
0.89
0.99
0.57
1.10
1.27
0.73
0.93
0.72
0.85
0.49
0.69
0.74
1.06
1.31
0.97
0.85
0.78
0.39
0.93
0.86
0.95
0.90
1.20
0.61
0.74
0.81
1.18
1.18
1.41
1.47
1.34
1.52
1.07
0.93
1.22
1.16
0.84
0.99
0.96
1.04
0.34
0.56
0.58
0.79
1.08
0.72
0.46
0.46
0.63
0.87
1.18
0.56
0.26
0.15
1.03
1.02
0.83
1.13
1.41
1.02
0.82
0.81
0.63
0.33
0.54
0.68
0.25
1.02
1.11
1.39
1.92
1.27
1.32
1.19
1.24
0.36
0.58
1.03
0.49
0.52
0.67
0.97
1.59
1.27
0.80
0.83
0.88
1.45
1.75
0.96
0.69
0.80
0.50
0.96
0.65
3.16
1.78
1.18
0.74
0.80
0.72
1.48
0.74
0.79
0.81
1.04
1.04
0.57
0.28
0.54
1.37
1.88
1.91
0.68
0.31
0.48
0.66
0.23
1.15
1.45
0.72
0.30
0.88
1.15
1.11
1.86
1.55
1.48
1.36
0.79
0.75
0.54
0.49
0.49
0.45
0.62
1.85
3.34
2.41
0.60
0.44
0.99
0.59
0.12
1.16
1.52
1.52
0.53
0.75
0.97
0.33
0.54
0.29
0.69
1.26
0.31
0.59
0.55
0.57
2.77
1.50
1.78
1.17
0.48
0.65
0.13
0.30
0.21
0.64
0.10
0.22
0.51
0.20
0.52
0.18
0.47
0.18
1.21
1.11
0.45
0.24
0.86
0.57
2.26
0.44
0.28
1.68
2.15
1.36
2.36
1.89
0.89
0.56
0.48
0.05
2.59
2.74
3.00
1.37
0.95
1.59
2.30
1.57
2.02
0.84
1.41
2.04
2.18
1.93
2.04
0.90
0.66
0.45
0.42
0.77
0.64
2.69
2.50
1.15
0.66
0.35
1.17
1.19
0.67
0.92
1.14
1.04
1.56
1.00
0.63
0.89
0.89
0.90
0.33
0.44
0.36
1.23
1.08
1.29
1.05
1.35
0.51
1.00
0.58
1.20
0.75
1.61
1.00
0.95
0.14
0.89
0.73
0.89
1.09
2.48
2.16
1.48
1.07
0.91
0.57
0.91
0.44
1.40
0.40
1.16
0.65
1.22
1.36
1.19
0.16
0.71
0.24
1.13
0.26
0.45
0.27
1.58
1.72
0.89
1.50
0.84
0.86
1.74
1.53
1.75
1.23
0.72
1.45
1.12
1.42
0.96
0.55
0.88
0.49
1.43
0.90
0.85
0.61
0.79
2.01
1.19
1.61
1.40
1.66
1.24
0.82
0.71
0.67
1.19
1.79
1.72
0.54
0.83
0.82
1.45
1.45
1.96
2.05
1.90
0.25
0.42
1.22
1.10
1.19
1.15
1.17
0.94
1.07
1.29
1.14
0.74
1.83
0.66
0.15
0.53
0.36
0.47
0.56
0.75
0.61
0.89
0.11
0.41
0.34
1.05
1.00
1.43
1.08
1.20
1.52
1.60
1.24
1.02
1.59
1.81
1.12
0.25
0.69
1.18
0.92
0.67
1.16
0.94
0.90
0.60
1.30
0.88
1.40
0.92
1.40
1.48
1.26
1.13
1.25
0.83
1.20
1.30
1.18
1.55
1.66
1.95
1.12
1.58
0.51
0.51
0.85
0.87
1.40
1.17
1.00
1.08
1.68
0.73
0.98
1.53
1.61
0.91
1.03
0.54
1.28
0.83
0.51
0.65
1.50
0.71
1.32
1.62
2.08
0.73
0.30
0.49
0.36
0.56
1.01
1.03
0.50
1.55
1.13
0.88
0.80
1.49
0.97
0.57
1.55
1.79
1.44
1.63
2.33
2.84
2.17
1.27
1.30
1.14
1.00
0.28
1.04
1.39
1.52
0.95
0.80
1.01
1.82
1.18
1.01
1.39
1.51
0.73
0.94
1.85
1.09
0.75
0.93
1.06
1.17
0.85
0.88
0.51
0.97
1.00
0.84
1.37
1.07
1.40
0.94
0.78
0.91
0.05
0.28
0.90
1.04
0.88
1.05
1.33
2.34
2.60
1.20
2.29
2.83
1.49
0.68
0.38
0.82
0.63
0.27
0.97
0.59
1.77
3.11
0.79
0.52
0.69
0.83
2.39
1.05
0.73
2.57
1.91
0.85
0.72
0.46
0.35
0.36
0.55
1.75
1.93
0.66
2.04
1.44
1.76
2.17
1.51
1.09
0.68
0.68
0.77
0.76
0.99
1.73
1.31
1.86
1.23
0.62
0.48
0.41
0.43
0.09
3.17
1.68
0.53
0.42
0.46
0.63
0.66
0.41
1.04
0.63
1.33
1.03
0.65
0.37
0.86
0.58
0.55
0.45
1.08
1.46
3.19
0.89
1.38
1.37
1.59
1.00
0.99
0.74
0.31
0.38
0.49
1.11
0.39
0.43
0.82
0.61
2.43
1.61
0.90
0.85
0.82
0.38
0.51
2.38
0.52
0.15
0.52
0.17
0.43
2.04
2.14
1.63
0.34
0.45
2.02
3.82
1.67
0.73
1.20
0.43
0.47
0.75
0.89
0.60
0.69
0.45
4.42
1.33
0.40
1.35
1.49
0.72
0.77
0.94
1.06
0.72
0.56
1.85
1.29
0.48
0.36
0.51
0.99
0.67
0.43
0.54
0.07
1.82
1.27
0.37
1.33
0.43
0.44
0.71
1.85
1.35
0.44
0.23
1.36
1.63
1.33
1.70
1.24
0.37
0.55
0.48
0.72
0.65
1.48
1.03
0.63
2.08
2.44
1.37
0.72
0.74
0.41
0.11
0.69
1.08
0.05
0.18
1.74
0.61
0.64
1.00
0.77
1.02
1.58
1.27
1.61
1.46
1.00
1.11
1.12
0.71
0.37
0.49
0.64
1.34
1.16
0.97
1.41
0.72
0.47
1.23
1.08
0.97
0.34
0.11
0.77
0.65
0.47
0.70
0.77
0.86
0.75
1.32
1.46
1.54
0.55
1.03
1.23
0.84
0.97
1.02
0.38
1.10
1.04
0.59
0.25
0.70
0.45
0.27
0.49
0.41
0.83
0.67
1.07
0.94
1.09
0.96
1.02
0.50
0.80
1.51
0.83
1.25
0.64
1.18
1.17
1.18
1.97
1.89
1.94
0.65
1.72
1.84
0.75
1.02
1.02
1.30
0.94
1.13
1.71
1.23
0.89
0.84
0.74
0.97
1.07
0.63
1.22
1.78
1.65
0.71
2.01
1.06
0.96
1.32
1.23
1.06
1.08
0.72
0.86
1.05
0.91
0.78
1.07
1.05
0.47
1.03
0.80
1.37
0.57
0.65
0.91
0.76
1.03
0.90
0.61
0.95
0.91
0.95
1.50
1.61
1.66
0.43
0.46
1.04
0.90
0.95
0.80
0.42
0.34
1.43
0.47
0.45
0.47
0.95
1.54
0.80
1.22
1.49
1.39
1.32
0.82
0.82
1.13
1.27
1.01
1.14
0.28
0.66
0.54
0.97
0.98
0.86
1.06
0.64
2.26
2.24
1.45
1.17
1.22
1.09
0.98
0.56
0.85
0.55
1.07
0.67
1.86
0.70
0.54
0.26
0.38
0.81
0.41
0.47
2.24
1.89
0.93
0.39
0.58
0.60
0.47
0.54
0.61
1.15
0.42
1.57
0.72
0.45
0.67
0.36
0.71
0.97
0.68
1.01
2.60
1.10
0.73
1.23
1.22
1.51
1.16
0.26
1.53
1.18
0.34
1.12
0.70
0.87
0.95
0.85
0.33
0.26
0.20
0.45
0.31
0.65
0.59
0.30
0.27
0.77
0.69
1.47
0.49
1.06
2.84
2.33
0.47
0.33
0.54
0.83
0.28
1.88
2.73
1.85
0.81
0.19
1.44
0.77
1.10
2.33
3.12
0.64
0.73
0.28
1.22
0.79
0.88
0.75
0.22
0.37
0.32
0.54
0.62
0.49
0.12
0.29
0.20
0.57
0.76
0.50
0.38
0.16
0.47
0.29
0.18
0.24
1.45
1.65
2.05
1.00
2.26
0.97
0.56
1.17
0.21
0.99
1.69
1.01
1.31
0.73
0.96
1.21
0.97
1.18
0.50
0.12
0.79
0.33
0.18
0.12
1.06
1.07
0.39
0.54
0.15
0.86
1.33
0.92
0.82
1.36
1.56
1.54
0.54
1.13
1.33
1.74
0.73
0.39
0.78
0.33
0.77
0.55
2.62
1.27
2.39
1.42
1.01
1.22
0.59
0.52
0.63
0.80
0.46
0.22
0.95
1.37
0.83
0.31
0.49
1.13
2.08
2.71
0.87
0.58
0.47
0.16
1.06
1.38
1.01
1.12
0.87
0.48
0.62
1.24
2.92
1.98
1.32
0.43
1.61
1.56
0.94
1.02
0.56
1.25
1.04
1.02
1.04
1.88
1.41
0.38
0.74
0.57
1.21
1.01
1.83
1.98
0.71
0.66
1.15
1.06
0.75
1.17
0.67
0.92
1.22
1.67
1.14
1.17
1.04
0.66
1.07
0.39
1.74
1.63
1.28
0.86
0.39
0.95
1.23
1.31
0.72
0.33
2.13
1.59
1.71
1.08
0.98
1.16
1.04
1.50
0.63
1.10
1.43
0.71
0.92
1.46
1.50
1.49
1.32
1.36
1.37
1.46
0.50
0.96
0.67
0.07
0.24
0.23
0.16
0.05
0.53
0.51
0.79
0.95
1.05
0.71
1.37
1.26
1.51
1.30
0.52
0.76
0.82
1.15
1.19
1.27
1.49
1.34
0.77
0.18
0.72
0.76
1.05
1.56
1.13
1.04
1.18
1.38
1.32
0.77
0.54
0.53
1.44
1.20
1.33
1.35
1.50
1.51
0.68
1.04
0.73
1.19
0.89
0.43
0.37
0.86
0.69
0.63
1.49
0.99
0.92
0.66
1.01
0.99
1.11
0.65
1.35
0.84
0.89
0.71
0.56
0.48
1.20
0.76
1.32
1.42
1.51
1.40
1.33
1.03
1.55
1.76
1.32
1.34
1.34
0.80
1.41
0.93
0.69
2.08
2.16
0.68
0.60
0.99
0.65
0.46
0.57
0.55
1.51
1.42
0.77
0.78
0.47
0.76
1.48
1.79
1.51
0.86
0.53
0.71
0.60
0.66
0.61
0.62
0.42
0.74
0.81
0.62
1.20
0.55
0.47
1.16
0.64
0.56
0.95
0.52
1.17
0.69
0.98
1.08
0.37
0.23
0.59
1.56
1.15
0.89
2.02
0.99
0.63
1.02
0.86
0.57
0.13
0.58
0.86
2.03
1.17
1.30
0.71
0.31
0.75
1.16
1.08
0.36
0.58
0.78
0.50
0.49
0.14
2.18
1.53
1.08
0.37
0.45
0.77
1.37
0.58
1.60
2.28
1.18
0.62
0.51
0.09
0.87
0.44
0.37
0.06
0.25
0.47
0.43
0.27
3.60
3.46
1.72
0.46
0.47
1.14
0.41
0.90
0.34
0.54
0.74
0.57
1.34
1.37
0.91
1.27
1.62
1.76
2.69
2.01
1.49
1.52
1.42
0.96
1.69
1.02
2.24
1.53
1.38
2.09
1.32
2.13
0.91
1.24
1.50
1.03
0.92
0.54
0.81
0.88
0.92
1.08
0.45
0.78
0.74
0.77
0.70
0.91
0.96
0.47
2.05
2.19
0.68
1.48
0.64
0.98
2.30
1.76
1.73
1.25
0.85
0.99
0.09
0.39
1.10
1.07
2.55
1.77
0.33
0.08
0.44
2.06
0.69
0.71
1.25
1.29
1.07
0.83
0.90
1.93
2.20
0.71
1.51
1.32
0.82
1.35
1.69
0.86
1.36
3.32
1.75
1.08
1.19
1.22
1.16
0.98
1.92
1.79
0.82
1.55
2.31
1.77
1.76
1.13
1.08
1.15
1.09
0.73
1.03
0.61
0.80
1.33
0.93
0.44
1.00
1.27
1.13
2.09
2.56
1.19
0.72
0.14
1.93
0.84
0.10
0.83
0.60
1.31
1.54
1.34
1.52
1.11
1.20
1.32
1.57
1.93
0.90
1.10
1.89
2.03
1.59
1.84
2.10
2.28
0.99
1.27
0.96
0.63
0.82
0.73
1.77
1.24
1.24
1.30
1.32
0.61
1.13
0.63
0.72
0.53
0.62
0.90
1.48
1.42
1.10
1.50
1.44
1.07
1.61
1.13
1.13
1.46
0.98
1.24
1.70
1.31
1.25
1.04
1.24
1.20
0.75
0.48
0.76
0.36
1.39
1.24
0.79
0.93
0.98
1.18
0.88
0.26
1.27
1.39
0.46
1.09
0.83
1.14
1.54
1.52
0.73
0.85
0.83
1.26
1.69
1.40
1.42
1.44
1.46
1.40
1.56
1.42
1.25
1.15
1.62
1.86
1.73
1.20
1.39
1.23
1.16
1.20
1.28
1.84
2.37
1.65
2.41
0.91
1.96
1.83
1.64
1.50
1.47
1.52
1.74
1.80
1.80
1.88
1.32
1.07
1.13
0.59
0.71
1.42
1.37
1.38
1.50
1.79
1.70
1.29
1.38
1.05
0.97
0.91
0.83
0.78
1.00
0.10
0.63
1.08
1.28
1.75
1.56
1.11
1.49
2.23
1.37
1.30
1.82
0.70
1.02
0.80
1.03
1.01
1.45
1.50
0.84
2.01
1.54
1.24
1.24
0.75
0.44
1.57
1.28
1.22
1.72
1.43
1.65
0.78
0.47
0.83
1.10
1.07
1.05
1.48
0.89
1.35
1.06
0.61
1.30
0.63
1.13
2.08
1.29
0.95
0.93
1.43
1.13
1.05
3.44
1.35
1.13
1.21
1.29
1.02
0.63
1.17
0.89
0.90
1.34
0.75
0.83
1.18
0.78
0.78
0.68
0.73
0.87
0.87
0.54
0.83
0.72
0.88
0.69
0.91
1.53
1.66
2.77
1.97
0.88
0.76
0.83
0.32
0.64
0.96
0.66
0.72
1.30
2.11
0.97
0.98
0.73
0.85
1.20
1.78
2.24
1.89
0.75
0.65
0.57
0.58
0.82
0.24
1.15
1.50
1.22
2.12
1.82
2.52
1.78
1.23
1.02
1.05
0.89
0.64
1.90
1.63
0.74
0.63
0.53
0.38
0.81
0.43
1.87
0.71
0.61
0.88
0.67
1.12
0.46
0.94
0.23
0.61
0.52
0.96
1.13
1.42
0.90
1.16
2.38
2.40
0.86
0.63
0.20
2.01
0.77
1.62
2.00
1.71
1.36
0.89
0.53
1.31
0.88
0.49
0.95
0.17
0.18
0.54
0.26
0.16
1.50
2.04
1.89
0.48
0.60
1.42
1.28
1.22
0.57
0.58
1.17
0.70
0.86
0.60
0.83
0.56
1.01
0.45
0.69
0.57
2.07
1.63
0.49
0.90
1.16
0.60
0.98
1.28
1.26
1.58
1.67
0.91
0.82
1.78
2.11
1.01
0.77
0.85
1.09
2.24
0.96
0.79
0.84
0.35
0.73
2.08
0.82
1.88
2.25
1.88
0.91
0.09
0.92
0.87
0.16
0.65
0.56
1.14
0.57
0.22
1.12
0.46
1.45
0.99
0.44
1.17
1.32
1.19
0.64
0.68
0.44
0.60
1.35
1.25
0.41
0.14
0.95
0.65
0.90
0.97
0.92
1.95
1.39
0.51
0.64
1.49
1.28
0.85
0.76
0.79
1.38
1.91
1.92
1.23
0.95
0.37
0.06
0.50
0.43
1.61
1.18
0.27
1.54
0.88
1.69
0.55
0.76
0.77
0.64
0.84
0.57
1.10
1.01
1.18
1.21
1.25
1.02
1.31
0.60
0.69
0.90
0.80
1.45
1.40
1.25
1.88
1.09
1.51
1.08
1.21
1.09
0.80
0.59
0.91
1.56
0.96
0.85
1.11
1.02
0.68
0.47
0.35
0.68
0.98
1.43
1.46
1.36
1.24
1.01
0.61
1.18
1.14
1.20
1.37
0.84
0.49
0.47
0.97
0.50
0.66
1.08
0.94
1.41
1.31
0.80
1.65
1.23
1.53
2.06
1.78
1.38
1.22
1.29
1.54
1.26
0.91
0.38
1.16
1.03
0.62
0.82
1.46
0.97
1.11
1.04
1.77
1.13
1.16
1.42
1.23
1.02
1.02
0.97
0.94
1.11
1.23
1.04
1.30
1.18
1.27
1.08
1.08
0.65
1.00
1.36
1.02
0.55
0.92
0.57
0.82
0.72
1.11
0.91
1.29
0.97
1.01
0.56
1.22
1.37
0.26
0.51
1.17
1.51
0.86
1.09
1.00
0.19
0.43
0.89
1.26
1.25
0.84
1.45
1.56
1.24
0.59
0.88
1.03
0.99
1.19
0.98
0.65
3.45
1.62
1.02
0.91
1.14
1.04
0.57
0.97
1.19
0.74
0.89
0.84
0.51
0.52
0.80
1.06
0.98
1.18
1.41
1.24
0.89
0.50
0.42
0.66
1.56
2.24
1.04
0.92
0.73
0.76
0.72
1.07
0.93
0.95
1.09
0.81
0.80
0.69
0.78
0.48
0.39
0.96
1.31
1.03
1.96
1.22
0.71
0.94
0.92
0.60
0.52
0.47
0.44
0.41
0.68
1.30
2.66
1.26
0.76
0.91
0.57
0.18
0.38
0.34
1.62
0.62
0.60
0.97
0.86
0.50
0.47
0.51
0.64
0.64
0.82
0.54
0.42
0.97
1.22
0.82
1.29
0.80
0.70
1.82
1.58
1.09
1.40
2.11
1.93
1.36
2.89
2.13
1.34
0.62
0.14
1.00
1.00
1.24
1.52
1.94
2.49
1.49
1.62
1.70
2.68
0.99
1.05
0.88
0.66
0.52
0.81
1.29
0.40
0.40
0.48
0.39
1.40
0.87
1.29
0.18
1.06
1.63
1.94
1.57
1.02
0.05
0.12
0.60
0.91
1.21
0.65
0.85
1.94
1.18
1.53
0.89
0.32
0.79
1.64
1.92
3.17
2.60
1.65
0.44
0.17
0.12
0.76
1.64
1.11
1.23
0.94
0.47
1.36
0.90
1.08
1.63
1.00
0.80
0.79
0.45
0.24
2.14
3.38
1.58
0.14
0.05
0.15
1.68
1.12
1.21
1.09
1.22
2.14
1.76
1.69
0.86
0.09
0.07
1.02
1.83
1.05
0.55
0.42
0.59
0.98
1.59
1.06
0.05
0.59
1.30
1.10
0.92
1.09
1.14
1.03
1.45
1.13
0.86
0.31
0.67
0.84
1.23
1.33
1.27
1.36
1.14
0.81
1.18
0.90
0.75
1.38
1.63
1.44
0.79
0.58
0.47
0.46
1.72
0.93
0.67
0.49
1.22
0.65
0.68
0.39
0.94
0.36
1.48
1.45
1.15
1.22
0.61
1.27
1.06
1.09
1.18
1.80
1.27
0.72
1.12
0.94
1.34
0.52
0.55
0.50
0.67
0.32
0.80
0.79
1.61
1.17
1.46
1.12
1.51
0.97
0.70
1.11
1.17
1.28
0.18
0.44
0.22
0.20
0.46
0.11
0.08
0.46
0.28
1.16
1.36
1.32
1.33
1.09
1.85
1.04
0.94
1.38
0.98
1.22
1.69
1.98
1.05
1.37
1.22
1.08
1.01
1.01
1.20
0.76
1.08
1.20
1.64
0.54
0.38
0.89
1.12
1.42
1.19
1.02
1.09
1.19
0.49
0.70
1.50
1.08
1.03
1.50
1.45
1.14
1.51
0.68
0.80
0.85
1.32
0.82
1.20
1.02
0.47
0.94
1.05
1.31
1.54
1.19
1.01
1.05
0.59
0.75
1.25
1.08
0.62
0.80
1.23
1.24
1.04
1.09
2.52
0.40
0.86
0.84
0.98
0.98
1.46
1.20
1.11
0.85
1.15
1.15
1.37
0.41
0.80
0.81
0.83
1.13
0.97
0.89
0.74
1.40
0.37
0.53
1.02
1.05
1.13
0.69
0.86
0.97
0.55
1.59
0.17
1.22
1.35
0.92
2.17
1.08
0.57
0.51
0.69
0.84
0.65
0.77
1.21
1.13
0.70
0.40
0.67
0.69
1.38
2.18
1.54
1.14
1.02
1.09
1.07
2.64
1.53
0.46
0.72
1.35
0.68
0.94
1.08
0.43
0.53
0.69
0.72
0.59
0.40
1.33
0.68
0.83
0.86
1.72
1.18
1.08
0.92
2.10
1.30
1.37
0.98
1.35
1.27
1.20
1.04
0.69
0.79
1.53
1.07
0.65
1.06
1.95
2.27
2.59
1.59
1.40
1.10
0.91
1.13
1.67
1.98
1.26
1.09
0.92
0.91
1.25
1.31
0.78
0.95
1.82
1.06
0.85
0.34
0.62
1.20
1.45
1.14
1.02
0.33
1.61
1.10
0.95
0.30
1.37
2.56
3.03
1.52
1.39
1.24
0.45
0.34
0.68
0.62
0.49
0.92
0.44
0.89
1.53
1.63
1.99
2.13
1.62
1.82
1.41
2.39
1.90
0.81
0.48
0.51
0.61
1.01
1.66
1.22
2.57
1.89
1.17
1.08
1.75
2.38
2.11
0.71
0.53
1.26
0.23
0.49
0.74
2.51
2.03
1.27
1.25
0.73
0.53
2.53
0.97
1.15
0.53
0.74
1.08
2.99
2.12
0.99
0.91
0.75
0.05
0.31
0.86
0.59
1.05
0.72
1.01
3.23
1.79
0.93
0.07
0.23
0.64
1.71
2.46
0.87
0.36
0.79
2.07
0.81
0.69
0.59
0.44
0.95
0.68
1.08
0.11
0.18
0.49
0.79
1.08
1.36
0.92
0.82
0.64
0.61
0.38
1.32
1.57
1.78
0.68
0.89
0.45
1.27
0.78
0.76
0.52
0.42
1.12
1.24
2.14
0.68
0.47
1.59
0.63
0.31
0.55
1.19
0.87
1.39
0.72
0.76
0.43
0.75
1.46
0.97
1.07
1.77
1.76
2.63
1.41
1.53
0.87
1.52
0.96
0.88
0.63
0.09
0.31
0.76
0.46
0.75
0.32
0.29
0.36
0.84
0.39
0.05
0.12
1.06
0.68
0.22
0.08
0.11
0.16
0.22
1.01
0.92
0.84
1.21
0.12
0.12
0.28
0.31
0.27
0.88
1.33
1.45
1.19
1.34
1.11
1.04
1.09
1.00
1.34
0.71
1.30
1.48
1.37
1.50
1.20
0.50
1.13
1.17
0.89
1.75
0.85
1.19
1.48
0.89
1.49
0.48
1.17
0.34
0.68
0.58
0.98
0.82
1.11
1.17
1.39
1.20
1.25
0.70
0.85
0.79
1.16
1.02
1.24
1.35
0.98
0.63
0.59
1.03
1.01
1.44
0.59
0.91
1.18
1.96
1.27
1.54
1.05
1.45
1.55
1.29
1.87
1.87
1.74
1.72
0.67
0.89
0.59
0.85
1.16
1.41
1.42
0.86
0.96
0.86
1.69
1.40
1.22
1.34
1.32
1.67
1.42
0.75
1.99
2.07
1.04
0.77
1.15
1.03
1.59
1.16
1.31
1.18
1.17
1.13
0.70
0.80
1.05
0.96
1.00
1.15
0.59
0.71
0.81
0.94
1.30
1.22
1.08
1.29
1.31
0.91
0.93
1.32
1.27
1.35
0.95
0.77
0.96
1.31
1.54
1.66
1.70
1.21
1.02
0.88
1.23
0.74
1.24
0.87
1.14
1.05
1.06
1.04
0.78
0.91
1.31
0.79
0.81
0.92
0.78
0.55
1.04
1.06
0.87
0.86
0.30
1.49
1.17
0.64
1.61
0.84
0.82
0.35
1.25
1.34
0.87
0.68
0.49
1.53
0.50
0.18
1.27
1.78
1.31
1.20
1.75
1.67
0.83
1.32
0.97
1.35
0.51
0.94
2.39
2.28
1.22
1.12
0.92
0.71
0.92
1.45
1.07
1.10
0.65
0.84
0.12
0.76
0.76
0.53
0.74
0.48
0.58
0.84
1.27
0.87
0.91
0.75
1.17
0.82
1.85
1.57
2.35
2.78
1.64
1.79
1.44
1.09
1.16
1.43
1.48
0.84
0.59
1.20
2.23
1.53
1.16
1.03
1.34
1.20
2.84
1.88
1.37
1.68
1.44
2.25
1.25
1.02
0.87
1.45
1.37
1.48
0.86
0.94
0.92
1.13
1.03
1.58
1.39
1.54
1.02
1.15
2.41
1.15
0.37
1.30
1.45
0.87
0.90
1.09
1.14
2.06
1.12
1.83
1.23
1.54
1.93
0.37
0.34
1.31
2.29
3.35
2.04
1.61
1.19
0.44
0.95
1.04
0.19
1.06
1.00
1.24
2.71
1.78
1.38
2.36
1.76
0.82
1.35
0.91
0.99
1.15
0.43
1.42
0.56
0.90
1.47
1.62
1.15
2.82
1.98
0.85
0.68
1.01
0.87
1.01
1.17
0.80
1.28
0.99
1.10
0.88
1.31
1.12
2.36
1.84
1.40
1.15
1.12
1.16
0.82
1.53
1.37
0.99
1.51
1.04
0.88
1.00
1.36
0.69
1.13
0.98
0.29
1.02
1.25
1.36
1.39
1.55
1.54
2.25
1.02
1.07
1.48
1.12
0.98
0.70
1.11
1.02
1.22
1.19
1.60
1.59
1.59
1.31
1.05
1.12
1.55
1.35
1.90
1.80
0.96
0.70
1.15
1.18
0.84
0.71
0.86
0.81
0.28
1.55
0.86
0.88
0.78
1.29
1.50
1.11
1.20
1.26
1.09
1.63
1.28
1.25
1.54
2.03
1.79
1.36
0.96
1.82
2.16
1.44
1.27
1.37
1.56
1.39
1.42
1.31
1.87
1.73
1.59
1.46
1.34
1.39
1.01
1.61
1.33
1.28
1.68
2.03
1.68
1.61
1.29
1.50
1.48
1.66
1.88
1.73
1.80
1.35
1.37
2.03
2.13
1.57
1.69
1.48
1.42
1.40
1.14
1.57
1.51
1.25
1.01
0.97
1.22
0.82
0.22
0.72
1.54
1.88
1.57
1.49
1.29
1.03
1.13
0.85
1.45
1.17
1.29
1.19
1.41
1.51
1.56
1.43
1.25
1.21
1.66
1.48
1.05
1.37
1.08
1.02
1.43
1.30
0.84
1.11
1.13
1.55
1.08
1.27
2.65
1.66
1.92
2.11
2.30
1.56
1.70
1.00
1.01
1.07
0.99
1.62
2.28
1.60
1.19
1.19
1.42
1.70
2.54
2.54
3.15
1.93
1.43
1.19
1.12
1.31
2.27
2.21
1.81
1.47
1.37
1.42
1.18
1.42
1.23
1.20
1.11
1.30
1.68
1.20
1.25
1.52
1.78
1.56
2.11
1.88
1.49
1.77
1.68
2.03
1.93
1.81
1.68
1.32
1.09
1.09
0.99
0.67
0.84
1.23
1.38
2.04
2.32
1.83
1.48
1.33
1.17
0.92
1.50
3.62
3.09
1.61
1.16
1.12
1.06
1.09
1.44
1.32
1.13
1.45
1.60
0.91
0.61
0.90
0.76
1.83
2.45
0.96
1.36
0.71
1.43
1.85
1.69
0.71
0.69
1.39
0.85
1.61
1.70
1.40
1.62
2.39
1.93
2.39
2.07
0.83
0.71
0.56
0.48
0.62
0.73
0.65
0.63
0.53
0.88
0.92
1.03
1.07
1.15
0.97
1.06
0.95
0.95
0.80
1.23
0.92
1.34
1.45
1.11
1.17
0.95
0.95
0.89
1.00
1.05
1.08
0.86
1.19
1.20
0.73
1.11
1.02
1.04
0.68
0.74
0.98
0.61
0.74
0.78
1.03
1.00
0.75
0.71
1.04
0.67
1.04
0.65
0.77
0.89
1.10
1.10
0.77
0.84
1.01
0.73
0.53
0.83
1.02
0.79
0.54
0.55
0.78
0.68
0.72
0.80
0.58
0.62
1.10
0.71
0.52
1.13
0.90
1.08
0.91
0.88
0.84
0.91
0.89
0.66
0.86
0.52
0.74
1.01
1.25
1.22
0.94
0.68
0.83
0.60
0.77
1.33
0.77
1.56
3.21
1.07
1.01
1.06
0.73
0.77
0.60
1.15
1.21
0.80
0.90
0.85
0.81
0.87
0.94
0.65
0.73
0.78
0.65
0.70
0.58
0.68
0.51
0.58
0.90
0.73
1.48
0.83
0.58
0.61
1.45
1.24
0.62
0.87
0.73
0.75
0.67
0.79
0.74
0.50
0.55
0.50
0.81
0.63
0.73
0.90
1.24
0.87
1.10
1.53
1.65
0.89
0.54
0.60
0.76
0.52
0.52
0.61
0.73
0.71
0.58
0.56
1.16
1.48
0.73
0.49
0.94
0.84
0.56
0.60
0.92
0.52
0.95
1.42
1.66
0.69
1.07
0.89
1.07
1.45
0.63
0.52
0.58
0.69
0.89
1.40
1.16
1.09
1.02
0.94
1.17
0.65
0.62
1.05
1.01
0.79
0.67
0.63
0.86
0.77
0.69
1.51
1.27
1.01
0.94
1.39
1.33
0.76
0.57
0.82
0.84
1.65
1.05
0.88
0.70
0.51
0.63
0.71
0.74
0.72
0.84
0.51
0.65
0.77
0.82
0.50
0.99
0.71
0.63
1.12
1.31
0.98
0.63
0.48
0.66
0.96
0.95
0.75
1.02
1.18
0.54
0.57
0.52
0.61
0.74
0.95
0.81
0.58
0.51
0.70
0.58
0.61
0.64
0.72
0.64
0.66
0.79
0.88
0.62
1.11
0.84
0.69
0.54
0.58
0.60
0.66
0.50
0.80
0.75
0.66
0.58
0.78
1.02
1.27
0.87
0.76
0.57
0.50
0.51
0.49
0.79
0.64
0.46
0.50
0.52
0.60
0.65
0.63
0.43
0.52
0.58
0.57
0.61
0.46
0.65
0.53
0.51
0.56
0.73
0.64
0.75
0.77
0.76
0.59
0.37
0.31
0.87
0.53
1.10
0.50
0.43
0.44
0.69
1.11
0.67
0.55
0.84
0.78
0.50
0.46
0.60
0.63
0.71
0.84
0.64
0.80
0.53
0.58
0.42
1.01
0.68
0.54
0.73
1.19
0.51
0.49
0.55
0.57
0.52
0.62
1.09
0.69
0.84
0.59
0.56
0.57
0.55
0.56
0.45
0.62
0.67
0.75
0.39
0.55
0.49
0.56
0.63
1.21
0.99
0.53
0.49
0.68
0.57
0.47
0.55
0.68
0.94
0.41
0.79
0.66
0.48
0.54
0.53
0.78
0.86
1.07
0.97
0.63
0.59
0.80
0.81
0.74
0.42
0.53
0.55
0.61
0.64
0.53
0.67
0.69
1.09
0.59
0.77
0.89
0.73
0.65
0.74
0.59
0.52
0.56
0.74
0.65
0.59
0.61
0.51
0.52
0.44
0.57
0.63
0.77
2.49
1.36
0.91
1.03
1.30
0.85
0.69
1.23
0.76
1.17
1.02
1.40
1.47
1.56
1.23
0.88
1.20
0.78
0.76
0.87
0.78
0.95
1.13
0.86
0.62
0.88
0.67
0.78
1.15
0.95
0.72
0.49
0.66
1.14
1.41
0.52
0.95
1.33
0.86
1.14
0.60
0.89
0.82
0.92
0.87
0.95
0.76
0.75
0.81
0.89
0.92
0.74
0.75
0.81
0.50
0.75
0.59
0.58
0.52
0.65
0.92
0.47
0.83
0.64
0.75
0.99
1.96
0.83
0.70
0.86
0.72
0.93
0.69
0.56
0.66
0.79
0.66
0.57
0.65
0.66
0.72
0.62
0.55
0.64
0.60
0.50
0.62
0.72
0.69
0.57
0.51
0.57
0.94
1.19
0.86
0.65
0.90
1.27
0.38
0.52
0.55
0.52
0.75
0.64
0.78
0.51
0.36
0.61
0.47
0.63
1.30
0.48
0.74
0.75
0.55
0.58
1.32
0.93
0.84
0.56
1.00
0.52
0.60
0.53
0.52
0.55
0.57
0.71
0.73
0.62
0.92
0.47
0.77
0.64
0.70
0.94
1.00
1.14
1.44
1.17
0.92
0.47
0.76
0.87
0.98
0.82
0.76
0.55
0.73
0.75
0.68
0.72
0.65
0.46
0.72
0.76
1.07
0.65
0.74
0.84
1.07
1.11
1.15
0.45
0.55
0.58
0.87
0.69
0.63
0.52
0.74
0.79
0.72
0.80
0.52
0.50
0.82
1.49
1.40
0.85
0.43
0.65
0.45
0.58
0.82
0.51
0.58
0.55
0.41
0.42
0.50
0.62
0.61
0.60
0.55
0.52
0.55
0.65
0.65
0.63
0.51
0.64
0.57
0.54
0.57
0.49
0.47
0.60
0.68
0.45
0.46
0.50
0.69
0.83
0.63
0.68
0.47
0.68
0.65
0.62
0.54
0.87
0.62
0.76
0.51
0.72
0.54
0.60
0.66
0.65
0.49
0.43
0.66
0.62
0.80
0.68
0.73
0.55
0.62
0.65
0.72
0.74
0.54
0.70
0.57
0.40
0.55
0.52
0.50
0.64
0.83
0.67
0.66
0.62
0.55
0.54
0.54
0.54
0.50
0.50
0.47
0.51
0.98
1.23
0.68
0.56
0.52
0.56
0.63
0.55
0.86
0.48
0.91
0.96
0.95
1.10
0.87
0.72
1.08
1.21
1.25
0.93
0.83
0.66
0.47
0.59
0.57
0.50
0.63
0.59
0.87
0.64
0.82
0.51
0.55
0.59
0.60
0.54
0.65
0.47
0.39
0.48
0.38
0.51
0.60
0.58
0.97
1.04
0.74
0.86
0.75
0.62
0.57
0.47
0.40
0.67
0.75
0.60
0.83
0.63
0.54
0.98
0.70
0.56
0.75
0.45
0.48
0.91
0.96
1.03
0.85
0.59
0.60
0.64
0.55
0.60
0.40
0.55
0.42
0.37
0.47
0.82
0.41
0.64
1.17
0.80
0.69
1.13
0.66
0.58
0.53
0.58
0.62
1.41
0.62
1.22
0.83
0.75
0.72
0.66
0.42
0.92
1.08
2.12
1.44
1.25
1.14
1.02
1.05
0.83
0.93
0.89
0.53
0.56
0.62
0.40
0.72
1.59
1.24
1.00
1.03
1.57
1.11
0.91
1.71
1.21
2.27
0.90
1.13
0.86
1.19
0.70
0.58
0.41
0.69
1.02
0.95
1.04
0.55
0.46
0.88
0.89
0.88
1.20
0.90
1.13
0.96
0.75
0.56
0.97
0.89
0.78
1.03
1.33
0.93
0.92
0.41
0.56
0.62
1.10
0.64
0.53
0.58
1.30
0.77
0.69
1.16
0.82
0.91
0.56
1.66
0.70
0.51
1.50
0.74
0.50
0.63
0.95
0.55
0.58
0.80
0.57
0.50
0.54
0.48
0.58
1.54
0.72
0.48
0.47
1.66
1.96
0.54
0.51
0.73
1.00
0.81
0.77
0.55
0.93
1.44
0.49
0.76
0.96
0.99
0.68
0.68
0.63
0.53
1.72
0.52
0.49
0.42
0.81
0.76
0.80
0.50
0.56
0.73
0.50
0.44
0.97
0.62
0.54
0.41
0.39
0.49
0.85
0.55
0.87
1.00
0.93
1.04
0.75
0.67
0.75
0.60
0.81
0.40
0.49
0.62
0.73
0.77
0.90
1.37
1.22
1.33
1.57
1.39
1.27
0.80
1.28
0.99
1.18
1.07
1.00
0.93
0.66
0.69
0.61
0.82
0.62
0.58
0.46
0.61
0.58
0.69
0.64
0.78
0.69
1.06
1.29
1.18
1.04
0.96
0.78
0.60
0.59
0.72
0.49
0.66
0.81
0.61
0.81
0.56
0.62
1.06
1.13
0.73
0.72
0.94
0.83
0.72
0.61
0.67
0.51
0.66
0.66
0.79
0.60
0.55
0.57
0.67
0.56
0.68
0.79
0.53
0.86
0.76
0.58
0.45
0.47
0.49
0.73
0.74
0.43
0.69
0.79
0.47
0.47
0.53
0.57
0.65
0.60
1.09
2.00
0.67
0.55
0.51
0.67
0.43
0.54
0.49
0.53
0.57
1.01
0.72
0.62
0.57
0.66
0.48
0.53
0.48
0.91
0.58
0.69
0.46
0.51
0.46
0.62
0.76
0.60
0.69
0.74
0.78
0.75
0.93
0.69
0.70
0.43
0.87
1.00
0.82
0.67
0.67
0.62
0.60
0.61
0.60
0.51
0.61
0.58
0.47
0.70
0.59
0.54
0.49
0.56
0.59
0.58
0.66
0.99
0.87
0.64
0.66
0.60
0.51
0.77
0.57
0.59
0.62
0.67
0.68
0.66
0.42
0.69
0.57
0.65
0.57
0.60
0.51
0.65
1.04
0.67
0.53
0.56
0.54
0.60
0.91
1.16
1.07
1.01
0.63
0.55
0.57
0.53
0.44
0.71
0.60
0.54
0.78
1.02
0.64
0.36
0.47
0.62
0.74
0.71
0.78
0.78
1.25
1.03
1.11
0.97
0.83
0.47
1.10
0.91
0.89
0.68
0.70
0.99
1.06
0.82
0.76
0.71
0.81
0.73
1.14
0.73
1.01
1.14
0.92
0.94
0.93
0.83
1.18
0.99
0.88
0.78
0.90
0.55
0.42
0.47
0.53
0.59
0.66
0.69
0.96
1.18
1.00
0.87
0.73
0.84
0.62
0.74
0.93
0.77
0.86
0.55
0.54
0.45
0.39
0.82
2.28
0.96
0.68
1.10
0.96
0.94
0.96
0.73
1.39
0.59
1.90
0.71
0.56
0.49
0.50
1.02
0.66
0.84
1.10
1.08
0.95
0.65
1.03
1.47
1.26
0.91
0.67
0.70
0.88
0.66
0.83
0.71
0.68
0.52
0.53
0.50
0.94
0.99
0.59
0.78
0.95
0.86
0.60
0.93
0.88
0.48
0.67
1.10
0.93
1.11
0.56
0.84
0.75
0.72
1.26
0.51
0.84
0.72
0.80
1.02
0.75
1.02
1.22
1.20
0.66
1.11
0.63
0.41
0.79
0.59
0.58
0.50
0.94
1.17
0.86
0.68
0.65
0.60
0.61
0.82
0.68
0.52
0.58
0.55
0.49
1.01
0.64
0.76
0.53
0.45
0.75
0.77
0.65
0.57
0.59
0.56
0.85
1.13
1.39
1.34
1.80
1.29
0.62
1.34
1.07
0.78
0.67
0.83
1.17
1.36
1.34
1.18
0.87
0.61
1.41
0.95
0.78
0.61
0.67
0.68
0.91
0.60
0.62
0.81
0.82
0.63
1.15
1.22
0.96
0.96
1.01
0.97
0.55
0.67
0.65
0.79
0.59
0.49
0.61
0.70
0.61
0.51
0.50
0.74
0.55
0.78
1.02
0.83
0.60
0.54
0.80
0.86
0.64
0.83
0.59
0.67
0.60
0.55
0.54
0.67
0.82
0.72
0.62
0.51
0.78
0.62
0.98
1.16
1.35
1.24
1.14
1.10
0.90
0.58
0.71
0.57
0.40
0.63
0.60
0.42
0.62
0.56
0.79
0.61
0.51
0.66
0.47
0.61
0.58
0.35
0.49
0.43
0.81
0.50
0.51
0.59
0.61
0.67
0.62
0.50
0.61
0.50
0.57
0.69
0.61
0.66
0.64
0.77
0.64
0.77
0.79
0.87
0.73
0.78
0.73
0.51
0.60
1.36
1.10
0.94
1.02
0.73
0.76
0.91
0.55
0.45
0.61
0.61
0.36
0.49
0.52
0.55
0.63
0.74
0.70
0.63
0.56
0.46
0.40
0.56
0.64
0.86
0.85
0.54
0.53
0.74
0.57
0.50
0.66
0.50
0.86
0.68
0.49
0.68
0.86
0.62
1.20
0.97
0.74
0.41
0.40
0.63
0.58
0.89
0.82
0.52
0.82
0.70
0.59
0.62
0.87
0.64
0.54
0.45
0.42
0.54
0.42
1.11
0.73
0.61
0.73
0.59
0.73
0.58
0.65
0.61
1.00
0.90
0.76
0.62
0.64
0.62
0.88
0.82
0.66
0.70
0.57
0.64
0.77
0.98
0.71
0.53
0.68
0.67
0.56
0.73
0.64
0.70
0.54
0.53
0.62
0.77
1.08
0.80
1.00
0.85
0.92
1.02
0.84
0.82
0.73
0.44
0.56
0.84
0.95
0.47
0.82
0.80
0.53
0.75
1.24
1.16
0.82
0.83
0.50
0.50
0.78
0.99
0.70
0.56
0.51
0.98
0.79
0.46
0.62
1.39
0.99
1.43
0.90
1.07
0.91
0.64
0.57
0.82
0.90
0.94
1.31
0.77
0.97
0.59
0.53
1.09
0.86
0.78
0.92
1.26
0.98
1.29
1.08
0.65
0.90
0.80
0.84
0.63
0.84
0.75
0.83
0.85
1.32
0.84
0.60
0.63
0.54
0.80
0.58
0.71
0.95
1.30
0.62
0.89
1.17
1.21
0.79
0.86
0.49
0.56
0.75
0.39
1.26
0.63
0.81
1.05
0.71
1.11
0.68
0.83
0.71
0.56
0.57
1.22
1.00
1.49
0.84
1.13
1.06
0.78
0.88
0.63
0.61
0.96
0.74
0.53
1.06
1.72
0.54
0.94
0.65
1.20
0.94
1.83
1.59
0.48
0.66
0.79
0.53
0.47
0.92
1.09
1.06
0.69
0.75
0.69
0.50
0.81
0.57
0.73
0.81
0.92
0.90
0.82
0.58
0.51
0.42
0.52
0.64
0.44
0.49
0.55
0.92
0.62
0.89
0.68
0.47
0.39
0.38
0.52
0.57
1.06
1.25
0.50
0.98
0.60
0.50
0.53
0.70
0.75
0.57
0.54
0.49
0.74
0.50
0.79
0.75
0.95
0.63
0.61
1.08
0.67
0.57
0.54
0.49
0.76
0.91
0.75
0.68
0.84
0.81
0.78
1.46
1.24
1.34
1.11
1.32
1.36
1.01
0.96
0.56
0.38
0.76
0.59
0.65
0.70
0.60
0.70
0.72
0.54
0.60
0.50
0.65
0.78
0.56
0.73
1.03
1.11
1.04
0.79
0.67
0.40
0.98
0.76
0.80
0.99
1.04
0.70
0.62
0.56
0.69
0.63
0.56
0.67
0.47
0.63
0.61
0.62
0.95
0.72
0.74
0.65
0.60
0.47
0.63
0.64
0.68
0.47
0.59
0.32
0.40
0.62
0.59
0.56
0.59
0.55
0.52
0.52
0.59
0.83
0.74
0.74
0.72
0.62
0.43
0.44
0.46
0.52
0.75
0.55
0.53
0.57
0.67
0.68
0.98
0.78
0.69
0.73
0.62
0.67
0.62
0.60
0.83
0.48
0.61
0.47
0.80
0.71
0.58
0.70
0.63
0.58
0.60
0.61
0.54
0.41
0.45
0.43
0.46
0.68
0.45
0.36
0.44
0.45
0.51
0.57
0.66
0.62
0.53
0.47
0.67
0.65
0.63
0.73
0.44
0.78
0.61
1.13
0.68
0.58
0.52
0.52
0.68
0.85
0.75
0.49
0.58
0.59
0.50
0.79
0.95
0.82
1.03
0.83
0.72
0.49
0.80
0.73
0.70
0.86
0.75
0.70
0.56
0.63
0.62
0.48
0.60
1.02
0.99
0.58
0.72
0.60
0.83
0.77
1.35
3.31
0.81
0.79
1.10
0.64
0.87
0.56
0.52
0.58
0.67
0.84
1.58
0.93
0.49
0.35
0.44
1.06
1.09
1.10
0.88
0.94
1.26
1.23
0.84
0.85
0.69
0.83
0.69
0.39
0.54
1.00
0.74
0.57
0.67
0.66
0.92
0.53
0.83
0.63
0.41
0.69
0.49
0.57
0.47
0.55
0.76
0.65
0.73
0.51
0.80
0.78
0.85
0.69
0.79
0.63
0.63
0.96
0.61
0.72
0.81
0.60
0.68
0.68
1.21
0.89
0.81
1.12
0.77
0.58
0.42
0.63
0.47
0.88
1.27
0.90
0.68
0.68
0.50
0.60
0.66
0.50
0.93
0.62
0.47
0.99
1.02
0.86
0.40
0.80
1.50
0.55
1.50
0.77
0.80
1.36
1.34
0.85
1.33
0.95
0.55
0.48
0.76
0.78
0.73
0.62
0.94
0.78
0.71
0.70
0.93
0.54
0.75
0.92
0.73
0.40
0.73
0.50
0.62
0.65
1.10
1.10
1.04
0.90
1.05
0.88
0.78
1.72
0.62
0.60
0.66
0.66
0.96
0.88
1.22
1.39
0.85
0.66
0.74
0.55
0.52
0.83
0.79
0.68
0.72
0.59
0.65
0.59
0.94
1.05
0.83
0.52
1.04
0.58
0.74
0.43
0.44
0.51
0.54
1.08
1.26
1.02
1.18
1.02
0.93
1.15
1.46
0.89
0.96
0.64
1.03
1.07
1.55
1.05
0.55
0.79
0.64
0.67
0.72
0.65
0.65
0.57
0.60
0.72
0.56
0.71
0.71
0.78
0.78
0.70
0.89
0.97
1.30
1.38
1.16
0.80
1.19
1.07
1.18
1.36
1.42
0.97
1.28
0.81
0.85
0.64
0.41
0.68
1.43
0.85
0.71
0.48
0.44
0.57
1.01
0.74
0.51
0.38
0.78
0.65
0.81
0.74
0.66
0.61
0.63
0.64
0.68
0.51
0.64
0.59
0.74
0.70
0.65
0.76
0.74
0.53
0.62
0.50
0.66
0.71
0.84
0.59
0.52
0.42
0.52
0.42
0.58
1.07
1.27
0.85
0.53
0.54
0.45
0.59
0.55
0.80
0.49
0.56
0.46
0.47
0.72
0.49
0.44
0.53
0.50
0.48
0.51
0.52
0.49
0.57
0.54
0.53
0.59
0.63
0.57
0.73
0.67
0.94
1.18
1.05
0.60
0.58
0.81
0.81
0.47
0.71
0.45
0.42
0.54
0.55
0.61
0.68
0.72
1.43
0.70
0.36
0.37
0.53
0.75
0.67
0.54
0.50
0.74
0.79
0.64
0.60
0.78
1.10
0.41
0.52
0.76
0.81
0.86
0.69
0.33
0.43
0.47
0.40
0.63
0.72
0.59
0.81
0.63
0.54
0.54
0.55
0.38
0.40
0.35
0.38
0.73
0.52
0.74
0.93
0.55
0.70
0.58
0.54
0.48
0.42
0.46
0.56
0.66
0.57
0.39
0.58
0.95
0.74
0.41
0.57
0.41
0.51
0.71
0.36
0.64
0.45
0.51
0.80
0.67
0.60
0.50
0.55
0.59
0.92
0.72
0.77
1.01
0.71
0.68
0.54
0.61
0.64
0.68
0.62
0.77
0.62
0.69
0.46
0.39
0.47
0.40
0.69
0.61
0.51
0.45
0.56
1.22
0.79
0.70
0.70
0.47
1.04
0.88
0.79
0.50
0.50
0.67
0.62
0.48
0.73
0.61
0.70
0.46
0.70
0.43
0.47
0.35
0.24
0.46
0.40
0.71
0.80
0.61
0.66
0.93
0.39
0.75
1.15
0.74
0.73
1.08
1.05
0.59
0.67
0.94
0.52
0.45
0.85
0.88
0.81
0.77
0.48
0.44
0.57
0.54
0.61
0.48
0.48
0.85
1.11
0.69
0.76
0.70
0.74
0.83
0.68
0.53
1.04
0.73
0.71
0.85
0.68
0.50
0.42
0.27
0.81
0.46
0.98
1.01
0.69
0.50
0.46
0.48
0.71
0.73
0.75
1.53
1.02
0.75
0.51
0.61
0.57
0.61
0.37
0.59
0.70
0.83
0.38
0.61
0.50
1.04
1.17
0.67
0.94
0.81
1.45
1.02
0.83
1.09
0.64
1.28
0.48
0.47
0.61
0.44
0.43
0.86
0.76
0.51
0.64
0.34
0.44
0.65
1.05
0.77
0.40
0.27
0.53
0.63
1.43
0.92
0.53
1.21
1.47
0.44
0.37
0.83
0.72
0.99
0.42
0.83
0.40
0.53
0.93
1.13
0.59
0.43
0.51
0.44
0.44
0.74
1.22
0.65
0.54
0.49
0.65
0.42
0.47
0.52
0.51
0.56
0.64
0.61
0.47
0.54
0.67
0.56
0.88
0.79
0.82
0.68
0.54
0.38
0.40
0.45
0.68
0.79
0.74
0.56
0.44
0.71
1.01
1.10
0.82
0.80
0.64
0.37
0.56
0.64
0.84
0.65
0.84
1.09
1.13
0.80
0.83
0.63
0.62
0.56
0.52
0.59
0.74
0.78
1.14
0.98
0.57
0.39
0.43
0.56
0.50
0.53
0.71
0.49
0.59
0.45
0.47
0.63
0.46
0.51
0.59
0.60
0.53
0.46
0.47
0.60
0.99
0.90
1.00
0.83
0.53
0.63
0.80
0.77
0.42
0.75
0.86
0.47
0.51
0.53
0.46
0.40
0.52
0.47
0.34
0.52
0.76
0.54
0.45
0.49
0.50
0.34
0.46
0.38
0.45
0.43
0.46
0.60
0.65
0.74
0.54
0.38
0.79
0.85
0.64
0.65
0.73
0.50
0.37
0.35
0.35
0.53
0.49
0.62
0.48
0.58
0.61
0.65
0.73
0.67
0.59
0.73
0.75
0.75
0.82
0.79
0.65
0.73
0.57
0.50
0.53
0.42
0.44
0.59
0.84
0.90
0.54
0.43
0.38
0.40
0.63
0.40
0.47
0.44
0.40
0.81
0.52
0.56
0.44
0.43
0.63
0.45
0.54
0.58
0.61
0.63
0.68
0.71
0.63
0.65
0.83
1.01
0.63
0.56
0.43
0.50
0.44
0.46
0.69
0.77
0.60
0.43
0.54
0.77
0.90
0.96
0.75
0.56
0.74
0.69
0.55
0.52
0.70
0.86
0.94
0.72
0.73
0.69
0.42
0.70
1.12
0.74
0.52
0.33
0.37
0.66
0.60
0.42
0.59
0.61
0.91
0.79
0.59
0.65
0.43
0.85
0.86
0.57
0.73
0.87
0.57
1.26
0.98
0.92
0.73
0.73
0.68
1.05
1.01
1.01
0.91
1.04
1.03
1.08
0.75
0.79
1.08
0.98
1.40
1.02
0.54
0.82
0.83
0.90
1.69
1.17
1.02
2.03
1.52
2.11
2.46
2.04
1.03
1.65
2.72
2.36
0.95
1.36
1.84
1.29
1.28
0.90
1.69
1.41
1.75
1.76
3.05
1.29
0.89
1.74
1.54
3.05
2.66
2.84
4.60
2.26
1.13
2.51
1.36
2.70
1.35
1.29
2.98
2.60
1.44
1.51
1.48
1.43
1.38
1.96
1.54
2.35
2.19
1.61
1.83
2.22
1.94
1.98
2.00
2.34
1.57
1.82
1.05
2.90
1.84
2.24
2.96
4.38
3.72
3.29
2.92
2.34
3.27
2.00
1.52
2.02
1.70
2.01
2.07
1.59
2.50
1.35
2.17
3.69
3.09
2.36
2.10
1.55
1.06
2.00
1.80
1.24
1.89
1.26
1.81
1.68
3.39
2.76
1.51
1.24
1.59
2.33
1.30
2.49
1.21
1.89
2.25
2.03
2.06
3.29
2.93
1.45
2.42
3.01
2.24
1.84
1.90
1.13
1.34
1.16
1.80
2.24
3.41
2.32
3.50
1.68
1.31
2.90
2.92
2.35
1.77
1.29
1.60
2.56
2.57
3.21
2.85
1.73
1.26
1.85
2.47
2.09
2.36
3.13
2.30
1.30
2.03
1.45
1.96
1.05
1.98
2.02
3.13
3.44
2.08
2.59
2.33
2.32
1.35
1.42
1.93
1.69
2.40
2.23
1.97
2.27
2.98
1.73
1.84
1.36
1.45
1.56
2.18
1.78
1.42
2.07
2.21
1.53
2.16
2.44
1.97
2.12
1.98
1.90
2.05
1.77
1.55
1.49
1.49
1.25
1.72
1.56
1.42
1.33
2.30
3.16
2.74
2.50
2.09
0.89
0.77
1.04
2.33
1.24
0.65
0.84
0.64
1.32
0.89
1.33
1.30
1.03
1.33
0.72
0.83
0.78
0.93
0.68
0.94
0.73
0.62
0.67
0.97
1.29
1.05
1.06
1.04
0.75
0.78
0.91
1.28
0.95
0.91
1.17
0.98
0.79
1.25
1.30
1.50
0.93
0.75
1.19
0.85
1.55
1.89
2.39
2.15
1.96
1.07
1.02
0.73
1.05
0.68
1.43
1.00
1.56
1.92
1.68
1.98
2.31
1.01
1.23
1.23
1.15
1.34
2.20
1.09
1.18
0.83
1.07
1.01
0.83
0.85
0.76
0.87
1.12
0.81
0.99
1.11
1.25
0.91
0.94
0.86
0.71
0.64
0.71
0.67
0.82
1.18
0.89
0.84
1.25
0.73
0.63
0.76
0.98
1.03
0.87
0.80
0.78
0.54
0.84
0.85
0.62
0.90
0.95
0.62
0.71
0.77
0.76
0.66
0.92
1.02
0.82
0.88
0.99
1.03
1.06
0.84
0.82
0.87
0.77
0.61
1.18
1.16
1.37
0.92
0.83
0.77
0.67
0.52
0.79
0.55
1.62
1.27
0.70
0.84
0.78
0.79
0.79
1.15
0.68
0.62
0.62
0.89
0.58
1.23
0.92
1.00
0.84
0.67
0.90
1.01
1.06
0.72
0.70
1.02
1.36
1.26
0.90
1.00
1.27
1.37
1.50
1.48
0.97
0.86
0.82
0.67
0.72
1.01
0.98
1.17
0.96
0.65
1.29
1.00
1.21
0.84
0.76
0.76
1.04
1.17
1.25
1.59
1.58
0.95
0.72
0.68
0.80
0.58
1.07
1.00
0.76
0.87
0.73
1.18
0.84
0.90
1.02
0.94
0.58
0.78
0.86
0.89
0.88
0.59
0.83
1.47
1.60
1.44
0.82
1.04
0.97
0.88
0.77
0.87
1.56
0.96
1.35
1.30
1.64
0.83
1.18
1.42
0.91
1.18
1.07
0.79
0.56
0.58
1.00
0.89
1.43
0.96
0.84
1.21
2.07
1.34
0.93
1.16
0.86
0.94
1.17
0.72
1.26
1.31
1.39
1.21
0.90
1.10
1.75
1.23
1.18
1.41
1.00
1.15
1.61
0.96
0.96
0.98
0.90
1.41
1.80
1.22
1.07
1.13
1.46
1.22
1.04
1.57
0.91
0.98
0.82
0.97
0.88
1.57
0.81
0.83
0.81
1.13
0.84
0.83
0.86
0.77
0.74
0.97
1.11
1.11
1.13
0.78
0.98
1.49
1.31
1.28
1.52
0.75
0.68
0.65
0.66
0.75
0.97
0.75
0.92
1.03
0.94
1.06
1.56
0.79
0.90
0.91
1.29
1.06
1.04
1.25
1.04
0.96
0.97
0.99
1.13
1.35
1.30
0.99
1.43
1.34
1.38
1.00
0.80
0.74
0.95
1.02
1.08
0.85
0.92
0.91
1.09
1.15
1.60
1.41
0.90
0.70
1.61
1.60
1.20
0.94
0.96
0.88
0.92
0.78
0.83
0.89
1.07
0.95
0.71
1.55
1.02
1.22
1.03
0.79
0.95
0.74
0.58
0.79
1.00
0.92
0.76
1.48
1.04
0.85
1.19
1.05
0.98
0.78
0.74
0.79
0.75
0.80
0.80
0.88
0.96
0.91
0.81
0.75
0.72
0.76
1.12
0.79
0.72
0.77
0.69
0.83
0.83
0.75
0.77
0.76
0.89
0.77
1.00
1.44
1.36
0.76
0.75
0.73
1.13
0.97
0.75
0.78
0.63
0.85
0.95
1.15
2.05
1.89
0.88
0.79
0.65
0.65
0.83
0.61
0.90
0.80
0.95
1.42
0.98
1.03
0.78
0.90
0.90
0.85
0.94
0.82
0.83
1.05
0.88
0.94
1.57
1.12
0.77
0.50
0.75
0.63
0.70
0.91
1.23
0.91
1.37
1.01
0.90
0.60
0.75
0.58
0.61
0.90
1.17
1.23
1.12
0.95
0.56
0.66
0.68
0.74
0.79
0.73
0.76
0.67
0.84
0.63
0.95
1.13
1.03
0.95
1.08
1.11
0.86
0.97
0.81
0.98
0.67
0.61
0.68
0.71
0.88
0.79
0.80
0.68
0.52
0.75
0.72
0.97
0.99
0.94
0.97
0.96
0.72
0.74
0.65
0.87
0.84
1.08
1.09
0.74
1.37
1.61
0.92
0.88
0.60
0.68
0.35
0.62
0.42
0.45
0.58
0.47
0.94
0.65
0.81
0.75
0.78
0.87
0.95
0.94
0.91
0.78
0.81
0.70
1.20
1.15
0.73
0.96
0.70
0.71
1.00
0.89
0.63
0.83
0.63
1.12
0.84
0.93
0.72
0.56
0.81
0.67
0.97
0.65
1.79
1.11
0.86
0.83
0.76
0.72
0.64
0.64
0.95
0.69
0.83
1.26
0.75
1.28
1.28
1.20
0.89
0.73
0.90
0.63
0.64
1.07
0.85
0.76
0.85
1.18
0.76
0.55
0.61
0.93
0.83
0.62
1.15
1.44
0.98
0.78
0.66
0.69
0.92
0.77
1.09
1.25
0.83
0.86
1.45
0.98
0.84
0.76
0.86
0.78
1.24
0.99
0.68
0.91
0.73
1.07
1.24
0.91
0.98
1.15
1.35
1.66
1.07
0.88
0.61
0.91
0.84
0.77
1.14
0.76
0.91
1.19
0.99
0.80
0.63
0.73
0.96
1.13
0.96
1.02
0.73
0.86
0.98
0.89
0.99
0.86
0.80
0.77
0.66
1.02
0.85
0.70
1.16
0.73
0.74
0.79
0.87
0.73
0.92
0.74
0.50
0.69
0.53
0.64
1.00
0.79
0.56
0.65
0.74
0.74
0.70
0.65
0.97
1.39
0.57
0.72
0.91
1.40
0.98
0.68
0.63
1.05
1.10
0.66
0.86
0.78
0.81
0.77
0.90
1.17
0.68
0.67
0.85
0.64
0.72
0.94
1.32
1.46
0.83
0.90
1.12
0.65
0.96
0.78
1.02
0.65
0.89
0.98
0.75
0.81
0.88
1.19
1.16
0.77
0.57
0.70
0.49
0.75
0.65
0.89
0.80
0.69
0.65
0.51
0.84
0.59
0.84
0.78
0.68
0.77
0.68
0.89
0.77
0.76
0.62
0.82
0.65
0.73
0.77
0.87
0.67
1.01
1.13
1.01
0.89
1.17
1.21
0.99
0.98
0.58
0.61
0.55
0.52
0.53
0.76
0.71
0.89
0.89
0.67
0.77
1.11
0.52
0.74
0.77
0.87
0.93
0.80
0.81
0.73
0.58
0.49
0.61
0.62
0.73
0.79
1.19
1.00
1.12
0.38
0.78
0.68
0.64
0.65
0.57
0.66
0.56
0.41
0.51
0.80
0.80
0.52
0.44
0.69
0.53
0.72
0.55
0.51
0.68
0.70
0.87
0.85
0.68
0.85
0.55
0.60
0.72
1.03
1.73
1.57
1.27
0.94
0.90
0.80
0.70
0.68
0.84
0.75
0.94
0.75
0.80
0.63
0.81
0.87
0.96
1.03
0.74
0.61
0.63
1.01
1.13
1.00
0.69
0.58
1.08
0.65
0.63
0.77
0.79
0.45
0.88
0.76
0.66
1.43
1.57
1.22
1.34
0.69
0.72
0.77
1.21
0.93
1.14
0.46
0.55
0.60
0.95
1.49
0.98
0.97
0.92
0.79
0.73
0.60
0.86
0.53
0.46
0.84
0.96
0.85
0.72
0.65
1.14
1.07
1.03
0.61
0.71
0.70
0.55
0.42
0.62
0.83
0.77
0.69
0.44
0.89
0.71
0.71
0.68
0.74
0.61
0.87
1.14
0.69
0.81
0.80
0.66
0.86
0.70
0.78
0.91
0.58
0.53
0.80
0.41
0.45
0.51
0.54
0.62
1.04
0.85
0.90
0.88
1.37
1.15
1.08
1.39
1.23
0.91
1.05
0.70
0.89
0.78
0.92
0.91
0.82
0.96
0.63
0.70
0.74
0.78
0.64
1.04
0.63
0.62
0.83
1.11
0.91
1.07
1.10
1.23
0.98
0.64
0.88
1.07
1.06
1.03
0.67
0.98
1.08
1.25
1.13
0.81
0.99
0.76
0.75
0.75
0.65
0.65
0.61
1.08
0.59
0.56
1.01
0.90
0.86
1.87
0.93
0.60
0.68
0.67
0.69
0.61
0.73
0.48
0.56
0.66
0.70
0.64
0.78
1.00
0.64
1.13
0.98
0.96
0.59
0.72
0.88
1.03
0.83
1.14
1.25
0.96
0.74
0.66
0.57
0.90
1.31
0.67
0.80
0.92
0.80
0.60
0.50
0.79
0.42
0.87
0.48
0.87
0.71
0.62
0.74
0.87
1.02
0.85
0.78
0.58
0.61
0.57
1.19
0.86
1.11
1.07
1.05
1.36
1.18
0.92
0.98
0.80
1.25
1.04
1.11
1.47
0.96
0.95
0.54
0.86
0.77
0.68
0.79
0.69
0.57
0.55
0.53
0.49
0.92
0.70
0.51
0.58
0.65
0.59
1.14
0.84
0.73
0.83
0.85
0.89
1.24
1.14
0.65
0.63
0.77
0.70
0.90
0.86
0.90
1.20
0.75
0.83
0.98
1.38
1.37
1.39
1.32
1.02
0.61
0.79
0.74
0.89
1.17
0.85
0.71
0.95
0.91
0.99
1.02
0.91
0.79
0.77
0.71
0.70
0.72
0.66
0.74
0.53
0.53
0.79
0.74
0.76
0.77
0.50
0.71
0.98
0.92
0.59
0.77
0.80
0.86
0.73
0.86
0.78
0.66
0.92
1.00
0.82
0.86
0.79
1.21
0.68
0.82
1.06
1.11
0.79
0.76
0.77
0.77
1.08
0.68
0.82
0.84
1.14
0.87
0.96
0.84
0.83
0.99
0.81
1.03
0.89
0.78
0.90
1.09
1.01
0.63
0.86
1.71
1.37
0.87
0.73
0.93
0.91
0.97
0.77
0.69
0.66
0.85
0.88
0.84
0.81
0.96
0.83
1.07
0.99
0.91
0.75
0.66
0.76
0.59
0.53
0.60
0.88
1.56
1.04
1.00
0.70
0.68
0.88
0.96
1.01
0.70
0.53
1.06
0.92
0.68
0.58
1.06
0.48
0.63
1.28
0.63
1.18
1.15
1.45
1.61
0.72
0.50
0.42
0.55
0.76
0.88
1.00
0.81
0.59
1.17
1.20
0.98
0.98
0.91
0.64
1.00
1.09
1.01
0.92
1.15
0.87
0.61
1.49
0.74
0.52
0.63
0.77
0.52
0.69
0.77
0.72
0.78
0.57
0.90
1.65
1.79
1.28
1.51
1.63
0.96
1.77
1.38
0.81
1.14
0.96
0.75
0.75
0.65
0.57
0.69
1.42
1.32
1.04
1.01
2.13
1.82
1.95
1.91
1.94
