19790101
2.40
1.09
1.27
0.46
0.87
0.15
0.77
0.41
0.48
0.80
2.09
4.18
1.12
3.38
2.69
0.10
1.61
3.88
0.21
0.48
0.98
0.70
0.81
2.11
0.83
0.63
0.38
0.68
3.10
2.16
3.86
1.32
0.38
0.19
0.75
1.32
1.26
0.05
0.72
0.59
0.70
1.46
0.78
0.15
0.89
1.54
1.12
0.64
0.96
0.06
0.79
2.37
2.20
2.70
2.60
3.84
0.26
0.74
1.31
1.52
1.12
1.39
1.20
0.23
0.48
0.05
0.05
0.33
1.74
2.24
1.00
1.58
0.96
0.43
0.50
1.35
0.49
1.06
0.90
0.77
0.82
2.28
1.27
0.18
0.70
0.15
0.05
1.77
0.66
2.63
1.85
1.97
1.34
2.56
1.83
0.05
1.69
1.33
1.31
0.13
0.34
1.43
2.94
0.38
0.24
0.42
0.86
1.32
1.48
1.61
0.76
0.84
1.74
0.84
1.30
1.83
1.33
1.34
1.22
0.87
2.09
1.15
0.25
0.07
0.73
1.17
2.81
1.39
0.56
1.30
0.57
2.16
0.58
1.73
2.27
1.52
0.92
0.30
1.06
0.50
0.59
1.72
1.50
0.29
0.16
0.92
1.03
0.60
0.52
0.59
0.34
1.08
1.01
0.78
1.25
0.72
1.32
0.59
0.05
0.62
0.24
2.11
1.06
0.27
0.32
0.14
0.71
0.68
0.12
0.92
0.96
0.34
0.71
0.86
1.63
2.32
2.52
1.08
0.91
0.32
0.77
1.35
0.83
0.85
0.49
0.80
1.46
0.94
1.56
1.64
1.25
1.03
2.76
2.71
1.66
1.48
1.48
1.56
0.54
1.29
0.57
0.74
0.62
0.92
0.61
1.30
0.41
1.09
1.01
2.51
1.86
1.68
3.15
3.03
1.42
0.84
0.66
1.36
1.41
1.46
1.31
0.57
0.21
0.50
0.87
1.06
1.96
1.39
1.93
0.36
0.85
1.06
0.07
0.23
0.20
1.17
0.62
0.48
0.97
2.50
1.10
0.35
0.85
0.82
1.64
1.62
0.72
0.67
0.56
1.55
1.56
1.02
0.82
0.50
0.24
0.35
0.30
0.52
0.53
1.14
0.55
0.98
1.05
1.00
1.38
0.86
0.78
0.85
0.88
1.65
0.62
0.80
0.75
1.00
1.38
1.64
1.20
1.27
1.01
1.05
0.81
0.75
0.65
0.86
1.08
0.58
0.68
1.02
0.76
3.00
2.34
1.01
1.06
2.00
0.70
0.94
0.48
0.21
0.50
0.23
1.24
0.24
1.13
0.68
0.81
0.42
0.65
1.04
1.71
0.96
0.84
0.94
0.36
1.73
3.03
4.28
1.64
0.33
0.49
0.85
4.21
3.34
0.32
0.75
1.44
2.38
1.26
1.02
1.93
1.13
0.83
1.35
0.85
1.18
1.07
0.46
1.05
1.27
0.69
0.59
1.03
0.74
0.80
1.13
2.41
2.06
0.81
0.76
0.72
0.53
0.49
0.93
0.48
1.63
0.64
1.29
2.83
1.98
1.29
1.25
0.90
0.65
0.86
0.56
0.51
0.76
0.85
2.96
3.92
1.21
2.51
1.78
1.26
1.09
0.75
0.99
1.66
1.98
1.38
0.99
0.06
0.97
0.57
0.97
1.85
1.18
0.37
0.32
0.57
0.67
1.25
0.51
0.36
4.80
4.76
1.01
2.09
1.88
0.65
3.04
1.66
1.13
2.06
1.59
1.27
0.99
1.43
3.05
1.36
1.74
1.00
0.68
0.60
0.38
0.45
1.95
1.19
0.97
0.32
0.89
0.45
1.59
2.31
0.85
0.83
1.68
0.50
1.16
0.91
0.48
1.15
1.21
1.17
1.59
0.05
1.94
1.37
1.59
1.95
0.35
0.05
1.22
2.57
0.15
0.14
3.30
2.60
2.09
3.13
1.32
0.39
0.37
0.08
0.83
1.07
2.08
1.54
1.85
0.05
1.19
1.46
1.03
0.38
0.58
0.74
0.38
0.81
0.29
2.84
2.32
0.13
1.28
1.16
2.54
0.23
0.27
0.82
0.31
1.02
1.32
0.87
0.32
0.65
0.56
1.61
1.78
1.36
0.45
0.39
0.16
0.30
0.98
0.88
2.05
0.68
1.05
0.32
1.21
0.54
1.74
0.78
2.30
0.61
1.18
0.36
1.20
1.51
0.25
0.52
0.66
1.70
3.06
0.39
0.31
0.34
0.82
1.01
1.42
0.42
0.79
0.38
0.36
0.76
1.26
0.67
0.38
0.75
0.62
0.84
1.88
0.09
0.71
1.60
1.38
0.63
0.48
0.95
0.69
0.65
1.44
0.64
1.74
1.33
1.16
0.91
1.03
0.94
1.27
0.72
1.15
1.07
1.26
0.22
0.06
0.61
0.84
1.41
1.99
3.29
0.94
0.73
1.40
1.11
0.59
0.69
1.29
1.20
1.27
1.47
0.92
1.00
1.88
1.00
4.34
3.12
2.40
1.46
1.20
1.64
0.98
0.85
0.84
0.96
1.12
0.60
0.15
1.24
0.13
0.94
1.25
0.89
0.93
0.76
1.37
1.05
0.53
0.86
0.63
0.69
0.52
0.87
1.41
0.20
0.37
0.65
2.16
0.78
1.25
0.81
0.13
1.81
0.45
0.16
0.32
0.95
1.15
0.84
2.52
1.74
0.83
0.19
1.37
0.24
0.88
1.32
1.67
3.34
1.41
0.16
1.07
2.38
2.23
1.55
1.60
0.78
0.47
0.59
1.23
1.00
1.13
1.05
0.92
0.86
0.65
0.72
0.89
0.27
1.06
0.27
1.86
2.51
2.44
0.52
0.95
0.79
0.70
1.40
1.55
0.44
1.88
0.87
0.40
0.56
2.02
0.68
1.33
0.10
0.73
0.88
0.56
1.05
0.84
0.69
0.52
0.12
0.89
0.37
0.66
1.28
1.07
0.57
0.82
1.49
0.52
0.43
0.29
0.63
1.04
0.51
0.41
1.23
0.99
0.67
0.75
0.54
0.23
0.61
0.71
0.26
1.17
1.07
1.75
0.38
0.39
0.24
1.92
0.72
1.28
2.07
0.29
1.12
2.63
0.40
1.07
1.80
1.95
1.41
2.52
1.98
2.08
0.70
1.18
1.61
0.72
0.13
0.94
2.14
0.67
0.66
0.54
0.22
1.34
1.41
1.64
0.53
0.55
1.64
2.39
1.40
3.47
1.98
0.98
0.09
0.27
0.50
0.44
2.27
0.73
0.60
0.72
1.00
2.13
1.70
0.60
2.28
2.20
1.96
2.42
1.23
1.48
1.19
2.36
1.65
1.34
2.05
0.86
0.45
1.64
0.71
0.27
0.60
0.77
0.59
0.63
0.20
0.86
1.38
2.47
0.85
1.19
1.37
2.26
0.27
1.53
2.11
2.95
2.90
1.50
1.22
0.05
1.58
0.07
1.88
1.64
1.29
1.00
0.90
0.32
1.16
0.13
0.05
0.73
0.48
2.91
0.74
1.36
0.06
1.72
1.11
0.95
0.40
0.19
0.90
1.49
1.37
0.66
1.09
0.40
0.36
0.73
0.40
0.73
1.47
2.04
2.06
1.36
0.88
0.45
0.79
1.30
1.53
0.28
1.10
1.75
0.46
1.19
1.06
1.54
1.53
1.59
1.32
0.07
1.11
0.05
0.79
1.58
0.23
0.13
1.33
0.75
1.11
1.51
2.52
2.32
1.02
0.52
1.21
0.72
0.83
0.47
1.56
0.92
1.39
0.37
0.21
1.09
0.42
0.54
0.52
1.70
1.77
0.19
1.46
1.43
0.83
0.27
0.31
2.45
0.25
1.63
1.00
0.81
1.09
0.36
0.71
0.46
0.46
0.82
1.28
1.61
0.32
0.94
1.83
1.12
0.74
0.65
0.51
0.80
0.34
1.30
0.49
0.21
0.89
1.48
0.67
2.40
1.45
2.06
1.29
1.72
1.42
2.71
1.30
1.51
1.35
2.38
0.24
1.16
1.25
0.45
0.29
1.15
0.59
0.95
1.70
0.31
0.95
1.18
1.59
1.50
1.23
2.94
1.73
1.26
2.21
0.05
1.61
0.69
1.58
1.28
0.25
2.12
0.38
0.83
0.31
0.70
0.09
0.81
0.59
0.55
0.50
1.06
1.24
1.25
1.18
1.12
1.19
0.05
0.52
0.98
0.80
0.55
0.35
0.88
0.73
0.22
1.25
0.70
0.95
1.86
0.66
1.10
0.41
1.30
0.98
0.51
1.22
1.44
0.90
0.37
0.55
0.63
1.41
1.03
0.40
1.24
1.05
0.69
1.49
0.51
0.05
0.70
0.19
2.47
3.48
3.74
0.24
1.09
0.85
0.16
1.12
1.78
0.98
0.24
0.64
1.01
0.58
0.91
0.65
0.67
0.99
3.23
0.63
1.36
0.80
0.78
2.35
1.12
0.43
0.42
0.99
1.26
0.24
1.73
1.22
4.74
1.31
0.66
0.89
0.47
0.18
1.80
0.28
0.09
0.78
1.17
0.32
0.96
0.39
1.69
1.88
4.18
2.72
0.95
0.84
1.13
0.27
0.67
0.24
0.62
1.08
0.94
0.32
0.37
0.68
0.94
0.47
0.90
0.87
1.25
2.33
2.10
1.63
1.03
1.92
2.49
1.56
0.62
0.11
1.36
0.87
1.15
0.41
1.06
0.73
0.51
0.64
2.28
0.65
1.46
0.64
1.49
3.68
2.10
0.85
0.31
1.81
0.38
0.76
0.12
0.09
0.17
0.12
2.82
1.89
1.28
0.57
0.39
1.11
3.34
1.14
0.59
0.99
0.64
0.51
0.68
0.86
0.32
2.30
1.72
1.02
1.29
0.71
1.65
0.96
0.96
0.68
0.81
1.81
0.79
3.64
1.84
1.93
2.19
2.11
0.95
0.98
0.59
0.37
0.42
2.69
2.19
1.59
1.37
1.78
1.06
1.12
1.14
1.55
1.18
2.02
0.12
0.49
0.71
0.07
0.88
2.75
1.28
0.21
2.24
1.59
1.39
0.14
0.30
0.05
0.64
0.61
0.05
1.58
0.69
1.31
1.73
0.85
0.88
0.07
0.05
0.10
0.10
1.24
0.24
0.16
0.44
2.74
1.34
2.33
0.32
1.21
0.47
2.94
2.58
1.46
0.91
0.94
0.07
0.18
0.80
1.11
1.67
3.72
2.24
1.19
1.15
1.04
0.93
0.68
1.02
0.88
0.65
1.82
0.91
0.37
0.48
0.64
1.36
0.22
1.34
0.25
0.75
1.58
0.94
0.64
1.05
0.47
0.36
0.24
0.42
0.93
0.67
0.16
0.60
1.52
1.20
0.27
0.47
1.28
1.12
0.10
1.05
2.28
0.72
0.14
0.24
0.61
0.95
0.97
0.46
0.98
0.30
0.44
0.30
0.71
0.13
0.24
0.06
0.05
0.90
0.81
0.49
1.70
0.20
0.56
1.08
0.10
0.05
0.44
0.51
0.10
0.05
1.27
1.02
0.25
0.29
0.28
1.28
0.69
1.18
1.26
1.78
1.19
0.77
0.70
1.19
1.20
1.75
1.60
1.39
1.66
1.78
0.51
0.47
0.25
0.90
0.11
0.74
0.60
0.81
0.78
1.34
0.98
0.29
1.07
0.68
1.41
1.14
1.25
1.48
1.44
1.34
0.89
1.18
1.28
0.72
1.63
0.81
2.01
3.44
1.04
0.98
0.54
1.06
0.65
0.16
1.26
1.04
0.33
0.82
0.60
1.05
0.77
1.01
1.32
0.07
2.18
2.12
1.45
1.61
0.57
0.92
0.33
0.79
0.70
1.13
0.80
0.77
1.12
0.33
0.81
1.20
0.62
0.23
0.82
1.12
1.32
0.88
0.97
0.30
1.35
1.20
0.41
0.52
1.10
0.17
0.28
0.69
1.01
0.89
1.18
0.43
1.09
1.55
1.61
0.06
1.31
0.42
0.33
1.59
1.42
0.67
0.26
0.63
0.57
0.32
1.10
1.03
0.88
0.74
0.28
0.60
0.46
0.79
0.40
0.15
0.16
0.82
0.95
0.63
0.95
1.82
0.68
0.14
0.82
0.88
0.69
0.84
0.52
0.21
0.06
0.63
0.33
0.56
0.59
0.72
0.33
0.49
0.47
0.42
0.92
0.80
3.09
0.85
0.09
0.39
0.50
0.17
0.96
1.41
0.13
0.32
1.96
0.34
0.81
0.97
1.27
0.65
1.21
0.89
0.99
1.80
2.68
0.16
0.27
0.38
0.50
0.09
2.75
2.00
1.54
0.51
0.92
1.60
4.17
1.57
0.62
1.08
0.12
2.85
2.04
0.92
0.67
0.12
0.16
0.73
0.49
0.06
4.59
2.16
0.14
0.45
0.25
0.70
0.05
1.06
1.38
0.93
0.09
0.79
0.08
2.60
1.64
1.83
1.82
1.32
2.45
0.99
0.22
0.40
0.35
1.84
2.61
2.23
1.42
2.58
1.03
1.54
1.13
0.68
0.48
0.30
0.52
0.26
0.27
1.47
2.29
4.02
1.35
0.52
0.11
1.19
1.29
1.22
0.56
2.47
0.79
0.70
0.81
0.18
0.37
0.92
0.93
0.27
1.08
2.97
1.55
0.33
0.55
1.27
1.25
0.17
1.08
0.80
0.29
0.69
2.37
2.45
0.70
1.07
0.39
0.34
1.03
0.61
0.80
1.10
1.82
0.49
0.66
1.05
0.70
1.37
0.85
0.59
0.13
0.89
2.73
1.04
1.15
1.88
1.05
1.12
1.11
1.03
0.74
0.65
1.57
0.33
0.95
1.34
0.50
1.06
1.24
0.89
1.21
1.41
1.89
1.80
0.11
3.19
1.63
0.05
0.10
0.18
0.35
1.02
0.61
0.07
0.21
2.51
1.32
2.51
2.33
1.87
0.71
0.64
0.51
1.26
0.77
0.66
0.65
0.70
0.57
0.13
0.74
0.92
0.43
0.82
3.06
2.44
1.10
0.69
0.57
0.17
0.12
0.77
1.21
0.49
0.91
0.63
0.75
0.60
0.95
1.82
1.66
0.35
0.67
1.06
1.21
1.42
0.41
1.06
0.56
0.53
0.72
0.54
1.77
2.70
0.55
0.63
2.21
0.67
0.54
1.17
0.98
1.40
0.49
0.73
1.23
0.57
1.24
0.90
0.68
1.24
1.89
2.53
3.38
1.14
1.37
1.81
2.13
1.10
0.96
0.29
0.64
0.53
0.56
0.14
1.13
0.58
1.86
0.82
1.09
1.54
0.98
1.86
1.84
1.70
1.56
1.15
3.54
3.44
1.25
1.86
1.44
1.24
0.85
1.17
1.15
0.94
0.92
0.88
1.34
1.55
1.03
0.44
0.90
1.38
0.60
0.74
1.41
1.07
0.64
0.96
0.80
0.26
1.65
0.63
0.19
0.52
1.16
0.36
0.14
0.85
0.69
0.41
0.16
0.72
0.31
0.59
0.40
0.11
0.39
0.11
0.47
0.25
0.59
0.61
0.73
0.48
0.38
1.06
0.15
0.82
0.51
0.11
0.69
0.11
0.67
0.18
0.67
1.26
1.47
0.84
1.52
1.02
0.37
0.42
1.25
0.23
0.41
0.49
0.40
0.67
2.83
1.35
0.27
0.57
0.56
1.66
0.75
0.42
0.73
0.46
0.97
0.24
0.84
1.81
1.20
1.31
1.23
1.58
1.18
1.00
1.62
1.94
1.18
1.15
1.15
1.17
0.98
0.28
0.27
0.89
0.51
0.66
1.07
1.05
1.69
0.13
1.50
1.31
0.84
0.36
1.26
0.74
0.79
0.05
0.84
0.08
2.04
1.20
0.78
2.31
1.35
0.13
0.78
0.86
1.63
0.58
0.43
0.71
0.49
0.38
0.75
1.44
0.77
0.62
0.19
0.80
0.30
0.52
0.34
0.81
0.60
2.63
1.14
0.42
0.82
1.78
2.43
1.89
1.27
1.41
0.87
0.72
1.91
3.00
2.27
1.18
0.58
0.22
2.33
1.57
0.13
0.64
1.16
1.11
0.19
1.57
0.10
1.27
0.38
0.67
2.08
1.61
0.14
3.69
2.84
1.96
3.05
0.74
0.86
0.68
0.16
0.72
1.81
2.92
2.20
2.87
1.55
1.37
0.49
1.06
0.87
2.71
2.40
0.78
0.37
1.07
1.00
0.72
1.23
0.97
1.64
0.09
0.23
3.35
0.65
0.08
0.05
0.76
1.84
1.77
1.39
3.80
1.93
1.41
1.80
2.19
0.44
0.83
0.78
0.23
0.73
0.40
1.34
0.91
0.49
0.39
0.05
0.05
0.96
0.99
2.83
2.38
0.44
2.03
3.49
0.55
1.09
0.83
0.05
0.43
0.77
0.33
2.12
1.25
0.16
0.51
1.13
2.04
2.44
0.30
0.40
1.29
0.59
0.10
0.07
0.70
0.74
0.44
1.12
0.34
0.38
0.32
1.06
0.52
1.91
1.68
0.94
3.45
1.56
0.55
0.22
0.05
0.16
0.49
1.80
0.56
0.37
0.34
1.21
0.63
2.87
2.76
1.79
0.53
0.72
0.71
0.88
1.14
1.18
1.39
0.11
0.88
0.58
0.30
0.71
0.63
0.38
0.85
1.03
0.31
0.53
0.85
1.50
0.37
1.04
0.17
0.58
0.95
1.04
0.56
0.13
0.79
1.09
0.70
1.02
0.96
1.02
0.79
0.44
0.83
0.99
1.58
0.54
0.21
0.37
1.19
0.05
0.08
0.10
0.22
1.75
1.52
0.83
0.87
1.10
1.37
0.52
1.57
0.94
0.45
0.36
1.12
0.16
0.56
0.34
0.95
1.12
0.66
0.64
1.44
0.65
1.00
1.04
1.34
0.85
0.84
0.68
0.29
0.84
2.41
1.05
1.04
0.64
1.17
1.26
0.60
0.77
2.45
0.58
0.88
0.25
1.21
1.13
0.07
1.09
2.04
0.67
0.36
1.14
0.47
0.40
1.70
1.11
0.65
1.34
1.29
1.49
1.83
1.07
0.70
2.26
0.22
0.73
0.69
0.84
0.70
1.25
1.89
1.28
1.64
0.37
0.27
0.81
0.11
0.86
0.88
0.83
0.93
1.28
0.78
2.38
3.03
0.24
0.52
0.73
0.14
0.09
0.59
0.40
0.57
0.49
0.78
1.23
0.74
0.11
0.66
1.26
0.74
1.25
1.10
1.12
0.50
2.81
2.95
1.47
0.73
0.06
0.21
0.31
0.23
0.11
0.89
0.23
0.24
0.42
1.31
0.29
0.63
0.79
1.46
0.78
0.42
0.46
1.15
1.21
1.57
0.89
1.58
0.81
0.84
0.35
0.62
0.63
0.93
0.12
0.22
0.57
0.24
0.25
0.64
0.70
0.79
2.08
0.53
1.57
1.24
0.15
0.44
0.66
1.50
1.68
0.77
1.23
1.21
0.60
0.98
0.80
1.75
0.78
0.81
0.56
0.81
0.52
0.62
0.78
0.83
0.60
0.93
0.57
0.05
1.08
2.06
1.14
1.04
1.45
0.84
1.24
2.28
1.52
1.11
1.23
3.51
2.68
1.75
0.87
0.56
1.83
1.36
2.21
0.42
0.06
0.31
0.51
1.62
2.32
1.16
2.51
0.95
2.48
0.66
2.19
0.70
0.61
1.00
0.92
1.02
0.05
0.10
1.34
0.83
0.47
0.34
0.85
0.23
0.52
1.89
1.42
0.14
1.99
3.17
2.16
0.74
0.32
0.56
0.60
0.05
0.76
0.36
0.05
0.57
1.79
0.93
0.47
0.45
0.66
0.24
0.37
0.39
1.08
1.33
2.51
0.82
1.03
0.58
1.98
1.81
0.05
0.77
1.38
0.97
0.06
0.05
2.09
2.61
2.86
0.99
0.05
0.05
2.29
1.24
2.35
0.94
1.57
0.83
1.18
0.85
1.46
0.33
1.33
0.98
1.73
0.84
0.60
0.28
0.40
0.29
0.41
0.77
2.76
1.58
2.26
1.80
0.63
0.99
0.07
1.28
0.17
0.79
1.35
0.37
0.96
1.30
2.34
0.36
0.21
0.43
1.24
0.76
0.63
0.87
0.93
0.50
1.00
1.26
1.74
1.60
0.73
3.24
1.25
0.91
0.99
0.34
0.20
0.16
1.00
1.10
1.51
0.42
1.08
0.89
0.15
0.48
0.86
1.30
0.43
0.92
0.87
0.69
0.48
0.49
0.79
0.62
0.27
0.48
0.36
0.40
0.39
1.63
0.45
0.65
0.21
0.60
0.63
0.23
0.20
0.39
1.17
1.53
0.95
0.45
0.49
0.33
0.97
0.25
1.61
1.94
0.57
1.02
0.83
1.76
1.51
1.10
0.59
0.75
1.85
1.61
2.57
0.49
0.64
0.18
0.64
0.07
0.90
0.12
0.58
0.82
0.51
0.43
1.00
0.27
0.37
0.63
0.96
0.72
0.84
0.90
1.05
0.67
0.68
0.87
1.00
1.38
0.96
0.56
0.76
1.38
0.51
1.56
0.98
1.11
0.32
1.02
0.85
1.04
0.50
0.93
0.75
0.73
0.44
0.66
0.95
0.95
0.53
0.53
0.62
0.79
0.75
0.63
0.69
0.14
1.14
0.89
0.83
1.64
1.41
0.31
1.63
1.20
0.62
1.34
0.79
0.46
0.96
1.11
1.05
0.66
0.39
0.63
1.82
0.26
0.11
0.59
0.28
0.82
1.12
0.71
0.62
0.34
0.09
0.69
0.58
0.42
0.68
1.09
0.77
0.94
0.96
0.14
1.16
0.45
0.90
1.11
0.30
0.16
0.75
1.32
1.09
0.73
0.54
0.71
1.02
0.26
0.39
0.64
0.50
0.65
0.98
0.71
0.40
0.72
1.30
1.94
1.59
1.60
1.92
1.02
1.15
0.64
1.12
0.55
0.20
0.70
0.32
1.86
1.13
1.31
0.67
0.62
1.46
0.51
0.80
0.89
0.46
0.82
1.58
0.83
0.63
0.71
0.20
0.96
0.21
0.15
0.36
0.30
0.76
0.05
0.05
0.57
2.54
1.89
1.07
0.58
0.14
1.42
1.38
0.81
0.92
0.66
0.22
0.57
0.22
0.94
0.64
1.53
2.57
1.85
1.97
1.11
0.05
1.70
0.64
1.04
0.43
0.42
0.43
0.45
1.05
1.00
0.53
0.58
0.08
0.37
0.56
0.43
0.07
2.06
1.57
1.05
0.31
1.12
1.62
1.59
0.69
0.83
0.29
0.30
0.39
0.71
0.17
1.00
0.84
0.84
0.55
0.69
2.46
0.59
1.33
1.28
1.22
0.20
0.75
1.96
0.89
0.31
0.26
0.68
0.22
1.63
0.72
1.24
1.50
1.24
1.98
1.71
1.08
0.59
0.27
0.84
0.74
1.10
0.16
0.18
1.69
0.77
1.10
1.32
0.52
1.87
0.54
1.20
0.52
0.53
0.15
1.54
3.10
1.75
1.84
1.06
0.17
0.74
0.19
0.15
0.25
0.33
0.92
1.32
0.20
0.77
0.06
0.60
0.84
1.14
1.25
1.20
0.24
0.86
2.22
2.46
0.78
0.91
0.24
0.07
0.26
0.28
0.81
1.51
0.30
0.05
0.05
1.45
0.57
1.30
1.19
0.22
0.46
1.24
1.50
1.69
0.41
1.04
1.42
1.01
0.44
0.05
0.22
0.19
1.27
1.00
0.14
0.99
0.58
0.32
0.66
0.91
0.42
1.37
0.91
0.98
0.63
1.08
0.61
0.20
0.21
0.52
1.03
0.40
0.99
0.45
0.24
0.86
0.81
1.11
1.48
0.54
0.68
1.14
0.55
2.06
1.75
0.93
0.78
0.55
1.22
0.33
1.27
0.18
0.38
0.31
0.95
0.90
0.99
1.41
0.58
0.82
1.46
1.01
0.23
1.11
0.86
0.11
0.60
0.17
0.35
1.46
0.83
0.36
0.27
0.37
0.61
0.62
1.32
1.01
0.39
1.28
0.89
0.77
0.21
1.14
0.72
0.43
0.47
0.62
0.84
1.92
0.92
0.60
1.11
2.36
3.26
0.83
0.37
0.37
0.74
0.74
0.50
0.82
1.30
0.53
1.07
0.89
1.07
1.55
1.12
0.50
0.63
0.95
0.79
1.38
0.99
1.22
0.86
0.81
0.61
1.19
1.06
0.59
0.84
0.37
0.81
0.51
0.09
0.30
0.46
0.07
0.96
0.53
0.39
0.28
0.79
1.32
0.86
1.00
0.27
1.26
1.61
2.32
0.68
0.23
0.45
0.81
0.81
1.08
1.15
1.68
1.07
1.23
0.30
0.68
0.77
0.85
0.98
1.31
0.30
1.53
1.37
1.15
0.91
3.57
2.59
0.98
0.79
0.46
1.10
0.58
0.19
0.89
1.55
0.91
1.25
1.06
1.06
0.42
0.73
0.51
0.86
0.99
0.15
0.35
0.53
0.35
1.03
0.82
1.16
0.89
1.10
0.29
0.14
1.34
1.27
0.61
0.55
2.34
1.65
0.21
0.90
1.69
0.59
2.66
1.66
0.94
0.30
0.60
0.51
1.14
0.85
0.26
0.28
1.15
2.58
0.97
0.34
0.38
0.21
0.21
0.59
0.29
1.05
1.31
0.35
1.58
1.42
0.34
0.69
1.49
2.05
2.02
2.02
2.03
2.15
2.29
1.43
0.67
0.54
1.77
1.12
0.33
0.35
1.21
0.93
0.94
1.21
0.66
1.01
0.39
1.20
0.53
0.40
2.44
3.02
1.14
0.12
0.90
0.20
0.26
0.22
0.83
1.47
1.64
0.98
0.68
0.05
0.32
0.82
1.21
1.67
0.94
1.28
0.15
1.26
0.35
0.48
0.40
2.10
1.36
0.57
0.30
0.96
0.94
1.00
1.13
2.79
0.82
0.55
0.23
3.29
1.88
2.36
0.34
0.79
0.73
0.09
0.45
0.43
1.27
1.51
1.87
1.55
0.17
0.62
0.68
0.72
0.75
1.40
1.47
0.62
0.33
0.36
2.08
1.17
1.18
2.63
2.45
1.29
1.77
0.05
0.33
1.91
0.65
1.52
2.60
0.41
0.52
0.41
0.27
0.05
0.34
0.17
0.64
2.44
1.35
2.12
0.06
0.21
1.91
2.08
0.62
0.62
0.11
0.64
0.29
0.05
0.17
0.21
1.74
2.31
2.29
1.71
0.36
0.34
0.09
0.19
1.23
1.90
1.65
1.34
0.62
0.05
0.05
0.05
0.44
0.50
1.43
3.03
2.60
2.47
0.39
0.29
0.85
0.79
0.63
1.23
1.45
0.74
1.33
0.65
2.81
2.08
2.66
1.09
1.16
1.82
2.04
0.57
2.32
1.60
1.20
0.05
0.29
0.35
0.20
0.54
0.87
1.13
0.23
1.72
0.84
1.53
0.29
0.90
0.78
0.87
0.68
0.69
0.89
0.69
0.79
0.67
0.95
0.85
1.36
0.16
0.54
0.20
1.92
0.98
0.86
0.96
0.89
1.25
1.74
1.53
0.80
0.27
1.27
1.19
0.81
1.22
1.43
0.67
1.35
0.28
0.07
0.94
1.36
0.37
0.99
0.68
0.63
1.02
0.94
0.85
0.52
0.67
0.44
1.02
1.57
0.88
1.25
1.14
1.23
1.10
1.15
0.83
1.28
0.90
0.60
1.31
0.72
1.89
0.95
0.51
0.52
1.25
1.64
1.09
1.52
1.26
1.06
0.06
0.58
1.73
0.49
1.86
1.41
1.25
0.95
1.17
0.57
0.57
1.19
2.20
0.29
0.42
0.13
0.78
0.36
0.54
0.78
1.14
0.78
0.95
1.76
0.91
0.99
0.35
0.87
0.67
0.71
0.78
0.70
0.30
0.20
0.95
0.57
0.99
1.69
0.21
0.48
0.46
1.39
0.86
0.70
1.67
2.10
1.94
0.14
0.38
0.27
1.41
0.26
0.68
1.08
0.92
0.11
0.16
0.39
0.69
0.43
0.39
0.87
0.45
0.57
0.24
0.57
0.72
0.59
0.93
0.37
0.75
0.24
0.34
0.26
0.54
0.08
0.41
0.05
0.52
0.54
0.81
2.21
0.88
0.18
1.53
0.70
0.16
1.51
1.08
2.09
1.99
0.28
0.08
0.44
0.05
0.55
0.53
0.48
2.11
2.97
1.23
1.26
0.80
0.66
0.69
0.50
0.48
0.19
0.53
0.70
0.82
0.59
0.85
0.84
1.29
1.07
0.88
0.09
0.21
0.43
0.34
0.67
0.71
0.07
3.34
4.14
3.66
2.53
2.08
1.53
1.63
2.78
2.79
1.40
1.26
0.77
0.40
0.07
2.53
1.09
0.34
0.15
0.84
0.85
0.56
0.19
0.92
0.69
0.43
0.97
0.07
0.25
0.78
0.46
0.05
0.11
0.53
1.49
1.08
0.98
1.81
0.85
2.39
1.36
0.42
1.99
1.47
1.00
1.80
2.31
1.27
0.82
0.36
0.64
2.27
2.29
1.95
1.44
0.05
0.71
2.41
1.84
0.78
1.06
1.46
0.70
0.33
0.41
1.47
1.39
0.96
1.47
0.82
0.06
0.05
2.01
1.04
1.74
1.98
1.67
0.93
0.34
1.83
0.98
2.08
3.04
2.69
1.25
0.41
1.03
0.94
0.05
2.28
1.74
0.12
1.13
2.54
2.85
1.13
1.25
0.98
1.58
2.34
0.43
0.98
1.74
0.94
1.13
0.05
0.19
1.57
1.21
1.71
2.06
2.07
1.51
0.95
0.52
0.05
1.56
1.04
0.88
0.44
1.43
0.31
0.05
1.24
1.09
1.15
0.15
0.05
0.58
0.15
0.58
0.05
1.93
1.45
1.08
1.00
1.17
0.23
1.84
0.45
1.14
0.83
0.09
1.03
0.54
0.40
0.26
0.97
0.17
1.52
0.72
0.86
0.63
0.06
0.21
0.97
1.55
0.82
1.04
1.09
1.35
0.52
2.49
1.64
2.11
1.00
0.78
2.07
1.54
0.18
0.26
0.06
0.51
0.89
1.27
1.04
0.07
1.21
2.09
0.17
0.09
0.14
0.35
1.19
0.05
0.61
0.76
1.06
1.57
1.07
1.64
0.73
0.66
1.13
1.16
0.78
0.79
0.14
0.95
0.67
0.13
0.17
0.96
0.62
1.25
0.84
0.58
1.53
0.90
1.65
0.27
0.12
0.14
0.66
0.82
0.53
0.68
2.04
1.36
0.65
0.92
1.38
0.99
0.51
0.92
0.62
0.14
0.39
0.94
1.24
0.94
0.65
0.34
1.53
0.70
0.13
1.50
2.61
1.59
1.60
0.99
0.70
1.35
1.15
0.28
0.88
0.20
0.75
0.94
0.36
0.67
1.67
1.48
1.22
1.31
1.28
0.65
0.79
0.39
0.57
0.80
1.54
0.89
1.39
0.74
0.75
0.52
1.20
1.77
1.59
2.31
0.72
0.32
1.18
1.13
0.39
1.05
1.40
0.06
0.25
0.42
0.54
0.34
0.05
0.07
1.19
0.36
0.74
0.44
0.20
1.15
1.20
0.80
0.58
1.60
0.63
0.50
1.23
1.24
1.52
1.44
1.57
0.05
1.33
0.21
0.72
0.90
0.80
1.17
1.41
1.07
0.70
0.55
0.25
2.50
1.35
0.82
0.89
1.21
0.95
0.90
0.54
0.65
1.14
0.17
0.56
2.36
2.21
0.61
0.56
1.00
1.50
0.79
1.31
0.29
1.33
0.18
0.44
2.24
0.92
0.46
0.11
1.40
0.98
1.30
0.69
0.63
0.71
1.09
0.97
1.93
0.83
0.63
0.96
0.54
0.32
0.07
1.39
1.03
0.58
0.86
0.40
0.34
0.77
0.66
0.60
1.49
0.90
0.72
0.59
0.54
1.00
1.21
0.71
0.97
0.72
0.57
0.36
2.60
1.43
0.89
0.95
0.68
0.20
0.29
1.04
1.08
0.88
0.61
0.57
0.50
0.58
0.47
0.16
1.39
1.43
1.34
0.60
0.90
1.56
1.71
1.61
1.01
0.23
0.32
0.33
1.25
0.27
0.16
0.60
0.11
0.56
2.43
1.19
2.20
1.73
1.48
0.93
0.63
1.67
1.35
1.39
2.03
2.43
0.09
0.73
0.56
2.53
1.86
2.77
1.52
1.06
1.31
0.49
1.39
1.32
0.48
0.12
1.36
2.04
0.68
1.23
0.91
1.33
0.22
0.56
0.05
0.05
0.30
1.53
1.73
0.20
0.51
2.52
1.23
1.38
3.11
0.42
0.37
0.54
0.95
0.88
0.90
3.33
4.19
1.51
1.05
1.49
1.27
0.88
0.06
0.40
0.87
1.24
1.11
0.31
0.08
0.37
0.14
1.26
2.39
1.23
0.23
0.47
2.49
1.92
1.29
1.71
1.01
0.31
0.83
0.09
0.72
1.81
1.20
1.17
1.10
0.59
0.52
0.95
0.97
0.98
1.46
1.89
1.74
1.39
1.06
0.80
0.12
0.05
0.35
0.17
0.76
2.18
0.81
1.25
0.15
0.23
0.89
1.65
1.85
1.31
1.07
0.99
0.55
0.78
1.70
0.73
0.42
1.17
1.03
2.55
1.36
0.93
0.77
0.52
0.44
0.21
0.46
0.72
1.85
0.16
0.34
0.37
0.81
0.19
0.50
0.21
0.07
0.10
0.53
0.66
0.05
0.36
0.26
0.64
1.45
0.55
1.30
1.66
0.61
0.95
1.27
0.28
0.70
0.92
0.92
1.46
1.73
1.08
1.97
1.56
0.32
0.39
0.92
1.22
0.54
1.08
1.13
0.76
0.70
0.91
0.49
1.40
0.76
0.27
0.68
0.68
1.08
0.95
0.83
0.18
1.16
1.51
1.07
1.12
0.61
0.33
1.47
2.12
1.19
1.44
0.93
1.08
1.18
1.15
1.74
0.73
0.22
1.69
1.38
0.75
1.29
0.66
0.49
1.42
1.31
0.83
0.86
0.15
1.37
0.47
0.34
0.81
0.99
0.63
0.39
1.60
1.26
0.28
1.03
0.34
1.30
0.94
2.11
0.82
1.32
1.49
0.53
1.04
0.97
0.30
1.07
0.81
0.66
0.77
0.70
0.52
0.88
0.84
1.22
0.74
1.47
1.56
1.90
2.97
2.93
2.01
0.81
0.70
1.04
0.54
0.86
0.48
0.05
0.67
0.78
0.32
0.58
0.99
0.07
0.48
0.64
1.37
1.71
1.15
1.04
0.91
0.46
0.44
1.40
1.33
1.82
0.63
0.09
0.26
1.18
0.90
0.47
0.98
2.89
1.61
1.88
1.85
0.88
0.59
0.48
0.52
0.35
0.23
0.94
0.30
1.43
0.08
0.26
0.58
0.65
0.20
1.14
1.06
0.76
0.51
0.41
2.72
2.66
1.71
0.47
1.31
1.61
0.72
1.45
1.87
0.93
1.31
1.05
0.11
0.06
1.35
0.17
0.20
0.95
0.76
3.10
2.53
0.61
0.61
0.31
0.92
0.88
1.01
0.16
0.21
0.27
0.74
0.61
0.11
0.15
0.80
2.37
1.19
0.89
0.31
0.53
0.71
0.51
0.47
0.98
2.30
3.24
0.57
1.96
1.85
0.50
1.99
1.18
1.29
0.32
0.45
2.30
0.90
0.37
0.60
1.78
0.71
0.59
0.14
2.06
2.34
2.68
0.49
0.11
2.96
1.92
0.59
0.48
1.13
1.82
1.32
2.02
1.20
0.31
0.12
1.04
0.37
0.22
0.62
3.59
3.45
1.71
1.24
2.03
1.26
0.53
0.50
0.50
0.47
0.48
1.26
1.33
0.05
0.47
0.29
0.52
1.18
0.26
0.94
0.13
0.27
0.16
1.09
3.26
1.72
1.69
1.73
0.73
1.18
1.59
1.02
0.83
1.92
1.62
0.58
0.44
0.58
0.06
0.67
0.60
0.63
2.01
0.49
2.06
0.78
0.98
0.47
0.50
1.33
0.93
1.10
1.37
1.41
2.46
0.74
0.52
1.08
0.92
0.95
0.34
0.06
1.74
2.47
2.65
0.79
0.05
1.52
1.38
1.53
0.27
0.35
1.53
0.69
0.05
0.40
0.71
2.30
0.15
0.05
0.06
0.87
1.93
1.52
0.26
0.24
0.60
0.74
1.05
0.69
1.43
1.39
1.16
2.25
0.80
0.53
0.63
0.52
0.46
0.29
0.62
0.06
0.05
0.48
1.39
1.49
1.44
0.26
0.41
1.40
0.60
0.15
1.83
2.90
1.42
0.11
0.60
0.09
0.66
0.89
0.65
0.72
0.30
0.97
0.23
0.41
0.09
0.36
1.42
0.69
0.81
0.98
0.51
0.45
0.58
1.17
0.55
0.48
0.97
0.51
0.50
0.72
0.76
1.25
1.78
0.40
0.91
0.86
1.27
1.04
1.56
0.79
1.32
0.57
0.85
1.09
0.38
0.15
0.78
1.19
0.36
1.11
1.00
1.06
1.31
0.50
0.53
0.79
1.16
0.73
0.71
0.65
0.68
0.54
1.22
1.14
1.63
0.42
0.40
0.88
1.73
3.19
1.57
0.27
0.21
0.07
0.65
0.36
0.95
0.84
1.45
1.38
0.74
0.63
0.80
1.57
0.93
0.50
0.40
1.91
1.78
3.16
3.61
3.68
1.56
0.33
0.53
0.25
1.19
2.12
1.21
0.41
1.13
0.78
0.92
1.32
0.86
0.87
0.20
1.32
1.63
3.10
0.27
0.48
0.56
0.92
0.69
1.34
1.52
1.25
1.07
0.97
0.21
0.08
0.59
0.63
1.27
1.63
1.05
0.38
0.27
0.86
0.42
1.69
1.37
1.83
0.10
0.67
1.34
0.91
0.07
0.49
1.18
0.63
0.64
1.05
0.51
0.66
0.43
1.11
0.65
1.05
0.49
0.56
0.81
0.91
0.12
2.32
1.48
0.46
0.16
0.57
0.64
0.53
0.27
0.13
1.14
1.06
0.42
0.78
0.11
1.45
1.32
2.75
1.19
0.22
0.47
0.70
0.53
0.95
1.08
0.47
1.01
0.11
2.32
1.68
0.99
0.82
0.65
0.68
0.73
0.72
0.12
1.23
3.91
2.05
0.93
0.88
0.66
0.61
0.49
0.31
0.08
0.52
0.39
1.53
0.51
0.68
2.13
1.42
0.24
1.05
0.69
1.09
1.34
0.17
0.32
0.90
0.75
0.78
1.06
0.24
0.72
1.14
0.37
0.75
1.94
0.81
1.51
1.76
2.03
0.05
0.31
1.18
0.58
1.48
1.28
0.56
0.37
1.02
1.15
0.09
0.20
0.26
0.73
0.12
2.68
1.48
0.42
1.76
1.56
1.05
0.94
1.91
2.65
1.10
1.96
1.73
0.07
0.59
0.86
1.16
0.05
0.82
0.99
1.20
1.25
0.68
1.55
1.22
2.18
1.33
0.79
1.55
1.27
1.71
1.38
1.15
0.87
0.54
0.64
0.16
0.07
0.05
1.94
1.71
1.25
1.26
0.54
0.10
0.74
0.47
0.96
0.53
1.26
1.75
1.89
3.18
1.57
1.44
1.57
0.67
0.05
0.27
0.13
2.54
1.66
0.06
0.05
0.68
0.71
2.13
1.17
1.28
0.54
1.97
1.23
0.84
0.30
0.05
0.14
1.35
0.05
1.07
1.27
0.88
1.58
0.85
1.80
1.22
2.55
2.18
2.98
3.51
1.67
2.35
1.23
0.22
1.37
0.88
0.81
0.58
0.42
1.15
0.54
0.36
2.22
1.84
0.43
0.05
0.96
0.50
1.96
0.82
0.21
0.06
0.09
1.36
0.71
1.45
0.23
0.99
0.55
1.18
1.58
0.70
0.81
2.16
1.93
2.68
1.71
0.78
2.17
0.18
0.96
0.98
1.40
2.03
1.04
0.53
1.16
1.51
0.64
1.20
0.16
0.51
0.83
0.42
1.71
0.86
1.27
0.91
0.69
0.81
1.15
0.77
0.42
0.88
1.25
1.10
0.32
0.33
0.55
0.07
1.13
0.89
0.88
0.52
1.02
1.19
1.47
0.75
1.67
2.04
1.77
0.54
0.56
0.66
0.83
2.07
1.52
1.28
0.72
0.73
1.48
3.16
1.38
0.91
0.90
0.26
0.73
0.75
1.02
0.56
0.56
0.57
0.90
1.36
1.24
0.52
1.09
1.31
1.00
1.08
1.01
0.69
0.48
1.07
0.15
0.68
0.57
1.25
1.42
1.10
1.06
1.13
1.41
0.56
1.00
0.80
1.49
0.92
1.11
0.66
0.82
1.39
1.48
1.41
1.09
0.81
0.62
0.79
0.61
0.67
2.22
1.90
0.89
0.60
0.43
1.40
1.49
1.50
0.78
0.61
0.41
0.61
2.36
1.45
1.18
0.25
0.88
1.25
0.45
1.23
2.40
0.67
0.82
0.06
0.21
1.04
0.51
1.34
1.88
0.75
0.92
1.28
1.30
1.27
0.52
0.22
1.02
0.11
0.44
0.23
0.46
0.13
0.81
1.09
0.86
0.27
0.64
0.80
0.69
0.52
0.94
2.62
1.46
0.85
0.66
0.90
0.33
0.58
1.12
0.57
0.29
1.28
1.23
1.50
1.48
1.86
0.80
1.03
0.62
0.97
0.36
1.05
0.74
0.87
0.72
0.86
0.48
0.44
1.46
1.23
1.30
1.16
1.93
0.70
0.35
1.12
0.96
0.20
0.09
0.77
0.80
0.37
0.29
1.16
0.91
0.45
2.24
1.64
1.33
0.65
0.92
0.36
0.48
1.15
1.16
0.87
0.54
0.48
0.83
1.41
3.33
1.26
3.86
2.27
0.79
0.24
0.44
0.79
0.58
1.36
0.61
1.03
1.04
2.25
1.98
0.57
0.94
0.23
2.66
2.18
1.92
0.75
0.06
0.89
0.72
1.45
1.05
1.23
0.69
0.37
0.08
0.72
1.48
0.07
0.42
0.85
1.61
1.70
0.37
0.13
2.11
2.02
1.17
0.84
2.27
1.03
0.59
1.47
0.80
1.85
0.21
0.23
0.88
0.09
0.13
0.31
0.76
1.92
0.16
0.80
1.20
0.91
0.21
0.57
0.48
1.52
0.96
0.43
1.06
1.50
2.05
3.15
1.37
0.64
0.46
0.37
0.06
0.08
0.07
0.57
1.08
0.90
3.01
1.81
0.28
0.78
2.06
1.68
1.39
0.36
1.01
0.48
0.60
0.44
0.29
0.69
0.51
0.14
0.58
0.06
0.22
0.97
2.15
0.99
1.18
1.21
0.98
1.26
1.28
1.01
1.30
0.34
0.83
1.69
2.24
0.21
1.37
2.01
1.62
0.18
0.75
0.17
0.42
0.81
0.86
0.59
2.00
0.13
0.98
0.76
1.06
0.54
1.18
2.71
1.42
0.48
2.41
0.49
1.11
0.29
0.31
1.29
0.28
2.17
0.87
1.07
0.46
0.89
0.51
0.16
0.50
0.42
0.34
0.16
1.04
0.47
0.53
0.15
0.64
1.08
1.03
1.50
0.69
0.22
0.74
0.76
0.70
0.54
0.94
0.36
0.38
0.14
1.68
0.23
1.02
0.07
0.47
0.48
0.19
0.48
0.93
0.59
0.07
0.18
1.40
1.23
1.04
1.01
0.48
0.52
1.07
0.94
1.13
0.75
0.36
0.27
0.86
0.60
0.36
0.82
1.27
0.98
0.68
0.47
1.44
2.30
0.90
0.88
1.05
1.72
1.98
1.45
0.98
0.59
1.46
0.59
1.11
0.74
1.44
1.34
1.17
1.11
0.31
0.75
0.68
0.85
0.82
0.63
0.66
0.74
1.18
0.54
0.98
1.28
1.28
1.02
1.82
1.19
1.69
0.91
1.31
1.05
0.94
0.91
1.22
0.46
0.67
0.85
2.65
3.09
1.98
0.18
0.41
0.94
1.52
2.97
1.14
0.73
0.16
1.80
2.19
1.13
0.67
1.18
0.84
1.00
1.03
1.77
0.99
1.44
0.49
1.59
2.93
0.44
0.98
1.04
1.00
0.69
1.66
1.22
0.14
0.52
0.26
0.34
3.04
1.30
1.72
0.98
0.75
0.71
1.49
0.88
0.66
1.48
1.02
0.89
1.18
0.98
0.82
0.91
0.70
0.76
0.94
1.43
1.10
0.69
1.31
1.36
0.37
0.39
0.83
0.59
1.19
1.16
0.35
0.98
1.01
0.56
0.59
3.89
2.08
0.89
0.56
1.09
1.03
0.57
1.12
1.83
0.88
0.23
2.66
2.69
0.36
0.27
0.23
1.31
0.68
0.94
0.81
0.19
1.29
0.71
0.90
0.88
0.51
0.65
0.28
0.56
1.41
0.60
1.25
1.57
1.20
0.37
0.29
2.68
1.95
1.78
0.48
0.27
0.64
0.68
1.24
2.40
2.85
0.42
0.36
0.46
0.42
1.57
1.09
1.49
1.14
0.69
0.31
1.48
2.14
0.80
0.67
0.19
0.65
0.30
1.70
1.38
0.06
1.73
1.68
1.86
2.12
1.23
1.56
0.55
0.55
0.83
1.83
0.79
0.98
0.83
1.39
2.54
0.54
0.60
0.53
0.76
1.04
1.10
0.77
1.01
0.42
1.16
1.44
1.62
1.40
0.40
1.49
0.53
0.23
1.18
0.94
1.90
0.54
0.59
0.65
0.47
3.13
2.37
2.30
1.38
1.42
0.05
1.31
0.37
0.76
1.31
0.52
0.49
0.11
0.05
1.32
0.91
1.06
0.49
1.37
1.18
1.13
0.32
0.71
2.09
2.09
1.82
1.03
0.22
0.27
0.05
1.84
1.37
1.81
1.03
0.89
2.98
1.05
0.64
0.18
0.05
0.10
0.65
2.27
2.01
1.57
2.01
1.52
0.96
0.17
0.87
1.55
0.94
1.14
1.40
1.39
0.31
0.35
0.50
0.95
0.99
1.09
0.45
0.98
0.82
0.20
0.53
0.52
0.37
1.39
0.78
0.75
1.11
0.08
0.20
1.38
0.76
1.61
1.75
0.37
0.76
1.35
1.19
2.42
0.71
0.67
0.48
0.32
0.89
1.06
1.15
1.35
0.08
0.13
0.42
0.13
1.62
1.63
0.69
0.09
0.05
1.11
1.10
0.77
1.75
1.15
0.47
0.17
0.36
0.12
0.51
0.79
0.82
0.33
0.98
1.03
0.08
0.54
0.80
0.46
0.86
1.07
1.29
0.34
1.01
0.33
0.20
0.59
0.97
0.69
1.30
1.41
0.24
0.86
1.31
0.84
0.84
1.17
1.08
1.48
1.25
1.85
1.65
1.30
1.13
0.06
1.50
1.34
1.22
0.92
0.66
0.58
1.07
1.14
1.05
0.33
0.95
1.00
0.65
1.09
0.26
1.62
0.52
1.69
0.72
0.90
1.59
1.00
0.82
0.81
0.81
1.54
0.76
1.16
1.44
1.32
0.64
0.95
0.63
0.19
1.04
0.56
0.25
0.87
0.85
0.69
0.51
0.30
0.99
1.38
0.38
0.41
2.10
0.68
1.41
1.11
0.77
0.64
1.21
1.45
0.76
0.74
0.68
0.61
0.86
2.00
0.81
0.88
0.54
0.78
0.92
1.13
1.16
0.77
1.55
1.49
1.21
0.73
0.08
0.56
0.65
0.49
0.75
0.34
0.73
0.56
0.61
1.01
1.50
1.19
0.32
0.65
0.68
0.81
0.12
0.67
1.28
0.29
0.99
2.36
1.86
0.68
0.17
0.70
0.47
0.70
0.33
0.17
0.93
0.43
0.99
2.62
1.57
0.61
0.52
0.47
0.25
0.47
0.11
0.56
0.46
0.70
0.42
0.91
1.29
1.19
0.22
0.54
0.22
0.17
0.61
1.35
1.21
3.76
2.46
0.27
1.35
0.69
0.19
1.16
1.01
0.19
0.15
0.62
1.01
0.29
2.81
1.54
0.78
0.61
0.55
0.22
1.04
1.14
0.27
0.12
2.04
1.38
0.98
2.20
1.86
0.80
0.70
1.88
2.39
0.38
1.26
0.53
0.84
0.58
0.43
0.56
0.93
1.13
1.07
0.69
0.05
0.30
0.61
0.21
1.36
1.66
1.22
0.66
0.43
0.43
1.92
2.28
1.01
0.09
0.05
1.58
2.45
1.38
2.18
0.89
0.99
0.63
0.80
0.36
1.15
1.06
0.46
0.61
0.24
0.34
3.59
1.60
0.10
0.08
0.05
1.74
1.07
1.48
0.95
0.06
3.34
1.97
0.15
1.07
1.75
1.20
0.53
0.57
1.65
0.73
0.39
0.60
0.25
2.92
1.02
1.39
0.63
0.88
1.06
1.23
0.67
0.34
0.21
0.05
0.62
0.65
2.30
0.94
0.05
1.26
2.79
1.55
0.27
0.74
1.63
0.18
0.92
0.41
0.39
1.29
1.32
0.66
0.49
2.41
0.86
0.32
0.56
0.98
0.72
0.84
0.40
0.10
0.54
0.94
0.78
1.04
1.82
0.69
0.24
1.68
2.75
0.64
0.94
0.51
0.13
0.90
0.39
1.69
1.29
1.07
0.91
0.31
0.77
0.27
0.33
0.44
1.04
0.96
0.92
2.30
0.89
3.15
1.72
0.62
0.38
0.89
0.92
0.96
1.26
0.93
0.99
1.06
0.75
0.57
0.38
0.71
1.36
1.19
0.30
0.60
0.14
0.26
0.61
1.07
0.37
1.41
0.07
0.29
0.72
0.56
0.62
0.98
0.51
0.55
0.52
0.76
1.46
0.95
1.25
0.84
0.23
0.74
0.59
1.54
0.12
0.18
0.77
0.32
1.57
0.06
0.69
0.75
0.68
1.27
0.96
1.60
1.29
1.67
1.38
0.70
0.61
0.22
0.65
0.41
0.57
0.56
0.57
0.33
0.81
2.05
2.15
1.14
0.44
0.70
0.48
0.66
0.66
0.52
0.76
0.47
0.22
0.39
0.50
0.59
0.94
0.66
0.50
1.02
1.38
0.57
1.48
1.13
0.69
2.12
0.92
0.63
0.16
0.31
1.47
1.67
0.63
0.66
0.90
0.90
0.93
0.95
0.78
0.82
0.59
0.60
0.63
3.02
0.58
0.79
0.53
0.73
0.81
0.31
0.96
0.60
0.95
1.22
0.45
0.54
2.38
0.82
0.68
0.34
1.33
0.29
0.65
0.47
0.75
0.96
1.09
0.97
0.74
0.82
1.46
0.35
0.26
0.08
0.87
2.25
1.00
0.70
0.23
0.70
2.17
1.22
0.45
0.63
0.56
0.48
0.35
2.69
0.95
0.35
0.36
1.45
1.81
2.33
1.54
1.04
0.62
0.63
0.73
0.72
1.88
1.09
3.84
2.35
1.25
0.81
0.44
0.31
0.55
0.39
0.54
1.04
1.28
1.01
0.66
0.17
0.71
0.51
0.29
0.63
0.58
1.27
0.65
0.20
0.14
0.63
0.15
0.39
0.41
1.00
1.54
1.05
1.07
1.48
0.59
2.30
1.72
0.60
1.24
0.95
0.64
0.50
0.46
0.99
0.38
0.97
1.12
1.10
1.76
1.23
0.13
0.29
0.07
0.05
0.76
0.50
4.02
1.83
1.39
1.22
0.89
0.93
1.44
1.83
2.28
1.55
0.39
0.54
0.16
0.22
0.92
0.98
0.93
0.49
0.40
2.23
1.55
1.54
1.21
1.39
1.17
0.37
0.36
0.55
0.24
0.70
2.00
1.35
1.28
1.10
1.32
0.75
0.35
0.22
1.33
0.19
0.12
2.43
1.60
0.94
0.50
1.07
1.48
2.07
0.16
1.09
0.63
0.32
0.94
0.74
1.30
0.85
1.05
0.20
0.12
0.69
0.66
0.86
0.11
0.78
0.61
0.57
1.71
0.23
0.90
1.48
1.86
1.10
0.96
0.43
0.57
1.74
0.67
0.47
0.67
0.37
0.57
1.54
1.90
0.14
0.37
0.60
0.19
1.26
1.08
1.31
0.60
0.60
0.40
0.11
1.50
1.52
1.69
0.46
0.06
0.08
0.62
1.11
1.73
2.65
0.91
0.84
0.06
0.36
1.83
0.51
0.64
1.04
2.13
0.11
0.53
0.76
0.79
0.13
0.10
1.25
1.73
1.11
1.00
0.44
0.82
1.14
0.70
1.55
1.47
1.92
1.51
0.87
0.58
1.46
1.64
0.60
0.85
0.92
0.66
0.30
0.77
1.42
0.15
0.57
0.71
0.81
0.74
1.05
0.77
0.95
1.11
1.08
0.96
2.29
0.94
0.24
0.07
0.13
1.25
1.68
2.09
0.66
0.38
0.61
1.56
0.19
0.36
0.63
0.60
1.12
0.64
1.52
1.31
0.67
0.66
0.52
0.05
0.06
0.50
0.58
1.18
1.24
0.69
0.66
1.07
0.21
0.25
0.33
0.37
0.42
1.95
1.70
1.76
1.25
2.05
1.71
1.09
1.13
0.05
0.45
0.29
0.77
0.58
0.32
0.36
0.35
0.35
1.74
1.21
0.22
0.06
0.06
0.77
0.81
0.77
1.21
0.80
0.37
0.90
0.48
0.54
0.52
0.70
1.29
0.40
0.61
0.58
0.83
0.77
1.30
2.66
2.41
0.80
1.77
0.46
0.93
0.63
0.73
0.46
0.48
0.38
1.14
0.94
1.38
1.39
0.21
0.14
0.27
0.99
0.42
0.64
0.74
0.20
0.84
0.55
0.73
0.63
1.00
0.30
0.36
0.32
1.52
1.62
0.59
1.07
0.57
0.80
0.68
0.63
1.04
0.47
0.79
0.44
0.58
1.30
1.39
1.14
1.37
0.79
0.98
0.28
0.57
0.16
0.48
1.14
1.47
0.48
0.76
0.77
0.50
0.61
0.66
1.00
1.01
0.46
0.86
0.20
1.92
0.92
0.74
0.68
0.89
0.39
0.88
0.85
0.21
0.96
0.60
0.75
0.36
0.75
1.18
0.52
0.78
0.42
0.12
1.91
0.44
0.70
1.03
0.58
0.99
0.49
0.73
0.41
0.84
0.80
1.10
0.45
0.74
1.04
1.13
0.23
1.08
0.38
0.24
0.11
0.86
1.29
0.36
1.14
0.65
1.46
1.55
1.29
0.84
0.91
0.95
0.44
0.49
0.76
0.43
0.95
0.39
0.40
0.63
0.48
0.81
1.83
1.58
0.28
1.13
0.92
0.33
0.38
0.92
0.24
0.38
0.31
0.69
2.42
2.32
1.75
0.90
1.01
0.54
0.36
0.71
1.04
0.97
1.05
0.83
1.54
0.26
0.60
0.77
0.54
0.61
0.12
0.36
0.26
1.50
3.20
0.79
0.80
0.50
0.26
1.40
0.52
1.50
0.72
1.12
1.24
0.88
0.50
0.88
1.05
1.38
0.46
2.86
0.92
1.34
0.46
1.15
0.45
0.83
0.65
0.64
0.37
0.22
0.59
1.03
0.44
1.35
1.58
0.40
0.37
1.05
0.38
0.72
0.75
1.89
2.95
1.99
1.23
1.94
1.74
1.15
0.58
1.14
1.02
0.55
1.00
0.05
0.06
0.53
0.77
0.10
0.85
0.50
0.93
0.40
1.24
1.85
1.15
0.79
0.05
0.05
1.69
0.17
3.11
1.89
0.86
0.05
0.07
0.67
0.52
0.50
0.82
1.02
0.30
1.79
0.73
0.18
0.30
1.18
2.59
1.46
1.39
0.34
0.21
0.11
0.89
1.15
1.57
2.57
0.92
1.70
0.95
0.55
0.13
0.33
0.46
1.29
2.90
1.39
1.61
1.19
0.99
0.76
1.06
0.89
0.66
1.29
0.56
0.70
0.63
0.74
0.40
1.34
0.64
0.29
0.76
1.57
0.37
0.64
1.53
1.15
0.37
0.63
0.30
2.42
0.67
0.80
0.38
0.36
0.21
0.65
0.68
1.09
1.04
0.23
0.37
0.37
1.39
0.06
0.14
0.05
0.46
1.06
0.43
0.75
0.22
1.13
1.06
0.67
0.86
1.24
0.54
0.17
0.50
0.54
0.58
1.01
0.47
1.68
1.76
0.89
0.29
0.74
1.06
1.00
1.12
0.85
1.45
0.85
1.38
1.74
1.47
1.36
1.05
1.08
0.33
0.61
1.54
0.77
0.74
0.86
0.22
0.41
1.52
1.94
1.31
1.16
1.38
1.29
0.80
0.78
0.75
0.68
0.37
1.26
1.58
0.39
0.42
0.43
0.34
3.32
1.84
0.97
0.92
0.58
0.82
0.85
0.57
0.69
0.74
0.18
1.10
0.35
0.59
0.34
1.19
0.96
0.47
0.99
0.32
0.70
0.33
1.14
0.79
0.95
0.59
0.48
0.45
1.02
0.58
0.34
0.82
0.65
0.89
0.89
0.35
0.94
0.31
0.39
1.18
0.73
0.76
0.65
0.38
0.64
0.77
0.57
0.27
0.83
0.41
0.62
1.75
1.34
1.57
0.69
0.58
0.20
0.75
1.24
1.53
1.95
1.18
0.38
1.23
0.29
1.16
0.74
0.93
2.61
1.34
0.49
0.93
0.66
1.18
0.57
0.75
0.65
0.43
0.28
0.34
1.13
0.77
1.06
0.71
0.84
0.94
3.01
0.73
0.72
0.61
0.45
0.71
0.82
2.72
1.42
1.70
0.50
0.37
1.13
0.15
1.49
1.73
1.65
0.97
2.57
1.77
0.93
1.96
1.19
2.74
1.15
0.64
0.93
0.63
1.04
1.02
0.84
0.63
0.18
0.91
0.65
1.16
2.19
1.41
1.01
0.21
1.42
2.28
1.68
0.39
0.17
1.87
1.31
0.35
0.78
0.44
0.86
0.17
0.75
1.10
0.66
0.72
1.14
0.95
0.63
0.67
0.38
0.95
0.31
0.61
0.17
0.05
0.25
0.31
0.77
0.97
0.42
2.73
1.72
0.83
1.81
2.08
1.34
1.30
0.50
0.61
0.94
0.47
1.34
0.65
2.07
1.58
0.15
0.47
0.28
0.67
2.98
2.62
0.95
0.99
0.87
1.32
1.08
0.64
0.84
1.10
1.28
1.73
1.22
1.64
1.38
0.90
1.45
0.17
1.30
1.15
0.97
1.73
1.23
1.00
1.82
0.87
0.87
0.41
0.17
0.57
0.60
0.80
0.64
0.60
0.07
0.76
1.39
2.58
2.66
1.40
0.61
0.84
1.05
0.70
1.14
0.54
0.81
1.57
0.18
0.80
0.70
3.05
0.30
0.97
0.16
1.44
0.39
0.95
1.62
1.75
0.83
0.81
1.13
0.30
0.35
0.95
1.12
0.62
0.33
1.14
0.89
2.60
1.41
0.31
0.47
0.36
1.15
1.70
0.50
0.79
0.19
0.56
0.97
0.66
1.06
0.59
0.45
0.17
0.85
0.88
1.40
1.11
0.47
0.28
0.53
0.38
0.12
1.26
0.66
0.74
0.90
1.12
0.84
0.74
0.93
0.67
1.22
0.06
1.18
1.34
1.28
0.99
1.11
0.11
1.57
0.54
1.08
0.64
1.47
0.18
0.15
1.03
0.15
0.50
0.31
1.27
0.79
0.59
0.55
0.79
0.73
0.10
1.25
1.11
0.87
1.37
0.17
1.97
1.66
0.81
0.06
0.43
1.00
1.13
0.14
0.59
0.33
0.42
0.84
0.78
0.92
0.53
0.86
0.12
0.09
0.87
0.40
0.94
0.78
1.24
1.65
0.75
0.05
0.06
0.39
1.04
0.71
0.33
1.64
0.33
0.17
0.85
1.21
0.82
0.07
1.53
0.78
1.01
1.65
0.54
1.50
0.59
0.18
0.71
0.92
0.97
0.87
0.61
0.36
1.56
0.41
1.17
1.35
0.90
0.92
1.58
1.05
1.42
0.73
0.06
0.38
0.06
0.07
0.42
1.06
1.06
2.81
4.10
0.11
0.16
0.76
0.69
0.16
0.33
1.00
0.61
0.08
0.57
2.04
0.55
0.25
0.97
0.65
0.89
1.00
0.48
0.72
0.21
0.07
0.33
0.26
0.36
1.00
0.12
0.37
1.13
1.12
1.10
0.76
0.69
0.90
0.08
0.40
0.84
0.36
1.22
0.81
0.57
0.57
0.42
0.25
0.57
0.23
0.24
1.59
1.38
1.28
1.10
0.33
0.06
0.41
0.60
0.67
0.29
0.21
1.05
1.14
1.05
0.80
0.38
0.59
0.58
0.73
0.67
0.49
0.69
2.47
1.91
0.42
0.95
1.31
1.42
0.77
0.51
0.50
0.50
0.78
0.63
0.26
0.59
0.48
0.53
0.37
0.59
0.86
0.25
0.71
3.70
1.64
1.17
0.56
0.13
1.00
1.45
0.27
1.08
1.73
0.66
0.36
1.73
1.43
0.60
3.31
2.38
1.73
0.78
0.24
1.39
4.15
3.26
1.36
0.71
1.02
0.84
1.30
0.35
0.64
0.34
1.14
0.15
0.27
0.49
1.09
2.37
1.00
0.70
0.41
1.41
0.45
0.34
1.45
0.95
0.57
1.79
0.51
1.34
2.71
1.16
0.42
0.09
1.49
1.22
2.54
2.68
0.29
0.47
2.11
3.25
0.52
4.40
2.28
1.59
0.23
0.19
1.75
1.87
1.89
1.07
0.31
1.25
1.01
0.47
0.11
0.76
0.83
0.73
1.66
3.20
2.11
0.94
0.96
0.41
0.17
0.40
0.07
0.30
1.09
2.24
0.25
0.49
1.58
0.96
0.83
1.92
3.06
0.58
1.32
1.71
1.24
0.94
0.84
0.73
0.54
0.26
0.28
1.13
0.73
0.54
0.17
0.13
1.52
2.72
1.33
1.26
0.69
1.34
0.95
0.09
0.11
1.32
2.05
2.91
1.30
1.07
1.15
0.14
1.16
1.10
0.67
1.27
0.87
0.72
1.26
3.48
2.43
0.72
1.17
0.71
1.40
1.31
1.30
0.55
0.53
2.16
0.96
1.07
1.22
1.41
1.23
1.76
0.58
0.19
1.00
1.07
1.05
1.95
0.59
0.87
0.99
0.17
0.78
0.77
1.06
1.25
0.23
0.95
0.48
0.96
1.05
0.46
1.02
1.23
0.96
1.78
0.48
1.16
0.33
0.57
1.13
0.22
0.52
1.00
0.89
0.69
0.53
1.26
2.49
1.00
0.81
0.42
0.84
0.89
0.95
0.40
1.21
0.62
0.58
0.72
0.08
0.63
0.91
0.57
0.34
1.14
0.32
0.67
1.20
0.32
0.95
1.06
1.47
1.40
0.26
0.14
0.30
0.07
0.38
1.06
0.77
0.72
1.28
0.74
0.90
1.18
1.16
1.08
1.23
0.21
0.84
0.76
1.10
0.98
1.16
0.24
0.72
1.12
1.55
1.37
0.91
2.42
1.36
1.35
1.41
2.27
1.72
1.69
1.19
0.87
1.23
0.73
0.85
0.60
0.58
1.00
0.97
1.32
0.83
0.74
1.79
1.56
0.22
1.42
0.64
1.08
1.71
1.33
1.18
1.22
0.86
0.78
1.31
0.96
1.11
1.19
1.44
0.87
1.02
1.55
0.60
0.28
0.54
0.47
1.03
1.85
1.86
0.89
0.75
0.20
0.38
0.86
0.32
0.12
0.88
0.38
0.78
0.29
1.12
1.60
1.15
0.74
0.80
0.87
1.28
0.38
0.95
1.37
1.14
1.02
1.21
0.25
0.77
0.63
2.95
2.97
1.75
1.77
1.25
0.79
1.11
1.89
0.53
0.17
0.98
0.76
1.13
0.47
0.67
0.93
1.04
2.01
3.26
1.69
1.04
0.54
0.51
0.87
0.74
0.77
0.38
2.15
0.53
0.87
1.20
0.40
0.54
0.62
0.31
0.88
0.65
0.29
1.19
1.80
1.16
0.69
0.24
1.03
1.16
0.54
1.00
0.60
0.08
0.06
1.56
1.76
0.59
1.01
0.79
1.12
0.81
0.09
0.87
1.53
1.27
1.24
1.02
0.57
0.18
0.40
1.98
1.48
1.32
2.08
1.29
0.32
0.57
0.97
0.79
1.17
0.25
1.23
0.20
0.15
0.87
0.18
0.20
0.17
0.54
0.86
1.20
1.42
0.79
0.28
0.55
0.69
0.93
0.89
0.62
2.41
1.68
1.30
0.96
0.62
0.63
0.80
1.04
0.31
1.55
0.99
1.83
3.02
1.52
2.25
1.38
1.05
0.83
0.05
1.54
1.72
0.20
0.05
0.27
0.40
1.17
0.12
0.75
1.64
1.51
0.35
0.67
2.59
2.36
1.81
0.95
0.48
0.65
0.49
0.90
0.52
0.63
2.08
0.58
0.69
0.70
0.77
0.74
0.52
2.70
2.11
1.90
0.51
0.39
0.08
0.23
0.64
1.36
2.03
1.15
1.08
0.75
0.36
1.07
0.91
1.10
3.14
0.25
1.10
1.03
1.07
0.90
0.06
0.40
1.12
0.87
0.86
0.18
1.85
1.82
1.38
1.31
0.05
0.05
0.37
1.13
1.39
0.94
1.49
1.13
0.66
0.49
1.58
0.57
0.99
0.73
1.33
0.77
0.91
0.18
1.12
0.56
0.11
0.98
0.57
0.11
1.55
1.54
0.97
1.44
0.98
0.15
0.55
1.04
1.86
0.40
2.00
2.14
1.67
1.79
1.64
1.49
1.18
0.06
2.16
0.19
1.37
0.24
0.57
0.52
0.59
0.77
0.79
0.53
0.12
0.40
0.77
1.06
0.86
0.71
0.59
0.71
0.97
0.98
0.40
0.08
0.65
0.68
0.80
0.40
0.16
0.25
0.60
0.84
1.99
0.55
1.15
2.51
0.79
0.72
0.53
1.26
1.05
0.47
1.58
0.63
0.68
1.74
1.03
0.19
0.11
0.23
0.97
0.63
1.00
1.27
2.27
1.16
1.53
1.21
1.06
1.61
0.77
0.52
1.15
0.59
0.60
1.17
1.12
0.70
0.43
0.58
0.57
0.52
1.49
0.97
0.31
1.06
0.59
0.50
0.30
0.52
0.29
0.54
1.04
1.45
1.19
1.08
1.43
0.92
0.45
0.35
0.73
1.01
0.82
0.68
1.39
0.79
0.78
0.28
0.79
1.05
0.92
1.29
2.03
2.15
0.85
0.85
0.64
1.33
1.01
0.70
0.89
0.71
0.12
0.56
0.60
1.38
1.34
0.88
0.22
0.65
1.00
1.50
0.36
0.42
0.22
0.45
0.84
0.95
0.62
0.81
1.47
1.14
0.86
0.92
0.42
0.36
1.95
2.64
0.47
0.97
0.80
2.30
1.75
1.15
1.53
0.79
0.70
0.48
0.65
1.07
0.30
0.81
0.20
1.11
2.33
1.24
0.78
0.44
0.80
1.65
2.64
0.74
0.48
0.73
0.51
0.85
0.82
3.54
2.07
0.61
0.74
0.94
0.67
1.78
0.91
0.52
0.38
1.25
0.86
0.50
0.31
0.27
2.26
1.77
1.81
0.58
0.60
0.84
0.91
0.33
1.01
1.48
0.75
0.36
0.39
0.74
1.22
1.66
1.74
1.38
0.89
0.57
0.62
0.40
0.27
0.39
0.49
0.23
2.07
3.77
2.81
0.96
0.87
0.97
0.73
0.38
1.86
1.81
1.73
0.74
0.82
0.95
0.16
1.03
0.13
0.80
1.18
0.34
0.81
0.93
0.46
3.12
2.34
1.25
1.02
0.61
0.89
0.08
0.41
0.11
0.49
0.09
0.47
0.65
0.18
0.80
0.26
0.65
0.39
1.58
0.79
0.11
0.58
0.47
0.93
2.40
0.75
0.39
1.83
2.48
1.26
2.08
1.55
0.90
0.52
0.27
0.13
3.89
2.50
2.97
1.53
0.60
1.53
2.06
1.66
2.53
1.16
1.71
1.82
2.30
2.18
2.22
0.76
0.36
0.36
0.12
0.34
1.40
2.60
2.15
0.81
0.54
0.17
1.13
1.34
0.98
1.12
0.87
1.17
1.73
1.14
0.34
0.51
0.36
0.46
0.19
0.26
0.41
1.35
0.81
0.81
1.04
1.29
0.38
0.89
0.53
0.58
0.60
1.12
1.34
0.42
0.15
1.09
0.51
0.75
0.83
2.13
2.03
0.72
1.19
1.15
1.16
0.75
0.27
0.59
0.17
0.68
1.05
1.34
1.63
0.47
0.11
0.17
0.29
1.89
0.19
0.25
0.18
2.03
2.23
0.86
0.88
1.34
0.58
1.92
1.33
1.61
1.62
0.56
1.73
1.06
0.53
0.48
0.44
1.11
0.62
1.46
0.66
0.77
0.54
0.62
1.50
0.62
0.94
1.21
1.29
1.16
0.96
0.34
0.45
1.03
1.54
1.07
0.80
0.62
0.85
0.39
0.89
1.19
1.83
1.22
0.23
0.07
0.54
0.82
1.12
1.29
1.28
1.44
1.62
1.12
0.62
0.67
1.82
0.83
0.34
0.32
0.60
0.45
0.52
0.35
0.42
1.05
0.14
0.55
0.18
1.26
0.90
1.96
1.33
1.54
1.40
1.58
1.31
1.21
1.26
1.65
0.58
0.28
0.49
1.71
1.16
1.04
1.36
0.39
0.55
0.97
1.14
1.10
1.54
0.88
1.34
0.70
1.50
1.21
0.97
0.60
1.36
1.36
1.36
1.38
1.70
1.72
1.19
2.13
0.51
0.23
0.53
0.31
0.66
0.47
0.71
0.63
1.09
0.67
0.98
1.38
1.05
0.52
0.60
0.31
1.02
0.57
0.34
0.48
1.38
0.35
1.05
1.31
3.17
1.10
0.14
0.24
0.36
0.45
1.62
0.83
0.31
1.95
1.71
0.78
0.56
1.09
1.02
0.49
2.11
1.46
1.45
1.92
2.63
3.85
2.73
1.29
1.07
0.71
0.79
0.34
0.45
1.01
1.37
0.99
0.41
0.93
1.31
0.64
0.69
0.91
0.53
0.81
1.01
1.63
0.77
0.48
0.52
0.99
1.31
0.91
0.94
0.17
1.96
1.02
1.31
1.70
1.19
1.34
1.02
0.34
0.62
0.13
0.10
0.72
0.95
1.88
1.60
1.66
2.56
2.69
0.77
2.86
3.06
0.75
0.53
0.45
1.23
1.01
0.35
0.85
0.81
1.59
3.65
1.26
1.08
1.12
1.26
2.20
1.59
0.86
3.08
2.23
1.04
0.67
0.25
0.37
0.24
0.51
2.32
1.44
0.48
2.17
1.50
1.54
1.89
1.03
0.64
0.78
0.77
0.63
0.69
1.67
1.75
1.35
2.10
1.45
0.59
0.65
0.12
0.29
0.16
3.80
1.26
0.51
0.82
0.55
0.95
0.76
0.56
1.14
0.64
1.56
0.60
0.46
0.48
1.19
0.23
0.28
0.55
1.82
1.75
3.22
1.10
1.88
1.48
1.55
0.80
1.10
0.70
0.46
0.49
0.46
1.32
0.08
0.54
0.12
1.26
2.54
2.41
1.21
1.15
0.91
0.34
0.52
1.77
0.35
0.34
1.17
0.06
0.90
2.23
1.69
1.69
0.65
0.32
2.53
3.74
1.61
0.37
0.97
0.30
0.56
0.73
0.37
0.93
0.87
0.89
4.67
1.12
0.22
2.14
1.47
0.83
0.48
1.06
1.40
0.79
0.85
2.56
1.38
0.64
0.21
0.45
1.36
0.45
0.43
0.47
0.11
1.96
0.76
0.25
1.55
0.61
0.59
1.13
2.30
1.12
0.54
0.26
1.44
1.62
1.11
1.40
0.49
0.19
1.13
0.35
0.44
0.73
0.60
1.22
0.68
1.60
2.64
1.35
0.98
0.75
0.27
0.06
0.50
0.43
0.24
0.48
1.84
0.63
0.74
0.74
0.83
0.96
2.09
1.26
1.46
1.08
0.73
0.83
1.30
0.31
0.55
0.20
0.59
0.99
0.85
1.22
1.31
1.06
0.35
0.62
0.99
0.47
0.11
0.08
0.69
0.79
0.29
0.99
1.18
1.08
0.72
1.09
1.35
1.26
0.28
1.30
1.08
0.53
0.90
0.82
0.18
1.49
0.67
0.57
0.22
0.76
0.09
0.23
0.89
0.45
0.94
0.38
1.48
0.92
1.29
0.67
1.10
0.61
0.46
1.93
0.59
0.75
0.86
1.27
1.36
1.19
1.85
1.91
1.95
0.60
1.52
2.79
2.50
1.23
0.92
0.76
0.56
0.67
1.71
1.35
0.81
0.86
0.94
0.97
0.75
0.24
1.16
0.85
1.65
0.79
2.55
0.77
0.45
0.91
0.91
0.51
0.71
0.28
0.46
0.27
0.56
0.99
1.07
0.55
0.33
0.74
1.09
1.46
0.73
0.66
0.98
0.88
0.62
0.77
0.55
1.18
0.98
0.88
1.70
0.87
0.94
0.21
0.19
1.67
0.92
1.19
0.56
0.38
0.15
1.85
1.38
0.83
0.38
1.02
1.03
0.40
1.26
1.13
1.17
0.91
0.64
0.38
1.08
0.91
0.79
1.08
0.45
0.51
1.04
1.48
1.44
1.09
0.73
1.02
2.87
3.18
1.95
1.51
1.24
0.66
0.76
0.90
0.84
0.39
0.51
0.59
1.95
0.53
0.38
0.15
0.88
0.96
0.81
0.54
2.03
1.98
0.79
0.24
0.66
0.48
0.66
0.78
0.50
1.07
0.31
2.16
1.61
0.46
0.36
0.44
0.85
0.64
0.83
0.48
2.65
1.27
0.70
0.92
1.27
1.41
1.32
0.47
2.13
1.69
0.24
0.99
0.89
1.10
0.67
1.04
0.22
0.55
0.14
0.46
0.56
0.87
0.80
0.51
0.43
0.36
1.03
1.06
0.73
1.32
3.33
2.11
0.21
0.71
1.22
1.01
0.58
2.44
3.00
1.89
0.32
0.59
1.58
0.79
1.52
2.65
2.87
0.81
0.71
0.17
1.05
0.70
0.81
0.74
0.11
0.41
0.35
0.17
0.60
0.49
0.08
0.23
0.19
0.29
0.97
0.49
0.55
0.13
0.53
0.15
0.08
0.09
2.29
1.62
1.94
1.33
1.99
0.50
0.41
0.75
0.19
1.45
2.42
0.93
1.47
0.78
0.94
0.54
0.98
1.03
0.27
0.09
0.61
0.16
0.07
0.11
1.77
1.42
0.26
0.55
0.13
0.81
1.32
0.49
0.70
0.62
1.50
1.18
0.75
0.92
1.50
1.40
0.63
0.45
1.20
0.32
0.76
0.48
2.10
1.34
2.73
1.25
0.62
1.08
0.31
0.28
0.66
0.38
0.17
0.15
1.20
0.65
0.78
0.37
0.30
1.19
1.41
2.55
0.74
0.77
0.43
0.38
0.63
1.63
0.66
1.11
0.42
0.73
0.78
0.80
2.79
3.02
1.06
0.78
2.01
1.92
1.11
1.06
0.45
1.48
1.71
1.49
1.57
1.89
1.56
0.36
0.73
0.65
1.21
0.97
1.71
1.31
0.41
0.54
0.83
0.73
0.97
0.82
0.70
0.32
0.44
1.29
1.42
0.87
0.73
0.42
1.22
0.79
0.54
1.19
0.78
1.10
0.57
1.00
0.74
0.62
0.24
0.27
2.33
1.22
0.96
1.13
1.04
1.16
1.00
0.65
0.71
0.99
0.81
0.48
0.98
0.55
1.06
0.93
0.92
0.81
1.28
1.23
0.71
1.04
0.59
0.19
0.16
0.16
0.06
0.06
0.85
0.66
0.60
0.57
1.34
0.53
1.27
1.12
1.03
1.48
0.74
0.28
0.82
1.01
0.73
1.49
1.29
1.66
0.86
0.23
0.49
0.76
0.92
0.97
1.00
1.07
0.55
1.37
1.62
0.97
0.37
1.03
1.35
0.86
1.21
1.11
1.16
1.00
0.69
0.67
0.67
0.86
0.72
0.50
0.68
1.75
1.49
2.24
1.60
0.70
1.01
1.18
0.91
0.87
1.14
0.28
0.96
0.58
0.78
0.64
0.64
0.81
1.20
0.47
0.87
1.18
1.34
1.04
1.38
0.93
1.16
1.07
1.16
1.13
1.17
0.57
1.25
0.56
0.49
2.53
2.28
0.91
0.37
1.56
0.76
0.39
0.89
0.52
1.14
1.32
0.89
0.80
0.54
1.09
1.87
1.93
1.05
0.56
0.39
0.45
0.22
0.51
0.60
0.60
0.20
0.75
0.66
0.68
1.41
0.32
0.51
1.28
0.65
0.39
0.71
0.30
1.21
0.63
0.59
0.76
0.46
0.10
0.38
1.66
1.36
0.75
1.63
0.98
0.41
0.42
0.46
0.24
0.17
0.97
1.13
2.59
0.90
1.18
0.40
0.59
1.04
1.25
1.13
0.56
0.50
0.81
0.44
0.18
0.42
2.06
1.29
1.26
1.01
0.84
0.63
1.60
0.53
1.49
2.71
1.18
0.64
0.65
0.09
0.59
0.46
0.43
0.07
0.15
0.17
0.89
0.74
4.39
3.68
1.65
0.83
0.22
1.14
0.74
0.72
0.34
0.69
0.84
1.73
1.37
1.16
1.06
1.25
1.76
1.74
2.27
1.76
1.61
1.86
2.15
0.72
1.60
1.04
2.42
1.35
1.37
2.12
1.38
1.78
1.13
1.47
1.68
0.91
0.87
0.71
1.15
1.14
0.91
1.03
0.71
0.98
0.80
0.60
1.18
1.04
0.56
0.64
2.50
2.16
0.86
1.20
0.40
1.69
2.32
2.16
1.84
1.27
0.90
1.18
0.12
0.36
1.19
1.56
2.41
1.93
0.36
0.21
0.83
1.78
0.75
0.61
1.74
1.02
1.56
1.28
1.29
1.18
1.38
1.19
0.95
1.54
1.04
1.57
1.55
1.24
2.17
3.26
2.04
1.38
1.37
1.15
0.75
0.96
1.76
1.06
0.86
1.63
2.48
1.60
1.63
0.93
1.06
1.51
1.12
0.86
0.81
1.05
0.75
0.84
0.76
0.92
0.97
1.63
1.63
1.76
2.70
0.96
0.45
0.38
1.67
1.28
0.18
1.16
0.67
1.71
1.29
1.04
1.59
1.10
1.38
1.24
1.69
1.71
0.62
0.91
2.09
1.96
1.53
1.35
1.56
2.43
1.34
1.37
0.81
0.78
0.71
0.87
2.31
1.36
1.06
1.06
1.18
0.78
1.11
1.00
0.86
0.49
0.67
1.44
1.42
1.14
1.10
0.74
1.15
0.19
1.38
1.20
1.28
1.16
0.75
1.12
1.62
1.33
1.19
0.69
1.26
1.03
0.98
0.65
1.31
0.77
1.27
0.84
1.08
1.00
1.20
0.72
1.41
1.06
1.48
1.31
0.59
0.95
1.14
1.45
1.71
1.73
0.91
1.16
1.30
1.32
1.69
1.55
1.60
1.46
1.30
1.44
1.49
1.39
1.22
1.36
1.39
2.17
1.77
1.59
1.71
1.48
1.28
1.39
1.15
1.44
1.94
1.46
2.26
1.38
1.99
1.55
1.20
1.43
1.62
1.13
1.66
1.50
1.37
1.20
0.87
1.12
1.86
1.38
0.76
1.38
1.16
1.39
1.67
1.41
1.30
1.04
1.00
0.68
0.57
0.97
1.02
1.12
1.63
0.65
0.57
1.55
1.17
1.25
1.47
1.17
1.13
2.05
1.21
1.37
1.71
2.54
1.53
1.16
1.00
0.76
1.28
1.09
1.02
1.74
1.52
1.10
1.07
0.85
0.51
1.21
1.43
1.24
1.38
1.85
1.84
0.94
0.51
1.67
1.32
1.47
1.08
1.03
0.98
1.22
0.97
0.76
1.60
0.85
1.34
2.23
1.35
0.93
0.71
1.01
1.20
1.09
3.05
1.22
1.16
1.37
1.09
1.20
1.01
1.19
0.99
0.72
1.22
1.00
1.07
1.17
1.07
1.09
0.84
0.69
0.99
0.84
0.74
0.78
0.82
1.00
0.89
1.06
1.94
1.95
2.03
1.69
0.87
0.76
0.83
0.36
1.07
1.66
0.62
0.86
1.46
1.55
0.94
0.98
0.45
1.01
1.73
1.81
2.04
1.51
0.67
0.87
0.59
0.75
0.94
0.32
1.29
1.69
1.50
1.84
2.12
2.12
1.56
1.21
1.12
1.05
1.07
0.85
1.36
1.80
0.55
0.35
0.24
0.25
0.79
0.66
1.67
0.97
0.61
0.91
0.97
1.01
0.91
1.14
0.18
0.70
0.50
0.96
0.61
1.41
0.75
1.42
2.01
2.16
1.15
0.39
0.40
1.87
0.85
1.84
1.77
1.39
1.48
0.97
0.82
1.27
1.23
0.81
0.96
0.20
0.49
0.62
0.08
0.29
1.80
1.55
1.61
0.95
0.48
1.46
1.34
1.63
0.72
0.45
1.14
0.80
0.84
0.78
0.57
0.70
0.76
0.57
0.71
1.05
2.09
1.16
0.62
0.96
1.30
0.36
1.33
2.02
1.16
1.69
1.44
1.20
0.84
1.58
1.87
1.11
0.83
1.13
1.30
2.39
1.50
0.95
0.64
0.67
1.03
2.27
1.01
2.05
2.10
1.78
0.76
0.29
0.91
0.87
0.33
0.90
0.61
0.88
0.40
0.63
1.13
0.75
1.46
0.97
0.39
1.16
1.23
1.02
0.76
0.83
0.80
0.94
0.62
1.50
0.44
0.42
1.42
0.97
0.84
1.02
1.23
1.60
1.29
0.68
1.12
1.72
0.82
1.29
1.34
0.76
1.31
2.48
1.81
1.15
0.82
0.23
0.20
0.69
0.81
1.56
1.56
0.76
0.76
1.44
1.33
0.45
0.89
0.68
0.84
0.95
0.55
1.42
0.61
0.85
1.10
0.85
0.73
0.93
0.90
0.96
0.93
0.90
1.10
0.79
0.68
2.15
0.95
1.57
1.20
0.74
1.00
0.85
0.77
0.63
1.35
0.95
0.83
1.46
1.10
0.75
0.56
0.28
0.72
0.96
1.00
1.27
1.15
1.15
0.89
1.48
1.16
2.08
1.39
1.14
0.93
0.82
0.62
1.09
0.59
0.88
1.37
1.11
1.47
1.12
0.72
1.30
1.26
1.21
1.49
1.70
1.32
0.95
1.23
1.23
1.46
0.85
0.83
1.47
1.34
0.82
0.94
1.69
0.73
1.07
0.77
1.64
0.98
0.99
1.33
1.26
1.44
0.91
1.53
1.35
0.92
1.22
1.03
1.69
1.29
1.16
1.17
1.11
0.66
1.32
1.67
1.70
1.63
1.86
0.95
0.74
0.81
0.94
0.82
1.25
0.61
0.78
0.43
1.30
1.36
0.70
1.02
1.06
1.43
0.80
1.17
0.91
0.81
0.58
0.73
1.15
0.79
0.96
1.50
1.34
1.03
0.63
1.06
1.25
0.95
1.02
0.87
0.73
3.23
2.07
1.01
1.16
1.11
1.03
0.82
1.54
1.29
0.74
0.95
0.84
0.51
0.90
1.02
1.20
1.13
1.48
1.73
1.26
0.96
0.89
0.81
1.00
1.40
1.93
0.96
1.00
0.78
0.69
0.54
0.98
1.00
0.99
0.96
0.54
0.68
0.65
0.68
0.49
0.74
1.09
1.25
1.16
2.23
1.32
0.83
0.97
0.99
0.84
0.51
0.81
0.87
0.94
1.13
2.21
2.42
1.22
0.95
1.07
0.86
0.72
1.03
1.39
1.67
0.68
0.57
1.06
0.84
0.64
0.48
0.56
0.81
0.82
0.61
0.62
0.56
0.76
1.46
0.80
1.26
0.75
1.60
2.16
1.82
1.39
1.83
1.97
1.93
1.93
2.96
2.42
1.26
0.76
0.16
1.27
1.24
1.45
1.73
2.12
2.12
1.46
1.89
1.33
2.54
0.93
0.97
0.94
0.62
0.53
0.78
1.38
0.59
0.63
0.45
0.59
1.97
1.18
1.77
0.54
1.33
1.81
1.74
1.54
1.08
0.20
0.13
0.51
0.59
2.05
0.52
1.55
2.13
1.57
1.65
0.57
0.66
0.65
2.67
2.12
3.26
2.76
1.47
0.79
0.27
0.14
1.01
1.65
1.29
1.44
1.24
0.85
1.39
1.15
1.61
1.73
0.94
0.91
0.72
0.55
0.57
2.12
3.03
1.66
0.27
0.12
0.21
1.72
1.46
0.84
0.77
1.61
2.22
1.98
1.55
0.90
0.08
0.13
1.44
1.46
1.16
0.73
0.74
0.73
1.20
1.42
1.13
0.18
0.98
1.34
1.92
1.25
1.53
1.14
1.18
1.32
0.71
0.86
0.40
0.72
0.88
1.14
1.37
1.78
1.45
1.29
0.97
1.30
0.90
1.12
1.79
2.25
1.15
1.10
0.56
1.08
0.79
1.82
1.33
0.82
0.80
0.84
0.45
0.61
0.54
1.14
0.68
1.49
1.87
1.05
1.03
0.86
1.37
0.96
1.07
1.12
1.47
0.97
0.82
1.32
1.46
1.19
0.45
0.78
0.84
0.75
0.70
0.88
1.12
1.12
0.99
1.43
1.16
1.21
0.89
0.76
1.05
1.12
1.36
0.55
0.65
0.45
0.49
0.93
0.43
0.18
0.75
0.53
1.26
1.80
1.28
1.26
1.14
1.71
1.44
1.39
1.52
1.34
1.31
1.45
2.02
1.68
1.57
1.44
1.43
1.15
1.01
1.21
0.95
1.07
1.86
2.54
1.52
0.33
1.01
1.07
1.58
1.07
1.14
1.32
1.34
0.63
0.75
1.73
1.17
1.38
1.63
1.66
1.56
1.91
0.84
0.96
1.15
1.45
1.11
2.29
1.63
1.04
1.19
1.28
1.32
1.46
1.12
1.16
1.47
0.68
0.88
1.60
1.05
0.98
1.15
1.25
1.37
1.25
1.71
3.28
0.85
0.95
1.02
1.11
1.22
1.54
1.32
1.35
1.03
1.33
1.34
1.43
0.64
0.96
0.79
0.92
0.95
1.19
1.11
0.65
2.21
0.90
1.89
1.44
1.12
1.14
0.81
0.88
1.13
0.51
1.98
0.60
1.58
1.70
1.15
2.14
1.65
1.01
1.03
1.16
0.86
0.90
1.43
1.51
1.23
0.86
1.00
1.36
0.92
2.27
2.13
1.50
1.17
0.87
1.09
1.15
2.97
1.38
0.69
1.32
1.23
0.86
1.09
0.94
0.76
0.96
0.54
0.72
0.97
0.70
1.39
0.73
0.96
1.07
1.54
1.31
1.36
1.29
1.69
1.06
1.20
1.31
1.24
1.22
1.37
0.99
0.66
1.20
1.46
1.17
0.92
1.59
2.53
3.18
2.97
1.46
1.43
1.11
1.09
1.40
1.61
1.88
1.12
1.15
1.17
1.07
1.52
1.63
0.99
1.22
2.35
1.13
0.80
0.60
0.72
1.16
1.54
1.16
1.33
0.61
2.11
1.14
0.93
0.29
1.86
2.54
3.17
1.41
1.79
1.35
0.70
0.62
0.84
1.12
1.11
1.34
0.67
0.68
1.21
1.83
1.76
2.04
1.33
1.71
2.00
2.28
1.59
0.94
0.65
0.71
0.96
1.54
1.33
1.15
2.30
1.84
1.31
1.62
1.76
2.70
2.19
0.67
0.68
1.15
0.38
0.87
0.97
2.29
2.06
1.32
1.76
0.93
0.64
2.32
1.25
1.45
0.83
0.89
1.71
3.20
2.62
1.28
1.12
0.73
0.11
0.52
0.83
0.46
1.18
0.92
1.13
2.80
1.38
1.20
0.15
0.38
0.86
1.66
1.59
0.61
0.84
0.89
2.08
1.04
0.97
1.01
0.62
1.30
1.07
0.88
0.29
0.33
0.70
1.25
2.13
1.42
1.49
1.07
0.55
1.63
0.65
1.63
2.24
1.51
1.13
1.47
1.07
1.16
1.06
1.20
0.56
0.84
1.19
1.14
1.24
1.06
0.86
2.28
1.00
0.72
0.75
1.25
1.00
1.09
0.93
1.25
0.68
0.64
1.54
1.13
1.20
1.25
2.05
2.54
1.81
1.67
0.82
1.96
1.28
0.97
0.63
0.32
0.59
0.99
0.52
1.13
0.59
0.67
0.58
1.13
0.71
0.09
0.38
1.00
0.52
0.57
0.22
0.25
0.32
0.41
0.76
1.20
0.79
1.21
0.46
0.61
0.51
0.62
0.59
0.78
1.06
1.32
0.98
1.38
1.02
0.91
1.30
0.75
1.68
0.75
1.57
1.95
1.71
1.65
0.99
0.95
1.53
1.46
0.82
1.49
0.92
1.69
1.45
1.03
2.02
1.55
1.36
0.47
0.78
0.75
1.21
1.27
1.22
1.40
1.57
1.32
2.37
0.95
0.99
0.77
1.32
1.51
1.28
1.09
1.19
1.18
0.90
1.00
1.04
1.17
0.74
1.20
1.35
1.61
1.17
1.18
1.19
1.41
1.30
1.55
1.80
1.94
1.52
1.62
1.01
1.22
0.73
0.80
1.04
1.30
1.05
1.10
1.04
1.02
1.33
1.30
1.11
1.30
1.20
1.51
1.30
0.89
2.25
1.69
1.07
0.72
1.01
1.23
1.95
1.58
1.62
1.30
1.20
0.97
0.77
1.41
1.55
1.27
1.13
1.03
0.76
1.11
1.13
0.97
1.29
1.21
1.24
1.43
1.25
1.09
0.89
1.10
0.88
1.21
0.83
0.91
1.12
1.29
1.36
1.12
1.28
0.95
1.01
1.10
1.35
0.94
1.45
1.10
1.35
1.46
1.42
1.07
1.08
0.93
1.38
1.41
1.27
1.04
0.87
0.75
1.59
1.20
0.85
0.92
0.58
1.75
1.05
0.73
1.47
0.91
0.93
0.43
1.47
1.55
1.00
0.90
0.99
1.43
0.65
0.26
1.39
1.58
1.32
1.45
1.62
1.42
1.02
1.41
1.00
1.42
0.77
0.99
2.66
1.96
1.12
1.19
1.15
0.97
1.34
1.15
1.47
1.17
0.98
1.04
0.18
0.86
0.92
0.87
0.92
0.70
0.62
1.07
1.49
1.12
1.10
0.77
1.26
1.24
1.86
1.31
1.99
2.17
1.16
1.44
1.29
1.18
1.21
1.50
1.58
0.95
0.58
1.73
2.24
1.43
1.42
1.18
1.39
1.56
2.78
1.44
1.47
1.26
1.23
1.98
1.20
1.09
1.12
1.57
1.06
1.30
0.69
0.72
1.06
1.20
1.00
2.01
1.26
1.13
0.72
1.46
2.03
0.54
0.29
1.47
1.60
1.03
0.80
1.11
1.31
1.36
1.21
1.27
1.20
0.97
1.30
0.32
0.29
1.36
2.15
3.02
1.47
1.74
1.19
0.73
1.00
1.10
0.19
0.81
1.03
0.74
2.59
1.60
1.51
2.40
1.57
0.76
0.89
1.09
1.27
1.07
0.57
1.57
0.50
0.69
1.39
1.52
1.37
2.26
1.70
0.89
0.70
1.30
0.90
1.10
1.10
0.58
1.44
0.96
1.15
0.84
1.30
1.38
2.12
2.12
1.09
1.10
0.77
1.29
1.33
1.50
1.34
0.89
1.25
0.78
0.64
1.19
1.28
0.74
1.11
1.10
0.44
1.14
1.24
1.06
1.19
1.05
1.12
2.80
0.98
1.05
1.41
0.72
0.75
0.69
1.06
0.68
1.10
0.79
1.54
1.21
1.49
0.70
0.88
0.97
1.34
1.17
1.64
1.64
0.67
0.63
1.05
0.97
0.68
0.63
0.72
0.83
0.61
1.47
0.81
0.91
0.79
1.12
1.12
1.08
1.18
0.99
0.92
1.26
1.09
1.02
1.34
1.42
1.50
1.30
1.32
1.84
1.95
1.71
1.09
1.27
1.31
1.29
1.33
1.38
1.59
1.69
1.46
1.31
1.21
1.40
0.74
1.47
0.95
1.21
1.61
1.83
1.50
1.36
1.14
1.06
1.30
1.34
1.31
1.51
1.31
1.19
1.10
1.54
1.77
1.20
1.44
1.14
1.07
1.24
1.11
1.71
1.87
1.11
1.17
0.88
1.16
0.99
0.23
0.84
1.03
2.26
1.92
1.28
1.10
1.08
1.22
0.75
1.11
1.07
1.04
1.02
1.21
1.14
1.06
1.14
1.07
1.04
1.92
1.42
0.89
0.93
0.95
0.97
1.27
1.15
0.61
0.82
1.27
1.32
0.89
1.05
3.01
1.28
1.18
1.42
1.50
1.38
2.01
0.96
0.74
0.86
0.88
1.75
2.41
1.47
1.58
1.30
1.33
1.36
2.11
2.53
3.01
1.52
0.90
1.09
0.94
1.23
2.14
2.02
1.14
1.18
1.27
1.37
1.39
1.25
1.12
1.17
0.86
1.16
1.52
1.07
1.19
1.71
1.89
1.66
2.57
1.50
1.22
1.73
1.39
1.44
1.34
1.44
1.46
1.18
1.32
1.04
0.90
0.74
0.87
1.17
1.57
1.92
1.83
1.62
1.45
1.20
0.88
0.94
1.48
3.31
2.87
1.53
1.04
1.24
0.90
1.36
1.09
1.15
1.19
1.35
1.47
0.89
0.47
0.67
0.72
1.96
2.12
1.03
1.14
0.67
1.98
1.81
1.55
0.59
0.68
1.66
0.95
1.45
1.67
1.33
1.54
2.40
1.55
2.54
2.25
1.43
1.04
0.55
0.73
0.71
0.87
0.64
0.68
0.96
1.35
1.40
1.43
2.12
1.40
1.36
1.87
0.98
0.95
0.80
1.57
0.90
1.27
1.58
1.21
0.68
1.11
0.76
0.97
1.17
1.27
1.43
0.79
1.64
1.07
0.85
1.69
1.07
1.02
1.26
1.54
1.40
1.25
1.36
1.46
1.25
1.07
1.13
1.08
1.56
1.10
1.49
0.75
0.97
1.23
1.46
1.06
1.48
1.11
1.13
0.68
0.70
1.12
1.51
1.19
0.92
0.85
0.92
0.92
0.84
0.66
0.68
0.71
0.78
0.75
0.71
0.88
1.16
0.79
1.12
0.99
0.79
1.56
1.44
0.60
0.70
0.50
0.75
1.38
1.31
1.73
1.61
1.13
1.15
0.58
0.65
1.59
0.72
2.05
3.48
0.96
1.47
1.94
0.89
0.58
0.46
1.41
1.22
0.83
1.14
1.24
1.02
1.36
1.63
1.52
0.74
0.64
0.82
0.74
0.85
0.82
0.69
0.69
1.08
1.38
1.05
1.07
0.74
0.42
0.59
1.00
0.95
0.70
0.75
0.94
0.65
0.70
0.60
0.38
0.41
0.42
0.58
0.92
0.66
0.97
1.04
0.43
0.94
1.96
1.59
0.53
1.05
0.67
0.62
0.93
0.61
0.55
0.58
0.67
0.57
0.83
1.51
1.62
0.63
0.63
1.15
0.60
0.39
0.47
1.35
1.04
1.31
1.63
1.20
0.67
1.11
0.72
1.43
2.49
1.12
1.09
1.09
1.33
1.29
1.56
1.52
1.46
1.80
0.90
1.57
1.03
0.80
1.19
0.55
0.79
0.52
0.79
0.55
0.44
0.49
0.88
1.02
1.07
0.90
1.58
1.32
0.60
0.55
0.84
1.46
2.50
1.02
1.98
1.39
0.86
0.51
0.41
1.80
1.57
1.56
0.80
0.68
0.52
0.71
0.86
0.75
0.55
0.67
0.80
1.49
1.49
0.64
0.43
0.87
1.02
0.93
0.88
1.60
0.87
0.38
0.45
0.44
0.63
0.78
1.02
0.61
0.38
0.65
0.80
0.59
0.73
0.79
0.80
0.75
0.85
1.02
1.50
1.41
1.75
0.84
0.69
0.46
0.53
0.64
0.35
0.62
1.64
1.75
1.07
0.51
1.24
2.15
2.35
1.43
1.34
0.92
0.61
0.45
0.34
1.22
1.44
0.81
0.55
0.57
0.84
1.10
1.44
0.91
0.82
0.97
1.21
1.44
0.83
1.05
0.64
0.36
0.50
1.52
1.11
0.79
1.16
1.05
0.52
0.34
0.59
1.01
0.63
1.22
0.74
0.34
0.41
0.57
1.67
1.89
1.81
1.42
1.03
0.65
0.46
0.34
0.56
0.50
1.68
1.73
1.41
0.73
0.66
0.44
1.50
1.12
1.01
0.71
1.97
0.56
0.79
0.66
0.49
0.33
0.48
1.93
1.81
0.93
0.53
0.59
0.49
0.28
0.53
0.42
1.79
1.38
0.78
0.52
0.55
0.47
0.48
0.65
2.43
2.21
0.73
0.46
0.99
0.62
0.66
0.82
1.69
1.93
1.37
1.20
0.82
0.39
0.53
0.51
1.35
1.66
2.31
1.76
1.09
0.58
1.48
0.99
0.94
0.49
0.34
0.50
0.68
0.61
0.50
1.15
0.78
2.80
1.49
0.78
1.11
0.71
0.57
0.94
1.02
0.55
0.54
0.73
0.86
0.56
0.70
0.52
0.49
0.31
0.77
0.61
0.83
3.99
1.84
0.84
1.43
1.21
0.89
0.70
2.28
1.21
2.24
1.88
2.25
2.33
1.59
1.44
1.34
1.24
1.13
1.09
1.05
0.71
1.32
1.32
1.26
0.75
0.91
0.36
0.62
1.74
2.12
1.22
0.31
0.58
1.01
1.65
0.48
0.79
1.17
0.68
1.55
1.06
1.02
0.87
0.74
1.07
1.47
0.96
0.91
1.07
0.88
0.76
0.88
1.45
0.86
0.59
0.90
0.65
0.56
0.50
0.80
0.87
0.35
0.78
0.74
1.01
0.72
2.29
0.86
0.75
0.80
0.70
1.24
1.15
0.92
0.59
0.62
1.04
1.11
0.78
1.04
0.94
0.62
0.53
0.91
0.81
0.60
0.72
1.13
0.79
0.53
0.46
0.67
1.44
1.61
0.80
0.39
0.59
1.45
0.34
0.48
0.39
0.47
0.68
0.72
1.09
0.54
0.59
0.69
0.34
0.63
1.95
0.44
0.74
0.60
0.49
0.83
2.30
1.67
0.81
0.59
0.69
0.43
0.45
0.72
0.53
0.42
0.51
0.58
0.64
1.07
0.94
0.54
0.78
0.50
0.87
1.05
1.72
1.85
1.95
1.54
0.47
0.43
1.19
1.26
1.07
0.78
0.71
0.50
0.85
0.51
0.65
0.85
0.92
0.52
0.71
1.31
1.18
1.01
0.98
0.96
1.25
1.50
1.38
0.86
0.60
1.31
1.28
0.80
0.65
0.56
0.60
0.94
0.94
0.59
0.60
0.90
1.73
2.70
1.82
0.82
0.55
0.58
0.44
0.72
0.97
0.56
0.46
0.55
0.58
0.64
0.37
0.50
0.63
0.76
0.54
0.48
0.52
0.56
0.56
1.07
1.05
0.88
1.04
0.98
0.89
0.68
0.54
0.53
0.56
0.49
0.67
0.37
0.71
1.42
0.80
0.58
0.57
0.55
0.70
0.53
0.99
1.48
0.86
0.98
0.86
0.96
1.19
1.28
1.59
1.51
0.94
0.68
1.14
1.00
1.36
1.69
1.41
0.94
0.72
1.14
1.49
1.06
0.87
1.52
1.14
0.60
0.59
0.77
0.35
0.93
1.15
1.10
0.93
0.80
0.81
0.68
0.61
0.61
0.43
0.51
0.79
0.52
2.06
2.59
1.08
0.50
0.48
0.39
0.72
0.85
0.62
0.72
0.89
1.43
1.98
1.06
0.69
1.65
2.15
1.32
1.29
1.51
1.22
0.60
0.41
0.56
0.50
0.44
0.74
1.04
1.28
0.61
0.70
1.33
1.07
0.62
0.80
0.46
0.75
0.47
0.61
0.45
0.44
0.73
0.85
0.64
1.73
1.28
1.41
1.38
1.07
0.90
0.61
0.55
0.53
0.87
1.40
0.43
1.81
0.57
0.55
1.11
0.71
0.30
0.71
0.49
0.57
0.93
1.26
0.77
0.66
0.46
0.81
1.61
0.93
0.79
0.44
0.37
0.50
0.41
0.42
1.31
0.79
1.11
1.31
0.71
0.64
1.67
0.46
0.73
0.50
0.44
0.94
1.51
1.09
1.38
0.98
0.65
0.38
0.47
0.42
1.41
2.61
3.00
2.55
1.90
0.80
1.36
1.59
1.41
1.73
1.22
0.78
0.46
0.58
0.51
1.20
2.58
2.17
0.71
0.74
2.57
1.29
1.32
3.31
0.74
2.58
1.62
1.11
1.52
2.26
1.04
0.52
0.44
0.49
2.08
1.54
0.75
0.41
0.36
1.39
0.88
1.06
2.00
1.82
1.69
2.07
0.80
0.43
1.14
0.80
0.54
1.94
2.18
0.99
0.68
0.33
0.36
0.67
1.14
0.59
0.38
0.74
1.72
0.79
0.95
1.37
1.08
0.79
0.42
1.93
0.92
0.69
2.36
1.21
0.71
0.71
0.77
0.72
0.59
0.80
0.39
0.50
0.39
0.46
0.37
2.62
1.12
0.51
0.61
1.76
1.88
0.67
0.32
0.41
1.36
0.79
0.59
0.42
1.15
1.24
0.40
0.85
1.30
1.66
1.08
0.62
0.65
0.59
1.87
0.54
0.47
0.53
0.95
0.88
1.00
1.07
0.83
0.90
0.38
0.47
2.24
0.83
0.56
0.52
0.36
0.45
0.66
0.46
0.72
1.43
0.95
2.23
0.96
0.78
0.78
0.65
0.91
0.34
0.41
0.75
1.38
0.85
0.93
1.23
1.35
1.50
1.37
1.35
1.29
0.40
1.54
1.49
1.82
1.59
1.37
1.10
0.63
1.12
0.97
0.86
0.65
0.53
0.54
0.68
0.58
0.73
0.40
0.59
0.46
0.87
1.19
1.08
1.27
1.41
0.84
0.50
0.44
0.74
0.62
0.97
1.15
0.74
0.60
0.63
0.69
1.12
1.21
1.05
0.93
1.02
0.86
0.68
0.73
0.83
0.89
0.93
0.83
0.65
0.48
0.51
0.70
0.97
0.59
0.69
1.33
0.87
1.14
0.78
0.64
0.49
0.41
0.56
1.14
1.24
0.45
0.47
0.65
0.55
0.44
0.37
0.50
0.57
0.50
1.97
2.74
0.90
0.45
0.78
0.52
0.41
0.63
0.59
0.78
1.07
1.22
0.72
1.18
1.14
1.04
0.54
0.52
0.66
0.79
0.63
0.72
0.41
0.49
0.53
1.23
1.24
0.86
0.97
1.43
1.60
1.64
1.93
1.19
0.98
0.52
1.20
1.92
1.71
1.47
1.37
1.11
0.84
0.68
0.71
0.63
0.71
0.55
0.58
0.79
1.00
0.71
0.57
0.84
0.68
0.51
0.81
1.44
1.09
0.66
0.86
0.96
0.47
0.66
0.94
0.67
0.97
0.94
0.60
0.55
0.53
0.61
0.81
0.57
0.63
0.88
0.38
0.47
1.89
1.19
0.62
0.38
0.42
0.56
0.76
1.45
0.99
1.69
1.18
0.53
0.43
0.48
0.38
0.76
0.63
0.36
0.94
1.53
0.95
0.37
0.38
0.67
1.60
1.20
1.41
0.92
1.51
0.71
1.17
1.90
0.79
0.63
1.91
1.35
0.65
0.69
0.65
1.32
1.95
1.09
0.65
1.00
1.08
1.29
1.26
0.55
1.46
0.93
0.56
0.71
1.31
1.84
1.41
1.59
0.79
0.80
0.61
0.42
0.37
0.30
0.39
0.85
0.55
0.57
1.32
1.60
0.96
1.49
1.28
0.75
0.42
0.80
0.67
0.92
0.71
0.43
0.34
0.35
0.39
0.43
2.51
0.78
1.10
1.67
0.96
1.21
0.99
0.50
1.41
0.78
1.91
0.50
0.54
0.32
0.36
0.52
1.18
2.08
1.37
1.08
0.80
0.36
1.30
2.03
1.66
1.04
0.92
1.23
0.91
1.01
1.19
1.14
0.75
0.42
0.40
0.41
1.75
1.10
0.48
0.59
0.96
0.96
0.55
1.03
0.88
0.48
0.57
0.90
0.59
1.33
0.70
1.02
1.04
0.63
1.42
0.58
1.02
0.47
0.86
0.89
0.92
1.03
1.83
1.25
0.58
1.70
0.84
0.29
0.78
0.52
0.69
0.71
1.26
1.17
1.00
0.87
0.66
0.62
0.62
0.87
0.72
0.49
0.51
0.43
0.47
0.96
1.36
0.66
0.55
0.67
1.00
1.14
0.52
0.51
0.42
0.98
0.67
0.83
2.10
1.31
2.00
1.04
0.96
1.26
1.39
0.65
0.64
0.72
1.64
1.76
1.62
1.07
1.17
0.71
1.29
0.86
0.61
0.55
0.66
0.69
1.59
0.60
0.75
0.89
1.04
0.94
1.06
1.21
0.95
1.09
1.02
1.02
0.56
0.70
0.88
1.11
0.56
0.41
0.55
0.85
0.60
0.47
0.45
0.65
0.68
0.80
0.98
0.65
0.43
0.56
1.25
0.90
1.00
0.64
0.55
0.65
0.33
0.39
0.41
0.54
0.53
0.62
0.36
0.40
0.51
0.97
1.21
1.28
1.53
1.79
1.62
1.21
0.85
0.62
0.74
0.37
0.51
0.56
0.68
0.39
1.09
0.81
1.14
1.20
0.96
0.78
0.70
0.77
0.62
0.34
0.53
0.39
0.73
0.50
0.38
0.56
0.94
0.84
0.81
0.83
0.74
0.55
0.55
0.47
0.69
1.36
1.36
1.08
0.84
1.05
1.14
1.27
1.17
1.25
1.16
0.47
0.99
2.12
2.17
1.86
1.49
0.97
0.81
0.72
0.67
0.61
0.45
0.59
0.41
0.71
0.90
0.72
0.67
0.68
0.89
0.76
0.77
0.62
0.38
0.59
1.19
1.06
0.73
0.64
0.72
1.06
0.60
0.62
0.65
0.82
0.94
0.84
0.55
0.91
1.20
1.32
1.39
1.28
0.81
0.45
0.33
0.57
0.74
0.91
0.60
0.34
1.28
0.96
0.78
0.55
1.02
0.69
0.68
0.62
0.55
0.58
0.35
2.01
1.77
0.87
0.81
0.58
0.81
0.69
1.28
1.94
1.65
1.62
0.93
0.75
0.44
0.74
1.56
1.27
0.80
0.67
0.48
0.57
0.94
1.43
1.27
1.21
0.72
0.49
0.36
0.62
0.80
0.82
0.90
0.83
0.61
1.60
1.61
0.90
0.97
0.76
0.96
0.92
0.86
1.10
0.57
0.47
0.65
0.78
0.78
0.37
0.89
0.85
0.81
1.22
1.71
1.27
1.78
1.22
0.49
0.45
1.07
1.26
1.47
0.61
0.65
1.24
0.70
0.40
0.47
1.83
2.01
1.52
0.74
1.35
0.74
0.38
0.53
1.01
1.34
1.35
1.51
1.35
0.74
0.47
0.48
0.84
1.11
1.07
1.42
1.57
0.95
1.10
0.64
0.62
1.10
0.66
0.61
0.52
0.82
0.75
1.03
1.23
1.24
0.89
0.39
0.56
0.45
0.85
0.77
0.64
0.39
1.15
0.80
0.49
1.77
1.62
1.13
0.79
0.84
0.58
0.69
0.34
2.02
1.08
0.72
1.92
1.30
1.21
0.74
0.78
0.58
0.36
0.58
1.48
0.69
0.83
1.09
0.62
1.14
0.73
0.84
0.43
0.33
0.85
0.78
0.55
1.32
1.88
0.97
0.77
0.37
0.90
0.94
1.96
0.85
0.43
0.38
0.75
0.52
0.39
0.90
1.35
0.69
0.68
0.57
1.11
0.45
0.88
0.51
0.53
0.67
0.62
0.64
0.74
0.72
0.37
0.47
0.69
0.87
0.55
0.33
0.58
0.64
0.83
1.08
0.77
0.52
0.45
0.30
0.56
0.74
0.98
0.94
0.40
0.78
0.63
0.50
0.71
1.05
0.75
0.98
0.53
0.41
0.81
0.85
0.50
1.09
0.87
1.27
0.92
1.36
0.95
0.44
0.61
0.48
1.13
1.11
0.77
0.62
0.63
1.06
0.87
1.11
1.20
1.37
1.33
1.28
1.49
1.35
1.05
0.35
0.43
0.47
0.45
0.41
1.04
0.54
1.04
1.06
0.87
0.62
0.34
0.46
0.76
0.97
0.89
1.28
1.12
1.09
0.85
0.46
0.50
1.07
0.68
0.82
0.93
0.62
0.74
0.60
0.31
0.88
1.11
0.58
0.84
0.48
0.49
0.50
0.67
1.26
1.37
1.24
0.97
0.96
0.48
0.39
0.56
0.36
0.37
0.56
0.31
0.55
0.72
0.55
0.40
0.47
0.51
0.44
0.41
0.60
1.58
1.50
1.14
1.05
0.87
0.35
0.34
0.45
0.43
0.69
0.64
0.94
0.84
1.17
1.22
1.66
1.06
0.75
0.68
0.59
0.42
0.69
0.50
0.97
0.80
0.67
0.80
1.08
0.96
0.61
0.58
0.36
0.33
0.91
1.32
0.41
0.34
0.35
0.35
0.80
0.75
0.34
0.30
0.48
0.38
0.66
0.62
1.38
1.13
0.58
0.49
0.67
1.10
0.60
0.84
0.42
0.57
0.42
1.40
1.10
0.45
0.47
0.40
0.47
0.90
0.94
0.49
0.50
0.51
0.34
0.83
1.45
0.53
1.25
1.27
0.57
0.57
0.70
0.66
0.90
1.15
0.84
0.75
0.92
0.60
0.64
0.50
0.73
0.94
1.08
0.56
0.78
0.82
0.64
1.01
1.92
3.52
0.71
0.48
1.35
1.78
1.41
0.37
0.41
0.54
0.62
0.69
2.03
1.77
0.57
0.30
0.73
1.55
1.06
1.18
0.94
0.92
1.44
1.40
1.10
0.80
0.81
1.05
0.71
0.35
0.77
1.59
0.75
0.36
0.45
0.69
1.23
0.47
1.04
0.42
0.51
0.80
0.38
0.43
0.61
0.82
0.59
0.31
1.35
0.53
0.95
0.69
1.71
1.37
0.89
0.49
0.56
1.28
0.46
0.73
1.11
0.59
1.02
1.29
1.49
0.78
1.05
1.27
0.82
0.68
0.30
0.84
0.61
1.64
1.67
1.61
0.86
0.75
0.36
0.36
0.50
0.51
1.20
0.46
0.45
1.36
1.37
0.73
0.37
0.74
1.80
0.56
1.84
0.81
1.45
1.17
1.15
1.04
1.09
0.87
0.65
0.36
0.77
0.76
0.94
0.31
0.75
0.48
0.55
1.02
1.38
0.54
0.50
1.12
0.96
0.58
0.78
0.32
0.57
0.54
1.45
0.81
1.13
1.05
1.53
0.56
0.81
0.68
0.55
0.49
0.37
0.44
0.69
1.34
1.01
1.52
0.81
0.58
0.76
0.61
0.36
0.75
0.74
0.81
0.58
0.35
0.32
0.53
1.09
0.92
0.77
0.34
0.81
0.60
0.40
0.51
0.31
0.40
0.63
1.49
2.60
0.84
0.81
0.77
0.99
0.93
1.18
0.85
0.61
0.35
0.68
1.06
1.42
0.66
0.51
0.65
0.55
0.84
0.96
0.69
0.47
0.88
0.74
0.69
0.36
0.43
0.58
0.65
0.73
1.14
1.91
1.83
1.94
1.75
1.39
1.17
1.18
1.57
1.42
1.73
1.52
2.59
1.68
1.57
1.05
0.82
0.46
0.64
2.06
1.21
1.13
0.65
0.52
0.57
1.11
1.17
0.61
0.57
1.16
0.41
0.66
0.90
0.95
0.66
0.69
0.76
1.33
0.39
0.52
0.60
0.85
0.95
1.45
0.87
0.84
0.59
0.67
0.34
0.66
1.05
0.62
0.52
0.59
0.36
0.42
0.43
0.70
1.65
1.59
1.07
0.75
0.79
0.62
0.35
0.39
0.53
0.51
0.52
0.20
0.51
0.76
0.24
0.34
0.80
0.70
0.42
0.38
0.35
0.51
0.68
0.45
0.46
0.59
0.86
0.55
1.05
1.05
1.23
2.41
1.95
0.51
0.42
1.43
1.06
0.77
1.26
0.66
0.53
0.69
1.05
0.71
0.79
0.71
1.95
0.42
0.59
0.42
0.41
0.81
0.98
0.78
0.48
1.61
1.02
0.75
0.84
1.14
1.18
0.55
0.75
0.89
1.20
1.16
0.70
0.40
0.32
0.39
0.40
0.66
1.23
1.27
1.42
1.23
0.80
0.56
0.66
0.38
0.43
0.33
0.69
0.88
0.78
0.95
1.00
0.57
0.61
0.70
0.50
0.38
0.51
0.34
0.38
1.10
0.78
0.30
0.97
1.14
0.79
0.38
0.65
0.48
0.45
0.88
0.30
0.47
0.30
0.25
1.24
0.66
0.80
0.30
0.45
0.51
1.28
0.92
1.21
1.71
1.00
0.84
0.82
0.59
0.57
1.02
0.70
1.26
1.03
0.84
0.45
0.33
0.34
0.36
0.90
0.62
0.65
0.29
0.40
1.30
1.90
0.90
0.45
0.75
1.63
1.27
0.85
0.61
0.27
0.85
1.00
0.34
0.92
1.14
0.56
0.44
1.00
0.18
0.73
0.32
0.29
0.62
0.35
0.83
0.75
0.58
0.53
1.14
0.65
1.13
1.66
0.97
1.71
1.77
1.26
1.06
1.45
1.28
0.56
0.31
0.99
1.38
1.44
0.78
0.32
0.34
0.33
0.52
1.03
0.56
0.66
1.08
1.18
0.91
0.43
0.91
0.44
1.09
0.74
0.99
1.21
0.36
0.79
1.26
1.57
0.47
0.47
0.36
0.84
0.37
1.34
2.11
0.71
0.42
0.34
0.36
0.85
0.69
0.67
1.59
1.45
0.48
0.58
0.64
0.55
0.54
0.49
0.39
0.43
0.55
0.30
0.46
0.56
1.53
1.21
1.29
0.96
0.78
1.39
0.96
0.95
1.54
0.86
1.80
0.84
0.40
0.48
0.42
0.45
1.01
0.77
0.56
0.76
0.32
0.45
0.36
1.32
1.22
0.38
0.20
0.48
0.54
2.31
1.20
0.33
1.66
1.71
0.45
0.65
1.08
0.49
0.89
0.31
0.93
0.90
0.75
0.79
0.85
0.48
0.42
0.34
0.57
0.41
0.69
1.24
0.50
0.51
0.51
0.50
0.49
0.46
0.66
0.62
0.74
0.84
0.84
0.87
0.84
1.14
0.91
0.87
0.67
1.22
1.25
1.12
0.72
0.46
0.47
0.93
0.78
0.85
0.59
0.45
0.93
1.18
1.22
0.64
1.07
0.97
0.56
0.55
0.57
0.62
0.84
1.19
1.53
1.01
0.79
0.67
0.88
0.55
0.63
0.55
0.55
0.75
0.97
1.60
1.21
0.62
0.47
0.51
0.53
0.48
0.44
0.63
0.53
0.50
0.65
0.38
0.30
0.42
0.45
0.51
0.40
0.44
0.36
0.60
0.43
0.68
0.64
0.66
0.66
0.69
0.43
0.49
0.72
0.61
0.76
0.85
0.53
0.37
0.42
0.56
0.43
0.40
0.54
0.59
0.64
0.65
0.53
0.40
0.56
0.34
0.31
0.50
0.38
0.34
0.32
0.44
0.67
1.42
0.92
0.32
0.53
1.57
1.27
1.21
0.82
0.61
0.48
0.30
0.44
0.45
0.67
0.62
1.25
0.56
0.65
0.89
0.83
1.20
1.12
0.97
0.84
0.86
1.13
1.21
1.37
1.18
0.79
0.53
0.65
0.59
0.37
0.23
0.51
0.91
1.14
0.46
0.45
0.30
0.24
0.80
0.57
0.30
0.30
0.38
1.13
1.58
0.94
0.36
0.44
0.91
0.45
0.93
0.85
0.64
0.71
1.01
0.83
0.75
0.76
1.49
1.11
0.70
0.37
0.28
0.43
0.38
0.32
0.67
0.92
0.39
0.62
0.44
0.74
1.87
1.32
0.44
1.20
1.41
0.64
0.58
0.63
0.95
1.13
1.58
1.54
1.41
0.78
0.34
1.37
2.07
1.03
0.43
0.36
0.48
1.33
0.56
0.42
0.45
0.81
0.94
1.00
0.79
0.52
0.32
0.76
0.68
0.66
0.56
0.73
0.41
1.04
1.20
0.91
0.66
0.68
0.92
1.10
0.90
1.03
0.89
1.26
0.99
1.31
0.73
0.50
0.95
0.83
0.51
0.87
0.48
0.85
0.85
0.92
1.22
1.18
0.76
1.15
1.07
1.89
1.81
1.02
0.71
1.14
1.61
1.30
0.83
0.78
1.05
0.71
0.85
0.99
0.75
0.87
1.04
1.12
1.48
0.75
0.71
0.83
0.60
1.44
1.32
1.32
2.36
1.21
0.78
1.16
1.11
0.76
1.45
0.65
0.98
1.26
1.36
1.00
0.95
0.75
0.95
0.78
1.05
1.83
1.12
0.82
1.84
1.26
1.66
1.65
1.91
2.19
1.01
1.09
0.93
1.10
1.02
1.69
1.60
1.48
1.79
1.66
1.39
2.09
1.98
0.94
0.95
1.01
0.72
1.19
1.24
1.05
0.99
0.98
1.32
1.01
1.81
1.67
1.04
1.03
0.91
1.12
1.11
1.06
0.88
0.57
1.04
1.11
1.33
1.36
0.76
1.13
1.37
1.33
1.07
1.22
0.88
1.11
1.63
1.30
1.46
1.73
1.38
0.93
1.63
1.26
1.02
1.05
1.76
0.89
0.40
0.68
1.01
1.09
0.96
1.22
0.83
0.96
0.92
1.20
1.68
1.13
0.90
0.85
1.03
1.45
0.98
1.06
0.99
0.95
0.59
1.18
1.51
1.12
1.28
1.64
1.24
0.96
1.18
0.97
1.15
1.04
1.14
0.98
1.62
1.97
1.11
1.42
1.16
1.78
1.30
1.05
1.46
1.34
1.81
1.54
1.49
1.82
2.27
1.47
1.61
1.00
0.96
1.59
1.68
1.33
1.34
1.60
1.96
1.34
1.69
1.81
1.53
1.76
1.36
1.71
1.65
1.25
1.14
1.51
1.19
1.09
1.49
1.39
1.38
1.34
1.85
2.37
1.93
1.69
1.58
0.78
0.80
0.90
1.61
1.08
0.63
0.64
0.54
0.99
0.97
1.07
1.19
1.03
1.13
0.72
0.95
0.63
0.68
0.57
0.76
0.56
0.61
0.73
0.82
0.72
0.60
0.92
0.77
0.60
0.77
0.67
1.23
0.77
0.88
0.96
0.84
0.68
1.05
1.00
1.14
0.67
0.53
1.06
0.74
1.70
2.07
2.50
2.47
2.09
0.76
1.08
0.71
0.81
0.52
1.45
1.01
1.73
2.43
1.86
1.55
2.53
1.07
1.20
1.20
1.39
1.39
2.00
1.36
1.11
0.86
0.99
1.06
0.74
0.58
0.67
0.61
1.05
0.56
0.89
1.35
1.30
0.92
0.85
0.66
0.71
0.56
0.51
0.58
0.89
1.02
0.57
0.57
0.69
0.73
0.61
0.60
0.54
0.98
0.89
0.53
0.62
0.59
0.71
0.81
1.26
1.62
1.38
0.59
0.62
0.75
0.71
0.54
0.92
0.97
0.77
1.07
0.88
0.81
0.85
0.95
0.96
0.56
0.60
0.79
1.11
1.10
1.70
1.07
0.82
0.59
0.66
0.56
0.59
0.60
1.43
0.92
0.50
0.71
0.97
0.56
0.80
0.90
0.56
0.57
0.48
0.43
0.77
1.12
0.80
0.71
0.59
0.64
1.22
0.96
0.83
0.55
0.49
0.80
1.20
1.21
0.85
0.65
1.11
1.29
1.94
1.68
0.85
0.59
0.70
0.48
1.03
0.92
1.18
1.31
0.81
0.49
0.80
1.08
1.17
0.82
0.70
0.69
1.14
0.90
1.15
1.34
1.87
0.87
0.79
0.62
0.42
0.68
0.98
0.54
0.75
0.93
1.00
1.01
0.61
0.66
0.65
0.95
0.64
0.56
0.72
0.82
0.67
0.53
0.67
1.47
1.31
1.16
0.78
0.51
1.15
0.70
0.49
1.00
0.97
1.08
1.36
1.17
1.51
0.74
1.40
1.15
0.99
0.91
0.77
0.69
0.55
0.53
0.70
0.80
1.10
0.87
0.68
1.22
2.01
0.94
0.83
0.92
0.67
0.81
0.82
0.56
0.75
1.64
1.10
0.77
0.78
0.84
1.15
0.79
1.17
0.89
0.72
0.65
1.20
0.85
0.91
0.82
0.66
1.06
1.10
0.81
0.95
1.41
0.96
1.40
0.78
1.25
0.83
0.74
0.76
0.75
0.62
1.26
0.72
0.66
0.61
0.88
0.67
0.90
0.68
0.69
0.80
0.61
0.62
0.80
1.10
0.71
0.95
1.16
1.13
1.07
1.15
0.81
0.58
0.51
0.64
0.46
0.64
0.66
0.58
0.78
0.70
0.90
1.10
0.70
0.65
0.75
1.31
1.38
1.03
0.85
0.90
0.67
0.85
0.80
0.93
1.20
0.85
0.98
1.31
1.59
1.29
1.12
0.80
0.65
0.84
0.96
0.67
0.73
0.77
0.83
0.95
1.01
1.01
0.96
0.88
0.72
1.28
1.63
1.22
0.88
0.79
0.62
0.96
0.95
0.83
0.88
0.77
0.87
0.69
1.06
0.53
0.81
0.62
0.65
0.75
0.79
0.75
0.60
0.70
0.83
0.92
1.13
0.74
1.05
0.99
0.75
0.87
0.68
0.73
0.64
0.74
0.77
0.50
0.68
0.92
1.06
1.21
0.66
0.76
0.78
0.68
0.66
0.82
0.78
0.67
0.58
0.64
0.79
0.70
0.65
0.66
0.66
1.16
1.49
1.05
0.69
1.00
0.86
1.00
0.78
0.72
0.67
0.70
0.73
0.78
0.76
2.06
2.22
0.85
0.66
0.66
0.46
0.70
0.63
0.90
0.92
1.07
1.24
1.25
1.24
0.86
0.69
0.79
0.79
0.71
0.90
1.02
1.02
0.97
0.99
1.37
0.85
0.71
0.44
0.58
0.46
0.66
1.26
1.06
0.81
1.26
0.93
0.89
0.72
0.60
0.63
0.56
0.94
1.35
0.95
0.94
0.62
0.66
0.62
0.60
0.54
0.53
0.56
0.67
0.88
0.62
0.65
1.28
1.45
1.15
1.01
1.13
1.07
0.88
0.83
0.85
0.90
0.71
0.54
0.55
0.87
0.93
0.95
0.93
1.00
0.73
0.69
0.60
1.17
1.23
1.11
0.87
0.66
0.67
0.71
0.70
0.90
1.15
1.08
0.72
0.78
1.59
1.35
1.06
0.75
0.73
0.87
0.33
0.52
0.52
0.30
0.53
0.34
0.81
1.11
0.59
0.60
0.94
0.80
0.88
0.86
0.83
0.84
0.64
0.98
1.24
0.83
0.89
0.88
0.65
0.69
0.72
0.61
0.61
0.59
0.84
0.95
0.72
1.07
0.72
0.56
0.70
0.92
0.80
0.88
1.40
1.24
1.16
0.95
0.82
0.64
0.59
0.70
0.77
0.49
0.59
0.99
0.61
1.08
1.17
1.01
0.82
0.58
0.86
0.58
0.41
0.93
0.61
0.46
0.70
0.87
0.72
0.78
0.64
0.60
0.64
0.64
0.84
1.21
0.97
0.59
0.57
0.64
0.81
0.69
0.75
0.76
0.69
0.69
0.99
0.97
0.92
0.52
0.60
0.59
1.09
1.20
0.84
0.68
0.60
1.19
0.90
0.80
0.74
0.70
1.00
0.98
1.04
0.70
0.49
0.74
0.59
0.70
0.74
0.57
0.67
0.75
1.05
0.73
0.70
0.48
0.72
1.03
0.88
0.86
0.66
0.63
0.69
0.53
0.92
0.58
0.71
0.60
0.70
0.66
0.73
0.64
0.90
0.50
0.53
0.53
0.79
0.74
0.61
0.47
0.41
0.60
0.46
0.52
0.80
0.71
0.57
0.60
0.70
0.72
0.60
0.64
0.71
0.85
0.60
0.55
0.70
1.24
0.90
0.47
0.47
0.87
1.00
0.79
0.95
0.57
0.52
0.85
0.41
0.89
0.82
0.57
0.68
1.04
0.69
1.11
1.23
1.08
0.49
0.52
0.55
0.57
1.09
1.16
0.98
0.66
0.89
0.55
0.51
0.69
1.30
1.63
1.09
0.79
0.58
0.64
0.72
0.52
0.42
0.73
0.79
0.60
0.60
0.44
0.51
0.49
0.35
0.38
0.47
0.47
0.62
0.94
1.04
0.84
0.81
0.66
0.58
0.60
0.69
0.76
0.78
1.00
1.24
0.77
0.65
1.02
1.08
0.95
0.78
0.65
0.47
0.47
0.57
0.67
0.43
1.10
0.71
0.65
0.71
0.60
0.83
0.51
0.66
0.81
0.58
0.71
0.73
0.78
0.65
0.57
0.49
0.41
0.49
0.51
0.67
0.90
0.94
1.10
0.29
0.58
0.62
0.62
0.46
0.57
0.63
0.57
0.43
0.43
0.52
0.92
0.60
0.47
0.69
0.51
0.41
0.50
0.43
0.54
0.82
0.54
0.76
0.57
0.93
0.72
0.66
0.72
1.47
1.49
1.35
0.89
0.66
0.86
1.06
0.93
1.11
1.10
0.88
0.66
0.68
0.51
0.62
0.72
0.69
0.80
0.86
0.46
0.47
0.56
1.01
1.18
0.73
0.35
0.52
0.73
0.69
0.55
0.80
0.68
0.40
0.70
0.57
0.43
1.13
1.19
0.87
0.88
0.67
0.93
0.52
0.67
0.52
0.63
0.57
0.43
0.54
1.04
1.22
0.61
0.78
0.92
0.85
0.52
0.84
1.20
0.26
0.53
0.60
0.55
0.79
0.56
1.03
1.72
1.19
0.74
0.70
0.94
0.75
0.48
0.43
0.90
0.70
0.51
0.68
0.51
0.57
1.07
0.63
0.52
0.54
0.65
0.94
0.69
0.43
0.78
1.11
0.87
1.04
1.00
0.80
0.60
0.37
0.50
0.76
0.59
0.62
0.61
0.59
0.57
0.72
0.52
0.54
0.96
0.81
0.85
1.23
1.12
0.78
0.99
0.78
0.84
1.29
0.99
0.90
0.66
0.56
0.63
0.53
0.92
0.84
0.79
0.39
1.23
0.81
0.81
0.44
0.95
1.02
0.99
0.99
0.83
0.53
0.55
0.84
0.40
0.72
0.77
0.57
1.03
0.92
1.60
0.93
0.70
1.02
1.39
0.79
0.38
0.34
0.46
0.38
1.32
0.47
0.57
0.54
0.64
0.95
1.27
1.24
0.48
0.33
0.43
0.44
0.34
0.42
0.35
0.43
0.53
0.52
0.48
0.78
0.95
0.66
1.58
1.03
1.23
0.39
0.67
0.98
0.64
0.66
1.00
1.07
0.72
0.46
0.43
0.37
0.68
0.83
0.75
1.28
1.20
1.01
0.45
0.38
0.44
0.32
0.35
0.58
0.64
0.45
0.55
0.50
1.12
1.47
0.72
0.85
0.57
0.43
0.43
0.74
0.57
0.75
1.21
1.26
1.11
0.74
0.74
0.71
0.96
1.18
0.69
0.90
1.30
0.93
0.65
0.55
0.65
0.67
0.53
0.50
0.35
0.33
0.61
0.46
0.47
0.69
0.67
0.60
0.58
0.51
0.43
0.90
0.55
0.83
0.45
0.64
0.47
0.94
0.58
0.41
0.66
0.73
0.73
1.23
0.78
0.62
0.95
0.71
0.65
0.77
0.81
1.05
0.90
0.96
0.52
0.51
0.74
0.35
0.65
1.07
0.57
0.46
0.56
0.61
0.79
0.92
0.72
0.51
0.48
0.62
0.61
0.42
0.45
0.48
0.54
0.66
0.56
0.48
0.47
0.83
0.53
0.51
0.78
0.56
0.49
0.65
0.58
0.31
0.36
0.53
0.43
0.62
0.43
0.64
0.44
0.53
0.67
0.54
0.49
0.36
0.42
0.70
0.70
0.86
0.67
0.44
0.59
0.45
0.36
0.47
0.72
0.50
0.37
0.57
0.46
0.46
0.45
0.93
0.68
0.59
0.74
0.58
0.47
0.45
0.77
1.75
0.72
0.40
0.59
0.41
0.51
0.61
0.42
0.50
0.54
0.60
0.66
0.73
0.86
1.05
0.68
0.90
0.49
0.70
0.99
0.86
0.49
0.54
0.58
0.76
0.75
0.73
0.50
0.41
0.54
0.54
0.71
0.41
0.60
0.93
0.42
0.32
0.77
0.60
0.39
0.45
0.62
0.57
0.50
0.63
0.84
0.62
1.23
0.86
0.30
0.54
0.40
0.41
0.68
0.64
0.50
0.40
0.50
0.64
0.59
0.46
0.57
0.64
0.53
0.80
0.47
0.68
1.20
0.88
0.50
0.50
0.63
0.55
0.40
0.58
0.45
0.30
0.37
0.30
0.68
0.73
0.64
0.98
0.70
0.80
0.71
0.80
1.02
0.55
0.59
0.58
0.60
0.61
0.55
0.44
0.46
0.45
0.44
0.76
1.05
0.48
0.27
0.90
0.91
1.11
0.78
0.89
0.76
