19790101
1.92
0.83
1.04
0.64
0.74
0.06
0.68
0.57
0.43
0.78
2.51
3.66
1.34
2.52
1.77
0.07
1.95
2.59
0.16
0.27
0.77
0.62
1.10
1.87
0.60
0.27
0.49
1.12
3.45
2.15
2.30
0.67
0.14
0.63
0.54
1.58
0.93
0.08
0.42
0.76
0.91
1.04
0.39
0.26
1.18
1.45
1.69
0.77
0.73
0.12
1.47
2.68
3.45
3.02
2.32
2.49
0.66
0.44
2.21
1.84
1.23
0.92
0.59
0.42
0.41
0.10
0.06
0.82
2.90
2.86
1.75
1.78
1.46
0.66
0.83
1.25
0.78
1.20
0.94
0.60
1.23
2.66
0.98
0.28
0.97
0.20
0.05
1.82
0.48
2.99
2.11
1.47
1.33
2.43
1.67
0.06
2.23
1.35
0.97
0.14
0.39
2.05
2.79
0.42
0.28
0.41
0.80
1.65
2.23
1.54
0.48
1.01
2.19
1.31
0.97
1.88
0.95
1.65
1.18
1.18
2.76
1.38
0.52
0.93
0.52
1.68
2.59
1.23
1.16
1.88
0.46
2.34
1.80
1.77
1.91
1.24
0.88
0.77
1.22
0.33
0.86
1.83
1.70
0.33
0.49
1.44
1.70
1.04
0.74
0.93
0.38
0.88
1.04
1.06
1.40
0.83
1.57
0.65
0.24
0.68
1.28
1.98
1.27
0.28
0.27
0.63
0.54
1.01
0.17
1.33
0.86
0.70
0.63
0.98
1.80
2.22
2.06
1.89
1.37
0.21
0.88
1.09
1.31
1.05
0.86
1.37
1.64
1.24
1.95
1.76
1.40
1.45
3.47
3.00
1.91
1.94
1.87
2.02
0.83
1.38
0.61
1.06
1.05
0.73
0.53
1.49
0.95
1.21
1.64
2.49
2.01
1.38
3.03
3.68
1.38
0.70
0.52
1.28
1.98
1.69
1.37
1.09
0.51
0.89
1.17
1.15
2.01
1.78
1.66
0.79
0.69
1.38
0.40
0.43
0.42
1.14
0.57
0.71
1.05
2.34
1.36
0.70
1.06
1.16
1.41
1.23
0.57
0.75
1.38
1.17
1.61
1.31
1.14
0.51
0.07
0.22
0.61
0.59
0.40
1.70
1.11
1.22
1.08
0.94
1.78
1.50
1.87
1.58
0.89
1.57
0.85
0.93
0.96
0.99
1.39
1.76
1.31
1.37
0.71
0.93
0.88
0.54
0.63
0.93
1.10
0.53
1.08
1.36
0.73
2.95
2.13
0.89
1.25
1.98
0.57
0.45
0.60
0.35
0.65
0.29
0.97
0.32
0.75
0.90
0.54
0.39
0.52
1.17
1.43
1.01
0.86
0.99
0.61
2.10
3.18
3.27
1.53
0.56
0.73
0.98
3.28
2.84
0.42
0.58
1.30
1.92
1.43
1.09
2.00
1.50
0.83
1.26
1.23
1.20
1.30
0.69
0.94
1.03
0.85
0.98
1.08
0.74
1.01
1.03
2.39
2.22
1.17
0.86
0.90
0.66
0.43
1.52
0.98
1.82
1.62
1.30
2.60
1.82
1.50
1.41
1.01
0.53
0.91
0.33
0.83
1.33
1.83
2.93
2.73
0.99
2.07
1.70
1.80
1.14
1.12
1.03
1.86
1.60
1.17
0.75
0.06
0.98
0.49
1.73
2.19
0.64
0.25
0.08
0.64
0.73
1.83
0.26
1.39
3.93
4.29
1.63
2.39
1.52
1.60
1.76
0.97
0.93
1.23
0.50
1.21
1.02
1.54
2.22
1.25
1.12
0.57
1.10
0.60
0.89
1.23
1.59
0.92
0.66
0.53
0.72
0.31
1.58
2.08
0.71
0.70
1.85
0.17
0.80
1.15
0.69
1.02
1.17
1.30
1.35
0.13
2.78
2.12
2.11
1.51
0.61
0.05
1.87
2.68
0.17
0.13
3.38
2.48
2.51
2.24
1.16
0.23
0.23
0.25
0.87
1.52
2.45
1.22
1.42
0.07
1.93
1.80
1.37
0.50
1.07
1.33
0.57
0.65
0.74
2.75
1.91
0.35
1.10
1.29
2.24
0.77
0.82
0.92
0.97
1.54
1.54
1.36
0.63
0.51
0.65
1.42
1.62
1.27
0.56
0.49
0.33
0.84
1.00
1.56
2.05
0.54
0.79
0.83
1.62
0.86
1.81
1.37
2.07
0.91
0.91
1.30
1.19
0.93
0.40
0.33
0.81
2.52
2.83
0.36
0.26
0.39
1.21
1.74
1.44
0.67
0.98
0.47
0.79
0.70
0.97
0.74
0.71
0.99
1.33
1.92
1.88
0.49
0.90
2.19
1.91
1.22
0.65
1.31
1.16
1.19
1.45
0.96
1.91
1.92
1.28
1.02
0.95
1.16
1.24
0.64
1.39
1.69
1.61
0.55
0.06
0.75
0.85
2.11
2.64
4.07
1.15
0.96
1.50
1.21
1.10
0.99
1.60
1.93
1.29
1.15
0.96
0.97
1.71
0.86
4.73
3.66
2.76
2.11
1.96
2.18
1.63
1.72
1.05
1.32
1.06
0.77
0.21
1.18
0.40
1.12
1.73
1.59
1.19
0.90
1.77
1.90
0.82
0.94
0.83
1.07
0.81
0.93
1.70
0.50
0.69
0.90
2.07
1.10
1.42
0.94
0.24
1.99
0.62
0.64
0.43
1.54
1.83
0.81
3.09
2.12
1.28
0.12
1.12
0.23
1.02
2.26
1.78
3.10
2.23
0.71
0.88
3.00
2.23
1.67
1.56
1.06
0.99
0.91
1.42
1.23
1.41
0.95
0.67
1.10
0.61
0.95
0.95
0.50
1.07
0.86
3.18
2.54
2.20
1.03
1.15
1.45
0.63
1.31
1.52
0.81
2.54
2.12
1.02
1.27
2.32
0.91
1.71
0.40
1.16
1.02
0.65
1.17
1.02
0.39
0.67
0.77
1.18
0.57
0.79
1.21
0.77
0.75
1.41
1.71
0.34
0.50
0.64
0.94
1.41
0.90
0.81
1.18
1.14
0.91
1.21
0.89
0.32
1.28
0.73
0.40
1.24
1.05
1.69
0.78
0.70
0.70
1.93
0.81
1.46
2.08
0.24
1.35
2.11
0.47
0.86
2.32
2.73
1.55
2.46
2.24
1.85
0.67
1.16
2.06
0.38
0.80
1.31
1.91
0.66
1.04
0.92
0.15
1.57
1.75
1.88
0.54
1.19
2.32
2.05
1.82
2.70
1.76
1.24
0.45
0.45
0.65
1.08
2.39
0.70
0.51
0.99
1.08
2.96
1.79
0.67
3.50
2.66
2.23
2.78
1.96
1.89
2.02
2.14
1.69
1.19
1.43
1.04
0.90
1.24
0.93
0.07
0.86
0.61
0.47
1.41
0.84
0.89
0.87
3.13
1.43
1.53
1.94
2.06
0.53
1.25
2.93
2.70
3.02
1.90
1.46
0.20
1.85
0.57
1.75
1.42
1.20
0.74
0.50
0.39
0.62
0.06
0.06
1.41
0.98
2.46
0.63
1.06
0.27
1.57
1.17
1.75
0.24
0.24
1.13
2.17
1.52
1.12
1.43
1.22
0.82
1.68
0.62
1.22
2.00
2.30
2.05
2.13
1.52
0.47
1.22
1.99
1.57
0.28
1.12
1.23
0.56
1.21
0.68
1.69
2.42
2.06
1.24
0.42
0.74
0.18
1.48
1.80
0.31
0.18
0.93
0.59
1.09
1.93
2.70
1.38
0.95
0.44
1.65
1.15
1.43
1.02
1.86
1.98
1.30
0.44
0.44
1.15
1.05
0.74
1.07
2.01
1.79
0.62
1.47
1.57
0.78
0.53
0.61
2.11
1.47
1.94
1.69
1.48
2.03
0.48
0.79
1.61
1.03
0.64
1.06
1.67
0.30
1.84
2.26
1.52
1.61
1.08
0.76
1.15
0.57
1.00
0.45
0.53
1.12
1.25
0.45
2.72
2.14
2.77
2.23
2.10
1.43
2.71
1.30
1.66
1.34
2.09
0.39
1.25
1.11
0.33
1.31
1.73
1.13
1.10
1.73
0.53
0.93
0.70
1.72
1.55
1.77
3.93
1.91
1.18
2.51
0.40
2.36
2.11
2.14
2.03
1.17
2.02
0.63
1.28
0.55
0.75
0.34
0.92
1.13
0.52
0.91
1.64
1.69
1.38
1.84
1.01
1.08
0.12
0.76
0.98
0.96
0.95
0.89
1.56
1.22
0.76
1.53
1.15
1.72
2.33
1.01
1.30
1.26
1.54
1.41
0.87
1.63
1.71
0.88
0.67
1.46
0.44
1.73
1.96
1.13
2.32
2.35
1.09
1.65
0.86
0.51
0.82
0.63
2.84
4.15
5.27
0.39
1.30
0.78
0.55
1.34
1.76
1.25
0.55
0.79
1.67
1.50
1.63
1.18
0.44
1.03
2.86
0.24
1.77
0.84
1.39
1.92
1.12
0.51
0.81
1.39
1.78
0.91
1.97
1.34
3.90
1.35
0.76
0.67
0.77
0.31
2.64
0.63
1.10
1.36
1.43
1.10
1.26
0.63
1.82
1.81
3.36
2.74
1.09
1.25
1.33
0.58
1.09
0.09
0.65
1.48
1.39
0.26
0.34
1.81
1.68
1.18
1.86
1.03
1.64
2.28
1.56
1.56
1.06
2.08
2.91
1.88
0.64
0.18
1.33
1.24
1.03
0.25
1.15
1.15
0.60
0.89
2.24
0.98
1.62
1.34
1.72
2.92
2.23
0.82
0.31
1.16
0.51
0.16
0.14
0.05
0.23
0.34
3.69
2.22
1.62
0.80
0.22
1.98
2.94
1.20
0.93
1.22
0.47
0.44
0.65
1.04
1.15
2.87
1.80
1.00
1.70
1.18
1.75
0.71
1.02
0.78
0.97
0.82
1.65
3.57
2.14
2.70
2.98
2.61
1.12
1.74
1.69
0.48
0.75
3.41
2.28
1.76
1.92
2.23
1.60
1.33
1.65
2.13
1.65
1.72
0.23
0.70
0.49
0.45
1.98
2.47
1.22
0.10
2.30
1.89
1.80
1.12
0.52
0.28
1.42
0.51
0.07
1.90
1.87
1.94
2.07
1.45
1.13
0.07
0.05
0.46
0.20
2.04
0.22
0.05
0.87
2.05
2.41
2.44
0.38
0.84
0.31
2.63
1.70
1.74
1.57
0.65
0.10
0.42
0.53
1.48
1.59
2.55
1.62
1.18
1.25
0.71
0.54
0.90
0.97
0.81
0.56
1.59
1.09
0.13
0.54
0.59
1.60
0.19
1.74
0.88
1.16
1.38
0.57
0.89
1.61
0.79
0.51
0.85
1.33
0.71
0.79
0.12
0.63
2.25
1.34
0.22
0.96
1.78
1.30
0.26
1.33
2.40
0.79
0.36
0.28
0.32
1.50
1.09
0.94
0.83
0.25
0.38
0.54
0.57
0.33
0.39
0.19
0.17
1.08
0.56
0.65
1.34
0.48
0.52
0.87
0.58
0.40
0.23
0.75
0.54
0.30
1.40
1.40
0.48
0.96
0.64
1.45
0.66
1.72
2.05
2.49
1.00
0.93
0.75
1.35
1.33
1.08
1.77
1.60
2.61
2.13
0.80
0.71
0.24
1.16
1.04
1.03
0.78
0.85
1.28
1.96
1.35
0.83
1.68
1.17
1.71
1.03
1.18
2.01
2.17
1.31
1.41
1.43
1.77
1.02
1.35
0.95
2.03
4.80
0.96
1.07
0.56
0.93
0.85
0.86
1.59
1.56
0.22
0.60
0.63
1.02
0.51
1.11
1.14
0.19
2.60
2.01
2.06
1.35
0.95
1.21
0.74
0.68
1.15
1.28
0.53
1.08
1.45
0.37
0.66
1.07
1.16
0.27
0.76
1.38
2.19
1.44
1.32
0.65
1.19
2.08
0.53
0.79
1.39
0.97
0.96
1.28
1.31
0.63
1.15
0.73
1.42
1.73
1.46
0.21
1.41
0.29
0.58
1.90
1.34
0.59
0.32
0.76
0.49
1.06
1.24
1.93
0.86
0.67
0.31
0.71
0.49
1.09
0.63
0.26
0.39
1.18
1.21
0.73
1.04
2.15
0.57
0.08
0.46
1.13
1.47
1.66
0.93
0.22
0.07
0.99
0.31
1.04
0.73
0.72
0.26
1.48
0.89
1.03
1.25
1.06
2.62
0.95
0.18
0.45
0.50
0.75
1.49
1.51
0.12
0.56
1.57
0.36
0.58
1.44
1.66
1.05
1.77
1.44
1.85
1.59
2.53
0.42
0.13
0.18
0.34
0.24
2.38
1.57
1.55
0.82
1.56
1.99
2.84
1.64
0.75
1.22
0.19
2.71
1.88
0.93
1.22
0.25
0.39
0.72
0.44
0.20
3.43
1.78
0.32
0.58
0.44
0.94
0.65
1.40
1.40
0.98
0.64
0.94
0.15
2.58
1.38
2.27
2.34
2.00
2.67
0.89
0.62
0.88
0.35
2.57
2.52
1.54
1.69
2.05
1.16
1.39
1.11
0.62
0.29
0.10
1.24
0.76
0.67
2.04
2.42
3.07
1.70
0.47
0.18
1.04
1.85
1.17
0.63
2.57
1.09
1.05
0.94
0.05
0.30
0.97
0.88
0.71
1.45
2.92
1.74
0.94
1.34
1.02
1.58
0.65
1.17
0.82
0.38
1.35
2.13
1.57
0.98
0.89
0.34
0.45
1.11
0.73
0.73
1.00
1.85
0.67
0.62
1.26
0.62
0.82
0.54
0.56
0.25
2.06
3.18
1.83
1.05
1.84
1.82
0.96
1.11
0.98
0.71
0.58
1.07
0.31
0.68
1.11
0.68
1.36
1.55
1.51
2.11
1.35
2.09
2.72
0.84
3.18
1.04
0.06
0.23
0.77
0.45
1.75
0.64
0.06
0.13
2.41
1.43
2.80
3.14
1.19
1.10
1.12
0.16
0.87
1.12
1.52
0.55
0.55
0.51
0.26
0.66
0.79
0.24
1.17
2.53
2.56
1.07
0.69
1.18
0.49
0.38
0.88
0.96
0.15
1.12
1.11
0.22
0.60
1.38
2.47
1.82
0.55
0.81
1.65
1.33
1.43
0.82
1.56
0.58
0.43
0.88
0.96
2.81
2.99
1.03
0.36
2.13
0.77
0.76
1.15
1.61
1.76
0.40
0.59
1.14
0.94
1.82
1.74
1.35
1.17
2.22
2.55
3.59
1.20
1.66
2.18
2.44
1.90
1.09
0.77
0.90
0.54
0.47
0.20
1.11
0.93
2.08
0.98
0.85
2.11
1.53
1.92
2.04
1.56
1.46
1.35
2.58
2.95
1.93
2.21
1.71
1.94
1.38
1.17
1.42
1.01
1.04
0.66
0.79
1.21
1.14
1.04
0.72
1.46
0.89
0.85
1.33
0.72
0.40
0.83
0.57
0.46
1.77
0.83
0.34
1.59
1.54
0.48
0.18
1.08
0.67
0.33
0.24
0.84
0.71
0.64
0.55
0.28
0.44
0.12
0.37
0.74
0.64
0.86
0.47
0.43
0.74
1.11
0.79
1.55
1.20
0.25
0.66
0.20
0.40
0.15
0.51
1.48
1.22
1.01
2.06
1.26
0.75
0.31
1.57
0.50
0.45
0.75
0.92
0.85
2.57
1.49
0.33
0.59
0.77
1.99
1.83
0.88
0.63
0.65
0.81
0.08
1.66
2.03
1.58
1.69
1.72
1.96
1.57
0.94
1.73
1.91
1.23
1.19
0.97
1.22
0.75
0.50
0.60
0.84
0.58
0.48
1.14
1.21
1.71
0.21
1.60
1.44
0.80
0.79
1.44
0.87
0.67
0.16
1.17
0.06
1.96
0.98
0.75
2.20
1.67
0.49
1.08
0.95
1.93
0.56
0.58
0.71
0.45
0.62
0.80
1.66
0.73
0.59
0.51
0.84
0.24
0.73
0.87
1.47
0.90
2.64
1.31
0.72
1.82
1.67
1.97
1.42
0.72
1.50
0.98
0.96
1.54
2.46
1.82
1.41
0.76
0.17
2.02
1.43
0.35
0.81
0.88
0.90
0.50
1.58
0.38
1.12
0.50
0.78
2.74
1.90
1.27
3.60
3.17
2.38
2.32
1.05
1.49
1.00
0.46
1.21
2.08
2.93
2.11
2.42
1.57
2.30
1.19
1.25
1.73
2.21
1.85
0.75
0.73
1.72
1.62
1.15
1.70
0.84
1.26
0.28
0.76
2.86
0.68
0.75
0.49
0.56
2.47
2.65
1.90
3.04
1.87
1.63
1.79
1.75
0.64
0.55
0.75
0.21
0.49
1.04
1.40
1.46
1.12
0.39
0.10
0.07
2.19
1.19
2.81
2.39
0.08
3.00
3.03
0.50
1.36
1.02
0.06
0.72
1.53
0.69
2.32
1.26
0.07
0.80
1.30
2.33
2.35
0.67
1.25
1.37
1.02
0.42
0.32
1.39
1.03
0.48
1.24
0.46
0.40
0.49
1.13
0.82
2.04
1.54
1.12
2.80
0.96
0.59
0.12
0.08
0.16
0.29
1.39
0.42
0.59
0.50
1.22
1.59
2.45
2.87
1.98
0.42
0.93
0.57
0.98
1.50
2.10
1.69
0.27
1.26
1.52
0.79
0.78
0.86
0.29
1.36
0.93
0.25
0.46
1.36
1.74
0.50
0.81
0.06
0.80
1.19
0.68
0.35
0.27
1.34
1.60
2.07
1.26
1.61
1.23
1.05
0.48
1.37
1.61
1.69
0.64
0.11
0.44
1.00
0.05
0.20
0.06
0.36
1.65
1.87
1.71
0.45
1.14
1.09
0.71
1.80
1.43
0.76
0.56
1.03
0.41
0.45
0.16
0.77
1.08
0.71
1.21
1.75
1.02
1.05
1.49
1.28
1.04
0.87
0.67
0.25
0.82
1.94
1.48
1.39
1.12
1.50
1.27
0.74
0.35
1.91
0.66
0.62
0.46
1.36
0.97
0.32
1.55
2.04
0.69
0.42
1.10
0.58
0.56
1.69
1.78
1.24
2.31
1.35
1.89
1.65
1.30
0.93
2.13
0.64
0.98
0.74
1.09
0.40
1.18
2.39
2.65
3.61
0.28
0.42
1.28
0.54
0.73
1.25
1.38
1.63
1.82
1.06
2.57
2.65
0.54
0.96
0.66
0.23
0.26
1.04
0.73
0.65
0.57
1.34
1.25
0.43
0.59
1.52
1.83
1.17
1.64
0.95
1.09
0.40
3.22
3.04
1.47
0.60
0.16
0.27
0.66
0.60
0.72
1.08
0.44
0.37
0.94
1.24
0.37
0.97
0.73
1.94
1.03
0.29
0.43
1.26
1.56
1.83
1.47
1.97
1.12
0.91
0.66
1.21
0.68
0.78
0.21
0.63
0.59
0.47
0.35
0.88
1.15
1.85
2.39
1.04
1.62
1.67
0.32
0.53
0.88
1.50
1.27
1.01
1.74
1.62
0.88
1.07
0.94
1.82
1.15
0.97
0.98
1.13
0.68
0.59
0.97
1.29
0.87
1.24
0.51
0.73
1.83
2.65
1.26
1.29
2.50
1.19
1.82
2.56
2.09
2.06
2.14
2.79
2.33
1.76
0.92
1.32
2.24
1.92
2.12
0.60
0.53
1.00
0.96
1.72
1.61
1.23
2.77
1.29
2.19
1.20
2.17
0.72
1.01
1.26
1.12
1.23
0.25
0.52
1.30
0.75
0.50
0.70
1.19
1.26
1.82
2.05
2.08
0.16
2.14
2.89
2.13
1.24
0.53
0.20
0.43
0.05
1.01
1.09
0.19
1.09
2.10
1.08
1.05
0.45
0.88
0.29
0.15
0.81
1.95
2.32
2.62
1.02
1.55
0.87
2.16
1.65
0.46
1.42
2.08
1.24
0.53
0.23
2.77
2.91
2.08
1.43
0.11
0.06
2.23
1.14
2.17
1.07
1.82
0.66
1.12
1.58
1.33
0.57
1.41
1.79
1.36
0.94
0.63
0.23
0.59
0.23
0.76
1.71
3.06
1.75
2.37
2.05
0.57
1.06
0.42
0.98
0.52
1.25
1.20
0.30
1.50
1.90
1.69
0.55
0.85
0.75
1.23
1.03
0.61
0.90
1.18
0.64
0.93
1.10
1.36
1.17
1.61
2.90
1.68
0.46
1.00
0.71
0.28
0.38
1.20
2.05
2.24
1.02
1.55
0.95
0.58
0.90
1.19
1.80
1.08
0.77
1.14
1.30
0.58
0.58
0.84
1.16
0.41
0.27
0.29
1.17
0.57
2.29
0.77
0.68
0.25
0.96
0.94
0.20
0.57
0.43
1.50
1.63
1.22
0.56
0.34
0.30
1.12
0.40
2.18
2.05
0.81
0.68
0.61
2.40
1.43
1.10
0.75
0.64
2.23
1.69
3.64
1.76
0.97
0.44
0.81
0.05
1.01
0.36
0.57
1.04
0.70
0.63
1.09
0.05
0.30
1.18
1.56
1.58
1.28
1.41
1.02
0.76
1.18
1.16
1.66
2.45
1.04
0.98
1.74
1.07
0.54
1.52
1.19
0.76
0.18
0.87
1.29
1.03
0.87
0.99
1.10
0.90
0.49
0.71
1.28
1.04
0.70
0.50
1.06
0.69
0.88
0.38
0.55
0.55
0.87
1.05
1.36
1.83
1.18
0.42
2.29
1.62
0.90
1.09
1.08
0.55
1.51
1.18
0.94
1.04
0.43
0.82
1.99
0.83
0.25
0.53
0.66
1.04
1.09
2.09
0.87
0.41
0.05
0.84
1.29
0.61
1.29
1.26
0.91
0.79
1.38
1.05
1.43
0.31
1.44
1.45
0.35
0.69
1.12
1.57
1.16
0.63
0.85
1.01
0.70
0.49
0.61
1.26
1.13
0.85
1.72
1.04
0.58
0.96
1.98
2.23
1.83
2.30
2.22
1.27
1.50
0.49
1.08
1.53
1.02
0.68
0.74
1.78
1.25
0.66
0.96
0.79
1.06
0.99
1.54
1.14
0.58
1.26
1.33
0.96
0.83
0.88
0.23
0.80
0.07
0.33
0.44
0.07
0.60
0.12
0.05
0.71
2.15
1.50
0.87
0.44
1.24
1.70
1.21
1.12
0.92
1.07
0.64
0.96
0.59
1.82
1.23
2.14
2.87
1.83
2.08
1.36
0.29
1.94
0.92
0.73
1.06
1.05
0.62
1.06
1.73
1.67
0.99
0.39
0.08
0.39
0.88
0.41
0.37
2.30
1.09
1.42
0.29
1.34
2.11
1.51
0.83
0.96
1.12
0.36
0.76
0.69
0.42
1.25
1.68
0.94
0.48
1.26
2.48
0.97
1.79
1.63
1.25
0.53
1.39
1.94
0.87
0.76
0.22
0.40
0.97
1.45
0.75
1.29
1.64
1.74
2.23
1.73
1.14
0.48
0.45
0.74
0.35
1.61
0.21
0.64
1.86
1.48
2.04
1.94
1.29
1.92
0.89
1.50
0.86
1.08
0.05
1.63
2.84
1.78
1.58
0.99
0.48
0.67
0.39
0.24
0.35
0.35
1.91
1.54
0.14
1.16
0.22
0.89
1.79
1.55
2.07
2.48
0.57
1.43
2.38
2.00
1.00
0.79
0.44
0.32
0.84
0.71
1.29
2.08
0.26
0.36
0.47
1.49
0.75
0.87
1.48
0.11
0.65
1.81
2.14
1.88
0.37
1.13
2.17
1.41
0.56
0.12
0.39
0.37
1.85
1.22
0.55
1.83
0.76
0.39
1.00
1.62
1.05
1.41
0.96
2.12
1.06
1.16
0.79
0.60
0.44
0.45
1.16
1.04
1.16
0.54
0.27
0.67
1.05
1.13
0.94
0.49
1.05
1.06
0.92
2.42
2.14
0.78
0.93
0.71
1.00
0.40
0.97
0.58
0.13
0.40
1.14
1.76
1.02
1.62
2.07
2.17
1.75
0.69
0.45
1.05
0.34
0.85
0.92
0.49
0.68
1.68
1.58
0.44
0.74
0.75
1.41
0.81
1.52
1.26
0.74
1.48
1.68
1.47
0.94
0.88
0.79
1.27
0.60
0.79
1.47
2.13
1.15
0.68
1.40
2.69
4.02
1.47
0.49
0.59
1.30
1.46
0.71
1.02
1.84
0.91
1.14
1.39
1.23
1.42
1.59
0.84
0.92
1.07
0.75
1.20
1.06
1.81
1.48
0.69
1.19
1.24
1.30
0.62
0.84
0.29
0.89
0.41
0.05
0.41
0.33
0.45
0.79
0.96
0.33
0.15
1.53
1.85
0.97
1.28
0.79
1.68
1.82
2.46
0.70
0.61
0.64
1.03
1.48
1.38
1.32
1.89
1.30
1.46
0.85
1.16
1.53
0.99
1.16
1.27
0.64
2.04
1.66
1.34
1.35
2.78
2.31
1.26
1.03
0.39
1.38
0.83
0.44
1.09
1.65
1.12
1.45
1.18
1.13
0.90
0.78
0.66
0.94
1.20
0.52
0.45
0.58
1.09
1.20
0.82
1.32
1.14
1.23
0.17
0.45
2.63
1.94
0.61
1.61
2.49
1.44
0.35
0.52
1.49
0.56
2.41
1.46
0.89
0.33
1.12
0.28
1.13
0.91
0.44
0.20
1.09
2.17
1.03
0.94
0.63
0.42
0.47
0.84
1.12
1.92
1.56
0.27
1.90
1.98
1.19
1.52
2.13
2.09
2.37
2.47
2.60
2.18
2.24
1.75
0.76
1.17
1.56
1.39
0.36
0.74
1.55
1.02
0.91
1.24
0.33
0.81
0.85
1.32
0.67
1.21
2.67
2.50
1.13
0.67
1.09
0.32
0.56
0.87
1.09
2.04
2.34
0.85
0.48
0.59
0.66
0.53
2.53
2.16
0.88
1.31
0.13
1.61
0.47
0.33
0.84
2.10
1.38
0.92
0.38
1.39
1.37
1.03
2.06
2.30
0.56
0.70
0.61
2.25
2.55
2.22
0.45
0.97
0.88
0.31
0.40
0.44
1.11
1.89
1.76
1.65
0.78
1.09
0.69
0.74
0.93
1.72
1.96
0.92
0.27
0.62
2.24
0.89
2.66
3.23
3.12
1.66
1.70
0.31
0.35
1.73
1.10
1.64
2.09
0.56
0.87
0.29
0.78
0.13
0.88
0.33
1.85
2.80
2.18
1.99
0.69
1.38
2.13
2.62
1.03
0.83
0.47
1.32
1.13
0.65
0.51
0.80
2.83
2.32
2.41
1.63
0.72
0.93
0.10
1.00
1.23
2.17
1.81
1.47
0.45
0.12
0.16
0.32
0.42
0.90
2.05
3.51
2.62
2.74
0.44
0.72
0.82
1.15
0.94
1.24
2.90
1.03
1.33
0.45
3.64
3.35
2.40
1.13
1.07
1.67
1.94
0.82
2.59
1.38
1.40
0.40
0.98
0.62
0.36
0.57
1.52
0.95
0.88
1.86
0.75
1.62
0.93
1.18
0.60
0.95
0.76
1.10
1.53
0.90
1.08
0.97
1.35
1.48
1.10
0.33
0.49
0.59
2.54
0.76
1.16
1.95
1.16
1.77
1.81
1.20
0.94
0.19
1.04
1.23
1.09
1.61
1.08
1.18
0.87
0.53
0.06
0.91
1.47
0.88
0.98
1.14
0.64
0.95
1.05
0.38
1.07
1.02
0.81
1.61
1.46
1.63
2.30
1.63
1.63
2.20
1.20
1.25
2.07
1.18
0.96
1.56
0.93
1.06
0.74
0.82
0.93
1.46
1.66
1.73
2.08
1.49
1.18
0.05
1.19
2.54
1.42
2.20
2.08
1.61
1.19
1.96
1.28
1.01
1.42
2.38
0.07
0.48
0.13
0.67
0.74
0.73
0.75
1.61
0.52
1.25
1.75
1.05
1.12
0.89
0.93
1.08
1.39
1.48
1.24
1.34
1.02
0.89
0.56
0.97
1.84
0.42
0.60
0.63
1.13
1.35
1.07
1.59
2.67
3.25
0.70
1.45
0.57
1.40
0.65
0.80
1.28
0.77
0.23
0.46
0.14
0.79
0.58
0.99
1.23
1.04
0.63
0.27
1.17
1.08
0.87
1.38
0.66
0.79
0.08
0.45
0.73
0.68
0.26
0.89
0.20
0.38
0.70
1.61
1.61
0.89
0.24
1.85
0.91
0.75
1.86
1.30
2.47
2.56
0.97
0.31
0.71
0.07
0.63
0.84
0.45
3.13
3.35
1.60
1.35
1.14
1.38
0.74
0.37
0.45
0.19
0.49
0.73
1.36
1.18
1.23
1.22
1.25
0.83
1.15
0.29
0.71
0.88
0.95
0.80
0.55
0.05
3.99
3.58
3.66
2.01
2.08
1.39
2.16
2.63
2.32
1.54
1.31
1.01
0.48
0.09
2.19
1.13
0.78
1.04
0.98
0.77
0.90
0.36
1.24
0.81
0.51
1.01
0.15
0.15
0.79
0.53
0.21
0.50
1.10
1.57
0.88
1.50
2.30
0.90
2.41
1.41
0.60
2.19
1.26
1.40
2.07
2.29
1.27
1.12
0.53
1.49
2.14
2.63
2.47
2.21
0.32
1.22
2.28
2.20
1.80
2.01
1.56
1.10
0.78
0.47
2.00
1.44
1.27
1.34
0.63
0.19
0.36
2.64
1.65
1.71
2.33
1.78
0.75
0.28
1.75
1.13
2.19
2.56
2.37
1.26
1.00
1.34
0.51
0.35
2.93
2.18
0.95
1.94
3.04
2.86
1.39
1.60
0.91
1.35
2.16
0.43
0.94
2.03
1.37
1.04
0.26
0.57
1.48
2.50
3.25
2.69
2.39
1.64
1.62
1.07
0.35
1.87
1.31
1.28
0.68
1.99
0.98
0.64
1.68
1.23
1.57
0.33
0.29
0.98
0.58
0.89
0.17
3.08
1.61
1.31
0.97
0.82
0.85
1.60
0.66
1.39
0.67
0.09
1.14
0.82
0.90
0.62
1.34
0.10
1.47
0.64
0.83
0.98
0.46
0.60
1.24
1.76
0.88
1.26
2.01
1.47
0.63
2.58
2.37
2.67
1.08
1.01
1.77
1.58
0.43
0.29
0.10
0.73
0.97
1.41
1.18
0.12
1.55
1.93
0.46
0.62
0.41
0.69
1.09
0.60
1.36
1.03
1.84
1.77
0.79
1.75
0.44
0.60
0.98
1.23
1.83
1.03
1.20
1.12
0.93
0.35
0.48
1.59
0.63
1.62
0.77
1.55
1.53
1.18
1.68
0.74
0.57
0.38
0.78
1.05
0.88
1.11
2.06
1.64
0.86
1.09
1.81
1.19
0.66
0.91
0.87
0.42
0.59
1.02
1.98
1.99
1.34
1.36
2.28
0.88
0.45
1.86
3.21
1.43
1.82
1.57
1.57
1.42
1.18
0.30
1.13
0.79
0.94
1.17
0.51
0.82
1.22
1.30
1.38
0.95
1.18
1.44
0.86
0.49
0.83
1.27
1.81
1.07
1.48
0.70
1.37
1.05
1.72
2.43
2.07
3.29
0.77
0.36
1.20
1.37
1.05
1.35
1.02
0.13
0.71
0.57
0.84
0.54
0.34
0.58
1.41
0.56
0.81
1.41
1.24
1.54
1.32
1.27
1.27
1.79
1.03
1.08
1.58
1.71
1.71
2.43
2.22
0.37
1.09
0.71
0.93
1.00
0.82
1.33
1.79
1.77
1.41
1.26
0.96
2.25
1.11
1.46
1.25
1.35
1.49
1.06
1.29
1.52
1.30
0.32
0.79
2.48
2.14
1.09
0.68
1.18
1.92
1.99
1.30
1.16
1.43
0.78
0.77
2.53
0.97
0.65
0.27
1.55
0.88
1.08
0.94
0.64
0.70
1.10
1.49
2.35
1.02
0.87
0.98
0.64
0.21
0.40
2.01
0.97
0.84
0.65
0.42
0.22
1.02
0.94
1.08
1.43
0.68
1.06
0.93
0.41
0.96
1.54
0.75
1.15
1.15
0.62
0.29
2.47
1.71
0.85
0.93
0.51
0.22
0.37
1.28
1.31
1.10
0.90
0.47
0.62
0.90
0.32
0.31
1.98
1.80
1.46
0.72
1.25
1.87
2.02
1.84
0.98
0.49
0.54
0.25
1.33
0.25
0.62
1.19
0.56
0.94
2.76
1.77
2.49
2.09
1.89
0.91
0.59
2.11
1.86
1.89
1.78
2.03
1.21
1.30
1.13
2.00
1.90
3.01
2.06
1.48
1.85
0.94
1.23
1.37
0.71
0.80
2.32
2.05
0.87
1.29
0.79
1.14
0.42
0.65
0.07
0.20
1.13
1.63
2.44
0.83
0.80
2.83
1.56
2.16
3.00
0.94
0.53
0.53
0.70
1.29
0.87
3.74
3.13
1.43
0.99
1.40
1.26
0.72
0.24
0.38
1.37
1.99
1.28
0.84
0.39
0.31
0.82
2.08
2.49
1.54
0.63
1.08
2.66
1.61
1.12
1.95
0.95
0.22
0.61
0.06
0.94
1.92
1.69
2.05
1.66
1.04
0.70
1.00
1.09
0.79
1.64
2.37
2.03
1.36
1.19
0.64
0.26
0.12
0.85
1.00
1.47
2.60
1.01
0.96
0.06
0.40
1.57
2.39
2.52
1.71
1.12
1.07
0.57
0.78
1.25
0.91
0.74
0.86
1.05
3.49
1.47
0.97
0.80
0.81
0.45
0.44
0.85
1.06
2.40
0.23
1.30
0.42
0.71
0.36
1.04
0.37
0.34
0.46
0.79
0.98
0.10
0.22
0.41
1.46
2.19
0.35
1.18
1.95
0.96
0.87
1.26
1.18
1.20
1.17
1.03
2.03
2.65
1.95
1.77
1.68
0.45
0.95
1.27
1.16
0.39
1.04
1.00
1.33
1.26
0.89
1.05
1.23
0.92
0.61
0.98
0.93
1.61
1.32
0.86
0.31
1.36
1.31
1.41
0.86
1.02
0.42
1.58
2.03
1.52
1.27
1.01
1.21
1.75
1.70
2.22
1.16
0.42
1.84
1.74
1.00
1.44
0.74
0.77
1.32
1.42
1.14
1.19
0.62
1.58
0.48
0.44
0.49
0.77
0.93
0.70
1.06
1.23
1.36
1.01
0.53
1.50
1.08
2.02
1.14
1.47
1.59
0.66
1.03
0.77
0.47
1.67
1.26
1.03
1.36
0.79
0.78
1.58
1.66
1.70
1.44
1.69
1.77
1.78
3.03
3.40
2.06
0.90
0.96
1.54
1.08
1.34
0.67
0.24
1.33
0.94
0.58
0.83
0.71
0.21
1.41
1.14
2.14
2.28
1.91
1.12
1.24
1.18
1.10
1.50
1.85
2.17
0.90
0.65
0.54
0.90
1.17
0.50
1.07
2.15
1.31
2.13
1.93
0.74
1.02
0.74
0.52
0.64
0.19
1.02
1.16
0.94
0.47
0.88
1.00
1.09
0.29
1.39
1.41
1.30
1.14
1.46
2.92
2.30
1.48
0.64
1.83
1.35
0.77
1.67
1.36
0.79
1.73
1.11
0.56
0.22
1.52
0.67
0.47
1.31
1.05
2.89
2.27
0.65
0.82
0.50
0.91
1.00
1.04
0.43
0.64
0.66
0.82
0.51
0.10
0.61
1.37
2.31
1.69
0.94
0.54
0.49
0.75
1.16
1.41
1.32
2.51
3.03
0.74
2.32
1.73
0.50
1.85
1.12
1.17
0.43
1.06
2.49
1.22
0.72
0.63
2.08
0.80
0.75
0.92
2.45
2.33
2.97
1.15
0.83
2.82
1.64
0.81
1.59
1.46
1.72
1.58
1.91
1.16
0.26
0.48
1.93
0.73
0.27
1.22
3.54
2.91
2.18
1.84
2.15
1.66
0.62
0.68
1.24
1.03
0.40
1.66
1.12
0.05
0.85
0.89
1.47
1.60
0.33
1.97
0.42
0.34
0.62
1.91
2.98
1.87
1.82
2.26
1.21
1.45
1.75
1.23
1.17
1.64
1.50
0.51
0.70
0.45
0.11
0.70
0.83
0.85
1.18
1.52
1.80
1.19
1.53
0.86
0.54
1.34
1.04
1.30
1.28
1.96
2.87
0.65
1.19
2.01
1.40
1.60
0.65
0.42
1.71
2.68
2.24
0.74
0.08
1.60
1.30
1.91
0.67
0.78
1.34
1.13
0.26
0.96
1.32
2.25
0.30
0.24
0.10
1.70
1.62
1.36
0.73
0.39
0.48
0.72
1.42
0.93
1.88
2.12
1.63
1.57
0.56
0.82
1.14
0.61
0.70
0.75
0.72
0.39
0.08
0.79
1.25
1.28
2.18
0.37
0.22
1.12
0.53
0.22
2.37
2.34
1.84
0.43
0.50
0.57
0.58
0.92
1.44
1.21
0.49
1.01
0.46
0.43
0.32
0.77
1.68
0.85
0.78
0.88
0.76
0.25
0.75
1.28
1.26
1.05
1.08
0.46
1.03
1.04
0.64
1.99
1.99
0.27
1.11
1.51
1.74
1.15
1.46
1.38
1.65
0.91
1.32
0.85
0.77
0.49
0.87
1.14
0.67
0.96
1.20
1.69
1.79
1.36
1.18
1.42
2.14
1.32
0.71
1.08
0.82
0.59
1.48
1.24
1.60
0.70
0.40
0.91
1.77
3.76
2.84
0.29
0.09
0.17
0.69
0.74
0.62
1.12
1.80
2.22
1.11
0.77
1.06
1.40
0.95
0.88
0.55
2.03
2.23
3.08
3.44
3.35
2.61
1.39
0.49
0.47
1.42
2.05
1.32
0.83
1.58
1.27
1.30
1.85
1.36
0.79
0.45
1.94
2.45
3.88
1.15
0.22
1.12
1.33
0.93
1.96
1.81
1.77
1.54
1.21
0.44
0.13
0.59
0.79
1.47
1.11
1.18
0.63
0.39
1.36
0.88
2.27
1.78
2.06
0.41
0.84
1.49
0.78
0.26
0.86
1.69
1.02
1.05
1.52
0.64
0.77
0.55
1.17
0.65
1.51
1.41
1.26
0.99
0.91
0.56
2.21
1.41
0.60
0.13
0.63
0.67
0.39
0.27
0.14
1.57
1.19
0.45
0.56
0.28
1.22
1.99
2.91
1.18
0.37
0.46
0.81
0.65
0.95
1.01
0.81
0.89
0.25
2.36
1.87
1.28
1.06
0.66
1.06
0.70
1.09
0.28
1.41
4.27
2.14
1.26
1.11
0.63
0.52
0.46
0.11
0.13
0.66
0.28
1.69
0.87
1.38
2.31
1.89
0.62
1.23
1.46
1.55
1.13
0.47
0.60
1.21
0.63
0.91
1.46
0.42
1.01
1.67
0.67
1.70
1.42
1.35
2.13
2.13
1.81
0.18
1.36
1.43
0.34
2.23
1.22
1.08
0.45
1.23
1.29
0.10
0.35
0.21
1.47
0.66
2.58
1.84
0.88
1.75
1.63
0.92
0.89
2.16
2.88
1.38
1.91
1.14
0.35
1.37
0.99
0.99
0.59
1.02
0.52
2.16
1.81
0.94
1.17
2.00
2.47
1.75
0.79
1.19
1.29
1.35
1.23
1.23
0.94
0.66
0.73
0.37
0.16
0.14
2.52
2.28
1.35
1.53
0.62
0.12
1.14
1.51
2.47
0.45
2.07
2.38
2.07
3.20
1.53
1.67
1.37
0.30
0.15
0.49
0.56
2.05
2.17
0.47
0.15
1.16
1.01
2.40
1.24
1.73
0.49
2.05
0.93
0.79
0.29
0.14
0.22
1.25
0.31
0.78
0.85
0.80
1.69
1.46
2.79
1.05
2.25
1.33
2.74
2.78
1.21
2.05
1.16
0.08
1.50
0.78
1.31
1.08
0.22
0.85
1.22
0.54
1.91
1.86
0.16
0.12
1.35
1.26
2.07
0.86
0.46
0.05
0.61
1.40
0.75
1.28
0.28
0.50
0.79
2.31
1.56
1.25
1.59
2.21
2.40
3.24
2.17
1.50
2.38
0.27
0.98
1.15
1.51
1.93
1.09
1.02
1.36
1.73
0.79
0.75
0.55
0.40
0.50
0.18
1.70
1.05
1.29
1.35
1.62
1.40
1.51
0.63
0.73
1.14
1.57
1.37
0.46
0.29
0.80
0.24
1.38
1.42
1.41
1.34
1.95
2.02
2.26
1.21
2.68
2.55
2.43
1.54
1.00
1.30
1.14
1.78
1.79
1.84
1.14
0.75
1.45
3.81
0.52
1.25
1.19
0.65
1.13
0.75
1.61
1.67
0.84
0.66
1.31
1.36
1.39
0.85
1.40
1.44
1.03
1.47
1.18
0.73
0.83
0.46
0.05
0.44
0.74
1.90
1.62
1.29
0.91
1.20
1.92
0.50
1.18
0.80
1.34
0.59
0.98
0.74
0.98
1.26
1.42
1.27
0.78
1.05
0.84
1.07
0.66
0.70
2.86
3.36
1.18
0.25
0.41
1.50
1.63
1.44
1.03
0.87
0.80
1.46
2.38
1.25
1.12
0.42
0.92
1.56
1.15
1.89
2.22
0.68
0.84
0.18
0.31
1.20
0.89
0.88
1.58
0.70
0.87
1.24
1.17
1.31
0.52
0.38
0.80
0.46
0.78
0.24
0.53
0.31
0.87
1.03
1.18
0.92
0.81
0.57
0.75
0.46
1.17
2.87
1.29
0.48
0.78
0.80
0.21
0.73
1.32
0.71
0.29
0.65
1.75
1.72
1.34
1.65
0.76
0.99
0.76
0.86
0.81
0.91
0.77
0.92
0.73
0.85
0.27
0.40
1.96
1.90
1.52
1.17
1.34
0.83
0.62
0.83
0.69
0.28
0.30
0.40
0.28
0.10
0.68
1.38
0.99
1.05
2.20
1.66
1.06
0.50
0.99
0.25
0.72
1.50
1.38
0.88
0.32
0.24
1.08
2.22
3.35
2.00
3.20
1.76
0.74
0.15
1.14
1.42
0.59
1.55
0.72
1.44
1.08
2.04
1.66
0.67
1.53
0.31
2.20
1.62
1.59
0.72
0.46
1.09
1.00
2.04
1.22
1.15
0.86
0.36
0.26
0.40
1.12
0.05
0.57
1.20
2.13
1.35
0.47
0.33
2.62
1.61
1.03
0.99
2.15
1.43
0.94
1.42
0.94
1.38
0.28
0.35
1.10
0.11
0.54
0.95
0.89
1.47
0.07
0.89
1.19
0.99
0.31
0.91
0.43
1.04
1.25
0.38
1.72
2.24
2.34
2.86
2.02
0.86
0.26
0.33
0.19
0.20
0.13
0.71
1.16
1.34
3.40
2.35
0.97
0.58
2.53
1.26
1.30
0.60
1.21
0.66
0.87
0.72
0.44
0.66
0.37
0.56
0.79
0.19
0.61
1.08
1.58
1.06
1.27
1.51
1.73
2.19
0.91
1.00
1.07
0.60
1.08
1.53
2.65
0.79
1.28
2.15
2.20
0.61
0.54
0.16
0.66
0.69
0.73
0.87
1.69
0.11
1.13
0.61
0.66
0.96
1.82
3.14
1.47
1.19
2.53
0.89
0.84
0.52
0.81
0.83
0.75
2.00
1.37
1.10
0.63
0.83
0.39
0.32
0.75
0.51
0.43
0.29
0.81
0.26
0.56
0.32
1.16
0.90
0.84
1.16
1.14
0.79
1.09
0.65
0.67
0.80
0.81
0.47
0.95
1.44
2.40
0.39
1.19
0.08
0.51
0.49
0.10
0.74
1.25
0.61
0.34
0.24
1.50
1.65
1.12
0.98
0.59
0.73
1.10
0.94
1.71
0.96
0.94
0.26
0.40
0.63
0.33
0.68
0.89
1.07
0.80
0.71
1.67
2.13
1.38
1.37
1.20
1.09
1.90
1.31
0.83
0.73
1.52
0.70
0.97
1.08
1.03
1.52
1.51
1.19
0.35
0.73
0.63
0.86
1.02
0.67
0.90
0.80
1.33
1.07
1.30
1.56
0.77
1.46
2.12
1.77
2.11
0.60
1.36
0.93
1.39
1.29
1.69
0.80
1.66
1.32
3.19
3.75
2.03
0.40
0.53
1.13
1.75
3.46
1.17
0.68
0.06
2.00
1.63
1.03
1.09
0.63
1.12
1.04
1.67
2.08
1.72
2.04
0.99
2.52
2.88
0.56
1.30
0.88
0.96
0.72
1.84
1.10
0.12
0.65
0.32
0.99
2.93
1.42
1.74
1.43
1.14
1.13
1.45
1.03
0.75
1.41
1.10
0.96
1.12
0.97
0.93
0.84
0.78
0.95
1.09
1.47
1.01
0.49
1.22
1.15
0.24
0.71
0.74
0.58
1.44
0.90
0.36
1.11
0.99
1.00
0.74
3.69
1.74
0.88
0.56
1.15
1.05
0.45
1.38
1.53
0.51
0.26
2.23
2.21
0.26
0.50
0.93
1.33
0.69
1.30
1.07
0.52
1.24
0.79
0.83
1.02
0.84
0.85
0.27
0.64
1.53
0.65
1.07
1.76
1.63
0.18
0.65
2.68
1.64
1.16
0.31
0.27
0.82
1.00
1.50
2.26
3.09
0.85
0.67
0.39
0.77
1.47
1.08
1.53
1.12
0.38
0.12
1.42
2.48
1.20
1.44
0.39
0.66
1.11
2.20
1.59
0.47
2.40
1.43
1.38
1.69
1.28
1.06
0.61
0.84
0.77
1.75
0.70
1.06
0.81
1.49
2.06
0.85
0.54
0.46
0.59
1.00
1.18
0.78
0.89
0.99
1.77
1.68
1.69
1.33
0.61
1.50
0.34
0.48
0.90
0.84
1.75
0.22
0.87
0.71
1.54
2.82
1.98
2.58
1.44
1.34
0.13
1.71
0.34
0.66
0.79
0.20
0.58
0.14
0.31
1.40
0.97
1.59
0.56
1.36
0.91
1.74
0.74
1.90
2.19
2.20
1.22
0.80
0.90
0.45
0.06
2.07
1.78
2.34
2.13
1.81
2.89
1.02
0.38
0.18
0.08
0.24
1.39
1.96
1.97
1.43
1.60
1.27
0.73
0.59
1.23
1.75
1.27
1.40
1.21
1.24
0.45
0.40
0.33
0.67
1.01
1.06
0.77
1.16
1.34
0.59
0.72
1.15
0.68
1.41
0.91
0.47
1.24
0.06
0.18
1.89
0.74
1.47
1.61
0.33
1.52
1.48
2.26
2.20
0.72
0.91
0.82
0.20
1.04
0.90
1.34
1.02
0.46
0.40
0.45
0.58
1.39
1.22
0.92
0.07
0.18
1.43
1.00
0.58
1.35
1.29
0.67
0.48
0.39
0.07
0.67
1.21
0.96
0.54
1.58
1.13
0.47
0.64
1.07
0.52
0.86
1.49
1.34
0.69
1.67
0.07
0.15
0.39
0.74
0.98
1.13
1.13
0.62
1.40
1.39
0.91
1.67
1.55
1.36
1.47
0.86
1.62
1.74
1.87
1.47
0.86
2.25
1.64
1.61
0.92
0.69
0.31
0.49
1.15
0.83
0.37
0.49
0.84
0.56
0.86
0.14
1.35
0.54
1.31
1.10
1.31
1.78
1.05
0.61
0.94
1.09
1.31
0.82
1.19
1.12
1.30
0.64
0.95
0.82
0.77
1.40
0.81
0.56
0.77
1.00
0.73
0.58
0.63
1.44
1.69
0.51
1.01
1.78
0.83
1.12
0.89
0.85
0.42
0.91
1.28
0.33
0.63
0.23
0.97
0.96
1.77
0.75
0.84
0.61
0.86
1.02
0.77
0.95
1.25
1.73
1.58
1.53
1.09
0.05
0.55
1.40
0.87
0.58
0.69
1.03
0.57
1.09
1.03
1.54
1.16
0.62
0.59
1.24
0.55
0.29
0.63
1.36
0.55
1.43
2.12
1.35
0.65
0.23
0.71
0.68
0.56
0.36
0.33
1.31
0.74
0.92
2.23
1.45
0.60
0.81
0.82
0.44
0.88
0.35
0.47
1.01
1.70
0.94
1.32
1.85
1.10
0.23
0.58
0.32
0.11
1.11
2.35
1.96
3.08
2.27
0.64
1.37
1.13
0.49
1.29
0.78
0.68
0.41
1.39
1.00
0.39
2.85
1.65
1.14
1.31
1.10
0.23
1.18
1.12
0.17
0.92
1.96
0.80
1.38
2.04
1.49
0.81
0.62
1.87
2.17
0.37
1.03
0.61
0.81
0.71
0.64
0.41
0.70
1.53
0.74
0.55
0.09
0.79
0.69
1.06
1.64
1.71
1.56
0.47
0.88
0.40
2.25
2.01
0.71
0.09
0.43
2.38
2.52
2.04
1.47
0.66
0.84
1.04
0.90
0.38
1.49
1.02
0.57
0.99
0.38
1.15
2.90
1.44
0.13
0.63
0.75
1.64
0.82
1.01
1.15
0.22
3.67
1.97
0.60
1.66
2.01
1.02
0.94
0.94
1.67
0.67
0.47
0.71
0.96
2.86
1.74
1.30
0.59
1.19
0.81
1.08
0.74
0.08
0.08
0.05
1.36
0.96
2.36
0.88
0.19
2.06
2.57
2.01
0.61
1.00
1.76
0.50
1.70
1.02
0.61
1.12
0.97
0.56
0.54
2.48
0.40
0.39
0.91
1.01
0.36
0.61
0.24
0.60
1.04
1.44
0.76
0.76
1.85
1.38
1.16
1.63
2.10
1.02
1.01
0.49
0.29
1.14
0.87
1.75
1.64
1.46
0.86
0.74
0.66
0.46
0.79
0.70
0.58
0.61
0.88
1.79
0.59
2.94
1.13
0.65
0.54
1.04
0.50
0.80
1.27
1.10
0.98
1.37
0.82
0.60
0.55
1.13
1.30
0.39
0.46
0.64
0.25
0.44
1.20
0.88
0.74
1.96
0.21
0.23
0.36
0.37
1.04
1.41
0.23
0.20
0.50
0.44
1.47
1.15
1.17
0.91
0.36
1.38
0.46
1.53
0.23
0.43
0.99
0.51
1.80
0.50
0.64
0.62
1.00
0.95
1.21
1.75
1.54
1.59
1.54
1.20
0.83
0.20
0.82
0.42
0.67
0.51
0.75
0.41
1.00
2.16
2.51
1.02
0.26
0.59
0.69
0.66
0.65
0.24
0.59
0.38
0.22
0.12
0.38
0.53
1.04
0.52
0.65
0.94
1.16
0.62
1.08
0.96
0.63
1.81
1.38
0.95
0.36
0.35
1.61
2.00
0.37
0.55
1.01
0.88
0.92
0.50
0.78
0.73
0.76
1.05
0.71
2.68
0.98
0.51
0.81
0.86
1.02
0.39
0.49
0.61
1.23
1.26
0.81
1.00
1.98
1.05
1.00
0.14
0.89
0.31
0.66
0.65
1.55
1.35
1.45
1.51
0.95
1.09
1.33
0.42
0.18
0.53
0.99
1.87
1.17
0.80
0.39
1.03
1.76
0.89
0.59
0.99
0.60
0.61
0.70
2.14
1.27
0.52
0.76
2.04
1.70
2.10
1.38
0.87
0.67
0.27
0.81
0.64
2.36
1.81
3.23
2.69
1.37
0.79
0.72
0.38
0.70
0.48
0.82
1.46
1.08
1.34
0.61
0.20
0.78
0.61
0.12
0.69
0.70
1.51
0.51
0.34
0.37
0.47
0.28
0.28
1.13
1.66
1.97
1.34
1.27
1.65
0.86
2.46
1.73
0.53
0.98
0.79
0.92
0.44
0.62
1.47
0.37
1.46
1.39
1.01
2.01
1.11
0.29
0.37
0.06
0.07
0.66
1.76
3.91
2.10
1.64
1.23
1.67
1.18
2.04
1.95
1.36
1.44
0.13
0.28
0.10
0.99
1.92
1.24
1.25
0.52
0.63
2.41
1.68
1.99
1.26
1.27
1.09
0.39
0.34
0.57
0.31
1.75
2.08
1.16
1.50
1.21
1.33
0.67
0.41
1.01
1.31
0.34
1.00
3.21
1.62
0.94
1.00
1.50
1.57
1.43
0.09
0.98
0.82
0.61
1.11
0.87
1.54
1.13
0.87
0.08
0.35
0.79
0.48
0.45
0.57
0.79
0.89
0.73
1.77
0.44
1.50
1.90
2.06
1.51
1.13
0.56
0.51
1.26
0.61
0.55
0.72
0.22
1.18
1.42
1.68
0.22
0.24
0.73
0.32
1.56
1.08
1.03
0.84
0.99
0.38
0.95
1.27
1.49
1.37
0.33
0.06
0.08
0.65
1.60
1.65
2.26
0.75
0.57
0.63
1.00
1.95
0.45
0.64
1.56
2.71
0.26
0.81
0.75
0.77
0.65
0.69
1.15
1.43
1.24
1.88
0.92
1.17
1.34
1.07
2.04
1.13
1.71
1.77
1.51
1.12
1.37
1.31
0.28
1.25
0.54
0.87
0.66
0.96
1.55
0.60
0.40
0.82
0.55
0.57
0.60
0.61
0.69
1.40
1.29
0.62
1.98
0.47
0.13
0.09
0.23
1.87
2.21
2.08
0.54
0.53
0.94
1.96
0.53
0.38
0.79
0.42
0.62
0.87
1.03
1.75
0.71
1.00
0.89
0.22
0.20
0.90
0.68
0.99
1.25
1.03
0.34
0.76
0.37
0.30
0.59
0.69
1.11
2.93
2.13
2.20
2.31
2.84
2.70
1.85
0.84
0.19
0.48
0.14
0.59
1.14
0.35
0.54
0.36
0.45
2.05
2.04
0.22
0.43
0.69
0.71
1.11
1.57
1.59
1.45
0.78
1.27
1.09
0.90
0.91
0.74
1.15
0.74
0.34
0.57
1.20
0.87
1.26
2.87
3.19
1.12
1.33
0.07
0.92
0.81
0.35
0.79
0.91
0.63
1.13
1.39
1.06
1.87
0.70
0.13
0.75
0.48
0.28
0.76
0.93
0.55
1.41
0.90
1.18
0.43
0.87
0.76
0.96
0.47
1.74
1.52
0.65
1.49
0.90
0.59
0.79
0.54
0.94
0.39
1.01
0.58
1.09
1.54
1.54
1.22
1.05
1.11
1.15
0.60
0.78
0.55
0.99
0.88
1.03
0.37
0.62
0.62
0.68
0.95
1.19
0.96
1.44
0.63
1.48
0.77
1.80
1.11
1.04
0.82
1.31
0.66
1.06
0.56
0.06
1.34
0.85
1.33
0.16
1.25
1.31
0.61
1.45
0.56
0.43
1.93
0.25
0.85
0.89
0.46
0.86
0.71
1.10
0.66
1.11
1.01
1.09
0.54
0.83
1.32
0.94
0.27
1.01
0.37
0.22
0.31
0.72
1.06
0.38
1.26
0.63
1.71
1.47
1.17
0.49
1.04
0.84
0.16
0.67
0.87
0.11
0.86
0.97
1.25
1.38
0.28
0.90
1.39
1.55
0.82
1.23
0.61
0.06
0.53
1.10
0.09
1.20
0.97
1.48
2.25
2.25
1.49
0.76
0.94
0.91
0.87
0.89
1.43
1.10
1.04
0.71
1.20
0.14
0.66
0.56
0.62
0.93
0.22
0.57
0.49
1.37
2.85
0.89
0.77
0.87
0.89
1.75
0.90
1.87
0.84
1.81
1.43
1.10
0.83
1.58
0.65
1.09
0.69
2.62
0.97
1.28
0.25
1.02
0.30
0.65
0.83
0.76
0.52
0.11
1.10
0.96
0.52
1.60
1.46
0.39
0.96
1.38
1.07
0.68
0.81
2.51
2.75
1.43
1.20
0.92
1.41
1.38
0.95
1.18
0.78
0.06
0.75
0.11
0.37
0.65
0.51
0.07
0.50
0.56
1.17
0.65
2.44
1.54
1.17
0.47
0.34
0.09
1.27
0.51
3.10
2.09
0.87
0.21
0.77
1.14
0.78
1.12
1.00
1.05
0.80
1.81
0.56
0.46
0.54
1.34
1.71
1.33
0.99
0.17
0.17
0.30
1.15
0.94
1.89
2.30
0.81
1.70
1.16
0.90
0.19
0.98
1.23
1.52
2.70
1.32
1.09
1.10
0.58
0.45
0.71
0.81
0.82
1.96
0.88
0.90
0.43
0.43
0.69
1.45
0.30
0.34
0.82
1.64
0.91
0.65
1.52
0.66
0.20
0.54
1.19
2.86
0.75
0.46
0.78
0.72
0.52
1.00
0.59
0.66
1.30
0.21
0.54
1.03
1.64
0.16
0.78
0.06
0.64
1.33
0.91
1.04
0.61
1.02
0.73
0.75
0.84
1.31
0.22
0.26
0.40
0.61
0.99
1.38
1.53
2.49
2.39
1.17
0.43
0.89
1.32
1.32
1.02
1.53
2.31
1.16
1.72
1.91
1.46
1.39
1.26
1.48
0.75
0.90
0.85
0.92
1.28
0.42
0.31
0.78
1.80
2.01
1.34
1.12
1.60
1.41
1.13
0.83
0.70
0.25
0.73
1.53
1.39
0.67
0.46
0.78
0.28
2.96
2.73
1.61
1.27
0.51
0.61
1.18
0.88
1.00
0.77
0.30
0.80
0.39
0.55
0.45
1.14
0.87
0.29
0.80
0.25
0.65
0.37
0.99
0.68
0.57
0.55
0.59
0.57
1.09
0.84
0.28
0.71
0.66
0.60
0.55
0.38
1.03
0.31
0.52
1.93
1.14
1.49
1.31
0.54
0.37
0.82
0.58
0.41
0.90
0.49
1.00
1.57
1.44
1.10
1.26
0.71
0.42
1.10
1.22
1.76
1.75
1.07
0.36
0.77
0.32
0.76
1.08
1.79
1.98
1.14
0.57
0.93
0.67
1.21
0.68
0.49
0.66
0.40
0.15
0.49
1.12
1.22
1.39
1.25
0.97
1.03
2.37
0.85
0.43
0.57
1.00
0.84
1.04
3.02
2.27
2.27
0.54
0.41
1.50
0.81
2.16
2.51
1.95
0.91
2.33
2.20
1.63
2.54
2.17
2.77
0.77
0.88
0.78
0.51
1.15
1.27
0.83
0.34
0.82
0.81
1.28
1.02
1.68
1.23
0.54
0.32
1.90
2.28
1.41
0.50
0.06
1.24
1.01
0.37
0.61
0.46
0.67
0.10
0.93
1.06
0.73
0.90
1.18
0.77
0.78
0.48
0.13
1.04
0.56
0.28
0.05
0.05
0.14
0.30
1.09
0.55
0.76
2.46
1.38
1.50
2.10
1.82
1.31
1.39
0.92
0.55
0.56
0.97
1.81
0.90
2.16
1.50
0.14
0.45
0.96
1.09
2.99
1.87
0.63
0.56
0.91
0.87
0.86
1.55
1.03
1.51
1.25
1.69
1.56
2.12
1.85
1.52
1.47
0.31
1.22
1.19
1.14
1.70
1.60
1.02
1.54
0.99
0.89
0.29
0.13
0.76
0.36
0.55
0.45
0.66
0.10
0.39
2.31
2.57
2.54
1.15
0.48
1.05
0.94
0.61
0.50
1.13
0.96
1.48
0.57
1.08
1.48
3.28
0.71
1.11
0.68
1.62
0.43
1.35
1.64
2.09
0.87
1.02
1.17
0.44
0.43
0.73
0.66
0.38
0.05
0.95
1.23
2.35
1.13
0.08
0.32
0.82
1.73
1.47
0.80
0.77
0.09
0.83
1.25
0.33
1.06
0.87
0.21
0.38
0.74
0.80
1.72
0.97
0.59
0.73
0.60
0.75
0.21
1.19
0.91
1.02
0.95
1.02
0.52
0.74
0.89
0.97
0.94
0.19
1.90
1.94
1.48
1.18
0.98
0.28
0.85
0.65
0.88
0.39
2.05
0.61
0.25
0.84
0.11
0.42
0.21
1.48
0.61
0.41
0.39
0.80
0.55
0.36
1.02
0.98
1.56
2.14
0.45
2.38
1.44
0.51
0.18
0.74
1.16
0.76
0.30
0.56
0.19
0.78
0.96
1.18
0.94
0.61
0.77
0.10
0.25
0.97
0.10
0.87
0.75
1.21
0.99
1.25
0.49
0.41
0.78
1.01
0.90
0.40
1.33
0.31
0.35
1.02
0.92
0.73
0.05
1.08
0.59
1.02
1.97
0.48
1.38
0.85
0.47
0.55
0.76
0.90
0.98
0.54
0.15
1.18
0.16
1.29
1.31
0.40
0.76
1.30
0.61
1.32
0.68
0.29
0.42
0.32
0.11
0.15
0.90
1.52
2.51
3.89
0.88
0.90
1.31
0.69
0.41
0.40
1.09
0.57
0.35
1.04
2.34
0.76
0.44
0.74
0.85
1.66
1.48
0.44
0.86
0.28
0.41
0.65
0.49
0.61
0.92
0.24
0.60
1.82
1.12
1.26
0.77
1.04
1.14
0.61
0.47
0.85
1.06
1.34
0.65
0.57
0.83
0.26
0.24
0.69
0.39
0.42
1.76
1.32
1.25
0.91
0.53
0.16
0.53
0.38
0.45
0.29
0.41
1.35
1.27
0.86
0.57
0.19
0.38
0.68
0.77
0.56
0.56
1.15
2.16
1.00
0.61
0.86
1.33
1.07
0.73
0.45
0.30
0.42
0.66
0.40
0.16
0.34
0.41
0.72
0.30
0.35
1.69
1.33
0.98
3.22
1.77
1.04
0.61
0.07
1.63
1.26
0.32
1.23
2.57
1.51
0.47
2.05
1.75
1.09
2.75
2.38
1.60
0.75
0.30
1.88
3.77
2.49
1.37
0.80
1.27
0.67
0.93
0.21
0.75
0.70
1.17
0.16
0.33
1.35
1.73
1.98
0.87
0.69
0.43
1.30
0.30
0.69
1.63
0.85
0.90
1.17
0.57
1.95
2.43
0.88
0.25
0.35
1.97
1.15
3.08
2.32
0.48
1.24
1.76
2.65
1.23
3.60
1.89
1.84
0.80
0.57
1.71
1.91
1.36
0.88
0.44
1.59
1.24
0.53
0.42
1.17
1.12
1.38
1.39
2.21
1.33
0.64
0.91
0.23
0.56
0.35
0.46
1.28
1.58
2.39
0.41
1.36
2.00
1.48
1.32
1.57
2.44
1.00
1.31
1.35
0.96
0.94
1.27
0.72
0.68
0.22
0.64
1.22
0.47
0.93
0.87
0.29
1.57
2.63
1.33
0.93
0.39
1.38
0.93
0.23
0.06
1.45
3.17
2.88
1.42
1.10
1.75
0.85
1.19
1.55
1.00
0.99
0.53
0.66
1.25
3.43
1.92
0.39
0.97
0.87
1.72
1.23
1.24
0.53
0.58
2.27
1.18
0.60
0.98
1.16
1.17
1.59
0.46
0.27
0.90
1.20
1.16
2.01
0.90
1.09
0.68
0.15
0.42
0.51
1.36
1.60
0.50
0.68
0.50
0.76
0.75
0.28
1.00
1.39
1.27
1.89
0.28
0.99
0.39
0.54
0.94
0.50
0.44
0.93
0.83
0.55
0.41
0.91
1.97
0.80
0.64
0.25
0.62
0.66
0.63
0.18
1.34
0.32
0.26
0.55
0.14
0.66
0.84
0.43
0.70
0.76
0.27
1.48
1.57
0.30
1.03
0.82
1.60
1.40
0.31
0.44
0.09
0.14
0.40
0.91
0.75
0.87
1.00
0.50
1.12
1.28
1.61
1.29
1.16
0.09
0.45
0.52
0.89
0.90
1.00
0.24
0.58
1.16
1.03
1.46
1.05
2.51
1.01
1.31
1.06
2.29
1.55
2.12
1.48
0.64
1.44
0.89
0.83
0.63
0.81
1.27
0.98
1.40
0.95
0.51
1.35
1.48
0.18
1.59
0.52
0.93
1.22
1.38
0.91
1.24
1.05
0.87
1.45
0.92
1.11
1.09
1.15
0.79
0.86
1.14
0.88
0.29
0.51
0.63
1.24
2.10
1.84
0.94
0.93
0.22
0.55
1.02
0.24
0.07
0.64
0.36
0.78
0.37
1.72
2.16
1.19
0.77
1.21
1.12
1.60
0.54
0.83
1.09
0.82
0.65
0.97
0.15
0.80
0.82
2.51
2.14
1.36
1.43
1.17
0.89
1.27
2.06
0.64
0.23
0.73
0.67
0.96
1.14
0.92
1.63
1.08
1.88
2.68
1.55
0.90
0.58
0.71
0.97
0.94
0.76
0.48
2.48
1.16
1.56
1.38
0.42
0.39
0.44
0.50
0.63
0.46
0.06
1.27
1.55
1.04
0.85
0.21
1.02
0.89
0.64
0.93
0.36
0.12
0.07
1.70
1.81
1.01
1.15
1.11
1.12
0.92
0.26
1.10
1.51
1.21
1.35
1.29
0.27
0.45
0.39
2.12
1.60
1.40
2.01
1.54
0.45
0.56
1.11
0.68
1.19
0.54
1.02
0.20
0.07
0.98
0.08
0.39
0.59
0.65
0.98
1.23
1.91
0.47
0.37
0.67
0.71
0.81
0.96
1.28
2.32
1.19
1.28
0.53
0.61
0.52
1.03
0.89
0.45
1.43
1.18
1.80
2.79
1.62
1.85
1.25
1.04
0.49
0.18
1.62
1.35
0.29
0.05
0.82
0.85
0.83
0.28
0.78
1.37
1.07
0.41
1.29
1.72
2.16
1.56
0.79
0.62
0.48
0.55
0.91
0.25
0.84
1.87
0.69
0.54
0.46
0.72
0.57
0.42
2.75
1.63
1.46
0.54
0.42
0.08
0.16
0.42
2.06
1.72
0.85
0.69
1.78
0.84
0.62
0.63
1.30
2.70
0.23
1.64
0.65
0.94
1.05
0.12
0.16
0.85
0.61
0.85
0.14
1.97
1.75
1.29
1.52
0.09
0.08
0.29
1.94
1.54
1.22
0.90
1.10
0.59
0.75
1.15
1.11
0.90
0.29
0.85
0.34
1.41
0.39
1.06
0.57
0.11
0.53
0.60
0.41
0.87
1.48
1.00
1.40
0.45
0.27
0.49
0.88
1.98
0.21
1.84
1.52
1.65
1.12
1.69
2.14
1.75
0.19
1.47
0.09
1.21
0.14
0.40
0.63
0.30
0.53
0.50
0.43
0.22
0.13
0.74
0.90
0.61
0.69
0.22
0.63
0.93
1.47
0.36
0.13
0.57
0.52
0.72
0.43
0.13
0.09
0.82
0.66
1.46
0.48
1.02
2.74
1.78
0.69
0.73
1.25
0.65
0.54
1.18
0.65
0.96
1.32
1.02
0.31
0.14
0.19
0.71
1.93
0.91
0.98
1.99
1.38
1.77
1.14
1.34
1.69
0.68
0.76
0.91
0.79
0.84
0.80
0.76
0.61
0.54
0.64
0.82
0.67
1.17
0.72
0.20
0.94
0.60
0.49
0.06
0.39
0.07
0.46
1.12
1.45
0.92
0.89
1.36
0.59
0.50
0.56
0.55
1.04
0.78
0.68
1.17
0.56
0.72
0.19
0.74
0.80
0.42
0.82
1.61
1.33
0.68
0.75
0.17
1.42
0.93
0.69
0.97
0.91
0.69
0.96
0.48
1.46
1.31
0.83
0.49
0.74
1.44
1.57
0.17
0.53
0.64
0.80
0.67
0.71
0.42
0.46
0.95
1.06
0.87
1.06
0.77
0.80
3.05
3.40
1.13
1.32
0.82
2.37
1.49
1.16
1.07
0.68
0.53
0.49
0.51
0.77
0.37
1.17
0.13
1.53
2.47
1.09
1.21
0.43
1.08
1.87
2.37
0.36
1.18
0.53
0.57
0.79
1.34
3.14
2.09
0.85
0.77
0.88
0.70
1.74
0.95
0.30
0.56
1.15
0.71
0.31
0.16
0.05
2.32
1.66
1.77
0.75
1.00
0.96
0.95
0.58
1.02
1.21
0.62
0.61
0.52
0.45
1.05
1.17
1.40
1.40
0.85
0.53
0.62
0.19
0.06
0.13
0.25
0.74
2.54
2.87
2.65
1.10
1.44
1.38
0.91
0.82
1.78
1.45
1.66
1.12
0.67
0.82
0.18
1.01
0.11
0.83
0.82
0.30
0.96
1.07
1.05
3.15
2.43
1.35
0.94
0.52
0.80
0.32
0.24
0.06
0.30
0.23
0.49
0.37
0.34
0.92
0.30
0.55
0.32
2.19
0.55
0.34
1.12
0.52
1.65
2.13
1.09
0.77
1.90
1.96
1.05
1.49
1.42
1.10
0.34
0.37
0.78
3.84
2.28
2.12
1.52
0.72
1.97
1.82
1.81
2.36
1.27
1.62
1.47
1.72
1.92
1.79
1.17
0.35
0.30
0.06
0.19
1.56
1.73
1.63
1.11
0.56
0.14
1.49
1.44
1.01
1.57
0.76
1.19
1.43
1.35
0.33
0.97
0.46
0.34
0.21
0.16
0.85
1.15
0.47
0.68
1.27
1.33
0.79
0.81
0.45
0.22
0.46
0.66
1.00
0.11
0.15
1.05
0.42
0.74
1.29
1.87
1.38
0.51
1.10
1.21
1.47
0.49
0.27
0.23
0.21
0.62
0.91
1.08
1.21
0.26
0.15
0.24
0.52
1.93
0.30
0.11
0.18
2.20
2.12
0.85
0.81
1.69
0.57
2.11
1.77
1.41
1.33
0.61
1.59
1.03
0.48
0.39
0.74
1.21
0.82
1.07
0.57
0.69
0.61
1.14
1.22
0.54
0.71
1.33
0.89
0.91
1.00
0.42
0.45
1.68
1.45
0.87
0.59
0.48
0.61
0.31
0.63
1.05
2.00
0.51
0.42
0.05
0.37
1.09
1.33
1.07
1.69
1.74
1.97
0.69
0.75
0.99
2.20
0.73
0.67
0.68
0.76
0.55
0.66
0.16
0.72
1.29
0.42
0.73
0.33
1.75
0.99
1.53
1.83
1.80
1.44
1.74
1.39
1.34
1.20
1.36
0.62
0.71
0.47
1.84
1.19
1.09
1.39
0.66
1.02
1.40
0.97
1.67
1.33
0.89
1.43
0.93
1.48
1.31
1.07
0.91
1.24
1.37
1.55
1.34
1.36
1.18
1.04
2.02
0.71
0.38
0.54
0.36
0.42
0.28
0.54
0.52
0.58
0.54
0.64
1.33
0.92
0.33
0.46
0.59
0.85
0.67
0.59
0.19
1.07
0.32
1.02
1.39
3.30
0.99
0.16
0.32
0.84
0.87
1.82
0.81
0.53
1.77
1.53
0.52
0.65
0.75
1.43
1.12
2.29
1.21
0.99
1.66
2.40
3.38
2.16
1.42
1.23
0.44
0.48
0.26
0.25
0.59
0.74
0.84
0.64
1.13
0.83
0.46
0.47
0.67
0.44
0.73
1.55
1.30
0.54
0.36
0.18
0.68
1.10
0.85
0.60
0.24
2.54
1.67
1.58
1.86
1.55
1.39
1.31
0.57
0.83
0.49
0.09
0.57
0.57
2.40
1.96
1.54
2.11
2.22
1.14
2.84
2.55
0.81
0.42
0.81
1.20
0.86
0.35
1.08
1.23
1.63
3.02
2.07
1.65
1.57
1.51
2.38
2.01
1.05
2.52
2.27
1.21
0.70
0.17
0.38
0.14
1.30
2.68
1.43
1.03
2.22
1.81
1.81
1.57
0.84
0.59
0.80
0.84
0.48
0.50
2.34
2.02
1.56
2.03
1.33
0.47
1.05
0.07
0.13
0.26
3.65
1.10
0.38
0.82
0.71
1.20
0.70
0.67
1.53
0.84
1.39
0.63
0.59
1.01
1.28
0.09
0.34
0.79
2.56
2.03
2.96
1.03
1.26
1.12
1.36
1.30
1.32
0.37
0.50
0.62
0.66
1.43
0.15
1.40
0.36
1.73
2.30
2.59
1.47
1.43
1.13
0.19
0.90
1.42
0.43
0.51
1.40
0.08
1.58
2.39
1.71
1.60
0.99
0.38
2.38
2.88
1.56
0.57
1.20
0.32
0.40
0.69
0.45
1.25
0.86
1.68
4.39
1.31
0.31
2.01
1.08
0.98
0.26
0.71
1.41
0.69
1.08
3.03
1.49
0.56
0.14
0.39
1.23
0.50
0.31
0.44
1.31
2.01
0.81
0.44
1.14
0.68
0.96
1.46
2.17
1.09
0.93
0.34
2.06
1.24
0.85
1.30
0.55
0.15
1.40
0.85
0.37
0.86
0.63
0.91
1.09
1.59
2.06
1.00
1.08
0.98
0.45
0.05
0.27
0.45
0.40
1.06
1.96
0.96
0.64
0.57
0.80
0.49
2.17
1.76
1.21
0.85
0.63
0.51
1.25
0.31
0.80
0.18
0.81
0.87
1.18
1.16
1.08
1.25
0.45
0.40
1.09
0.35
0.05
0.23
0.72
0.67
0.53
0.96
1.00
1.03
0.64
1.25
1.48
1.38
0.50
1.47
1.03
0.48
1.15
0.71
0.14
1.25
0.28
0.60
0.51
0.77
0.13
0.17
1.18
0.53
1.06
0.37
1.34
1.07
1.52
0.50
0.94
0.92
0.98
1.66
0.41
0.55
1.13
1.51
1.33
1.47
1.79
1.54
1.75
0.62
1.69
3.11
3.93
1.35
0.89
0.47
0.59
0.53
1.58
1.29
0.96
1.19
1.26
0.81
0.51
0.49
1.00
0.58
1.61
1.55
2.13
0.57
0.59
0.78
0.72
0.56
0.48
0.60
0.45
0.27
0.50
1.06
0.95
0.43
0.70
0.54
1.11
1.33
1.61
0.81
0.91
1.08
1.01
1.23
0.75
1.20
1.41
0.92
1.27
0.71
0.53
0.60
0.33
1.87
1.31
1.46
0.95
1.05
0.19
1.90
1.76
1.32
0.65
1.03
0.77
0.12
1.05
0.70
0.78
0.61
0.52
0.47
1.12
0.70
0.63
0.94
0.74
0.96
1.99
1.94
1.93
1.48
0.80
1.61
2.90
3.61
2.40
1.56
1.21
0.63
0.42
1.37
0.80
0.61
0.30
1.21
1.83
0.55
0.60
0.52
1.25
0.96
1.04
0.95
1.63
1.79
1.10
0.31
0.65
0.60
1.10
1.07
0.72
0.68
0.96
2.22
1.81
0.80
0.25
0.42
1.15
0.58
0.96
0.51
2.36
1.61
0.70
1.05
1.61
1.54
1.14
0.90
2.10
1.91
0.60
1.11
1.25
0.90
0.60
1.05
0.29
0.70
0.21
0.45
0.82
0.92
0.58
1.13
0.73
1.01
1.10
0.67
1.43
1.76
3.04
2.11
0.64
1.55
1.64
1.20
0.78
2.31
2.98
1.70
0.56
1.01
1.49
0.81
1.95
2.42
2.41
0.79
0.50
0.43
1.38
0.66
0.58
0.47
0.12
0.46
0.19
0.18
0.62
0.58
0.29
0.15
0.31
0.31
0.89
0.71
0.51
0.26
0.75
0.43
0.12
0.10
2.67
2.44
1.93
1.80
1.58
0.61
0.81
0.61
0.63
1.58
2.69
0.98
1.32
0.85
0.71
0.81
1.01
1.01
0.21
0.28
0.53
0.05
0.09
0.16
1.78
1.62
0.23
0.38
0.17
1.22
1.40
0.25
0.93
0.62
1.93
0.69
1.25
0.75
1.64
1.38
0.84
0.72
2.47
1.13
0.67
1.46
2.23
1.91
2.58
0.92
0.27
0.70
0.27
0.43
1.01
0.52
0.28
0.45
1.13
0.41
0.95
0.49
0.47
1.97
1.00
2.51
0.75
1.12
0.37
1.09
1.22
1.49
0.52
0.87
0.32
1.60
1.10
1.00
3.44
3.72
0.85
1.03
2.37
2.00
0.92
0.95
0.54
1.45
2.28
1.90
2.15
2.11
1.47
0.54
0.98
0.41
1.20
1.48
2.04
1.16
0.46
0.56
0.88
1.06
1.11
0.73
0.65
0.57
0.94
1.15
1.60
1.49
0.88
0.76
1.30
0.90
0.22
1.67
0.84
1.27
1.03
1.15
0.75
0.47
0.06
0.46
2.23
1.10
0.41
0.96
1.06
0.90
0.92
0.50
0.90
0.94
0.74
0.50
1.35
0.34
0.67
0.72
0.70
0.72
1.15
1.67
0.60
1.42
0.68
0.81
0.44
0.56
0.07
0.55
1.62
1.38
1.22
0.95
1.99
1.11
1.82
0.84
1.12
1.61
0.90
0.60
0.94
0.71
0.73
1.06
1.46
1.77
1.10
0.98
0.71
0.79
0.66
0.77
0.73
0.97
0.67
0.92
1.94
1.02
0.93
1.03
0.92
0.52
1.26
1.16
1.06
0.81
1.38
0.37
0.91
0.62
0.83
0.94
1.38
2.24
2.00
3.07
1.89
0.60
0.88
1.31
0.73
1.07
0.99
0.29
0.72
0.68
0.99
0.94
1.27
1.60
1.56
0.62
0.55
0.93
1.26
1.08
1.55
1.00
0.79
0.89
0.86
0.90
0.73
0.86
0.92
0.67
0.65
2.48
2.21
1.18
0.43
1.60
1.25
0.69
1.19
1.24
1.39
1.69
1.35
1.13
0.88
1.24
2.04
1.94
0.94
1.22
0.65
0.47
0.26
0.57
0.69
0.55
0.25
0.46
0.34
0.45
1.95
0.44
0.40
1.27
0.95
0.77
0.31
0.20
0.92
0.53
0.42
0.77
0.95
0.36
0.89
1.85
1.31
1.28
1.39
1.05
0.45
0.28
0.34
0.22
0.74
1.06
1.12
2.33
0.90
1.06
0.51
0.71
0.87
1.04
1.07
0.77
0.80
0.40
0.25
0.53
0.98
1.60
0.97
1.52
1.54
1.02
0.96
1.46
0.54
1.08
2.27
1.15
0.86
0.56
0.08
0.30
0.35
0.44
0.05
0.44
0.05
1.24
1.93
3.23
2.94
1.51
1.13
0.26
1.78
1.08
0.39
0.61
0.89
0.93
2.14
1.61
1.04
1.47
0.96
1.38
1.75
2.71
2.10
1.23
1.58
2.11
0.90
1.18
0.97
1.82
1.48
1.22
2.18
1.18
0.95
0.63
1.41
1.53
1.04
0.63
0.56
1.15
0.97
0.42
0.66
0.54
0.86
0.67
0.56
1.31
1.06
0.25
0.80
2.37
1.91
0.91
1.14
0.39
2.16
2.17
1.85
1.25
1.15
1.14
0.97
0.32
0.32
1.45
2.12
2.28
2.06
0.72
0.31
1.04
1.48
0.75
0.84
1.61
0.81
2.40
1.85
2.05
1.13
0.60
2.24
1.14
2.09
1.34
1.43
1.70
1.82
2.43
2.73
2.03
1.45
1.11
1.21
0.93
1.07
1.97
0.73
0.87
1.98
2.75
1.58
1.38
0.77
1.04
1.56
0.85
0.81
0.69
1.25
0.95
0.38
0.47
1.54
1.15
2.08
2.38
1.81
2.18
0.88
0.24
1.13
1.75
1.60
0.63
1.07
1.12
1.46
0.60
0.39
1.45
1.63
1.50
1.35
2.25
1.90
0.34
1.18
2.29
1.85
1.27
1.06
1.22
2.16
1.59
0.92
0.70
1.46
0.80
1.20
2.63
1.83
1.33
1.36
1.60
0.73
1.25
1.31
1.10
0.61
1.36
1.39
0.99
0.79
1.20
0.67
0.98
0.30
0.80
1.26
1.29
1.13
0.88
1.09
1.13
1.00
1.01
0.62
0.93
0.76
0.95
0.80
1.39
0.78
0.84
0.47
1.37
1.18
1.59
0.39
1.15
1.55
1.31
1.08
0.43
0.79
1.69
1.92
2.70
1.72
1.75
1.81
1.73
1.13
1.99
1.71
1.64
1.57
1.47
1.69
1.56
1.51
1.36
1.81
1.67
2.52
1.95
1.88
1.89
1.78
1.33
1.49
1.40
1.22
1.89
1.97
1.89
1.50
1.96
1.26
1.19
1.50
1.77
0.94
1.42
1.34
1.27
0.67
0.99
1.11
2.30
1.73
0.97
1.11
1.15
1.43
2.02
1.22
0.99
0.73
0.54
0.34
0.34
1.32
1.08
1.63
2.46
1.17
1.04
1.43
1.35
1.04
1.52
1.33
0.79
1.76
0.82
1.67
2.16
3.68
1.46
1.09
0.91
0.77
1.03
0.83
1.29
1.23
1.37
0.86
0.66
0.87
0.51
0.90
1.56
1.10
1.36
2.54
1.43
0.96
0.71
1.71
1.38
1.57
0.96
0.74
1.29
0.97
0.81
1.20
2.18
1.73
1.93
1.91
1.38
0.74
0.55
0.84
1.10
1.69
2.52
0.99
1.29
1.16
0.86
1.26
1.15
0.88
0.90
0.67
1.00
0.97
1.08
0.89
1.19
1.24
0.69
0.71
0.90
0.56
0.64
0.86
0.57
0.71
0.84
1.26
2.99
2.02
1.92
1.68
1.01
0.48
0.58
0.65
1.35
1.97
0.83
0.97
1.68
1.27
1.07
0.91
0.54
1.16
2.26
1.97
1.63
1.03
0.79
0.71
0.73
0.89
0.86
0.69
1.82
1.66
1.75
2.04
1.86
1.32
1.24
1.07
1.27
1.10
0.95
1.06
1.24
1.83
0.49
0.24
0.14
0.11
0.45
1.08
1.48
0.90
0.31
0.86
1.25
0.75
1.31
1.28
0.69
0.82
1.07
1.07
0.48
1.54
0.70
1.47
1.55
1.63
1.03
0.38
0.74
1.47
1.02
1.56
1.56
0.67
1.13
1.11
0.76
1.54
1.73
0.98
0.98
0.48
0.54
0.66
0.36
0.85
1.31
1.09
1.01
1.02
0.74
1.37
1.01
1.34
0.75
0.29
0.73
0.70
0.63
0.70
0.36
0.93
0.61
0.52
0.91
1.59
2.01
1.24
0.94
0.94
1.04
0.29
1.38
2.11
1.42
1.50
1.31
0.99
0.85
1.69
1.74
0.86
0.94
1.17
1.33
2.13
1.84
1.13
0.65
0.67
1.45
2.66
1.24
1.98
1.72
1.55
0.66
0.92
0.73
0.84
0.38
0.77
0.55
0.81
0.46
0.73
0.78
1.08
1.49
1.14
0.45
1.04
0.88
0.86
0.98
0.99
0.95
1.32
0.59
1.39
0.56
0.63
1.59
1.02
0.72
1.28
1.35
1.72
1.63
0.60
1.24
1.60
0.61
1.55
1.47
0.65
1.14
2.74
1.73
0.88
0.62
0.29
0.31
0.69
1.12
1.60
1.64
1.15
0.42
1.74
1.06
0.41
0.94
0.58
0.85
1.13
0.62
1.46
0.59
0.85
1.15
1.03
0.89
0.72
1.46
1.25
0.85
0.89
0.99
0.88
0.56
1.72
0.75
1.24
1.39
0.70
1.05
0.82
1.05
0.71
1.43
1.05
0.88
1.49
1.20
0.84
0.51
0.39
0.76
1.22
0.97
1.12
1.05
0.97
1.09
1.79
1.24
2.09
1.31
0.89
1.10
1.36
0.69
0.92
0.73
0.90
1.33
0.74
1.25
0.61
0.71
0.86
1.35
1.16
1.46
1.16
1.36
0.87
1.04
1.00
1.58
0.84
1.07
1.53
1.12
1.04
1.24
1.75
0.67
1.08
0.77
1.32
0.78
1.08
0.99
1.13
1.56
1.23
1.27
1.30
0.47
0.82
0.89
1.95
1.58
1.14
1.06
1.03
1.14
1.39
1.64
2.31
2.27
1.82
1.43
1.01
0.64
0.77
0.80
0.99
0.56
0.62
0.65
1.16
1.15
1.58
1.44
1.42
0.97
0.85
1.09
0.71
1.30
0.79
0.65
0.86
0.52
1.12
1.34
1.07
0.94
0.93
1.01
1.28
0.96
0.85
0.85
0.80
2.57
2.00
1.07
1.18
1.04
1.01
1.22
1.53
1.23
0.73
0.92
0.82
0.49
1.34
1.02
1.21
1.15
1.65
1.59
1.08
1.00
1.10
1.12
1.33
1.55
1.81
1.02
0.74
0.67
0.66
0.67
0.88
1.03
0.80
0.81
0.32
0.52
0.61
0.40
0.45
1.07
1.11
1.32
1.40
1.80
1.03
1.07
0.94
0.88
0.93
0.64
0.95
0.91
0.98
1.41
2.82
2.00
1.03
0.90
0.97
0.99
1.09
1.22
1.97
1.47
0.87
0.57
1.02
0.84
0.59
0.66
0.44
0.76
0.63
0.35
0.57
0.60
0.56
1.59
0.64
1.10
0.40
2.30
1.84
1.66
1.30
1.58
1.47
1.56
1.93
2.16
1.94
1.08
0.57
0.38
1.01
1.07
1.25
1.58
1.79
1.32
1.12
1.81
0.85
1.25
0.62
1.02
0.71
0.38
0.45
0.74
1.26
0.91
1.03
0.38
0.57
2.32
1.66
1.61
0.68
1.27
1.85
1.23
1.18
1.22
0.44
0.26
0.75
0.91
2.24
1.02
2.13
1.77
1.66
1.80
0.47
0.70
0.98
2.71
1.83
2.37
2.15
1.04
0.91
0.29
0.32
1.53
2.07
1.51
1.56
1.34
0.84
0.92
1.02
1.61
1.60
0.69
0.90
0.67
0.64
0.93
2.37
2.42
1.56
0.32
0.11
0.58
1.48
1.50
0.78
0.74
1.98
2.18
1.67
1.39
0.58
0.13
0.56
1.57
1.26
1.27
0.87
0.68
0.75
1.09
0.99
0.97
0.91
1.26
1.84
2.67
1.69
1.27
0.80
0.92
0.76
0.45
0.50
0.35
0.50
0.78
0.91
0.95
1.69
1.27
1.15
1.00
1.25
0.84
1.43
2.00
2.61
1.31
1.10
0.75
1.37
1.03
1.79
1.18
0.99
0.99
0.62
0.34
0.64
0.79
1.10
0.72
1.98
2.07
1.25
1.22
0.78
1.35
0.90
1.18
1.33
0.96
0.85
1.03
1.26
1.57
0.79
0.51
0.94
0.95
1.07
1.24
0.88
1.18
0.99
0.88
1.17
1.40
1.48
1.05
0.80
0.73
1.09
1.29
1.15
1.27
0.69
0.54
1.00
0.90
0.62
0.80
0.86
1.40
1.95
1.12
0.94
1.44
1.59
1.73
1.72
1.62
1.65
1.54
1.42
1.60
2.03
1.92
1.84
1.79
1.33
0.96
1.05
0.98
1.21
2.62
2.66
1.81
0.34
1.05
0.70
1.53
1.16
1.06
1.20
1.32
1.00
1.10
1.73
1.15
1.53
1.58
1.70
1.88
2.02
0.98
1.20
1.31
1.30
1.24
2.74
2.48
1.16
1.02
1.18
1.12
1.16
1.08
1.47
1.29
0.84
1.02
1.68
1.04
1.16
1.26
1.19
1.33
1.24
1.92
3.69
1.10
1.01
1.23
1.14
1.32
1.38
1.31
1.36
1.03
1.35
1.36
1.18
0.84
0.90
0.66
0.88
0.94
1.26
0.99
0.84
2.64
1.67
2.46
1.68
1.15
0.81
0.87
0.82
1.00
0.77
2.49
1.98
1.38
1.56
1.03
1.54
1.67
1.49
1.41
1.22
0.73
1.05
1.59
1.53
0.99
1.03
1.53
1.57
0.97
2.43
1.76
1.33
1.14
0.54
0.92
1.00
2.30
0.94
1.14
1.44
0.74
0.83
1.02
0.55
0.86
1.24
0.57
0.47
1.27
0.96
1.09
0.79
0.86
1.28
1.15
1.23
1.21
1.17
1.19
1.03
1.07
1.36
1.00
0.89
1.01
0.68
0.46
1.34
1.06
0.84
1.10
1.63
2.08
3.61
3.05
1.26
1.14
0.95
0.90
1.39
1.34
1.49
0.89
1.11
1.02
0.97
1.46
1.42
0.98
1.27
1.98
0.89
0.46
0.70
0.60
0.86
1.48
0.96
1.36
0.90
1.60
1.10
0.82
0.25
1.97
1.86
2.50
0.99
1.33
1.23
0.65
0.58
0.76
1.20
1.36
1.43
0.74
0.71
1.39
1.76
1.46
1.81
1.00
1.39
1.93
1.62
1.11
0.85
0.51
0.48
0.98
1.90
1.09
1.31
1.83
1.68
1.27
1.76
1.41
3.24
1.89
0.59
0.61
0.71
0.29
0.96
1.70
1.79
1.91
1.32
1.72
0.77
0.73
1.57
1.37
1.52
0.97
1.15
2.05
2.34
2.19
1.11
0.80
0.70
0.25
0.59
0.64
0.27
1.00
0.77
1.26
2.20
1.02
1.15
0.44
0.63
0.80
1.17
1.13
0.41
0.92
0.77
1.55
1.06
1.07
1.15
0.56
1.53
0.96
0.60
0.20
0.56
0.70
1.73
2.88
1.76
1.55
0.94
0.42
2.32
0.81
1.54
2.24
1.33
1.18
1.41
1.45
0.78
1.00
0.94
0.55
1.15
1.08
1.01
0.77
1.52
0.96
2.18
1.04
0.92
0.88
1.10
0.88
0.94
0.98
1.40
0.81
0.49
1.75
1.50
1.35
1.14
2.32
1.84
1.74
1.48
0.69
2.15
1.48
0.94
0.68
0.77
0.85
0.77
0.78
1.37
0.92
0.80
0.74
1.19
0.58
0.53
0.58
0.85
0.36
0.74
0.53
0.50
0.43
0.53
0.45
1.38
0.69
1.05
0.64
1.12
0.55
0.80
0.89
0.84
0.92
1.05
0.84
1.36
1.13
1.07
1.31
0.81
1.92
0.93
1.53
1.90
1.61
1.66
1.06
1.53
1.93
1.66
1.22
1.18
0.77
1.40
1.20
1.36
1.97
1.78
1.44
0.98
0.78
1.18
1.29
1.43
1.33
1.45
1.36
1.48
2.57
1.43
1.11
0.69
1.27
1.32
1.06
0.79
1.28
1.38
0.96
0.86
0.95
1.02
1.05
1.60
1.48
1.08
1.14
0.99
1.29
1.20
0.89
1.55
1.50
1.65
1.37
1.57
1.27
1.29
0.90
0.60
0.79
1.04
0.77
1.17
1.30
1.16
1.01
1.18
0.95
1.28
1.28
1.33
1.15
1.17
1.89
1.29
1.21
0.73
0.95
1.26
1.60
1.45
1.47
1.21
0.92
0.79
0.91
1.69
1.74
1.29
1.11
0.89
1.03
1.21
1.25
1.19
1.33
1.27
1.18
1.38
1.07
1.11
1.08
0.78
0.56
0.82
0.61
0.82
1.01
0.95
1.21
0.62
0.82
0.63
0.93
1.12
1.01
0.88
1.50
1.21
1.36
1.83
1.69
0.98
1.06
0.78
1.10
1.38
1.39
1.00
0.83
0.81
1.59
1.08
0.66
0.68
0.62
1.66
0.80
0.67
1.17
0.77
0.94
0.84
1.27
1.30
0.95
0.96
0.89
1.30
0.92
0.69
1.28
1.24
1.10
1.24
1.19
0.96
1.02
1.62
1.16
1.20
0.55
1.14
2.34
1.60
0.83
1.03
1.26
0.97
1.05
0.77
1.24
1.11
0.92
0.92
0.36
0.77
0.86
0.87
0.63
0.66
0.50
1.09
1.49
1.07
0.88
0.68
1.11
1.29
1.37
1.09
1.22
1.41
0.83
0.86
0.92
0.90
0.97
1.47
1.45
0.89
0.93
1.66
1.70
1.19
1.36
1.05
1.02
1.21
1.99
1.01
0.90
0.94
0.93
1.48
0.89
0.89
0.80
1.40
0.73
0.85
0.33
0.64
0.75
1.00
0.97
2.19
0.93
0.62
0.30
1.70
1.40
0.15
0.29
1.80
1.25
1.02
0.58
0.85
1.17
0.65
0.96
0.87
0.90
0.64
0.66
0.32
0.25
1.27
1.82
2.44
1.07
1.46
0.98
0.79
0.65
0.92
0.28
0.60
1.09
0.86
2.23
1.45
1.28
2.07
1.24
0.66
0.63
1.09
1.38
0.88
0.80
1.35
0.73
0.59
1.54
1.33
1.65
1.79
1.47
0.90
0.57
0.91
0.76
1.16
0.71
0.50
1.12
0.96
0.99
1.04
0.90
1.29
1.79
1.74
0.98
0.93
1.03
1.64
1.60
1.25
1.14
0.89
1.49
0.93
0.50
1.02
1.04
0.77
1.22
1.04
0.61
1.09
0.97
0.83
0.91
0.76
0.97
2.34
0.72
0.83
1.36
0.67
0.73
0.68
0.88
0.51
0.88
0.84
1.45
1.22
1.02
0.35
0.88
1.01
1.09
1.01
1.39
1.47
0.58
0.77
0.99
0.78
0.47
0.67
0.81
0.83
1.22
1.10
0.53
0.75
0.67
0.75
0.93
0.85
0.87
0.78
0.94
0.90
1.13
0.95
1.50
1.09
1.23
1.38
1.48
1.15
1.66
1.85
1.14
1.29
1.18
1.24
1.29
1.56
1.88
1.73
1.11
1.19
1.13
1.21
0.99
1.38
1.10
1.71
1.98
2.14
1.61
1.25
1.21
1.04
1.39
1.28
1.10
1.22
0.95
1.02
0.84
1.26
1.31
0.95
1.26
0.92
0.71
0.90
1.13
2.06
2.25
1.16
1.10
1.05
1.15
1.34
1.18
1.10
1.01
2.34
2.00
1.20
1.51
1.09
1.16
0.99
0.90
1.09
0.91
1.07
1.02
1.07
0.90
0.99
1.04
0.90
1.71
1.04
0.69
0.79
0.94
0.98
1.18
1.29
0.52
0.78
1.27
1.10
0.72
0.82
2.76
1.55
1.15
1.32
1.52
1.65
2.15
1.10
0.64
0.85
1.02
2.15
2.27
1.67
1.75
1.31
1.37
1.24
1.73
3.01
2.56
1.56
0.75
1.23
1.44
1.79
1.94
1.52
0.87
1.12
1.21
1.29
1.44
0.80
0.93
1.15
0.84
1.04
1.12
0.84
1.57
1.96
1.85
1.60
2.42
1.20
1.17
1.81
1.45
1.32
1.30
1.12
1.22
1.09
1.37
0.92
0.70
0.65
0.72
1.35
1.60
1.57
1.15
1.41
1.24
1.09
0.85
1.07
1.52
2.61
2.33
1.29
1.08
1.03
0.57
1.11
0.71
1.06
1.22
1.04
1.10
0.71
0.39
0.54
0.35
2.24
1.48
1.09
0.94
0.74
1.97
1.10
1.10
0.35
0.91
1.57
1.16
1.22
1.43
1.08
1.33
1.59
1.22
2.16
1.89
2.85
1.90
0.81
0.55
0.62
0.74
0.77
0.52
0.52
0.93
1.70
3.12
2.91
2.55
2.76
2.71
2.61
1.88
2.02
2.93
2.43
2.84
3.10
2.87
2.81
2.61
1.68
1.83
2.27
2.53
2.51
2.06
2.73
1.67
1.63
2.84
2.57
2.27
2.52
2.25
1.86
1.83
2.00
1.90
1.57
1.19
0.86
0.99
1.86
1.66
1.05
0.65
1.56
1.57
1.17
2.08
3.23
2.03
0.89
1.48
1.16
1.78
1.83
1.31
0.49
0.84
2.14
1.10
0.76
0.54
0.53
0.75
1.09
0.96
0.48
1.23
0.73
1.02
1.48
0.58
0.59
2.00
1.64
1.14
0.79
0.62
0.73
0.43
1.74
2.48
1.27
0.76
1.36
0.51
0.81
1.19
0.92
1.52
2.70
1.59
1.48
1.61
1.54
0.99
0.92
1.36
1.95
1.31
0.68
1.14
0.66
2.26
2.10
1.93
1.41
0.86
0.84
0.65
0.74
0.75
0.73
0.66
1.06
0.98
1.46
0.97
0.73
0.55
1.13
2.21
1.68
1.06
1.67
1.69
0.97
1.37
0.55
0.58
0.59
1.11
0.77
0.59
0.69
0.77
0.48
0.50
0.74
1.73
1.16
0.63
1.27
0.80
0.68
0.80
0.45
0.53
0.67
0.61
0.42
0.68
0.91
1.38
0.51
0.47
0.64
0.54
1.37
1.03
0.62
0.43
1.31
1.21
0.92
0.61
0.86
0.91
0.73
0.69
0.74
0.33
0.60
0.88
1.12
1.12
1.09
1.37
1.16
1.13
1.06
0.83
0.82
0.70
0.61
0.68
0.63
0.63
0.53
0.71
0.67
0.92
0.98
0.89
0.91
1.25
0.87
0.93
0.64
0.56
0.96
1.89
0.93
1.07
0.70
0.62
0.58
0.66
0.70
1.29
1.18
0.67
0.55
0.63
0.72
0.76
0.94
0.89
0.78
0.72
0.96
0.94
0.73
0.59
0.71
0.61
0.74
0.71
0.78
0.61
0.50
0.52
0.46
0.81
0.95
1.60
1.18
0.91
0.53
0.79
0.73
0.67
0.69
0.59
0.75
0.91
1.62
1.59
1.76
2.15
1.19
0.97
0.87
0.67
0.60
0.66
0.78
1.04
1.54
0.93
0.81
2.09
2.37
2.90
2.21
1.41
1.06
0.73
0.78
0.46
1.40
1.23
0.99
0.62
0.69
1.61
2.30
2.18
1.28
1.23
0.81
1.13
1.02
0.94
0.82
0.45
0.65
0.74
1.91
1.66
1.28
1.57
1.19
0.53
0.69
1.67
1.49
0.97
0.93
0.84
0.34
0.52
0.56
1.83
2.47
2.35
1.92
1.59
0.74
0.49
0.52
0.56
1.04
2.40
1.81
1.89
0.88
0.75
0.85
2.04
1.79
1.22
0.93
2.02
0.78
1.00
0.72
0.62
0.52
0.52
2.60
2.52
1.33
0.68
0.75
0.56
0.59
0.74
0.63
2.10
1.64
1.08
0.54
0.58
0.74
0.50
0.55
3.58
2.90
1.27
0.83
1.86
0.83
0.47
1.42
2.06
2.36
2.12
1.85
1.34
0.59
1.06
1.40
1.99
1.88
2.29
1.72
1.57
0.78
1.92
1.53
1.23
0.47
0.49
0.50
0.68
0.56
1.30
1.30
1.00
3.36
1.91
1.02
2.13
0.99
0.31
0.93
1.38
0.69
0.62
1.19
1.46
0.87
1.24
0.66
0.48
0.57
1.39
0.64
0.77
2.39
1.34
0.87
1.73
1.89
1.53
1.25
2.51
1.74
0.52
1.23
1.65
1.27
2.35
2.56
2.17
1.87
1.75
1.54
1.53
0.89
2.08
1.76
0.92
0.96
0.63
0.51
0.41
1.78
2.55
1.05
0.52
0.64
0.71
1.11
0.63
0.66
0.97
1.05
2.41
1.78
1.01
0.37
0.71
2.22
2.10
1.36
1.22
2.14
0.65
0.36
1.26
1.73
0.85
0.69
0.93
0.60
0.49
0.47
0.77
0.60
0.58
0.72
0.86
0.74
0.94
1.54
0.80
0.79
0.96
0.65
1.77
1.35
1.15
0.77
0.68
0.92
0.90
0.67
1.37
0.93
0.76
0.52
0.75
0.97
0.67
0.63
0.81
0.61
1.16
1.06
0.69
0.82
1.22
1.01
0.55
0.34
0.96
0.47
0.50
0.63
0.73
0.60
1.30
1.03
0.67
0.56
0.88
0.60
0.47
0.99
0.77
0.89
0.41
0.59
0.78
1.62
1.02
0.98
0.44
0.40
0.37
0.46
0.62
0.51
0.49
0.48
0.51
0.63
0.61
0.94
0.42
0.47
0.60
0.54
0.71
1.15
0.97
1.31
1.06
0.82
0.31
0.52
0.85
0.70
0.61
0.60
0.72
0.58
0.55
0.65
0.64
0.60
0.47
0.50
0.76
1.40
0.92
0.86
0.65
0.78
0.89
0.76
0.55
0.41
0.70
0.87
0.62
0.82
0.50
0.84
1.35
1.32
0.82
0.74
1.21
2.91
3.48
1.23
0.53
0.78
0.88
0.44
0.61
0.86
0.50
0.53
0.49
0.62
0.54
0.50
0.53
0.53
0.56
0.51
0.60
0.63
0.55
0.68
1.94
1.66
1.58
1.04
1.08
0.78
0.71
0.57
0.53
0.89
0.87
0.85
0.58
0.97
1.01
0.86
0.82
0.38
0.57
0.87
0.54
0.52
1.73
1.39
1.18
0.85
1.10
1.73
2.26
2.02
2.02
1.34
1.08
1.47
1.20
1.38
1.08
1.47
0.96
0.87
1.05
1.49
1.09
1.12
1.72
1.37
0.88
0.75
0.83
0.63
2.19
1.45
1.24
0.83
1.05
0.92
0.78
0.80
0.46
0.51
0.56
0.62
0.92
2.42
3.67
1.09
0.46
0.53
0.37
0.44
0.59
0.86
1.55
1.01
2.40
2.23
1.58
2.05
2.93
3.02
2.31
2.00
2.24
1.65
0.94
0.37
0.33
0.44
0.34
0.68
2.25
2.03
1.18
1.29
1.58
1.45
0.52
1.14
0.52
0.60
1.17
1.08
0.73
0.47
1.40
1.87
1.11
2.35
2.01
1.52
2.05
1.70
1.23
0.81
0.53
0.33
0.90
1.74
0.80
2.24
0.46
0.78
1.69
1.00
0.49
0.98
0.42
1.06
2.44
2.08
1.78
0.81
0.54
1.50
2.21
1.03
1.06
0.40
1.15
1.17
0.52
0.37
0.60
0.23
2.17
2.11
1.39
0.69
1.87
0.40
0.29
0.87
0.72
0.35
1.65
1.41
1.30
1.48
1.15
0.96
0.98
0.55
0.51
1.32
1.70
3.11
2.04
0.97
1.98
2.02
2.16
1.89
1.34
1.04
0.43
0.47
0.42
0.78
1.91
1.13
1.34
0.96
1.40
1.18
1.65
2.37
1.03
1.89
2.12
1.46
2.04
2.09
1.14
0.52
0.63
0.35
0.71
2.28
0.57
0.39
0.50
0.92
0.80
0.76
0.95
1.87
2.03
2.03
1.14
0.44
0.71
0.84
0.48
0.96
1.88
1.12
0.32
0.34
0.42
1.39
1.71
0.80
0.45
0.41
0.74
1.52
1.64
1.46
1.31
0.54
0.41
2.20
0.56
0.43
2.07
1.54
1.21
0.56
0.63
1.39
0.46
0.86
0.41
0.65
0.44
0.54
0.60
1.60
0.73
0.77
0.80
1.03
2.23
0.66
0.24
0.28
1.31
1.42
0.52
0.28
0.80
1.14
0.47
0.45
0.82
1.13
1.02
0.64
0.41
0.52
2.12
0.96
0.73
0.76
0.60
0.73
0.64
1.02
1.18
0.86
0.48
0.50
1.10
0.59
1.28
0.52
0.37
0.31
0.42
0.34
0.56
0.96
0.58
1.19
0.51
0.47
0.48
0.54
0.47
0.45
0.28
0.32
0.55
0.46
0.65
0.64
0.70
0.85
0.83
0.85
0.70
0.34
0.85
0.69
1.02
1.04
0.74
0.75
0.43
0.50
0.84
0.60
0.65
0.72
0.67
0.72
0.58
0.58
0.59
0.50
0.57
0.67
0.54
0.52
0.53
0.83
0.72
0.44
0.43
0.46
0.80
0.86
0.95
0.62
0.52
0.67
0.57
0.68
0.70
0.63
0.83
0.59
0.60
0.66
0.83
0.79
0.75
0.69
0.57
0.56
0.52
0.48
1.22
1.18
1.35
1.17
1.71
1.72
0.99
0.46
0.50
0.46
0.60
0.63
1.05
1.31
0.87
0.47
0.48
0.71
0.59
0.67
0.54
0.62
0.83
1.94
2.52
1.13
0.61
1.27
0.91
0.69
1.54
1.66
2.05
1.91
1.80
1.29
1.74
1.64
1.19
0.96
0.64
0.50
0.73
0.48
0.53
0.46
1.12
1.02
1.74
1.77
0.94
1.00
1.43
2.35
2.73
2.17
1.81
2.09
1.03
2.65
2.84
2.52
2.20
2.13
1.42
1.03
0.97
1.00
1.16
1.16
0.83
1.06
1.08
1.31
1.10
0.57
1.18
0.64
0.56
1.39
2.39
1.88
1.30
0.90
1.09
0.41
1.18
1.77
0.93
1.87
1.55
0.83
0.61
0.87
1.06
1.03
0.31
0.70
0.88
0.52
0.62
1.91
1.39
0.67
0.45
0.37
0.47
0.38
1.26
1.76
2.76
1.43
0.42
0.40
0.61
0.57
0.66
0.59
0.64
2.01
1.39
0.92
0.60
0.53
1.18
1.93
1.86
2.29
1.35
1.76
1.26
1.61
2.05
1.14
0.97
1.92
1.88
1.07
0.90
0.68
1.89
2.04
1.81
1.11
1.57
1.67
1.45
1.73
1.10
1.78
1.41
1.00
1.39
1.57
1.95
1.75
1.94
1.21
1.03
0.67
0.51
0.55
0.54
0.51
0.75
0.77
0.81
2.01
2.02
1.16
1.52
1.62
0.72
0.71
1.27
1.09
1.11
0.80
0.50
0.41
0.25
0.19
0.36
2.95
1.16
2.46
1.95
1.74
1.62
0.84
0.58
1.38
1.13
2.09
0.30
0.40
0.38
0.31
0.36
1.64
2.65
1.12
0.61
0.56
0.35
0.42
2.27
2.04
1.19
1.10
1.53
0.79
0.86
1.17
1.35
0.47
0.57
0.50
1.09
2.28
1.29
0.35
1.19
1.43
1.04
0.70
1.27
1.55
0.51
0.53
0.87
0.81
1.49
1.10
1.21
1.31
0.81
1.28
0.84
0.95
0.58
0.68
0.75
1.11
0.81
1.47
1.38
0.40
1.33
1.10
0.36
0.63
0.70
0.77
0.41
0.97
1.32
1.33
1.38
0.66
0.41
0.44
0.67
0.45
0.62
0.64
0.64
0.71
1.07
1.33
1.29
0.73
1.05
0.95
1.46
0.73
0.72
0.85
1.50
0.82
0.36
1.77
1.13
1.60
0.71
0.67
1.02
0.85
0.54
0.72
0.85
1.54
1.54
1.52
0.98
0.97
1.06
1.41
0.58
0.48
0.53
0.57
0.50
2.07
0.55
0.78
0.53
0.98
0.89
0.89
1.18
0.71
0.93
0.94
0.93
0.89
0.86
0.79
0.61
0.47
0.57
0.79
0.74
0.61
0.45
0.47
0.58
0.46
0.43
0.86
0.81
0.64
0.66
1.17
0.98
0.63
0.57
0.55
0.62
0.43
0.61
0.77
0.67
0.55
0.64
0.52
0.48
0.51
0.71
0.88
0.86
1.09
1.26
1.13
1.03
0.75
0.57
0.59
0.54
0.45
0.78
0.57
0.56
1.02
0.97
1.29
1.05
1.12
1.09
0.92
0.47
0.40
0.44
0.50
0.48
0.37
0.59
0.57
0.97
1.41
0.67
0.46
0.59
0.42
0.51
0.47
0.52
1.25
1.71
1.11
0.95
1.71
1.94
1.80
1.67
1.30
1.02
0.76
0.85
1.65
0.99
1.60
1.44
1.59
1.07
0.93
0.44
0.50
0.51
0.43
0.48
0.41
0.64
1.01
0.89
0.65
0.64
0.60
0.52
0.73
0.65
0.45
0.58
1.58
1.45
0.91
0.86
1.06
1.23
1.04
0.58
0.76
0.93
0.87
0.53
0.54
1.17
1.18
1.88
1.90
1.04
0.62
0.44
0.56
0.72
0.54
0.44
0.35
0.41
1.09
1.09
0.53
0.65
1.11
0.51
0.42
0.45
0.44
0.40
0.35
2.32
1.56
0.79
0.75
0.50
0.41
0.92
1.89
2.28
2.10
1.55
0.96
0.89
0.74
1.30
1.54
1.50
1.15
0.98
0.74
0.96
1.33
1.57
1.21
1.06
0.76
0.47
0.51
1.17
1.17
0.88
0.76
0.82
0.95
1.91
1.45
0.93
1.27
0.98
1.11
1.12
1.22
1.46
0.41
0.54
1.27
0.98
0.96
0.40
1.13
0.92
0.85
1.23
2.18
1.80
2.15
1.03
0.47
0.64
1.16
1.13
1.18
0.54
0.92
1.74
0.76
0.46
0.35
1.32
1.98
1.21
0.78
1.18
0.54
0.48
0.59
1.53
1.50
1.51
1.45
1.51
0.70
0.44
0.33
0.83
1.75
1.56
1.68
1.45
0.94
0.82
0.88
0.86
1.03
0.71
0.59
1.06
0.81
0.90
1.63
1.44
1.18
1.03
0.36
0.38
0.30
0.57
0.64
0.42
0.61
0.96
1.56
0.45
1.40
1.12
0.86
0.77
0.44
0.56
0.42
0.33
1.59
1.20
0.56
1.53
1.18
0.90
0.85
0.35
0.49
0.23
0.25
0.68
0.50
0.50
1.04
0.81
0.87
0.72
0.44
0.28
0.34
0.74
0.61
0.53
0.88
1.33
1.15
0.48
0.25
0.60
0.77
0.84
0.87
0.62
0.43
0.81
0.60
0.39
1.16
1.05
0.63
0.51
0.37
0.61
0.24
0.98
0.61
0.30
0.47
0.50
0.52
1.05
0.55
0.44
0.77
1.23
0.99
0.79
0.42
0.62
0.42
0.93
0.81
0.74
0.54
0.35
0.54
0.45
0.58
0.69
0.85
0.38
0.75
0.45
0.65
0.55
0.53
0.92
0.79
0.35
0.38
0.63
0.55
0.39
0.79
0.48
0.80
0.48
0.96
1.26
0.73
0.87
0.78
0.91
0.90
0.93
1.01
0.98
0.92
1.02
0.93
0.98
1.18
1.23
1.14
1.51
1.24
0.82
0.37
0.47
0.58
0.42
0.44
0.82
0.61
0.93
0.93
0.98
0.48
0.46
0.51
0.55
0.69
0.74
1.24
1.17
1.32
0.79
0.35
0.48
1.14
0.61
0.48
0.45
0.57
0.73
0.56
0.67
0.57
1.05
0.55
0.77
0.41
0.38
0.61
1.07
1.64
1.62
1.43
0.93
0.94
0.52
0.50
0.47
0.53
0.49
0.64
0.53
1.15
0.66
0.34
0.51
0.67
0.99
0.49
0.59
0.93
1.69
1.55
1.10
1.09
0.95
0.61
0.35
0.58
0.32
0.80
0.82
0.84
0.65
0.94
1.27
2.00
1.38
0.82
0.67
0.67
0.57
0.62
0.93
1.46
0.72
0.80
0.97
1.14
0.81
0.62
0.85
0.83
0.62
1.26
1.41
0.61
0.65
0.46
0.47
1.45
1.07
0.54
0.50
0.43
0.82
1.08
0.75
1.41
0.97
0.65
0.43
0.94
1.04
1.11
1.09
0.49
0.61
0.49
1.15
1.22
0.52
0.55
0.45
0.68
1.37
0.86
0.51
0.44
0.36
0.65
0.98
1.24
0.44
1.30
0.95
0.40
0.73
0.72
0.97
1.09
1.12
0.86
0.70
1.00
0.58
0.61
0.77
1.11
1.23
1.21
0.48
0.68
0.58
1.19
1.46
2.77
3.79
0.51
0.59
1.64
1.85
1.29
0.52
0.90
1.22
0.96
0.88
2.45
1.31
0.48
0.41
1.49
2.26
0.95
1.11
1.14
1.16
1.47
1.41
0.75
0.77
0.97
0.95
0.53
0.47
1.19
1.90
0.66
0.35
0.27
1.27
1.27
0.51
1.00
0.50
0.66
0.87
0.45
0.53
0.52
0.64
0.68
0.84
0.81
0.56
1.55
0.93
2.05
1.66
1.07
0.69
0.67
1.23
0.77
1.10
1.27
0.35
0.62
1.36
1.64
1.19
1.03
1.23
0.46
0.45
0.40
1.08
0.86
0.91
1.75
1.61
1.02
0.63
0.50
0.66
0.76
0.72
0.87
1.21
0.67
1.29
1.56
1.19
0.52
0.75
1.32
0.78
1.34
1.07
0.85
0.97
1.19
0.91
0.70
1.10
0.48
0.51
0.69
0.54
0.66
0.40
0.77
0.36
0.45
1.29
1.37
0.42
0.44
1.00
0.94
0.71
0.59
0.25
0.65
0.61
1.33
0.88
0.93
0.51
1.73
0.90
0.93
0.70
0.83
0.86
0.55
0.45
0.66
0.98
1.33
1.18
0.74
0.87
0.42
0.29
0.49
0.71
0.68
0.88
0.82
0.64
0.53
0.65
0.75
0.91
1.07
0.61
1.07
0.65
0.45
0.51
0.28
0.52
0.75
1.24
1.68
0.64
0.73
0.84
0.78
0.69
0.94
0.84
0.40
0.44
0.59
0.86
1.02
0.91
0.88
0.78
0.84
1.13
0.68
0.54
0.46
0.75
0.64
0.62
0.68
0.77
0.45
0.53
0.88
1.14
1.35
1.50
1.70
1.21
0.87
0.94
1.32
1.35
1.29
1.46
1.27
1.54
1.48
1.26
0.98
0.74
0.66
0.56
1.55
0.98
0.82
0.74
0.56
0.56
0.85
1.16
0.62
0.58
1.01
0.55
0.76
0.50
0.91
0.68
0.76
0.82
1.06
0.78
0.53
0.67
0.79
0.95
1.13
0.88
0.90
0.72
0.51
0.73
0.59
0.97
0.52
0.54
0.48
0.28
0.27
0.53
0.57
1.84
1.24
0.85
0.74
0.72
0.79
0.60
0.55
0.59
0.53
0.84
0.61
0.86
0.75
0.43
0.73
1.01
0.62
0.54
0.45
0.48
0.54
0.73
0.53
0.45
0.53
0.98
0.71
0.98
0.84
1.17
1.73
1.38
0.58
0.55
1.78
1.20
0.61
1.07
1.02
1.01
0.76
1.18
1.01
0.85
0.88
1.74
0.69
1.02
0.48
0.45
0.82
0.99
0.87
0.60
1.66
1.27
1.29
1.27
1.30
0.91
0.84
0.93
1.12
1.46
1.22
0.85
0.60
0.51
0.43
0.46
0.83
1.05
1.14
1.52
1.26
0.59
0.61
0.47
0.49
0.41
1.30
1.24
1.10
1.03
1.01
0.68
0.66
0.73
0.70
0.67
0.42
0.51
0.45
0.41
0.87
0.91
0.52
1.08
1.30
0.70
0.55
0.77
0.52
0.71
0.93
0.62
0.60
0.47
0.45
1.20
0.99
0.76
0.45
0.82
0.88
1.70
1.62
1.44
1.40
1.05
1.34
1.27
0.86
1.10
1.19
0.95
1.15
1.35
0.91
0.69
0.55
0.65
0.55
0.61
0.70
0.87
0.59
0.42
1.03
1.35
1.02
0.41
1.14
1.21
1.06
1.10
0.85
0.50
0.90
1.04
0.61
0.89
1.26
0.52
0.58
0.93
0.56
0.87
0.39
0.49
0.78
0.53
1.32
0.88
0.59
1.35
0.88
0.56
1.27
1.33
1.14
2.20
1.88
1.33
0.93
1.47
0.93
0.29
0.31
0.88
1.06
1.31
0.73
0.36
0.41
0.36
0.45
0.73
0.73
0.63
0.51
1.13
0.98
0.34
0.90
0.38
0.77
0.60
0.96
0.79
0.38
0.43
0.91
1.23
0.36
0.64
0.30
0.48
0.49
1.59
2.33
0.71
0.46
0.37
0.44
0.94
0.79
0.57
1.00
1.39
0.60
0.71
0.67
0.58
0.85
0.72
0.54
0.36
0.42
0.36
0.47
0.61
1.62
1.25
1.33
0.51
1.18
1.84
1.02
1.04
1.63
0.89
1.40
0.92
0.36
0.41
0.36
0.78
0.89
1.07
0.84
0.51
0.50
0.62
0.55
1.67
0.76
0.52
0.37
0.61
0.54
1.78
0.88
0.47
1.24
1.74
0.56
0.56
1.33
0.58
0.61
0.71
0.64
0.87
0.64
0.59
0.83
0.45
0.39
0.33
0.49
0.42
0.72
1.50
0.79
0.70
0.45
0.45
0.61
0.50
0.67
0.48
1.08
0.84
0.81
0.70
0.84
1.02
0.54
0.84
0.85
0.76
0.94
0.81
0.64
0.63
0.45
1.19
1.16
0.79
0.84
0.45
0.92
1.17
1.20
0.92
1.01
0.86
0.65
0.46
0.50
0.75
0.94
1.13
1.70
1.29
0.58
0.82
0.94
0.36
0.70
0.47
0.50
0.56
0.79
1.53
1.04
0.58
0.55
0.51
0.72
0.59
0.40
0.65
0.68
0.55
0.54
0.56
0.59
0.55
0.56
0.56
0.46
0.53
0.68
0.56
0.60
0.46
0.48
0.87
0.64
0.79
0.70
0.46
0.52
0.85
0.90
1.01
0.60
0.44
0.44
0.61
0.45
0.51
0.70
0.70
0.76
1.10
0.70
0.67
0.55
0.59
0.70
0.81
0.45
0.46
0.54
0.77
0.79
1.34
0.96
0.46
0.93
1.79
1.80
1.63
1.42
0.74
0.50
0.48
0.53
0.60
0.92
1.08
1.62
0.50
0.88
1.02
1.00
1.27
1.45
0.94
0.90
0.94
1.29
1.29
1.77
1.90
1.01
0.66
0.59
0.52
0.40
0.58
0.66
1.36
1.21
0.46
0.47
0.59
0.54
0.68
0.49
0.59
0.51
1.25
1.47
1.78
1.15
0.49
0.66
1.07
0.45
1.13
0.91
0.49
0.77
0.84
0.70
0.53
0.85
1.65
1.49
0.94
0.38
0.42
0.36
0.36
0.47
1.07
1.06
0.33
0.85
0.63
0.38
1.91
1.95
0.75
1.59
1.61
0.81
0.56
0.84
1.33
0.73
1.65
1.55
1.35
0.89
0.36
1.25
2.15
1.24
0.40
0.48
0.64
1.39
0.54
0.62
0.73
0.88
0.63
0.98
0.70
0.40
0.47
1.56
1.08
0.43
0.51
0.62
0.49
1.20
1.46
1.03
1.13
0.39
0.73
0.97
0.77
0.75
0.75
1.03
0.96
1.15
0.65
0.80
1.03
0.84
1.03
1.36
0.63
0.80
1.14
0.87
1.15
1.19
0.95
1.89
1.68
2.73
2.50
2.56
1.28
1.52
2.50
1.83
1.00
1.07
1.00
0.98
1.02
0.87
1.33
1.65
1.21
0.90
2.06
2.57
2.21
2.40
1.43
2.89
2.50
2.24
3.50
2.19
1.29
2.40
2.14
2.17
1.71
1.25
2.25
2.28
1.74
1.44
0.98
0.75
0.80
0.83
1.05
1.83
2.40
1.91
3.21
2.27
1.59
1.60
1.81
1.25
0.99
1.33
1.08
1.70
1.48
2.13
1.81
2.32
2.58
2.19
2.07
2.78
2.23
1.74
1.28
1.43
0.71
1.29
1.71
0.89
1.00
1.14
1.60
1.13
2.75
2.33
1.39
1.65
0.95
1.13
1.03
1.08
1.37
1.04
0.90
1.20
1.59
2.00
1.60
1.24
0.91
1.47
1.13
1.55
1.54
0.98
1.92
1.38
1.97
1.70
2.18
0.91
1.83
1.80
0.82
1.44
1.05
0.94
1.06
1.39
1.00
1.19
1.93
1.37
2.32
1.40
0.73
2.24
1.94
1.49
1.48
1.10
0.94
1.81
1.67
1.40
1.26
0.99
0.90
1.20
1.36
1.73
2.04
1.86
1.61
1.10
1.03
1.25
1.40
1.20
1.47
1.71
2.05
1.97
1.79
1.71
2.21
1.86
1.45
1.21
1.66
1.43
1.88
2.16
2.37
2.79
2.43
1.83
1.75
1.18
0.94
1.67
1.90
1.30
1.38
2.08
1.79
1.27
1.79
1.79
1.61
1.36
1.76
2.00
1.68
1.74
1.65
1.44
1.46
1.49
1.31
1.34
1.55
1.47
1.91
3.41
2.33
1.61
1.38
0.75
0.85
0.90
1.38
1.04
0.76
0.76
0.66
1.01
1.00
1.48
1.52
1.12
1.13
0.89
0.95
0.69
0.66
0.40
0.66
0.74
0.62
1.03
0.83
1.03
0.82
0.88
0.79
0.83
0.83
0.78
1.66
0.69
0.84
0.97
1.04
0.84
1.17
1.63
1.52
0.65
0.58
1.19
0.89
1.95
2.32
2.75
2.83
2.53
0.95
1.20
0.73
0.99
0.67
2.09
1.18
1.70
2.64
2.10
1.88
2.97
0.94
1.15
1.42
1.33
1.54
2.31
1.38
1.05
0.86
1.10
0.90
0.66
0.70
0.71
0.81
1.61
0.67
1.20
1.54
1.57
1.04
0.76
0.81
0.65
0.46
0.63
0.74
1.07
1.43
0.89
0.82
0.73
0.60
0.68
0.74
0.86
0.93
0.93
0.55
0.81
0.75
0.86
0.88
1.21
1.26
0.93
0.54
0.94
0.80
0.55
0.46
1.02
0.74
1.08
1.25
1.27
0.87
0.73
0.79
0.95
0.81
0.69
1.01
1.12
1.24
1.42
1.34
0.87
0.75
0.79
0.49
0.64
0.71
1.43
0.96
0.60
0.89
1.39
0.96
0.76
0.90
0.48
0.63
0.65
0.70
1.00
1.22
0.79
0.92
0.59
0.73
1.86
1.81
1.44
1.43
1.30
1.47
1.76
1.71
1.87
1.48
2.13
1.88
2.33
1.59
0.87
0.56
0.97
0.68
1.36
0.81
1.37
1.54
1.15
0.69
1.03
1.35
1.03
0.83
0.69
0.63
1.35
1.27
1.52
1.86
2.40
1.15
0.89
0.76
0.50
0.83
1.27
0.60
0.61
1.15
1.02
0.93
0.45
0.62
0.81
1.26
0.81
0.89
1.00
0.99
1.24
0.78
1.20
2.30
1.85
1.03
0.91
0.78
1.11
1.02
0.60
0.49
0.63
0.84
0.98
1.05
1.23
0.97
1.69
1.08
0.92
1.19
1.24
0.92
0.69
0.58
0.83
1.17
1.39
0.98
0.68
0.81
1.60
1.06
0.59
0.71
0.85
0.65
0.76
0.76
0.78
1.72
1.02
0.96
0.82
0.86
1.36
0.97
0.90
0.92
1.09
0.73
0.91
0.73
1.07
0.69
0.81
0.98
1.07
1.19
1.02
1.03
1.10
0.86
0.59
1.22
1.05
0.89
0.81
0.85
0.91
1.37
1.07
0.75
0.57
0.83
0.76
0.85
1.28
0.97
0.71
0.55
0.95
0.88
1.01
0.65
0.65
1.08
1.28
1.25
0.79
0.64
0.78
0.63
0.58
0.69
0.67
0.85
0.77
0.63
0.80
0.85
1.22
0.70
0.71
0.92
1.01
0.97
0.84
0.97
1.05
0.91
1.08
1.21
1.09
1.22
0.91
1.11
1.44
1.32
1.23
1.05
0.74
0.71
0.90
1.26
0.93
0.72
0.86
0.87
1.02
1.01
1.44
0.96
1.03
0.83
1.36
1.35
0.97
1.05
0.77
0.76
0.75
0.82
0.64
0.85
0.81
0.73
0.72
1.27
0.71
0.90
0.77
0.81
0.75
0.66
0.75
0.87
0.59
0.76
1.00
1.18
0.72
0.96
1.03
0.98
1.21
0.56
0.87
0.60
0.53
0.56
0.63
0.58
0.82
1.74
1.06
0.83
0.73
0.70
0.65
0.49
0.85
0.59
0.66
0.87
0.78
0.73
0.70
0.81
1.14
0.75
0.83
2.09
1.20
0.71
1.18
0.84
1.28
1.40
0.86
0.57
0.62
0.62
0.58
0.82
1.97
1.98
0.78
0.57
0.50
0.82
0.77
0.67
0.76
1.01
1.11
1.99
1.02
1.01
0.95
0.90
1.03
1.10
0.85
1.14
0.97
0.81
1.12
0.80
1.33
1.25
0.74
0.59
0.70
0.83
0.74
1.48
1.87
0.87
1.35
1.15
1.20
0.77
0.66
0.71
0.67
1.38
1.68
1.05
0.96
0.70
0.74
0.67
0.61
0.85
0.63
0.69
0.69
0.97
0.86
0.57
1.83
1.66
1.23
1.17
1.36
0.89
0.90
0.86
1.23
1.07
0.69
0.53
0.68
0.84
1.01
0.76
0.52
0.72
0.76
0.74
0.73
1.21
1.46
1.08
0.95
0.81
0.61
0.77
0.80
1.29
1.00
1.03
1.03
0.64
2.01
1.24
0.90
1.02
0.64
0.80
0.47
0.55
0.54
0.56
0.73
0.61
0.84
1.05
0.55
1.02
0.82
0.80
0.79
0.78
1.17
0.53
0.61
0.75
1.23
1.11
0.69
1.00
0.67
0.61
1.05
0.67
0.72
1.01
1.41
1.51
0.69
1.00
0.63
0.61
0.83
1.08
0.83
0.75
1.30
1.07
1.07
0.91
0.63
0.71
0.61
0.70
1.09
0.64
0.87
1.09
0.83
1.39
1.20
1.45
0.80
0.49
0.94
0.45
0.42
0.89
0.69
0.54
0.62
0.77
0.60
0.48
0.63
0.68
0.56
0.57
0.62
1.55
0.75
0.62
0.82
0.49
0.51
0.60
1.03
0.80
0.60
0.72
1.25
0.64
0.52
0.76
0.69
0.61
0.98
1.10
0.87
0.72
0.79
0.93
1.13
0.85
0.86
0.95
1.35
1.36
1.05
0.77
0.74
0.77
0.75
0.80
0.79
0.53
0.95
0.97
1.22
0.80
0.54
0.86
0.67
1.31
0.69
0.79
0.77
0.88
0.77
0.60
1.10
0.89
0.73
0.67
0.66
0.71
0.90
0.74
0.86
0.47
0.62
0.72
0.73
0.76
0.67
0.51
0.56
0.58
0.57
0.71
0.95
0.84
0.76
0.65
0.56
0.63
0.62
0.68
0.63
0.91
0.52
0.51
0.97
1.20
0.73
0.53
0.68
0.71
0.84
0.75
0.76
0.56
0.84
0.71
0.48
0.64
0.54
0.47
0.42
0.72
0.74
1.19
1.08
1.10
0.53
0.38
0.49
0.96
0.74
0.87
0.74
0.69
0.63
0.71
0.77
0.66
0.94
1.15
0.89
0.89
0.68
0.72
0.76
0.77
0.57
0.92
0.85
0.82
0.84
0.53
0.60
0.45
0.43
0.63
0.50
0.54
0.44
0.86
1.19
1.09
0.78
0.64
0.63
0.65
0.71
0.80
0.79
0.93
1.07
0.84
0.53
0.96
0.88
0.84
0.89
0.90
0.86
0.56
0.76
0.70
0.53
0.98
0.98
0.79
0.64
0.85
0.89
0.54
0.62
0.82
0.76
0.66
0.62
1.10
0.75
0.41
0.69
0.52
0.75
0.51
0.81
0.84
0.93
0.85
0.37
0.58
0.68
0.51
0.62
0.67
0.67
0.50
0.55
0.57
0.71
0.76
0.81
0.56
1.05
0.56
0.56
0.66
0.57
0.89
0.90
0.69
0.84
0.54
0.79
0.80
0.65
1.32
1.74
1.52
1.65
1.07
1.11
0.95
1.23
1.01
1.10
0.95
0.85
0.75
0.53
0.41
0.65
0.63
0.86
1.11
0.84
0.60
0.39
0.47
1.03
1.40
0.70
0.40
0.44
0.52
0.49
0.79
1.06
0.62
0.56
0.67
0.56
0.50
1.11
1.71
0.97
0.80
0.52
0.82
0.56
0.52
0.49
0.47
0.45
0.40
0.83
1.38
1.34
0.44
0.87
1.06
0.70
0.40
1.22
0.96
0.42
0.41
0.43
0.65
0.69
0.76
1.18
2.02
1.52
0.97
0.69
0.75
0.59
0.52
0.56
0.60
0.55
0.52
0.46
0.51
0.84
1.28
0.68
0.49
0.47
0.86
1.12
1.00
0.73
0.99
1.05
0.88
0.90
0.79
0.73
0.52
0.45
0.47
0.76
0.46
0.46
1.01
0.65
0.69
0.63
0.66
0.62
1.26
1.13
0.41
1.15
1.21
0.71
0.44
0.77
0.91
1.30
1.19
0.95
0.45
0.63
0.47
0.45
1.27
0.84
0.71
0.74
1.13
1.03
0.80
0.60
1.25
1.22
1.13
1.22
0.90
0.61
0.66
0.90
0.55
0.70
0.82
0.75
0.82
0.91
1.21
1.45
0.55
1.02
1.07
0.77
0.60
0.69
0.87
0.80
1.04
0.59
0.82
0.79
0.35
1.21
1.14
0.86
0.57
0.61
0.54
0.52
0.38
0.60
0.72
0.48
0.63
0.58
0.78
0.90
0.86
0.55
1.89
0.95
1.09
0.75
0.80
1.16
0.86
0.73
0.92
1.54
0.76
0.38
0.58
0.69
1.12
0.85
0.53
0.70
1.13
1.23
0.52
0.36
0.46
0.57
0.44
0.67
0.72
0.72
0.66
0.88
0.92
1.32
0.79
0.95
0.44
0.64
0.43
0.82
0.61
0.69
1.13
1.04
1.14
1.05
0.95
1.12
0.95
1.38
0.79
0.93
1.52
0.98
0.58
0.41
0.87
0.74
0.79
0.56
0.33
0.40
0.82
0.68
0.42
0.56
0.49
0.79
0.94
0.63
0.59
0.73
0.50
0.60
0.60
0.71
0.67
0.93
0.70
0.53
0.57
0.73
0.83
0.96
0.73
0.78
1.07
0.81
0.97
0.88
0.77
0.90
1.00
0.92
0.45
0.97
0.92
0.46
0.66
1.26
0.65
0.65
0.56
0.78
1.07
1.15
0.98
0.74
0.54
0.61
0.54
0.61
0.51
0.53
0.74
0.73
0.60
0.48
0.76
0.76
0.80
0.62
0.78
0.79
0.67
0.60
0.70
0.49
0.50
0.57
0.59
0.37
0.56
0.79
0.65
0.57
0.44
0.50
0.48
0.49
0.57
0.44
0.76
1.04
1.28
0.80
0.75
0.71
0.49
0.86
0.58
0.63
0.40
0.57
0.39
0.51
0.63
1.39
1.21
0.69
0.60
0.52
0.42
0.50
0.50
1.44
0.88
0.64
0.52
0.56
0.51
0.57
0.60
0.85
0.60
0.74
1.16
0.98
1.13
1.04
0.86
0.84
0.79
0.73
0.91
0.93
0.59
0.43
0.42
1.13
0.95
0.79
0.62
0.55
0.45
0.58
0.98
0.73
0.46
1.01
0.29
0.45
1.28
0.71
0.26
0.70
0.79
0.65
0.55
0.51
1.01
0.65
1.04
0.67
0.35
0.28
0.49
0.76
1.11
0.95
0.60
0.59
0.96
0.61
0.54
0.50
0.55
0.83
0.50
0.78
0.48
0.30
1.02
0.70
0.37
0.33
0.58
0.63
0.56
0.52
0.67
0.73
0.49
0.73
1.05
1.10
0.47
1.62
1.47
1.00
0.99
1.12
1.51
0.65
1.02
0.72
0.62
0.72
0.57
0.67
0.64
0.44
0.51
1.09
1.70
0.58
0.41
1.27
1.70
2.29
1.98
1.42
1.55
