19790101
1.81
1.05
1.23
1.04
1.22
1.17
0.79
0.80
0.71
0.97
2.08
2.60
2.02
3.05
1.42
3.01
2.39
2.41
0.88
1.37
1.33
2.14
1.09
1.86
1.06
0.77
0.90
1.97
1.65
2.81
2.67
1.17
0.88
1.39
0.61
0.96
1.32
0.43
1.31
1.37
1.27
0.52
1.54
0.49
0.60
2.43
1.39
0.55
0.92
1.26
1.64
4.38
3.63
2.87
4.01
3.02
0.56
0.68
1.72
1.04
1.47
1.93
0.75
0.95
1.18
1.68
1.27
1.88
2.07
4.07
2.87
3.08
0.84
2.82
1.77
0.67
0.89
1.02
0.36
0.98
1.38
1.15
0.89
1.14
0.68
1.50
1.57
3.18
2.15
5.06
2.65
1.87
1.22
0.55
1.21
1.52
1.82
0.91
1.39
1.19
0.43
1.48
2.69
0.47
0.78
0.27
1.91
1.16
1.26
1.67
0.71
0.98
2.20
1.79
2.26
1.80
1.76
1.71
1.16
2.81
3.32
1.24
1.26
0.68
1.36
1.41
1.99
2.42
1.38
1.79
1.66
2.81
2.50
2.26
1.33
1.12
1.44
0.87
1.89
0.95
0.86
1.74
1.10
1.81
0.59
2.92
1.40
0.95
0.32
0.30
0.88
0.42
0.59
0.84
1.43
2.07
0.50
0.41
0.82
0.73
1.27
2.47
0.50
0.87
0.68
0.68
1.25
1.73
1.45
1.74
2.38
1.49
1.14
2.50
3.33
3.95
3.06
2.71
2.18
1.74
2.88
3.11
1.11
0.82
1.44
2.21
2.00
1.43
1.28
2.18
2.71
2.64
2.14
2.45
1.51
1.60
1.89
2.40
2.73
2.31
1.84
0.64
0.62
1.97
0.87
1.53
0.85
3.09
2.94
2.88
1.97
1.74
5.49
2.41
2.08
1.14
1.15
1.36
1.17
0.64
1.48
1.47
1.24
0.50
0.68
1.20
2.21
1.37
2.23
2.61
1.72
1.66
0.36
1.10
1.38
1.32
0.73
0.63
0.85
0.86
1.48
1.01
0.84
1.13
1.77
1.44
1.29
1.04
1.01
2.74
1.24
1.23
1.47
0.61
0.65
0.35
0.63
1.18
1.09
1.48
1.23
1.46
0.80
0.82
1.20
1.45
1.44
2.38
2.77
1.91
1.13
1.33
1.08
1.64
1.77
1.91
2.15
1.75
1.73
2.07
1.35
1.39
1.69
1.87
1.41
1.48
1.41
0.99
1.80
2.97
2.97
1.33
0.87
1.35
0.75
0.63
0.45
0.97
0.89
1.06
0.90
1.22
1.51
1.51
0.90
0.76
0.98
0.60
2.18
1.08
1.77
1.13
1.12
1.53
2.91
3.53
3.13
1.28
1.07
1.19
5.36
4.39
1.03
0.87
1.02
2.22
1.69
0.70
2.90
1.22
0.95
2.47
0.95
0.84
1.18
0.56
0.87
0.72
1.07
1.01
0.89
0.56
1.25
1.51
0.62
1.66
0.98
0.80
0.79
0.84
0.51
2.08
0.84
2.87
1.06
1.14
2.91
1.58
0.65
0.69
0.46
0.78
0.33
0.07
0.53
0.55
1.16
2.21
2.31
0.55
2.01
1.01
1.18
1.14
1.09
1.06
2.57
1.57
2.08
0.88
0.96
1.11
0.64
1.21
1.33
1.31
0.92
0.86
0.78
1.07
1.24
1.69
1.27
4.03
3.14
1.08
1.54
2.27
2.62
2.60
0.59
1.82
2.56
2.38
1.09
1.11
1.40
1.60
1.38
1.86
1.15
0.69
0.67
1.19
1.50
2.19
1.35
0.87
0.66
0.37
1.68
1.30
1.03
1.91
3.42
1.88
4.08
2.97
2.43
1.41
2.61
2.99
2.35
1.37
1.51
2.13
1.22
1.87
3.10
1.17
1.29
0.79
1.92
0.65
0.60
4.15
1.78
1.53
2.13
2.50
1.05
1.29
1.80
1.06
3.39
1.78
0.83
0.72
1.48
2.50
2.98
0.69
0.81
1.89
0.78
1.13
1.71
0.84
3.20
1.64
1.06
0.83
1.32
1.92
1.01
1.25
1.35
1.37
2.89
2.24
1.38
1.35
1.98
2.35
1.83
1.03
1.79
2.01
0.21
1.06
0.70
1.44
1.99
0.93
1.72
0.79
2.35
1.98
2.26
1.96
0.91
2.57
0.81
0.73
0.89
0.86
0.76
1.79
2.70
2.00
1.38
3.03
0.67
0.44
0.34
1.45
1.89
2.76
1.20
1.22
0.46
0.50
1.54
2.38
1.02
0.79
1.41
1.21
1.61
1.63
1.38
1.41
2.04
1.51
1.39
1.37
1.30
1.08
1.29
1.68
2.02
2.14
2.35
2.33
2.19
1.65
1.03
1.36
1.65
1.53
1.46
1.48
1.51
0.96
1.10
1.70
1.62
3.25
4.42
2.92
2.32
1.26
1.06
1.57
2.41
1.73
1.28
1.64
1.87
1.04
1.70
0.65
1.91
4.46
4.56
1.76
1.93
2.10
0.94
0.86
1.01
1.29
1.48
1.82
1.26
1.07
1.08
0.72
1.81
1.60
0.99
0.96
1.12
1.16
2.08
2.12
2.17
0.52
0.57
0.90
1.12
1.98
1.09
0.68
2.31
3.01
2.34
1.11
1.25
0.69
1.17
0.91
0.66
1.21
1.05
0.78
1.02
1.84
1.64
1.01
1.03
1.10
0.60
1.25
2.20
3.07
4.92
3.18
2.46
1.20
1.13
1.25
1.73
0.59
1.11
1.54
0.93
1.38
1.77
1.56
1.32
0.91
1.22
0.94
0.76
0.51
1.09
0.45
0.93
1.32
3.10
2.76
0.65
0.71
0.84
0.96
1.00
1.20
1.38
1.22
1.36
1.63
1.48
2.38
0.81
0.62
0.91
1.21
1.39
1.07
1.55
1.15
0.91
0.64
0.96
0.86
0.73
0.60
0.28
0.52
0.20
1.62
0.96
0.72
1.01
1.25
1.03
0.83
1.46
0.38
1.41
0.89
0.81
0.70
0.27
0.41
0.63
0.60
0.61
0.61
0.34
1.32
1.05
0.67
0.89
1.58
0.47
1.09
1.49
1.02
1.11
1.75
0.26
0.57
1.47
0.37
0.52
1.40
1.30
1.55
0.38
1.31
1.76
0.60
0.86
0.62
1.78
0.37
0.33
0.44
0.63
1.43
1.36
0.90
0.87
1.74
1.16
1.30
0.88
2.29
1.03
1.15
0.77
0.89
0.46
0.46
1.10
0.35
0.46
0.45
0.59
1.75
1.82
0.84
2.53
1.64
2.48
2.09
1.34
1.99
1.32
2.62
1.54
2.46
1.45
0.24
0.51
1.72
0.62
0.82
0.78
0.36
0.88
2.26
1.58
1.34
3.12
2.02
1.55
1.28
1.13
1.38
2.55
2.52
2.95
2.32
2.23
2.24
2.33
2.44
2.39
1.52
1.48
1.04
1.46
0.72
0.72
1.07
0.94
1.27
2.59
1.43
0.53
1.61
0.60
1.58
2.02
1.68
0.26
1.01
0.63
2.27
3.08
2.60
0.69
1.08
2.51
1.37
1.85
1.68
0.73
1.29
2.36
3.26
3.05
2.12
0.63
2.93
2.25
0.95
1.50
1.41
1.68
1.62
1.83
1.07
0.26
1.94
3.47
2.03
1.08
0.79
0.75
0.61
0.90
0.93
0.82
1.06
1.81
0.64
0.80
1.41
2.25
2.47
1.09
1.06
0.93
1.18
1.33
1.92
2.87
1.36
1.04
0.85
0.45
1.03
1.66
1.09
0.74
0.56
1.01
1.26
0.46
1.38
1.05
1.11
0.76
1.39
2.17
2.88
0.95
0.69
1.36
0.69
0.53
1.22
0.74
0.45
0.89
1.20
0.76
1.30
2.37
2.54
0.50
1.06
0.77
1.14
1.12
1.12
1.15
0.63
1.37
1.42
2.78
3.06
1.89
2.33
1.92
2.80
2.18
3.72
3.44
1.86
2.03
2.14
0.94
2.02
2.79
1.78
0.79
1.94
1.61
0.55
1.40
0.58
1.26
1.15
1.77
1.07
1.99
1.90
1.63
1.44
1.40
2.56
2.48
2.08
1.54
1.71
0.82
0.72
1.30
1.34
1.11
1.00
0.62
0.73
0.59
1.29
1.15
0.95
1.87
0.58
1.25
0.93
1.20
0.33
1.59
0.79
1.06
1.15
1.03
0.38
0.65
1.00
1.10
0.51
1.13
1.87
0.95
0.88
0.37
1.70
1.13
1.23
1.16
1.26
1.25
0.42
0.26
0.48
1.11
1.01
1.19
0.93
0.81
1.80
1.41
0.36
0.23
0.57
1.12
2.22
3.45
1.99
0.91
1.57
0.76
0.49
0.81
0.82
0.79
1.00
0.61
1.10
0.42
0.50
1.48
1.54
1.93
3.36
1.45
0.79
1.78
1.01
1.90
0.18
0.35
0.54
0.83
1.30
0.67
1.71
0.87
2.69
1.53
0.43
0.76
0.83
0.33
1.96
1.01
0.25
0.55
3.09
1.83
0.91
2.19
2.33
2.59
4.24
2.98
1.71
0.95
0.58
0.64
0.56
0.76
1.03
1.14
1.43
0.38
0.29
1.05
0.49
0.68
0.13
0.57
1.15
2.13
2.55
0.88
1.40
1.48
2.64
1.72
0.69
0.44
1.12
1.13
1.09
1.03
0.51
0.52
0.73
0.67
2.23
2.12
1.03
0.51
0.60
2.60
2.42
0.88
0.51
0.86
0.45
0.62
0.09
0.41
0.71
0.94
1.88
2.35
2.17
0.57
0.40
0.78
0.38
0.55
0.77
1.33
0.42
0.79
0.22
0.61
0.06
0.78
1.02
0.77
0.86
0.70
1.82
0.79
0.49
1.05
0.72
2.96
0.92
2.78
1.71
2.05
2.37
1.72
0.88
1.28
0.48
0.72
1.23
1.70
2.14
2.42
1.54
1.30
1.40
0.80
1.71
0.38
1.33
1.46
0.36
0.68
0.53
2.09
1.25
1.56
1.83
2.00
1.27
1.22
1.02
1.07
0.60
0.70
0.17
0.35
1.67
3.73
1.82
2.90
1.45
1.39
1.72
1.05
1.58
1.02
1.47
2.13
1.34
1.66
1.37
3.42
1.30
1.58
1.15
1.10
0.55
3.28
1.29
1.48
1.20
0.79
0.13
0.62
1.48
0.62
1.76
2.67
2.35
0.97
0.73
0.67
1.69
1.81
0.85
0.64
0.92
1.13
1.96
1.21
0.76
0.76
1.15
0.83
2.10
0.94
0.71
0.86
1.38
0.80
0.49
0.37
1.32
1.48
0.93
0.74
0.81
1.31
1.29
2.87
0.71
1.98
0.82
0.87
0.95
1.16
1.98
1.74
0.62
0.74
0.69
0.38
0.95
1.10
0.33
0.80
0.81
0.49
0.58
0.31
0.73
0.71
2.22
1.52
1.45
0.82
2.85
2.33
0.93
0.80
0.91
0.92
0.08
0.14
1.14
0.86
0.90
1.24
1.45
1.57
0.95
1.30
1.58
1.91
1.97
2.75
2.24
1.32
1.25
1.01
1.39
0.66
1.25
1.01
0.83
0.85
1.49
0.38
0.30
0.67
0.48
1.12
0.59
0.79
1.95
0.83
1.07
1.38
1.20
0.59
0.62
1.38
2.69
1.97
1.57
1.32
1.78
0.70
1.82
1.66
1.20
1.54
1.31
3.12
3.29
1.96
2.15
1.51
1.85
0.99
1.15
1.11
0.93
1.11
1.40
1.52
1.91
1.62
0.17
0.92
1.50
2.09
3.67
2.38
2.71
1.16
0.77
0.29
1.20
0.68
1.12
1.46
0.70
0.96
0.76
1.16
1.37
0.35
1.73
1.38
1.16
1.35
0.88
1.44
0.72
1.96
0.78
1.43
1.25
0.28
1.27
0.92
0.54
0.47
0.68
1.81
0.81
1.11
1.21
0.72
0.88
0.80
0.70
0.50
0.64
0.38
0.64
1.13
0.71
1.32
0.96
0.94
1.23
2.22
1.15
1.72
1.05
0.73
0.92
0.86
0.78
1.17
1.33
1.74
1.06
0.79
1.21
0.76
1.05
0.97
0.41
0.56
1.02
1.01
2.02
0.73
0.16
1.18
0.65
1.02
0.25
0.28
0.17
0.59
0.44
0.17
0.22
4.01
1.98
0.62
0.98
0.73
0.89
1.20
1.38
0.84
0.43
1.25
0.64
0.93
0.94
1.08
1.16
0.72
0.52
1.12
2.05
1.94
0.93
1.47
0.83
0.27
0.64
3.32
2.01
1.90
0.79
0.57
0.49
2.74
1.40
0.92
0.74
0.55
0.84
1.44
0.90
0.37
0.33
0.56
0.41
0.46
1.44
2.62
0.77
0.45
0.42
1.03
1.21
0.17
1.18
1.23
0.83
1.17
2.05
1.34
1.32
2.75
3.02
1.85
1.24
1.13
0.30
0.77
0.57
0.47
1.39
1.19
1.89
0.70
2.48
1.92
0.67
0.98
0.94
0.65
0.59
0.43
0.79
1.85
3.30
3.00
2.91
1.59
1.29
1.28
0.58
0.32
0.51
0.82
1.89
0.74
0.73
0.74
0.92
0.50
1.38
1.40
0.63
1.15
3.53
1.45
1.35
1.20
0.95
0.58
0.78
1.19
1.24
2.85
0.85
2.60
2.85
0.92
0.47
0.70
1.11
1.13
0.64
2.68
1.29
2.57
0.38
1.38
1.04
1.70
1.66
2.30
1.56
1.60
2.94
3.97
2.05
1.82
2.45
0.94
1.33
0.55
1.08
1.17
1.22
1.21
0.83
0.72
1.29
1.63
1.34
3.81
3.63
2.74
2.08
3.07
3.79
2.28
3.23
2.61
1.61
1.67
0.80
1.08
2.43
1.73
1.21
0.80
2.69
2.08
3.97
3.45
2.24
2.33
1.01
0.38
1.08
0.93
1.35
1.66
1.13
1.59
1.60
1.12
2.76
2.47
1.17
4.32
3.00
0.81
0.84
1.08
1.13
1.26
1.47
1.45
1.34
1.15
1.67
1.78
1.64
1.17
2.64
2.79
1.19
1.42
3.13
2.09
2.36
1.09
1.88
0.86
2.44
1.82
1.76
2.59
2.35
0.86
2.81
2.25
1.64
1.46
1.87
2.46
2.58
1.38
1.39
1.62
1.41
1.35
1.58
2.27
2.22
2.45
2.83
3.29
1.99
2.27
3.19
3.20
1.75
1.94
1.27
1.44
1.21
1.81
1.17
1.20
1.78
1.87
2.13
3.07
1.61
1.04
1.90
2.25
2.54
1.67
1.03
4.35
3.97
2.74
2.52
1.57
1.61
0.56
1.31
1.29
0.81
1.76
0.93
1.99
1.38
0.45
1.51
1.27
1.26
0.57
1.40
1.64
1.44
0.70
1.29
1.14
1.34
1.74
1.07
1.68
1.41
1.21
0.63
0.58
0.84
0.52
1.33
1.22
0.89
1.65
1.53
0.81
0.75
0.34
0.98
1.26
2.09
1.58
3.10
2.32
1.34
0.84
1.11
0.69
1.93
1.57
0.48
0.97
0.89
0.78
0.63
0.40
0.82
1.12
1.26
1.95
1.17
1.15
1.29
1.34
1.12
1.83
0.88
0.49
1.19
2.59
1.00
1.22
1.82
1.42
0.91
0.20
1.19
1.50
0.97
0.76
0.69
0.74
1.39
1.05
0.95
2.26
3.06
0.96
1.62
1.08
1.79
1.25
1.43
1.56
1.61
0.38
1.00
0.44
0.99
0.48
0.32
0.26
1.10
0.37
0.23
0.25
0.76
0.36
0.83
1.89
1.22
1.17
1.09
1.14
1.08
1.34
1.37
2.03
1.33
1.97
1.18
1.31
1.29
1.23
0.66
0.62
1.48
0.48
0.23
0.90
1.21
0.66
0.39
0.67
0.96
0.19
0.12
0.10
0.32
0.29
1.45
1.15
0.85
0.77
0.94
0.94
1.30
0.99
0.68
0.61
0.97
0.98
1.20
2.15
0.78
1.11
0.77
0.36
0.44
0.48
0.37
1.01
1.15
0.93
0.73
0.23
0.64
0.68
0.98
2.49
1.19
1.62
3.00
1.31
1.77
2.39
1.16
0.96
1.35
1.32
0.85
1.65
1.46
2.12
1.91
0.95
1.13
1.30
1.10
1.52
2.41
1.77
1.18
0.66
1.85
1.46
1.55
1.99
2.15
1.32
0.73
2.04
2.78
0.90
1.09
0.80
1.78
2.80
1.74
1.48
2.87
0.52
0.76
1.00
1.22
0.85
1.02
1.98
0.56
1.74
1.02
0.82
1.39
0.71
0.31
1.12
1.72
1.25
1.99
3.00
1.81
3.32
2.95
2.60
0.78
1.09
1.29
1.41
0.78
1.82
0.98
1.04
0.94
0.58
1.43
2.41
1.24
2.45
2.36
2.71
1.38
2.24
1.05
1.06
0.61
1.52
1.21
1.39
0.57
0.29
0.53
2.34
2.17
2.04
1.94
2.96
1.69
1.19
1.11
1.13
0.56
0.70
0.79
0.57
0.41
0.75
0.47
0.58
1.31
2.04
1.90
0.21
0.81
0.98
0.92
1.03
1.78
2.16
1.91
0.83
2.46
1.03
1.14
0.92
0.42
1.44
0.59
0.24
0.70
0.73
0.96
1.30
0.62
0.45
1.33
2.17
2.17
2.03
0.55
1.12
1.12
1.91
1.88
2.26
1.18
1.68
2.54
2.21
1.24
2.24
3.69
1.16
1.11
1.21
1.91
1.17
1.12
0.88
0.98
1.70
2.98
1.66
1.39
1.55
2.12
2.20
1.13
1.35
0.57
1.08
0.43
0.82
0.94
1.54
2.96
2.47
1.19
0.92
1.37
1.56
1.22
1.08
1.61
1.22
1.39
0.80
1.36
0.64
1.33
0.98
0.83
0.51
1.23
0.89
0.86
1.85
2.01
1.17
1.15
1.93
1.69
1.89
0.86
1.31
2.10
1.37
0.78
1.57
1.52
1.24
1.71
1.59
1.69
3.20
2.04
1.71
2.16
1.08
3.03
1.83
0.06
0.89
1.32
0.71
1.97
1.74
4.19
2.64
1.78
2.33
1.30
0.64
1.41
1.14
1.07
0.95
0.83
0.97
0.65
1.59
1.88
1.16
0.61
0.61
1.20
0.71
0.75
0.83
0.50
0.82
1.34
1.12
1.20
1.32
1.45
0.83
0.87
1.09
0.23
0.52
0.92
2.06
2.58
1.82
0.79
0.73
1.05
0.83
1.52
0.75
1.56
0.82
0.54
0.43
1.03
1.41
1.35
1.39
1.60
1.09
1.15
0.91
1.06
1.43
2.30
2.01
2.34
1.45
1.16
0.75
0.52
0.44
1.18
0.70
0.95
0.29
0.53
0.55
0.17
0.30
0.65
1.05
0.96
1.52
0.99
0.54
0.99
1.27
3.01
2.25
0.59
0.70
0.48
1.77
1.19
0.63
1.37
0.57
0.49
0.69
1.82
0.96
0.80
0.72
1.42
1.05
0.70
0.28
0.43
0.26
0.83
0.79
2.02
1.11
2.31
0.84
1.79
2.03
1.93
1.17
2.26
1.67
0.90
0.18
0.22
0.29
0.68
1.20
0.61
0.32
0.76
0.58
1.06
1.88
1.12
0.78
0.94
1.66
0.76
1.55
0.75
0.56
1.47
1.17
0.58
0.65
1.07
1.13
0.53
0.76
0.48
0.89
0.62
0.92
2.30
0.66
0.56
1.44
1.56
1.35
0.25
0.40
0.89
1.12
1.61
1.33
1.77
0.63
0.74
1.13
0.79
0.42
0.55
0.22
0.40
1.98
1.08
1.36
1.82
2.00
2.23
1.78
1.94
2.28
1.03
0.77
1.50
1.87
1.60
1.82
1.40
2.09
1.78
2.96
0.68
1.53
2.11
3.66
1.52
3.52
0.95
1.41
1.55
1.44
0.31
0.90
0.63
1.32
1.13
1.75
0.87
0.80
0.71
1.17
0.98
1.97
1.24
1.84
2.27
2.24
1.32
0.33
0.82
0.99
1.44
1.44
0.71
1.03
1.05
3.25
1.88
1.91
1.20
0.57
0.59
0.97
1.40
1.25
1.49
0.72
0.50
0.59
0.77
1.30
1.65
1.44
2.16
0.32
0.97
0.16
0.62
0.42
0.77
2.07
1.86
2.31
0.74
0.84
0.58
1.07
0.96
1.10
2.75
1.11
1.54
1.56
0.60
0.65
0.95
1.38
1.84
0.76
0.69
0.78
0.24
1.25
2.60
2.05
1.38
0.67
0.31
0.90
0.73
0.22
1.17
2.19
1.33
1.50
1.48
0.83
0.54
0.71
0.85
1.54
1.98
1.06
1.11
1.02
2.19
1.55
0.95
0.96
1.47
4.20
2.11
2.11
2.94
2.14
1.48
1.83
0.64
0.80
0.68
1.45
2.30
1.87
1.81
1.08
1.75
2.78
2.00
0.90
0.98
1.00
1.04
0.53
0.62
1.47
1.62
2.15
1.61
0.68
0.64
1.34
1.42
0.93
2.26
1.26
0.70
1.88
0.76
0.77
2.07
1.39
0.89
0.90
1.53
1.21
0.92
0.84
1.02
1.11
1.49
0.91
1.17
2.37
1.06
1.09
0.58
1.33
1.16
1.07
1.74
2.11
1.79
2.07
1.72
1.33
1.90
0.94
0.93
0.67
0.89
1.37
0.84
0.75
1.83
1.51
1.88
1.16
1.13
0.60
0.68
1.53
1.46
0.50
0.73
0.93
1.59
1.59
1.49
1.16
1.09
1.13
0.86
1.13
0.75
2.36
2.04
1.53
1.13
1.09
0.84
0.87
1.78
1.84
2.26
1.38
0.42
0.54
0.38
0.58
0.52
0.67
0.74
0.64
0.45
1.03
0.69
1.18
2.32
2.13
1.63
2.30
1.66
0.74
0.79
0.59
1.15
1.31
0.86
1.05
2.28
1.14
1.67
1.28
0.97
0.89
0.84
1.49
0.78
0.31
1.45
1.09
0.99
1.21
0.78
0.47
0.78
0.65
0.91
1.28
1.26
0.90
0.58
1.27
0.95
2.80
2.27
0.93
1.20
0.52
1.34
1.58
1.45
0.88
0.62
1.03
0.59
0.64
0.80
0.39
0.92
1.84
4.23
1.64
0.42
0.85
1.09
1.52
1.01
0.49
0.49
0.46
0.44
1.23
1.72
1.34
0.93
0.66
0.51
0.56
1.21
0.99
1.91
1.99
1.54
0.79
1.39
1.49
1.60
0.88
0.82
0.86
0.82
0.64
0.44
0.80
0.37
0.83
1.34
1.36
1.77
1.52
0.83
0.99
1.97
2.12
0.75
0.61
1.47
1.44
0.72
0.73
1.13
0.35
1.87
1.49
1.43
2.38
1.23
1.57
1.05
0.97
1.04
0.74
1.30
1.09
1.04
1.54
1.18
1.73
2.26
1.48
1.11
1.08
2.39
0.97
0.35
1.02
1.15
0.46
1.11
3.08
1.34
1.58
2.08
1.12
0.77
0.99
0.64
0.75
0.58
1.34
3.29
0.80
1.86
1.50
1.47
1.28
1.56
3.40
2.47
1.17
2.74
1.11
1.62
0.69
0.33
1.16
1.13
1.70
0.64
1.62
2.30
0.28
1.94
1.64
1.64
1.55
1.55
0.41
0.88
1.10
1.99
2.81
1.83
1.48
1.76
1.78
1.69
1.76
2.62
1.53
1.60
1.02
1.61
0.82
1.79
1.44
1.26
1.79
2.41
1.34
0.74
0.49
1.56
0.95
1.25
1.08
0.96
0.34
0.30
1.13
1.18
0.90
1.23
0.46
0.87
1.36
1.29
1.03
1.08
2.40
2.39
2.08
1.96
1.14
0.57
0.76
0.40
0.62
0.78
1.80
0.88
1.10
1.14
2.01
1.13
1.83
1.07
1.43
1.40
0.82
0.44
0.44
1.03
2.68
1.24
1.35
0.56
0.75
2.54
0.41
1.48
1.29
0.58
0.94
1.62
1.93
0.98
2.77
2.77
2.73
1.95
1.33
0.88
1.37
0.25
1.47
1.98
1.49
1.84
1.07
1.59
1.95
3.03
3.65
2.07
2.14
1.09
0.99
0.93
0.90
1.77
1.07
2.39
2.48
0.86
1.29
1.38
0.79
1.46
1.02
0.87
1.14
1.67
1.42
1.70
1.77
0.79
1.12
1.20
1.05
1.61
1.53
0.91
0.47
0.82
0.90
0.82
1.33
0.95
1.71
0.74
1.19
1.02
1.57
1.45
1.00
1.18
1.40
1.84
2.02
2.16
1.40
1.15
0.67
1.44
0.98
2.08
1.61
1.27
1.79
0.91
1.09
1.27
1.39
1.46
1.13
2.13
1.63
1.67
1.87
1.71
3.47
3.64
2.15
1.74
1.80
0.96
0.84
1.55
0.60
0.55
0.69
0.71
1.50
1.81
1.36
0.68
1.06
0.41
1.29
0.91
0.30
0.95
0.92
1.22
0.61
1.12
1.20
1.45
1.28
0.67
1.78
1.73
1.37
0.36
0.62
2.61
1.15
0.17
1.12
2.33
1.44
2.53
1.63
0.88
0.56
0.61
0.79
1.10
0.69
1.19
1.32
1.28
2.25
1.63
0.54
0.92
0.61
0.73
1.14
1.88
2.87
2.19
0.95
1.09
2.75
1.52
1.05
1.03
1.33
2.10
0.96
1.56
1.51
2.62
0.74
0.31
0.98
0.93
0.90
1.13
0.30
1.36
1.22
1.13
1.00
1.15
1.04
0.89
0.61
0.35
0.79
2.80
2.94
1.83
0.95
1.14
0.74
0.69
0.62
0.92
0.43
2.14
1.01
0.89
0.61
0.86
1.12
1.03
1.45
2.03
1.95
0.93
1.83
0.92
0.22
0.54
2.05
2.59
1.83
1.03
1.14
0.71
1.00
1.48
3.08
1.56
0.70
1.04
2.12
2.18
1.79
1.49
1.97
0.81
1.00
0.91
1.07
0.76
1.65
2.27
0.88
0.88
1.08
1.12
0.26
1.49
2.87
2.27
1.47
0.78
1.30
1.71
2.68
1.64
2.64
2.68
3.24
2.97
1.16
1.64
1.14
1.03
2.44
2.94
1.15
0.49
0.40
1.20
0.88
1.89
2.62
3.38
4.76
2.60
3.02
2.08
2.01
3.54
2.39
2.02
1.98
1.85
3.47
1.23
0.99
1.04
2.62
2.49
1.78
2.65
1.68
1.88
3.48
1.99
1.18
1.18
3.33
1.84
0.53
1.71
1.89
1.40
1.37
1.93
1.47
2.20
3.21
2.47
1.34
0.79
0.86
0.75
1.38
0.79
2.36
3.29
1.72
1.31
1.22
3.63
2.37
3.30
1.15
1.23
1.75
2.55
1.03
2.27
2.03
1.75
1.85
1.40
0.89
0.57
0.44
1.22
0.86
1.48
2.06
1.02
2.44
1.61
2.18
0.35
1.50
1.53
2.01
1.42
0.76
1.42
2.00
1.66
1.29
1.00
0.53
0.84
1.58
2.59
1.40
0.81
1.81
2.36
2.30
2.23
1.56
0.96
1.03
0.68
1.02
0.85
2.50
1.45
0.19
0.37
0.81
1.71
2.65
2.14
2.18
2.59
0.95
1.20
1.00
0.99
2.44
1.16
1.27
1.18
2.48
2.28
2.73
2.50
1.97
2.16
2.54
1.32
1.32
0.89
1.01
1.54
1.51
1.20
2.26
2.67
2.63
1.23
1.36
2.25
2.83
1.19
2.27
2.04
1.23
1.18
0.98
3.05
3.63
3.66
2.94
2.32
1.71
1.45
1.50
1.69
2.18
1.60
1.89
1.24
1.31
0.98
1.08
1.02
1.33
1.93
1.18
1.30
1.09
2.27
1.57
1.98
2.35
1.80
1.95
1.27
0.71
1.10
2.21
1.68
1.61
1.14
0.82
0.68
0.69
1.89
1.42
1.67
2.43
5.52
4.36
1.65
0.90
0.77
1.45
1.71
1.19
0.85
0.98
0.64
1.05
1.80
0.79
0.86
1.19
2.90
2.23
0.75
0.83
1.21
0.88
0.33
1.38
0.63
0.81
1.05
1.12
1.32
1.32
0.54
1.19
0.34
0.69
0.67
0.87
2.03
1.05
0.83
2.13
1.41
1.43
1.66
0.94
2.76
3.21
2.11
1.64
0.67
0.88
1.55
1.02
1.08
0.94
1.94
1.40
1.55
1.45
0.86
1.74
1.06
0.95
1.28
0.67
1.07
1.94
0.87
0.72
1.26
1.64
0.85
0.55
1.24
0.70
0.92
0.47
0.76
0.51
0.71
2.17
3.75
3.12
3.13
3.82
1.46
0.32
1.95
3.32
1.82
0.80
0.77
0.88
0.91
2.98
1.68
1.61
0.82
1.50
1.88
1.08
0.91
1.49
1.80
2.14
1.00
0.72
0.96
0.85
0.76
0.86
0.99
1.06
2.10
1.20
1.07
1.00
0.50
2.23
1.84
1.83
1.63
1.24
0.99
2.12
1.48
1.93
1.44
0.45
0.41
1.93
1.93
1.13
0.79
1.21
1.56
2.01
1.61
1.99
2.51
2.10
2.07
0.95
1.43
1.43
1.60
2.33
0.75
0.81
1.29
0.46
1.63
1.95
1.85
1.84
1.49
1.79
1.67
1.75
1.80
0.96
2.88
2.32
1.66
1.06
1.52
1.19
0.28
1.24
1.59
2.27
2.35
2.23
2.25
2.52
1.61
1.86
2.38
1.71
1.05
0.87
1.79
0.77
0.47
1.82
1.25
2.34
3.15
2.46
3.92
2.53
1.71
1.94
1.50
2.65
1.91
1.42
1.45
1.59
2.13
0.93
2.11
2.07
1.48
0.43
0.80
0.72
0.53
0.64
0.80
2.22
1.56
1.57
1.59
0.77
1.36
1.37
1.07
0.44
1.36
0.68
1.56
1.24
1.30
1.69
0.78
1.19
1.34
1.86
0.91
1.56
1.90
0.83
1.01
0.72
1.46
0.93
1.34
2.54
1.92
1.08
3.34
2.76
3.16
2.60
1.07
2.60
0.95
1.82
1.21
0.84
1.15
0.99
2.21
1.72
1.38
1.59
1.42
1.39
1.90
0.84
0.77
0.56
0.25
1.52
1.54
1.37
1.58
1.83
0.92
1.28
1.23
1.19
1.92
1.75
1.88
1.52
2.03
1.62
1.26
0.74
0.98
1.55
1.87
1.67
2.06
2.85
1.71
1.75
1.22
0.99
0.83
1.42
1.35
2.64
2.19
3.30
1.74
0.89
1.89
0.98
1.40
1.09
1.10
1.08
1.07
1.34
2.60
1.67
2.55
1.66
1.60
1.00
1.42
1.55
3.96
3.61
3.17
2.79
1.74
0.82
1.19
1.02
1.24
1.47
1.10
0.84
1.39
1.19
1.27
1.32
2.45
1.90
1.86
1.38
0.95
1.83
1.22
1.42
1.74
1.49
1.25
2.17
2.21
0.73
1.77
2.41
2.94
2.98
3.03
0.85
1.26
1.64
1.41
1.70
1.71
1.17
1.07
0.96
0.55
0.94
1.52
1.21
1.44
0.78
1.09
1.63
0.57
0.89
1.12
1.22
0.56
1.07
0.90
0.89
1.14
1.25
2.25
3.64
3.81
2.27
0.76
2.39
1.40
1.26
1.40
1.80
1.88
2.01
1.37
1.40
0.92
0.94
2.14
1.33
1.06
0.82
2.05
1.02
0.99
1.18
0.70
0.81
0.80
0.91
1.58
1.87
1.86
1.16
1.14
0.58
0.48
1.90
2.55
3.56
3.22
2.65
1.99
1.82
0.78
1.65
1.47
1.66
1.87
1.60
1.46
1.88
1.65
2.07
3.80
1.59
0.71
0.78
1.00
1.38
0.52
1.07
2.30
1.05
0.56
0.80
0.74
1.26
1.41
0.59
1.35
1.79
1.39
0.93
0.56
1.19
0.76
0.61
1.41
0.59
0.55
0.66
1.79
1.54
1.55
0.91
0.73
0.58
1.02
1.17
1.66
0.72
0.24
0.32
0.32
0.55
0.39
0.65
0.70
2.63
1.55
0.45
0.68
1.09
0.36
1.12
1.01
0.43
0.27
0.31
0.81
1.35
2.37
1.28
0.72
2.50
2.47
2.16
1.59
2.15
2.28
1.50
2.33
2.05
1.81
0.60
1.75
2.44
1.28
0.63
0.23
1.93
2.63
0.73
0.77
1.15
1.83
0.84
1.43
0.65
0.67
1.06
0.97
2.38
1.84
1.03
1.15
1.23
0.87
0.78
2.06
2.07
1.98
2.84
2.04
1.13
1.64
2.15
1.01
1.22
2.75
2.40
0.57
0.62
0.53
0.90
1.60
2.14
2.36
1.99
1.37
1.54
1.39
0.51
0.54
0.92
1.31
1.83
1.11
0.65
0.53
1.59
1.44
1.69
1.77
0.92
0.90
1.13
1.58
1.51
1.24
1.92
1.30
0.51
0.84
0.86
1.79
3.06
1.73
0.72
1.01
1.30
0.62
1.37
0.88
1.63
2.54
2.58
1.94
1.75
1.21
0.81
1.98
1.41
2.53
1.20
0.79
1.00
2.28
0.84
0.64
0.91
1.10
2.66
1.64
1.43
1.74
1.12
0.70
0.78
1.27
0.59
1.29
1.05
1.94
3.15
3.04
2.42
1.09
1.60
1.91
2.36
1.04
0.74
1.00
1.66
1.53
1.35
1.05
0.85
0.93
0.78
1.46
1.78
1.13
0.63
0.93
0.55
0.56
1.55
2.24
1.64
1.97
2.38
1.39
2.12
2.13
1.43
1.36
1.46
0.63
1.64
2.37
1.88
2.53
1.15
0.51
0.32
0.90
0.36
0.58
1.82
2.34
1.39
1.37
2.31
1.13
1.87
1.47
1.00
0.78
0.94
0.42
0.85
0.91
1.53
2.25
1.86
0.97
1.84
0.73
1.06
1.63
1.24
2.01
1.11
0.73
1.93
1.34
1.57
1.88
1.53
1.56
1.07
0.88
1.28
0.47
1.29
1.40
1.40
1.73
0.92
0.48
0.79
1.13
1.26
0.95
1.02
2.06
1.52
0.92
1.92
0.98
1.01
1.13
1.56
0.85
1.04
1.63
1.61
1.14
1.11
0.78
1.22
1.66
2.61
2.13
0.97
0.77
0.81
1.21
1.42
1.43
0.58
1.24
0.75
1.76
2.83
2.01
3.49
3.12
2.95
1.00
0.75
1.40
1.09
1.36
2.49
0.92
1.00
1.66
1.37
0.87
0.86
0.46
1.12
1.98
2.14
1.97
1.71
2.30
1.29
0.76
1.46
2.93
3.34
2.77
1.26
0.56
0.91
0.87
0.65
0.72
0.94
3.00
2.20
1.19
1.96
1.58
0.84
0.40
0.31
0.55
0.81
1.08
1.07
1.41
0.47
0.96
0.73
0.83
0.61
0.26
0.70
0.40
1.08
0.27
2.05
1.49
1.35
0.62
0.87
2.04
2.36
1.32
1.80
0.76
1.23
1.14
1.84
1.05
1.00
1.80
1.84
1.20
0.39
2.86
2.55
1.52
1.37
0.65
0.77
0.31
0.26
0.44
0.50
0.49
0.41
0.48
0.75
1.19
0.49
1.43
1.16
0.70
1.04
0.59
0.59
0.45
0.50
0.25
0.87
1.97
1.14
1.38
1.16
0.95
2.33
0.75
0.38
0.20
0.27
1.62
0.44
0.47
0.56
0.39
0.98
0.53
0.72
1.64
1.67
1.14
0.51
0.86
3.04
0.76
0.48
1.00
2.44
2.52
1.06
1.38
1.36
0.58
0.58
0.76
0.44
0.69
0.52
2.91
2.05
0.78
2.09
1.68
0.79
1.26
0.95
0.98
0.71
1.75
1.70
1.01
1.11
1.11
0.58
0.72
0.76
1.22
0.79
0.86
1.29
1.60
1.49
1.49
2.18
1.46
2.25
1.26
1.22
0.83
0.87
0.71
0.72
0.89
1.30
0.84
0.71
0.39
0.97
0.69
0.25
2.34
1.27
2.48
0.97
0.67
0.54
0.59
0.81
1.68
0.88
1.97
2.29
1.00
1.14
1.43
1.19
1.59
1.01
1.40
0.75
2.80
1.74
2.07
0.76
1.37
0.82
0.56
2.81
1.27
1.52
1.80
0.41
0.61
0.68
0.83
0.64
1.18
0.50
2.11
2.77
1.53
0.27
0.26
0.59
0.76
0.48
0.80
1.13
2.07
1.22
0.77
2.44
1.56
0.41
0.76
1.07
0.89
0.60
0.68
1.12
1.37
1.83
0.83
1.63
2.17
1.72
1.35
0.72
1.11
0.77
0.68
1.08
1.29
1.32
1.21
0.83
0.97
0.11
0.81
1.58
0.84
0.08
0.73
0.38
0.33
0.56
2.29
1.21
0.77
1.53
1.43
0.94
1.18
1.83
1.45
1.53
0.95
1.13
1.02
0.59
1.36
1.85
3.40
1.27
1.30
1.28
0.91
1.74
2.12
1.91
2.39
2.01
1.42
1.09
0.28
1.18
1.37
0.83
0.62
1.26
1.50
1.41
3.18
2.33
1.88
2.00
2.10
0.43
0.72
0.98
0.99
1.49
0.89
1.37
1.26
1.39
1.56
2.28
2.02
2.35
1.48
2.30
2.99
1.28
1.31
1.90
1.28
0.95
0.85
0.55
1.90
1.70
1.00
1.77
1.24
1.14
1.53
2.46
2.65
2.16
2.90
2.01
4.18
1.98
1.03
0.81
1.43
2.65
1.37
0.98
2.11
2.80
1.33
1.16
1.08
1.01
0.81
1.74
3.27
3.46
1.50
3.32
2.36
1.85
1.14
1.43
1.46
0.72
1.36
0.69
0.84
0.79
0.47
0.48
0.84
2.09
1.17
0.75
0.23
0.47
0.14
0.68
1.67
1.06
1.11
0.47
1.28
1.39
1.35
1.54
1.08
1.10
1.13
1.31
0.96
1.33
1.19
1.00
0.67
0.37
0.37
0.49
0.36
0.40
0.27
1.13
1.24
1.44
0.76
0.63
0.43
0.35
1.02
0.58
1.10
0.65
0.61
0.29
0.40
1.31
1.30
2.48
1.99
0.80
0.57
1.14
1.08
1.68
1.26
1.60
0.94
0.61
1.55
2.35
1.19
0.83
0.84
0.63
0.79
0.82
1.59
0.98
3.35
2.40
0.96
1.27
0.90
0.61
0.48
0.85
0.75
0.79
0.28
0.95
0.54
0.79
1.19
0.81
0.54
1.47
0.74
0.59
0.98
0.89
0.90
0.51
0.49
0.96
0.74
0.81
0.61
0.57
0.80
0.53
2.26
1.40
1.63
2.96
1.02
0.88
0.48
1.48
1.11
2.07
1.29
0.49
0.65
0.90
0.54
0.52
1.00
1.15
1.23
0.84
1.28
0.69
1.81
1.26
1.60
0.85
0.54
0.44
1.34
1.07
2.32
1.15
0.55
1.21
0.77
0.78
0.55
0.91
1.18
1.10
1.03
0.77
2.72
1.02
1.41
0.93
1.21
0.44
0.72
2.61
1.64
1.34
1.43
0.77
0.59
0.50
1.26
1.21
1.35
2.09
1.80
2.32
1.13
1.15
1.54
1.97
1.87
1.53
1.33
1.53
1.16
1.34
1.35
1.05
0.93
0.27
0.43
0.34
1.17
3.23
1.03
1.36
1.12
1.12
1.64
1.01
1.40
0.69
1.60
2.13
1.75
0.46
0.71
0.32
0.93
1.43
0.35
1.87
2.77
1.73
1.11
0.44
1.55
1.11
1.87
2.41
2.80
2.17
1.32
1.28
0.67
0.79
0.53
0.50
0.86
0.93
1.22
1.59
0.53
0.34
1.82
0.92
0.99
1.69
2.41
0.61
1.92
1.06
0.95
0.87
1.22
1.64
0.63
0.67
1.46
0.80
1.56
2.21
2.35
1.16
1.76
2.32
2.40
2.12
2.40
1.22
1.38
0.85
0.76
0.67
1.77
1.76
1.17
0.64
1.56
1.04
1.40
1.08
1.34
1.89
2.14
1.35
2.24
1.41
1.52
1.15
0.66
1.10
1.82
1.44
0.64
1.00
0.59
1.60
0.89
0.56
0.74
1.03
1.34
1.93
1.50
2.08
2.27
3.50
2.97
2.38
3.14
2.02
1.99
1.36
1.14
1.90
1.40
2.45
2.58
1.37
1.16
0.92
2.14
4.40
4.00
2.34
1.54
1.72
1.70
1.04
1.22
1.01
0.68
1.56
1.05
1.98
1.58
0.51
1.14
1.37
1.75
1.14
1.76
1.06
0.62
2.37
1.06
1.29
1.41
1.92
0.95
1.15
1.01
1.99
1.28
0.56
1.18
1.15
1.21
1.05
0.91
1.40
1.21
1.28
0.70
1.47
1.58
1.10
1.14
1.55
1.24
2.03
1.51
2.16
2.45
1.17
0.47
1.43
2.24
1.20
1.58
2.17
1.76
1.12
1.16
1.63
1.67
1.39
1.21
2.41
1.91
1.55
2.51
1.29
1.42
0.60
0.77
1.34
2.54
1.41
1.48
0.83
1.56
1.11
1.78
1.24
1.29
0.95
0.95
1.19
0.44
1.51
0.76
0.84
0.93
1.84
1.44
0.69
1.38
1.27
1.08
1.26
1.28
3.76
3.71
2.46
1.94
1.89
0.90
1.00
1.56
2.17
0.85
0.82
1.48
1.08
1.80
1.69
2.51
1.65
1.59
1.28
1.19
0.95
1.05
0.90
0.64
0.65
0.78
0.71
0.95
1.83
2.58
0.55
2.45
1.09
0.79
0.90
0.67
0.84
0.96
0.73
0.87
0.86
0.86
1.89
0.85
1.39
1.99
2.62
1.43
0.59
0.70
0.69
1.04
0.43
1.28
1.09
0.81
0.83
0.50
2.18
2.43
1.06
2.89
2.08
0.94
1.39
0.80
1.01
1.23
1.51
1.63
1.68
1.53
0.90
2.22
1.76
0.73
1.22
1.53
2.72
1.98
0.93
1.45
1.03
0.77
1.10
1.88
1.42
0.48
0.34
0.36
1.60
1.42
0.57
0.79
1.47
2.29
2.35
0.86
1.70
1.95
2.23
1.48
1.35
1.44
2.10
1.03
1.27
1.47
0.89
1.18
2.16
0.83
1.11
0.93
1.14
1.40
1.96
0.88
0.60
1.98
1.36
0.96
1.26
1.46
3.31
2.38
1.60
2.11
2.24
2.85
1.83
0.82
1.38
1.35
1.16
0.39
1.41
1.94
1.25
1.89
1.86
3.75
3.00
1.59
1.59
2.81
2.21
2.91
1.95
2.57
2.50
2.18
3.10
2.31
1.02
2.67
2.27
1.31
1.05
1.32
0.55
2.25
1.34
1.10
1.54
1.39
1.21
1.73
1.26
1.09
0.98
1.18
1.28
3.07
1.34
1.22
2.73
3.02
0.22
2.47
1.39
1.34
1.47
1.20
1.38
3.75
0.90
1.74
0.76
1.91
2.13
1.91
2.78
2.07
1.35
0.87
0.87
0.52
0.93
1.85
2.50
0.84
2.95
1.42
1.71
1.43
1.09
1.06
0.55
0.71
0.92
0.86
0.40
0.83
1.16
1.37
1.48
0.69
1.27
0.90
2.15
0.58
1.29
1.96
0.56
1.13
1.42
1.43
1.51
0.86
2.20
2.97
2.06
1.76
1.32
1.04
1.50
0.68
1.48
2.23
1.10
0.70
1.52
2.16
1.20
0.66
1.19
1.41
1.56
1.54
2.13
1.66
2.61
1.31
1.85
2.03
1.36
0.95
1.16
1.90
1.83
0.82
1.09
1.42
2.64
2.07
2.02
1.34
2.18
2.69
1.84
1.62
1.38
1.81
0.94
1.13
1.31
1.72
1.55
1.02
1.24
1.53
1.19
2.34
1.38
1.94
1.39
1.95
1.88
1.52
1.18
1.11
1.97
0.96
2.44
2.50
1.61
1.26
1.49
1.53
1.36
1.10
1.12
1.90
1.56
1.49
2.15
2.84
3.55
3.08
1.00
0.74
1.31
2.40
2.90
2.31
1.94
1.18
2.15
1.03
0.93
1.13
1.30
1.44
1.52
0.75
2.05
1.98
1.64
1.87
3.44
3.30
2.61
1.65
1.34
2.54
1.88
1.23
1.03
1.16
0.74
0.62
1.25
2.40
2.46
2.07
1.67
2.06
1.44
1.89
2.74
2.89
2.61
2.12
1.53
1.53
2.24
1.62
1.69
1.59
1.12
1.35
1.34
1.79
2.30
1.66
1.36
1.31
1.43
2.25
1.47
1.30
0.67
1.14
0.82
1.15
0.60
0.49
2.54
3.11
1.87
0.74
1.42
1.33
0.66
0.80
0.51
0.69
0.92
1.53
2.27
1.25
1.21
0.51
0.47
1.06
1.55
0.86
0.69
0.88
0.51
0.77
0.42
0.46
0.67
0.78
0.66
0.93
0.27
0.77
0.97
0.39
0.86
0.77
1.99
1.70
1.40
1.20
1.14
1.19
0.77
1.10
1.71
1.92
0.28
1.03
1.44
1.75
1.50
2.05
1.43
0.75
0.79
0.74
1.17
2.13
1.79
1.21
0.78
1.15
1.09
1.97
1.64
1.57
1.94
2.33
1.84
1.69
1.54
1.56
0.51
1.14
1.61
1.08
0.55
0.69
1.15
0.76
2.98
0.50
0.85
1.37
1.36
1.03
0.59
0.55
0.53
0.89
1.62
0.82
1.44
1.51
0.66
0.82
0.73
0.96
1.75
0.83
2.20
1.02
1.77
1.52
2.19
1.59
1.93
1.41
2.41
1.55
1.31
1.70
1.49
0.76
0.62
1.10
0.78
1.58
0.66
0.37
1.11
0.85
0.37
0.84
1.00
2.20
2.24
1.22
0.95
2.09
2.48
0.35
0.92
1.89
1.92
3.04
2.44
2.61
1.48
2.65
3.17
1.16
1.60
0.94
1.39
0.51
1.34
3.07
2.38
1.55
1.46
1.17
1.06
0.47
1.17
1.38
0.85
0.78
1.16
0.87
0.88
2.03
0.80
2.28
1.44
0.88
1.82
1.06
1.96
2.43
1.72
2.48
1.25
2.40
2.46
2.16
1.31
1.38
1.65
1.78
0.82
2.21
1.46
1.50
1.74
2.79
1.45
2.09
0.61
1.07
0.72
0.92
1.07
1.74
1.71
1.44
1.70
2.05
1.94
1.19
1.57
1.76
1.74
1.22
1.86
2.62
1.82
1.02
2.85
1.03
1.32
0.56
1.09
1.58
1.35
2.10
2.34
1.70
2.15
2.22
2.06
2.10
2.36
1.61
1.24
1.39
1.84
0.54
1.79
1.79
0.87
2.69
4.30
3.99
3.39
2.22
1.91
2.49
3.25
2.25
1.88
1.92
1.55
2.34
2.21
2.65
2.51
2.61
2.28
1.38
1.88
1.77
1.45
1.14
2.18
1.92
2.23
1.66
1.04
1.83
2.81
0.71
1.33
1.25
1.23
3.04
3.68
3.18
1.93
1.76
1.62
1.86
0.90
1.06
1.47
2.01
1.35
1.27
1.71
1.73
1.69
2.22
0.94
0.97
3.10
4.04
3.04
1.55
1.21
0.84
1.74
1.37
1.75
0.79
0.87
1.41
1.31
1.81
1.81
1.70
0.86
1.60
0.56
0.92
1.59
1.17
1.58
1.82
2.22
1.65
2.55
1.97
1.52
2.45
1.60
2.10
1.30
1.17
1.21
2.09
1.50
1.19
0.67
0.47
0.84
1.32
1.50
2.00
2.18
1.73
2.08
2.11
2.54
1.70
1.24
1.31
1.73
1.23
0.50
1.02
1.59
1.45
0.63
2.22
2.79
1.19
1.12
1.21
0.99
1.08
0.71
0.93
1.04
0.69
1.19
1.74
2.55
2.11
1.17
1.94
0.50
0.67
0.53
0.72
0.71
0.72
0.54
0.84
1.10
1.92
0.69
0.82
0.23
0.75
0.77
1.32
0.63
2.08
3.10
1.47
2.68
0.91
0.46
0.49
0.96
0.58
0.67
0.89
0.59
0.89
2.50
1.62
1.62
1.46
1.43
1.38
1.25
1.58
1.02
1.01
1.65
3.11
2.61
2.09
2.22
0.62
0.49
0.76
1.90
1.81
1.07
1.16
1.39
1.16
1.32
1.02
1.11
1.16
1.10
0.68
1.34
0.48
1.01
0.94
0.80
1.03
1.70
1.76
1.64
1.22
1.98
1.76
1.18
2.15
1.70
2.11
2.70
2.91
2.78
1.41
1.14
0.82
1.13
0.43
1.24
1.12
1.04
0.49
1.34
1.96
3.08
0.88
1.29
1.19
1.98
1.98
1.45
1.58
0.86
3.33
2.39
1.69
2.71
3.04
1.55
2.19
0.81
1.18
2.19
2.07
1.19
1.86
2.16
2.62
0.58
2.35
1.84
2.33
1.72
1.22
1.71
1.39
1.28
2.42
1.88
1.50
2.49
2.61
2.67
2.46
2.99
1.23
2.08
1.98
1.07
0.56
1.24
1.50
0.79
0.81
1.53
1.65
1.01
1.18
0.78
0.79
1.18
1.19
1.66
0.53
0.97
1.46
1.52
2.66
1.62
2.09
0.99
0.93
2.20
2.06
1.91
0.30
0.66
0.83
0.94
2.78
1.49
2.51
2.49
2.03
2.07
1.06
2.52
1.72
1.21
1.43
1.35
0.72
0.97
2.92
2.37
2.17
2.14
1.14
0.95
1.22
1.22
2.06
2.48
1.34
1.32
2.49
2.16
1.20
1.08
1.56
1.02
0.57
1.16
1.10
0.94
0.97
1.61
0.93
0.74
1.66
0.53
1.06
1.46
1.53
1.34
1.25
0.59
1.55
0.73
1.94
2.95
2.80
2.72
3.81
2.69
3.26
2.95
2.06
1.22
2.17
2.45
1.62
1.95
1.12
1.66
2.32
1.07
2.64
2.71
3.13
1.93
1.72
2.45
1.52
1.14
1.80
1.67
3.11
2.83
2.34
0.91
1.85
1.62
3.72
3.04
3.17
2.40
3.28
1.47
1.39
1.17
1.38
1.59
2.10
1.28
1.80
1.33
2.15
1.72
1.76
1.21
1.10
1.67
1.83
1.11
1.54
1.94
3.57
3.43
3.61
2.29
1.81
1.65
2.03
1.51
1.47
1.11
2.18
1.15
2.05
2.80
2.22
1.06
2.19
1.86
2.98
1.41
1.57
1.23
0.96
1.25
1.66
1.45
2.29
1.74
1.92
3.11
1.51
1.09
1.37
1.36
1.83
1.39
0.87
1.08
1.29
2.71
2.54
1.74
1.97
1.42
1.75
1.83
0.99
1.15
1.23
1.02
2.12
1.64
1.60
1.13
1.00
1.88
1.70
1.93
1.23
1.37
1.47
0.74
1.70
0.25
1.49
1.88
1.22
2.47
2.46
1.79
1.31
0.27
0.80
1.12
0.99
1.66
1.78
2.79
2.97
2.27
1.53
1.22
2.08
1.43
1.72
1.91
1.20
1.99
1.89
2.29
1.15
1.72
1.13
0.99
1.79
1.67
1.80
0.93
0.96
0.59
0.98
0.91
0.73
1.63
1.65
1.53
0.81
1.00
1.41
0.52
2.04
1.38
0.94
0.80
1.25
0.88
1.18
1.22
1.00
1.46
0.99
1.55
1.84
2.23
1.16
1.21
1.31
2.95
1.65
2.90
2.71
2.34
1.52
2.15
1.19
0.58
2.11
2.22
1.59
2.23
0.76
1.26
0.73
1.17
1.56
1.31
2.02
1.30
1.08
1.54
2.40
1.61
1.92
2.51
2.01
2.26
1.36
0.65
1.04
1.18
0.87
2.78
2.29
1.00
0.96
1.88
0.68
1.53
1.10
2.50
2.03
1.32
1.81
1.90
2.23
1.73
1.47
2.11
1.93
0.52
1.68
2.07
1.87
1.13
0.81
0.87
1.13
0.73
0.96
1.18
0.89
0.93
0.95
0.83
2.32
0.71
1.20
1.16
2.75
2.01
1.70
1.47
1.29
1.55
1.49
1.80
1.32
1.07
1.80
0.92
1.03
1.30
2.30
1.15
0.37
0.86
1.01
2.01
2.55
1.71
2.24
1.19
1.03
1.46
1.54
2.64
3.13
1.29
1.00
1.53
0.82
0.86
1.90
2.99
2.86
1.03
1.24
3.23
1.58
1.44
0.67
0.86
1.14
0.94
1.55
1.80
0.94
1.43
2.60
1.23
1.73
1.08
2.75
4.06
2.45
1.27
1.55
1.38
2.46
1.93
3.38
3.49
3.11
1.92
2.95
1.39
1.84
1.50
2.04
1.66
2.64
1.31
3.25
2.07
2.41
1.16
0.83
1.31
1.54
0.74
1.67
2.55
2.29
0.94
2.14
2.03
0.86
1.30
1.58
2.78
2.83
3.34
1.09
0.75
1.97
2.02
2.21
2.05
1.87
2.23
2.36
1.70
2.05
2.13
1.61
1.65
1.01
0.96
1.52
0.52
1.31
1.27
1.08
1.79
1.24
2.42
2.91
3.19
1.89
2.26
1.93
3.29
3.37
3.14
2.55
3.87
3.30
3.60
2.45
2.41
2.13
2.13
2.14
2.43
2.52
2.50
2.23
1.33
2.16
2.45
1.47
2.04
1.19
2.72
2.62
2.99
2.39
1.99
1.40
1.34
1.36
1.59
1.26
1.58
2.12
2.12
2.36
3.10
2.25
2.33
2.79
3.05
3.48
2.94
2.75
3.19
3.05
1.38
2.78
1.44
1.46
1.05
2.17
2.95
3.81
4.15
3.06
1.15
1.47
1.40
0.94
1.24
1.47
0.95
1.11
1.84
1.96
1.35
1.53
0.81
1.23
1.64
3.22
3.96
2.81
1.81
1.65
1.14
1.11
2.50
1.98
1.50
1.56
1.43
1.45
1.22
1.76
2.25
2.57
2.24
2.74
1.91
1.54
1.51
2.57
2.59
1.91
1.12
1.31
1.60
1.78
2.03
2.08
3.18
1.38
1.27
1.67
1.54
2.29
1.11
1.37
1.12
1.74
1.60
1.15
0.87
0.94
1.17
1.62
1.79
1.19
1.37
1.13
1.43
0.66
1.61
1.41
2.69
1.61
1.58
1.22
1.36
1.39
1.36
2.06
1.83
2.17
1.89
1.12
0.59
1.02
2.33
2.10
1.02
1.72
0.78
0.55
1.73
2.96
2.47
0.73
0.92
0.56
2.40
2.42
1.75
1.20
2.59
2.07
1.00
0.89
0.81
1.88
0.52
1.09
0.74
0.81
1.90
1.92
2.55
1.69
2.26
1.10
1.26
1.07
1.10
1.19
1.27
0.48
0.94
2.13
2.07
1.32
1.54
1.81
0.83
0.82
0.64
2.87
1.78
1.44
1.00
2.22
1.62
1.65
1.42
1.07
1.95
1.53
1.79
1.36
1.20
1.12
2.59
1.26
1.38
1.16
0.94
0.83
1.80
2.80
1.66
2.22
2.24
2.24
1.99
2.26
2.58
1.39
1.47
2.75
1.71
1.39
0.73
0.97
0.60
1.39
1.90
1.18
0.98
1.52
1.16
1.18
1.23
2.18
2.76
1.53
0.96
2.52
1.24
1.06
2.05
3.90
3.79
2.78
2.34
3.00
2.38
1.61
1.91
2.38
1.99
2.52
0.55
1.39
1.36
1.55
1.22
1.30
1.08
1.39
2.22
1.26
1.67
3.06
1.74
1.79
2.01
2.34
4.05
2.11
5.41
4.48
2.08
3.92
3.45
2.91
2.35
2.15
1.92
1.89
1.80
1.73
3.20
3.04
1.78
3.33
3.29
1.90
0.89
1.16
2.53
0.98
1.55
1.09
2.46
2.56
2.38
1.97
1.09
1.38
1.94
1.68
1.23
2.95
3.44
3.64
2.38
1.75
1.44
1.40
0.94
0.84
1.69
2.62
1.58
1.02
1.38
1.60
2.25
1.54
1.02
2.74
1.32
1.63
1.38
1.31
1.46
1.49
0.96
1.28
1.43
1.99
0.94
1.02
1.82
0.60
1.74
1.76
1.74
1.91
3.49
1.67
0.43
0.88
1.26
1.93
2.04
1.32
1.77
2.05
1.44
1.74
1.58
2.06
1.16
1.59
1.13
1.64
1.22
1.86
1.56
1.94
2.08
2.45
2.74
4.14
3.78
2.45
1.82
2.52
3.38
2.59
2.92
2.20
3.50
3.37
3.03
4.01
3.26
2.80
2.54
1.76
1.53
1.49
2.59
1.07
1.05
2.84
2.14
1.96
2.49
2.48
2.13
2.04
2.09
1.94
1.30
1.64
2.32
1.63
1.59
2.65
4.83
2.93
3.05
1.91
1.37
3.20
5.19
3.96
2.13
1.20
1.61
1.21
1.12
1.10
1.71
1.54
1.37
1.80
1.21
1.66
1.47
1.22
2.72
2.90
1.29
1.61
0.83
2.17
1.76
1.43
1.38
1.31
1.72
2.26
1.60
1.87
1.29
1.47
1.33
1.65
1.01
1.13
1.05
2.56
1.81
1.16
2.21
2.41
1.41
1.76
1.79
1.60
1.75
0.93
1.07
1.23
2.07
0.91
1.27
1.93
1.33
1.14
2.72
1.73
1.97
2.22
2.63
1.18
1.72
0.80
1.40
1.68
1.66
2.56
2.14
0.29
1.16
0.92
1.83
1.50
2.02
2.46
1.82
1.34
1.44
2.50
1.83
2.14
1.76
2.61
2.69
3.43
2.71
1.15
1.16
1.64
1.62
1.63
2.75
2.30
2.03
2.01
1.86
2.34
1.49
2.26
3.53
2.98
2.79
3.51
2.65
1.49
2.73
2.68
2.67
2.56
1.46
0.64
1.58
1.15
1.46
1.01
1.51
1.06
1.87
1.71
3.31
3.57
1.47
1.75
1.87
2.38
2.88
2.59
1.42
1.01
1.04
0.85
0.64
1.25
0.91
1.19
0.58
0.59
1.54
0.94
1.93
1.47
1.36
1.20
1.19
0.86
1.08
0.92
1.15
1.01
0.84
0.90
1.33
0.82
0.66
0.87
2.25
2.41
0.91
2.01
1.52
1.36
2.08
1.82
0.91
1.26
0.73
0.80
0.91
1.90
2.02
1.13
1.16
0.52
2.42
2.99
1.85
1.35
1.42
0.85
1.29
1.64
2.10
1.49
2.72
1.60
2.19
2.13
1.69
1.89
2.05
2.41
1.55
2.12
1.05
0.88
1.16
2.96
1.84
0.80
1.10
1.46
1.13
1.61
0.54
0.94
0.73
0.70
1.11
1.36
1.15
1.16
1.84
2.68
1.44
0.98
1.45
1.06
1.86
1.79
1.95
1.61
2.72
1.74
2.67
1.29
2.64
1.91
2.21
1.66
2.23
2.16
2.33
1.90
1.48
0.83
1.58
0.97
1.77
2.60
1.16
1.35
1.75
1.90
2.29
1.63
2.79
2.00
1.15
2.71
2.02
1.52
1.52
1.17
2.28
1.51
2.31
1.04
0.61
2.29
1.15
1.97
1.69
1.88
1.38
1.80
2.19
1.04
0.88
1.01
1.63
1.34
1.82
2.52
1.15
1.68
1.41
2.36
2.10
3.26
2.22
1.87
3.41
3.38
3.56
2.67
1.37
1.90
0.68
1.57
2.07
2.22
1.26
1.57
1.07
0.94
1.69
1.32
1.42
1.29
1.12
0.95
1.29
1.82
2.18
1.17
1.70
1.59
2.00
2.97
3.17
2.47
1.73
1.75
1.44
1.55
1.83
2.02
2.37
1.70
1.27
1.11
1.27
1.65
1.89
2.27
1.29
1.59
1.21
0.86
1.61
1.89
2.30
2.29
2.17
2.32
3.28
2.27
2.99
2.89
3.04
3.39
2.86
3.39
1.87
1.70
2.43
3.11
2.69
2.32
3.66
3.48
2.55
1.94
1.14
2.13
1.77
1.39
1.20
1.34
1.23
1.83
1.29
1.70
1.61
2.04
2.78
3.95
2.56
0.81
1.60
1.49
2.55
1.97
1.45
1.62
2.04
2.00
1.08
1.75
2.34
2.62
4.45
1.19
1.67
2.34
1.93
1.50
1.62
1.86
2.24
2.15
2.82
3.09
2.56
2.41
2.40
1.02
1.79
0.91
1.13
0.94
1.73
2.06
1.49
1.25
1.80
1.71
1.47
2.05
1.75
1.73
1.58
1.43
1.60
1.52
1.78
1.74
0.82
0.92
1.41
2.32
1.19
0.97
1.18
0.79
1.23
0.69
1.09
1.80
1.45
1.00
0.67
0.76
1.20
0.87
0.51
0.42
0.75
1.43
0.67
0.63
1.15
1.17
2.09
0.99
1.18
1.11
1.55
0.79
0.83
2.33
2.18
1.43
1.89
2.49
2.73
2.14
1.47
1.31
2.65
2.23
1.47
1.59
0.90
0.93
0.97
0.82
0.61
1.42
1.60
1.94
3.27
1.97
0.92
0.84
1.73
1.68
1.62
1.44
3.63
3.11
0.96
2.02
3.09
1.49
0.70
2.08
3.24
2.69
1.43
1.28
2.23
3.39
2.76
1.47
0.76
1.18
1.32
1.27
1.31
1.33
1.42
1.38
1.50
1.34
1.28
1.09
2.01
0.95
1.15
0.71
1.01
1.53
1.53
1.89
1.45
1.42
1.87
1.42
1.90
2.37
2.44
1.67
2.22
1.22
3.11
2.40
2.31
2.65
2.72
2.89
1.72
2.45
3.15
1.73
1.96
2.33
2.59
3.87
1.50
2.03
1.33
2.67
2.59
2.90
1.23
1.47
2.63
1.58
1.79
2.98
2.11
1.92
1.22
1.96
1.53
1.39
1.39
1.66
2.23
2.53
2.13
2.55
2.92
1.41
1.92
2.87
2.60
1.97
1.31
1.05
1.19
1.51
0.79
1.54
0.97
1.29
1.98
2.58
2.94
1.99
2.88
1.82
2.63
2.72
1.82
1.24
1.41
1.36
0.74
1.80
1.44
0.55
3.41
3.63
3.32
2.88
2.99
2.80
2.11
2.06
1.71
2.07
1.17
1.56
1.80
2.90
2.68
1.54
1.37
1.64
2.28
1.51
2.04
2.04
2.16
1.82
3.54
2.32
1.58
1.16
1.62
1.97
1.68
0.75
0.91
1.95
2.27
3.39
4.09
1.87
2.00
1.49
1.40
1.70
2.05
2.17
3.37
2.43
2.08
1.79
1.62
1.50
1.31
1.37
1.84
1.95
2.29
2.01
2.88
1.89
1.79
1.32
1.22
1.35
1.98
1.82
1.77
1.30
2.23
2.57
1.81
1.09
1.45
1.70
1.29
1.49
1.98
3.26
2.17
1.91
2.54
2.01
1.29
1.62
2.46
1.53
1.53
2.32
3.12
3.01
3.28
2.74
2.99
2.48
3.37
2.82
2.31
2.84
2.20
2.78
2.97
3.18
3.16
2.45
1.62
2.25
1.91
1.53
2.14
2.35
2.27
1.92
2.50
2.13
2.02
1.91
2.29
2.04
2.59
3.25
2.92
1.96
1.81
2.34
2.99
2.66
2.44
3.41
2.93
3.75
2.80
2.28
1.85
1.19
1.98
2.27
2.41
2.18
2.09
1.81
2.17
2.34
2.74
2.31
1.63
1.19
2.30
2.89
2.85
1.26
1.94
2.33
1.77
1.86
1.76
1.54
1.63
2.29
2.49
1.68
1.61
2.01
1.59
0.92
1.76
1.11
1.32
1.77
1.50
1.32
1.66
1.42
2.22
1.86
1.33
1.09
1.38
1.63
2.04
2.10
2.13
1.95
1.89
1.44
1.67
2.64
1.96
1.71
1.99
1.72
1.51
1.55
1.38
1.57
1.68
2.84
3.09
2.37
1.85
2.09
2.59
2.22
2.01
1.32
1.23
1.75
1.27
0.81
1.00
1.08
1.42
1.95
2.67
3.62
2.93
3.05
1.69
2.56
2.67
1.86
1.77
2.15
2.23
3.08
4.22
3.63
1.00
1.42
1.31
1.13
1.41
1.83
1.22
1.66
1.95
2.12
2.04
1.54
1.93
2.12
1.96
1.11
1.01
0.87
0.99
1.11
2.14
2.07
1.23
1.46
2.02
2.38
2.34
2.21
2.02
1.85
1.45
1.14
1.80
1.20
2.07
2.28
1.42
1.33
1.74
1.70
1.85
2.32
2.68
2.01
2.10
1.58
0.88
2.68
2.17
1.81
0.97
0.58
1.13
0.92
1.53
1.93
2.28
1.71
1.63
1.09
0.51
1.19
0.59
1.21
1.69
2.84
1.85
1.58
1.65
1.32
1.43
2.47
0.92
0.96
1.09
2.23
2.86
2.09
3.33
2.22
1.21
1.04
1.95
1.42
2.05
1.29
1.82
1.53
1.32
2.05
1.41
1.47
1.52
1.05
2.15
1.86
2.45
2.65
2.53
2.29
0.86
1.01
1.13
0.78
1.25
1.20
2.35
1.53
0.99
1.02
1.02
1.49
1.30
2.07
2.51
1.53
0.59
1.14
2.55
1.69
2.41
2.37
3.11
1.03
1.86
1.53
1.03
1.66
1.69
2.18
3.63
2.27
3.51
2.56
1.91
1.95
2.02
1.96
1.32
1.80
2.84
2.64
2.86
3.08
2.62
2.25
3.43
2.71
2.64
2.74
1.61
2.68
2.20
1.34
2.04
1.63
1.68
2.14
1.86
2.58
1.82
1.23
2.17
2.32
1.39
2.09
1.84
1.84
1.96
2.66
2.26
2.59
2.24
0.97
1.43
2.41
1.56
2.23
3.57
1.89
1.22
1.55
1.25
1.49
2.07
2.58
1.84
1.67
1.60
2.13
1.86
1.58
2.09
1.64
1.45
1.61
1.32
1.10
1.52
2.39
3.08
2.75
1.98
1.59
1.00
2.28
2.80
2.96
2.13
2.51
2.20
1.86
1.94
1.91
2.10
1.66
1.20
1.41
1.68
1.72
2.96
3.93
2.86
2.80
1.86
1.58
1.44
1.27
0.59
1.27
1.83
2.18
2.43
2.25
1.34
1.42
1.83
2.43
3.50
3.19
2.65
2.27
2.31
3.32
2.19
2.77
2.06
1.38
1.63
1.12
1.19
1.66
1.48
1.70
1.91
2.33
1.32
1.22
1.94
1.64
1.64
2.92
2.59
1.81
1.73
1.47
1.35
1.54
2.41
2.97
2.41
1.98
2.50
1.75
1.70
1.81
1.67
1.19
1.65
1.65
1.95
1.95
1.98
1.48
0.84
1.36
1.86
1.71
2.49
3.00
2.65
1.52
1.79
1.58
1.24
1.54
2.40
2.46
2.73
2.22
3.09
2.40
3.16
2.00
2.11
3.30
2.66
2.22
1.37
1.71
2.12
2.57
2.65
1.74
1.04
1.67
1.31
1.39
1.56
2.37
2.70
2.04
2.34
2.32
1.76
1.16
1.52
2.11
2.70
2.76
2.44
1.63
1.16
1.54
1.66
1.85
1.60
1.52
1.42
2.47
3.22
2.41
2.03
2.13
2.40
2.93
3.14
1.71
1.27
1.39
1.54
1.93
2.25
3.05
3.18
3.14
1.71
1.96
1.32
1.77
1.15
1.50
1.23
1.82
1.29
1.32
0.92
1.68
2.21
3.16
2.31
2.22
2.29
1.39
1.29
0.88
1.19
1.09
1.16
1.24
1.29
1.18
1.56
2.83
1.40
1.92
1.14
1.30
0.88
0.95
1.37
1.26
0.80
0.83
0.93
2.90
3.22
2.43
1.28
2.55
2.62
2.88
2.35
1.75
2.93
1.94
1.46
1.47
1.37
1.61
1.42
1.08
1.63
1.27
1.07
1.92
2.58
2.71
1.78
2.51
1.88
1.51
1.18
0.99
0.64
0.54
0.78
0.49
0.91
0.94
1.10
0.95
0.56
1.47
1.14
0.38
1.40
2.05
1.37
1.26
2.02
2.07
2.00
1.57
1.87
2.12
1.39
2.53
1.98
1.60
1.52
2.04
1.24
2.94
3.28
2.69
2.20
0.88
1.82
2.77
1.35
1.49
0.86
0.82
1.06
2.44
1.30
3.13
1.19
1.20
1.65
0.68
1.25
1.14
3.69
1.85
1.39
1.58
3.26
3.58
2.19
2.92
1.90
2.13
1.90
2.01
2.43
1.31
1.87
1.50
1.47
1.20
1.60
1.77
1.28
0.92
1.40
1.92
2.17
2.06
2.60
1.20
1.14
1.31
3.33
1.57
1.91
1.98
1.14
0.90
1.15
0.66
2.39
2.31
1.88
1.46
1.78
3.02
1.54
1.11
2.17
1.65
1.06
1.77
1.97
1.28
1.21
1.09
1.36
1.67
1.91
1.54
1.10
1.85
3.08
1.78
1.04
1.42
1.59
2.18
2.98
1.06
2.18
1.96
2.03
3.36
1.68
1.76
1.93
2.33
1.50
1.16
1.79
1.24
1.16
1.70
1.14
1.18
1.11
1.70
1.78
1.32
1.46
1.43
1.70
1.74
1.10
1.67
2.60
1.94
1.81
2.46
1.39
1.04
1.68
3.69
2.75
1.82
1.86
1.82
2.12
2.04
2.59
2.27
2.23
1.62
1.56
2.48
2.63
3.55
2.80
2.82
3.13
2.21
2.35
1.81
1.49
1.19
1.57
1.81
2.47
1.86
2.94
3.43
2.67
2.74
2.78
2.70
2.43
2.12
2.04
2.50
1.19
1.93
1.71
2.33
2.44
2.12
2.37
2.18
2.33
2.17
2.68
1.90
1.63
1.94
1.91
2.26
3.35
4.09
3.67
2.53
1.73
2.06
2.13
1.60
1.61
1.78
1.78
2.47
1.98
1.87
1.09
0.72
1.69
1.23
1.35
1.85
1.66
1.11
1.25
1.81
1.76
2.41
2.26
1.48
1.29
1.98
2.22
1.28
1.98
1.91
1.48
2.16
3.81
5.58
4.29
2.67
2.08
1.79
1.50
2.27
1.21
1.46
3.65
2.19
1.63
1.54
1.42
1.40
2.32
2.01
2.24
2.35
1.84
2.93
3.34
3.34
2.33
1.55
1.01
1.66
1.59
1.76
2.18
1.51
1.33
1.09
0.90
1.46
1.23
1.20
1.73
1.37
1.30
1.73
1.96
1.38
1.01
1.20
1.29
1.28
2.05
1.55
1.77
2.62
3.17
2.98
3.47
2.54
1.63
1.48
0.99
1.66
0.90
1.22
0.94
1.15
1.15
3.03
2.33
1.93
2.92
2.60
2.89
3.79
2.28
1.46
1.58
1.75
1.90
1.34
1.91
1.35
2.18
2.51
1.68
1.06
1.05
1.51
2.21
1.99
1.76
2.42
2.80
1.82
1.33
1.00
0.81
1.00
1.01
1.53
1.70
1.65
1.88
2.28
2.09
1.58
1.40
1.67
1.16
0.92
1.56
0.98
1.71
1.09
2.03
1.52
1.22
1.26
0.93
0.44
0.52
0.64
2.74
1.68
1.77
2.40
1.44
1.42
1.01
0.37
1.12
0.77
2.31
1.73
1.45
0.92
1.39
1.35
1.59
1.31
1.45
1.59
2.70
1.64
1.28
1.99
2.59
1.70
2.03
1.62
1.38
1.38
1.20
1.69
2.33
1.60
1.94
2.67
3.30
3.29
1.87
1.85
0.34
0.98
1.46
2.13
1.82
1.81
1.15
1.62
1.53
2.90
1.60
0.95
1.33
2.22
2.48
3.03
2.54
1.83
2.24
1.17
0.86
1.12
0.93
1.00
1.27
2.14
3.86
2.22
1.94
2.19
2.23
2.35
1.28
1.56
1.15
1.94
1.92
2.84
2.75
1.22
1.70
1.53
1.59
1.37
0.71
1.72
1.99
1.71
1.21
1.08
1.88
1.73
1.51
2.03
3.09
2.73
1.66
1.90
2.22
2.09
1.51
1.13
1.51
2.34
1.26
1.25
1.34
1.18
1.38
1.92
1.34
1.85
2.57
1.68
0.92
0.85
1.29
1.05
1.01
1.42
1.75
2.52
2.27
1.85
2.56
1.25
0.78
1.19
3.16
3.06
2.85
1.67
1.65
1.23
1.17
2.60
2.16
1.88
1.08
1.49
2.17
1.92
2.11
2.27
2.48
0.68
1.08
0.72
1.12
1.89
1.12
1.37
1.16
1.69
0.81
1.64
1.07
1.02
0.80
1.03
0.84
1.59
1.72
1.10
1.73
3.57
2.48
1.89
1.79
1.77
2.13
2.37
1.62
0.74
2.42
1.51
0.81
1.02
2.81
2.29
2.03
1.86
1.88
1.41
1.78
1.84
2.69
2.54
2.92
2.37
2.74
2.83
2.67
3.10
2.10
1.83
3.15
3.57
4.17
2.98
1.51
1.68
1.39
1.94
2.23
2.05
2.50
2.24
1.94
2.07
2.17
1.36
1.51
2.40
2.13
1.82
2.37
1.49
2.17
1.54
1.58
1.41
1.86
2.00
1.52
1.09
1.72
1.68
1.74
1.08
1.24
2.24
1.55
1.83
1.35
1.03
1.23
0.98
1.35
2.12
2.06
1.85
1.40
1.13
1.47
0.84
1.78
0.97
0.87
1.77
2.21
2.19
2.30
1.72
1.14
1.30
1.92
1.81
1.24
0.99
1.23
1.42
1.81
1.70
1.69
1.66
1.36
1.21
1.74
1.99
2.33
2.14
1.68
3.82
2.74
3.19
2.82
2.23
2.70
3.53
4.43
2.53
2.86
2.11
1.73
1.30
1.15
1.12
1.76
1.60
0.89
0.76
2.87
1.45
1.12
1.12
2.01
1.65
1.79
2.03
2.49
2.27
1.41
1.34
0.93
1.06
0.89
0.64
1.31
0.66
0.62
1.28
1.76
1.43
0.63
1.10
1.23
2.06
0.85
0.86
3.01
2.15
1.61
1.42
2.87
1.61
2.13
1.10
1.57
1.82
2.44
2.77
2.13
2.00
1.62
1.56
1.70
1.36
1.53
1.72
0.99
0.78
1.73
1.59
1.52
0.89
1.56
1.17
0.86
1.20
2.90
1.69
1.71
1.89
1.03
1.80
1.18
2.10
2.96
1.86
0.83
2.19
2.51
1.27
0.51
2.32
3.19
2.42
1.37
1.41
1.72
0.97
1.19
1.39
1.76
1.51
1.10
1.75
1.63
1.31
1.21
1.31
1.19
1.49
1.24
1.05
1.40
0.83
0.82
1.56
1.53
2.84
1.53
2.59
2.97
1.84
2.79
2.00
1.06
1.34
1.90
2.41
2.13
1.35
1.29
1.66
0.86
1.12
1.79
1.42
1.51
2.13
1.24
1.41
1.06
0.90
1.24
2.34
1.50
1.01
0.83
1.17
0.93
1.05
0.92
0.42
1.62
1.41
1.25
1.59
1.62
1.01
0.95
1.19
2.07
1.23
0.96
1.03
1.36
2.11
3.71
2.65
1.70
1.18
1.40
1.06
0.78
1.55
3.13
0.91
1.27
1.97
1.56
0.84
0.82
2.32
2.60
3.08
2.47
1.61
1.16
1.78
1.40
3.71
1.75
1.71
0.95
1.66
1.93
1.96
3.86
4.48
3.12
2.11
3.34
1.86
2.22
2.02
1.51
2.66
3.96
3.33
2.17
2.71
2.19
2.02
2.01
2.01
1.53
1.79
1.70
1.40
1.27
1.58
2.38
1.87
1.58
1.48
1.90
1.32
1.42
1.31
1.81
1.95
1.88
1.72
1.78
1.47
1.45
2.62
3.92
1.46
1.15
1.87
0.91
1.75
2.24
2.40
2.28
1.55
1.31
1.31
1.49
1.43
1.34
2.55
1.59
0.95
1.17
1.54
1.31
1.38
1.52
1.37
1.80
2.06
2.30
2.37
2.48
1.68
1.32
2.36
2.05
2.41
1.66
1.74
2.83
2.44
2.06
2.42
2.34
2.57
2.82
1.94
2.14
3.09
2.27
2.20
1.57
2.01
2.03
2.30
1.36
2.22
2.09
2.30
1.86
0.92
1.26
2.03
1.47
1.76
2.00
2.59
2.93
2.48
3.13
2.63
1.77
1.60
1.70
1.92
1.08
2.01
2.17
1.84
1.86
1.76
2.16
2.44
2.31
1.76
2.19
3.39
3.42
2.62
3.19
2.02
2.54
0.80
1.27
0.69
1.08
1.15
1.47
2.26
2.04
2.30
1.19
1.08
1.82
1.68
1.91
1.69
1.86
2.06
1.67
1.45
1.76
1.63
1.46
1.38
1.37
1.58
2.50
2.99
3.48
1.99
2.47
2.84
2.14
1.22
1.82
1.61
1.37
1.60
1.38
1.93
1.79
1.71
2.62
2.70
0.97
1.63
1.72
1.28
1.01
1.59
1.22
1.07
1.40
1.27
0.91
1.47
1.92
2.89
2.30
3.25
2.61
1.78
1.59
1.40
1.27
1.10
1.34
1.53
2.57
2.16
1.53
2.26
2.51
2.15
2.28
1.55
1.24
1.66
1.14
1.80
1.44
1.24
1.33
2.00
2.39
2.47
2.39
1.63
1.91
1.61
2.04
1.71
1.18
1.32
1.38
2.14
2.86
2.69
1.95
2.60
2.47
1.61
1.42
2.23
1.04
0.74
2.23
2.35
1.81
1.62
1.01
1.23
1.03
1.69
1.74
1.51
1.15
2.00
1.47
3.33
3.35
3.13
1.91
1.71
2.28
2.02
1.99
1.10
1.44
1.79
2.20
1.59
1.90
0.93
1.32
1.81
2.02
3.13
3.15
2.44
1.40
1.38
1.35
1.79
1.15
2.42
2.08
1.78
1.50
1.80
2.93
1.82
1.83
2.28
2.00
0.72
0.86
1.25
1.43
0.77
0.90
1.13
1.23
1.04
1.33
1.88
1.46
2.00
3.77
2.82
2.24
1.69
1.58
2.22
2.21
2.38
1.46
1.22
2.19
1.94
1.10
1.84
1.70
2.17
1.43
2.16
1.74
1.97
2.05
2.10
1.83
1.28
0.97
1.78
1.91
3.74
2.39
1.95
1.18
2.22
1.48
2.18
3.03
1.02
2.80
2.08
3.43
3.15
2.53
2.15
2.06
1.53
1.46
1.21
0.64
1.30
2.91
1.89
1.50
2.81
1.99
1.54
1.58
1.71
0.94
1.46
0.83
1.16
2.20
1.04
1.18
1.23
2.46
2.34
3.63
1.74
1.69
2.12
0.91
2.06
1.68
1.87
1.81
3.23
2.76
1.79
2.69
1.70
1.27
1.76
2.37
1.75
1.70
1.33
1.72
1.72
1.45
1.48
1.58
0.58
0.97
1.66
2.68
2.35
1.61
1.76
2.32
2.57
3.17
3.58
2.26
1.30
0.68
1.28
1.27
1.56
2.23
2.10
1.34
1.90
0.90
1.55
1.56
1.01
1.44
1.75
1.41
1.49
1.38
1.62
1.38
1.23
2.08
1.38
1.55
1.76
1.12
1.49
1.15
1.67
1.01
1.93
1.03
1.92
1.86
2.34
1.52
1.69
1.62
1.48
1.79
2.14
1.45
0.94
1.79
2.70
3.61
3.59
3.56
3.06
3.82
4.21
3.39
3.00
2.47
1.45
1.80
2.54
2.03
3.06
2.31
2.12
1.97
2.90
3.50
2.60
2.02
2.22
1.76
1.21
1.44
2.54
2.33
2.58
2.98
2.50
2.27
2.58
3.24
1.38
1.56
1.87
1.75
1.42
1.58
1.29
1.45
1.91
2.94
2.77
2.15
1.28
1.90
1.63
1.74
1.50
2.10
3.30
2.61
1.94
1.30
1.63
1.83
1.94
2.78
2.31
3.95
2.40
2.17
2.48
2.91
2.48
1.57
1.60
1.74
1.55
2.28
3.44
3.32
1.73
2.29
2.29
1.66
1.69
1.61
1.17
3.27
1.84
1.79
1.18
1.74
1.89
2.02
1.31
1.60
2.01
1.93
2.39
1.95
1.80
2.23
2.08
1.56
1.00
1.49
1.35
1.35
1.10
1.49
2.63
2.00
2.29
2.86
1.71
1.16
1.61
2.05
1.36
1.89
3.28
2.28
2.31
1.88
1.61
2.41
2.25
1.85
1.68
2.39
1.97
1.79
1.94
1.38
1.58
1.94
1.86
1.43
1.12
1.49
1.55
2.08
1.40
1.50
1.19
1.73
1.28
1.82
1.85
2.16
1.89
1.13
1.35
1.59
1.33
1.12
1.28
1.51
1.65
2.66
1.99
1.88
1.35
1.96
1.76
2.32
2.48
2.36
1.81
1.79
1.16
1.09
1.55
0.75
1.66
1.84
1.53
1.70
2.30
3.13
2.47
1.59
2.04
1.51
0.79
0.72
2.41
3.10
2.54
1.04
0.75
0.75
0.64
0.83
2.18
1.89
1.83
0.91
1.26
1.15
1.44
1.26
0.85
0.92
0.74
1.22
0.78
1.22
0.87
2.40
2.11
2.00
1.50
1.52
2.32
2.10
1.11
2.05
1.58
1.57
1.89
0.96
1.67
2.87
1.68
2.23
1.75
1.44
1.26
1.46
2.10
2.25
1.93
1.91
1.70
1.80
1.83
2.29
1.06
1.81
0.88
1.00
0.84
1.25
0.97
0.90
0.59
0.94
1.86
1.32
1.69
1.97
2.21
2.11
1.75
1.03
0.94
0.99
3.74
3.76
2.82
2.53
1.98
1.33
1.61
2.22
1.67
1.31
1.50
2.13
1.85
2.55
1.50
1.48
1.04
2.53
1.39
1.28
1.27
0.87
1.99
1.48
1.15
1.60
1.62
1.29
1.03
1.16
1.41
1.21
2.34
2.07
1.23
1.18
2.34
1.02
1.71
1.98
2.39
0.96
1.47
1.44
1.88
1.04
0.86
1.70
1.13
2.30
2.71
0.82
1.43
2.16
2.26
2.76
1.95
1.93
3.03
2.23
1.60
2.76
2.34
1.67
2.59
3.40
2.44
1.60
1.04
1.99
2.58
1.43
1.30
2.48
3.35
1.61
2.66
2.75
1.32
1.52
1.38
1.11
1.40
1.58
1.39
1.94
1.30
0.78
1.32
1.08
1.74
1.96
2.47
1.83
1.53
1.07
1.58
1.03
1.20
1.23
1.73
1.43
1.81
1.41
1.40
1.25
1.54
1.03
1.42
2.00
1.24
1.99
1.91
1.69
1.98
2.17
1.97
2.21
1.89
1.09
1.83
1.75
1.99
2.57
2.59
2.54
1.92
1.73
2.00
3.48
2.85
1.69
1.59
1.88
2.46
2.73
2.36
1.64
1.78
3.19
2.64
2.54
2.66
2.27
1.91
1.59
1.44
2.02
1.06
1.65
1.89
2.78
2.36
1.94
1.86
1.65
1.49
1.36
1.66
2.68
1.78
1.21
1.63
1.71
2.15
1.87
2.62
2.34
2.63
1.81
1.48
1.94
1.65
2.19
2.16
1.40
1.44
1.91
2.49
2.77
2.41
2.08
2.00
1.88
2.34
1.82
1.56
1.44
0.90
1.52
1.77
1.91
2.24
1.95
2.90
3.28
1.77
2.04
1.72
1.43
1.93
1.31
1.37
1.48
1.13
1.33
1.39
1.56
1.50
2.05
2.32
1.89
1.78
1.22
0.90
0.90
2.83
2.44
2.42
1.78
2.25
1.58
1.64
1.80
1.40
1.50
1.80
1.77
1.65
2.30
1.67
2.08
2.65
2.24
2.37
1.77
1.68
2.02
2.25
1.96
2.37
2.74
1.50
1.35
1.03
1.32
1.09
1.33
1.37
1.30
1.23
1.16
1.14
0.97
1.42
2.34
2.23
1.28
1.33
1.69
2.35
2.57
1.95
2.13
2.44
1.49
1.64
2.26
1.92
1.85
2.19
2.04
2.81
1.54
1.62
1.71
1.74
2.58
3.26
2.45
3.00
1.94
1.39
1.73
1.28
1.44
1.54
1.33
2.28
1.61
1.14
1.25
1.32
0.95
1.01
1.28
1.04
1.11
1.81
2.22
1.93
1.83
2.19
1.94
1.87
2.54
2.43
2.92
1.93
1.82
2.06
0.94
2.28
1.76
1.33
2.49
2.57
1.85
2.65
2.70
2.51
2.10
2.51
1.52
1.29
1.43
1.50
1.49
2.71
2.35
2.17
2.68
1.96
2.17
3.41
2.37
2.09
2.78
2.33
1.63
2.03
3.79
2.48
1.44
2.05
2.46
2.19
2.72
2.27
2.02
1.59
2.23
3.04
3.10
2.59
3.11
2.35
2.90
2.03
1.67
1.80
3.09
1.78
1.70
2.22
1.93
2.20
2.11
1.66
2.32
3.08
3.60
1.66
1.10
1.32
1.88
2.17
2.75
3.43
2.51
2.25
2.40
2.19
2.64
2.87
1.76
1.92
4.22
3.91
2.80
2.71
1.95
2.90
2.32
1.77
1.80
2.28
1.41
1.47
1.74
2.23
1.13
2.33
2.81
2.26
2.93
4.35
2.98
3.66
2.33
1.72
1.15
1.41
1.96
1.48
1.50
1.72
1.87
1.16
3.34
1.51
1.31
1.82
2.06
1.95
3.63
4.12
4.83
3.13
1.88
2.84
3.83
4.58
2.40
3.21
2.02
2.27
2.13
1.85
2.22
3.30
2.65
1.85
3.24
3.66
1.88
1.56
1.69
2.53
1.72
2.37
1.40
1.37
1.77
1.64
1.52
2.35
1.85
1.83
2.19
1.88
1.66
2.39
1.77
1.99
1.32
1.13
1.84
1.55
2.06
1.61
1.37
1.53
2.24
2.83
3.08
3.85
2.82
3.24
3.83
3.59
2.17
2.97
2.73
3.80
2.98
2.19
4.11
3.89
3.55
2.92
2.23
2.06
2.51
2.56
3.55
4.49
3.87
3.31
3.30
2.48
1.90
1.98
1.60
2.36
2.24
4.04
3.10
2.29
1.63
1.54
1.53
1.67
1.92
1.62
1.82
2.24
2.81
3.29
2.94
2.06
1.63
1.81
2.09
3.15
3.73
2.53
1.96
1.99
2.21
2.70
4.40
4.32
4.11
3.33
2.15
2.17
2.52
2.42
2.17
2.13
1.71
1.84
1.67
1.45
1.60
2.04
1.38
1.17
2.07
2.52
4.28
3.23
1.77
2.17
1.98
1.50
1.50
0.85
1.29
1.85
2.02
1.34
1.98
2.10
1.72
1.95
1.73
1.71
2.03
1.94
2.56
2.68
3.06
2.61
2.15
1.69
1.67
1.73
1.89
2.11
2.41
4.74
2.99
2.21
2.20
1.56
3.08
3.08
2.14
2.56
1.61
1.86
1.95
2.33
2.42
1.49
1.66
2.90
2.62
2.32
2.45
2.24
1.71
1.32
1.59
0.93
1.12
2.29
2.74
3.50
2.06
1.26
1.55
1.72
1.26
2.28
1.84
1.38
1.39
1.62
1.91
2.41
1.64
1.73
1.55
2.95
2.55
2.29
2.71
2.28
3.28
2.51
1.82
1.16
1.46
1.53
1.00
1.38
1.54
1.75
1.47
1.71
2.16
3.02
3.12
3.84
1.71
1.26
1.04
1.10
1.86
2.82
2.67
1.55
2.11
2.58
2.00
2.70
1.55
1.57
1.76
3.73
1.98
1.13
1.57
1.40
1.37
1.26
1.61
1.36
1.40
1.70
1.69
1.53
2.22
2.91
2.86
3.30
1.88
1.71
1.34
1.41
1.35
1.64
1.77
2.32
2.27
1.76
2.06
2.35
3.99
2.46
2.03
2.36
2.56
1.81
2.09
1.61
2.03
1.59
1.51
1.24
2.00
1.10
1.10
1.79
1.34
1.93
1.91
1.99
1.36
2.77
2.22
1.31
1.34
2.00
2.94
3.52
3.08
2.40
2.48
2.19
1.58
1.86
2.72
2.13
1.78
2.87
1.94
2.42
3.44
2.58
1.44
1.13
1.40
2.08
1.54
1.78
1.81
1.16
1.37
2.62
4.78
2.83
2.11
2.90
2.09
3.04
2.29
2.27
2.55
2.44
2.16
1.62
1.30
2.08
1.11
2.25
2.20
1.62
1.44
2.51
2.43
1.24
2.83
3.83
2.65
2.50
1.60
2.16
3.75
2.83
2.95
4.02
2.51
2.82
2.23
2.06
1.54
1.28
1.69
1.66
2.79
2.58
1.74
1.43
3.19
1.95
2.63
1.95
1.47
2.17
2.62
1.52
2.42
2.71
3.92
3.02
1.62
2.56
2.83
1.35
1.26
1.73
2.83
2.88
2.20
2.11
4.58
2.95
1.48
1.88
2.13
2.22
1.33
1.48
3.13
2.86
1.93
2.28
2.25
1.76
3.08
2.15
1.32
2.44
3.53
2.72
3.27
3.06
2.58
1.66
1.59
1.62
3.19
2.46
2.82
2.00
2.74
2.79
1.88
1.80
1.82
2.21
2.01
2.06
2.56
2.53
2.40
2.96
2.92
2.67
3.20
2.51
2.35
2.59
2.69
2.93
2.43
1.91
1.48
2.07
2.48
2.01
2.86
3.48
2.74
4.55
3.84
4.01
2.34
1.75
1.58
1.78
1.67
1.62
2.37
4.57
4.61
3.86
3.60
1.94
2.50
1.93
2.09
1.99
2.20
2.12
1.51
1.46
1.80
2.47
2.60
2.77
1.90
1.53
1.81
1.42
1.58
1.87
1.92
1.56
1.73
1.72
2.01
1.85
1.55
1.66
1.72
1.60
1.49
2.13
1.81
1.92
1.85
2.13
1.51
1.41
1.70
2.01
1.68
1.51
2.06
2.63
3.12
3.15
1.35
0.95
1.83
2.34
1.76
2.07
1.83
1.71
1.45
1.99
2.52
2.14
2.02
1.50
1.86
2.03
2.23
1.96
1.49
2.29
1.90
2.08
2.06
2.02
1.78
1.28
1.35
0.64
0.99
1.81
1.76
1.41
1.39
1.23
0.92
0.83
1.01
1.61
1.58
1.55
1.42
1.43
2.00
2.03
2.08
1.74
1.80
2.03
2.48
2.27
2.56
2.23
1.56
1.41
1.89
1.95
1.59
1.36
1.42
1.80
2.59
1.69
1.47
1.53
1.52
1.07
2.08
1.79
1.60
1.92
1.41
1.57
1.53
1.94
1.99
2.03
1.58
1.73
2.27
1.84
1.77
1.94
1.79
1.55
0.92
1.31
1.40
2.38
1.98
1.91
1.26
1.21
2.22
1.90
1.51
2.29
2.63
1.85
1.74
2.02
2.16
2.20
1.59
1.56
1.63
1.74
1.72
2.64
1.87
1.54
1.47
1.28
1.76
1.93
1.83
1.95
2.35
1.60
1.78
1.33
1.26
1.25
1.39
1.48
2.01
1.08
1.83
2.11
1.69
2.17
1.61
1.96
2.05
2.65
1.85
1.38
1.20
1.98
2.35
1.54
1.42
1.57
1.74
1.56
1.51
1.08
1.18
1.31
1.56
1.41
2.21
1.75
1.24
1.95
2.80
2.13
2.67
2.98
2.30
1.98
1.88
1.73
1.60
1.42
1.50
2.73
1.47
1.42
1.56
2.65
2.17
1.53
2.18
2.90
2.65
2.53
1.25
1.85
2.00
1.75
1.91
2.23
1.46
3.32
2.02
3.35
2.17
2.41
2.18
1.89
1.32
1.40
2.28
2.29
1.52
3.26
1.96
1.91
1.51
2.45
2.10
2.55
3.66
2.56
1.77
1.58
1.64
1.49
1.91
1.23
1.67
1.53
1.71
1.58
2.30
1.63
1.41
3.65
2.00
1.97
1.81
2.42
2.69
2.64
1.95
1.53
1.34
1.83
1.56
1.93
2.50
1.65
1.49
1.62
2.92
2.13
1.79
1.40
1.63
1.78
2.18
1.19
3.06
2.07
1.36
2.67
2.61
2.01
2.04
1.77
2.01
1.75
2.61
2.62
2.81
2.55
2.34
1.97
1.80
1.19
1.28
2.25
2.74
1.66
1.76
1.85
1.48
1.25
1.60
1.33
1.74
2.28
1.51
1.70
3.21
2.20
1.48
1.92
1.94
1.30
1.41
1.19
2.03
1.55
1.49
2.49
2.41
2.17
3.28
2.55
2.73
3.23
3.14
1.73
2.33
2.59
2.66
2.42
2.58
2.54
2.23
1.98
1.73
1.56
1.63
2.05
2.27
2.90
2.83
3.12
2.32
1.94
1.92
2.07
2.07
1.03
1.40
1.91
1.59
1.63
1.37
1.38
1.41
2.04
2.42
1.73
1.65
2.08
1.66
2.39
3.87
2.58
2.79
2.88
2.02
1.83
1.60
2.79
2.32
2.38
3.69
1.84
2.50
2.35
2.59
1.46
1.32
2.27
1.94
1.87
1.55
1.47
1.43
1.41
1.49
1.42
1.77
1.54
1.44
1.26
1.06
1.12
1.41
1.50
1.38
1.89
1.72
1.44
1.60
1.56
1.93
2.57
2.29
1.73
2.44
3.13
2.76
2.84
1.65
2.05
1.65
2.01
2.46
2.99
3.07
2.75
2.28
2.25
2.26
3.40
4.32
3.32
2.18
1.51
1.10
1.79
1.98
2.82
2.81
2.18
1.96
1.92
2.08
1.99
1.53
1.74
2.05
1.79
1.94
1.59
1.28
1.71
2.02
1.59
1.88
2.53
2.53
2.47
2.53
2.35
2.97
2.56
1.94
2.64
2.27
1.95
1.53
1.33
1.78
1.91
1.31
1.74
2.61
1.82
1.99
1.92
2.05
2.12
2.68
2.58
3.82
3.37
2.55
1.86
1.49
1.80
2.24
1.18
1.77
1.49
1.53
1.20
1.49
1.26
1.48
1.53
1.87
2.43
1.39
1.56
1.48
1.82
2.54
1.39
2.03
1.54
1.73
2.46
2.13
1.67
1.53
1.33
2.14
1.93
2.57
2.48
0.67
0.54
0.39
0.34
0.34
0.35
0.38
0.27
0.37
0.38
0.63
0.57
0.98
1.36
0.78
1.19
1.02
0.97
0.98
1.05
0.63
0.44
0.86
0.97
0.99
0.75
0.56
0.47
0.85
0.89
1.00
0.58
0.55
0.91
0.72
0.45
0.84
0.82
0.47
0.57
0.60
0.48
0.82
0.76
0.51
0.57
0.66
1.18
0.82
0.58
0.48
0.34
0.46
1.32
1.65
0.68
0.90
0.73
0.49
0.47
0.50
0.54
0.90
0.59
0.71
0.49
1.13
0.41
0.48
0.49
0.46
0.65
0.47
0.57
0.46
1.10
0.70
0.58
0.90
1.06
0.70
0.52
0.78
0.53
0.67
0.44
0.43
0.50
0.56
1.05
1.44
0.67
0.55
0.62
0.68
0.50
0.77
0.70
1.77
1.06
1.37
1.06
0.81
0.43
0.60
0.62
0.53
0.73
1.38
1.19
0.70
0.61
0.41
0.60
0.38
0.58
0.53
0.61
0.40
0.49
0.36
0.48
0.81
0.60
0.41
0.62
0.36
0.20
0.26
0.59
0.40
0.50
0.41
0.55
0.74
0.53
0.36
0.29
0.41
0.40
0.58
0.36
0.31
0.30
0.32
0.25
0.47
0.41
0.74
0.35
0.41
0.68
0.33
0.43
0.33
0.25
0.35
0.37
0.24
0.23
0.39
0.59
0.36
0.33
0.52
0.27
0.30
0.39
0.49
0.36
0.36
0.57
0.70
0.41
0.71
0.50
0.65
0.79
0.31
0.28
0.27
0.29
0.44
0.62
0.49
0.55
0.40
0.36
0.39
0.42
0.29
0.56
0.38
0.49
0.50
0.55
0.38
0.38
0.31
0.94
0.46
0.61
0.64
0.59
0.48
0.35
0.28
0.47
0.56
0.79
0.49
0.34
0.51
0.47
0.37
0.42
1.20
0.82
0.59
0.70
0.34
0.34
0.37
0.39
0.35
0.34
0.39
0.34
0.44
0.48
0.30
0.29
0.53
0.42
0.65
0.39
0.59
0.52
0.42
0.31
0.24
0.24
0.27
0.49
0.33
0.25
0.45
0.46
0.34
0.39
0.44
0.58
0.58
0.65
0.47
0.62
0.59
0.75
0.46
0.32
0.35
0.39
0.31
0.30
0.45
0.96
1.39
0.51
0.40
0.93
1.20
1.31
0.48
0.47
0.37
0.26
0.24
0.24
0.41
0.46
0.36
0.50
0.54
0.57
0.59
0.32
0.37
0.52
0.55
0.62
0.38
0.61
0.37
0.51
0.21
0.24
0.56
0.36
0.25
0.43
0.37
0.22
0.24
0.24
0.46
0.52
0.42
0.41
0.43
0.29
0.20
0.52
0.64
0.75
0.54
0.40
0.33
0.25
0.25
0.30
0.22
0.35
0.50
0.45
0.35
0.42
0.21
0.53
0.33
0.42
0.30
1.04
0.27
0.25
0.30
0.19
0.32
0.25
0.72
0.62
0.43
0.25
0.22
0.23
0.31
0.28
0.30
0.40
0.50
0.33
0.24
0.23
0.27
0.25
0.24
0.96
0.69
0.50
0.22
0.50
0.51
0.29
0.30
0.33
0.52
0.40
0.32
0.31
0.28
0.21
0.27
0.53
0.40
0.77
0.68
0.23
0.23
0.33
0.23
0.31
0.27
0.20
0.31
0.26
0.34
0.17
0.59
0.33
1.36
0.69
0.36
0.47
0.42
0.28
0.27
0.36
0.32
0.38
0.21
0.22
0.28
0.31
0.21
0.29
0.24
0.32
0.30
0.31
1.05
1.05
0.40
0.51
1.22
1.03
0.48
0.79
0.61
0.70
0.47
0.35
0.67
0.68
0.48
0.50
0.38
0.54
0.46
0.51
0.41
0.56
0.90
0.57
0.23
0.27
0.34
0.30
0.35
0.90
0.48
0.25
0.27
0.32
0.30
0.28
0.42
0.31
0.33
0.56
0.39
0.58
0.35
0.23
0.37
0.46
0.51
0.50
1.16
0.75
0.22
0.38
0.47
0.52
0.24
0.32
0.56
0.36
0.31
0.45
0.46
0.27
0.29
0.53
0.65
0.95
0.68
0.56
0.60
0.49
0.54
0.38
0.38
0.49
0.61
0.91
0.95
0.79
0.71
0.44
0.33
0.26
0.45
0.70
0.50
0.44
0.29
0.42
0.45
0.45
0.50
0.26
0.26
0.63
0.32
0.33
0.20
0.77
0.31
0.33
0.22
0.60
0.28
0.46
0.60
0.33
0.23
0.29
0.18
0.18
0.49
0.33
0.38
0.21
0.27
0.25
0.76
0.46
0.52
0.37
0.27
0.28
0.26
0.29
0.22
0.30
0.34
0.35
0.44
0.89
0.90
0.26
0.37
0.25
0.37
0.46
0.31
0.53
0.69
0.58
0.37
0.22
0.31
0.27
0.44
0.60
0.23
0.41
0.50
0.27
0.39
0.41
0.29
0.29
0.31
1.02
0.61
0.51
0.37
0.55
0.57
0.71
0.59
0.26
0.26
0.33
0.53
0.35
0.35
0.32
0.32
0.63
0.71
0.58
0.41
0.30
0.61
1.23
1.03
0.77
0.37
0.29
0.23
0.30
0.52
0.29
0.25
0.27
0.30
0.39
0.23
0.41
0.26
0.45
0.38
0.19
0.34
0.35
0.41
0.39
0.25
0.39
0.64
0.66
0.48
0.40
0.25
0.30
0.38
0.58
0.38
0.27
0.39
0.79
0.46
0.34
0.28
0.38
0.41
0.29
0.39
0.64
0.23
0.56
0.62
0.32
0.67
0.59
0.72
0.48
0.29
0.21
0.42
0.58
0.50
0.64
0.72
0.38
0.44
0.63
0.68
0.68
0.60
0.33
0.52
0.33
0.23
0.37
0.22
0.83
0.80
0.75
0.38
0.29
0.39
0.29
0.35
0.50
0.34
0.33
0.32
0.27
0.85
0.98
0.77
0.50
0.32
0.21
0.19
0.36
0.36
0.52
0.79
0.52
0.64
0.36
0.44
0.61
0.60
0.37
0.36
0.49
0.44
0.30
0.44
0.34
0.24
0.23
0.32
0.44
0.24
0.29
0.28
0.73
0.39
0.27
0.38
0.19
0.46
0.23
0.22
0.22
0.24
0.20
0.26
0.50
0.72
0.55
0.34
0.41
0.26
0.29
0.22
0.20
0.18
0.21
0.27
0.37
0.71
0.33
0.20
0.32
0.49
0.25
0.31
0.27
0.28
0.56
0.34
0.52
0.32
0.41
0.23
0.59
0.34
0.24
0.22
0.21
0.20
0.28
0.32
0.22
0.20
0.35
0.46
0.38
0.25
0.52
0.36
0.27
0.22
0.31
0.19
0.64
0.30
0.29
0.41
0.22
0.26
0.21
0.23
0.25
0.45
0.65
0.81
0.48
0.62
0.29
0.36
0.47
0.44
0.40
0.26
0.25
0.20
0.33
0.28
0.61
0.54
0.25
0.25
0.49
0.83
0.27
0.64
0.39
0.69
0.56
0.43
0.58
0.83
0.24
0.23
0.20
0.21
0.31
0.40
0.64
0.23
0.19
0.35
0.25
0.70
0.22
0.52
0.63
0.50
0.50
0.25
0.50
0.80
0.45
0.29
0.83
0.47
0.50
0.16
0.20
0.33
0.78
0.30
0.22
0.29
0.39
0.40
0.68
0.60
0.45
0.37
0.28
1.56
0.26
0.25
0.47
0.49
0.24
0.79
0.41
0.31
0.37
0.30
0.31
0.29
0.20
0.27
0.52
0.73
0.22
0.22
0.38
0.26
1.81
0.23
0.18
0.43
0.27
0.59
0.17
0.25
0.38
0.68
0.20
0.21
0.28
0.60
0.57
0.26
0.38
0.38
1.85
0.37
0.19
0.28
0.33
0.53
0.69
0.54
0.29
0.39
0.23
0.36
0.59
0.23
0.24
0.28
0.32
0.21
0.19
0.24
0.25
0.33
0.27
0.24
0.19
0.34
0.32
0.24
0.23
0.23
0.17
0.25
0.35
0.28
0.28
0.53
0.61
0.68
0.69
0.65
0.58
0.14
0.46
0.39
0.79
0.48
0.45
0.35
0.25
0.34
0.34
0.31
0.29
0.30
0.40
0.31
0.40
0.41
0.31
0.34
0.26
0.49
0.67
0.43
0.57
0.42
0.50
0.37
0.26
0.47
0.46
0.56
0.62
0.38
0.28
0.42
0.43
0.58
0.59
0.58
0.42
0.47
0.40
0.43
0.37
0.59
0.73
0.59
0.43
0.39
0.26
0.42
0.35
0.31
0.30
0.25
0.41
0.40
0.70
0.40
0.42
0.22
0.25
0.28
0.73
0.77
0.35
0.35
0.31
0.34
0.19
0.30
0.23
0.28
0.32
1.39
1.49
0.47
0.40
0.38
0.30
0.26
0.22
0.25
0.35
0.39
0.43
0.68
0.31
0.52
0.45
0.35
0.28
0.37
0.29
0.24
0.52
0.19
0.22
0.21
0.52
0.48
0.72
0.66
0.84
0.80
0.98
0.78
0.33
0.30
0.31
0.58
1.04
0.80
0.50
0.43
0.39
0.33
0.48
0.46
0.44
0.35
0.37
0.28
0.19
0.31
0.24
0.30
0.24
0.70
0.47
0.39
1.05
0.65
0.41
0.45
0.31
0.36
0.25
0.42
0.40
0.53
0.40
0.48
0.32
0.27
0.29
0.24
0.30
0.36
0.40
0.20
0.21
0.56
0.83
0.25
0.28
0.24
0.35
0.40
0.29
0.59
0.79
0.68
0.30
0.25
0.15
0.14
0.35
0.41
0.31
0.64
0.71
0.28
0.19
0.18
0.26
0.70
0.26
0.75
0.54
0.53
0.39
0.33
0.67
0.24
0.25
1.07
0.58
0.47
0.47
0.35
0.54
0.74
0.61
0.56
0.52
0.69
0.43
0.53
0.52
0.41
0.60
0.55
0.54
0.73
0.74
0.54
0.61
0.38
0.33
0.32
0.22
0.17
0.21
0.28
0.22
0.20
0.56
0.46
0.66
1.03
0.56
0.67
0.52
0.19
0.28
0.24
0.33
0.26
0.24
0.20
0.20
0.14
0.56
2.01
0.39
0.48
0.72
0.71
0.55
0.47
0.33
0.49
0.38
1.78
0.41
0.37
0.41
0.19
0.26
0.41
0.92
0.53
0.86
0.40
0.26
0.23
0.90
0.80
0.57
0.29
0.71
0.44
0.39
0.59
0.40
0.38
0.30
0.27
0.26
0.49
0.36
0.54
0.33
0.38
0.19
0.37
0.41
0.67
0.45
0.18
0.34
0.39
0.76
0.29
0.32
0.34
0.26
0.22
0.19
0.33
0.26
0.28
0.49
0.53
0.36
0.46
0.42
0.28
0.29
0.33
0.19
0.27
0.23
0.34
0.26
0.30
0.49
0.65
0.38
0.38
0.54
0.16
0.22
0.34
0.30
0.25
0.23
0.24
0.65
0.47
0.20
0.17
0.21
0.33
0.57
0.26
0.20
0.31
0.46
0.31
0.24
0.62
0.26
0.60
0.44
0.26
0.42
0.46
0.42
0.36
0.44
0.29
0.56
0.41
0.42
0.54
0.34
1.41
0.62
0.28
0.37
0.47
0.66
1.36
0.42
0.34
0.35
0.52
0.30
0.59
0.57
0.42
0.57
0.49
0.49
0.46
0.46
0.56
0.83
0.43
0.38
0.36
0.59
0.42
0.25
0.22
0.43
0.26
0.23
0.40
0.28
0.31
0.39
0.43
0.46
0.72
0.39
0.44
0.46
0.27
0.25
0.30
0.40
0.28
0.33
0.34
0.40
0.48
0.52
0.44
0.50
0.61
0.69
0.59
0.61
0.51
0.54
0.50
0.27
0.25
0.42
0.26
0.39
0.33
0.46
0.58
0.56
0.51
0.37
0.40
0.61
0.51
0.24
0.27
0.34
0.28
0.29
0.30
0.37
0.55
0.52
0.41
0.52
0.50
0.39
0.30
0.31
0.54
0.52
0.43
0.22
0.47
0.42
0.80
0.75
0.51
0.93
0.75
0.30
0.70
1.19
0.97
0.65
0.48
0.28
0.30
0.39
0.53
0.48
0.36
0.57
0.40
0.22
0.24
0.28
0.17
0.42
0.58
0.51
0.39
0.27
0.45
0.20
0.38
0.47
0.75
0.49
0.33
0.29
0.49
0.47
0.49
0.31
0.45
0.35
0.21
0.49
0.72
0.37
0.37
0.35
0.47
0.17
0.24
0.50
0.61
0.59
0.42
0.23
0.47
0.55
0.71
0.20
0.38
0.50
0.47
0.43
0.32
0.29
0.35
0.64
0.74
0.26
0.35
0.40
0.46
0.52
0.33
0.72
0.69
0.59
0.27
0.26
0.17
0.20
0.73
0.64
0.49
0.24
0.57
0.23
0.22
0.39
0.31
0.24
0.39
0.51
0.50
0.17
0.26
0.53
0.23
0.38
0.22
0.51
0.52
0.45
0.48
0.52
0.29
0.37
0.30
0.53
0.51
0.18
0.18
0.39
0.45
0.30
0.24
0.30
0.20
0.35
0.42
0.65
0.30
0.86
0.41
0.18
0.32
0.29
0.33
0.23
0.23
0.60
0.47
0.21
0.22
0.61
0.72
0.81
0.61
0.28
0.35
0.31
0.18
0.37
0.41
0.35
0.66
0.52
0.54
0.37
0.23
0.23
0.56
0.27
0.34
0.56
0.50
0.48
0.20
0.28
0.39
0.25
0.28
0.31
0.41
0.25
0.34
0.46
0.48
0.75
0.67
0.26
0.51
0.25
0.29
0.30
0.33
0.47
0.33
0.79
0.43
0.90
0.30
0.50
0.52
0.48
0.56
0.40
0.61
0.50
0.66
0.76
0.65
0.40
0.29
0.40
0.57
0.24
0.24
0.39
0.30
0.31
0.41
0.29
0.37
0.60
0.74
0.32
0.24
0.45
0.83
0.20
0.47
0.54
0.54
0.55
0.25
0.39
0.34
0.61
0.36
0.27
0.30
0.70
0.27
0.26
0.40
0.51
0.46
0.54
0.47
0.22
0.20
0.37
0.31
0.24
0.46
0.71
0.22
0.57
0.77
0.46
0.32
0.42
0.43
0.23
0.28
1.04
0.97
0.39
0.79
0.38
0.35
0.43
0.29
0.38
0.34
0.33
0.61
0.28
0.43
0.22
0.37
0.52
0.90
0.33
0.54
0.31
0.25
0.38
0.43
0.30
0.31
0.32
0.19
0.22
0.33
0.26
0.45
0.44
0.52
0.54
0.50
0.38
0.31
0.44
0.47
0.45
0.62
0.61
0.75
0.71
0.65
0.73
0.68
0.59
0.32
0.20
0.27
0.33
0.40
0.74
0.63
0.55
0.63
0.51
0.45
0.51
0.51
0.63
0.77
0.55
0.77
0.48
0.50
0.32
0.53
0.31
0.53
0.75
0.72
0.49
0.25
0.36
0.31
0.35
0.59
0.76
0.37
0.38
0.25
0.38
0.46
0.55
0.53
0.59
0.55
0.63
0.37
0.34
0.29
0.53
0.42
0.53
0.43
0.23
0.29
0.44
0.39
0.28
0.29
0.42
0.37
0.20
0.36
0.86
0.62
0.45
0.49
0.25
0.23
0.30
0.41
0.35
0.33
0.36
0.61
0.55
0.52
0.64
0.75
0.53
0.37
0.40
0.29
0.26
0.38
0.31
0.67
0.53
0.51
0.27
0.49
0.58
0.29
0.20
0.27
0.46
0.38
0.88
0.25
0.24
0.26
0.39
0.23
0.52
0.28
0.27
0.36
0.28
0.55
0.29
0.47
0.40
0.37
0.50
0.31
0.44
0.32
0.41
0.28
0.26
0.26
0.55
0.36
0.36
0.33
0.34
1.03
0.60
0.29
0.26
0.33
0.32
0.23
0.43
0.62
0.58
0.52
0.59
0.45
0.23
0.36
0.39
0.54
0.37
0.48
0.38
0.41
0.57
0.34
0.26
0.47
0.48
0.41
0.42
0.53
0.34
0.36
0.37
1.30
2.87
0.52
0.45
0.44
0.69
0.56
0.43
0.42
0.44
0.34
0.33
1.18
0.84
0.27
0.29
0.32
0.81
0.37
0.42
0.30
0.22
0.44
0.53
0.70
0.37
0.63
0.50
0.42
0.27
0.40
0.41
0.35
0.36
0.30
0.39
0.59
0.25
0.39
0.36
0.22
0.42
0.45
0.27
0.33
0.26
0.26
0.54
0.39
0.25
0.61
0.53
0.74
0.73
0.25
0.24
0.28
0.38
0.41
0.25
0.40
0.77
0.37
0.30
0.63
0.64
0.47
0.44
0.46
0.63
0.27
0.42
0.34
0.32
0.89
0.82
0.44
0.33
0.34
0.27
0.35
0.26
0.42
0.54
0.34
0.36
0.83
0.69
0.33
0.30
0.59
0.39
0.39
0.39
0.48
0.52
0.62
0.61
1.11
0.29
0.31
0.23
0.48
0.32
0.46
0.24
0.56
0.43
0.38
0.62
0.87
0.37
0.30
0.50
0.36
0.27
0.37
0.21
0.30
0.30
0.23
0.34
0.44
0.64
0.51
0.47
0.41
0.46
0.30
0.36
0.53
0.31
0.28
0.29
0.91
1.33
0.70
0.65
0.44
0.35
0.26
0.52
0.49
0.35
0.43
0.20
0.26
0.34
0.45
0.27
0.45
0.27
0.46
0.55
0.28
0.21
0.20
0.23
0.35
0.52
0.65
0.42
0.33
0.54
0.29
0.40
0.70
0.47
0.43
0.25
0.24
0.36
0.38
0.39
0.41
0.50
0.35
0.35
0.36
0.51
0.37
0.22
0.39
0.35
0.27
0.31
0.33
0.46
0.36
0.33
0.54
0.63
0.85
0.62
0.62
0.35
0.57
0.64
0.62
0.68
0.71
0.58
0.56
0.45
0.31
0.36
0.29
0.45
1.05
0.65
0.45
0.30
0.34
0.41
0.50
0.32
0.20
0.22
0.44
0.30
0.38
0.46
0.37
0.40
0.43
0.50
0.37
0.35
0.39
0.33
0.59
0.47
0.49
0.39
0.54
0.48
0.46
0.28
0.55
0.83
0.33
0.40
0.39
0.47
0.22
0.34
0.54
1.12
0.69
0.62
0.44
0.39
0.38
0.31
0.36
0.50
0.33
0.39
0.18
0.33
0.40
0.66
0.47
0.32
0.27
0.30
0.39
0.31
0.40
0.55
0.31
0.28
0.34
0.68
0.58
0.62
0.44
0.72
1.07
1.11
0.53
0.41
0.39
0.34
0.44
0.44
0.41
0.41
0.25
0.49
0.38
0.35
0.25
1.11
0.39
0.32
0.54
0.24
0.51
0.69
0.43
0.47
0.45
0.36
0.47
0.44
0.42
0.52
0.26
0.30
0.35
0.46
0.55
0.32
0.34
0.30
0.22
0.38
0.48
0.44
0.31
0.35
0.52
0.39
0.23
0.38
0.29
0.31
0.21
0.64
0.53
0.36
0.32
0.29
0.38
0.28
0.24
0.21
0.19
0.31
0.47
0.41
0.60
0.27
0.29
0.35
0.63
0.27
0.18
0.24
0.22
0.25
0.45
0.20
0.23
0.34
0.27
0.53
0.22
0.33
0.25
0.27
0.45
0.55
0.33
0.47
0.48
0.37
0.40
0.29
0.25
0.26
0.41
0.32
0.50
0.28
0.27
0.18
0.24
0.24
0.24
0.26
0.34
0.23
0.31
0.48
0.35
0.81
0.41
0.68
0.26
0.48
0.42
0.43
0.46
0.26
0.33
0.30
0.30
0.36
0.38
0.30
0.30
0.30
0.18
0.54
0.18
0.23
0.25
0.18
0.33
0.39
0.35
0.44
1.48
0.51
0.25
0.79
0.48
0.59
0.60
0.51
0.38
0.43
0.42
0.60
0.24
0.36
0.59
0.30
0.36
0.44
0.32
0.52
0.36
0.19
0.25
0.27
0.34
0.55
0.47
0.65
0.34
0.92
0.64
0.55
0.33
0.46
0.72
0.41
0.43
0.77
0.25
0.39
0.28
0.25
0.16
0.42
0.90
0.42
0.51
0.54
0.30
0.42
0.36
0.51
0.41
0.41
0.53
0.41
0.22
0.29
0.33
0.35
0.29
0.54
0.31
0.20
0.22
0.47
0.30
0.53
0.57
1.00
0.42
0.48
0.36
0.47
0.65
0.54
0.51
0.34
0.57
0.32
0.35
0.22
0.68
0.28
0.46
0.26
0.27
0.33
0.85
0.49
0.45
0.36
0.23
0.52
0.78
0.72
0.40
0.25
0.43
0.59
0.39
0.34
0.32
0.38
0.38
0.37
0.82
0.36
0.66
0.31
0.42
0.38
0.39
0.27
0.27
0.21
0.27
0.52
0.25
0.31
0.35
0.38
0.22
0.25
0.66
0.52
0.52
0.52
0.58
0.65
0.52
0.71
0.57
0.55
0.32
0.36
0.29
0.40
0.36
0.40
0.22
0.40
0.42
0.33
0.44
0.30
0.27
0.36
0.57
0.36
0.41
0.27
0.29
0.29
0.37
0.39
0.42
0.38
0.57
0.66
0.39
0.34
0.28
0.66
0.54
0.43
0.45
0.52
0.64
0.74
0.43
0.29
0.34
0.28
0.36
0.44
0.25
0.31
0.39
0.37
0.26
0.24
0.35
0.26
0.35
0.27
0.28
0.29
0.28
0.35
0.28
0.33
0.32
0.38
0.35
0.36
0.31
0.20
0.28
0.27
0.35
0.42
0.32
0.43
0.41
0.35
0.28
0.35
0.30
0.26
0.40
0.38
0.30
0.30
0.34
0.27
0.24
0.32
0.36
0.37
0.29
0.30
0.51
0.71
0.62
0.33
0.23
0.59
0.52
0.31
0.23
0.18
0.25
0.22
0.26
0.26
0.20
0.24
0.35
0.29
0.34
0.47
0.42
0.33
0.50
0.55
0.54
0.36
0.50
0.52
0.54
0.47
0.29
0.23
0.52
0.52
0.43
0.26
0.21
0.38
0.33
0.40
0.28
0.21
0.17
0.63
0.79
0.39
0.32
0.19
0.46
0.74
0.48
0.25
0.23
0.31
0.39
0.23
0.40
0.21
0.38
0.31
0.27
0.49
0.52
0.38
0.41
0.57
0.43
0.31
0.22
0.40
0.36
0.27
0.70
0.38
0.28
0.22
0.45
0.70
0.75
0.63
0.68
0.52
0.31
0.47
0.29
0.62
0.49
0.56
0.63
0.45
0.29
0.38
0.53
0.88
0.26
0.38
0.26
0.29
0.57
0.46
0.27
0.30
0.54
0.58
0.39
0.68
0.28
0.20
0.25
0.61
0.53
0.55
0.54
0.28
0.99
0.77
0.67
0.61
0.51
0.58
0.69
0.42
0.64
0.99
0.76
0.75
0.67
0.64
0.50
0.61
0.53
1.03
0.98
0.67
1.13
1.45
1.67
1.16
0.90
0.87
1.14
0.94
1.05
0.96
1.38
0.93
0.83
1.33
1.16
0.85
0.90
0.87
0.78
1.21
0.70
1.06
1.45
1.59
1.57
0.94
0.56
0.74
1.48
0.92
0.53
1.95
2.03
1.64
1.10
0.96
1.35
2.02
1.71
1.00
1.47
0.84
1.74
1.64
1.16
0.99
0.77
0.69
0.69
0.62
0.84
1.47
0.93
1.13
1.47
1.91
2.04
1.50
1.43
0.94
0.94
0.64
0.87
1.10
0.75
1.30
1.22
1.16
1.07
0.98
1.11
1.14
1.40
1.06
1.22
1.18
0.55
1.23
0.82
0.69
1.00
1.29
1.24
0.71
1.16
0.54
1.09
0.83
1.06
0.95
0.73
1.01
0.74
0.94
0.90
0.77
0.77
0.99
1.13
1.10
0.73
0.89
0.70
0.73
0.85
1.01
0.78
0.62
0.95
1.03
0.75
0.75
0.90
0.69
1.20
1.57
1.15
0.79
0.72
1.16
0.68
0.57
0.54
1.12
0.73
0.73
0.64
1.31
0.96
0.73
0.69
0.85
1.01
0.71
0.93
0.83
0.62
0.64
0.85
0.96
0.67
1.06
0.89
0.89
0.99
0.90
0.91
0.94
0.97
0.94
0.84
1.22
1.05
1.08
1.00
1.04
1.52
1.21
1.04
1.59
1.20
1.54
1.18
1.45
1.87
2.08
1.85
1.27
0.89
0.90
1.38
1.60
1.12
1.39
1.66
2.16
1.11
1.05
1.06
1.29
1.07
1.22
1.80
1.30
1.41
1.28
1.33
1.17
1.00
1.35
0.88
1.13
1.39
1.64
1.90
2.04
1.54
1.31
0.82
0.74
0.72
0.99
1.28
0.59
0.53
0.66
0.76
0.96
1.26
0.94
1.00
0.99
0.61
0.54
0.57
0.65
0.44
0.77
0.56
0.55
0.52
0.62
0.66
0.54
0.83
0.75
0.65
0.56
0.61
1.04
0.88
0.86
0.90
0.82
0.91
1.08
1.32
1.10
0.68
0.55
0.95
0.63
0.91
1.50
2.17
2.09
2.17
0.93
0.67
1.10
0.79
0.86
1.22
1.04
1.32
1.78
1.44
1.02
1.84
1.01
1.03
1.18
0.97
1.06
1.65
1.09
1.06
0.71
0.95
0.89
0.60
0.68
0.77
1.01
0.73
0.80
0.92
0.96
1.09
0.72
0.66
0.78
0.58
0.66
0.54
0.52
0.47
0.66
1.03
0.58
0.62
0.47
0.54
0.54
0.63
0.69
0.53
0.53
0.58
0.61
0.56
0.63
0.49
0.45
0.42
0.36
0.61
0.42
0.47
0.46
0.45
0.54
0.50
0.70
0.43
0.46
0.67
0.57
0.51
0.53
0.61
0.42
0.55
0.58
0.93
0.61
0.64
0.50
0.55
0.49
0.36
0.45
1.20
0.78
0.40
0.49
0.55
0.64
0.50
0.62
0.47
0.44
0.37
0.54
0.39
0.53
0.55
0.61
0.54
0.34
0.56
0.48
0.43
0.39
0.50
0.73
0.63
0.71
0.59
0.55
0.63
0.63
0.95
1.09
0.68
0.69
0.43
0.37
0.55
0.83
0.91
0.75
0.62
0.54
0.90
0.93
0.83
0.69
0.51
0.55
0.55
0.50
0.91
0.63
0.93
0.64
0.53
0.57
0.44
0.37
0.71
0.64
0.33
0.57
0.56
0.89
0.79
0.53
0.64
0.66
0.58
0.49
0.48
0.58
0.57
0.62
0.54
1.20
1.22
0.83
0.67
0.59
0.64
0.65
0.59
1.04
1.04
1.11
1.49
1.65
1.69
0.69
0.76
0.67
0.68
0.73
0.95
0.65
0.48
0.48
0.53
0.58
0.49
0.49
0.52
0.73
0.67
0.68
0.68
0.83
0.59
0.62
0.69
0.46
1.01
0.90
0.82
0.77
0.49
0.70
0.77
0.46
0.74
0.67
0.67
0.63
0.64
0.73
0.87
0.67
0.43
0.58
0.84
0.82
0.69
0.62
0.72
0.62
0.63
0.77
0.50
0.65
0.64
0.68
0.70
1.18
0.61
0.57
0.66
0.77
0.47
0.58
0.48
0.52
0.51
0.53
0.76
0.64
0.61
0.49
0.52
0.64
0.77
0.70
0.63
0.54
0.60
0.51
0.64
0.57
0.54
0.54
0.52
0.37
0.46
0.55
0.82
0.48
0.48
0.46
0.66
0.56
0.50
0.78
0.55
0.59
0.69
0.63
0.58
0.63
0.78
0.47
0.63
0.61
0.68
0.65
0.68
0.53
0.62
0.71
0.90
0.53
0.52
0.44
0.70
0.59
0.57
0.80
0.47
0.43
0.78
0.72
0.62
0.74
0.56
0.64
0.65
0.55
0.67
0.65
0.61
0.53
0.55
0.87
0.82
0.70
0.52
0.60
0.53
0.70
0.48
0.40
0.50
0.66
0.81
0.97
0.57
0.81
0.70
0.69
0.61
0.57
0.63
0.64
0.68
0.48
0.60
0.53
0.58
0.63
0.51
0.65
0.62
0.52
0.59
0.49
0.50
0.48
0.53
0.56
0.48
0.54
0.55
0.50
0.50
0.51
0.76
1.08
0.86
0.55
0.53
0.46
0.54
0.52
0.52
0.49
0.56
0.47
0.57
0.56
1.39
1.30
0.78
0.56
0.50
0.54
0.56
0.49
0.55
0.56
0.53
0.68
0.62
0.49
0.31
0.47
0.47
0.48
0.48
0.60
0.65
0.49
0.43
0.48
0.90
0.77
0.54
0.52
0.39
0.50
0.47
0.44
0.56
0.64
0.54
0.57
0.55
0.50
0.57
0.53
0.60
0.61
0.85
0.64
0.52
0.54
0.54
0.34
0.42
0.61
0.63
0.55
0.50
0.62
0.41
0.40
0.66
0.80
0.59
0.54
0.60
0.50
0.70
0.57
0.50
0.60
0.65
0.59
0.49
0.50
0.48
0.55
0.50
0.70
0.64
0.55
0.59
0.42
0.52
0.45
0.66
0.58
0.49
0.61
0.56
0.70
0.56
0.74
0.71
0.55
0.70
0.70
0.56
0.76
0.61
0.67
0.46
0.50
0.45
0.43
0.42
0.36
0.40
0.47
0.40
0.42
0.43
0.46
0.47
0.52
0.43
0.55
0.48
0.44
0.60
0.44
0.66
0.62
0.57
0.61
0.46
0.57
0.53
0.59
0.62
0.87
0.77
0.54
0.63
0.51
0.45
0.53
0.69
0.70
0.70
0.49
0.43
0.67
0.58
0.63
0.66
0.44
0.44
0.53
0.65
0.58
0.56
0.74
0.67
0.59
0.47
0.32
0.48
0.56
0.36
0.70
0.60
0.48
0.56
0.67
0.30
0.46
0.51
0.70
0.45
0.50
0.65
0.68
0.65
0.56
0.46
0.57
0.53
0.57
0.43
0.63
0.60
0.56
0.63
0.47
0.60
0.59
0.46
0.49
0.77
0.55
0.54
0.56
0.62
0.51
0.57
0.50
0.55
0.56
0.64
0.66
0.65
0.51
0.46
0.41
0.42
0.35
0.67
0.58
0.58
0.52
0.62
0.47
0.66
0.62
0.59
0.46
0.56
0.76
0.58
0.44
0.52
0.42
0.47
0.43
0.55
0.43
0.59
0.47
0.59
0.49
0.43
0.40
0.48
0.70
0.60
0.49
0.49
0.62
0.32
0.56
0.47
0.60
0.51
0.37
0.42
0.54
0.59
0.53
0.62
0.37
0.38
0.55
0.41
0.49
0.55
0.58
0.53
0.35
0.44
0.31
0.63
0.49
0.36
0.48
0.62
0.51
0.39
0.56
0.51
0.30
0.35
0.48
0.40
0.53
0.70
0.58
0.40
0.55
0.41
0.45
0.36
0.51
0.45
0.41
0.43
0.45
0.50
0.56
0.53
0.45
0.64
0.41
0.35
0.32
0.53
0.34
0.38
0.39
0.49
0.38
0.48
0.42
0.65
0.57
0.49
0.50
0.48
0.47
0.63
0.84
0.74
0.40
0.47
0.46
0.34
0.47
0.62
0.55
0.43
0.59
0.75
0.50
0.37
0.57
0.63
0.64
0.51
0.46
0.44
0.38
0.33
0.33
0.56
0.93
0.59
0.42
0.42
0.53
0.54
0.55
0.43
0.51
0.53
0.69
0.65
0.77
0.47
0.46
0.40
0.30
0.29
0.24
0.47
0.70
0.44
0.37
0.53
0.52
0.56
0.40
0.49
0.45
0.58
0.45
0.40
0.42
0.31
0.56
0.66
0.58
0.37
0.42
0.50
0.48
0.49
0.50
0.37
0.61
0.44
0.54
0.63
0.58
0.50
0.56
0.67
1.09
0.90
0.42
0.57
0.73
0.45
0.41
0.45
0.43
0.56
0.60
0.52
0.59
0.56
0.55
0.50
0.66
0.46
0.52
0.56
0.62
0.57
0.64
0.55
0.58
0.56
0.46
0.38
0.48
0.72
0.49
0.35
0.50
0.38
0.54
0.43
0.73
0.66
0.44
0.43
0.46
0.49
0.44
0.38
0.48
0.53
0.52
0.38
0.46
0.44
0.44
0.46
0.53
0.57
0.45
0.43
0.59
0.46
0.73
0.40
0.69
0.81
0.32
0.43
0.64
0.75
0.36
0.62
0.62
0.43
0.45
0.56
0.68
0.48
0.41
0.60
0.25
0.41
0.35
0.35
0.38
0.47
0.55
0.54
0.44
0.51
0.39
0.73
0.76
0.61
0.55
0.51
0.54
0.30
0.50
0.60
0.53
0.52
0.32
0.47
0.57
0.41
0.34
0.66
0.69
0.57
1.10
0.32
0.35
0.52
0.31
0.48
0.51
0.45
0.38
0.61
0.51
0.41
0.52
0.35
0.42
0.55
0.46
0.54
0.43
0.48
0.57
0.61
0.42
0.57
0.62
0.65
0.42
0.55
0.55
0.43
0.50
0.51
0.51
0.56
0.43
0.48
0.50
0.40
0.85
0.58
0.36
0.46
0.45
0.57
0.40
0.55
0.48
0.37
0.43
0.72
0.35
0.46
0.46
0.54
0.40
0.46
0.47
0.41
0.39
0.43
0.61
0.45
0.66
0.56
0.51
0.46
0.32
0.48
0.56
0.54
0.58
0.37
0.42
0.41
0.38
0.36
0.40
0.46
0.32
0.46
0.46
0.43
0.53
0.55
0.43
0.39
0.46
0.50
0.35
0.42
0.38
0.30
0.31
0.28
0.30
0.50
0.32
0.49
0.44
0.63
0.46
0.40
0.60
0.42
0.50
0.56
0.35
0.45
0.50
0.56
0.76
0.62
0.51
0.48
0.51
0.67
0.42
0.47
0.64
0.75
0.55
0.38
0.36
0.34
0.34
0.53
0.44
0.32
0.43
0.49
0.32
0.42
0.48
0.48
0.49
0.37
0.44
0.44
0.44
0.33
0.54
0.57
0.58
0.67
0.39
0.30
0.31
0.32
0.47
0.42
0.57
0.52
0.80
0.51
0.37
0.31
0.48
0.50
0.52
0.51
0.30
0.30
0.48
0.46
0.57
0.72
0.53
0.59
0.57
0.50
0.61
0.65
0.54
0.74
0.53
0.31
0.51
0.45
0.39
0.36
0.40
0.54
0.51
0.37
0.41
0.39
0.35
0.40
0.49
0.50
0.28
0.47
0.40
0.28
0.47
0.43
0.35
0.36
0.54
0.42
0.42
0.43
0.44
0.29
0.30
0.31
0.33
0.45
0.40
0.55
0.39
0.29
0.39
0.46
0.31
0.40
0.42
0.39
0.55
0.56
0.32
0.36
0.42
0.52
0.39
0.34
0.39
0.34
0.38
0.37
0.44
1.10
0.52
0.45
0.50
0.40
0.31
0.40
0.30
0.38
0.31
0.46
0.40
0.52
0.42
0.59
0.45
0.41
0.41
0.43
0.44
0.54
0.38
0.39
0.47
0.49
0.39
0.50
0.33
0.40
0.44
0.37
0.33
0.29
0.47
0.41
0.47
0.60
0.33
0.38
0.37
0.50
0.40
0.56
0.44
0.71
0.56
0.39
0.73
0.49
0.33
0.48
0.46
0.42
0.24
0.46
0.41
0.47
0.46
0.37
0.46
0.59
0.35
0.28
0.39
0.39
0.24
0.45
0.26
0.37
0.45
0.34
0.30
0.50
0.34
0.38
0.53
0.52
0.33
0.41
0.27
0.37
0.40
0.37
0.52
0.61
0.42
0.35
0.28
0.69
0.51
0.38
0.49
0.42
0.40
0.44
0.39
0.24
0.45
0.48
0.46
0.44
0.37
0.34
0.55
0.94
0.63
0.64
0.59
