19790101
7.50
10.25
4.50
12.25
11.00
10.50
14.50
15.50
15.75
16.50
10.00
4.75
8.00
4.50
4.75
7.25
13.25
4.50
5.00
5.00
4.75
4.50
5.00
5.75
13.75
16.75
13.75
13.50
5.00
5.00
9.25
18.25
17.00
5.00
5.00
5.25
17.25
4.50
10.00
10.50
5.25
5.50
4.75
5.00
9.75
13.75
21.00
22.00
20.50
6.00
16.00
14.25
19.00
10.00
17.75
6.50
21.25
7.00
16.75
13.75
6.50
6.50
20.75
6.50
7.00
8.25
6.50
8.25
19.75
7.25
7.00
6.75
7.00
7.00
6.75
7.00
6.75
6.50
7.25
25.00
7.25
9.25
14.75
7.50
7.25
6.50
7.50
10.00
19.50
23.00
13.25
8.00
7.75
12.00
8.00
7.75
7.75
26.50
8.00
8.50
23.75
16.25
21.00
18.50
8.25
14.50
20.00
15.00
23.50
30.50
30.75
29.50
28.00
23.75
20.50
31.25
30.75
18.50
23.00
24.25
8.00
10.00
8.75
15.50
21.00
17.50
15.25
23.25
19.50
16.25
13.75
23.25
8.50
8.25
8.75
18.00
18.75
28.00
32.00
31.25
31.50
29.00
16.75
11.75
8.50
10.00
8.00
8.25
9.00
28.50
30.50
32.00
26.25
24.50
27.75
10.75
9.25
13.25
29.00
32.75
9.75
8.25
8.25
22.50
33.00
32.00
28.75
8.75
17.00
26.25
19.75
12.25
24.50
29.75
21.75
24.50
23.25
17.75
16.00
14.25
17.50
23.00
30.25
32.50
31.25
32.75
29.00
32.00
32.25
31.50
28.75
22.50
28.75
30.25
32.00
31.50
32.25
32.50
28.00
26.50
21.00
30.75
32.25
31.75
28.75
24.25
15.75
30.75
26.50
10.00
21.25
29.75
30.25
18.50
20.50
31.00
31.50
30.25
30.75
30.75
30.25
20.00
20.00
17.75
28.00
29.00
29.00
28.50
27.75
25.50
21.00
16.00
9.75
9.25
23.75
22.50
22.50
22.50
24.00
23.25
20.25
23.75
23.75
24.00
13.25
23.75
12.00
22.50
20.50
24.25
21.25
17.25
11.25
11.75
23.75
25.00
25.75
24.50
25.50
24.75
11.75
25.50
26.00
25.50
25.50
24.25
7.50
6.50
7.00
24.75
24.75
24.25
24.50
24.75
23.75
24.50
24.25
24.50
24.25
24.00
23.75
23.50
23.50
23.25
23.25
23.00
22.50
22.00
22.25
22.00
22.00
21.75
21.50
21.75
22.00
21.25
21.00
20.75
11.00
20.75
19.25
20.25
20.00
20.25
20.25
12.75
19.25
15.25
17.00
19.00
18.75
17.75
17.00
18.00
17.75
5.00
18.75
18.75
18.25
17.25
5.00
16.00
18.25
12.00
4.75
4.75
17.25
10.00
17.25
6.75
4.50
16.75
17.50
17.00
11.50
16.75
14.00
14.00
14.75
11.25
15.00
15.75
15.75
12.75
9.25
5.50
15.00
16.00
16.00
16.25
15.50
9.75
15.25
15.75
14.75
8.25
5.75
16.00
15.75
13.75
14.00
14.50
14.75
15.75
15.75
15.25
15.50
15.00
4.25
4.25
4.25
17.00
11.00
17.50
17.00
15.25
4.50
4.50
10.25
17.75
5.00
4.75
17.50
5.75
11.25
4.50
15.25
11.00
15.25
16.00
16.25
15.25
4.75
5.00
5.25
17.75
5.25
5.25
4.75
5.25
5.00
5.25
5.25
5.50
8.50
5.50
12.00
5.00
5.25
4.25
19.50
15.75
20.25
16.25
12.25
5.75
15.25
6.50
5.50
11.00
7.00
6.00
17.50
20.75
9.00
9.75
9.75
8.75
7.75
8.00
6.00
6.50
6.75
17.25
6.50
8.50
7.25
11.00
7.25
7.50
6.75
20.75
11.75
8.00
15.75
20.50
20.50
23.25
8.00
9.50
7.50
7.75
11.00
21.50
10.75
7.75
10.50
27.25
7.50
24.00
28.50
7.75
11.75
7.25
10.25
7.50
17.50
11.00
7.75
10.25
29.75
30.25
31.25
31.00
10.50
8.50
9.50
16.50
8.25
8.25
8.25
8.25
22.00
9.00
8.25
13.50
8.25
8.75
20.50
14.25
20.75
8.75
10.00
8.25
30.00
9.50
11.25
22.75
26.25
31.25
16.00
8.75
31.25
30.00
26.50
8.50
20.25
26.50
22.75
16.00
18.50
12.50
32.00
31.00
28.25
19.75
24.50
10.75
12.25
8.25
16.50
14.75
19.75
9.00
10.00
18.75
28.25
30.75
32.00
21.75
21.00
30.25
29.75
31.50
28.75
32.75
31.25
19.25
30.00
32.50
33.00
32.50
33.00
25.25
12.75
28.75
33.00
32.00
32.75
27.25
32.00
26.00
17.75
20.50
29.50
30.00
30.75
26.50
10.75
8.25
14.50
30.25
32.00
32.00
20.50
32.50
31.75
31.75
31.00
31.00
30.50
31.75
32.00
30.00
13.75
15.25
19.50
23.00
31.00
32.00
29.75
11.50
17.50
9.75
14.00
13.75
30.50
28.25
17.75
27.50
24.75
11.75
21.25
28.50
28.50
29.00
27.75
25.75
29.75
28.75
29.50
29.25
28.50
29.25
27.00
21.50
7.25
18.25
13.25
21.00
24.50
25.75
27.25
27.25
26.25
24.00
24.50
23.25
16.50
27.50
27.00
27.25
27.25
26.50
16.75
25.50
24.75
7.25
6.75
11.50
16.00
12.50
6.50
6.50
13.25
24.50
24.50
24.25
21.75
24.25
24.00
24.25
23.75
23.25
23.00
23.00
23.00
22.75
22.50
22.25
16.25
16.25
22.00
21.75
21.50
5.50
5.75
15.75
20.75
19.75
6.25
5.25
5.50
21.00
20.75
20.25
19.25
13.50
15.00
19.75
19.25
19.25
19.25
19.25
19.25
18.50
18.00
18.25
18.25
18.25
18.00
16.50
15.50
17.50
17.50
17.00
15.75
14.50
4.75
4.00
12.25
13.50
11.75
15.25
13.75
14.50
8.75
10.75
15.25
11.00
14.50
15.75
14.00
14.00
13.25
3.50
4.50
9.25
16.50
16.50
11.75
17.50
16.25
5.00
8.25
3.00
6.00
4.00
8.25
15.00
16.25
5.00
16.25
16.50
4.75
11.25
4.50
13.25
16.75
15.75
6.00
14.75
15.75
17.50
13.75
7.50
4.50
4.25
3.75
4.00
5.25
16.50
17.50
17.50
17.50
17.75
17.50
18.25
17.50
17.50
17.75
15.50
12.00
13.75
11.00
4.50
4.50
5.00
5.00
5.25
5.00
4.75
5.50
7.50
5.25
5.25
5.00
5.00
18.75
5.50
20.00
8.25
18.25
12.00
17.25
18.00
15.25
6.50
5.75
5.50
5.75
5.25
9.25
7.00
9.50
9.50
6.25
7.25
6.25
6.00
6.50
6.50
8.00
6.50
24.25
6.50
23.00
6.75
21.50
6.50
7.00
18.00
22.75
16.75
6.75
7.50
6.75
12.50
10.00
16.00
24.50
7.25
8.25
8.75
15.75
27.50
12.50
18.00
9.00
9.00
23.50
23.75
21.75
11.25
19.00
13.25
8.50
7.75
6.50
12.75
9.00
8.75
18.00
28.25
8.25
8.75
26.25
27.75
13.50
8.25
11.25
8.25
16.50
9.50
24.25
9.50
8.50
10.75
21.00
8.50
22.00
23.50
27.00
8.25
25.50
19.50
27.75
32.00
32.00
24.75
15.50
10.00
8.25
22.00
10.00
8.25
30.75
32.50
28.75
24.50
8.50
8.50
12.25
28.25
31.75
9.75
8.00
8.75
12.75
9.25
8.50
12.50
8.25
8.50
19.25
8.25
8.25
8.50
19.25
32.75
32.00
31.00
23.75
8.50
8.50
21.75
13.50
29.25
32.00
29.50
29.50
31.50
31.25
23.75
30.25
28.00
20.25
19.75
31.75
26.50
15.00
12.75
12.75
29.00
32.00
32.75
32.75
29.00
22.25
23.25
27.75
31.00
24.25
28.50
26.75
29.25
32.00
27.75
31.00
31.25
32.00
9.00
19.50
19.00
30.00
13.00
10.25
8.50
9.75
24.75
25.50
22.75
10.75
30.25
24.00
26.50
28.25
24.75
29.50
30.25
30.50
30.50
24.00
30.25
30.25
27.25
25.75
29.00
25.00
29.75
30.00
28.25
26.50
29.00
29.25
29.75
26.25
27.75
21.75
23.75
21.50
21.25
28.25
23.00
23.00
18.25
25.00
25.25
12.75
24.50
14.75
18.50
23.00
12.25
20.00
15.25
12.00
7.25
7.25
6.50
16.50
18.75
18.00
25.25
6.75
7.00
10.00
11.25
8.75
23.50
23.50
25.00
23.25
24.00
12.75
21.75
14.25
23.25
15.50
19.25
10.50
14.25
6.50
11.75
15.25
18.50
21.75
18.75
21.50
18.00
9.00
7.50
7.25
16.25
15.25
5.75
9.00
21.25
21.00
20.00
20.00
19.25
19.00
18.25
8.00
16.00
5.25
5.25
5.00
9.50
5.25
5.25
5.50
6.25
18.75
18.25
8.25
16.75
17.50
6.75
4.75
7.50
16.00
17.25
16.00
16.75
15.25
5.00
4.25
4.00
4.50
5.00
13.25
15.50
9.25
16.50
17.25
17.00
16.00
16.50
16.00
16.25
16.75
16.25
16.00
15.50
16.00
5.25
14.50
16.25
16.50
4.50
4.75
16.50
17.00
16.75
11.50
16.75
16.00
15.75
16.00
15.75
13.75
11.25
4.50
11.25
12.25
8.75
15.50
4.25
6.00
7.50
14.75
15.75
17.25
17.50
17.00
4.00
5.00
4.50
15.75
13.50
18.00
18.00
18.75
12.75
15.50
12.00
8.75
16.50
16.75
4.75
5.25
4.25
4.75
9.75
14.25
17.00
6.25
4.50
11.25
5.50
5.25
4.75
5.25
5.25
5.25
5.25
5.50
5.25
5.75
5.50
5.25
18.25
6.50
11.50
15.50
19.50
6.25
5.75
7.25
6.25
6.00
6.25
5.50
8.00
7.75
7.00
9.75
9.25
6.50
6.50
6.75
6.75
7.25
6.50
10.00
6.25
10.25
7.25
10.25
15.00
21.25
14.50
16.25
16.00
20.00
22.50
9.50
8.00
7.25
8.00
7.50
7.75
24.25
23.00
19.75
12.00
8.50
7.75
9.50
9.50
28.25
9.50
19.50
29.75
26.75
21.50
8.50
28.00
29.75
22.25
13.00
15.75
8.75
9.00
8.00
8.00
18.75
9.50
14.25
21.75
28.00
21.25
8.25
10.75
18.75
17.75
27.50
27.00
8.50
8.50
8.00
26.25
28.25
9.75
8.25
12.25
8.50
8.75
9.00
13.25
22.00
27.25
23.50
28.75
30.25
32.00
32.00
27.00
26.50
15.75
8.50
8.00
10.00
23.75
28.25
16.00
8.75
31.75
31.00
21.25
8.50
8.25
8.75
9.00
9.75
14.50
21.00
10.50
9.00
9.50
9.50
8.25
9.25
10.25
20.00
28.00
8.50
8.75
9.25
32.00
32.50
28.50
27.50
20.25
13.75
9.75
9.75
8.25
8.25
17.00
10.50
11.75
28.50
26.25
29.75
28.00
32.00
22.50
17.75
31.50
32.00
23.75
26.25
23.25
32.00
32.00
32.00
27.50
31.25
26.75
23.75
30.25
31.50
12.75
8.25
12.25
21.75
13.50
20.25
26.25
28.50
26.75
26.25
30.25
32.00
31.50
25.75
29.75
26.50
29.50
15.75
11.75
9.25
13.00
12.50
26.25
28.50
30.00
27.50
26.50
24.75
27.75
28.25
20.00
21.50
26.50
23.50
21.25
28.00
28.00
26.50
27.25
26.50
27.50
24.00
24.75
14.50
7.00
7.25
6.75
4.75
14.75
11.75
21.00
23.75
24.75
20.75
10.25
12.75
16.25
24.75
23.50
23.00
22.50
24.00
23.50
16.75
22.00
23.50
22.75
19.25
17.50
18.75
22.25
21.25
23.25
23.25
21.25
22.75
23.00
22.25
21.00
20.50
14.50
15.25
15.50
21.50
5.00
21.00
6.50
5.50
5.25
5.25
7.50
6.00
8.50
9.50
7.00
5.50
6.25
18.75
15.00
8.00
15.75
5.00
5.75
5.25
19.25
18.75
15.00
10.50
10.00
4.75
5.00
13.75
4.50
12.50
14.25
14.50
4.50
5.00
5.75
5.75
4.50
5.75
4.00
4.75
15.25
13.75
6.00
13.00
6.50
4.25
4.50
4.50
4.00
5.50
6.75
4.00
12.50
14.75
15.75
16.00
15.25
16.50
16.25
16.25
12.75
16.00
16.25
16.00
5.25
4.25
16.25
16.75
16.50
15.00
16.00
9.00
13.50
4.25
13.50
4.50
4.25
4.25
3.75
4.50
4.50
4.50
4.50
3.50
4.25
4.75
14.00
13.00
4.75
4.25
5.00
18.00
4.75
10.50
15.75
18.25
18.75
18.25
18.75
12.75
10.50
15.00
8.25
5.75
5.25
16.00
7.50
5.25
13.75
7.50
14.25
15.50
5.25
6.75
11.50
19.25
5.75
5.50
5.75
20.75
20.25
8.50
6.00
6.00
6.00
5.75
6.00
6.25
6.00
6.00
5.75
6.25
20.50
8.00
6.75
25.50
25.00
6.50
8.50
6.75
7.00
6.50
6.75
23.25
7.00
6.75
8.00
7.25
25.25
6.75
6.50
11.50
10.00
15.25
7.75
7.00
19.00
7.00
7.25
7.75
7.50
10.25
26.25
17.25
26.75
9.25
9.25
9.75
20.75
8.50
10.00
24.25
19.75
25.50
11.50
9.25
7.25
8.00
7.75
7.25
10.25
9.50
10.25
12.00
8.00
22.00
24.25
30.00
29.75
23.00
8.50
8.25
8.75
8.00
22.00
20.00
15.00
22.50
30.50
26.75
8.50
8.50
14.75
19.75
30.00
24.50
9.50
13.00
26.25
27.50
15.50
14.00
21.25
28.75
30.50
9.75
19.25
12.50
19.50
14.50
14.50
10.00
25.75
16.50
9.00
24.50
19.25
28.50
30.50
32.75
31.50
28.25
25.00
29.75
24.50
12.75
15.00
9.75
8.50
9.75
14.75
14.00
25.25
18.00
31.00
32.00
32.75
32.75
32.00
29.00
26.25
30.25
25.00
21.50
12.50
22.75
28.75
26.25
32.50
11.50
20.75
29.50
20.25
25.75
22.00
20.75
30.25
24.25
28.25
24.75
26.25
32.00
32.25
32.25
30.50
29.50
31.75
27.00
15.75
25.75
29.00
32.50
33.00
31.25
33.00
31.25
33.50
31.00
32.25
30.25
25.00
29.00
24.50
30.25
31.00
32.50
29.25
19.00
20.75
25.50
26.50
26.00
29.00
22.75
13.25
20.25
23.25
7.75
9.25
24.00
28.50
30.00
27.00
27.50
25.50
21.50
25.75
8.50
23.00
27.25
25.50
27.75
25.50
21.75
18.00
17.75
17.75
25.00
27.25
26.25
26.50
23.75
10.00
11.75
17.75
25.25
23.25
24.75
24.75
13.00
23.75
24.50
23.00
12.25
6.50
18.00
11.75
22.50
19.25
23.25
24.00
22.25
12.25
22.00
23.25
24.50
9.25
10.00
5.75
19.50
18.25
21.75
23.00
22.75
20.50
17.25
18.25
6.00
8.00
16.75
5.75
5.25
13.75
12.50
11.50
18.00
20.25
20.25
19.75
14.00
19.25
18.50
17.50
19.25
17.00
5.25
4.75
5.00
15.00
6.25
15.25
17.50
18.75
18.75
17.75
17.50
18.00
17.00
16.50
17.25
17.25
18.00
18.50
17.50
17.50
17.00
17.50
17.25
17.25
17.00
16.50
17.00
16.50
16.50
16.25
16.00
14.50
15.00
14.75
12.50
12.75
13.75
4.25
4.50
4.50
4.50
4.00
4.25
4.50
4.50
10.75
14.75
4.75
4.50
4.50
4.25
4.00
3.50
10.00
14.50
4.25
16.75
13.75
17.25
17.50
18.25
17.75
17.50
16.25
17.75
16.50
12.50
4.50
6.00
5.25
4.50
4.75
4.50
5.50
4.75
4.75
4.50
4.75
4.75
5.25
5.00
4.75
4.50
5.00
4.75
4.75
4.75
5.00
5.25
21.00
21.00
5.75
5.00
5.25
5.00
6.50
5.75
9.50
5.00
5.75
8.75
5.75
5.50
13.00
11.00
7.50
5.50
6.00
5.75
6.50
5.50
22.00
8.00
25.75
16.00
12.50
7.50
7.00
7.00
6.50
7.00
7.50
6.75
7.00
8.50
13.25
15.00
9.50
7.00
9.25
19.00
7.50
7.25
7.25
7.25
8.00
7.00
9.75
9.50
10.00
8.25
18.25
20.00
7.50
9.25
8.00
8.25
8.25
7.50
7.75
8.25
8.00
8.25
15.75
8.00
25.00
8.00
10.25
25.00
8.00
12.50
14.00
10.00
13.50
10.00
31.25
13.25
21.00
8.50
8.25
8.25
8.25
8.00
11.75
11.50
12.50
8.25
8.25
16.00
29.75
33.50
32.00
32.00
26.25
23.75
13.50
16.25
13.75
9.25
8.50
8.25
8.25
8.75
20.25
32.00
30.75
29.25
18.25
8.50
8.00
23.50
18.25
22.00
8.25
8.25
8.75
13.75
29.00
13.00
27.50
28.25
27.75
30.75
18.75
12.25
17.75
23.00
10.00
10.00
14.50
13.00
23.75
23.50
21.50
25.75
24.75
28.00
24.25
18.75
26.25
27.25
31.00
27.75
28.25
23.25
26.50
20.50
18.75
17.50
32.25
32.00
27.00
28.25
27.75
29.50
33.50
32.00
32.00
33.00
27.25
25.00
20.75
13.75
12.25
25.00
24.50
24.75
28.75
27.00
32.25
32.50
32.25
28.75
30.00
18.75
27.75
29.50
18.50
25.25
30.50
30.25
31.00
14.50
26.00
24.75
21.25
28.50
30.50
29.75
18.00
24.50
10.75
25.50
30.00
23.25
21.25
15.00
24.50
26.25
21.50
19.00
21.50
26.25
21.25
9.75
6.50
8.50
7.25
23.50
17.50
22.75
23.00
25.75
25.50
25.75
27.75
25.00
12.75
8.00
8.25
9.75
6.25
7.00
6.50
10.00
10.25
21.75
25.00
25.00
24.50
16.25
20.25
19.75
24.25
23.75
22.00
25.00
24.75
24.25
6.50
6.25
6.25
5.75
6.50
11.75
8.00
14.25
11.75
6.75
9.75
17.00
7.50
6.75
5.50
19.75
21.75
22.75
22.50
21.75
20.75
22.50
15.75
11.50
21.00
21.75
21.00
21.50
20.25
19.25
19.50
18.75
20.25
19.50
19.00
19.00
19.25
18.50
17.75
8.25
4.75
4.75
12.75
12.50
14.25
16.50
6.50
6.25
14.50
14.75
17.25
7.50
16.25
16.00
16.75
11.50
7.25
12.25
16.25
16.00
17.25
15.50
9.25
8.25
15.25
16.00
15.75
12.50
10.00
11.00
14.00
12.00
11.50
4.50
4.25
4.50
4.00
4.50
4.50
4.25
15.00
16.50
16.50
4.50
16.25
4.50
16.50
12.00
6.25
4.25
12.50
5.00
4.50
5.25
4.50
4.50
4.50
4.50
4.75
5.00
4.50
16.75
17.50
8.75
4.50
4.25
4.50
14.50
13.50
10.00
5.00
10.75
5.25
4.75
9.50
13.25
11.25
5.50
19.25
15.00
5.50
18.00
9.25
16.75
6.00
4.75
4.75
5.75
6.25
6.00
5.50
8.75
5.75
5.50
5.00
7.00
5.25
5.50
10.00
5.75
5.50
6.00
5.50
6.50
5.50
6.00
6.25
9.75
15.00
6.50
6.50
6.00
7.75
8.25
7.75
19.25
6.50
6.50
7.25
7.25
7.25
7.00
8.00
7.75
7.00
6.75
9.25
7.00
7.25
6.50
20.25
8.25
6.50
8.00
10.75
12.25
8.00
7.75
19.50
7.75
14.75
10.50
28.25
10.00
7.50
8.25
19.25
12.50
9.00
12.50
8.00
8.00
8.25
8.00
26.50
20.00
28.25
8.75
8.75
25.75
30.50
31.50
31.50
21.25
8.25
9.75
30.00
32.25
9.75
8.00
8.00
8.00
24.50
29.25
29.50
25.50
19.00
22.50
28.00
32.00
29.50
30.50
28.00
19.75
9.50
17.75
30.25
28.50
13.50
10.25
8.50
7.25
14.50
20.25
8.25
9.00
9.00
12.50
10.25
8.25
8.00
10.00
21.25
13.50
8.25
14.50
19.00
33.00
32.00
28.00
14.00
15.75
11.75
32.50
23.75
10.25
20.50
12.25
33.50
20.25
32.75
32.50
12.00
11.75
8.25
7.75
29.75
25.50
28.75
32.25
30.25
27.00
13.75
16.50
17.25
33.50
32.75
15.25
9.00
32.25
32.25
31.75
33.25
31.50
33.50
32.25
30.50
31.75
24.25
17.75
19.25
12.75
27.25
26.50
26.00
20.25
26.25
21.00
15.75
26.00
28.25
21.25
20.75
27.25
21.75
26.75
27.50
32.00
28.00
15.50
26.50
21.25
29.50
28.50
27.00
23.25
25.75
28.50
29.75
28.50
12.25
14.75
23.50
21.75
8.25
14.00
16.00
30.50
28.25
20.75
25.00
20.50
11.75
10.25
10.25
27.75
17.25
15.75
22.50
24.75
25.25
26.50
18.25
22.50
14.25
17.50
25.50
24.75
6.50
13.50
21.25
13.25
19.00
18.50
15.00
6.50
8.75
20.00
6.00
6.75
6.50
22.00
25.00
24.75
25.25
8.25
23.75
22.75
20.75
18.75
18.00
20.75
23.75
23.25
23.00
22.50
23.00
21.75
15.50
17.00
13.50
5.75
6.00
5.75
6.00
19.00
19.25
16.25
18.75
19.50
10.00
8.75
12.25
19.75
20.25
19.00
20.25
19.75
18.50
17.25
5.50
5.25
19.00
19.25
18.25
5.25
12.25
4.75
4.75
17.25
16.25
17.50
13.75
4.50
4.25
13.00
8.50
18.75
17.00
15.00
4.50
4.50
15.25
14.50
17.00
15.50
15.50
5.50
5.75
4.00
6.75
6.25
4.25
4.50
4.25
14.75
16.00
16.25
17.50
17.25
15.50
5.00
15.25
14.00
12.75
15.00
16.50
15.50
16.75
12.25
15.25
4.00
3.75
4.50
16.25
16.75
4.50
17.00
17.00
12.75
18.00
17.75
18.00
16.75
15.00
17.25
16.00
8.50
16.00
15.50
11.00
5.00
8.75
12.50
5.75
5.00
4.75
4.75
5.00
5.00
19.00
12.50
18.75
18.25
9.50
5.00
5.25
5.00
5.00
4.75
5.25
5.50
19.75
5.50
20.50
21.00
22.00
6.50
5.75
5.75
5.50
5.00
5.75
6.25
20.25
21.00
15.25
6.50
23.00
6.75
9.50
6.50
6.50
9.25
22.00
25.00
22.50
26.25
26.50
24.75
26.25
11.50
10.50
22.25
11.50
8.25
9.50
6.75
7.75
8.00
8.00
25.75
7.25
7.00
10.50
9.25
7.50
7.25
7.50
12.50
7.00
16.75
7.75
7.50
7.50
7.25
10.00
10.25
9.25
13.75
13.00
10.00
18.50
18.25
27.75
19.00
19.00
10.00
12.00
7.75
8.50
8.25
8.75
9.25
7.75
14.50
18.25
12.50
10.00
18.25
28.50
14.25
16.75
17.00
17.00
9.25
16.00
15.50
8.75
8.75
11.75
19.25
27.50
9.00
9.25
8.25
22.50
16.25
32.75
33.50
33.25
18.75
23.25
16.00
8.25
28.00
33.25
29.50
31.00
30.00
23.25
17.50
11.00
29.75
27.00
15.00
18.50
26.75
16.50
10.00
8.25
8.50
10.00
15.50
23.50
26.00
23.75
23.75
21.75
26.00
26.75
13.75
11.50
16.50
24.75
30.00
30.50
33.00
21.25
19.00
11.50
10.50
22.75
23.00
28.50
25.50
12.50
13.25
25.25
20.00
32.00
22.50
27.00
33.00
28.00
14.00
9.25
13.00
29.25
33.25
23.25
26.25
18.75
29.00
32.00
32.75
31.50
32.00
31.75
32.75
32.00
31.75
30.25
30.25
28.50
27.75
30.00
33.25
32.50
28.75
29.50
15.75
30.00
30.25
31.75
24.75
11.75
8.25
29.00
30.00
31.75
32.00
31.50
31.50
31.25
28.25
17.00
30.25
30.25
29.75
26.25
22.75
29.00
24.50
21.25
28.25
20.75
22.25
21.25
27.25
18.00
16.00
21.00
24.00
28.50
24.25
28.00
27.00
22.75
19.50
25.75
22.50
11.50
27.00
27.75
6.50
27.25
27.50
27.25
27.00
26.75
26.75
26.50
26.25
22.75
24.25
22.25
24.75
26.50
21.50
9.75
6.25
23.25
23.75
20.25
19.75
6.50
14.50
23.75
24.00
24.75
24.00
19.50
17.25
12.75
12.50
11.50
19.25
17.00
11.00
5.00
14.25
10.00
5.00
5.50
15.00
21.00
21.00
20.25
19.00
18.50
19.75
19.25
13.50
5.25
5.25
19.25
17.50
17.25
5.00
6.00
16.00
5.00
4.75
4.50
5.00
5.00
6.25
11.75
4.50
6.75
4.50
5.00
11.00
4.25
4.50
4.50
10.50
15.00
6.75
16.75
16.75
15.50
4.25
7.50
16.75
15.50
16.50
15.50
15.50
15.25
13.00
14.00
12.75
5.50
4.50
14.75
16.25
14.75
16.50
15.25
14.75
13.75
4.50
10.25
13.75
16.00
4.50
13.00
14.00
14.50
4.50
4.50
12.00
13.00
15.50
17.00
17.25
16.75
6.25
17.75
17.50
16.25
17.75
15.50
9.25
13.00
5.50
14.25
6.00
7.75
5.25
9.75
6.00
12.50
20.00
20.25
18.00
13.00
17.50
9.00
19.25
20.50
21.00
17.50
21.00
17.00
19.75
16.25
15.75
17.00
6.25
12.75
15.50
16.75
19.75
19.50
13.00
7.00
5.75
6.50
6.00
6.50
16.50
6.25
5.50
15.75
23.00
21.50
25.50
16.50
5.25
13.25
7.50
21.75
24.50
21.50
9.50
7.75
9.00
10.00
6.25
6.50
7.50
6.75
10.75
6.75
6.50
13.50
9.00
7.75
7.50
7.50
6.00
7.75
8.50
11.00
13.50
19.75
9.25
8.00
18.25
7.50
7.75
7.50
7.50
11.25
18.50
24.75
11.00
7.75
8.75
8.00
23.25
30.75
26.25
29.25
29.00
19.75
21.25
17.00
22.50
26.50
30.25
10.75
10.50
31.50
21.75
17.00
14.00
21.50
9.75
8.25
8.25
8.25
9.25
8.25
22.00
17.25
23.00
26.00
15.25
12.00
11.75
9.50
18.75
24.50
19.00
9.75
10.50
10.75
21.50
25.75
20.50
23.00
14.25
8.50
14.00
18.25
19.00
9.50
30.75
29.25
17.25
17.00
14.50
9.75
8.50
30.25
33.25
32.00
29.00
21.25
20.25
8.75
8.50
10.75
18.50
19.25
26.25
23.50
22.75
14.50
13.25
19.75
20.75
17.50
11.50
12.25
15.00
13.25
30.50
21.75
27.50
30.25
31.00
32.25
31.00
29.75
30.00
32.00
32.25
28.50
27.75
24.50
28.75
32.00
25.50
18.75
27.50
28.75
23.00
22.75
14.00
10.00
9.75
15.00
24.50
17.50
13.50
11.25
29.50
32.00
31.50
30.50
31.50
30.25
26.25
8.75
10.00
8.75
8.00
17.75
23.25
27.00
29.00
28.50
22.25
22.25
24.25
30.50
25.00
30.00
29.75
28.50
27.75
31.00
28.50
27.25
23.50
17.25
26.50
28.50
25.00
25.50
26.50
18.25
15.75
23.75
27.50
7.25
7.25
7.25
25.50
16.50
22.75
23.75
22.25
23.75
23.00
9.00
6.50
7.75
22.50
24.50
19.00
6.50
7.50
8.25
20.75
19.25
13.25
10.50
19.50
23.50
19.50
19.00
18.25
10.25
9.00
9.00
5.75
5.75
5.75
13.75
14.75
6.50
12.25
20.75
9.25
4.75
10.00
7.75
5.50
6.00
6.50
5.25
5.25
5.00
9.25
10.25
16.25
18.00
19.25
4.75
5.00
4.00
5.75
5.25
5.00
10.00
17.25
17.00
15.00
14.00
16.00
17.25
5.25
5.25
4.50
4.50
11.25
8.00
4.25
4.25
7.75
11.00
14.50
15.25
11.00
4.50
4.50
4.50
17.25
5.75
12.75
8.00
15.75
17.00
17.50
16.50
16.50
15.25
14.00
15.75
12.00
9.25
5.00
17.25
15.75
17.00
14.25
16.25
16.00
9.25
16.25
16.25
13.25
12.75
4.00
5.75
7.00
14.50
13.25
13.25
4.25
10.25
4.75
8.25
7.25
6.25
5.00
11.25
7.25
13.75
4.00
14.75
16.25
15.50
3.75
4.50
4.50
7.50
13.25
12.75
5.50
5.00
4.75
4.50
4.75
6.75
5.50
7.25
7.75
4.75
4.50
5.50
4.50
6.00
10.00
5.75
6.00
5.50
5.75
5.50
5.00
5.00
7.75
5.25
5.00
5.75
6.25
6.50
6.75
5.75
21.00
11.00
20.75
10.25
12.00
6.50
6.50
6.00
6.75
6.50
7.50
6.00
8.50
13.25
9.25
18.25
6.25
26.25
18.00
8.00
15.50
12.50
20.75
15.75
6.25
6.75
8.00
6.75
7.00
7.00
6.50
6.75
7.00
7.25
8.50
8.25
7.00
7.00
8.00
8.25
8.25
7.00
8.25
24.75
6.50
7.50
8.00
29.75
30.25
8.50
7.50
9.50
25.25
24.00
23.50
8.25
7.75
29.50
15.75
13.25
13.00
7.25
30.75
31.75
32.50
20.00
9.25
8.50
26.50
28.75
27.75
29.50
26.75
17.75
14.25
21.00
23.75
28.50
10.00
9.75
13.50
8.50
8.50
8.50
23.75
10.75
23.50
10.50
8.25
11.75
8.50
15.75
8.75
8.00
9.75
8.25
19.00
11.00
12.25
22.00
26.50
12.25
34.00
34.00
33.75
33.00
26.75
28.50
29.50
31.25
30.00
27.75
8.25
7.50
15.25
28.75
17.25
28.00
24.75
22.25
23.75
28.75
12.25
10.25
10.25
13.75
26.50
17.25
28.50
26.00
27.50
26.50
32.50
33.00
33.25
33.00
34.00
32.75
33.50
32.00
33.75
22.00
31.25
30.50
27.25
29.00
33.25
33.50
33.00
28.00
24.00
31.75
28.50
29.75
33.25
32.75
17.00
26.25
25.00
27.50
25.50
26.75
30.50
31.25
33.50
31.00
30.25
27.75
25.50
26.50
21.75
24.75
25.25
31.75
30.50
27.00
23.00
22.25
14.00
13.75
15.00
25.00
28.00
30.25
8.50
11.50
7.75
25.25
17.75
22.50
16.50
9.25
11.00
12.50
12.25
9.75
8.75
6.50
10.25
18.50
22.00
16.50
22.75
23.25
25.25
19.25
15.25
10.75
16.50
26.50
21.50
21.25
26.00
7.00
7.75
6.25
6.50
6.75
10.50
21.25
16.25
6.75
6.50
11.25
7.75
11.75
24.25
18.25
6.00
23.00
20.75
24.25
19.00
21.75
22.00
10.25
16.75
22.50
22.25
22.25
17.50
17.00
23.00
22.50
17.00
17.75
7.00
6.25
7.75
6.00
4.75
5.75
9.50
17.50
21.00
20.00
19.25
20.00
20.00
20.00
19.50
19.25
19.50
14.75
18.75
18.00
16.00
13.25
5.25
4.50
4.50
18.00
9.75
11.75
18.25
15.50
8.75
17.50
4.50
9.50
17.50
17.75
17.75
6.25
17.50
17.00
16.50
16.50
17.25
16.25
12.75
6.75
5.00
16.50
17.25
17.50
17.25
16.75
16.50
16.25
16.25
15.75
16.00
15.75
15.25
9.50
13.25
15.25
13.25
13.75
12.50
12.75
13.75
4.25
4.25
3.75
13.75
12.00
4.25
4.25
3.75
5.25
4.00
10.50
10.25
4.50
4.50
4.75
4.50
11.25
4.50
12.75
5.75
4.50
3.75
4.50
4.75
18.50
6.00
5.00
6.25
5.25
13.75
5.00
4.75
5.00
5.00
5.50
5.25
5.25
5.50
10.00
5.25
5.50
5.75
19.25
21.00
21.75
21.75
6.75
5.50
10.75
6.50
8.50
5.75
16.25
8.75
11.50
14.00
8.75
20.25
23.50
23.00
21.25
18.75
22.50
10.25
6.75
25.50
25.50
23.75
26.00
26.50
25.25
11.50
24.75
20.75
14.00
7.50
7.25
6.50
6.50
10.25
11.75
8.00
10.25
8.25
13.25
7.75
7.75
25.25
29.25
7.75
11.00
8.75
10.75
17.75
7.50
7.50
7.50
7.75
7.75
7.00
8.00
27.00
22.50
20.00
8.00
9.00
23.75
28.50
9.75
12.25
13.50
16.25
16.25
14.25
8.00
28.75
10.75
18.50
12.75
22.00
12.25
10.25
10.50
9.50
17.50
12.75
28.25
31.50
30.25
13.00
9.25
30.00
22.50
12.50
8.25
11.50
8.25
8.75
11.50
18.25
25.75
9.00
8.25
8.50
9.75
8.50
23.75
9.25
9.50
9.00
9.00
8.25
9.75
9.50
9.00
8.75
15.75
14.50
24.25
30.50
31.75
34.00
30.75
17.25
20.25
27.25
30.25
32.25
28.50
24.25
13.25
8.25
9.00
9.25
8.50
10.75
31.25
30.00
23.50
19.25
21.75
19.25
8.25
16.00
14.25
26.75
25.50
29.25
32.75
33.00
29.75
30.25
30.75
28.50
33.00
33.25
30.75
33.50
33.75
29.75
33.25
33.75
33.25
29.75
21.00
28.00
23.00
15.00
8.25
11.75
9.25
8.25
11.50
9.50
28.00
26.50
29.75
31.50
29.00
29.25
24.25
22.75
26.50
29.75
26.50
27.75
29.75
27.75
26.75
18.00
24.25
28.00
27.75
30.00
23.50
16.75
24.25
20.50
24.00
26.00
26.50
28.50
17.75
24.25
22.50
24.75
20.00
13.75
14.00
13.50
20.50
20.00
24.50
22.75
21.00
23.50
10.00
7.25
7.00
23.75
15.75
13.50
16.25
14.25
10.25
8.75
23.75
17.25
16.50
24.50
24.00
19.25
15.00
17.50
10.75
15.75
11.00
11.00
22.00
22.25
9.50
19.25
21.75
22.75
18.75
21.00
5.75
6.00
13.25
21.00
6.50
6.50
17.25
18.00
22.50
11.50
11.25
20.25
20.00
15.75
17.25
20.00
5.75
5.75
17.50
5.00
19.00
18.50
16.50
17.50
19.25
19.25
19.25
9.00
8.25
9.75
18.00
18.25
4.50
4.75
4.75
4.50
4.50
10.75
17.50
18.00
19.25
6.00
4.25
4.25
7.50
15.25
13.00
18.75
17.50
17.50
17.50
17.50
17.25
17.00
16.75
16.75
16.75
16.00
15.75
15.50
15.75
15.75
13.25
6.75
5.00
13.00
15.75
13.50
15.50
14.50
4.50
5.50
5.00
4.50
4.25
4.50
4.25
4.75
5.00
15.25
5.00
4.00
3.50
5.00
16.00
6.75
15.50
13.50
15.00
8.25
4.25
4.50
4.00
4.50
4.25
4.75
4.25
17.00
4.50
4.25
4.75
4.75
4.25
4.25
15.50
16.25
11.75
18.25
19.75
12.25
5.25
4.75
10.25
5.75
5.00
5.25
5.00
15.75
14.00
14.00
14.75
10.75
12.00
10.25
8.25
4.75
16.00
9.25
6.00
6.00
15.75
5.50
5.50
5.50
6.25
6.25
6.50
6.00
5.75
5.75
6.75
6.25
6.50
6.50
10.50
23.25
25.50
16.00
17.50
10.00
7.50
22.25
19.00
10.00
11.50
6.50
11.75
8.75
23.75
26.25
28.00
25.50
21.00
9.50
17.00
8.00
8.25
11.50
7.75
6.75
7.50
9.00
8.25
8.50
8.25
10.25
9.25
8.50
28.00
15.00
12.00
7.00
10.75
23.00
11.50
7.75
7.50
8.50
8.50
8.00
8.00
12.00
11.25
8.25
8.25
7.75
9.25
12.50
22.75
27.00
29.50
18.25
22.25
9.50
8.25
32.00
31.25
33.25
28.75
14.00
26.75
8.25
8.50
9.50
31.75
20.00
27.75
8.75
8.00
32.00
32.25
31.00
22.75
8.75
8.75
9.25
8.00
8.25
8.00
23.25
10.00
17.00
8.25
8.50
8.25
9.75
21.00
8.25
8.75
8.00
14.25
27.25
10.50
13.75
16.75
26.25
25.75
22.25
8.75
12.25
29.00
30.25
31.75
25.75
16.00
13.25
26.50
25.25
29.50
32.50
19.25
16.25
11.50
15.25
24.50
28.50
31.50
27.00
30.25
33.00
31.25
30.50
31.75
31.00
28.50
11.50
18.75
25.75
30.25
30.00
30.75
28.25
30.25
32.50
29.50
32.25
29.75
29.00
33.00
28.25
31.50
16.75
8.75
11.50
8.50
8.75
12.00
18.75
26.00
29.25
29.75
23.00
19.50
24.75
28.75
30.75
28.50
29.50
28.25
30.50
16.25
10.25
7.00
6.75
8.00
7.75
24.50
18.50
31.00
31.50
23.25
30.50
28.50
8.75
19.50
18.00
15.50
18.00
18.00
18.00
22.25
7.50
7.25
5.75
11.25
16.75
19.00
17.50
19.25
20.00
17.75
25.25
15.75
6.25
15.00
10.25
7.25
6.50
7.00
7.25
13.50
22.50
20.75
16.75
6.25
8.50
7.50
17.25
22.50
24.00
23.50
23.75
25.00
22.75
24.25
21.75
18.25
14.50
22.50
22.75
22.75
23.00
17.00
22.00
11.75
10.50
5.00
5.75
17.50
21.50
17.25
7.50
7.50
18.00
5.00
15.75
10.25
16.25
17.50
16.25
16.50
14.50
12.00
4.75
14.50
19.00
17.75
18.00
17.50
6.75
4.75
6.00
10.00
16.75
4.75
8.00
16.25
16.25
17.50
15.25
6.25
8.25
9.75
15.50
6.75
18.50
17.50
17.75
17.50
16.75
16.75
16.25
15.50
16.25
16.25
13.50
12.00
4.25
4.25
4.25
7.25
4.25
10.25
5.50
8.75
12.75
15.00
15.50
15.50
10.25
14.00
4.50
4.50
13.75
4.25
5.00
4.25
4.00
4.50
4.00
4.25
4.25
4.25
4.50
6.75
4.75
4.25
9.75
4.50
4.25
17.00
4.50
4.50
4.25
7.50
12.25
11.00
10.00
9.50
4.50
4.50
4.75
4.75
6.75
7.50
7.00
4.75
4.50
10.75
5.00
4.75
19.25
6.25
17.50
19.25
16.25
14.50
17.50
14.00
5.50
5.75
5.00
5.75
5.75
5.75
5.25
20.50
19.50
23.75
24.00
23.50
6.50
6.25
7.25
12.75
6.50
6.25
6.00
7.25
8.25
16.50
18.50
14.00
15.75
17.50
7.75
6.75
13.00
6.75
7.00
7.00
6.75
7.75
22.00
16.75
6.50
7.50
7.50
7.00
8.25
11.00
7.25
7.75
7.25
7.50
7.75
28.25
7.50
10.25
7.50
8.25
9.50
27.00
13.25
11.50
8.25
17.50
23.00
22.00
18.00
21.25
22.00
24.50
8.50
8.00
10.00
9.75
9.00
29.25
25.75
28.75
17.00
13.25
14.25
8.25
11.50
8.25
17.25
8.50
8.50
10.00
9.75
15.25
9.25
8.25
8.25
12.00
12.75
11.00
19.50
26.75
23.75
30.25
13.75
19.50
21.00
30.25
28.25
28.00
30.75
29.75
30.00
26.00
15.50
26.50
30.25
31.75
32.75
32.75
32.75
29.75
25.75
14.25
17.00
10.25
12.25
11.50
14.00
24.00
22.75
29.25
30.25
29.50
24.00
30.25
24.25
9.50
13.25
21.25
32.50
27.50
21.75
9.50
8.50
21.00
31.00
31.00
22.75
29.75
15.50
26.25
14.00
29.75
31.00
33.50
33.25
31.75
31.75
27.75
33.25
21.50
28.25
30.75
28.75
32.25
14.50
11.75
19.75
32.75
32.00
24.75
25.50
30.75
27.00
26.00
28.50
25.25
19.25
30.75
28.50
30.00
30.25
29.25
26.75
23.25
9.50
15.50
19.25
8.75
18.75
29.75
28.00
31.75
24.75
27.75
29.50
15.00
28.50
27.25
26.25
26.50
29.50
15.75
25.25
26.75
27.25
26.25
27.50
27.75
24.00
25.00
25.00
23.50
15.25
8.25
7.50
16.75
26.50
27.50
27.00
20.75
11.75
25.75
27.25
12.75
8.00
18.25
25.00
26.25
26.50
25.25
15.25
11.75
24.75
9.25
6.75
6.25
6.00
13.50
8.00
6.50
10.75
6.75
6.50
16.50
17.00
23.00
23.25
23.50
23.75
15.50
6.50
6.00
5.25
5.50
7.00
19.00
18.25
22.00
5.50
8.50
6.25
7.00
19.75
20.50
21.25
20.00
6.75
16.75
20.50
9.50
19.25
19.75
20.00
17.75
9.50
5.50
19.25
11.50
11.75
18.75
18.25
18.25
18.00
18.50
17.25
17.00
17.25
15.00
16.75
16.75
17.25
6.25
5.00
4.50
4.50
4.50
4.25
4.50
4.25
6.25
4.25
14.75
13.00
11.50
13.50
7.00
15.00
15.00
7.25
4.25
4.25
7.75
13.50
14.00
15.50
15.00
12.25
3.50
6.25
12.00
13.25
8.25
15.25
5.75
4.50
4.25
13.00
17.25
4.50
4.50
4.25
5.25
4.25
4.00
4.25
5.75
8.25
4.50
15.75
8.50
12.25
13.25
7.25
17.75
18.25
13.75
18.25
17.50
10.75
10.00
16.50
18.50
8.75
7.75
10.25
16.50
18.50
15.50
18.50
13.00
7.00
19.00
5.00
6.00
5.25
5.00
6.50
4.75
5.50
5.75
5.50
5.50
5.75
14.75
5.25
6.25
5.25
5.50
5.25
5.50
6.50
8.50
9.50
19.50
23.25
16.25
16.75
19.00
9.75
6.25
13.50
11.50
6.50
6.50
6.50
8.25
6.50
6.50
6.50
7.50
7.25
6.00
12.75
18.50
18.75
11.25
8.00
8.25
8.75
7.50
7.75
7.00
7.25
6.75
7.75
7.25
6.75
7.75
7.50
7.25
6.75
9.75
7.50
8.75
23.75
12.00
17.25
24.25
10.00
12.25
16.00
8.00
12.25
20.25
30.50
27.50
31.00
28.00
9.00
24.75
24.25
13.50
13.00
17.50
7.75
10.00
14.50
12.00
28.25
24.50
16.00
11.75
15.25
14.75
12.00
23.50
26.25
10.75
15.00
15.75
11.25
30.50
26.75
21.00
23.25
26.25
18.25
8.25
8.25
10.75
19.00
8.00
9.50
29.25
26.75
8.25
9.50
30.50
30.50
12.75
8.75
15.25
18.75
33.25
26.25
9.00
21.50
17.75
9.75
27.00
29.50
29.75
26.75
16.75
18.75
17.00
14.25
9.25
9.25
20.25
8.75
8.50
20.25
22.50
8.00
8.25
9.50
22.00
22.75
25.50
26.00
24.25
21.00
24.25
21.25
15.50
8.50
8.25
13.75
27.00
9.00
18.75
31.75
33.00
30.75
33.50
32.50
31.50
31.50
29.50
24.00
33.25
31.25
29.75
32.25
33.25
31.00
29.50
31.75
31.50
32.50
28.00
24.50
28.50
28.00
23.50
30.25
20.00
23.50
22.25
25.00
25.50
30.25
31.00
30.50
28.00
26.50
18.25
9.25
9.75
8.75
8.25
13.00
24.75
28.25
20.00
18.75
14.75
25.50
24.75
23.25
24.75
13.50
7.25
14.50
22.75
26.00
21.75
8.00
9.75
13.50
24.25
22.00
14.00
23.00
17.75
22.75
26.00
18.00
19.75
18.75
25.00
23.50
28.00
21.00
7.50
6.75
17.50
20.25
20.50
23.00
25.00
10.50
6.00
19.75
24.50
22.50
21.75
6.50
8.25
12.50
7.25
13.25
6.50
12.00
11.50
6.50
17.50
11.75
20.00
22.25
19.50
23.25
22.50
23.00
21.50
10.00
21.50
22.25
22.00
22.75
21.25
19.25
19.50
18.75
21.00
20.50
19.00
15.75
18.25
18.00
17.25
5.50
19.75
19.25
19.50
17.25
14.75
11.25
5.75
5.00
13.75
10.50
12.75
13.25
19.00
5.00
17.75
17.50
17.50
17.50
18.25
17.50
17.50
12.00
16.75
15.50
14.25
14.75
17.50
15.50
13.50
9.00
11.75
11.00
13.75
5.00
3.75
4.50
4.25
3.75
15.00
13.75
13.75
13.00
11.75
6.50
11.75
5.75
7.50
4.25
4.50
10.50
16.50
5.25
4.50
13.75
13.75
13.00
4.50
3.75
3.50
4.25
12.50
10.00
10.50
4.50
4.50
4.50
4.75
4.50
12.75
5.25
4.75
5.50
4.75
4.75
4.50
4.75
15.00
17.75
17.75
19.75
20.25
20.00
20.00
20.00
20.25
19.25
19.75
20.25
20.00
20.75
19.50
18.00
17.25
20.00
17.00
20.75
18.25
19.50
7.00
19.50
20.25
13.00
8.25
9.00
6.25
6.25
6.00
6.25
5.75
6.25
6.50
5.75
10.75
18.75
5.50
10.50
19.50
6.00
16.00
6.25
6.75
12.75
20.50
23.00
8.25
10.50
7.00
6.50
6.50
6.75
7.00
6.50
7.00
9.25
20.00
14.00
16.50
17.75
16.50
8.00
7.00
7.50
9.25
6.75
8.00
18.00
12.75
8.00
6.75
8.25
21.75
28.00
8.25
7.50
12.25
24.50
14.75
12.00
8.25
10.50
8.50
11.75
11.50
21.00
26.50
8.25
26.25
26.25
8.50
8.50
10.25
11.50
15.75
12.50
8.50
8.25
7.75
9.00
15.25
10.50
18.50
8.25
20.50
17.50
18.75
30.25
15.75
9.75
11.75
16.00
13.75
19.25
27.25
25.50
17.50
8.25
10.00
10.00
8.50
18.75
19.00
16.75
9.25
8.25
8.75
30.75
30.00
10.75
10.75
15.75
17.50
8.50
8.75
13.25
17.00
10.50
8.75
20.25
13.00
12.00
10.25
8.25
8.25
9.00
13.25
14.25
15.75
13.75
17.50
30.25
28.00
20.25
21.25
12.50
8.75
9.50
9.25
14.50
13.50
31.25
30.00
28.50
30.50
32.75
32.50
32.50
30.75
26.50
28.25
28.25
25.00
30.25
19.75
20.25
16.00
22.50
22.75
28.75
15.00
17.00
11.75
25.50
31.25
27.00
19.75
23.25
24.75
18.25
25.00
30.00
20.00
17.50
16.75
17.00
22.25
15.50
25.75
28.75
28.00
19.50
21.75
22.00
25.00
25.00
16.50
8.50
29.00
29.25
30.75
29.00
28.00
26.50
15.25
8.50
19.50
11.00
10.00
27.50
26.75
23.25
8.25
17.00
24.50
25.25
25.75
22.75
24.25
23.00
23.25
11.75
25.25
25.00
24.00
26.50
22.75
23.75
24.50
19.25
8.25
7.50
6.75
6.50
6.75
8.75
7.25
6.50
15.25
11.25
24.75
17.50
19.75
24.50
24.75
24.25
24.25
24.50
24.25
19.00
7.25
6.50
5.75
18.75
18.50
7.75
7.50
21.00
22.50
21.25
12.00
21.25
8.75
5.50
5.25
5.50
5.00
21.75
21.25
21.25
19.50
6.75
7.25
11.50
13.50
12.75
14.00
11.50
17.25
14.75
4.50
17.50
17.50
15.50
16.25
10.25
10.00
6.25
8.75
5.25
17.50
17.50
17.50
4.50
4.75
10.25
13.75
14.75
4.00
6.50
8.50
4.50
5.00
7.75
16.25
16.50
16.50
6.00
9.50
15.25
4.50
4.00
4.50
4.50
4.50
15.25
16.25
15.50
14.25
10.00
16.25
16.00
16.50
16.50
16.50
16.25
16.25
16.00
14.75
15.50
13.75
10.50
10.25
11.25
15.00
12.50
5.25
9.50
15.50
4.75
13.50
4.50
5.25
6.75
4.75
4.75
9.00
4.75
4.75
5.00
17.75
17.00
18.50
14.00
18.75
18.50
16.25
19.25
5.75
5.00
14.00
9.50
12.25
18.00
5.25
5.75
6.25
17.50
15.50
19.25
6.50
5.25
4.75
5.50
4.00
5.50
5.75
5.75
5.50
5.50
14.75
20.00
16.50
5.75
6.00
6.75
6.25
6.25
6.00
6.50
6.00
24.25
9.75
14.25
6.50
8.25
16.50
6.75
6.25
9.00
6.75
7.75
7.25
7.00
7.00
8.25
7.50
6.50
26.00
11.75
6.00
19.25
27.25
8.25
27.00
26.50
7.75
7.75
7.25
7.75
15.25
18.50
11.00
22.50
23.75
24.50
27.00
21.25
8.25
8.75
12.50
7.50
13.25
8.25
17.00
17.00
25.25
23.50
24.75
17.25
7.25
9.25
7.75
13.00
9.75
8.25
11.00
24.50
12.00
29.50
13.00
7.25
24.25
8.75
33.00
22.75
19.00
32.75
30.25
12.00
30.75
29.75
23.75
10.00
27.25
8.75
9.00
17.50
29.75
32.25
10.00
9.00
8.25
16.75
13.25
16.75
9.25
8.50
25.75
24.75
8.50
21.50
33.50
33.25
30.25
28.50
25.00
21.50
12.25
11.50
8.25
8.00
12.00
10.50
8.50
9.25
8.25
8.75
8.50
9.50
8.00
11.50
15.50
26.25
30.50
27.25
27.00
28.00
33.50
32.25
32.00
33.00
32.50
23.50
27.75
28.75
30.25
29.75
30.25
30.75
33.50
7.75
9.75
10.00
20.50
28.50
31.00
23.50
27.00
30.50
28.50
18.75
14.75
17.50
28.50
26.75
12.50
15.25
30.25
31.75
29.00
28.75
26.75
28.75
29.75
9.00
7.25
8.25
21.00
28.00
24.50
19.00
24.50
25.75
24.50
27.25
26.25
14.75
15.00
23.25
21.00
30.25
25.25
9.00
25.50
23.50
28.75
28.75
28.50
27.75
25.75
26.25
27.25
25.75
21.25
28.25
21.00
24.75
22.75
20.00
24.50
21.25
24.25
25.75
7.25
9.50
7.25
11.75
15.00
7.25
13.75
6.50
7.25
13.25
7.25
6.75
25.00
23.00
24.75
10.00
6.75
19.50
25.00
25.50
23.50
10.75
6.75
6.25
5.25
13.00
17.75
17.75
9.00
8.50
17.00
15.75
20.75
22.25
21.75
20.50
11.00
5.75
22.00
24.00
23.00
23.00
19.25
19.25
21.50
19.50
20.50
17.50
19.75
20.25
21.00
20.00
20.25
19.75
19.25
19.00
20.00
20.25
19.50
19.25
18.00
18.25
19.00
16.75
16.00
14.50
10.25
4.50
9.50
13.75
6.50
10.25
11.50
10.00
12.50
13.00
15.50
4.50
4.50
4.25
6.75
3.75
4.25
3.75
16.50
8.00
4.50
3.25
3.75
6.50
4.25
4.25
4.00
4.25
4.00
4.00
4.25
4.25
4.75
4.25
4.50
3.25
9.25
4.50
3.75
5.25
4.25
4.25
4.00
8.00
4.25
5.00
6.50
4.00
15.25
17.00
17.50
17.25
17.00
16.75
11.00
4.50
4.25
14.00
4.75
4.75
9.00
14.75
10.00
4.50
6.25
4.00
11.50
5.00
5.00
4.50
4.50
4.75
4.50
5.75
7.25
18.00
18.75
19.50
5.50
20.25
21.25
21.50
17.00
5.50
15.50
17.00
18.50
18.00
5.25
6.50
5.50
5.50
5.75
5.25
5.00
5.75
5.75
5.50
6.00
6.00
6.25
15.25
15.25
20.00
6.75
6.25
20.75
26.25
26.00
14.75
13.75
9.25
8.25
10.50
6.75
7.50
6.75
8.25
6.50
9.75
6.25
16.50
21.75
7.00
6.50
15.50
8.50
19.75
8.00
28.75
18.75
7.50
7.00
8.25
8.25
7.50
7.50
16.00
7.50
7.75
7.00
18.25
8.75
15.75
12.25
22.50
28.25
9.75
9.25
17.50
12.25
21.50
15.00
23.75
15.25
14.75
13.00
8.00
13.50
11.25
7.75
16.50
20.25
21.75
8.00
30.75
21.50
8.50
9.00
27.75
23.25
21.75
30.50
32.50
30.25
31.00
26.25
31.25
21.25
8.25
8.75
8.25
9.75
13.25
25.50
8.75
9.00
10.25
20.00
20.25
11.50
12.00
23.50
17.25
25.00
24.00
29.25
26.75
17.50
8.75
12.75
8.50
9.00
8.00
14.25
30.25
12.00
26.50
27.75
8.25
8.25
8.25
8.25
11.75
11.75
26.25
27.75
18.75
22.00
21.50
29.50
10.00
8.25
9.25
26.25
12.25
26.50
17.25
9.75
13.75
15.25
10.00
32.75
32.75
29.00
17.25
9.75
22.50
18.00
21.25
25.50
30.50
32.25
31.50
30.00
32.00
32.75
30.00
17.25
28.75
23.75
18.25
26.75
30.25
33.25
26.25
9.00
8.25
12.75
10.25
16.50
12.75
17.50
16.75
25.25
32.25
29.00
27.75
20.00
9.00
7.75
8.00
10.50
16.75
24.75
25.25
29.00
28.00
20.25
17.50
18.50
21.25
23.50
12.75
27.75
25.75
29.75
17.75
22.75
29.00
28.00
28.50
28.00
27.00
27.50
28.50
24.00
24.75
17.00
27.25
23.75
21.50
19.00
10.00
25.25
26.50
13.25
9.75
15.25
25.50
26.00
23.25
6.75
25.25
23.50
10.75
12.25
8.75
23.00
8.50
9.50
10.50
9.00
11.00
9.75
10.00
12.00
9.75
21.50
12.25
15.25
17.50
5.75
19.50
22.75
21.50
20.75
21.00
21.00
20.50
21.25
6.00
5.25
13.50
18.25
20.25
20.25
20.25
20.00
21.25
17.75
21.25
21.00
6.50
5.00
5.00
9.50
19.25
18.25
9.00
6.25
5.25
5.00
9.75
18.75
16.50
18.00
14.50
4.50
5.50
5.00
17.50
19.00
18.75
13.25
8.25
4.50
7.50
14.25
9.50
10.75
4.25
7.25
13.50
16.00
17.50
17.75
17.50
17.50
17.50
16.50
16.00
12.25
11.00
4.25
4.50
4.25
3.75
4.00
3.50
8.00
13.25
15.25
17.00
17.50
16.50
15.75
16.50
16.75
17.00
17.25
17.00
17.50
17.25
12.50
13.25
8.25
4.50
4.50
6.25
13.75
6.75
5.25
10.25
4.25
6.00
8.50
4.50
4.75
4.00
6.00
5.00
10.25
4.50
5.00
4.50
5.00
4.25
5.00
5.00
5.50
18.50
19.75
20.00
6.50
19.50
20.00
7.00
7.00
20.00
21.50
21.00
21.50
19.75
20.25
20.50
12.25
6.25
5.50
6.00
6.00
6.00
6.25
5.50
6.25
5.75
5.75
8.25
6.00
6.00
24.00
24.75
25.50
25.75
26.00
26.25
14.50
7.75
7.00
7.25
10.25
6.75
7.00
16.00
9.25
21.00
8.75
7.25
6.75
7.00
6.75
7.75
7.00
7.50
9.50
7.50
8.75
15.50
9.50
6.50
8.00
7.75
8.00
8.50
28.50
8.50
7.25
18.75
9.00
8.50
8.50
9.25
13.25
8.25
7.75
7.75
27.00
23.00
19.75
8.50
30.50
17.25
24.50
31.25
31.25
13.00
18.75
30.25
23.75
8.25
22.25
8.00
27.50
10.25
9.50
8.50
8.25
8.25
23.75
8.50
9.00
9.75
23.75
16.75
24.50
20.25
22.50
29.00
12.75
15.50
10.50
22.00
33.25
31.50
29.50
8.25
8.75
23.25
10.25
8.50
8.50
9.25
10.50
24.50
30.25
29.25
24.25
31.25
32.00
25.50
22.25
24.25
24.75
19.75
16.00
22.25
17.25
10.00
12.50
23.00
22.00
22.75
9.50
8.25
14.25
10.00
15.00
17.75
23.50
26.25
17.50
25.00
27.50
25.25
30.50
30.75
29.00
26.50
26.50
18.00
13.75
18.50
17.25
12.75
14.00
29.50
32.50
31.50
31.50
33.25
27.50
32.25
32.75
29.25
30.75
30.50
32.00
10.75
8.50
9.00
17.50
32.25
31.00
7.50
8.00
16.25
26.00
26.75
27.25
8.25
9.50
16.50
18.00
29.50
23.25
25.25
21.00
22.75
12.50
18.25
13.50
26.50
30.25
30.50
23.25
15.75
24.50
25.75
28.25
23.25
21.00
21.00
11.75
10.50
16.75
26.00
24.75
25.25
26.50
24.25
26.25
27.25
26.50
28.50
27.25
27.50
14.25
17.00
13.50
26.25
25.00
26.75
27.75
22.50
8.00
7.00
7.25
6.50
6.50
16.25
17.75
17.75
16.25
24.75
25.50
24.50
19.50
24.00
23.00
17.50
10.00
6.25
6.50
5.75
18.75
10.75
13.50
15.00
22.50
23.00
22.25
12.75
21.75
19.00
15.00
15.50
22.25
21.50
20.50
6.00
20.50
19.50
19.75
19.00
20.00
19.75
6.75
11.75
11.25
20.25
19.00
16.50
18.25
6.25
5.00
4.75
17.50
17.50
18.75
17.75
8.25
4.75
19.00
13.25
17.50
17.75
12.75
11.75
17.50
16.75
16.50
12.50
12.00
4.50
12.00
13.25
4.50
6.00
4.25
4.75
17.50
18.00
4.50
6.50
17.50
17.00
12.50
17.50
16.75
15.25
16.50
11.00
15.00
12.50
15.50
15.75
16.75
16.75
16.50
17.00
15.75
16.00
15.00
15.00
15.50
12.25
13.75
15.25
3.75
6.50
15.75
15.25
13.25
4.75
12.25
16.25
16.75
17.25
15.50
8.75
15.50
16.00
13.00
5.00
4.50
14.00
4.25
4.50
4.50
4.50
4.25
17.75
12.75
17.75
18.75
14.50
19.00
16.75
5.75
4.75
4.75
5.00
4.50
5.00
5.25
5.25
5.50
18.25
14.50
5.25
5.50
5.00
10.75
6.25
16.25
21.00
11.00
19.75
17.25
20.75
17.25
12.50
17.75
19.75
21.25
19.00
7.00
24.75
24.25
22.25
23.25
22.00
22.75
23.00
24.50
23.00
15.00
19.25
21.25
21.75
7.25
7.50
7.50
6.75
7.00
7.25
7.50
8.25
15.25
8.25
7.00
6.75
6.75
18.50
21.25
7.00
12.50
16.75
13.00
12.00
9.25
12.00
9.25
7.50
9.25
8.00
13.00
17.00
8.25
9.50
13.50
24.25
19.50
7.75
10.50
15.25
9.25
17.00
11.00
8.25
8.25
16.75
15.50
25.00
20.00
14.00
14.75
29.00
30.25
29.75
8.75
14.75
19.00
8.75
8.75
8.75
17.25
25.50
26.50
18.50
25.50
8.25
12.25
24.75
27.25
8.50
8.25
8.25
9.50
28.75
30.00
31.50
32.00
23.25
9.25
29.50
31.75
10.00
12.00
11.00
16.75
20.50
15.75
20.25
10.25
14.50
10.00
33.25
28.75
9.00
8.75
11.00
12.50
21.50
24.50
16.00
24.75
25.25
20.25
8.00
8.75
8.50
24.25
27.50
26.25
26.50
23.75
28.50
18.75
8.75
8.25
8.00
14.00
14.00
9.25
8.25
15.25
9.00
9.50
27.00
28.75
30.50
26.75
27.25
19.50
23.25
23.00
24.25
12.00
19.00
22.25
20.75
23.75
27.50
26.00
21.00
23.75
23.25
14.75
8.25
8.25
24.25
18.75
21.25
20.75
18.25
11.75
7.50
8.00
7.75
7.75
23.50
22.00
26.50
26.50
20.25
7.50
9.00
23.50
16.75
12.00
25.25
29.50
24.25
24.25
28.50
25.50
12.00
7.00
11.75
25.50
20.50
13.25
10.00
26.00
13.50
6.50
7.25
9.00
24.25
24.75
20.75
22.50
7.50
13.25
22.00
9.25
13.75
7.00
7.50
21.75
22.25
22.75
6.75
6.75
6.50
7.00
18.00
6.50
14.75
22.25
19.25
11.75
7.50
6.00
8.00
6.25
6.00
6.00
15.75
6.00
11.25
8.50
16.25
8.75
19.25
19.25
19.25
21.50
20.75
18.50
20.25
19.75
17.50
5.50
5.25
6.50
11.50
19.25
20.00
20.75
21.50
18.75
18.00
19.25
19.75
17.50
14.50
17.50
18.00
13.25
16.50
15.00
12.75
4.75
5.75
14.00
17.50
13.75
14.00
14.00
7.00
9.25
8.00
10.75
6.25
4.50
6.00
4.00
4.50
4.50
6.00
4.50
6.50
8.25
5.50
5.00
5.25
16.50
4.50
4.50
4.50
11.75
13.25
13.75
4.25
12.00
12.75
5.00
3.75
3.75
4.25
4.50
4.50
4.25
3.75
4.75
6.75
6.75
4.50
4.75
4.25
14.00
10.25
4.50
5.00
14.00
5.00
15.00
14.75
6.00
4.00
6.50
5.00
4.50
4.50
4.50
4.50
4.75
5.00
4.50
4.75
5.25
5.50
13.25
4.75
4.50
4.50
13.75
17.50
5.25
13.75
5.00
4.50
4.75
5.25
5.50
5.75
18.75
18.75
6.00
5.25
9.25
16.75
17.25
5.75
15.00
4.75
5.50
5.50
5.25
5.75
5.75
5.50
6.00
6.25
22.50
20.00
10.75
8.00
15.75
6.00
6.50
6.50
18.25
6.00
6.00
7.75
6.50
6.00
6.25
12.00
24.00
19.25
12.25
6.50
7.00
7.50
6.50
7.25
7.25
7.50
7.25
14.50
23.50
15.00
10.50
9.75
23.25
23.25
27.25
12.00
21.00
24.25
17.75
18.75
27.25
23.00
18.75
7.25
21.50
24.75
8.75
16.25
27.25
19.75
27.25
29.50
30.25
10.00
12.25
15.00
12.00
15.50
10.00
27.00
8.50
12.50
8.25
14.75
20.25
8.00
8.25
18.75
8.25
22.25
24.75
22.75
26.25
29.50
26.25
9.00
13.25
14.00
8.25
18.75
32.00
9.00
11.75
19.00
22.50
29.50
21.50
19.25
8.50
8.75
22.25
9.00
23.00
21.00
8.00
22.00
11.25
10.00
30.50
11.75
10.00
23.00
14.75
8.50
8.25
8.75
10.00
9.50
11.25
11.00
8.00
14.50
9.50
24.50
8.25
8.25
9.50
8.50
8.25
8.50
12.75
21.00
27.75
24.75
32.00
26.50
29.00
32.00
29.50
9.25
27.00
33.75
33.25
32.75
27.75
27.00
31.50
26.25
24.50
25.00
29.75
32.00
26.75
27.25
23.50
29.00
13.75
25.75
22.75
8.25
26.00
12.50
17.25
19.25
18.50
30.25
28.00
29.75
29.75
26.50
28.75
8.00
8.25
28.00
30.50
30.75
32.00
25.25
26.50
31.00
30.50
30.25
28.50
30.25
29.75
27.00
30.25
31.00
31.25
31.25
27.00
28.50
29.25
22.25
21.25
14.50
8.00
8.50
9.75
15.75
17.50
14.50
6.75
7.00
17.25
11.75
21.50
10.00
10.25
12.00
23.50
26.25
26.25
21.75
22.50
26.25
26.25
18.75
23.25
24.00
22.75
23.75
23.00
16.25
19.75
8.00
6.50
23.25
25.50
24.75
25.25
24.50
8.25
17.50
20.25
21.75
17.25
7.75
8.00
20.50
21.00
13.00
15.50
19.25
23.25
21.25
6.50
14.00
18.00
21.25
21.75
20.00
5.50
5.50
5.25
6.75
10.75
14.75
10.25
4.75
6.25
4.75
8.50
6.25
18.50
18.50
19.25
18.50
18.75
19.00
18.50
16.00
17.50
17.50
11.25
4.75
4.00
6.25
5.75
4.50
17.50
18.00
16.75
18.00
12.75
6.75
9.00
4.75
4.50
4.50
4.25
4.50
4.50
4.25
4.50
5.25
15.25
16.50
16.00
15.25
15.00
13.75
4.50
4.50
13.50
16.00
6.00
4.50
4.00
5.50
4.00
4.25
4.50
10.00
9.00
11.75
12.25
13.25
14.75
10.00
4.50
5.25
15.50
16.75
16.50
16.25
15.25
14.25
15.75
13.00
6.00
4.50
4.50
4.50
16.00
16.00
5.75
4.50
11.75
4.50
4.25
10.00
8.00
7.75
13.25
13.75
7.75
5.50
4.75
6.25
7.25
5.25
19.00
21.00
20.75
20.50
17.75
18.75
20.25
20.50
16.50
18.00
20.75
6.00
20.50
11.50
16.25
14.75
5.75
7.00
10.00
6.50
6.50
7.75
22.75
22.50
18.00
6.25
6.50
21.50
18.75
9.75
18.75
24.25
24.75
9.75
11.75
7.50
6.75
6.50
6.50
6.75
6.50
9.00
14.00
11.25
7.00
9.50
7.25
7.00
7.25
7.25
7.25
8.50
14.25
8.00
7.50
7.75
8.25
26.50
27.00
7.50
7.50
7.50
26.50
29.50
30.00
25.50
8.25
8.00
7.25
22.50
28.00
23.75
17.00
17.00
9.50
9.25
26.00
14.00
8.25
29.00
30.00
17.50
8.50
8.75
8.50
8.25
8.50
17.50
8.75
8.25
8.25
8.25
10.00
9.50
31.00
11.00
11.00
28.00
26.75
26.75
28.75
12.00
8.75
9.00
8.75
8.75
16.00
30.75
14.00
9.50
16.50
8.75
8.00
9.25
20.75
32.50
13.25
8.25
14.25
22.25
23.75
23.25
23.00
30.75
13.50
9.00
18.25
15.75
24.25
18.25
14.00
17.00
20.00
23.25
10.00
12.25
9.00
8.50
12.50
21.00
16.50
12.75
24.00
26.75
25.00
28.75
20.25
24.75
23.75
10.00
9.50
24.75
30.25
27.00
21.00
16.50
12.75
15.75
11.75
8.00
18.75
17.00
13.50
11.00
14.00
18.75
9.75
20.00
18.75
9.75
30.00
28.75
32.00
32.50
29.25
8.75
15.75
29.75
10.75
10.50
25.25
25.00
21.50
20.00
18.00
30.75
28.75
29.25
25.25
22.25
22.75
11.50
9.75
15.50
20.75
22.00
26.00
28.50
29.50
27.75
29.00
16.00
10.50
7.75
16.50
21.25
9.00
12.50
13.50
10.00
10.25
8.75
20.25
17.25
8.75
19.75
20.25
25.00
26.50
25.25
24.50
26.75
25.50
26.25
23.50
17.50
8.25
6.50
18.75
17.50
12.00
10.00
25.50
25.50
25.75
21.00
15.75
23.75
23.75
23.00
22.00
24.75
24.75
18.00
16.75
11.50
7.75
12.25
7.00
7.25
10.25
19.00
20.75
21.00
21.75
20.25
7.25
16.50
23.75
23.25
20.50
21.75
7.25
6.00
14.75
17.25
5.75
15.50
5.25
5.25
6.75
14.00
5.25
5.00
21.00
19.50
17.50
17.50
5.25
5.25
5.25
8.75
4.50
12.50
15.00
15.25
17.75
16.50
11.50
14.00
17.25
15.50
16.25
15.25
17.50
13.25
6.25
4.75
6.00
5.25
17.50
17.00
10.25
15.25
16.00
4.50
4.50
7.25
6.25
16.25
16.00
16.50
16.25
4.50
13.75
10.00
13.50
6.25
5.50
4.25
12.25
17.25
17.50
17.75
17.50
17.50
17.50
17.50
16.75
12.00
4.75
15.75
17.00
16.00
15.50
15.00
9.25
12.25
4.50
4.50
4.75
9.00
14.25
12.00
4.50
4.50
4.25
5.25
4.50
4.75
4.50
17.75
17.50
15.75
15.00
4.25
4.75
5.00
4.50
19.75
8.50
6.00
18.00
10.25
4.75
5.50
4.75
9.50
5.25
4.50
9.75
19.50
5.50
5.50
5.00
8.75
14.00
5.75
7.50
5.75
8.00
10.75
5.75
5.75
5.75
5.50
5.50
5.50
6.75
7.25
6.50
5.75
6.50
6.25
7.50
8.75
8.75
5.75
6.50
6.75
8.25
7.00
10.00
8.00
7.00
10.25
9.00
9.00
8.25
7.75
7.25
7.00
9.75
18.75
23.25
7.75
20.50
8.00
27.50
29.00
28.50
26.25
8.00
8.50
7.50
13.75
7.00
11.50
8.75
15.25
8.00
8.75
7.50
13.75
8.00
7.75
7.75
7.25
11.75
30.25
30.50
24.25
13.75
17.50
30.00
9.75
8.25
10.00
14.50
8.25
25.00
8.25
14.00
13.75
8.50
13.75
13.00
31.00
23.75
30.25
29.75
9.50
16.00
30.50
32.50
25.25
31.50
21.50
32.25
32.00
19.75
8.50
9.75
18.50
25.00
33.25
31.75
16.75
13.25
13.00
8.50
10.75
9.00
28.50
21.25
22.75
26.25
31.00
31.75
13.75
7.50
22.00
17.25
9.50
8.25
9.00
8.50
15.00
30.50
11.50
18.75
9.50
8.50
8.75
8.25
9.75
17.75
18.00
30.50
25.75
32.25
33.50
32.00
32.75
30.00
19.50
26.00
26.50
32.25
27.00
32.50
33.25
33.25
30.25
32.00
20.25
33.25
33.75
33.25
32.75
32.00
16.75
14.50
10.75
13.75
32.00
29.50
32.50
31.25
25.50
20.50
25.25
28.75
22.75
9.25
8.00
15.00
17.25
18.25
17.25
23.00
23.00
30.75
24.50
27.50
25.75
8.00
9.50
12.25
13.25
15.25
15.00
10.00
11.50
26.00
19.25
22.00
29.00
9.75
7.50
8.25
12.75
21.00
27.50
21.00
11.75
14.50
10.00
22.00
25.50
25.50
21.75
18.25
10.75
26.75
13.50
14.25
21.75
21.75
26.25
27.25
27.25
26.50
24.00
21.50
17.00
8.75
10.50
21.25
23.25
21.00
25.00
23.50
20.25
21.50
20.50
19.25
20.50
22.25
7.25
6.50
6.25
6.50
19.25
21.50
23.25
24.25
23.50
16.50
6.50
6.00
5.75
11.00
21.00
14.75
16.25
5.00
5.50
6.00
10.25
16.25
13.75
11.50
15.25
7.00
6.00
17.75
6.00
11.50
20.50
18.50
18.25
18.75
20.00
5.25
4.50
5.00
4.50
4.50
5.25
4.25
14.50
4.75
4.75
4.75
4.75
8.75
11.50
17.75
17.50
17.25
15.50
12.50
15.25
13.25
9.25
15.75
7.50
12.50
4.25
4.75
10.00
13.75
13.75
15.25
14.25
12.50
11.25
4.00
4.25
4.25
4.25
15.50
12.25
5.25
13.25
4.00
4.25
4.50
12.50
14.25
14.00
15.25
16.25
15.50
14.50
5.50
3.75
6.50
12.00
11.75
4.50
4.50
4.50
12.00
13.75
13.75
4.25
4.25
8.75
4.50
9.50
15.50
6.50
16.75
15.25
8.25
7.50
6.75
10.00
4.75
5.50
5.00
4.50
5.00
4.75
10.00
12.00
15.75
5.00
5.50
5.00
4.75
5.00
6.50
10.25
5.25
5.25
5.00
5.75
10.25
14.25
5.75
19.00
20.25
21.50
21.25
16.50
19.50
19.75
20.75
20.50
21.00
8.00
6.25
6.75
6.25
6.00
23.00
22.25
6.25
24.75
24.50
16.00
6.50
15.50
19.25
6.75
6.75
23.00
24.75
11.75
7.25
7.00
8.00
24.00
8.00
8.00
25.75
23.00
15.00
17.00
7.00
9.50
10.00
21.75
28.25
28.75
22.75
8.50
6.75
7.75
7.75
10.50
7.25
12.50
10.00
25.00
7.75
8.00
29.50
29.50
26.75
8.25
8.00
14.00
9.00
7.75
8.75
8.25
8.00
10.25
8.25
8.25
21.00
23.00
18.75
19.00
11.25
8.50
26.75
14.75
11.25
8.25
8.50
12.75
8.75
8.00
9.25
21.00
33.00
33.50
32.00
23.25
9.75
8.00
8.25
12.75
20.75
9.00
23.00
29.00
31.25
28.25
28.50
22.25
14.00
8.75
9.00
28.50
11.50
8.50
10.00
8.25
31.75
30.00
9.25
10.00
10.25
9.75
10.75
8.50
9.25
27.50
30.00
21.75
26.00
27.50
19.75
12.25
19.00
29.00
26.00
25.50
13.00
12.75
17.25
30.00
33.25
31.25
27.50
32.25
32.00
33.50
15.50
8.25
20.00
27.50
28.75
31.25
30.25
21.75
16.00
9.25
17.75
12.50
10.25
9.25
12.00
29.75
28.50
32.75
31.25
32.00
27.50
24.75
26.25
28.50
28.00
25.00
10.25
11.00
21.25
26.75
29.75
26.50
23.75
23.50
19.50
22.00
29.50
16.75
10.50
30.25
25.75
19.75
21.00
29.00
28.75
30.25
29.25
30.50
27.50
25.00
19.00
8.50
19.00
10.50
22.00
19.50
16.00
7.75
7.50
7.25
24.00
12.50
13.00
19.25
25.75
25.50
26.75
24.25
21.00
26.25
24.50
24.75
24.75
24.75
27.00
25.75
14.75
14.50
22.50
26.75
23.25
24.25
12.00
21.75
7.75
8.25
7.25
19.50
22.00
22.50
21.00
6.50
13.75
14.00
19.25
8.25
13.50
22.50
23.00
23.50
22.75
23.50
23.50
22.50
10.00
21.75
22.50
22.75
22.50
21.75
18.25
19.75
17.25
19.50
5.50
6.75
5.50
12.00
6.00
5.25
5.00
7.00
6.75
5.75
17.75
19.75
18.75
18.00
18.25
18.25
18.75
13.75
5.25
17.00
19.00
19.50
19.00
18.75
18.75
18.50
18.50
18.00
18.00
17.50
16.75
16.75
10.00
5.50
9.50
6.25
10.75
14.25
14.75
12.75
4.50
6.25
8.25
4.50
4.50
4.25
4.25
4.25
15.50
10.00
4.50
4.50
4.00
3.75
4.25
10.50
16.00
16.75
16.75
16.00
15.75
13.25
15.50
17.00
17.00
16.25
16.00
16.75
17.50
17.50
17.75
16.50
17.50
16.50
16.50
15.50
12.00
14.00
5.25
4.50
4.00
10.75
9.75
4.75
4.75
4.50
17.75
18.00
14.75
4.50
4.50
5.00
5.25
5.00
9.25
14.00
5.25
5.75
17.50
13.50
5.00
6.00
11.50
5.00
4.75
5.00
13.00
20.25
20.00
5.75
17.50
5.75
19.50
16.25
12.25
7.00
17.75
16.25
21.00
5.75
15.50
17.25
20.25
21.75
21.00
10.25
15.50
19.25
21.00
6.75
23.25
26.50
26.00
11.75
15.00
13.50
22.75
9.75
7.50
7.00
13.50
7.00
8.00
10.00
22.00
21.00
13.75
7.50
7.25
11.00
11.50
17.50
7.50
8.50
21.25
23.25
22.75
22.50
24.75
17.25
18.50
25.00
27.50
9.25
7.75
8.25
8.25
29.50
30.25
23.75
23.00
24.25
19.00
8.50
13.75
11.25
13.75
28.25
26.25
7.50
8.25
8.25
13.50
26.00
29.75
25.50
21.50
31.75
17.50
29.75
28.50
29.00
20.25
16.50
11.50
8.00
8.75
13.25
9.50
13.25
33.25
21.75
22.25
31.50
13.25
9.50
8.25
8.25
9.25
18.00
17.25
31.50
32.25
32.00
32.50
9.75
17.50
32.50
31.25
23.50
29.00
28.50
27.50
28.25
29.50
15.50
25.00
7.75
10.50
11.75
8.25
7.50
8.25
9.00
8.25
12.75
22.50
24.75
31.25
27.50
26.25
22.00
14.50
28.75
11.75
7.75
8.50
9.75
25.50
29.75
31.25
32.25
24.00
16.00
8.50
8.75
9.00
17.00
27.00
23.25
28.75
24.50
21.50
11.00
9.25
11.25
8.25
17.25
28.75
32.00
28.50
30.25
25.25
23.25
29.00
21.00
28.75
25.75
26.75
24.25
19.25
24.50
8.25
9.00
10.75
9.75
8.25
8.50
17.50
24.50
24.00
16.75
21.75
22.25
19.75
19.00
16.00
29.00
29.75
26.00
29.00
28.50
24.75
27.00
21.00
28.00
24.75
25.75
23.50
21.25
25.50
25.50
27.25
21.25
24.75
22.50
9.00
24.75
16.75
20.00
14.25
10.25
14.00
10.25
7.00
6.50
20.00
17.00
17.25
17.00
16.00
6.50
7.50
7.75
16.75
6.50
6.25
8.25
13.50
20.75
24.75
24.75
23.00
7.75
9.00
23.25
24.00
24.50
24.25
23.75
22.75
22.75
22.50
21.75
7.75
8.75
9.50
19.75
5.50
6.00
5.50
6.00
6.50
18.00
6.00
7.50
5.75
5.25
4.75
4.75
5.25
10.25
20.00
21.25
18.75
11.25
19.00
19.25
19.00
17.00
17.25
16.50
9.75
5.25
5.50
4.75
18.50
13.75
4.75
4.50
4.50
4.75
4.25
7.50
17.50
9.75
5.25
4.50
10.50
4.25
4.25
3.50
4.25
5.00
8.75
11.25
4.50
4.50
16.75
14.00
4.25
14.25
13.75
15.25
10.00
13.50
13.75
5.00
3.75
5.00
4.00
4.50
4.00
4.00
4.25
4.50
4.25
4.25
4.00
4.00
3.75
4.50
4.75
15.25
14.75
9.25
4.50
4.25
4.50
13.00
17.50
15.75
16.75
16.00
17.50
15.00
16.00
15.25
16.75
15.75
17.00
16.75
10.00
18.75
5.50
5.00
5.25
5.00
17.25
5.75
11.00
10.25
5.25
4.75
5.00
14.75
18.75
16.75
5.75
12.25
15.50
16.00
6.50
6.00
6.00
5.00
5.75
10.00
13.50
8.25
11.75
21.00
11.00
8.25
10.00
9.25
11.25
13.25
16.75
14.25
20.50
18.25
10.00
6.50
8.25
7.00
10.00
22.25
8.75
24.75
24.75
7.25
13.00
18.50
11.50
25.00
17.50
7.25
7.50
7.00
18.25
25.00
8.25
10.00
23.50
19.25
8.00
7.25
13.25
7.25
7.25
19.00
13.00
10.25
7.75
7.25
8.00
8.00
26.50
8.00
8.00
13.75
11.00
7.50
8.00
26.25
22.25
17.25
26.75
21.25
26.75
26.00
29.00
29.25
23.25
19.50
28.50
30.50
29.75
26.00
9.75
30.50
17.25
10.25
11.00
24.00
25.75
16.50
9.50
14.00
23.75
11.50
16.25
11.75
8.50
12.00
8.00
8.00
10.75
30.25
32.50
20.75
8.00
9.50
8.25
20.25
30.50
27.75
21.75
13.00
30.25
28.00
29.75
30.75
12.50
23.00
11.00
8.75
11.75
8.25
10.00
9.25
8.50
12.50
9.75
9.50
9.50
21.00
29.50
29.75
18.00
23.50
16.50
24.00
26.50
19.75
10.00
14.75
12.25
8.50
29.25
32.50
31.75
31.25
32.00
32.50
33.75
29.00
31.00
29.50
31.50
30.75
30.75
29.00
32.75
32.75
32.75
31.50
28.50
29.25
31.50
30.00
28.25
33.00
31.00
23.50
24.00
32.75
27.00
28.75
32.00
31.75
30.25
31.25
29.50
31.75
24.50
9.75
23.00
28.75
31.25
27.00
28.75
23.00
25.00
16.00
23.00
12.25
13.50
22.00
23.50
30.25
21.00
10.00
23.75
32.00
31.00
22.00
28.50
30.75
30.25
29.25
27.75
26.50
27.00
12.50
19.00
24.50
27.00
27.50
27.00
26.75
27.50
21.75
18.50
27.50
24.00
17.25
8.50
23.00
26.50
26.75
26.50
18.75
7.00
7.00
6.50
19.25
25.50
24.75
25.00
19.50
22.25
23.75
24.50
23.00
15.00
6.50
23.25
13.25
13.50
16.00
13.75
22.25
17.75
15.75
6.25
6.25
22.50
23.00
24.00
23.00
23.25
22.25
22.00
21.75
22.75
22.75
22.75
22.00
12.00
21.00
21.50
21.25
20.50
20.50
20.25
20.00
20.00
19.00
19.50
19.25
8.25
5.25
5.25
4.75
13.25
17.75
17.50
16.50
17.25
8.50
11.00
16.50
8.75
5.25
10.50
17.50
14.25
16.50
16.25
4.75
4.50
4.25
15.75
17.25
17.00
16.50
17.50
16.00
14.00
4.00
9.00
4.00
5.75
4.25
16.75
16.75
16.50
16.50
16.25
16.50
16.50
17.50
17.50
16.75
17.00
16.50
16.50
16.00
15.25
17.00
17.00
16.50
16.25
14.50
14.00
15.25
14.75
14.00
15.25
6.75
13.00
12.50
8.50
10.00
4.50
4.75
15.50
11.00
6.25
4.50
7.00
4.50
5.00
4.75
18.00
14.25
5.00
19.75
17.75
5.25
5.25
5.25
5.00
6.75
7.50
4.75
5.25
4.50
5.25
15.50
19.00
5.50
5.75
18.75
20.25
20.50
16.00
20.75
21.00
21.00
20.50
20.50
13.00
15.50
19.25
17.00
19.75
21.75
6.25
6.00
21.25
18.50
12.50
16.50
6.50
6.75
12.50
24.25
25.00
20.25
21.00
19.25
26.50
26.25
19.25
8.75
8.00
8.50
19.00
7.00
12.75
13.00
7.50
12.25
7.50
6.75
7.25
7.50
7.25
7.75
7.50
19.50
7.50
24.25
8.25
8.00
25.75
19.75
29.00
25.00
9.00
7.75
8.75
24.75
16.00
19.25
12.50
14.75
8.25
8.75
12.50
8.50
25.00
30.25
31.25
27.25
23.50
25.75
8.25
11.50
10.25
31.50
29.75
12.75
8.75
14.25
20.50
27.50
8.75
31.75
12.75
8.50
8.00
27.75
32.75
30.00
18.25
9.00
11.00
16.50
8.50
8.75
19.25
8.00
11.75
19.75
32.00
31.75
30.25
32.00
30.25
29.00
25.25
28.25
18.75
9.00
8.75
15.50
26.25
27.50
8.25
9.00
9.00
31.50
31.75
26.00
21.50
19.50
31.00
27.00
30.50
11.00
24.75
28.25
15.00
9.50
10.75
9.25
12.25
22.75
20.50
29.75
31.50
28.50
28.75
34.25
32.25
26.00
20.75
26.75
17.00
13.25
8.50
26.00
14.50
30.25
26.75
23.50
21.75
26.50
29.75
28.50
11.75
33.00
26.75
31.25
30.50
32.25
32.00
32.50
27.25
31.50
15.75
19.00
21.75
15.00
27.50
32.50
25.75
18.25
27.00
29.75
28.50
31.50
32.00
31.00
29.00
27.00
23.50
13.75
10.50
27.50
30.00
29.50
26.25
27.75
20.50
26.00
22.25
25.00
19.75
11.50
9.00
20.75
22.25
24.25
21.75
20.50
16.00
25.50
20.75
18.00
22.00
14.75
22.25
7.50
7.00
7.25
7.50
17.25
25.75
22.50
17.00
20.50
21.75
21.75
23.00
22.25
11.75
6.25
25.00
24.75
26.25
26.50
24.75
20.75
24.00
21.75
20.75
21.00
26.00
26.00
25.75
25.25
13.25
23.50
24.00
23.50
23.25
19.25
20.50
19.50
24.25
23.25
24.00
23.00
14.75
16.75
20.50
21.50
21.75
20.50
7.00
17.75
21.00
20.75
20.50
20.00
20.00
5.75
20.00
18.75
20.75
4.50
8.75
17.25
18.50
14.50
12.25
10.50
12.25
17.50
6.75
4.50
5.75
9.00
17.75
19.00
18.00
17.75
18.75
17.25
16.00
9.50
4.50
12.00
16.50
16.75
17.25
19.00
14.75
8.25
7.50
16.50
16.25
16.50
16.00
17.00
16.00
16.00
16.50
16.25
16.50
15.75
14.50
14.50
14.00
14.75
3.75
12.25
10.50
4.25
4.25
3.75
4.00
4.00
4.50
11.50
4.50
17.00
17.50
16.75
4.50
4.50
4.50
12.00
11.00
5.00
4.50
4.50
4.50
4.50
4.50
10.50
16.25
17.25
8.25
4.75
4.50
4.50
9.50
4.75
17.50
6.50
5.50
4.75
5.00
4.75
5.00
5.00
5.00
15.50
5.25
4.75
5.75
10.00
7.50
14.50
8.25
7.00
6.00
5.25
5.25
5.50
10.00
8.00
5.50
6.00
6.00
5.75
5.75
6.50
6.50
6.75
14.50
6.25
5.75
6.00
7.50
6.50
6.50
7.50
7.75
27.50
27.25
14.00
9.00
13.75
8.00
23.00
7.50
7.50
7.25
7.75
7.00
14.25
9.75
21.75
23.00
13.00
12.50
11.50
15.50
8.00
7.25
8.50
19.75
7.50
7.25
7.75
7.75
9.25
21.75
28.25
11.75
8.25
19.25
26.50
14.00
8.00
10.00
8.00
21.50
30.50
29.75
7.75
8.00
10.00
10.25
30.75
28.00
16.25
10.50
10.25
24.25
12.25
27.50
12.25
24.50
26.00
17.25
20.00
15.25
19.75
10.00
20.00
17.25
8.00
8.25
8.25
11.00
12.00
11.75
9.75
10.75
26.50
21.25
13.00
17.50
9.75
21.50
10.00
19.50
8.75
19.25
9.50
8.25
11.25
33.25
33.50
9.00
17.00
8.25
20.00
10.25
26.25
31.50
29.25
9.50
29.50
28.50
20.50
17.00
15.75
13.50
19.25
28.25
8.25
8.50
8.50
8.75
8.75
9.25
9.50
8.25
8.25
24.50
30.50
29.00
29.75
16.50
28.50
31.75
31.50
33.25
31.50
31.00
26.00
23.50
23.00
28.75
29.75
26.25
21.25
26.75
29.25
28.75
33.50
24.50
9.00
8.50
8.50
14.00
29.50
27.75
23.00
29.25
30.50
31.75
21.75
16.25
30.00
28.50
31.25
31.75
28.25
20.50
8.50
14.25
11.75
24.00
28.00
27.25
28.50
9.00
8.50
20.75
28.00
30.25
25.75
22.25
18.50
14.75
13.25
11.50
12.75
17.75
12.50
21.50
26.00
27.00
26.75
23.00
7.25
7.25
11.00
20.00
20.75
16.50
20.25
15.75
13.75
20.00
22.75
26.25
26.50
21.00
26.50
26.50
25.75
24.00
25.75
24.75
26.00
24.75
10.00
20.50
22.75
19.00
16.25
21.50
23.75
23.75
23.75
15.00
6.50
8.25
18.75
17.75
9.00
7.75
11.25
16.50
12.25
20.75
20.50
20.75
6.25
9.25
10.25
20.75
22.50
22.50
20.75
6.00
9.75
21.25
6.25
19.25
18.00
18.50
5.50
6.50
20.00
19.50
9.00
18.75
17.25
18.75
16.75
5.25
11.00
8.00
10.00
9.75
5.25
4.50
5.25
4.25
5.00
5.00
5.00
4.50
5.50
15.50
17.25
15.25
15.25
17.25
15.25
15.50
14.00
4.50
14.50
3.25
4.00
3.75
11.00
4.75
15.50
17.25
15.25
8.50
4.00
4.50
10.00
15.50
15.25
16.25
16.25
15.75
17.00
17.50
15.25
10.75
17.50
17.25
4.50
6.25
4.50
4.25
4.50
4.00
6.25
11.50
7.50
4.50
4.25
6.50
4.50
4.50
16.25
15.50
16.50
16.50
8.00
9.25
13.75
12.25
8.00
13.25
15.75
11.75
6.00
4.75
5.00
5.00
5.00
4.75
7.00
5.25
16.75
6.50
14.50
16.50
17.50
9.25
16.50
5.25
5.75
8.75
6.50
16.00
13.25
6.00
6.00
6.50
5.75
7.50
14.75
17.50
7.50
5.50
6.25
5.50
11.50
17.00
6.50
6.25
8.00
6.75
6.50
7.00
6.25
14.25
24.50
25.50
12.25
6.75
6.50
6.75
6.50
19.25
22.75
21.75
7.00
7.00
10.00
7.00
7.25
19.00
10.25
12.75
7.50
7.00
8.25
7.25
6.75
8.00
8.00
7.50
28.00
25.25
25.50
8.00
6.75
9.50
20.00
20.75
16.00
8.25
20.00
9.75
17.25
16.00
23.00
10.50
8.50
8.25
8.25
11.25
28.25
17.00
21.50
7.75
10.75
12.25
18.00
12.50
9.00
8.25
10.25
8.00
23.50
21.00
11.00
20.50
19.50
9.75
9.50
9.00
9.50
26.75
30.00
9.50
14.00
20.50
8.25
33.00
21.50
9.25
9.25
8.25
27.50
25.75
8.50
8.25
9.00
8.25
10.00
8.00
13.50
8.75
10.75
9.75
8.25
8.25
32.25
10.00
9.00
8.50
8.00
8.25
9.00
13.50
27.50
28.50
18.50
8.00
8.25
8.50
12.25
8.50
9.50
28.50
32.00
27.75
30.00
31.00
20.00
17.00
22.00
30.25
23.00
20.75
27.75
30.75
32.75
30.25
24.00
29.25
25.00
20.25
18.25
19.50
29.25
31.75
27.50
32.00
9.50
8.75
8.75
11.00
27.25
29.50
29.25
28.50
32.00
31.75
30.00
9.00
9.00
16.00
24.75
31.00
31.75
32.00
30.50
27.00
22.75
14.00
23.00
27.00
26.50
25.75
29.50
29.50
18.25
30.25
30.50
27.75
23.25
24.50
28.25
24.00
26.75
28.50
14.75
21.00
13.50
14.00
14.75
26.50
28.25
24.75
28.25
26.75
28.00
22.00
18.75
15.00
11.75
8.50
8.50
21.00
20.75
7.50
7.00
7.50
7.25
6.50
11.00
7.50
7.50
21.25
24.25
24.75
12.25
23.75
25.50
26.25
25.00
24.25
24.25
23.50
25.50
26.25
23.50
13.50
11.00
8.00
20.25
24.25
23.75
17.50
6.25
6.00
15.25
8.25
9.75
17.75
19.25
22.25
18.50
12.25
5.75
10.00
16.75
15.50
17.50
13.25
10.25
19.25
18.75
18.25
17.00
19.25
16.25
19.00
17.25
19.75
20.50
20.00
20.00
18.00
20.00
19.25
19.00
16.00
18.25
18.50
18.00
10.50
11.75
10.00
6.25
4.75
6.50
4.25
4.50
6.50
12.00
4.50
4.25
4.00
4.00
5.25
4.50
4.00
4.00
5.00
7.25
13.00
12.25
8.75
5.25
4.50
4.50
4.25
5.75
10.00
3.75
4.25
6.00
14.50
17.25
17.00
16.25
5.50
16.75
16.00
16.75
15.50
15.75
15.50
15.50
12.00
15.50
17.50
15.50
17.75
17.50
4.25
4.25
9.00
13.50
19.25
18.50
19.00
17.75
5.00
16.50
5.75
18.75
19.00
19.25
19.25
9.75
9.75
4.25
10.25
5.50
7.00
6.00
15.50
17.25
19.00
21.75
20.25
20.75
17.50
15.25
18.00
16.25
17.50
14.00
2.50
6.25
22.25
19.50
21.25
22.25
9.75
1.00
14.25
7.00
6.50
18.25
9.75
23.75
16.25
2.25
16.00
7.50
13.25
25.25
24.75
13.75
12.25
6.75
8.50
1.25
15.50
28.25
24.00
20.75
13.25
8.75
7.75
13.25
13.25
8.75
28.75
28.50
28.50
12.00
3.50
1.75
23.50
30.25
26.00
4.75
29.00
22.75
8.75
31.25
24.25
24.25
24.00
8.25
21.00
26.50
32.75
32.75
4.50
32.25
29.75
3.25
28.25
30.50
31.75
24.75
1.75
23.25
30.50
32.75
24.25
31.75
27.00
12.25
31.25
26.00
26.50
25.50
34.50
18.75
20.75
21.00
24.50
34.75
32.00
28.00
34.00
26.25
24.25
32.25
35.75
21.25
31.50
6.75
12.25
26.25
20.75
32.00
34.50
22.00
21.00
16.50
35.50
17.75
35.75
12.50
18.00
29.50
15.50
19.50
23.75
28.75
30.50
12.75
20.00
35.75
30.00
11.00
27.75
21.00
22.25
27.25
9.00
7.75
6.25
1.75
6.25
22.00
20.25
24.75
30.50
15.25
11.75
1.75
14.50
10.00
24.50
33.25
33.50
26.50
17.75
35.25
30.50
11.50
30.25
25.50
8.50
10.00
7.00
9.00
21.75
10.75
23.25
13.25
34.25
31.25
18.75
2.00
35.00
16.25
35.25
22.50
9.50
2.50
6.00
16.75
32.00
23.75
25.25
23.50
33.00
18.25
16.25
8.75
19.50
10.25
6.75
26.25
11.50
12.25
21.25
1.75
13.50
13.50
2.25
2.00
17.75
33.75
23.25
14.50
12.50
10.75
5.25
34.00
32.75
10.75
8.00
2.50
1.75
12.00
12.25
20.00
19.25
1.50
7.50
12.00
1.50
9.00
2.75
12.25
4.25
19.75
1.50
9.00
2.50
6.00
7.75
6.50
7.75
4.25
21.75
26.75
19.25
13.50
29.50
24.50
21.75
25.50
21.25
28.50
28.25
6.75
5.00
2.25
1.25
1.25
1.25
13.50
3.00
1.25
1.25
6.00
3.75
3.00
1.75
1.25
5.50
3.50
4.75
1.25
1.25
14.00
20.75
24.75
6.50
23.00
20.75
23.75
23.25
8.25
19.50
12.25
7.50
5.75
4.00
6.50
20.00
2.50
13.75
19.25
18.75
16.75
10.00
1.00
11.25
20.25
10.25
1.25
4.25
2.25
7.50
7.25
1.00
3.75
18.75
10.00
10.00
18.50
10.75
6.75
10.75
16.25
11.50
9.50
17.00
6.00
3.25
11.75
6.50
12.25
18.50
7.00
2.00
13.25
13.00
6.75
16.75
18.00
5.50
17.50
9.25
17.50
13.50
18.00
17.50
10.75
10.00
10.00
12.00
1.75
6.50
3.25
6.25
7.75
8.50
11.50
18.25
17.50
19.00
17.27
18.09
17.32
16.94
17.02
15.98
16.59
11.83
14.58
14.45
12.77
14.32
9.64
10.28
10.00
10.32
9.89
11.32
13.98
14.19
10.56
10.59
12.51
13.32
9.11
9.15
10.14
9.42
9.84
9.94
9.73
11.89
14.87
14.84
14.27
10.18
11.24
10.75
11.21
20.31
13.38
10.49
20.18
18.91
20.11
23.19
19.38
15.49
10.93
11.61
15.04
14.87
14.87
14.87
14.87
14.92
11.83
21.63
22.39
18.78
28.30
27.62
23.95
27.17
25.83
24.74
21.48
13.19
20.88
17.21
18.14
23.51
12.01
19.88
16.26
18.59
13.22
12.23
22.38
17.15
13.71
12.77
28.71
32.08
21.02
30.55
31.14
13.30
12.16
17.41
11.67
12.74
12.57
13.28
15.48
20.69
21.00
21.95
19.79
18.35
23.82
13.80
12.58
12.86
17.15
22.38
18.36
25.05
18.60
16.33
12.91
19.05
19.67
19.67
19.67
27.50
34.41
23.08
17.85
18.05
15.89
22.51
20.67
13.62
15.94
12.75
12.40
13.74
18.64
13.50
16.46
29.88
32.74
30.47
32.10
28.79
29.62
19.90
14.36
17.55
28.09
13.27
18.73
17.45
15.13
16.75
20.33
17.96
16.40
13.56
14.31
21.72
12.39
19.18
23.12
27.56
19.00
14.31
13.62
14.85
18.33
15.87
17.14
13.03
13.38
14.55
19.81
15.80
15.50
12.30
19.17
24.98
27.54
23.55
25.09
25.60
17.59
15.77
11.82
12.67
16.20
17.06
21.52
23.53
22.64
26.08
29.19
23.58
17.13
13.29
19.74
19.54
18.31
21.98
21.95
24.62
23.27
22.98
24.54
16.90
15.72
18.90
22.44
23.41
26.95
27.99
28.69
26.15
26.78
17.99
11.25
11.62
18.15
21.47
20.45
24.83
24.10
16.78
19.34
18.14
24.95
21.43
21.16
18.53
21.87
20.99
23.11
22.10
23.01
23.69
22.99
23.37
23.97
23.69
18.15
14.81
17.91
17.03
13.91
13.45
21.07
21.07
21.07
21.07
18.96
18.96
18.96
18.96
18.96
18.96
18.96
18.96
18.96
18.96
18.96
18.96
18.96
18.96
18.96
18.96
18.96
18.96
18.96
18.96
18.96
18.96
18.96
18.96
18.96
18.96
18.96
18.96
18.96
18.96
18.49
18.49
18.49
18.49
18.49
18.49
18.49
18.49
18.49
18.49
18.49
18.49
18.49
18.49
18.49
18.49
18.49
18.49
18.49
18.49
18.49
18.49
18.49
18.49
18.49
18.49
18.49
18.49
18.49
18.49
18.49
14.90
14.90
14.90
14.90
14.90
14.90
14.90
14.90
14.90
14.90
14.90
14.90
14.90
14.90
14.90
14.90
14.90
14.90
14.90
14.90
14.90
14.90
14.90
14.90
14.90
14.90
14.90
14.90
14.90
14.90
14.68
14.68
14.68
14.68
14.68
14.68
14.68
14.68
14.68
14.68
14.68
14.68
14.68
14.68
14.68
14.68
14.68
14.68
14.68
14.68
14.68
14.68
14.68
14.68
14.68
14.68
14.68
14.68
14.68
14.68
14.68
13.28
13.28
13.28
13.28
13.28
13.28
13.28
13.28
13.28
13.28
13.28
13.28
13.28
13.28
13.28
13.28
13.28
17.24
17.51
16.25
11.20
11.86
10.80
16.49
10.68
9.04
9.75
10.44
9.60
11.55
16.78
15.22
17.74
14.40
14.06
14.76
16.18
19.64
18.03
19.52
19.17
19.89
21.17
15.40
18.08
16.00
13.52
11.34
18.66
18.58
18.63
15.68
12.85
13.11
17.67
16.14
15.45
12.51
11.86
12.74
12.38
11.27
10.90
10.63
10.54
12.17
11.96
16.96
19.05
12.57
18.09
11.66
30.45
29.86
28.69
25.59
20.60
18.43
14.30
11.96
18.53
15.94
18.16
24.31
16.65
12.12
12.51
15.56
13.32
16.66
16.29
13.63
15.92
18.79
12.72
17.16
18.04
32.29
27.89
19.08
17.62
16.11
18.20
21.22
24.97
20.09
18.46
24.13
13.68
17.51
28.57
22.16
19.48
14.57
12.29
23.89
26.27
29.10
20.46
24.17
29.97
26.11
13.70
27.93
28.90
25.36
33.00
34.19
30.64
28.98
24.79
23.93
18.06
21.79
29.87
29.92
13.45
13.66
13.16
16.30
21.33
16.96
15.02
15.32
17.17
13.76
11.71
12.95
17.48
22.49
22.04
16.13
20.36
12.44
17.96
30.06
31.45
23.72
22.51
17.68
15.09
14.26
13.03
20.23
13.89
19.51
16.72
23.33
20.75
22.29
23.08
24.00
18.66
13.10
16.10
15.06
19.69
16.28
17.46
20.66
19.91
19.05
12.30
12.33
20.12
21.53
21.65
23.36
25.77
24.48
27.60
21.30
22.84
24.93
15.11
22.78
25.47
28.33
20.71
18.60
21.83
23.64
27.13
22.65
21.10
13.57
14.56
19.50
21.00
21.74
22.58
26.55
23.22
23.41
23.96
19.51
17.14
19.59
14.13
16.88
11.21
11.79
16.92
16.09
17.95
21.17
22.45
17.18
17.88
22.54
23.69
22.29
23.31
23.56
24.82
24.16
24.14
22.29
22.11
22.96
23.33
20.10
15.34
20.15
22.43
21.37
24.19
25.21
23.99
22.76
20.15
21.21
23.48
21.87
18.71
21.02
16.33
18.37
18.80
18.06
19.56
18.45
15.72
13.10
13.63
17.91
20.56
22.42
20.60
19.69
11.70
11.03
12.14
12.09
19.82
22.67
22.36
15.97
22.92
24.20
23.15
17.57
18.26
13.82
13.89
12.22
10.43
13.57
16.76
23.12
20.96
19.48
11.38
17.66
20.46
21.11
21.93
21.32
21.73
19.97
19.22
19.45
20.21
21.20
16.71
20.00
21.92
19.74
19.33
18.84
13.43
11.96
9.56
13.38
9.82
9.02
10.80
11.38
9.50
8.89
9.64
9.71
9.39
9.62
10.11
15.93
17.90
13.11
16.40
19.24
18.30
17.94
12.31
12.65
13.48
10.84
17.90
17.23
19.01
17.58
13.45
9.11
9.29
11.80
13.74
13.81
9.56
15.77
8.20
9.54
9.47
14.32
17.37
17.97
18.53
17.93
13.56
15.19
10.47
9.40
8.63
16.75
9.19
10.53
11.74
13.20
13.28
13.28
13.64
9.37
8.84
9.78
10.83
16.04
9.23
8.55
14.80
20.26
20.01
17.44
14.19
18.51
18.92
17.81
9.22
8.34
8.73
8.87
10.12
11.23
11.64
9.67
15.65
13.52
11.57
14.37
14.76
10.73
10.55
9.94
10.58
9.89
12.09
15.24
15.25
13.99
10.31
10.13
10.83
10.11
10.75
11.41
11.09
13.62
13.54
24.77
21.31
13.22
22.95
11.95
15.49
14.16
15.60
20.64
15.92
16.97
15.32
11.28
12.90
13.59
12.09
11.71
15.00
31.09
30.66
14.56
11.85
15.60
12.50
15.00
15.17
29.22
27.40
15.29
21.67
22.58
23.98
12.03
22.30
32.12
16.18
32.82
27.90
15.46
21.80
17.71
10.78
11.35
11.55
12.94
11.10
12.89
11.72
26.90
14.89
13.15
11.81
13.84
12.22
12.12
21.08
24.79
12.62
17.35
17.18
14.42
11.00
16.99
29.07
23.38
13.46
28.48
27.86
23.37
34.11
29.12
29.88
28.72
27.06
12.86
12.85
13.79
15.99
10.41
15.18
11.96
12.37
13.83
12.22
14.06
15.82
16.70
23.52
12.64
17.94
15.30
12.69
19.68
36.62
35.89
25.15
15.90
19.75
11.53
13.82
27.14
13.09
14.74
24.48
21.88
25.30
26.18
19.43
26.24
11.19
15.44
16.23
19.06
12.40
10.77
12.04
11.13
12.90
12.21
15.82
12.24
11.49
14.17
12.34
13.69
12.50
11.91
16.00
21.59
19.76
22.85
22.44
22.44
27.23
24.73
22.45
17.61
12.00
20.90
17.08
23.89
22.85
24.13
24.99
16.91
19.33
25.60
21.53
21.09
22.53
19.08
24.52
24.18
22.52
22.32
23.55
18.11
19.20
18.96
20.97
18.50
22.39
23.01
22.88
28.72
27.97
12.18
23.29
22.32
29.45
24.97
17.29
21.98
22.05
21.44
23.63
22.51
20.81
22.51
20.08
17.62
20.22
24.61
25.49
21.96
19.90
21.55
19.06
17.44
18.60
20.02
19.37
20.06
17.21
11.03
16.55
20.20
23.46
19.03
20.29
23.29
20.56
15.40
14.67
17.29
21.22
21.61
17.20
23.22
22.22
20.27
22.51
13.05
14.26
15.86
14.05
14.40
15.94
14.41
15.05
18.69
15.73
15.28
16.64
19.18
15.31
24.14
22.29
20.93
14.40
12.58
14.57
10.91
13.52
12.76
10.41
13.49
10.70
14.07
17.52
21.42
19.00
11.33
12.51
10.18
9.95
10.31
9.80
9.82
16.50
18.39
21.49
23.44
24.59
22.91
22.04
20.96
20.17
14.30
20.09
22.13
21.32
21.73
22.26
21.72
19.94
18.26
16.31
15.02
9.83
10.65
10.08
11.51
13.60
10.37
9.95
10.58
14.78
19.88
19.05
14.48
9.43
9.53
9.52
9.96
16.11
19.12
18.95
17.32
15.39
17.74
20.10
19.74
9.11
8.38
8.69
8.92
8.54
8.02
15.37
21.12
20.24
15.52
18.05
17.29
20.21
18.92
9.29
8.77
19.52
20.31
18.82
18.42
18.26
19.73
17.12
16.19
10.80
10.47
10.50
9.34
12.78
14.50
11.97
14.05
9.48
19.43
12.04
14.02
10.22
19.05
15.71
12.62
12.15
9.85
11.79
11.22
10.09
10.95
9.65
10.01
11.42
10.58
11.50
14.53
12.95
10.55
12.46
18.93
22.37
23.01
22.55
22.64
18.21
15.66
9.97
11.51
19.35
10.40
18.97
10.82
10.35
10.26
11.26
10.62
13.63
22.78
15.74
10.86
9.80
15.41
21.89
19.48
22.73
12.43
16.73
11.62
15.86
17.25
13.18
14.34
28.04
17.17
12.92
12.34
12.26
18.86
16.18
11.00
17.70
17.92
12.70
11.44
17.34
15.37
12.66
14.00
14.15
19.58
13.48
18.56
33.45
32.11
26.91
28.91
26.48
25.93
17.69
14.50
15.52
28.77
19.63
18.03
23.06
24.40
17.79
15.56
20.28
24.69
22.62
17.84
16.89
32.87
34.46
33.17
26.38
12.71
34.36
31.42
32.49
25.32
31.45
28.58
18.62
14.26
15.77
15.27
12.46
13.36
18.88
12.47
14.90
17.25
21.31
21.87
17.49
13.07
12.63
12.22
13.05
13.08
34.51
34.99
34.30
31.75
25.55
17.43
13.68
13.35
14.29
17.45
18.56
33.22
35.81
32.70
30.86
28.37
16.98
16.08
20.24
20.05
21.42
15.35
20.30
21.74
19.11
20.37
14.44
15.28
15.00
20.35
19.05
17.03
20.18
23.79
22.27
25.54
17.08
21.21
27.35
16.68
26.37
24.43
16.24
13.96
18.79
19.47
21.78
27.45
25.94
28.19
27.34
29.83
26.81
23.75
20.64
22.34
17.81
20.45
19.82
18.71
15.84
16.50
14.49
20.88
19.00
18.25
21.49
29.26
28.55
24.97
25.93
27.45
26.34
22.81
21.09
25.69
24.42
23.84
23.58
25.08
26.20
23.89
23.58
18.03
17.32
20.39
21.03
20.83
24.34
23.85
24.15
25.82
26.72
25.64
21.39
29.75
25.43
24.41
21.04
14.24
17.99
19.48
22.56
17.64
12.93
10.64
10.79
12.43
20.85
18.24
23.23
20.42
20.74
18.43
19.35
20.98
24.01
20.42
23.08
23.32
26.44
25.39
24.12
18.18
20.36
11.77
13.49
14.92
15.50
11.77
18.04
17.92
15.59
18.56
14.67
14.10
14.10
15.50
15.56
10.48
11.73
12.43
12.06
10.90
11.76
21.66
19.48
16.23
12.09
11.55
11.38
18.25
23.79
23.21
22.40
21.22
18.12
19.37
19.02
14.94
14.63
9.39
12.07
18.73
16.52
12.92
14.72
15.47
16.62
16.93
14.14
13.97
14.67
14.87
12.11
11.06
9.79
15.90
17.70
18.27
18.61
17.38
17.72
17.05
16.15
10.28
16.26
18.67
18.89
17.73
19.03
20.24
19.42
16.46
17.41
17.09
16.54
10.99
9.35
17.42
19.02
19.20
17.03
12.67
9.45
8.43
10.86
16.02
18.05
17.60
17.16
16.78
11.80
13.71
17.53
17.60
17.75
17.63
16.65
10.21
10.92
19.32
19.03
18.01
16.13
12.71
8.61
9.43
9.65
11.45
12.32
8.65
10.60
8.79
9.29
10.05
11.07
11.19
11.07
10.78
10.15
9.27
8.72
8.68
11.48
10.84
13.03
10.18
10.05
10.56
9.99
11.05
9.92
11.45
10.74
11.16
11.33
12.13
12.15
16.70
21.28
9.79
11.05
10.99
13.35
12.13
10.96
15.83
11.20
10.34
11.52
11.55
16.69
14.45
14.99
10.37
12.39
14.05
21.95
21.45
15.87
14.63
16.33
11.64
12.41
12.45
10.74
15.72
12.84
16.37
15.67
14.19
12.12
11.65
11.83
11.89
12.37
12.15
16.23
15.44
15.81
12.37
14.22
15.86
16.02
16.83
12.44
16.18
13.78
17.17
23.50
12.60
32.02
31.67
32.26
31.90
30.62
19.91
20.13
23.17
28.90
20.25
31.28
20.02
13.79
13.27
23.24
12.63
15.09
22.45
19.60
17.18
17.93
17.61
15.75
17.74
14.27
13.61
16.30
14.66
26.53
35.20
19.31
14.71
12.82
22.52
13.34
17.23
16.68
18.53
19.51
18.87
16.62
20.17
22.41
27.11
20.75
19.74
19.86
15.63
16.66
13.99
12.77
19.38
13.72
14.65
23.03
22.43
16.84
24.90
26.30
26.13
21.93
23.09
17.92
14.65
12.94
15.73
22.78
13.68
26.30
15.27
14.02
13.23
14.65
17.22
15.76
23.25
22.78
15.45
16.86
11.50
21.23
28.78
28.42
27.33
17.78
13.64
19.29
17.04
14.45
26.72
12.02
13.18
13.07
15.75
18.79
21.36
25.99
24.53
18.37
26.35
30.33
30.90
31.86
21.44
20.94
23.67
22.66
27.10
30.71
25.23
24.89
27.36
21.38
19.08
15.86
13.49
17.40
21.63
26.85
25.17
19.19
18.33
18.64
23.48
22.81
18.65
21.85
24.57
28.76
23.90
29.80
19.64
10.36
13.58
22.19
25.75
25.37
20.07
22.62
15.92
16.56
19.76
21.03
21.99
25.55
19.15
20.98
22.23
25.96
24.72
22.11
21.13
19.60
15.29
15.76
26.20
23.72
20.08
21.02
23.36
18.88
21.27
15.21
13.64
13.33
15.81
19.82
18.81
21.56
20.54
17.24
19.26
23.42
15.35
15.16
18.26
27.35
23.62
23.41
18.77
16.63
12.96
15.35
13.69
10.61
18.14
24.87
23.47
21.84
24.99
24.69
21.55
26.03
24.02
22.80
22.85
18.93
14.37
20.74
16.31
23.81
25.28
24.52
23.50
21.64
20.66
18.86
12.46
24.70
22.67
21.51
21.65
20.19
16.42
16.79
19.72
20.20
16.51
13.27
12.36
9.98
19.33
23.35
22.00
18.86
21.47
21.18
19.54
10.78
9.89
10.44
9.69
11.59
11.73
21.30
14.16
15.00
10.54
13.10
17.45
19.72
16.01
8.76
8.49
9.86
10.03
8.63
10.59
12.11
9.57
11.06
10.40
8.55
10.97
12.49
12.12
13.72
18.85
17.88
12.94
17.96
10.80
9.55
11.19
15.35
12.69
13.99
11.24
10.32
9.83
11.89
11.54
10.71
9.59
12.21
18.53
18.20
11.75
9.70
11.49
9.57
17.75
19.90
15.41
13.28
13.28
13.28
13.28
13.28
13.28
13.28
13.28
13.28
13.28
13.28
13.28
13.28
13.28
13.28
13.28
13.28
13.28
13.28
13.28
13.11
8.03
7.78
9.27
13.26
21.02
21.81
19.40
19.35
13.74
17.40
15.57
12.68
10.77
13.50
16.22
10.89
10.61
11.13
11.29
11.15
11.06
18.22
13.36
10.74
15.78
11.93
12.83
11.00
11.94
13.73
13.25
13.70
19.46
16.52
13.19
16.05
14.82
14.61
13.42
23.74
27.87
29.01
29.58
28.31
27.03
28.34
25.65
25.51
23.78
14.09
14.88
16.81
20.85
17.71
19.15
17.58
17.24
18.38
19.43
24.96
17.74
22.08
11.41
17.00
12.90
14.85
12.63
17.08
14.87
16.69
13.34
12.63
11.56
16.18
33.75
17.57
19.45
24.69
16.48
26.23
17.95
30.14
33.39
23.13
18.27
17.98
19.77
13.61
17.81
15.63
15.93
12.99
18.47
22.75
17.59
19.60
17.08
12.93
16.30
29.27
20.51
13.76
15.58
16.47
18.21
15.87
16.70
16.41
17.38
21.09
29.73
19.76
12.51
17.56
17.25
17.72
16.34
13.65
15.74
13.27
24.14
23.90
22.08
13.90
19.95
25.40
22.38
22.75
23.24
25.63
18.30
18.15
13.39
18.33
17.70
17.23
15.72
20.49
14.89
12.70
13.26
14.94
16.00
16.29
20.45
24.72
25.57
19.00
24.45
17.98
20.24
17.99
19.96
17.34
20.18
21.45
24.32
24.95
30.14
25.40
24.27
27.33
31.05
24.73
23.31
19.06
21.78
29.08
24.93
27.82
30.58
15.94
12.24
20.24
15.85
16.89
25.95
20.28
18.22
17.43
19.23
25.35
22.99
23.63
20.71
22.00
19.70
26.20
26.90
27.09
25.75
14.07
20.20
26.49
29.44
27.54
26.34
27.18
27.54
21.58
28.95
27.64
25.83
13.10
14.74
20.03
15.16
20.75
23.47
23.27
18.28
10.24
17.52
16.64
21.63
24.16
23.63
27.17
17.48
14.07
19.56
14.59
26.92
19.43
13.31
16.03
19.17
19.03
22.73
23.35
23.69
26.34
26.78
20.26
20.14
24.46
29.26
29.39
25.46
18.37
22.98
16.08
10.93
14.04
17.29
19.75
12.30
17.77
14.91
19.27
15.86
19.34
24.92
23.57
27.17
25.27
19.87
11.21
10.77
15.03
16.78
18.08
25.05
24.31
19.43
21.44
18.62
20.19
19.78
16.93
14.08
12.75
21.86
23.04
21.93
25.28
25.18
19.71
19.92
16.70
20.55
18.65
17.83
12.69
10.45
12.03
13.17
13.06
19.00
19.00
18.96
10.77
9.39
9.09
10.51
10.44
11.78
17.70
21.72
20.99
21.22
19.67
19.09
17.89
17.66
8.92
21.33
19.99
9.46
20.53
21.66
20.88
20.60
20.81
20.20
20.21
19.21
18.02
17.75
16.38
13.93
13.28
12.26
11.01
12.54
8.83
8.38
8.08
8.68
10.22
16.96
18.72
18.16
18.99
18.61
17.99
18.02
18.35
18.93
18.20
18.99
18.94
19.65
20.06
17.67
16.25
17.16
20.33
17.25
13.60
10.61
10.61
13.38
15.71
10.33
10.45
14.09
21.18
20.57
19.20
21.54
21.47
17.37
21.62
22.69
22.41
21.39
10.70
13.95
18.38
17.36
18.57
19.25
20.85
18.96
17.77
20.76
15.28
12.58
18.29
11.18
13.39
10.25
11.65
13.34
13.87
11.91
12.75
16.86
10.26
13.96
10.38
12.63
25.96
25.62
24.08
21.77
14.67
13.33
15.18
16.00
13.40
12.55
12.84
11.36
12.48
14.77
11.45
11.63
12.22
15.48
17.34
11.83
11.72
22.73
16.10
14.10
13.06
17.51
16.16
22.25
14.80
19.60
30.32
21.06
28.18
22.72
24.69
19.58
16.25
18.13
16.34
12.25
17.49
19.74
16.98
24.53
26.85
15.39
17.26
14.43
23.51
23.94
29.66
21.81
17.94
18.96
18.72
24.25
22.14
26.54
24.89
23.40
21.83
15.89
13.07
14.91
14.48
14.37
17.05
27.73
23.09
14.15
24.45
33.76
28.36
15.86
14.20
17.84
13.40
17.60
16.60
17.25
14.63
14.28
18.34
19.30
17.12
16.26
15.42
17.72
21.50
21.38
19.75
14.42
19.29
15.34
17.94
15.87
16.00
17.61
15.28
17.04
18.04
25.39
14.08
32.25
23.72
16.71
13.54
16.29
22.49
29.06
25.71
22.61
33.21
31.73
29.32
18.96
18.12
18.39
18.28
19.22
15.71
16.76
16.54
14.17
16.19
21.40
18.55
20.53
21.17
20.45
24.00
24.82
22.06
23.61
25.80
22.21
23.12
22.11
24.08
22.76
22.64
22.84
22.56
20.35
18.16
24.84
25.69
26.32
24.90
24.66
24.69
28.21
30.34
16.53
14.06
21.88
23.32
24.88
24.00
28.75
28.38
26.20
22.60
23.57
23.85
24.15
20.51
22.46
23.67
22.92
20.26
16.18
19.57
17.56
14.36
14.72
20.57
23.59
18.23
20.91
13.54
13.05
18.78
23.61
23.27
22.64
23.72
20.73
24.09
24.98
22.82
25.20
22.45
20.85
24.67
18.11
23.77
18.61
22.84
22.15
22.53
19.93
18.05
19.70
19.88
20.92
19.40
16.99
18.71
20.33
20.27
14.83
12.90
13.44
14.41
17.33
14.96
19.25
19.84
20.84
20.86
20.68
18.19
14.12
15.75
21.42
24.40
25.84
24.43
26.47
23.89
25.20
21.68
24.71
22.58
21.11
24.42
25.34
24.75
24.11
23.37
23.20
20.45
16.10
18.95
16.69
18.36
21.79
15.57
20.17
19.21
20.01
19.51
15.59
14.52
9.97
19.24
19.79
10.59
11.51
9.75
10.23
13.92
10.87
10.22
9.72
9.91
11.56
15.18
14.87
10.49
16.66
16.91
18.75
13.53
17.70
17.13
14.95
11.28
12.88
16.23
15.50
12.63
10.00
10.35
15.58
10.08
15.63
14.58
18.41
10.95
16.32
13.30
15.85
10.61
17.43
18.46
18.51
12.30
17.94
18.92
17.93
11.34
19.73
18.50
19.96
13.92
18.10
13.83
12.62
9.74
9.85
18.26
20.27
14.68
17.68
16.93
16.95
17.06
9.85
12.40
11.22
18.65
16.75
10.82
10.79
9.91
10.03
11.52
18.43
17.87
18.08
16.66
18.39
18.01
18.88
20.26
19.99
16.96
11.15
13.93
12.39
11.65
11.70
12.87
11.69
11.76
12.44
13.04
11.96
16.02
21.86
13.11
22.29
20.61
18.97
14.84
23.84
23.21
12.83
11.16
19.09
16.80
12.08
13.04
12.57
11.07
13.42
12.27
16.25
16.88
17.94
13.53
12.87
14.63
12.39
11.36
12.03
11.64
12.72
12.82
12.42
23.81
8.64
9.74
14.96
16.36
10.94
11.67
13.87
21.77
16.28
21.90
23.47
21.18
22.57
9.96
15.66
16.74
10.96
13.95
24.09
19.78
12.23
18.09
21.17
16.79
20.89
25.02
27.74
22.99
12.33
12.70
9.75
13.73
11.15
20.28
25.94
33.49
27.01
31.32
21.47
12.14
17.04
11.61
13.62
22.81
12.20
17.30
16.16
16.52
15.41
11.00
28.41
26.10
12.53
14.63
19.90
11.58
11.53
13.67
25.74
13.62
15.08
13.84
16.21
34.48
25.99
16.65
20.84
12.40
19.45
13.03
7.87
11.69
10.83
15.73
10.59
12.46
16.38
12.57
16.47
15.55
21.32
10.80
13.33
15.47
18.49
17.68
18.23
11.97
16.85
16.74
19.90
15.70
17.78
13.37
14.84
15.42
19.15
22.25
27.02
27.53
18.93
14.95
22.11
24.92
21.16
18.04
15.28
16.20
22.23
24.09
21.66
28.65
25.01
19.76
12.19
10.77
14.39
10.72
14.34
13.30
12.44
16.24
21.79
16.05
24.15
30.17
26.03
25.32
22.89
18.63
17.53
28.16
14.03
13.36
10.50
16.38
16.76
16.13
18.65
26.26
28.47
25.16
26.47
26.05
26.78
29.94
29.59
29.46
26.28
26.87
27.82
16.75
11.22
11.95
16.59
16.88
17.27
16.92
14.64
15.73
15.03
14.28
18.55
22.42
20.16
21.63
21.27
19.78
28.03
27.05
22.29
11.69
10.97
11.61
11.64
13.31
13.80
19.61
19.91
21.32
12.12
27.12
25.61
25.16
21.89
21.80
21.87
10.80
15.88
21.84
24.78
25.28
24.38
15.34
10.26
10.78
13.53
19.88
16.86
16.87
11.85
15.42
21.23
9.32
9.63
12.00
15.05
13.96
17.97
15.16
13.36
11.35
12.44
9.40
10.89
22.00
24.57
23.35
22.05
22.62
24.07
23.68
23.34
20.90
13.12
18.44
18.73
20.73
21.27
15.81
15.08
16.58
11.51
11.19
8.63
8.61
9.00
19.73
13.56
13.59
16.04
14.53
11.48
11.71
10.88
10.41
8.80
9.01
8.99
13.30
12.89
9.12
12.87
12.40
12.55
11.23
9.62
12.20
11.56
13.76
9.23
19.10
17.90
15.22
8.56
10.74
11.91
14.41
8.43
11.41
7.70
11.23
10.57
15.65
7.33
9.83
9.83
9.75
8.83
9.34
10.37
17.22
18.48
17.31
14.38
12.79
11.01
7.87
7.43
8.02
9.43
9.13
9.71
11.85
10.37
10.01
12.29
15.67
14.46
13.99
13.91
8.09
10.41
9.70
10.84
12.13
8.28
9.09
10.03
12.67
12.34
9.79
11.25
9.59
17.98
12.23
9.52
9.09
8.62
10.24
15.94
21.58
12.23
9.46
8.53
11.07
12.15
9.90
9.55
10.80
11.90
10.20
15.23
22.83
23.36
23.59
23.00
15.92
19.07
15.56
15.31
11.56
11.66
17.44
17.68
22.65
11.19
23.24
10.85
9.71
10.45
14.20
21.70
10.94
17.51
26.12
26.03
26.84
25.87
25.27
20.86
16.44
20.47
16.72
11.61
14.53
11.56
13.35
10.68
10.58
13.38
13.43
12.08
14.11
13.20
26.40
10.05
13.54
12.98
11.90
11.73
28.07
24.25
31.16
31.32
13.52
12.37
25.66
27.40
20.29
11.71
13.41
19.42
25.27
20.48
12.22
12.34
14.54
14.42
16.75
15.05
17.49
12.63
15.12
14.19
21.68
25.16
16.16
15.21
17.22
16.65
14.58
15.83
15.73
16.89
30.30
27.72
11.87
16.82
19.87
29.36
24.07
15.32
20.76
20.43
13.51
16.24
13.86
32.20
30.03
29.86
23.63
20.08
20.96
19.88
16.60
11.84
11.72
11.49
15.45
20.55
21.14
15.15
23.26
17.59
16.11
13.76
19.53
23.10
27.93
21.02
14.67
15.86
14.53
26.40
29.82
19.52
23.96
23.63
18.25
13.05
13.31
11.59
15.12
12.41
13.07
13.88
27.16
29.09
26.84
29.18
29.65
29.15
27.64
22.54
26.33
19.32
17.16
15.79
19.19
23.21
21.31
22.47
23.81
27.88
27.91
25.47
10.60
13.34
12.80
12.34
15.43
19.55
21.68
19.10
13.82
12.28
21.83
22.47
28.35
29.70
29.57
28.96
25.33
25.63
28.34
26.87
25.16
26.25
29.06
18.94
12.06
19.73
24.92
23.14
23.70
23.14
22.19
20.13
20.60
17.94
20.43
24.75
15.62
20.73
22.52
17.21
18.81
18.10
22.58
26.10
25.01
25.57
20.66
19.60
18.24
17.03
23.39
27.72
28.31
23.00
14.17
11.32
12.96
20.23
22.30
18.99
17.15
24.49
21.03
14.67
10.68
13.63
19.38
14.01
10.66
13.86
11.71
13.96
25.36
24.34
22.11
19.27
19.51
21.57
23.11
23.04
21.27
8.86
10.22
11.63
14.13
14.81
12.92
14.95
13.80
13.92
14.78
9.99
9.92
10.59
11.05
10.16
11.96
14.75
18.94
14.60
14.42
10.33
10.60
12.86
10.61
8.98
12.91
10.95
12.26
13.38
18.27
15.75
9.94
10.84
11.39
9.50
10.06
11.19
17.40
18.24
14.61
14.57
8.62
9.16
11.19
19.84
9.25
13.92
13.21
10.36
12.65
16.23
13.48
11.43
8.54
8.55
11.52
9.55
10.76
9.23
9.25
13.53
18.91
16.06
14.73
12.15
10.11
15.43
15.03
10.05
16.60
18.17
17.51
18.16
17.71
16.59
15.26
9.17
10.59
11.69
17.65
17.94
12.60
13.76
14.37
12.84
14.83
16.60
14.15
11.45
9.70
8.65
17.06
16.68
16.82
16.96
9.40
14.18
12.41
19.02
11.44
10.79
9.10
16.43
13.94
17.73
7.97
7.52
11.94
8.59
8.84
9.82
9.47
7.33
8.98
10.76
13.57
22.08
15.63
19.87
14.66
22.34
22.04
15.40
12.78
7.51
9.42
11.08
12.59
14.16
18.81
16.38
18.27
13.47
8.36
15.17
16.03
22.73
24.68
25.74
25.02
23.71
23.10
19.43
19.52
21.29
13.81
18.25
11.22
9.03
8.90
9.43
26.59
12.72
10.14
16.79
29.20
23.21
14.76
11.78
13.07
11.81
14.14
15.44
8.59
12.12
8.87
11.70
11.16
10.52
9.68
10.44
9.93
11.14
9.68
16.13
6.96
15.70
15.21
9.36
20.76
32.21
15.14
18.68
13.44
10.19
32.52
33.54
24.74
40.32
21.49
13.61
18.60
21.26
15.45
16.86
18.38
12.88
15.60
30.61
16.30
10.73
12.86
20.93
10.15
17.27
10.53
19.12
31.62
22.20
12.79
10.80
10.39
34.20
34.67
28.79
22.47
18.71
14.63
11.72
21.78
22.77
22.12
12.61
33.62
31.83
18.45
12.44
26.68
34.15
9.51
19.70
31.80
25.94
1.95
26.37
17.51
13.77
14.01
10.53
13.61
18.54
34.38
31.52
35.03
25.58
21.51
13.26
12.32
9.08
13.30
19.56
23.62
17.09
18.78
27.17
23.77
24.32
19.45
13.85
13.43
10.68
10.10
12.43
11.02
10.88
14.02
13.68
12.96
22.84
19.48
19.34
10.89
11.63
16.56
20.34
24.40
17.95
18.26
14.72
17.48
18.26
18.70
16.52
14.52
22.09
27.77
27.61
25.22
28.78
27.65
27.88
27.24
17.64
21.66
22.22
25.16
29.57
30.44
20.79
6.00
29.62
30.44
30.34
29.53
30.64
13.77
12.31
11.01
21.56
20.35
26.61
25.57
26.69
29.18
25.52
20.12
13.25
17.14
22.80
17.67
23.26
29.02
28.96
21.48
20.02
28.51
27.80
22.67
17.60
15.08
17.73
24.18
21.88
20.03
23.75
24.69
28.22
20.05
23.63
26.60
18.50
17.59
13.04
22.79
14.36
17.61
16.18
15.92
20.26
13.82
11.31
0.44
27.37
28.21
28.28
27.07
23.22
23.50
20.57
19.02
16.92
15.60
20.54
24.57
22.74
20.90
14.97
20.57
19.98
20.89
18.28
12.54
15.49
19.65
20.70
24.07
16.25
18.80
23.46
24.02
11.99
8.59
2.00
8.05
11.05
11.32
9.48
8.07
18.47
21.72
20.23
18.71
21.98
17.45
22.33
21.76
20.81
22.54
24.03
23.19
22.00
21.91
16.49
13.68
12.71
9.81
10.48
13.82
14.74
14.82
10.36
1.96
10.95
9.99
11.68
11.27
7.85
7.60
8.56
3.88
9.46
12.64
9.88
8.53
9.25
13.21
11.42
10.88
7.88
5.16
3.52
12.63
9.20
16.38
15.96
15.28
19.00
16.48
2.40
10.88
16.00
10.88
3.47
3.13
5.56
9.12
16.15
1.98
13.78
19.02
4.42
12.52
1.13
19.55
19.42
15.15
10.65
12.53
9.10
12.24
20.57
14.97
16.76
16.49
10.23
7.52
9.73
9.52
24.63
24.99
25.42
23.01
25.08
12.42
16.50
22.78
21.91
15.94
15.94
15.94
15.66
12.78
12.63
13.03
15.98
10.54
12.66
1.48
10.95
11.64
10.68
27.85
11.06
22.16
17.46
28.96
26.51
24.22
23.54
10.49
12.09
12.90
30.72
28.08
29.02
20.66
18.49
28.57
23.19
19.22
16.36
17.48
12.41
18.01
11.69
12.41
15.74
22.06
17.77
29.75
22.89
22.19
15.07
14.96
11.64
10.29
13.82
36.95
36.97
34.17
21.71
20.58
23.13
15.21
22.29
12.53
21.67
12.67
13.31
29.47
38.09
37.94
18.44
16.22
17.11
30.03
35.92
22.19
21.35
31.42
26.49
28.47
29.38
24.61
27.30
12.59
32.94
42.37
32.06
36.47
27.25
18.46
19.21
15.17
17.58
16.41
40.30
26.98
10.84
21.29
2.01
25.65
31.84
33.61
36.03
31.08
25.14
18.68
28.66
15.11
19.05
14.94
17.56
16.66
31.06
17.62
15.11
20.81
23.47
23.47
23.47
22.82
23.47
21.76
24.59
35.10
27.17
28.64
27.74
29.70
31.05
30.49
22.71
23.49
34.81
30.86
22.07
21.75
21.68
17.72
13.75
10.53
7.80
10.90
20.08
10.59
7.30
11.77
14.55
10.35
9.28
37.52
12.92
11.03
11.42
37.42
38.36
37.29
20.46
18.70
11.58
11.61
14.33
15.19
22.04
30.77
28.13
32.26
32.93
28.90
26.11
18.92
19.27
21.35
20.16
26.93
26.93
25.10
26.84
31.06
34.89
11.97
22.67
26.44
27.62
36.13
31.94
30.00
32.19
26.66
30.09
30.04
22.33
21.24
20.27
27.07
26.73
24.56
30.96
29.98
27.18
28.63
26.52
14.88
23.55
24.97
13.20
26.03
29.91
31.81
23.78
36.83
34.84
26.36
21.58
20.41
16.52
29.11
23.94
17.23
19.11
16.30
20.64
22.71
19.80
16.55
7.03
9.82
17.44
18.71
15.26
11.59
11.69
15.08
18.90
22.68
17.03
20.53
20.76
19.78
7.87
14.86
29.55
16.99
19.81
20.85
23.76
26.70
12.88
21.17
22.40
27.91
21.99
21.48
17.50
12.22
13.21
29.72
26.73
19.92
17.22
21.78
33.22
31.66
31.42
28.24
31.44
32.01
30.63
26.18
24.07
21.19
5.60
11.29
17.09
17.61
6.98
5.25
9.76
7.54
13.58
9.87
3.71
1.30
2.73
1.79
8.71
6.88
1.74
13.00
9.73
4.25
9.73
3.63
5.25
1.88
4.09
6.24
4.83
7.69
5.90
2.74
2.34
0.00
5.23
2.26
1.27
6.96
0.82
0.68
4.16
2.45
4.09
7.46
1.48
1.26
8.26
6.09
1.74
10.70
8.28
2.17
4.21
8.79
3.64
3.63
5.39
4.69
2.90
4.17
1.32
1.60
2.06
4.64
6.59
19.20
5.17
5.58
7.17
8.08
21.99
23.19
13.01
4.97
6.49
14.07
5.66
6.32
5.13
10.76
7.05
4.43
4.67
7.05
5.45
