19790101
7.75
12.00
4.50
12.25
9.00
11.50
12.75
13.75
13.75
15.50
13.50
5.00
15.00
4.50
4.75
13.25
11.50
4.75
4.75
4.75
4.75
4.75
4.50
10.25
14.25
16.50
13.75
13.00
5.00
4.75
6.00
18.75
14.00
5.25
5.00
4.75
16.75
5.00
6.00
11.50
5.00
6.75
4.75
5.25
8.75
16.75
19.25
20.50
20.50
7.00
14.75
17.00
17.25
18.75
19.50
6.50
18.00
6.50
18.50
17.50
6.50
7.00
22.50
7.75
9.00
10.25
8.75
7.75
23.75
8.00
7.00
6.75
7.25
7.00
6.50
7.00
6.75
6.50
7.25
22.75
7.50
11.50
9.00
7.75
7.75
7.25
7.50
17.25
23.00
24.75
19.75
7.75
7.75
9.75
7.75
7.75
7.75
22.00
8.00
9.75
27.00
14.00
19.50
19.50
8.25
12.25
19.25
17.50
13.50
30.25
29.25
27.25
27.50
25.75
20.50
31.00
31.50
22.50
22.50
26.75
8.25
9.00
8.50
12.75
22.00
24.75
14.50
29.00
16.50
16.50
15.75
22.75
11.25
8.25
8.75
20.25
21.75
27.25
32.50
31.25
31.75
30.00
21.50
14.00
8.75
9.25
8.50
8.25
10.00
24.00
32.00
30.75
30.00
31.50
29.75
20.75
10.75
15.25
31.25
33.25
9.50
8.25
8.75
18.50
31.25
31.75
31.00
9.25
18.50
29.75
22.00
11.25
18.00
25.50
20.00
25.50
28.00
24.75
23.00
19.25
17.00
25.75
30.25
32.00
31.00
30.00
28.75
31.00
32.50
29.00
28.75
23.75
30.50
32.25
32.25
32.25
32.25
32.50
30.75
29.75
25.75
30.25
31.50
31.50
28.75
13.50
17.75
27.75
21.75
10.25
17.00
28.50
26.50
18.00
20.75
29.75
29.75
28.25
29.75
30.25
30.25
15.50
23.75
23.50
30.50
29.50
29.50
23.75
28.00
25.50
20.25
21.00
13.00
13.50
24.50
21.00
17.50
15.75
24.25
26.50
25.25
25.50
17.75
22.25
17.00
20.75
18.00
20.75
26.25
24.00
19.75
19.00
13.00
11.75
24.25
23.50
21.75
24.75
26.00
24.00
9.25
21.00
25.50
25.25
25.00
21.00
8.00
6.50
7.00
25.00
24.00
23.00
23.00
24.75
23.50
24.50
24.00
24.50
24.00
24.00
23.75
23.50
23.50
23.50
23.00
22.75
22.00
21.50
22.50
21.50
22.25
22.00
20.50
21.50
21.75
19.75
21.00
19.00
15.25
20.50
18.00
19.25
20.00
20.25
20.25
6.00
16.00
7.75
13.75
16.25
14.75
15.75
14.00
15.00
17.50
5.25
18.50
18.25
17.75
15.25
5.00
15.50
17.50
11.75
5.00
4.75
16.25
7.50
16.50
11.25
4.75
15.50
17.50
16.75
13.25
16.50
9.50
16.00
15.50
12.00
13.75
13.50
15.00
15.00
7.50
6.25
15.50
15.50
14.50
14.75
13.75
9.00
14.75
15.25
15.00
14.00
4.50
15.75
13.75
13.75
11.50
13.75
13.75
14.00
14.00
15.25
15.75
15.50
4.50
4.25
4.50
17.25
9.00
17.25
14.75
15.50
4.50
4.75
12.00
16.25
6.00
4.50
13.75
4.75
4.75
4.75
15.25
12.25
14.50
15.50
16.00
15.50
4.75
5.00
5.25
17.00
5.25
5.00
4.75
5.25
5.50
5.50
5.00
5.25
6.25
5.50
10.25
5.50
5.50
5.25
14.25
13.75
19.25
16.00
14.25
5.50
12.00
6.50
5.75
9.00
11.75
7.50
12.50
19.00
16.00
10.00
17.00
13.25
7.50
6.50
6.50
6.75
6.75
7.00
6.75
13.75
7.00
17.25
7.50
7.25
7.25
21.25
16.25
10.00
19.25
21.25
19.25
23.75
10.25
18.25
7.75
7.50
15.75
22.25
17.25
7.75
8.25
26.75
7.75
25.00
28.50
8.00
10.50
7.75
10.00
8.00
17.50
9.00
8.00
8.25
26.75
27.00
31.00
31.00
11.75
8.00
8.25
14.50
8.75
8.25
8.25
8.25
16.25
13.75
8.25
10.00
8.50
11.50
19.00
23.00
12.75
8.25
14.75
8.25
26.50
11.00
16.75
22.50
29.00
31.25
10.75
8.50
29.25
28.50
28.50
11.50
20.25
26.25
11.00
9.00
15.75
9.00
30.50
31.00
29.00
19.25
24.75
19.00
11.00
8.75
14.25
13.50
13.75
10.00
14.75
18.00
29.00
31.25
32.00
27.00
19.00
32.00
31.50
32.50
31.75
33.00
32.00
26.50
28.50
32.75
33.25
32.25
32.00
22.50
12.50
27.00
33.00
32.00
32.25
28.75
30.50
24.25
26.75
17.00
29.25
27.00
31.00
19.25
8.75
8.50
18.00
28.50
31.50
31.75
26.50
28.75
31.75
31.00
31.25
30.50
30.75
31.50
32.00
28.50
24.50
18.75
25.25
24.75
31.00
32.00
29.00
8.25
20.25
8.25
10.25
16.25
28.00
27.50
21.00
26.75
28.25
21.75
25.25
19.50
27.25
29.25
26.25
21.25
25.25
23.75
28.25
29.25
29.75
29.75
28.75
8.75
7.50
13.25
13.75
22.75
22.00
23.00
27.00
26.75
26.50
22.25
25.25
24.75
12.75
27.00
26.00
26.25
27.00
26.50
14.25
25.50
23.00
7.00
9.00
22.50
19.00
6.75
6.50
6.75
9.00
24.75
23.25
23.00
24.50
22.75
23.00
23.25
22.00
23.00
22.00
22.75
22.75
22.75
22.50
22.25
19.50
9.50
21.75
21.75
21.50
8.25
5.75
11.25
19.75
21.00
6.25
5.50
5.25
19.75
19.75
19.00
17.75
13.50
16.25
16.50
19.25
17.50
18.75
18.50
17.50
17.25
16.00
17.50
17.75
16.50
16.00
14.50
17.50
17.50
14.25
10.75
6.25
7.25
4.75
4.25
13.75
11.50
11.50
12.00
12.75
13.75
4.50
7.75
12.25
7.25
12.50
15.25
12.00
11.25
14.25
4.25
4.50
4.75
15.75
16.75
12.00
17.50
14.25
5.00
7.75
4.00
4.75
4.25
4.75
14.25
16.00
4.50
14.50
14.25
6.00
9.25
4.50
12.50
15.75
13.75
6.00
11.00
15.25
16.75
13.25
6.25
4.50
4.50
4.25
4.25
4.75
14.75
15.50
16.25
16.00
17.50
16.75
18.00
16.50
16.50
17.00
15.75
5.00
16.00
12.75
4.75
4.75
5.00
5.00
6.25
5.00
5.00
5.25
11.50
5.25
5.25
5.00
5.25
14.00
5.00
20.00
15.00
18.25
14.00
17.50
19.00
18.25
8.75
5.75
5.75
5.75
5.75
9.00
10.25
15.25
6.50
6.25
10.00
6.50
6.25
6.50
6.50
13.00
6.50
23.25
6.75
19.00
8.75
17.25
7.00
7.00
17.00
21.75
20.00
7.00
8.75
7.25
10.25
10.75
10.25
23.00
7.25
10.25
14.75
13.00
26.25
13.75
22.25
11.75
8.50
23.25
26.50
21.00
12.50
24.00
14.75
7.25
7.75
7.25
11.75
7.75
10.00
16.25
26.00
8.25
8.00
21.00
25.25
12.00
8.25
8.50
8.25
14.00
8.25
21.50
8.00
8.50
8.25
21.00
8.25
17.75
28.00
28.25
8.25
23.00
12.75
28.75
30.75
31.75
28.25
15.25
9.00
8.75
31.75
16.00
8.25
30.00
31.25
29.75
28.50
8.50
8.50
8.75
29.50
30.00
9.00
8.50
8.50
12.00
8.75
8.25
8.75
8.25
8.25
22.00
8.25
8.25
8.75
17.75
32.00
31.75
30.75
23.75
8.75
8.50
13.25
18.25
30.75
29.75
27.25
28.50
22.25
30.50
20.00
30.25
28.75
21.50
26.25
31.00
29.50
19.75
15.00
27.50
29.25
31.75
32.50
32.25
31.75
23.75
19.75
28.00
32.00
27.00
27.75
22.75
25.50
31.75
25.00
30.00
26.25
24.25
8.50
15.25
14.50
26.75
10.25
11.50
8.25
10.75
23.25
27.50
20.75
11.25
28.00
16.75
25.00
28.75
25.00
28.50
30.25
30.50
30.50
22.75
30.00
29.50
24.75
25.75
24.00
28.75
28.50
28.75
24.50
28.00
27.00
28.75
29.25
28.75
28.00
22.25
21.25
20.00
14.00
26.50
17.50
18.50
13.00
26.25
25.00
8.00
24.00
8.50
19.75
24.25
16.25
18.75
15.25
14.75
6.75
7.00
6.75
15.00
9.00
20.00
20.50
7.00
6.75
6.75
12.75
10.75
21.00
21.25
21.50
23.00
22.50
15.25
22.75
14.75
23.25
15.50
16.00
8.25
17.00
6.50
7.00
11.00
16.75
19.25
13.75
20.25
17.00
8.25
5.75
6.75
14.75
19.00
5.75
7.50
20.50
20.00
19.50
18.50
19.00
14.50
19.25
5.75
12.75
5.25
5.25
5.25
9.00
5.25
5.25
5.50
6.50
18.00
17.50
10.00
16.50
16.75
7.00
4.50
8.75
12.75
17.00
15.50
16.75
13.00
5.25
4.50
4.25
4.75
5.25
15.00
14.50
10.00
16.75
16.75
16.50
14.50
15.25
16.00
15.25
14.25
15.75
15.00
13.00
13.75
4.50
11.25
14.50
16.25
4.25
4.50
16.75
16.75
16.00
12.75
15.50
14.25
13.75
14.25
13.75
14.00
9.75
4.50
4.75
13.25
8.25
14.75
4.50
4.50
5.50
16.25
15.00
15.75
17.00
14.75
4.50
4.50
4.50
14.75
11.75
17.50
18.25
18.50
12.75
17.25
13.25
10.50
18.25
17.25
4.75
7.25
5.00
5.00
14.00
17.50
17.50
7.00
5.50
7.25
5.50
5.50
5.25
5.50
5.25
5.25
5.75
5.50
5.50
5.50
6.00
6.50
16.00
10.00
19.00
16.00
18.25
6.75
6.00
6.50
6.50
6.25
6.50
6.00
6.75
7.00
8.25
15.25
11.75
6.50
6.75
6.75
7.00
7.00
6.75
13.00
6.50
16.25
7.25
12.75
20.00
22.75
24.75
23.00
15.50
19.75
22.50
16.50
7.75
7.50
7.75
7.75
8.25
25.00
19.50
13.50
19.00
10.00
8.00
8.25
8.25
26.50
10.00
25.25
29.25
27.75
22.00
9.75
25.25
29.00
25.00
19.00
22.00
9.25
13.75
8.00
8.25
15.00
12.75
15.75
18.75
26.75
13.75
8.25
12.50
9.50
18.75
28.50
27.00
8.75
8.25
8.00
26.25
26.50
13.50
8.25
18.75
8.50
8.75
10.25
22.00
22.25
28.50
20.50
30.25
31.00
31.25
31.50
29.75
26.75
22.75
8.75
8.25
8.75
22.50
30.00
24.75
8.75
28.50
30.25
21.50
8.75
8.25
8.50
8.50
9.00
14.25
20.25
10.25
8.50
8.50
8.25
8.75
11.00
16.75
26.50
28.50
8.75
8.75
8.75
29.50
32.25
25.00
18.50
15.25
12.00
8.75
8.75
8.25
8.25
9.00
10.00
8.50
25.75
30.25
30.50
30.00
31.75
28.75
25.75
32.00
30.75
23.00
30.75
29.75
31.00
31.75
32.00
23.25
29.50
28.50
25.25
27.75
27.25
8.75
8.00
9.75
22.75
17.50
21.50
25.25
28.50
23.50
26.75
26.00
30.50
28.50
21.25
29.75
27.00
26.75
9.50
9.50
12.25
11.50
14.00
20.25
26.50
29.25
27.75
26.00
26.75
23.75
28.25
14.25
22.00
26.50
18.25
23.50
27.25
26.50
23.75
25.25
26.75
27.50
25.00
23.00
7.50
7.00
7.25
6.75
6.25
12.00
8.00
23.25
22.50
25.00
22.50
12.50
8.75
13.75
24.75
20.25
22.00
21.75
22.50
23.50
18.75
20.25
23.50
23.25
19.00
14.00
13.00
23.25
20.25
21.25
23.00
17.50
20.75
21.50
19.50
19.75
15.00
15.25
12.75
12.75
20.25
5.25
19.25
5.75
5.50
5.25
5.25
9.75
6.75
10.75
10.00
6.50
5.25
5.50
17.25
13.75
5.25
13.25
5.00
5.25
5.25
19.25
18.00
15.00
14.25
11.50
4.50
4.75
12.00
4.50
13.50
10.75
15.50
4.75
4.75
4.50
8.75
4.50
4.50
4.75
4.75
10.25
10.75
4.50
9.50
9.75
4.25
4.50
4.50
4.25
4.75
4.25
4.25
8.00
14.00
13.75
13.50
10.75
14.50
14.75
13.75
5.25
14.00
13.75
13.75
5.00
4.25
12.25
14.50
14.25
13.75
15.50
11.00
10.25
4.50
8.25
4.25
4.25
4.50
3.75
4.50
4.50
4.50
4.50
4.50
4.50
7.50
12.25
11.00
5.00
4.50
5.00
18.00
5.00
6.25
5.75
16.00
16.50
15.75
18.00
9.25
7.75
16.00
11.50
8.00
5.25
15.00
7.25
5.25
5.75
5.50
11.75
12.25
5.25
6.00
11.25
17.75
6.00
5.50
5.75
18.50
19.25
11.00
6.00
6.25
6.00
5.50
6.00
6.25
6.00
6.00
6.00
7.25
16.00
13.00
6.75
23.75
23.50
6.75
7.00
9.75
6.75
6.75
6.75
23.00
7.00
6.75
7.50
7.50
23.00
7.00
6.75
20.50
12.25
19.25
7.50
7.25
19.50
7.50
7.50
7.50
7.75
8.00
25.25
19.00
23.00
11.00
10.25
15.25
22.25
10.00
12.00
26.25
22.50
26.50
17.25
12.50
8.00
8.25
8.00
7.50
16.00
8.25
18.25
15.00
8.25
24.75
26.50
26.50
30.25
28.50
8.50
8.50
8.50
8.25
23.75
23.75
18.25
23.50
28.00
27.75
8.50
8.75
21.00
20.50
30.00
27.75
13.25
10.75
20.50
21.75
15.75
14.50
9.50
24.50
31.25
12.75
15.25
16.75
18.50
17.75
17.75
14.00
28.50
19.75
8.75
21.00
22.50
31.75
30.00
32.25
26.50
26.75
18.25
23.25
27.25
12.50
18.50
12.25
10.25
13.25
13.25
17.00
28.25
25.00
29.25
30.00
30.25
32.75
32.25
31.00
24.50
29.25
31.00
28.00
13.50
24.50
31.25
32.00
32.25
18.00
29.50
31.00
15.00
17.25
18.75
9.00
28.50
22.25
31.25
27.00
23.50
30.50
32.25
32.25
30.75
30.25
31.50
22.75
21.25
27.50
31.75
32.00
32.25
32.25
33.75
31.00
32.00
32.00
32.75
32.00
25.75
27.75
27.75
28.75
31.50
32.00
30.75
19.50
25.00
28.00
28.00
25.75
28.00
22.25
18.25
20.00
24.25
8.00
8.00
14.75
27.50
27.75
25.75
25.00
24.50
27.75
28.50
11.25
20.00
26.75
22.75
28.00
27.25
19.75
22.50
20.75
18.50
25.75
27.50
27.25
26.50
23.25
8.00
10.25
19.50
21.00
21.25
22.50
22.00
10.25
24.50
24.50
25.00
13.25
6.50
14.75
6.75
21.50
19.25
21.75
23.00
24.00
11.00
23.50
21.25
24.25
6.50
11.00
7.25
20.25
20.75
20.75
22.75
22.00
21.00
17.25
17.00
5.75
12.75
15.75
5.75
5.75
15.50
6.75
6.25
16.00
18.75
18.00
17.75
11.00
18.25
17.25
17.00
17.50
18.50
5.00
5.00
4.75
12.50
8.50
12.25
14.75
16.75
17.25
15.75
15.50
16.00
16.25
15.00
14.25
15.00
17.75
18.25
16.75
16.50
14.25
17.25
15.75
16.00
16.25
15.00
15.25
14.75
14.50
15.00
13.50
12.75
12.75
12.50
8.75
9.00
12.00
4.25
4.50
4.50
4.25
4.75
4.50
5.25
4.50
15.50
15.00
4.50
4.50
4.25
4.25
4.50
4.25
4.50
9.75
4.50
16.50
12.00
17.25
17.50
18.50
17.50
17.00
16.00
17.00
16.50
14.00
4.50
10.25
10.00
4.75
4.50
4.75
5.00
5.00
4.75
4.75
4.75
4.75
9.25
6.75
4.75
5.00
5.25
4.75
4.75
5.25
5.25
5.50
21.25
19.25
5.75
5.25
5.75
5.25
9.25
5.75
12.25
5.50
6.00
5.75
6.00
5.75
14.75
12.50
13.00
6.25
6.25
6.25
6.50
6.00
22.25
7.00
23.50
23.00
14.50
9.25
6.75
6.75
6.75
6.50
7.00
7.00
8.75
12.25
21.00
22.25
18.25
7.25
12.50
16.50
7.50
7.50
7.50
7.50
7.25
7.50
16.00
17.75
8.00
7.75
21.25
21.50
7.75
11.25
9.00
8.00
10.00
7.75
7.75
10.25
9.75
8.25
11.50
8.25
22.50
10.50
17.75
22.50
8.25
15.50
10.50
14.00
8.50
12.25
30.50
16.75
21.00
8.50
8.00
8.25
8.25
8.50
15.00
8.50
16.00
8.25
8.75
12.50
20.50
31.00
31.25
32.00
30.75
23.00
17.75
14.00
14.50
9.75
8.25
8.25
10.00
8.75
19.25
32.25
26.75
32.00
24.50
8.50
8.25
17.00
18.50
15.75
9.00
10.25
8.50
13.00
28.00
21.75
26.75
31.25
28.25
32.00
21.00
8.75
15.50
19.25
11.50
8.75
9.25
10.50
13.25
18.50
20.00
13.25
27.25
28.00
9.75
13.50
23.75
27.25
32.00
28.00
32.25
26.00
28.75
18.50
11.00
19.00
29.75
32.00
26.25
30.50
30.50
32.00
33.25
32.75
32.00
31.75
24.75
22.75
21.00
8.50
13.50
24.75
27.00
26.25
27.75
29.50
33.00
31.50
32.75
29.50
29.50
22.25
27.00
25.25
15.50
23.50
29.25
30.00
30.50
12.75
25.00
26.25
19.50
28.25
23.25
25.25
14.00
27.50
10.75
23.25
25.25
25.50
22.50
26.00
27.50
26.75
26.50
18.50
23.25
25.00
13.75
8.00
7.50
8.75
7.75
20.25
19.75
21.75
25.00
24.50
27.50
27.50
27.25
26.50
19.75
7.25
7.50
7.50
6.50
7.00
6.75
7.00
7.00
24.75
25.25
23.75
24.00
9.00
18.75
14.00
23.00
23.25
22.75
24.75
24.50
22.50
6.50
6.50
6.50
6.50
6.75
12.75
6.25
15.50
22.00
10.50
9.75
16.00
6.50
5.75
5.75
18.75
19.50
21.25
21.00
18.25
15.75
20.25
6.00
6.25
19.50
21.25
19.75
19.75
17.50
17.00
17.00
15.50
18.25
18.00
15.75
16.50
17.50
17.50
18.25
12.75
4.75
4.50
10.75
12.25
12.00
14.00
8.50
13.75
9.50
5.50
14.25
14.25
15.50
13.75
14.75
13.00
10.75
11.25
15.00
12.75
15.25
13.00
6.75
7.25
13.50
14.25
15.75
13.50
10.00
10.25
15.50
15.75
15.25
4.50
4.25
4.50
4.25
4.25
4.50
4.25
17.00
16.25
14.75
5.50
16.25
4.50
16.25
12.00
4.50
4.75
15.00
8.75
4.50
4.50
4.50
4.50
4.50
4.50
4.50
4.75
4.50
18.25
15.50
8.25
4.50
4.25
6.00
13.75
11.75
6.75
6.00
9.50
5.00
5.00
9.25
16.50
9.50
5.25
20.00
14.75
7.75
16.00
11.75
17.25
8.00
4.75
4.75
4.50
5.50
5.50
5.25
5.25
5.75
5.75
5.50
5.50
5.75
5.50
7.00
5.50
5.50
6.00
6.00
6.00
5.75
6.00
6.00
13.75
16.75
6.25
6.50
6.75
6.75
14.50
15.00
21.50
6.75
7.75
7.00
7.00
6.75
7.25
7.50
9.25
7.25
7.25
7.25
7.25
7.50
7.00
18.00
15.00
7.00
9.50
14.50
13.75
7.75
7.75
27.75
8.00
8.50
8.25
25.75
14.00
7.25
13.25
22.25
11.75
10.00
11.75
8.25
8.25
8.00
8.00
25.75
23.75
28.50
11.75
8.25
23.00
30.25
30.25
31.75
18.25
8.25
8.75
26.75
30.50
8.50
8.25
8.25
9.75
30.00
31.50
31.00
19.50
25.25
28.75
26.25
30.25
30.50
31.50
29.75
18.75
12.50
14.00
28.50
26.25
11.75
9.75
10.75
8.00
16.00
21.25
8.50
8.75
8.50
11.00
8.75
8.50
8.25
11.25
24.50
16.00
9.50
17.00
18.75
29.75
31.50
31.50
12.25
13.00
9.00
32.00
26.75
9.50
14.50
9.25
33.50
25.25
32.50
31.25
10.25
10.50
8.50
8.50
25.75
24.25
27.25
30.75
31.75
26.75
22.25
23.75
28.75
34.25
34.00
11.50
8.75
30.50
33.00
34.00
33.75
33.75
34.00
32.75
33.75
31.00
19.50
17.25
13.75
10.75
29.50
25.75
28.25
25.25
27.25
23.25
26.00
26.50
31.75
23.25
25.00
22.25
24.75
26.75
27.75
29.00
23.75
22.25
28.50
27.75
30.25
29.75
28.00
21.00
29.75
26.50
28.50
29.75
8.75
14.50
20.25
15.00
7.50
11.75
16.50
29.75
25.75
24.00
26.75
23.50
15.75
9.25
11.75
22.50
15.25
13.50
19.00
23.00
24.50
24.50
21.75
19.75
17.25
19.00
25.25
22.50
6.50
19.75
23.00
12.75
17.25
19.50
19.00
6.50
6.75
16.00
6.50
6.50
6.50
23.00
24.50
24.50
23.75
6.75
18.50
20.50
20.00
19.75
19.25
21.00
22.75
23.00
22.75
21.50
22.50
22.75
20.75
14.00
8.50
6.00
5.75
5.75
5.50
18.75
17.50
14.25
14.00
17.50
18.50
10.50
11.00
20.50
18.75
19.25
18.75
20.00
17.50
16.50
4.75
4.75
18.25
18.75
19.00
5.25
11.00
5.00
4.75
16.75
14.50
14.75
12.25
6.00
4.50
12.75
13.00
18.75
16.50
16.00
4.25
4.50
12.25
9.25
15.00
15.50
13.75
5.25
7.50
4.00
4.50
13.50
4.50
4.50
6.50
14.50
14.75
15.50
17.50
17.25
15.00
4.75
13.50
13.75
14.00
13.00
15.00
12.25
14.50
13.25
13.25
4.50
4.25
4.50
14.75
14.00
4.50
15.75
18.25
15.75
17.75
17.50
17.75
17.25
15.50
16.50
16.00
7.75
17.00
13.75
10.75
6.50
5.50
15.75
4.75
4.75
6.50
4.75
5.00
5.00
16.50
15.50
18.25
17.50
13.25
5.00
5.25
5.00
5.00
5.00
5.50
5.50
17.00
5.50
18.25
18.50
20.50
11.25
6.50
5.25
5.75
5.00
5.50
6.00
17.50
19.50
14.25
6.25
21.75
7.50
13.50
6.25
6.50
6.75
21.50
23.25
21.75
26.25
26.25
21.50
26.25
15.75
15.00
20.25
16.50
11.25
12.00
6.75
9.50
10.00
7.50
23.50
7.25
7.00
9.00
11.25
7.75
7.50
7.50
18.50
7.00
24.75
7.75
7.75
7.75
8.00
19.75
19.50
14.50
8.00
20.50
18.00
23.50
22.00
28.50
26.50
22.00
13.50
12.00
8.25
11.50
9.00
12.00
8.25
8.25
12.50
18.50
20.00
11.75
22.75
27.75
17.00
20.75
13.75
23.50
13.50
22.50
16.00
8.50
8.50
8.75
29.00
27.75
10.25
10.25
9.00
21.00
11.75
31.50
33.25
33.25
18.25
25.00
12.75
8.25
27.50
34.50
27.75
30.75
29.75
30.00
23.00
11.75
28.25
33.00
23.25
18.50
22.50
22.25
8.75
8.50
8.50
10.00
18.50
29.00
21.00
18.75
27.25
26.25
31.25
30.00
17.25
19.50
24.50
31.50
31.00
31.75
34.25
21.50
15.25
14.75
10.75
25.75
24.50
30.00
26.00
15.75
10.75
21.25
20.00
32.00
27.00
29.00
27.00
16.00
13.75
8.75
21.00
31.25
33.00
27.00
29.25
14.75
23.75
28.50
32.50
32.25
32.25
33.00
32.75
31.25
32.00
31.25
30.00
29.50
29.00
30.25
29.00
29.00
31.50
26.75
13.00
26.25
30.25
32.00
28.75
19.50
14.00
29.50
30.50
32.00
32.25
32.25
31.25
32.00
29.75
19.00
27.75
30.25
28.25
25.50
21.50
27.75
24.75
21.50
28.50
20.50
21.50
24.00
20.75
8.25
18.50
24.00
27.75
28.50
26.75
27.50
26.75
24.00
22.50
26.00
25.00
7.75
26.75
28.00
7.50
22.50
27.75
27.25
27.75
27.25
26.50
26.75
26.25
21.00
24.00
17.25
26.75
26.50
23.25
15.50
9.25
23.25
23.25
20.50
20.50
6.50
9.75
23.00
24.00
24.50
24.25
19.25
19.50
9.50
8.00
6.50
16.75
17.50
11.75
5.50
14.25
18.75
5.50
5.25
10.25
20.25
19.25
18.25
17.75
17.25
19.75
17.50
17.00
5.00
5.25
17.00
14.75
15.00
5.75
9.50
13.75
4.50
4.50
5.00
4.75
4.50
9.25
9.75
4.75
4.50
4.50
4.75
5.00
4.75
4.75
4.75
6.00
13.25
5.50
16.25
14.25
14.00
4.50
4.75
17.00
13.25
14.50
13.75
13.50
13.50
13.50
12.25
14.50
9.25
4.50
13.50
14.00
16.25
15.75
14.25
12.00
11.25
4.50
10.00
12.00
13.75
5.25
13.00
11.50
15.25
4.25
4.50
11.00
12.00
15.00
15.50
15.75
16.00
7.00
17.50
18.75
16.25
17.75
15.50
11.25
12.50
4.75
13.50
13.00
12.50
8.50
8.25
9.75
15.50
20.25
20.00
19.25
10.00
18.50
8.50
18.75
21.00
21.00
19.25
21.00
16.25
18.75
18.50
15.50
17.50
8.50
17.25
20.75
18.50
21.75
22.00
21.25
13.25
6.00
6.50
6.00
8.75
16.75
6.50
6.00
12.50
21.50
19.50
25.50
21.25
6.50
13.00
12.00
24.00
25.00
19.50
16.00
7.00
12.25
20.00
7.00
6.75
7.00
7.00
17.25
9.25
6.75
12.50
8.25
8.50
9.50
7.50
7.25
7.25
13.75
19.50
18.75
19.75
12.00
7.75
8.50
8.00
7.75
8.00
7.75
15.75
22.50
27.75
13.75
8.25
8.25
8.25
13.75
30.00
24.75
28.00
30.25
26.25
23.00
17.25
23.25
26.75
31.25
18.00
8.75
30.75
27.00
22.50
22.75
25.00
8.50
8.75
8.25
8.25
10.75
8.25
20.50
20.00
20.75
28.50
20.25
9.00
17.50
8.75
12.50
24.25
16.00
11.25
14.50
13.25
27.00
28.00
28.75
30.00
19.25
8.75
15.50
16.50
23.00
9.50
33.50
28.50
21.50
12.50
14.25
14.00
8.75
34.25
33.25
34.00
30.50
21.50
28.25
8.75
8.75
18.25
21.00
20.50
28.25
26.50
25.50
17.00
16.00
20.00
15.25
24.00
15.50
16.00
19.75
15.50
29.75
26.50
31.00
33.25
34.00
32.50
32.25
32.50
32.25
32.50
33.50
30.00
26.00
28.50
28.50
30.50
27.50
24.25
31.00
29.25
25.50
21.00
19.75
13.25
12.75
22.00
28.00
18.00
22.25
16.00
31.25
34.00
31.50
32.25
32.00
30.50
29.50
13.25
9.50
8.25
8.25
19.50
24.00
28.50
26.25
25.25
17.25
22.00
28.25
30.00
30.25
29.00
28.50
28.50
29.25
31.50
30.00
30.50
27.25
20.25
26.00
29.25
25.00
26.50
25.25
20.75
13.50
24.75
29.25
7.75
7.00
6.75
16.75
19.25
23.00
24.75
25.25
25.00
24.00
7.25
7.00
7.25
18.00
23.50
20.75
6.50
7.00
6.75
22.75
23.00
15.00
16.75
20.50
21.00
20.50
19.50
19.50
10.50
9.25
9.25
5.75
6.00
6.50
19.25
18.00
10.75
14.25
21.75
8.75
5.25
8.25
8.00
5.75
5.75
6.00
5.25
5.50
5.50
5.75
15.50
16.00
14.75
18.75
5.25
5.25
4.75
5.25
5.00
5.75
12.25
16.50
14.50
12.50
5.00
17.00
14.50
7.25
4.75
4.75
4.50
6.25
11.00
4.50
4.50
7.25
8.25
16.75
15.50
8.50
4.50
4.50
4.50
14.50
4.75
10.00
13.50
15.50
17.00
17.00
14.50
14.75
12.50
11.50
15.25
9.75
9.75
4.50
17.00
14.75
15.50
11.50
15.75
14.25
6.00
14.25
14.25
12.25
12.75
4.25
8.75
9.00
13.50
12.50
13.00
4.50
12.75
10.00
4.75
6.75
7.25
4.25
13.00
10.25
15.50
4.50
16.50
15.25
14.50
4.50
4.75
4.50
4.75
14.50
17.00
7.75
5.00
5.00
4.75
4.75
11.75
7.25
10.25
10.00
4.75
4.50
4.75
5.25
10.00
10.00
8.75
5.50
5.00
5.25
5.25
5.50
5.25
15.25
5.50
5.75
5.75
6.00
6.25
6.25
5.50
19.00
10.50
21.00
11.25
17.50
8.00
7.00
6.25
6.50
6.50
6.50
6.50
6.75
8.00
7.50
21.25
7.00
23.00
19.00
10.25
18.50
22.25
25.00
22.25
7.50
7.00
7.25
7.00
7.25
8.00
7.25
7.25
7.25
7.25
10.00
8.50
7.25
7.75
8.00
7.75
7.75
7.50
7.75
27.00
7.50
8.00
8.25
26.50
28.75
8.75
8.00
8.00
23.00
26.75
25.75
9.75
8.00
26.75
18.50
12.50
13.50
7.75
29.25
30.25
32.50
21.50
8.25
8.25
29.00
24.50
30.75
31.25
26.75
20.00
10.00
24.75
27.50
27.50
10.25
8.75
16.75
8.25
8.50
8.25
11.25
9.25
22.25
12.50
8.75
12.75
8.25
9.00
8.75
9.00
10.50
8.25
10.00
8.75
23.75
22.25
26.25
9.25
32.50
34.00
33.75
32.25
24.25
29.00
31.00
33.00
30.75
30.50
9.00
8.50
16.50
26.75
21.00
27.00
20.75
23.25
27.75
27.00
13.00
10.75
10.50
8.50
21.75
15.50
28.00
28.00
30.50
30.50
32.75
33.00
31.75
32.50
34.00
30.75
33.00
32.75
33.75
28.75
28.25
31.75
32.00
32.25
33.00
31.75
33.25
29.75
25.50
33.00
29.25
32.00
32.75
32.75
15.50
25.50
23.50
26.00
27.50
30.50
33.00
32.00
32.75
30.75
29.25
26.75
25.50
25.00
25.00
22.00
26.50
30.25
29.00
28.75
29.50
24.25
17.50
19.50
20.75
26.75
28.00
31.25
8.00
10.75
9.25
29.75
26.75
21.75
17.25
13.75
12.00
18.50
11.75
14.75
8.25
8.75
11.50
18.50
23.50
11.75
26.25
25.50
21.25
13.50
15.50
7.50
17.50
24.25
17.25
22.25
26.25
7.25
6.75
6.50
6.50
6.75
9.75
18.50
23.00
6.75
6.75
9.75
6.75
9.75
24.75
22.50
6.50
23.00
22.00
23.50
9.75
22.50
20.50
9.25
14.50
20.75
21.00
22.00
13.50
21.25
22.25
20.25
14.50
7.50
10.00
6.50
6.00
5.75
5.25
5.75
11.50
16.75
19.50
17.75
18.00
18.00
18.75
18.50
17.50
17.25
18.50
14.75
19.25
17.75
14.00
11.00
5.25
4.50
4.50
17.50
8.00
12.00
17.50
14.25
6.75
15.50
4.75
7.00
15.75
16.25
16.75
6.50
17.00
15.50
15.25
15.75
17.00
14.25
9.75
9.25
5.75
15.00
16.50
17.25
16.50
16.50
15.50
16.75
16.25
15.50
15.00
15.25
13.75
11.75
14.00
13.50
12.75
15.25
13.50
5.75
12.00
4.25
4.25
4.25
12.75
10.00
4.00
4.50
3.75
6.75
4.00
10.50
12.25
4.25
4.50
4.50
4.75
12.00
4.50
12.25
12.00
4.50
4.25
4.50
5.00
18.25
5.75
5.75
6.75
5.25
16.50
5.00
4.75
6.50
5.00
5.25
5.25
5.50
5.50
12.50
5.25
5.25
5.50
19.00
20.25
20.25
20.25
8.25
7.75
13.75
11.25
12.50
6.00
17.00
17.00
10.00
12.50
12.00
20.75
21.25
23.25
23.00
22.75
23.25
11.75
6.75
24.50
25.25
22.00
26.50
26.50
26.00
22.00
25.00
23.75
16.25
7.25
7.25
7.75
7.00
11.25
9.50
8.25
18.50
11.25
13.25
7.50
7.75
22.25
28.75
8.75
14.75
14.00
14.50
19.75
9.00
7.50
7.50
7.75
7.75
7.50
7.75
21.75
24.75
23.50
8.25
8.25
21.00
26.75
15.75
19.25
18.50
18.50
23.75
12.75
8.25
29.75
12.50
25.00
23.00
26.25
17.75
14.25
10.00
9.75
20.75
16.00
23.75
31.50
31.75
9.25
8.50
31.25
29.25
12.00
8.25
11.50
8.50
9.75
11.25
11.25
13.75
8.25
8.25
8.50
8.50
8.25
25.25
9.00
11.75
13.00
8.50
8.25
9.25
8.75
10.00
8.75
23.25
20.50
26.25
32.75
30.25
34.00
31.00
12.75
28.75
30.75
33.25
33.75
32.75
21.25
17.50
8.25
9.00
8.75
8.25
12.00
29.75
28.75
23.50
18.50
18.50
15.00
8.50
21.50
14.50
27.00
17.50
28.00
32.75
33.50
29.25
30.25
28.75
26.00
32.75
32.00
32.00
34.00
31.00
28.25
32.75
33.25
33.25
28.75
14.50
26.25
26.50
21.50
8.75
19.00
10.00
8.50
8.50
8.75
23.75
23.50
27.25
30.50
31.50
29.50
24.25
24.75
24.75
29.75
31.00
32.00
31.75
23.75
28.50
16.00
19.00
27.75
28.50
29.50
18.75
24.25
28.00
15.75
26.00
27.50
26.75
26.75
16.25
24.25
26.25
28.25
23.00
14.00
15.75
19.50
21.50
22.75
26.00
28.50
23.50
15.75
7.50
7.50
7.00
13.50
16.75
9.75
20.50
13.00
7.50
7.75
18.00
11.50
17.00
25.25
22.25
23.50
20.25
9.00
10.00
7.00
18.50
9.75
21.75
24.75
16.50
21.25
24.00
23.25
19.50
22.25
6.00
5.75
16.75
21.00
8.00
8.25
20.00
8.75
21.00
13.00
15.50
17.75
17.75
15.25
17.75
18.00
6.75
5.25
16.25
6.00
17.25
17.75
18.50
17.50
19.50
19.25
19.50
16.25
5.75
5.50
17.50
17.00
4.75
4.50
5.00
4.75
4.75
9.50
16.50
16.50
17.25
4.75
4.50
4.50
4.75
13.50
13.00
18.75
18.25
16.75
16.50
15.50
15.00
15.50
16.00
15.25
15.50
14.75
12.75
13.75
13.75
13.50
15.25
4.50
10.50
12.00
12.50
8.50
13.00
10.50
4.25
4.25
4.50
4.50
4.50
4.50
4.50
4.50
4.75
14.50
4.75
4.00
4.50
7.50
15.25
8.00
15.25
16.00
13.75
9.00
4.75
4.25
4.50
4.50
4.50
4.75
4.50
18.50
4.50
4.50
4.75
4.50
4.25
4.75
15.50
15.75
5.00
14.75
19.50
8.75
5.00
5.00
5.25
5.25
5.25
5.25
5.25
16.25
9.00
12.25
15.75
14.00
9.25
14.75
8.50
5.25
16.50
8.75
6.00
5.50
17.50
5.50
5.75
5.25
6.00
6.00
6.25
6.25
6.25
5.50
6.75
6.50
6.75
6.50
9.50
22.00
23.50
18.50
21.00
11.75
6.50
17.00
19.25
12.50
8.50
7.25
7.75
7.25
26.25
27.50
28.50
27.50
23.00
20.25
14.00
8.25
7.75
18.25
7.75
7.25
7.50
14.00
10.25
7.75
8.25
16.00
13.25
10.00
21.50
25.25
12.00
6.75
8.25
19.75
10.25
8.00
8.00
8.25
8.25
8.00
8.25
17.00
14.75
8.25
8.25
8.00
8.00
15.00
22.25
29.00
31.75
30.25
27.00
14.75
8.75
32.25
32.25
33.00
30.75
9.00
29.25
8.50
8.25
11.75
29.25
18.00
30.00
8.75
8.50
26.25
29.25
32.25
28.00
8.75
8.75
9.00
8.50
8.50
8.75
26.00
15.75
24.25
8.25
8.75
8.50
10.75
23.25
8.50
9.75
8.75
11.75
23.50
18.00
16.50
19.00
30.25
30.75
12.25
8.50
9.00
23.00
31.50
30.25
14.75
11.50
9.00
22.50
30.75
28.75
30.75
12.50
10.00
16.75
19.25
28.50
28.50
31.50
30.75
32.50
33.50
32.75
30.25
32.50
33.00
32.00
17.00
24.25
31.00
32.25
33.25
32.50
28.50
30.50
32.75
30.75
30.75
29.75
29.75
32.00
21.50
26.25
11.25
8.50
20.25
13.50
8.75
13.25
23.75
24.50
29.75
31.00
21.25
24.00
25.25
31.50
30.50
29.25
31.00
30.50
30.75
13.50
8.50
7.75
7.75
8.00
7.75
25.00
14.50
30.25
30.75
18.00
29.00
28.75
8.50
9.50
9.25
15.25
20.75
21.25
18.75
17.25
7.00
6.75
7.00
9.25
20.00
15.75
22.25
14.00
16.25
14.00
24.75
21.25
6.50
15.00
15.00
7.25
8.50
6.50
7.00
14.25
22.50
20.50
14.25
7.25
6.50
6.25
7.00
22.25
24.00
23.75
22.75
25.00
23.25
23.50
21.00
13.50
12.50
21.75
21.00
22.50
23.00
18.00
20.50
6.75
9.25
5.00
5.50
12.25
20.00
15.75
7.50
6.50
15.25
5.50
13.75
13.00
14.75
17.75
15.25
14.00
11.00
9.75
5.00
17.25
17.25
15.50
14.75
14.00
7.50
4.75
5.25
10.00
16.00
8.50
10.00
14.00
15.25
15.50
14.25
14.25
8.75
10.00
15.25
8.00
18.25
18.00
17.75
17.50
15.00
14.50
14.50
13.75
14.00
14.50
11.50
13.00
7.75
4.25
4.25
9.75
6.00
4.50
4.75
6.25
11.50
11.75
13.75
15.25
9.50
12.50
6.75
4.25
15.25
4.50
7.50
4.50
4.50
4.50
4.25
4.25
4.25
4.25
4.50
11.50
4.50
4.50
8.75
4.50
4.25
17.50
6.75
4.50
4.50
8.25
12.75
11.25
4.75
15.00
4.50
4.75
4.75
4.75
5.25
12.00
15.50
5.00
5.25
10.00
5.00
5.00
19.25
7.25
16.25
16.50
17.75
15.50
13.75
12.50
5.50
5.75
5.50
5.75
5.75
6.00
5.00
19.00
20.00
23.75
24.00
23.00
6.50
6.25
9.00
15.00
6.75
6.50
6.50
10.25
12.75
21.00
23.50
14.25
16.00
24.75
11.50
7.00
18.00
7.00
7.25
7.25
7.25
7.25
23.75
19.00
7.00
7.50
7.25
7.25
13.00
17.25
7.50
7.50
7.50
7.25
7.75
29.00
8.00
8.25
7.75
9.50
8.00
27.00
20.00
19.75
8.25
25.75
26.50
22.75
20.75
28.25
27.50
29.75
12.00
8.25
9.50
13.00
8.75
30.00
27.25
28.00
25.00
13.50
18.00
8.25
8.50
8.25
14.00
8.50
8.50
15.00
8.25
16.00
9.75
8.50
8.25
15.75
11.75
12.75
20.75
29.50
19.75
30.50
10.00
28.75
24.75
31.25
31.75
28.25
32.00
32.25
30.00
24.50
16.75
25.50
25.25
32.00
32.75
33.00
33.25
26.25
28.75
14.75
14.50
14.75
10.50
9.25
18.25
15.00
24.75
28.75
33.25
31.00
28.50
29.50
24.75
10.50
10.50
15.00
30.25
26.75
9.25
8.25
8.50
24.50
31.00
30.25
21.75
30.25
19.25
26.50
18.25
30.50
32.25
33.25
33.75
31.00
28.75
31.25
33.25
27.75
32.00
29.00
23.00
32.75
9.25
15.25
17.25
32.75
31.25
21.25
18.25
31.25
30.00
26.50
25.00
25.50
19.25
26.00
29.75
31.75
31.50
28.00
28.75
27.75
8.25
19.50
20.75
11.25
15.75
30.25
27.75
29.50
26.75
30.00
27.00
10.00
27.75
23.75
22.75
24.75
27.50
15.50
27.50
27.50
27.25
25.25
25.50
28.00
25.50
26.25
26.25
21.75
15.25
7.25
7.00
23.50
25.25
27.75
27.75
24.75
10.50
26.50
27.50
7.50
7.25
19.00
22.75
25.50
24.75
24.75
10.25
7.25
20.25
20.00
9.25
6.75
6.25
6.75
6.50
6.50
20.50
6.50
6.50
11.25
23.00
22.00
22.25
22.00
23.75
14.50
6.25
5.50
5.75
5.25
6.25
16.00
17.75
21.25
6.00
6.00
6.75
6.00
18.75
18.50
19.50
18.25
5.75
9.00
18.75
10.75
19.25
19.00
19.00
13.00
11.25
6.75
15.75
12.75
5.50
17.00
15.25
16.00
17.25
17.00
16.00
14.25
14.25
11.25
13.00
15.50
16.75
6.00
4.50
4.75
4.50
4.50
4.25
4.50
4.50
4.50
4.50
12.00
10.00
10.00
10.50
6.50
14.75
13.75
11.50
4.25
4.50
5.00
14.00
10.75
12.00
12.50
13.50
4.00
4.50
12.75
13.75
10.25
15.50
11.50
5.25
4.50
10.50
15.75
4.50
4.25
4.25
4.25
4.00
4.00
4.25
4.25
9.50
4.25
16.00
11.50
10.00
11.75
7.00
17.50
18.25
12.00
16.75
17.50
14.75
6.75
15.50
17.50
12.25
9.75
10.75
15.50
17.50
18.50
18.25
15.00
7.75
19.50
5.25
8.00
5.25
5.00
5.25
4.75
7.00
5.00
4.75
5.25
5.75
6.25
5.75
5.50
5.50
5.75
5.50
5.25
6.25
8.50
6.50
18.25
24.25
19.50
20.75
18.50
13.25
6.50
12.00
12.00
6.50
6.50
7.00
7.00
7.00
6.75
6.75
6.75
6.75
6.50
13.75
23.00
23.50
20.50
7.50
7.50
11.25
9.25
9.25
7.25
7.50
7.25
7.00
7.00
7.25
7.50
7.75
8.25
7.25
7.75
7.50
8.00
21.25
14.00
18.25
22.25
9.75
18.50
13.75
6.75
8.50
21.50
29.00
28.50
29.75
30.50
8.50
18.75
28.75
17.50
10.75
22.50
8.00
14.50
22.25
19.25
26.25
25.50
18.25
16.00
20.00
19.75
14.25
24.75
27.25
12.00
21.00
17.75
12.75
27.00
29.00
21.00
21.25
25.00
22.75
8.25
8.50
8.75
19.75
8.25
9.00
29.00
28.00
8.50
8.50
26.75
29.25
17.75
8.75
8.75
13.00
32.75
25.00
8.75
21.25
23.00
8.25
21.50
28.50
30.50
31.00
20.25
26.75
18.75
14.00
10.25
8.50
17.25
8.25
8.75
20.75
23.00
8.50
8.50
10.50
26.25
22.25
22.75
24.00
26.50
22.75
31.00
26.00
14.75
9.00
8.25
8.75
30.75
8.75
25.50
31.00
31.75
31.75
32.50
32.00
31.75
32.00
29.00
26.25
33.75
32.50
33.25
33.50
31.75
31.75
30.25
32.75
32.75
32.50
26.75
27.50
26.75
30.75
23.50
29.00
18.75
26.25
23.25
26.50
25.75
30.25
30.50
30.50
30.50
29.75
24.75
8.50
8.50
8.25
8.25
14.00
29.50
28.25
26.50
22.00
23.50
26.75
22.25
20.25
20.00
8.00
6.75
13.25
19.50
25.75
21.50
7.75
11.75
22.00
22.00
19.50
20.00
25.00
20.25
24.75
25.50
17.00
25.75
20.75
21.75
17.75
27.50
20.50
8.50
9.25
14.00
19.75
21.75
26.00
25.50
9.00
6.50
17.75
22.25
23.00
21.50
6.50
6.75
6.50
6.50
20.25
9.25
9.50
11.25
6.50
17.25
10.00
19.75
20.25
20.00
23.50
22.75
23.00
22.25
9.00
21.00
22.50
22.00
22.75
20.50
17.25
19.50
20.75
21.25
21.00
20.50
16.00
19.25
17.75
17.75
5.25
17.50
20.00
17.50
19.25
13.75
9.75
5.00
5.00
12.25
8.25
11.75
10.25
18.50
5.00
15.75
17.25
17.00
17.25
17.75
17.25
16.25
6.50
15.25
14.00
12.75
15.25
15.75
13.50
14.00
12.25
11.00
11.00
10.75
7.00
4.75
4.25
4.25
4.00
15.25
10.00
10.00
10.75
10.25
4.50
4.75
4.50
5.50
4.25
5.25
10.00
16.00
4.50
4.25
14.50
12.75
11.75
4.50
4.25
4.00
4.50
13.75
15.75
12.25
4.50
4.75
4.50
4.50
4.50
7.50
5.00
4.75
5.00
4.50
4.75
4.75
4.50
5.75
15.50
15.50
19.75
20.25
20.00
20.25
20.50
20.25
20.00
19.25
18.75
20.50
19.00
18.75
16.50
14.50
18.50
19.00
19.75
19.50
21.00
5.50
19.00
17.00
15.25
13.25
11.75
8.75
6.25
6.25
6.00
5.75
6.25
8.25
5.75
8.75
18.00
6.50
17.75
20.25
6.25
13.75
6.25
6.75
9.25
16.25
20.50
12.75
12.50
9.25
6.50
6.50
7.00
7.50
6.50
7.25
19.25
17.75
23.00
26.75
24.00
20.00
10.00
7.00
7.25
10.00
7.50
9.00
22.25
20.75
8.25
6.75
8.00
24.75
29.00
8.25
7.50
8.00
29.00
22.00
18.25
11.50
11.75
8.25
15.25
13.75
27.00
24.00
8.25
24.75
22.75
8.50
9.75
12.00
17.00
19.25
14.50
8.25
8.50
8.25
8.75
21.00
12.00
19.25
8.50
23.25
21.00
20.00
29.75
16.50
8.75
18.25
19.50
12.00
26.25
31.00
27.50
14.75
8.25
8.75
13.75
8.50
16.75
19.75
19.25
12.50
8.75
8.75
30.25
26.50
12.75
9.00
9.25
15.00
8.50
8.50
12.25
20.25
14.75
11.00
26.75
13.75
11.75
17.50
8.50
8.75
8.75
18.50
13.50
19.00
18.25
19.00
32.00
31.75
22.00
23.50
22.00
8.50
9.50
12.75
14.25
21.25
32.00
31.50
30.25
30.00
32.75
33.50
33.00
32.75
26.75
26.25
29.75
30.25
31.25
27.50
23.75
13.25
18.75
19.00
26.75
21.50
21.50
21.50
29.75
30.25
26.75
19.00
21.50
28.50
22.25
21.75
31.25
30.25
22.50
18.50
20.25
24.75
20.00
28.75
29.50
30.00
23.50
19.25
25.75
26.25
27.50
14.50
13.50
28.50
28.75
30.00
28.50
25.75
27.50
20.25
9.00
26.25
21.25
11.50
27.75
27.75
27.25
7.75
18.75
24.25
25.50
26.25
26.50
27.50
27.50
25.00
9.25
22.75
23.50
26.50
26.00
21.00
25.50
24.50
20.75
10.75
7.00
6.75
6.50
6.75
8.25
11.75
6.50
20.75
15.50
23.00
9.25
23.25
24.50
24.75
24.75
24.75
24.75
24.50
11.00
9.50
6.25
5.75
20.00
18.75
8.50
6.50
19.25
20.75
23.00
13.50
20.00
8.00
7.75
5.25
6.50
5.50
19.75
21.00
19.75
14.50
7.50
9.50
11.50
17.25
18.00
11.75
10.25
17.50
16.75
5.00
15.75
15.50
13.75
14.50
5.00
8.50
5.00
9.75
5.00
16.50
15.50
18.00
4.75
4.75
7.25
10.25
16.25
4.00
10.00
8.50
4.50
4.50
10.50
15.75
15.25
15.00
10.00
7.25
13.75
4.50
4.00
4.50
4.50
4.50
15.00
15.00
13.25
12.25
9.00
15.75
15.25
15.00
14.50
15.50
14.25
15.00
14.25
13.25
15.25
12.75
7.75
13.50
12.00
15.50
12.75
8.00
10.25
15.00
7.25
14.75
8.25
4.50
10.25
4.75
4.75
14.00
5.00
4.75
5.00
18.00
15.50
17.50
15.75
16.00
16.25
17.50
19.00
6.00
5.25
18.00
16.50
5.25
15.75
5.25
5.25
7.00
15.75
16.25
18.00
8.25
6.25
5.50
5.25
3.75
6.75
5.50
5.50
5.25
5.50
9.50
18.00
16.75
6.25
6.00
6.50
6.00
6.25
6.25
6.50
6.50
24.25
13.50
15.50
7.25
8.25
11.50
7.00
6.75
14.25
8.00
7.50
7.50
7.00
7.00
7.50
7.00
6.75
24.25
16.25
7.25
21.00
27.25
10.50
28.00
23.75
10.75
9.50
7.50
7.50
21.50
22.00
16.25
24.25
24.25
25.75
28.25
20.25
7.75
8.00
17.00
8.25
8.50
8.25
8.50
23.00
24.25
28.75
28.50
23.50
8.25
12.25
8.25
15.00
12.00
8.00
8.50
19.75
17.25
29.50
17.75
7.75
23.00
8.75
31.75
22.50
20.75
31.75
27.75
19.25
30.25
31.25
28.00
15.75
31.25
8.50
8.25
19.50
28.50
31.75
13.00
8.25
8.50
20.00
13.75
20.50
8.25
8.75
25.75
19.25
8.75
24.50
32.00
32.25
29.25
31.00
29.00
19.75
19.00
17.50
8.75
8.50
16.25
16.00
8.50
8.25
8.50
8.50
8.50
8.50
8.25
15.75
19.25
30.75
32.00
30.25
30.00
32.75
33.25
33.25
33.25
34.25
33.00
18.00
25.50
29.00
32.75
29.00
28.50
31.00
31.25
8.50
15.25
9.00
18.00
32.25
30.25
22.25
28.50
28.75
26.50
18.25
22.25
25.25
29.00
26.50
8.75
19.25
31.25
31.75
29.50
28.00
26.75
24.25
29.25
8.50
8.25
8.50
26.50
27.00
22.25
26.00
27.25
26.50
27.50
28.25
27.50
19.25
14.50
20.25
25.50
31.00
23.25
8.50
21.00
26.50
29.50
29.00
30.25
27.00
22.75
21.75
24.75
19.75
21.75
27.50
24.00
23.25
19.50
19.25
23.75
20.75
22.50
24.75
7.00
8.25
7.25
10.75
14.50
7.00
22.25
7.00
7.00
15.00
7.25
6.50
23.00
23.00
23.00
20.75
7.75
17.50
24.75
25.75
24.75
10.00
6.75
6.50
6.00
16.00
8.25
15.75
8.75
7.75
13.25
16.75
19.50
22.00
21.00
22.00
15.75
5.75
17.00
24.00
23.00
22.25
19.00
18.75
20.75
16.00
20.75
15.00
18.00
19.25
20.75
18.75
20.00
19.00
19.00
18.50
20.25
20.00
18.25
19.00
17.50
17.50
17.25
18.75
15.75
13.25
5.50
4.75
13.25
11.00
4.75
5.00
15.25
14.00
15.00
14.75
15.00
4.50
4.50
4.50
5.25
4.00
4.25
4.25
16.25
7.75
4.25
4.00
3.75
8.00
5.50
4.25
4.25
4.50
4.00
4.25
4.50
4.25
6.25
4.50
4.50
3.75
4.25
4.25
3.75
4.00
4.25
4.50
4.25
6.50
4.25
5.75
7.25
4.50
12.00
15.75
16.00
15.50
15.50
15.25
13.00
4.50
4.50
13.50
4.75
4.50
5.00
15.75
12.00
5.25
12.75
4.50
14.75
5.00
4.75
4.75
4.25
4.75
4.75
5.50
5.50
19.50
19.00
19.50
5.50
19.50
21.00
21.75
18.25
5.50
10.50
15.00
16.50
19.75
5.25
7.00
5.50
5.75
5.75
5.25
5.25
5.50
5.50
5.75
5.50
5.75
6.25
8.75
13.50
20.25
6.50
6.50
22.25
25.25
25.00
15.25
10.25
11.25
8.25
16.00
6.75
7.25
6.75
7.25
6.50
16.25
6.75
9.00
19.25
7.25
7.25
15.75
11.25
23.00
7.75
27.25
18.25
7.75
7.75
7.75
7.75
7.50
7.25
11.00
7.75
8.00
7.75
10.75
8.00
15.75
12.75
22.00
26.50
16.00
10.75
21.50
20.75
27.00
19.25
21.25
18.00
21.00
26.75
8.25
23.25
14.25
8.25
22.00
19.50
28.25
8.25
30.25
25.25
8.25
8.25
29.25
25.75
20.50
31.50
32.00
28.00
31.75
30.00
32.00
25.75
8.75
8.50
8.25
8.50
18.25
29.50
8.50
9.00
11.00
18.75
22.50
13.00
11.50
24.25
20.00
27.25
25.25
24.25
25.50
16.75
8.50
14.25
9.00
10.75
8.50
9.50
30.75
10.25
24.25
27.25
8.50
8.50
8.25
8.50
14.75
15.25
28.00
30.00
23.00
27.25
27.00
31.50
16.75
8.50
8.50
27.75
21.00
26.00
16.50
11.25
24.50
26.50
21.50
32.25
31.75
22.50
17.25
9.00
21.75
23.25
17.25
26.25
32.00
32.00
32.00
29.25
31.75
31.25
29.00
9.25
26.75
22.50
14.75
25.75
26.75
32.00
12.75
8.50
8.25
19.75
8.50
22.25
12.25
19.25
18.50
25.75
30.50
28.50
30.25
23.50
8.50
8.25
8.00
18.25
17.25
25.75
24.75
27.25
25.75
25.00
23.00
16.25
17.75
24.00
21.25
26.50
28.00
26.50
23.75
25.00
29.25
29.50
28.75
27.75
28.00
28.25
28.50
23.75
19.25
24.00
25.00
25.25
25.00
19.25
7.50
26.00
27.50
17.25
7.25
7.75
24.75
25.25
25.50
6.50
23.75
24.50
15.25
14.25
10.50
16.25
7.25
12.50
15.00
8.00
22.00
19.00
6.50
13.00
10.50
17.75
18.50
17.25
17.50
6.00
21.25
23.00
21.75
21.00
21.50
21.50
19.25
22.00
7.25
5.50
13.25
18.75
20.00
20.50
20.50
19.25
21.00
17.75
21.00
21.00
5.25
5.00
5.00
10.50
16.75
16.75
12.25
7.75
5.75
5.00
6.25
16.75
15.50
16.00
14.25
4.75
8.00
4.75
17.50
19.00
18.50
12.25
10.00
4.50
4.25
10.00
10.00
10.75
4.50
11.50
15.75
17.00
17.25
17.50
17.50
17.50
15.75
16.00
14.75
12.25
12.00
4.50
4.25
4.25
4.00
4.50
4.00
10.50
11.50
14.00
16.75
18.00
15.75
14.00
15.50
15.75
16.25
17.50
16.00
17.00
16.50
16.00
13.00
10.75
4.50
4.50
6.75
12.50
7.25
5.50
8.25
4.50
4.75
15.00
4.75
4.75
4.50
11.00
6.75
4.75
4.75
5.00
4.75
5.00
4.75
5.00
5.25
5.25
17.50
20.25
20.50
6.25
16.75
20.00
9.25
7.75
17.50
21.75
21.25
22.00
19.75
20.75
20.25
15.00
8.00
5.75
6.25
6.00
6.25
6.00
5.75
6.00
6.00
6.00
6.50
6.50
6.25
22.50
22.75
23.50
25.75
25.00
25.50
15.75
7.00
7.00
7.25
8.75
6.50
7.00
20.50
12.75
22.25
15.25
7.25
8.00
7.25
7.50
8.50
7.00
7.25
15.50
7.75
15.25
18.75
12.50
7.00
9.50
7.50
8.25
8.25
26.50
8.00
7.75
18.75
15.00
8.00
8.00
10.25
11.25
8.00
8.00
8.00
28.50
22.50
24.50
8.25
31.25
22.25
25.50
29.00
31.25
11.50
17.00
27.50
29.25
8.50
25.75
12.25
26.50
16.50
11.50
8.50
9.50
8.25
25.50
8.50
8.50
10.75
19.50
17.50
28.25
31.00
27.50
27.25
22.00
21.00
9.25
17.50
33.25
29.50
30.00
8.75
8.50
13.00
9.00
8.50
8.50
8.25
12.00
25.25
29.50
28.00
30.00
30.25
31.50
27.25
21.75
27.25
19.00
21.50
22.75
23.25
17.00
13.75
12.50
25.00
27.00
28.00
8.75
8.50
11.50
15.50
15.25
23.25
27.75
27.75
30.75
31.50
31.75
27.25
30.25
33.25
33.50
32.00
29.25
24.00
20.50
25.00
27.25
12.00
19.25
30.00
33.75
33.00
33.00
32.75
25.75
28.00
31.00
27.25
29.00
29.50
26.75
8.75
8.25
8.50
17.25
31.50
26.75
8.25
8.25
15.75
23.00
30.50
20.25
8.25
11.75
14.50
23.00
28.25
26.25
27.00
28.50
27.00
12.75
21.00
24.25
30.25
31.50
30.25
24.25
12.25
25.75
26.50
28.25
25.25
20.25
18.75
15.50
7.50
11.75
20.75
21.50
24.25
24.00
24.75
23.75
23.75
27.50
24.75
26.25
26.25
21.75
19.75
17.00
24.25
25.00
26.75
27.50
23.00
6.75
6.50
6.75
6.50
6.50
8.00
17.50
11.50
17.00
23.50
25.50
24.00
17.75
21.25
21.25
19.75
14.75
6.50
6.25
6.25
15.25
13.75
10.50
12.75
21.25
22.00
22.25
17.00
20.50
14.75
6.50
10.00
22.50
21.00
19.75
6.00
19.50
18.50
18.50
15.50
19.00
19.75
5.50
5.50
6.25
19.25
13.75
16.00
18.75
5.25
5.00
5.25
18.00
16.00
19.50
15.75
5.25
5.00
18.50
14.50
18.50
16.25
13.50
13.25
16.25
15.50
16.25
12.75
15.00
4.50
13.50
17.25
4.50
10.50
4.25
4.50
18.00
17.75
4.50
6.00
17.50
16.75
13.25
16.75
14.75
15.50
14.75
11.50
12.00
11.75
13.50
13.75
15.25
15.50
15.50
16.00
13.25
14.25
14.50
14.00
15.50
12.00
13.25
13.50
4.00
4.25
14.25
14.25
15.25
4.75
9.75
14.75
15.50
15.50
12.25
5.50
15.50
15.50
14.25
4.75
4.50
10.50
4.25
5.25
4.75
4.75
4.75
15.50
15.00
16.25
18.00
15.25
17.25
18.50
4.75
4.75
5.00
5.00
5.00
4.50
5.25
5.25
5.50
19.25
13.50
5.50
5.50
5.25
6.25
5.75
17.00
19.50
15.75
20.00
14.50
21.50
18.25
19.00
10.50
20.25
22.75
21.50
6.75
24.00
24.75
21.25
23.50
23.75
21.75
23.00
24.50
23.00
22.00
24.50
19.00
23.50
7.00
7.00
7.00
7.25
7.25
6.75
7.25
7.25
20.75
11.25
7.25
7.50
7.00
13.25
17.75
7.50
20.75
20.25
15.00
12.00
10.00
12.50
14.25
7.75
10.75
7.75
17.25
17.25
8.00
10.75
18.50
22.75
21.25
8.00
8.25
16.50
12.00
8.50
11.00
8.75
8.75
24.00
11.00
26.50
19.50
16.25
12.50
30.75
30.75
30.00
8.50
12.75
15.25
8.50
8.50
10.25
19.50
26.00
26.25
24.00
26.00
8.50
10.25
23.25
28.50
9.50
8.75
8.50
8.75
26.50
29.25
32.50
32.75
28.25
9.00
31.00
31.25
19.25
10.50
11.75
13.50
23.50
18.50
21.75
11.75
13.00
9.25
32.75
27.50
8.75
8.50
9.50
13.75
31.50
30.75
22.50
22.50
22.25
24.25
8.25
10.00
8.25
14.00
26.75
24.00
29.25
28.25
29.50
19.25
8.75
8.50
8.50
12.25
20.25
9.50
8.75
11.75
12.25
11.50
27.00
24.75
31.25
25.00
23.50
17.75
25.00
21.25
14.50
13.25
20.75
26.25
18.25
25.00
27.25
24.25
26.25
27.00
21.00
18.25
8.25
8.50
28.75
23.50
23.50
27.75
22.00
19.75
8.00
8.50
8.25
9.00
25.50
24.75
25.50
26.50
15.50
8.25
9.00
20.25
13.50
15.50
26.25
29.00
22.00
26.75
24.50
13.50
7.50
7.50
20.50
24.25
18.25
11.75
8.50
21.50
17.75
7.00
7.75
10.50
18.25
22.75
23.25
23.75
10.00
14.50
23.75
11.50
20.50
7.00
6.75
21.00
22.25
23.50
6.75
7.00
6.50
6.75
13.25
6.50
12.25
19.25
23.50
16.50
6.50
6.50
6.25
6.25
6.25
6.25
14.50
6.00
9.75
8.50
13.25
6.25
18.50
17.75
19.75
20.25
20.00
19.25
18.75
17.25
18.00
5.75
5.75
6.25
6.00
18.00
19.75
19.25
18.25
17.25
17.00
19.75
18.50
16.50
10.75
17.00
17.75
13.50
15.00
14.50
15.00
6.50
4.50
13.00
15.25
14.75
14.50
15.50
8.75
8.75
11.50
14.75
6.50
5.75
8.00
4.50
4.50
4.25
9.25
4.50
7.25
9.75
7.25
4.50
4.50
16.50
4.50
4.50
4.50
4.25
13.00
12.00
6.00
13.00
10.00
4.25
4.00
3.75
4.25
4.50
4.75
4.25
4.00
4.25
4.25
8.75
4.25
7.00
4.25
13.75
10.75
4.50
4.25
7.25
4.50
15.50
15.50
7.75
4.50
4.50
6.00
4.50
4.50
4.50
4.50
5.00
4.75
4.50
4.50
7.50
4.75
13.00
5.00
5.00
4.50
9.25
15.50
5.00
15.00
4.75
4.75
5.00
5.25
5.75
5.75
18.50
16.75
5.50
5.25
10.50
15.50
17.50
5.75
14.00
5.00
5.00
5.50
5.25
5.75
6.25
5.75
6.00
6.00
22.75
18.75
8.75
6.50
17.50
6.50
6.50
7.25
21.00
6.50
6.25
6.25
6.25
6.75
6.75
7.00
23.00
13.50
11.50
6.50
7.00
7.25
7.25
7.25
7.25
7.50
7.50
15.50
24.00
16.25
16.25
7.50
25.25
24.75
26.25
15.50
17.00
21.75
16.75
20.25
24.50
24.25
21.50
8.50
24.25
27.25
8.25
17.00
27.00
9.25
28.00
29.75
29.75
8.25
9.50
15.75
15.00
20.25
11.25
25.25
8.25
17.25
8.25
19.00
23.50
9.25
8.50
20.50
8.25
24.25
21.50
24.50
26.00
26.50
21.50
12.00
15.50
11.75
8.50
18.25
31.25
8.75
9.25
16.50
26.25
29.75
27.00
23.50
8.50
8.50
13.00
11.25
24.75
22.50
8.50
17.25
13.00
10.50
23.50
11.50
9.25
19.25
9.50
8.75
8.25
8.75
8.75
9.25
8.75
11.00
8.50
17.00
8.75
28.25
8.50
8.25
11.75
8.25
8.50
8.50
10.00
18.50
24.75
23.00
31.00
29.50
25.50
31.50
29.00
11.75
21.25
30.75
33.00
32.75
26.75
28.50
24.75
17.75
27.25
21.25
28.00
30.75
26.75
28.75
18.75
28.50
23.75
26.75
20.75
8.75
31.50
13.00
14.00
13.00
21.50
30.50
30.00
31.00
31.00
29.75
29.50
8.25
8.25
27.00
31.00
30.25
32.00
27.00
29.25
31.75
30.00
30.75
28.75
29.00
26.75
27.75
30.00
30.00
31.50
31.00
26.50
28.00
29.25
21.50
21.50
15.25
7.25
7.25
7.75
8.25
17.75
17.75
7.25
7.00
11.25
12.50
17.50
7.50
8.00
7.25
15.75
26.00
24.25
20.75
22.25
24.25
24.25
17.75
21.50
20.50
19.25
21.00
20.75
14.75
21.50
8.75
6.75
21.25
25.25
24.75
25.00
23.50
7.25
21.00
21.25
22.75
20.75
6.50
6.50
19.25
22.00
17.75
9.75
10.00
23.25
22.25
6.25
13.50
20.75
21.75
22.25
18.00
5.75
5.25
5.25
5.50
11.75
16.75
9.25
5.00
5.25
5.25
5.50
8.75
17.75
16.25
17.75
17.50
17.50
17.75
17.00
15.50
15.25
14.75
10.25
4.75
4.50
4.75
4.75
4.50
17.50
15.25
15.75
17.50
10.75
4.50
7.25
5.75
4.50
4.50
4.25
4.50
4.25
4.50
5.00
4.50
14.75
16.00
15.25
14.50
13.00
11.75
4.50
4.50
11.75
14.75
8.75
4.50
4.25
4.50
3.75
4.75
4.50
10.00
6.50
8.75
9.75
11.00
13.75
4.50
4.50
4.50
16.50
14.75
15.00
13.75
14.00
13.75
16.00
15.25
7.75
4.50
4.50
4.50
14.50
13.75
8.25
5.50
6.25
4.50
4.50
10.75
6.00
12.50
15.50
15.25
10.25
4.75
5.00
13.00
11.50
6.75
17.00
21.25
21.00
21.00
17.50
20.00
20.50
19.75
16.75
18.00
21.25
5.75
19.00
17.25
12.50
14.50
5.50
6.25
10.25
6.25
8.50
13.50
22.75
23.25
23.00
6.25
8.25
22.75
19.00
9.75
21.00
24.50
24.50
9.00
17.25
8.25
6.75
6.75
6.75
7.00
6.75
9.75
14.50
15.50
7.00
14.75
7.25
7.25
7.50
7.50
7.25
16.25
20.00
7.50
7.75
7.75
7.25
26.00
24.75
8.50
7.75
7.75
26.50
27.50
29.75
26.25
8.00
8.00
8.25
23.25
23.00
26.50
23.00
21.50
10.25
14.25
19.50
11.00
8.25
26.75
28.50
23.75
8.25
9.50
9.75
8.25
8.50
24.50
8.50
8.25
8.25
8.25
11.00
8.75
31.00
16.00
8.50
29.50
24.75
27.75
31.75
22.75
8.50
12.00
11.25
9.00
14.75
27.75
17.50
16.25
20.75
8.75
8.25
8.75
17.75
31.50
19.75
8.50
12.00
19.00
21.75
25.00
22.25
32.00
9.25
8.50
17.50
18.00
27.75
22.75
12.25
15.00
26.75
28.50
19.25
9.00
13.25
8.75
12.25
18.75
18.75
11.75
27.00
32.25
31.75
31.75
24.25
26.75
29.75
12.25
9.75
23.75
29.50
28.25
18.50
19.00
19.25
20.25
13.75
8.50
18.25
12.75
15.50
8.25
22.75
30.50
11.75
28.25
16.50
16.00
31.50
23.25
27.75
31.75
29.50
8.25
18.00
28.00
14.00
15.50
27.00
25.25
24.00
14.00
16.25
24.00
28.00
29.00
26.00
25.25
18.50
10.50
13.50
14.25
25.00
28.50
27.25
30.25
29.50
29.25
20.50
18.25
11.25
8.25
17.25
20.50
19.25
13.25
14.75
13.50
10.00
12.50
21.50
8.50
14.75
23.50
24.00
27.25
27.25
23.75
26.25
27.50
26.50
27.25
14.25
11.00
8.50
7.00
21.00
21.75
12.75
7.50
23.00
23.25
25.00
18.00
19.00
21.50
24.00
23.75
25.00
24.00
24.00
16.50
13.50
7.25
6.50
8.00
6.50
6.50
10.75
18.50
20.25
20.50
21.25
20.50
6.00
21.00
23.50
22.50
20.50
20.75
12.25
5.75
17.75
20.25
5.75
14.25
5.50
5.50
13.00
15.00
5.50
7.00
20.75
17.50
10.25
16.50
5.25
5.75
5.00
15.00
5.00
12.00
13.75
15.00
15.50
18.25
13.50
12.25
15.50
13.50
13.75
15.00
17.00
15.25
5.00
4.50
12.75
4.50
17.50
14.50
5.50
16.25
16.25
4.50
4.50
7.00
8.50
16.50
14.25
15.25
15.00
4.50
10.75
9.25
13.75
5.25
4.25
4.50
9.25
15.50
17.00
17.75
17.25
17.25
17.50
17.50
16.50
13.00
4.50
14.75
16.50
15.75
15.75
13.75
10.00
13.25
6.00
4.50
5.00
13.25
13.75
13.50
4.50
4.50
4.50
10.25
4.50
4.75
4.50
16.75
15.50
17.50
16.00
4.50
4.50
5.00
5.00
20.00
12.25
5.25
18.75
7.75
5.00
5.50
5.00
11.50
7.50
5.00
14.00
19.75
5.75
5.75
5.25
13.50
18.00
5.75
13.00
6.00
5.75
15.75
6.00
5.75
5.75
5.75
5.50
5.75
6.25
6.75
6.50
6.25
6.50
6.50
6.75
19.00
17.75
6.50
6.50
6.50
6.75
9.00
12.75
11.50
6.75
17.00
17.00
17.00
10.75
7.50
7.50
7.50
15.00
21.00
23.25
9.75
20.75
10.75
28.25
28.50
28.50
25.75
8.25
10.00
7.50
10.00
7.50
11.25
8.00
19.00
8.00
8.00
7.75
8.50
8.25
8.00
8.75
8.00
11.50
28.25
30.00
28.75
23.75
24.75
30.00
13.75
8.25
14.25
21.75
8.25
23.00
8.25
15.75
11.00
8.25
10.00
24.00
29.75
24.50
29.75
30.00
12.00
20.25
28.75
31.50
26.75
31.25
23.75
31.75
31.50
20.00
8.50
8.75
18.75
24.75
32.75
33.25
17.25
21.50
20.50
8.75
14.75
10.25
28.75
28.00
27.00
28.75
32.00
32.75
14.25
8.75
28.75
24.50
11.25
8.50
8.50
8.50
12.00
27.00
9.00
9.25
9.25
8.50
8.50
10.25
11.25
21.75
21.75
29.25
30.00
33.00
33.00
31.00
32.75
30.75
17.50
24.50
29.25
32.00
18.00
31.25
32.50
32.00
23.75
29.25
18.75
30.75
33.50
33.00
33.50
29.75
25.50
10.25
10.00
22.50
27.25
28.00
32.00
30.50
24.75
16.25
27.00
27.75
22.50
16.00
8.00
11.75
9.25
17.00
20.75
22.75
25.25
30.25
17.50
29.50
28.25
10.25
16.00
8.25
8.50
17.00
12.25
12.00
12.25
27.75
11.75
19.00
22.50
8.25
7.75
8.25
9.50
17.25
28.25
23.50
14.25
17.50
9.50
21.50
22.75
27.25
25.75
18.75
13.00
26.25
18.50
22.50
24.25
15.50
20.50
20.75
28.00
26.00
19.25
22.50
16.00
13.00
20.00
23.00
24.00
25.25
25.25
24.75
21.75
22.25
18.75
21.75
21.25
23.75
6.50
6.50
7.00
6.50
16.25
18.50
21.25
22.75
21.25
15.25
6.25
6.25
6.25
6.50
22.75
7.50
18.00
5.75
5.50
7.25
13.00
13.25
7.25
11.25
14.00
7.50
5.75
12.75
5.75
11.00
19.50
17.50
16.25
13.00
17.75
5.00
4.50
5.00
4.75
5.00
5.00
4.75
12.00
4.75
5.00
4.75
4.75
8.75
9.25
17.75
15.50
15.75
13.75
10.25
11.75
13.25
9.00
15.75
10.50
11.75
4.50
4.50
6.50
10.00
11.00
12.75
10.50
11.00
5.25
4.25
4.50
4.25
4.25
10.75
8.25
8.00
11.75
4.00
4.50
4.50
10.00
13.00
12.00
12.25
13.75
13.00
14.00
10.00
4.25
8.25
10.75
11.50
4.50
4.50
6.00
14.50
13.25
14.25
4.50
4.50
4.50
4.50
11.25
15.00
5.75
17.50
16.50
12.00
9.25
11.50
8.50
6.00
6.75
7.75
4.75
5.00
5.00
7.25
10.50
16.50
5.00
5.00
5.25
4.75
5.00
13.00
11.50
5.50
5.50
5.25
5.75
10.50
16.25
5.75
18.50
19.25
19.50
22.75
16.75
21.25
19.25
20.25
20.75
21.00
6.25
6.25
6.25
7.50
6.25
21.00
19.50
6.50
24.25
25.50
22.75
6.75
17.25
16.75
6.75
6.75
21.75
24.00
14.75
8.75
7.00
14.00
20.75
7.50
7.25
25.50
22.25
22.75
25.75
7.50
11.50
7.75
22.50
28.25
27.75
19.75
8.75
7.75
7.50
7.75
17.75
7.75
15.75
12.00
25.75
8.00
8.25
28.75
29.00
28.25
8.75
8.25
9.00
10.75
8.00
10.75
8.25
8.25
17.00
8.25
8.25
16.50
22.75
28.75
28.25
19.25
8.50
25.50
22.50
20.25
8.50
11.50
16.25
10.50
8.25
8.75
24.00
33.25
27.50
30.50
22.00
10.00
8.25
8.25
15.25
19.75
8.75
22.25
24.75
28.50
27.00
29.00
22.25
9.00
10.50
8.75
19.50
18.00
8.75
12.75
8.75
25.50
31.75
13.00
12.75
15.75
13.50
10.25
8.50
9.00
27.25
29.50
22.25
24.25
30.50
24.00
9.50
25.50
28.00
15.75
25.75
11.50
11.75
18.00
28.25
32.00
31.00
29.00
32.00
32.50
29.00
9.50
8.75
18.00
25.25
25.50
29.75
28.75
17.25
16.25
9.25
23.50
14.00
14.00
12.00
15.50
31.75
30.50
31.50
29.75
32.00
26.50
25.25
24.75
25.00
27.25
28.75
14.75
14.50
18.75
26.25
31.25
24.25
21.75
24.75
19.50
23.25
28.50
16.00
9.50
24.00
21.25
26.50
28.00
25.25
25.50
27.25
28.25
29.75
28.00
25.00
13.75
8.25
16.75
14.25
19.00
18.50
12.75
7.75
7.00
7.50
20.00
14.50
7.50
15.25
25.25
23.00
25.25
26.25
24.75
25.50
25.25
22.25
25.25
26.50
27.00
24.75
9.00
19.00
22.50
25.75
19.00
26.75
12.75
18.00
7.00
6.75
7.00
15.00
21.25
23.25
22.25
6.50
11.25
17.25
18.50
18.00
11.00
20.50
20.75
22.75
22.00
23.50
24.00
22.50
14.50
21.25
22.00
23.00
22.75
22.50
21.00
19.25
18.75
19.25
5.75
5.75
5.50
10.75
8.25
5.25
8.75
7.00
8.25
6.25
17.25
20.25
18.00
18.00
18.25
18.50
17.00
12.50
5.25
10.75
17.75
19.25
19.25
19.00
18.25
17.50
17.25
16.50
17.00
16.25
16.75
15.00
8.50
9.00
11.75
11.00
14.00
14.25
15.75
14.50
4.50
4.25
4.50
4.25
4.25
4.25
4.25
4.50
16.25
13.00
6.25
5.25
4.25
4.00
4.25
4.75
15.25
15.00
14.25
15.25
14.00
13.75
13.25
15.25
15.25
14.50
15.25
15.50
17.50
17.75
17.50
16.00
17.25
15.50
14.00
15.50
11.50
13.75
9.75
4.50
5.00
13.25
14.50
4.75
4.75
4.75
17.50
15.50
17.50
5.00
4.75
5.00
5.00
5.00
13.50
15.00
5.25
5.00
12.50
11.75
5.00
5.25
13.00
5.00
5.00
5.25
5.75
19.25
18.25
5.75
18.00
5.75
20.25
17.25
8.25
11.50
21.50
19.50
20.25
6.00
14.25
19.50
22.00
23.25
20.50
17.25
20.00
21.25
23.50
6.75
23.50
24.75
26.25
8.50
17.00
14.75
24.50
11.75
8.50
6.50
13.25
7.00
8.50
16.00
24.50
23.75
20.50
7.50
7.25
19.00
13.00
16.75
9.75
10.50
21.00
22.25
27.75
24.75
28.25
27.50
24.75
26.75
26.50
17.00
7.75
8.00
8.25
29.00
29.75
30.25
26.75
26.00
24.50
8.25
23.00
19.50
21.50
28.50
29.75
8.00
8.25
8.25
13.00
28.50
32.25
29.75
24.25
32.25
26.75
30.00
27.75
27.00
30.25
15.00
17.00
8.25
8.50
9.75
15.00
26.00
32.00
22.50
19.75
31.50
15.00
10.50
8.50
11.00
10.50
19.25
19.50
32.00
32.00
32.00
30.25
9.00
23.50
31.50
31.75
33.25
34.00
33.00
30.25
31.50
32.50
24.25
28.00
8.50
11.00
18.00
8.50
8.25
8.25
8.50
8.25
10.00
28.75
31.25
34.00
31.00
30.75
26.50
20.25
28.25
27.50
8.50
8.75
14.75
24.25
30.50
30.25
29.25
22.25
11.00
8.25
8.75
10.50
21.50
26.00
30.25
27.25
31.50
29.00
18.25
8.75
16.75
8.75
27.00
30.00
31.50
31.00
32.50
31.25
24.75
27.50
24.00
28.25
29.75
19.25
19.00
13.00
17.00
8.25
11.25
8.50
17.00
8.25
10.25
11.75
24.50
26.75
25.75
25.50
20.25
24.50
24.50
15.00
30.00
29.50
28.50
30.25
27.00
26.75
28.75
27.00
26.50
26.25
26.00
26.00
24.75
28.00
28.25
28.00
24.75
22.25
16.75
16.50
23.00
15.50
25.25
17.50
11.75
14.00
18.25
7.00
7.00
13.25
14.00
17.75
21.75
19.25
7.00
7.00
7.25
14.75
6.75
6.75
13.25
20.00
19.25
24.00
23.25
22.75
12.25
8.00
23.00
23.75
24.50
23.50
21.75
21.25
21.50
22.00
21.25
11.25
10.25
5.75
19.75
5.75
6.50
5.50
5.75
6.00
17.50
6.50
9.75
5.50
5.00
5.25
5.00
5.50
12.25
20.00
20.75
18.00
12.75
17.50
16.25
17.50
15.00
15.50
15.50
15.50
7.50
6.50
4.75
17.50
9.25
4.75
4.50
4.50
4.50
4.50
4.75
17.25
8.75
8.00
4.50
8.75
4.25
4.25
4.00
6.25
5.50
12.75
12.00
4.50
4.50
17.25
12.00
4.50
13.75
12.25
13.75
12.50
13.50
12.75
5.75
4.25
4.25
4.25
4.25
4.25
4.25
4.25
4.50
4.50
4.50
4.25
4.00
4.00
6.25
5.25
12.50
13.00
10.00
4.50
4.50
4.75
14.75
17.75
14.00
15.00
14.00
16.25
15.00
16.75
13.25
14.75
15.00
15.00
15.50
4.75
18.50
11.75
5.75
4.50
5.00
16.00
9.25
18.75
10.75
5.25
5.25
5.25
12.00
18.25
18.25
5.75
5.75
16.00
17.50
9.00
5.50
5.75
5.25
6.75
15.00
16.25
15.75
6.50
22.00
17.50
15.25
18.50
12.50
18.25
20.25
19.50
21.00
21.25
19.25
15.00
6.50
16.00
7.00
7.75
22.75
11.75
24.25
26.50
7.00
11.25
21.00
14.00
24.00
22.75
7.25
7.50
7.25
18.75
23.25
10.00
7.75
24.75
25.50
8.25
7.25
19.75
7.75
8.00
26.25
16.50
18.50
8.00
8.00
8.00
7.75
27.00
8.25
8.00
14.75
17.25
8.00
8.25
25.75
25.50
16.75
25.00
27.00
24.00
23.75
28.25
29.00
29.25
17.25
23.50
29.25
28.75
29.25
10.25
30.50
22.75
16.00
13.75
25.25
29.75
22.75
8.75
19.00
21.75
10.50
23.75
17.75
8.50
20.50
8.25
8.25
11.50
27.25
29.75
20.25
8.50
13.50
8.25
15.75
29.00
31.00
27.25
15.75
28.50
30.25
32.25
32.00
13.75
24.25
15.50
8.50
8.50
8.75
14.75
8.75
8.75
14.50
8.50
8.50
9.00
16.75
27.50
30.25
20.75
24.75
13.50
25.75
26.25
17.00
14.75
21.50
17.75
10.00
32.00
32.25
32.25
33.25
32.75
30.75
33.50
30.75
31.50
27.00
32.25
32.00
32.00
31.75
33.25
33.75
33.00
32.25
28.25
30.75
33.00
32.75
33.25
32.75
31.75
28.75
30.50
32.00
23.75
30.50
31.25
30.50
31.25
31.25
30.50
31.25
20.00
8.50
20.25
28.25
31.25
29.50
29.75
28.50
28.25
22.50
26.75
17.75
9.25
26.50
23.00
28.50
17.50
14.75
24.00
31.00
30.25
24.75
29.75
31.00
31.00
28.75
26.25
26.25
24.75
13.50
15.50
22.50
28.00
28.00
28.25
28.25
28.50
26.50
11.00
28.00
21.25
21.00
14.75
26.50
26.50
26.50
26.50
18.00
7.00
6.75
6.50
7.50
22.50
19.00
23.50
22.50
23.50
23.25
22.75
22.75
18.00
6.50
22.25
17.50
16.50
13.00
18.50
23.75
19.50
18.00
6.25
6.50
22.00
22.75
24.00
23.00
22.50
22.75
21.50
21.00
23.00
22.75
22.50
22.00
15.75
21.25
21.25
21.00
20.75
20.50
20.50
20.50
19.00
17.50
20.00
17.25
5.75
5.00
5.00
5.00
10.00
15.25
15.25
14.50
15.50
5.00
11.50
16.75
14.00
4.50
11.00
16.50
13.50
13.50
14.50
4.75
4.50
4.75
14.00
15.25
15.50
16.25
16.25
13.75
13.75
4.25
13.50
4.25
12.75
4.50
17.00
15.50
15.00
14.75
14.75
15.50
15.50
16.75
17.50
16.75
16.00
15.50
15.75
15.50
14.75
16.50
16.75
15.50
15.00
16.00
15.25
14.25
14.50
13.50
15.00
13.75
12.50
14.50
14.00
12.25
4.50
4.75
16.00
14.50
10.75
4.75
4.50
4.75
5.00
4.75
18.25
12.75
5.00
19.50
18.50
5.25
5.50
5.25
5.00
6.25
10.00
5.00
5.25
5.25
5.75
16.00
18.75
5.50
5.50
14.25
15.50
17.50
14.75
21.00
19.75
22.75
21.75
21.00
14.50
15.75
17.25
21.00
22.00
21.00
6.25
6.25
16.75
18.75
20.75
19.25
6.50
6.75
11.50
23.25
22.25
23.50
25.25
25.75
27.25
26.50
24.50
13.75
7.25
7.75
23.50
7.25
18.50
7.50
7.50
14.25
7.50
7.25
7.75
7.50
7.50
7.75
7.75
14.00
7.75
22.25
7.75
8.00
25.00
20.75
30.25
28.25
10.75
8.25
11.00
28.00
19.50
26.75
16.25
18.50
9.50
8.25
13.00
8.25
21.50
30.25
32.00
30.00
27.25
26.25
8.50
15.25
18.50
32.00
30.25
17.00
13.00
20.00
22.25
31.00
8.75
31.25
14.75
8.50
8.50
28.25
33.25
33.25
28.25
9.00
17.75
23.75
8.50
8.50
19.00
8.75
11.75
13.75
30.25
32.50
33.00
32.50
31.00
30.00
27.75
27.00
22.50
8.75
8.75
12.75
29.25
32.25
11.00
9.00
9.00
29.75
31.75
30.25
26.00
22.00
33.00
33.25
31.00
18.00
21.50
25.75
15.25
10.75
12.00
12.75
16.75
24.75
31.75
31.50
30.75
27.50
29.25
33.00
28.00
14.00
24.25
25.75
17.50
23.00
8.75
27.25
17.00
28.50
33.00
31.00
27.75
28.50
29.50
29.00
28.25
33.75
29.75
30.75
30.75
31.50
30.25
32.25
30.00
29.75
13.00
18.75
28.00
22.00
30.50
29.75
21.25
25.75
29.00
31.50
30.00
32.25
32.25
31.25
29.75
28.25
13.25
10.75
18.75
31.00
29.00
29.50
28.75
28.50
26.50
26.75
26.00
24.75
23.25
10.25
8.50
20.75
22.75
20.75
19.75
22.00
24.25
25.00
22.25
16.50
21.75
19.50
23.25
7.50
7.50
7.50
8.00
25.75
26.00
20.50
10.75
18.25
22.25
24.25
22.50
22.75
15.75
7.00
21.50
22.50
25.50
25.25
24.00
19.00
23.25
22.75
21.00
17.25
26.00
24.75
25.50
25.75
8.75
21.50
24.75
24.75
23.75
23.00
21.25
20.00
24.25
23.75
24.25
23.75
19.75
21.00
21.25
22.00
21.25
17.25
6.00
16.25
22.25
19.75
20.00
20.00
20.75
5.75
19.75
19.00
21.00
5.25
6.00
15.75
19.00
17.50
13.50
9.75
5.50
18.25
13.25
5.00
5.00
5.00
16.50
19.00
15.75
17.75
17.75
12.00
9.25
4.75
4.75
5.00
12.75
13.75
17.25
16.75
9.50
4.75
4.75
14.00
13.75
13.00
13.25
14.50
13.00
13.75
14.75
15.25
15.00
13.75
14.75
14.00
12.75
13.75
4.25
14.00
11.75
4.25
4.50
4.25
4.25
4.25
4.50
11.00
4.50
17.25
17.75
16.75
4.50
4.50
4.50
11.00
11.25
9.75
4.75
5.75
4.50
4.50
4.50
5.00
15.75
15.25
9.75
4.75
4.75
4.50
8.75
4.75
16.50
7.00
8.50
5.00
6.00
5.25
5.00
5.25
5.25
17.25
5.50
5.25
8.00
17.75
13.00
16.75
16.00
10.00
5.75
5.50
5.25
5.75
12.50
13.50
5.75
6.00
6.00
6.25
6.25
6.50
6.50
9.00
13.75
6.25
6.25
6.25
6.50
6.75
6.75
7.00
11.75
28.00
27.75
16.50
12.50
15.25
8.50
21.25
7.25
9.00
7.50
7.50
7.25
20.00
7.75
22.25
25.25
24.50
18.75
21.75
14.75
10.25
7.75
11.75
22.25
7.75
7.75
8.00
7.75
12.00
22.50
27.75
14.50
8.25
26.50
28.75
18.50
8.25
16.00
8.00
23.75
31.75
28.00
8.25
8.25
16.25
16.00
31.00
30.25
23.25
14.75
11.25
25.00
17.00
31.75
12.75
28.75
32.50
24.25
22.50
18.00
23.50
19.00
16.00
19.00
8.50
8.50
8.75
18.50
13.25
12.75
15.00
9.00
27.25
30.50
20.75
15.25
9.00
24.75
16.50
21.50
9.00
20.00
13.00
10.00
9.00
31.50
32.50
11.50
19.50
8.75
24.25
16.00
31.75
33.00
32.50
15.25
31.00
32.00
24.50
21.00
15.00
11.25
19.25
28.75
9.00
8.75
8.50
8.50
8.75
9.25
8.50
8.75
9.75
24.50
30.25
30.50
27.75
17.25
31.75
33.00
32.50
33.50
33.75
32.50
30.25
31.00
28.75
33.25
33.00
31.75
28.25
28.75
30.25
30.75
33.00
18.00
8.75
8.50
8.75
21.75
28.00
31.75
25.00
25.50
30.00
33.00
22.50
17.50
30.25
32.00
32.25
32.50
27.50
15.00
8.50
18.50
21.50
25.25
30.75
29.00
20.25
8.25
8.50
22.75
31.00
30.50
28.75
17.00
23.00
17.50
14.50
15.25
11.25
11.00
17.75
20.25
24.75
25.75
27.00
26.75
7.50
7.75
17.25
24.50
23.00
13.25
20.50
15.50
7.75
19.25
22.50
25.75
27.25
26.50
28.00
27.00
27.50
27.00
26.00
25.00
27.00
22.25
7.50
12.00
22.75
24.75
23.25
25.00
25.25
25.00
24.50
11.00
6.50
16.25
11.75
15.25
17.25
6.50
7.00
11.75
7.00
21.25
20.25
21.00
6.25
8.75
11.75
21.00
21.50
21.50
20.25
6.00
6.25
17.25
5.75
15.25
17.75
19.50
5.75
6.00
19.00
19.25
7.00
17.75
15.75
18.25
18.50
5.25
8.50
10.25
14.25
15.00
5.00
5.00
5.00
4.75
5.00
5.00
5.00
5.00
5.00
15.25
14.75
13.75
12.75
15.25
12.25
12.00
11.25
4.50
10.25
4.25
4.25
4.25
9.75
4.75
15.25
17.00
15.25
10.00
4.50
4.50
8.25
15.00
13.75
15.50
15.25
15.25
16.75
17.25
12.75
9.75
16.75
17.00
4.50
4.50
4.50
4.50
4.25
4.25
4.50
12.00
8.25
6.75
4.50
12.00
4.50
4.75
15.75
14.25
15.50
15.50
6.75
13.75
14.50
13.50
10.75
12.25
13.75
15.75
11.00
4.75
5.00
5.00
5.00
5.00
6.75
4.75
15.75
8.00
13.75
15.75
18.50
11.25
15.50
5.25
5.25
13.75
5.25
15.75
17.00
6.00
5.75
6.00
5.75
12.75
17.25
19.75
14.00
5.50
6.00
5.75
12.00
21.75
6.75
6.00
6.00
6.25
6.25
6.50
6.50
7.25
23.75
24.00
15.50
6.50
6.50
8.75
6.75
18.25
20.75
23.25
7.00
7.25
12.50
7.25
7.25
21.00
16.75
13.25
7.25
7.25
11.25
7.25
7.50
7.50
7.75
7.50
26.25
21.50
24.50
8.00
7.25
8.00
16.75
27.75
16.50
8.25
17.25
11.75
16.25
18.50
24.25
13.25
8.25
8.25
8.25
12.50
29.00
13.75
16.25
8.25
15.00
12.75
19.00
16.50
12.00
8.25
11.00
8.50
24.75
17.25
11.25
17.50
22.00
15.00
13.00
9.00
13.50
26.50
30.25
16.75
14.00
20.75
8.50
29.75
19.50
8.75
8.75
8.75
27.25
20.50
8.75
8.25
8.75
8.75
15.75
8.50
9.50
8.50
9.50
9.00
8.50
8.75
29.25
12.75
8.75
8.50
8.75
8.50
8.50
10.00
25.50
28.75
20.00
8.75
8.75
8.50
9.25
8.75
9.25
29.00
32.00
31.00
29.00
31.00
29.00
27.50
26.25
30.00
25.00
14.50
29.75
31.75
31.75
32.50
28.25
30.75
30.00
24.50
19.50
16.50
30.00
31.00
28.75
30.00
8.25
8.50
8.75
13.00
28.50
31.00
31.25
30.00
31.50
32.00
26.25
8.50
8.50
17.00
21.50
31.50
29.00
32.25
31.25
28.50
21.75
12.25
16.00
25.50
26.00
26.25
27.25
29.50
22.25
27.50
31.25
28.50
27.00
21.75
23.75
20.75
26.50
22.00
8.00
13.25
15.50
14.50
15.25
25.75
26.50
26.00
27.75
26.75
27.25
19.25
18.75
15.25
11.75
14.75
7.50
23.25
15.50
10.25
7.25
7.50
7.00
7.00
11.75
7.50
7.75
20.25
22.50
24.50
9.50
21.50
23.00
25.25
21.75
24.25
22.00
22.00
25.75
26.00
24.50
14.00
8.50
8.25
13.75
23.25
23.75
20.50
6.50
6.50
11.75
14.25
17.00
20.50
17.75
18.25
21.50
11.00
6.00
14.00
17.00
16.75
19.00
12.00
6.00
17.50
18.50
17.50
17.75
17.00
20.00
19.50
17.50
20.00
20.75
19.75
19.00
18.75
19.25
18.75
18.75
16.50
17.25
17.50
17.25
10.75
5.25
7.50
4.75
4.75
5.00
4.50
4.50
4.50
11.50
4.50
4.50
4.50
4.50
4.50
4.50
4.25
4.25
4.75
9.75
7.00
11.75
9.25
6.25
8.25
4.50
4.50
4.25
4.50
4.25
4.25
4.50
10.00
16.25
15.75
14.50
4.25
16.50
13.50
15.25
14.25
13.75
12.00
12.50
10.50
15.75
16.50
14.50
17.50
17.75
5.50
6.00
9.75
13.00
19.75
18.50
18.75
19.00
5.25
13.25
5.25
17.50
19.25
18.75
19.25
11.50
8.25
5.50
14.25
7.00
8.25
6.50
18.75
17.75
19.25
21.50
19.75
21.25
17.75
15.25
19.50
17.50
21.50
18.00
1.25
7.00
22.50
21.75
22.25
22.75
9.75
1.00
17.75
4.25
9.75
19.75
19.00
21.00
14.75
2.50
20.00
7.25
13.00
25.50
25.00
14.75
10.50
8.00
7.75
1.25
18.25
28.00
24.00
16.50
12.50
10.75
7.25
8.00
13.00
10.25
29.00
28.75
29.00
8.50
3.25
5.25
19.00
30.25
21.50
7.25
25.75
26.25
8.75
31.00
21.25
24.00
27.25
11.00
24.50
26.75
32.50
32.75
3.75
32.50
32.00
3.00
27.75
32.50
32.00
24.00
1.75
21.00
31.00
33.25
24.75
31.25
28.25
14.50
32.75
28.75
19.75
29.25
34.25
15.50
25.25
11.00
29.75
33.50
31.75
28.50
33.50
29.25
24.75
32.25
35.75
20.00
33.00
5.50
11.75
33.50
14.50
33.75
35.25
23.25
21.00
16.25
35.00
20.50
35.00
13.00
18.00
27.75
20.25
22.75
20.25
27.50
29.50
11.25
21.25
35.50
32.50
13.50
27.25
20.25
18.25
29.75
10.50
12.25
5.25
2.00
4.50
22.75
15.50
23.00
33.25
18.75
12.00
2.25
16.50
11.50
25.75
30.50
34.50
25.00
18.75
35.00
32.00
10.50
35.25
33.25
12.25
10.25
6.25
10.00
21.00
10.00
18.25
14.50
35.50
31.50
21.75
2.00
34.75
19.25
35.25
20.75
12.00
3.00
5.75
19.25
33.50
24.25
26.50
22.25
32.25
23.75
19.25
10.50
22.75
17.00
9.00
27.50
15.75
13.25
20.50
1.75
17.75
13.75
1.75
4.50
32.50
33.25
28.75
14.50
13.50
13.75
6.00
33.75
31.00
17.75
10.75
6.75
1.75
16.00
21.50
27.00
24.50
1.50
10.25
14.75
1.50
13.25
5.00
16.50
8.00
16.75
1.50
9.75
3.75
8.00
10.50
6.25
8.25
6.75
20.00
28.25
16.25
13.50
26.50
14.75
21.25
27.50
19.50
28.25
28.50
1.25
4.00
1.25
1.25
1.25
1.25
13.75
1.25
1.25
1.25
6.50
4.75
2.25
2.25
1.25
5.50
4.50
5.75
1.50
1.25
14.75
17.25
25.00
8.50
23.25
22.75
24.00
23.00
8.75
19.50
15.00
7.75
4.75
7.25
3.50
23.00
2.50
20.25
19.25
20.50
17.75
15.75
3.00
14.00
21.00
13.75
1.00
4.50
4.25
7.50
9.75
1.00
12.00
20.00
13.00
8.00
18.00
13.25
9.75
15.25
19.50
12.75
16.00
17.00
9.50
3.25
13.50
6.25
13.75
18.75
7.25
2.50
15.50
12.50
6.75
15.00
18.25
8.25
18.00
11.25
18.25
15.50
18.00
17.50
15.75
11.75
13.50
15.50
2.25
7.00
2.00
7.00
6.50
11.50
17.25
13.75
18.50
19.00
17.41
17.95
17.13
16.79
16.82
15.91
16.85
10.54
14.18
14.77
13.34
14.99
9.52
10.09
9.86
10.18
9.91
11.25
14.47
14.40
10.83
10.27
11.12
11.28
8.98
8.98
10.01
9.56
9.64
9.47
9.68
12.37
15.20
15.16
13.31
9.64
10.88
10.44
10.98
17.30
12.80
10.58
20.34
20.34
20.02
23.31
20.88
16.93
10.72
12.26
12.92
15.20
15.20
15.20
15.20
15.25
11.83
21.89
22.62
19.63
27.83
27.54
24.18
26.68
25.63
25.05
22.28
13.02
17.98
16.79
19.73
23.59
12.44
19.71
22.34
18.40
13.32
13.50
22.48
15.82
14.68
13.09
27.51
31.33
22.25
30.15
31.55
13.39
12.56
18.28
11.73
12.84
12.73
12.93
14.46
21.98
23.46
22.28
19.62
19.48
21.92
14.42
12.86
12.38
17.70
20.89
18.92
22.63
17.14
16.40
14.10
19.79
20.23
20.23
20.23
26.96
33.00
25.10
16.91
17.86
15.02
25.19
22.45
15.80
16.45
12.22
12.16
13.84
20.71
14.99
15.99
28.51
31.54
28.70
30.81
27.18
29.47
20.87
16.45
15.89
29.96
12.77
21.13
17.06
17.55
16.91
21.99
18.34
17.02
14.35
13.96
22.17
12.51
19.80
22.16
28.38
19.67
15.01
14.32
14.68
20.55
18.92
14.54
12.77
13.75
14.98
21.57
17.82
15.00
13.70
19.78
25.40
27.44
24.09
25.57
26.05
18.77
18.21
11.63
14.40
18.31
18.91
21.34
25.56
23.27
27.30
28.49
25.03
16.63
13.08
18.35
21.00
17.30
23.54
20.83
22.57
24.81
24.26
24.61
17.52
15.92
19.24
23.06
23.87
27.08
28.30
27.75
26.07
25.74
14.40
11.82
12.07
18.92
22.39
22.19
25.38
23.46
15.42
18.35
17.82
24.84
23.61
20.00
17.78
22.52
23.80
24.08
22.03
22.73
23.09
24.12
24.03
23.06
24.57
17.41
16.40
19.10
18.74
14.90
16.44
21.99
21.99
21.99
21.99
19.55
19.55
19.55
19.55
19.55
19.55
19.55
19.55
19.55
19.55
19.55
19.55
19.55
19.55
19.55
19.55
19.55
19.55
19.55
19.55
19.55
19.55
19.55
19.55
19.55
19.55
19.55
19.55
19.55
19.55
18.30
18.30
18.30
18.30
18.30
18.30
18.30
18.30
18.30
18.30
18.30
18.30
18.30
18.30
18.30
18.30
18.30
18.30
18.30
18.30
18.30
18.30
18.30
18.30
18.30
18.30
18.30
18.30
18.30
18.30
18.30
14.48
14.48
14.48
14.48
14.48
14.48
14.48
14.48
14.48
14.48
14.48
14.48
14.48
14.48
14.48
14.48
14.48
14.48
14.48
14.48
14.48
14.48
14.48
14.48
14.48
14.48
14.48
14.48
14.48
14.48
14.09
14.09
14.09
14.09
14.09
14.09
14.09
14.09
14.09
14.09
14.09
14.09
14.09
14.09
14.09
14.09
14.09
14.09
14.09
14.09
14.09
14.09
14.09
14.09
14.09
14.09
14.09
14.09
14.09
14.09
14.09
13.33
13.33
13.33
13.33
13.33
13.33
13.33
13.33
13.33
13.33
13.33
13.33
13.33
13.33
13.33
13.33
13.33
17.86
17.42
16.11
11.45
10.94
10.63
16.25
12.23
9.33
9.61
10.58
9.54
11.73
15.97
13.95
18.21
14.75
15.79
15.18
17.06
19.41
18.33
19.74
18.79
20.29
21.67
15.38
18.85
17.44
11.72
12.59
19.84
18.92
17.52
17.80
14.11
14.58
19.39
19.30
14.27
14.04
11.94
12.65
12.32
12.29
12.32
11.41
11.20
11.94
11.55
19.35
19.43
13.46
19.66
12.32
29.82
29.57
28.82
26.19
22.07
18.56
15.01
12.38
15.23
18.18
15.52
24.94
19.48
12.02
13.71
14.13
13.69
16.83
20.53
13.93
15.67
21.30
12.47
17.87
16.94
31.29
29.61
17.99
24.66
16.38
19.13
21.32
25.94
21.24
18.10
21.94
14.77
16.56
26.86
19.03
21.46
16.44
12.20
24.31
26.50
28.59
22.07
19.45
30.20
29.07
13.27
27.38
30.45
26.59
32.68
34.64
31.06
31.07
25.71
26.96
19.80
24.24
29.99
30.29
14.44
12.82
12.99
20.07
21.75
16.65
15.50
15.94
16.92
14.77
13.09
14.30
22.11
24.48
20.51
15.53
22.02
12.13
15.50
28.84
31.27
28.19
24.73
19.61
16.76
12.98
15.39
20.54
12.92
20.20
18.13
21.86
20.73
22.94
24.01
21.57
19.26
13.37
16.35
14.88
21.18
15.81
18.01
22.63
21.77
19.38
12.12
13.28
21.21
23.18
22.86
22.98
26.95
25.38
25.79
23.18
24.59
21.79
13.36
25.34
27.77
26.95
18.34
18.55
23.47
24.13
26.68
21.84
21.48
14.32
13.22
19.17
21.89
23.91
24.82
26.32
23.87
25.00
21.67
19.00
16.38
19.41
13.59
13.81
10.39
11.72
17.26
14.56
19.03
21.95
22.03
17.15
21.38
23.00
23.75
22.17
24.21
22.68
23.67
22.66
25.14
24.41
23.34
23.51
23.33
22.49
16.72
20.02
21.53
20.71
23.71
25.36
24.44
24.09
21.80
23.06
22.47
22.44
21.47
17.99
16.91
17.87
19.43
19.50
20.39
15.67
15.73
16.07
12.78
15.76
19.47
19.27
22.67
17.49
11.67
11.29
12.23
11.48
18.07
22.32
21.36
14.18
21.88
23.87
22.70
17.28
14.19
11.84
13.14
12.75
10.61
17.31
16.06
21.47
20.86
19.03
13.60
18.35
20.35
20.67
20.97
20.83
21.25
19.85
18.83
19.00
19.96
20.57
17.99
19.09
21.56
19.09
18.44
18.22
16.17
12.21
10.57
13.84
9.81
9.18
9.88
11.39
9.91
8.80
9.39
9.47
9.22
9.29
9.29
12.11
14.73
12.04
14.38
15.15
15.39
16.79
12.40
11.89
11.98
11.56
17.56
17.46
18.14
17.18
14.15
8.50
9.62
11.62
13.38
12.97
10.07
15.27
9.05
9.23
8.73
14.40
17.11
17.52
18.43
16.87
14.39
15.30
10.39
9.77
8.15
12.74
8.93
11.71
13.25
13.24
13.33
13.33
13.51
10.22
9.08
9.33
10.42
16.77
10.08
8.75
13.43
17.39
19.14
17.32
13.12
17.39
18.05
17.15
10.39
8.19
8.67
8.94
10.45
10.39
13.56
10.49
14.40
14.66
13.92
15.49
13.79
10.67
10.15
9.82
10.26
10.76
12.70
16.02
14.30
16.52
11.92
10.02
10.54
10.72
10.43
11.24
11.00
14.18
13.21
22.28
21.77
15.67
20.30
13.59
17.07
14.55
17.45
20.20
18.62
20.55
14.93
12.74
14.16
15.63
11.57
11.97
14.14
31.17
30.66
14.87
11.45
17.11
12.04
13.27
17.34
28.91
26.70
15.59
24.14
23.16
26.68
12.63
18.04
32.15
16.50
31.16
30.30
16.25
23.28
17.86
11.14
10.81
11.08
14.35
11.76
13.01
12.10
24.69
18.14
15.78
10.52
12.79
14.13
12.37
19.24
25.09
13.27
21.04
19.87
16.23
11.46
16.56
31.01
27.46
12.45
26.29
26.03
22.82
33.80
32.05
30.67
31.35
30.11
12.97
13.45
13.71
18.58
10.91
14.47
11.77
14.29
14.89
13.06
13.98
17.22
19.15
27.41
12.09
19.09
18.35
14.23
18.21
34.40
34.97
26.56
13.93
21.88
11.67
15.99
27.89
16.70
14.51
23.54
21.35
27.04
29.26
20.66
26.32
13.46
14.01
17.62
19.33
13.69
11.65
11.12
11.20
12.29
11.36
15.96
13.70
12.37
14.67
13.45
14.50
11.15
12.39
16.58
20.99
19.45
22.01
23.06
23.06
26.74
25.52
23.07
19.29
12.01
22.48
16.28
26.51
21.84
25.44
27.09
16.75
19.56
26.62
24.67
21.66
26.62
25.83
27.84
22.66
22.44
24.05
24.78
16.80
20.74
22.13
22.68
19.24
21.75
25.49
26.20
29.17
28.66
12.73
19.08
19.89
28.75
27.78
21.57
25.08
23.11
23.98
25.42
26.63
23.03
25.54
23.35
15.54
21.74
24.79
24.28
21.59
23.85
24.01
24.98
19.84
18.47
18.44
20.32
19.63
16.11
10.91
18.77
21.34
25.71
24.50
21.37
23.33
16.18
13.79
18.66
17.41
24.31
24.53
22.25
23.83
24.10
20.76
20.72
13.47
12.90
16.87
14.29
14.59
17.92
13.99
15.32
18.16
18.57
11.85
17.07
19.50
14.47
23.18
21.69
20.79
15.33
12.56
13.85
10.80
12.49
14.84
12.79
15.29
9.81
13.86
17.98
20.70
15.67
10.60
11.49
9.85
9.33
10.22
10.02
11.44
17.85
20.70
21.04
22.20
22.38
21.51
20.37
19.88
17.49
13.19
16.25
18.76
19.12
20.44
21.22
20.92
19.94
17.52
12.52
13.86
11.53
10.82
11.33
10.03
13.80
13.07
9.29
10.47
15.04
19.60
18.56
14.29
8.93
9.66
9.85
10.72
15.90
17.03
17.66
16.82
14.11
15.95
19.99
19.40
9.72
9.01
8.82
9.27
8.13
8.07
10.54
19.45
16.63
16.92
17.55
15.89
18.47
17.90
9.50
8.89
19.40
17.34
17.84
17.77
17.62
19.65
16.99
16.91
10.19
11.74
11.67
9.14
11.71
15.02
12.07
13.93
8.87
18.42
12.35
13.84
10.24
20.14
17.86
12.55
15.98
9.58
10.85
11.90
10.16
10.20
9.68
9.93
11.70
10.44
11.62
14.72
13.84
11.01
15.53
18.32
19.81
21.99
22.05
22.96
21.20
15.60
10.99
11.42
21.45
10.63
22.10
11.95
10.24
10.43
10.97
10.48
12.82
21.21
15.41
11.39
10.00
16.92
22.63
19.85
21.09
12.30
13.89
11.96
14.09
17.11
16.14
14.21
26.23
17.60
13.54
12.08
13.55
20.50
19.21
11.10
20.97
17.75
13.87
10.79
23.94
22.03
12.65
13.86
14.09
20.30
13.23
19.76
33.57
32.44
27.59
26.89
27.73
28.81
15.98
13.77
17.94
29.67
23.01
15.96
22.65
26.16
15.14
16.70
20.94
26.04
24.92
18.81
17.71
32.38
32.90
33.40
25.79
12.37
33.23
32.96
32.44
26.44
30.13
27.92
19.56
14.45
15.29
15.79
12.32
13.27
18.76
12.48
13.01
16.98
20.69
25.26
18.25
13.80
12.36
12.37
12.83
13.07
31.63
35.12
33.84
33.09
26.64
18.36
14.30
12.85
14.66
16.93
16.35
32.12
34.83
34.31
32.77
28.58
16.25
17.60
21.09
17.87
20.65
15.61
19.02
21.58
20.28
17.61
14.79
15.39
17.57
20.56
19.12
17.95
22.26
24.61
25.07
24.50
16.00
23.09
25.67
19.33
29.54
24.30
15.61
14.84
20.30
21.73
26.07
29.15
26.82
27.29
27.18
30.61
28.26
25.57
21.39
16.04
16.91
22.64
18.68
16.32
15.80
14.06
14.48
21.21
17.39
19.23
21.11
28.65
29.07
25.17
27.52
26.90
28.25
25.82
26.73
23.39
26.42
26.49
26.62
26.82
26.44
24.22
25.32
20.96
18.29
21.37
20.23
21.71
24.05
24.51
24.92
26.89
27.65
25.26
26.90
28.97
27.84
26.00
21.82
14.92
15.62
22.78
24.59
15.42
11.86
10.50
11.03
12.51
20.91
21.01
24.19
21.86
20.97
17.60
22.13
21.10
25.07
18.34
19.09
21.13
24.89
24.82
24.69
23.00
20.72
12.58
15.22
13.19
13.04
12.05
19.42
18.57
14.90
22.00
14.08
15.35
18.37
12.95
12.89
10.40
10.76
11.88
12.23
11.33
13.66
20.43
18.88
16.71
12.08
11.95
11.35
15.24
22.61
21.51
22.06
21.84
18.95
19.26
19.67
17.29
16.12
9.52
14.33
19.44
19.02
14.06
13.95
16.63
16.84
15.22
14.27
12.75
15.54
15.18
14.08
11.24
9.30
13.73
17.58
17.91
18.38
17.29
17.47
16.81
15.88
9.52
15.42
18.79
18.92
18.05
19.02
20.01
19.36
16.25
17.30
16.55
16.12
11.02
9.24
11.48
16.28
17.15
11.45
12.80
9.19
8.29
13.56
16.55
17.68
16.67
16.05
14.29
11.52
16.01
17.19
17.07
16.63
16.90
15.94
10.27
10.13
18.88
18.44
17.43
15.54
13.34
8.60
9.22
9.58
11.84
11.88
8.62
10.16
8.89
9.56
10.62
10.88
11.10
10.77
11.89
10.67
9.25
8.48
8.38
11.68
12.42
13.70
10.57
11.06
10.41
9.25
11.13
9.64
11.70
11.32
11.00
13.53
12.25
11.05
14.77
17.34
9.67
11.12
12.03
15.46
12.81
10.79
17.71
11.43
10.36
11.13
14.80
18.44
17.15
14.43
10.38
12.04
13.66
19.44
20.53
18.98
16.64
16.15
11.63
12.19
12.49
10.49
14.32
14.93
18.23
17.78
14.89
12.70
12.63
12.08
12.44
13.19
12.43
14.74
16.34
17.31
12.64
15.43
20.08
16.75
20.04
14.06
19.05
14.68
17.28
24.74
12.87
30.69
31.42
32.59
31.97
31.22
19.40
20.78
25.05
28.84
23.37
31.54
21.90
13.13
14.39
22.65
12.74
16.31
23.24
18.12
18.86
18.01
21.71
18.92
15.23
15.01
12.87
19.46
15.40
27.11
34.70
22.98
17.17
15.10
20.58
13.49
21.30
17.75
19.23
22.61
18.85
16.23
18.59
23.62
28.85
20.63
21.72
20.24
15.16
19.58
15.06
13.42
19.19
13.77
15.91
20.56
26.52
19.17
25.39
25.68
30.92
24.50
25.44
17.07
14.46
13.13
17.06
22.79
13.95
26.05
15.61
14.34
14.64
19.62
17.63
15.71
24.14
24.74
14.00
15.58
12.17
18.73
27.94
26.23
28.49
16.18
12.38
18.63
15.76
15.98
28.59
12.78
16.63
14.05
18.49
20.62
25.41
26.96
21.82
21.21
27.56
30.91
32.95
31.95
23.44
25.08
25.78
25.54
27.53
29.88
24.55
25.42
26.64
21.48
22.34
14.03
17.05
17.19
24.27
24.04
22.62
20.21
19.63
18.58
16.88
23.75
22.24
20.91
24.30
26.72
20.63
28.51
16.14
10.87
14.83
26.48
24.90
25.67
20.02
24.50
15.31
17.24
24.31
25.27
26.53
28.67
16.97
20.37
24.36
23.04
25.30
24.88
25.17
23.79
18.54
13.46
25.54
23.52
21.61
23.54
21.88
22.07
22.18
17.46
13.60
15.47
15.75
22.32
21.96
23.28
22.56
22.59
23.40
22.93
19.33
13.38
16.95
25.76
25.04
21.21
19.12
20.82
14.01
16.50
13.14
10.81
21.04
23.33
21.90
21.14
22.50
25.36
20.38
23.74
23.22
21.95
22.15
18.93
14.41
20.95
16.83
22.96
24.24
23.77
22.95
21.94
20.38
20.17
13.98
24.41
22.60
21.45
21.58
20.65
15.02
17.66
19.68
20.26
17.29
15.83
12.62
9.93
15.82
20.52
20.68
17.49
18.34
20.73
19.05
12.02
10.31
10.76
10.09
12.06
13.15
20.81
14.50
15.16
11.17
12.71
16.67
13.94
16.76
8.21
9.04
9.57
9.84
8.81
9.70
12.65
9.85
11.07
10.23
8.95
11.34
12.25
12.59
12.44
16.92
17.08
10.53
15.25
11.23
9.25
10.85
14.77
13.00
15.65
11.26
11.65
9.64
13.18
11.78
11.29
9.14
11.23
18.09
15.41
11.18
9.50
11.10
9.71
15.97
19.59
15.17
13.33
13.33
13.33
13.33
13.33
13.33
13.33
13.33
13.33
13.33
13.33
13.33
13.33
13.33
13.33
13.33
13.33
13.33
13.33
13.33
13.29
11.96
11.59
12.86
14.29
19.73
21.56
19.97
18.35
13.54
19.28
16.48
12.99
10.70
14.10
17.73
11.97
10.51
10.99
11.39
11.58
10.95
15.55
13.61
10.71
15.71
12.38
14.82
10.85
11.82
15.16
12.71
14.68
20.31
18.57
13.07
17.04
20.10
16.48
13.50
22.99
27.98
29.42
29.66
28.61
27.42
28.79
26.04
27.18
26.39
13.56
13.70
18.11
24.54
20.31
16.93
21.02
17.80
17.14
20.84
23.79
17.75
22.19
11.67
16.67
12.95
13.78
12.88
16.23
16.75
17.22
15.49
12.05
12.56
14.89
32.51
19.87
17.30
26.46
16.23
26.08
19.34
29.34
33.81
23.29
17.68
19.97
17.28
15.22
14.99
17.09
19.12
12.94
19.06
23.55
17.50
24.61
21.60
13.73
18.72
30.53
24.35
13.73
15.37
17.43
19.03
16.83
18.69
16.59
16.83
21.91
30.06
20.87
14.10
17.28
18.04
19.98
18.15
14.97
17.02
13.50
24.83
28.57
25.96
14.65
18.17
27.25
26.75
22.30
23.92
26.46
18.88
18.35
14.88
23.51
18.56
16.23
15.42
21.39
17.27
13.10
13.31
14.08
15.58
15.83
23.48
26.85
27.17
23.45
25.47
19.50
19.31
20.52
19.45
19.60
17.75
22.89
25.83
27.13
29.57
25.48
27.86
27.75
29.85
26.06
22.43
21.97
25.47
29.46
27.72
27.99
31.91
14.59
14.49
21.18
16.04
23.00
20.46
21.04
16.45
15.40
17.96
29.00
29.56
29.25
20.85
22.68
22.56
28.08
28.63
28.32
25.48
14.27
20.55
29.26
30.11
28.71
30.11
27.09
28.72
22.38
28.77
28.99
23.74
12.93
13.65
20.87
16.56
23.25
24.05
23.06
16.45
10.59
19.40
16.10
25.84
25.36
25.24
26.44
21.43
14.83
19.22
19.58
22.39
20.32
18.71
19.45
24.67
19.08
22.09
24.46
26.74
26.66
25.42
22.24
17.55
23.66
29.39
28.91
22.08
16.47
25.55
15.72
10.88
13.16
18.86
21.19
11.68
19.09
18.08
16.95
14.67
19.80
23.99
24.01
26.53
23.79
16.39
11.41
10.51
16.09
18.88
20.72
25.12
24.66
19.83
21.29
20.04
19.91
18.49
16.10
12.54
13.26
20.66
22.14
22.98
24.66
24.47
20.24
20.43
17.11
19.40
16.65
13.57
11.30
10.19
10.92
11.69
13.30
16.36
17.32
17.55
11.12
9.23
9.25
10.22
11.08
11.14
17.41
19.66
19.15
20.39
20.03
19.03
17.59
17.51
8.75
20.85
18.55
9.32
20.07
21.40
20.37
19.53
19.90
19.16
19.26
17.98
17.33
16.09
14.10
12.96
12.11
11.78
11.36
12.76
8.89
8.35
8.64
8.76
10.23
18.27
16.48
17.41
17.36
16.53
16.08
16.56
17.29
18.24
17.68
18.40
18.26
18.75
19.90
17.41
15.74
16.63
20.12
17.56
15.48
10.42
10.77
13.95
15.60
9.93
10.20
13.00
17.67
19.52
18.51
21.28
20.81
16.42
21.17
22.48
22.19
20.70
10.83
12.58
18.32
18.53
19.10
20.18
20.06
20.50
20.87
21.26
12.47
11.72
16.64
12.50
11.96
9.96
12.51
15.10
14.97
11.29
12.50
16.76
12.17
16.83
10.44
12.19
23.76
25.35
24.16
23.13
12.81
16.29
13.61
16.14
15.64
14.62
12.79
11.80
12.41
15.88
11.64
11.68
12.19
15.87
19.60
12.50
12.11
20.73
17.74
14.84
13.59
23.59
17.57
23.86
14.49
20.49
30.21
25.54
28.36
23.44
28.57
21.87
19.15
16.31
17.16
12.36
17.62
18.97
15.25
23.29
29.12
15.47
20.68
15.17
24.60
28.67
29.04
25.31
18.33
16.18
26.19
26.83
25.14
29.42
25.88
24.03
25.24
14.69
13.46
15.45
15.56
14.67
20.76
27.92
25.48
13.78
26.71
31.94
30.94
16.93
13.97
20.15
14.06
22.30
17.67
19.97
18.42
14.65
20.58
20.98
18.95
16.00
13.93
18.39
23.41
23.17
21.08
14.29
21.87
18.46
19.68
16.59
17.95
20.16
16.58
15.73
19.34
26.47
17.04
31.84
30.21
16.41
13.59
17.40
23.89
28.91
27.12
27.32
33.20
31.59
28.81
17.14
14.15
20.50
16.92
19.18
15.69
17.04
17.10
15.73
18.10
20.83
19.58
22.54
23.65
25.38
23.79
24.98
22.86
22.82
25.75
22.17
21.15
24.88
24.12
22.59
25.29
25.49
24.40
23.86
18.96
24.09
26.89
26.29
25.03
23.69
26.99
30.94
31.23
14.23
12.35
23.42
27.31
29.22
27.56
26.66
29.67
28.10
22.42
24.65
25.00
27.11
26.17
21.63
25.57
25.26
22.09
19.49
20.77
15.39
15.14
18.05
22.58
26.49
19.90
18.17
14.55
15.08
21.16
25.98
24.76
24.47
27.23
24.92
26.60
26.02
24.16
23.88
25.42
22.77
24.66
21.04
20.78
17.83
24.74
26.34
25.20
22.01
20.87
22.86
23.16
24.19
18.86
14.70
18.34
22.32
22.46
15.46
14.03
13.81
14.84
16.77
13.03
20.60
20.62
22.95
20.52
21.72
19.24
16.00
15.49
20.66
24.21
25.72
24.34
25.59
23.11
24.22
20.97
24.50
23.28
23.73
22.76
24.70
23.86
23.67
22.95
23.31
20.89
17.52
16.54
16.05
18.87
19.89
14.76
19.39
19.04
19.51
19.01
15.92
17.10
10.12
18.29
19.50
11.22
11.27
9.87
10.06
14.58
11.36
9.86
9.99
9.77
12.17
12.62
13.96
10.38
17.70
18.04
17.72
16.49
17.03
16.33
16.11
14.47
13.42
14.47
15.44
14.40
9.97
10.01
14.91
11.20
14.01
15.81
17.95
12.07
15.95
11.27
13.82
10.20
13.67
17.92
17.53
10.92
17.62
18.37
16.89
10.13
17.67
17.23
19.29
14.05
17.44
14.67
14.62
10.13
9.53
16.64
16.43
14.09
17.68
17.18
17.12
17.22
10.10
14.02
10.37
18.70
17.35
11.04
11.74
9.52
9.45
11.72
15.85
16.91
17.35
17.36
18.17
18.07
18.77
20.32
20.02
19.37
11.29
12.01
11.47
12.40
18.26
12.20
11.65
11.24
13.42
13.87
11.07
16.61
21.68
14.90
22.28
20.34
17.74
14.74
24.04
23.25
14.50
10.38
21.02
19.81
11.78
15.29
17.35
11.13
13.33
14.78
17.67
17.21
19.68
15.05
14.64
13.99
12.98
11.15
12.35
12.25
12.46
12.96
9.90
24.16
9.03
9.45
15.35
20.15
12.39
11.05
15.20
22.92
16.54
25.15
21.45
23.25
15.40
9.89
14.64
17.41
10.95
14.61
23.34
20.85
15.69
19.10
26.72
19.26
20.47
24.79
28.18
25.80
12.23
12.46
10.06
12.36
11.55
21.76
27.18
33.45
27.34
30.67
21.34
14.00
14.00
11.46
13.02
22.46
14.51
19.16
16.32
17.38
16.35
10.77
26.42
29.61
14.21
15.33
23.56
11.98
13.49
14.48
24.71
16.21
14.36
13.72
16.88
34.37
29.84
21.85
21.71
13.92
19.86
13.62
7.65
10.82
10.75
18.56
10.74
13.77
16.43
11.18
16.54
14.26
22.05
10.12
13.85
19.70
19.60
15.56
16.32
12.09
17.26
21.21
19.12
17.48
19.95
14.77
15.81
17.95
22.84
25.54
26.17
28.24
19.94
17.38
23.96
23.81
21.15
17.59
17.58
20.24
22.70
25.48
21.87
27.87
25.73
20.42
11.25
11.47
12.92
12.44
13.88
12.41
12.49
16.89
22.65
17.19
24.84
29.85
28.98
24.26
24.60
23.92
22.36
28.27
12.20
11.90
11.71
18.73
19.38
17.88
19.60
24.74
27.25
26.04
23.72
26.90
28.34
29.84
29.04
29.33
28.57
28.11
27.46
13.12
11.43
12.52
16.82
19.26
18.56
17.00
17.08
16.80
17.13
13.32
22.22
25.48
25.43
23.03
23.93
21.39
28.10
27.10
23.10
12.01
11.35
11.67
12.21
13.24
14.87
21.56
18.62
21.60
13.33
27.04
26.45
25.79
25.22
25.13
24.01
11.22
17.21
24.24
19.87
25.49
23.99
19.16
9.66
10.33
14.77
19.17
18.40
16.81
11.93
20.82
20.03
9.27
12.03
12.50
12.67
14.72
17.99
17.03
14.90
11.69
12.42
9.40
10.43
19.42
24.47
23.37
21.84
22.17
23.79
23.83
23.58
21.62
11.83
18.09
20.18
20.68
21.04
17.92
18.20
16.46
11.03
12.13
9.36
8.41
8.93
16.73
11.34
13.15
15.39
15.54
12.88
11.59
10.42
9.98
8.54
9.65
8.33
13.70
14.44
9.15
14.34
14.43
12.86
11.89
10.21
11.56
14.04
16.01
9.33
19.09
17.87
15.44
8.77
10.21
13.50
14.29
8.07
10.39
7.89
10.23
10.98
14.61
7.52
10.91
9.80
10.08
9.70
8.77
9.28
12.52
18.19
17.32
15.50
11.49
10.39
8.59
7.40
8.35
9.75
9.15
9.48
11.41
12.06
9.84
10.70
15.82
14.14
14.13
14.29
7.85
11.98
11.95
10.61
13.09
8.67
8.86
9.67
11.51
11.89
9.18
13.11
10.20
18.04
12.25
9.40
9.19
8.49
10.66
15.27
21.59
15.09
9.07
8.56
10.37
12.39
10.32
9.44
11.11
12.07
11.12
12.10
22.55
23.42
23.60
23.01
17.80
18.54
14.60
13.10
11.34
11.15
20.11
14.86
22.61
10.25
20.69
12.03
9.79
10.76
13.40
22.02
11.22
15.25
23.38
25.88
26.42
25.87
25.51
22.83
18.29
22.18
19.51
12.52
14.52
11.29
14.25
10.69
10.13
13.30
13.19
11.78
15.82
13.18
26.36
10.20
11.27
17.17
10.95
12.15
26.64
27.90
31.08
31.14
13.22
13.16
23.27
27.77
20.38
11.79
13.04
21.10
27.27
21.27
16.06
14.77
12.72
13.46
21.04
13.43
17.42
13.69
14.26
16.24
19.24
28.27
18.29
15.14
19.88
15.74
18.45
17.58
19.56
19.91
30.66
29.45
13.11
18.82
22.81
27.91
24.92
16.28
22.46
22.69
13.89
16.92
13.97
27.75
31.48
30.90
29.08
21.97
18.30
20.36
18.97
12.55
12.20
10.79
15.35
23.16
19.75
16.29
25.59
17.64
20.83
14.96
21.30
22.57
26.75
22.65
18.49
14.84
13.83
27.07
31.32
20.31
28.36
18.79
19.08
15.01
13.07
11.49
16.06
11.70
12.86
12.69
26.53
29.41
27.42
29.04
28.39
27.76
27.91
23.22
20.42
21.21
19.58
17.78
22.78
24.03
21.61
26.81
27.18
24.64
27.60
22.82
9.93
12.53
13.31
14.70
16.65
21.67
21.42
21.48
15.58
10.65
23.67
24.50
28.23
28.95
29.49
28.65
28.16
21.45
27.66
28.60
22.00
26.28
28.58
17.75
16.56
22.41
23.62
24.68
25.96
25.19
25.42
19.08
22.16
15.62
19.90
20.58
17.66
20.71
23.64
18.25
17.90
21.78
23.05
23.73
26.28
25.73
21.78
23.33
20.99
18.37
20.05
26.23
28.75
20.19
15.50
10.68
13.69
19.92
18.31
23.37
17.57
24.16
22.06
19.47
12.00
15.01
22.85
13.27
9.88
16.34
11.83
13.43
25.44
24.74
23.74
21.26
22.88
23.14
23.64
23.43
18.87
8.63
9.46
13.51
18.06
16.10
15.33
18.09
13.90
10.67
11.46
10.30
9.67
10.60
10.95
10.16
14.67
16.75
16.37
12.83
14.28
9.89
10.06
10.98
11.47
8.38
14.35
10.90
11.37
15.31
17.77
18.14
10.23
10.47
11.77
9.34
11.69
11.28
19.55
17.18
12.79
15.48
8.46
8.68
11.53
19.16
9.95
13.79
15.00
9.71
13.61
16.61
15.96
14.17
8.63
8.61
11.06
8.86
9.91
9.16
8.34
13.38
18.89
12.37
11.39
10.71
11.91
15.40
13.23
10.54
15.03
14.96
13.44
15.42
16.51
11.85
14.23
10.01
9.14
9.74
17.65
18.12
13.34
14.44
14.55
12.98
11.16
15.57
13.27
10.46
12.42
8.48
15.86
16.42
16.80
16.06
9.29
15.20
13.18
18.13
13.63
12.08
10.59
15.54
10.81
17.72
8.65
7.67
12.28
8.63
9.15
10.37
10.06
7.91
10.09
9.46
12.89
21.18
12.67
19.98
14.55
22.30
20.97
18.67
11.35
7.15
11.24
10.13
10.92
15.48
20.80
15.47
20.14
15.50
8.26
13.85
18.28
23.46
24.65
25.88
25.40
23.76
23.14
23.07
22.32
23.21
11.74
20.64
14.37
9.27
8.60
9.43
26.42
13.26
10.41
17.67
28.93
19.43
20.44
12.48
13.21
11.50
12.09
18.64
8.76
14.51
9.69
14.34
11.17
11.25
9.92
12.17
12.27
13.88
10.24
14.81
8.45
20.50
17.26
8.91
18.29
31.31
13.80
23.54
16.39
10.09
32.36
33.57
24.15
40.31
24.78
12.29
21.36
23.80
16.14
14.64
22.43
12.02
19.55
31.49
16.69
14.86
13.20
21.59
10.29
18.28
10.80
21.14
32.13
29.84
14.19
11.24
10.40
33.91
34.72
29.29
22.95
20.76
16.65
13.17
21.26
25.09
24.28
15.19
31.49
29.24
17.86
10.42
26.24
33.78
11.05
19.89
31.02
26.44
1.99
23.86
22.01
14.98
15.21
11.09
10.92
16.60
32.93
32.45
35.41
23.58
21.34
12.28
11.82
7.94
15.41
22.52
24.98
19.35
18.13
27.88
25.76
26.69
21.16
12.97
14.98
10.52
10.16
10.80
13.09
12.25
14.54
13.79
13.87
23.32
20.41
19.31
12.02
12.80
22.09
20.70
30.54
17.34
22.66
21.46
24.50
22.72
22.28
19.41
17.43
24.71
27.45
30.03
30.45
30.54
31.44
30.16
30.34
19.83
19.79
24.43
29.63
31.56
31.43
26.62
6.44
26.55
28.18
30.26
29.85
29.14
10.30
12.97
11.05
18.92
23.95
26.87
27.67
28.14
26.17
21.22
22.84
15.89
19.39
25.99
21.02
24.73
26.61
27.81
19.08
19.96
26.81
25.98
26.17
14.94
14.58
17.52
25.33
23.58
23.87
27.30
25.74
29.14
24.23
23.29
25.25
15.36
16.58
19.29
25.62
15.68
15.77
19.22
16.51
20.09
15.25
11.61
0.47
27.27
25.59
28.60
27.11
23.94
24.47
24.16
24.01
21.94
16.97
20.82
23.66
23.53
24.03
16.06
19.45
22.54
19.65
20.19
9.93
14.20
19.34
16.82
24.21
14.92
17.26
22.21
24.18
13.95
8.49
1.85
9.34
11.17
13.15
10.45
7.82
17.88
21.75
20.50
18.93
22.16
18.47
22.28
21.72
20.90
22.63
24.15
23.24
21.89
21.55
15.50
11.58
12.42
10.11
9.61
14.76
17.35
13.95
11.32
2.19
11.37
10.56
13.45
12.34
7.78
7.52
8.27
3.88
9.45
12.18
9.76
8.04
8.83
16.17
11.41
11.53
7.90
4.76
3.42
11.42
8.89
16.19
15.48
15.10
15.36
16.60
2.39
10.87
16.28
10.22
3.35
3.20
5.68
12.92
15.53
1.94
13.79
19.02
4.06
12.16
1.06
19.45
19.38
16.08
10.07
10.06
9.61
11.04
20.17
16.64
17.85
14.48
9.24
7.74
10.06
9.64
23.12
25.09
25.41
22.89
25.20
13.11
20.67
22.84
22.03
15.99
15.99
15.99
14.66
12.98
13.39
14.32
16.66
10.63
17.24
1.46
10.11
11.67
10.92
19.68
10.31
18.26
18.03
28.81
26.25
24.25
22.33
10.70
12.45
12.88
29.03
28.08
28.61
18.06
18.89
27.17
23.01
20.83
18.69
14.26
11.75
20.38
11.74
11.91
15.96
26.91
18.26
27.01
24.31
22.23
17.81
17.00
12.96
11.67
13.55
36.83
37.06
34.16
26.44
22.57
25.41
13.16
26.38
14.60
22.40
14.84
14.35
32.86
38.10
38.12
21.87
16.98
17.18
32.75
36.42
25.75
32.52
34.99
34.70
27.91
29.64
28.81
24.85
13.52
29.01
42.27
27.70
36.64
32.15
18.60
22.83
17.15
16.63
16.22
36.41
31.68
11.09
22.11
2.68
29.22
32.19
31.80
34.05
30.94
29.30
23.30
26.63
18.47
19.66
16.90
19.98
20.48
27.63
15.39
14.41
21.81
24.46
24.46
24.46
23.35
24.46
21.85
25.55
33.76
30.85
23.82
25.66
27.00
27.99
29.50
24.31
22.84
34.90
27.87
19.29
26.36
20.90
16.91
8.66
9.55
9.32
13.61
19.40
12.55
7.70
11.38
18.04
12.54
8.21
35.19
17.33
11.06
9.19
35.60
37.16
35.29
18.74
20.76
12.70
10.38
17.65
15.58
24.97
32.68
31.36
36.14
31.13
27.01
26.17
19.08
21.82
20.69
25.79
27.67
27.67
25.76
27.58
36.69
37.10
6.63
24.14
25.44
26.55
32.52
27.83
21.05
22.36
29.31
32.16
33.33
27.84
25.12
28.92
31.64
28.65
26.57
32.97
33.36
28.92
26.39
29.74
23.63
23.62
26.79
21.91
32.19
34.20
31.24
31.91
36.15
33.59
31.81
29.45
19.28
14.32
32.03
23.30
21.50
24.66
23.58
18.01
26.32
21.95
12.19
5.72
9.84
16.04
14.15
12.67
13.79
12.99
15.12
21.87
27.11
20.43
23.86
22.89
18.56
6.95
11.94
25.05
13.42
16.69
23.05
24.04
24.66
12.42
17.02
27.45
24.77
27.01
27.91
24.34
11.56
12.43
29.50
27.36
29.09
24.02
23.87
32.72
30.60
27.45
28.72
30.14
30.89
29.27
26.99
25.31
20.75
4.44
11.11
16.14
17.57
7.25
6.22
9.65
6.80
15.77
11.09
4.62
1.53
1.90
2.25
8.15
7.43
3.64
12.40
9.02
4.05
9.15
3.00
3.76
1.56
3.00
5.05
6.59
9.13
8.48
1.68
1.48
0.00
4.76
3.08
1.05
5.52
1.83
0.94
3.43
4.06
4.36
7.31
2.14
1.11
8.97
5.20
1.51
8.72
4.95
2.48
3.75
7.63
3.08
3.78
5.15
5.17
2.69
5.77
1.40
2.01
2.03
2.93
6.82
19.54
4.62
5.59
11.70
8.37
18.24
17.32
14.66
5.10
6.01
14.10
4.94
5.11
5.73
7.37
5.79
5.52
5.22
6.49
4.58
