19790101
7.75
8.75
4.25
8.25
10.00
10.25
13.50
15.25
15.00
16.00
9.00
4.50
8.50
4.25
4.50
6.50
10.75
4.50
5.25
5.00
4.50
4.50
4.00
4.50
13.00
14.25
14.00
12.00
4.50
4.75
7.75
18.00
16.25
5.00
5.00
4.50
16.75
4.50
6.25
7.00
4.75
4.75
4.25
4.75
7.75
13.75
20.00
21.00
17.50
5.75
16.00
12.25
19.00
8.00
15.25
6.50
20.50
9.25
17.50
12.75
6.00
7.75
20.00
6.50
6.75
7.00
6.25
7.75
19.00
7.25
6.75
6.50
7.00
7.00
6.25
6.75
6.50
6.50
6.75
23.00
7.00
10.00
16.75
7.00
6.75
5.50
7.00
9.00
17.75
19.25
10.00
8.00
7.75
11.50
8.00
8.25
6.75
26.75
8.00
8.25
24.75
16.50
19.25
18.25
8.00
14.75
15.00
12.25
20.75
30.25
29.75
30.00
29.00
23.50
19.25
30.75
29.50
19.50
22.25
26.00
6.75
14.50
8.75
16.00
18.00
16.50
13.75
25.25
14.00
15.25
12.50
21.00
8.25
8.25
9.00
16.75
18.75
28.50
32.25
31.00
32.00
24.75
15.50
15.00
8.75
8.75
7.50
7.50
9.00
28.50
31.50
32.00
21.25
22.50
25.25
9.00
8.75
15.00
29.25
32.50
9.25
8.00
7.25
25.75
32.75
31.00
29.25
10.00
19.50
24.75
13.75
8.00
20.25
28.50
20.75
24.25
21.25
14.75
13.25
13.75
15.50
23.50
30.75
32.25
30.75
32.50
30.50
32.00
32.25
31.00
30.25
24.50
30.75
32.00
32.00
32.00
32.25
33.00
29.75
26.00
21.25
30.25
32.00
31.50
28.00
24.75
19.50
30.50
28.25
10.00
18.00
28.25
30.75
17.75
20.75
30.25
31.25
30.25
30.75
30.50
30.25
21.75
20.75
17.50
26.00
26.50
29.00
28.50
27.75
26.25
19.00
14.00
7.75
11.75
23.50
20.50
21.75
23.75
24.50
23.25
17.50
23.25
23.00
20.00
9.00
20.75
9.75
19.00
19.25
20.00
16.50
13.00
9.50
10.25
20.50
23.00
25.50
23.25
25.00
23.50
12.00
23.25
25.25
25.25
25.25
24.50
8.50
5.75
6.75
24.75
24.50
23.50
24.25
24.75
22.75
24.00
22.00
24.00
24.00
23.75
23.50
23.25
23.00
23.00
23.00
22.75
22.25
21.75
22.00
21.75
21.50
21.50
21.00
21.50
21.75
20.75
20.75
20.25
12.00
20.50
17.25
20.00
19.50
20.00
19.75
12.00
18.00
15.50
15.00
18.75
17.75
17.50
16.50
17.75
14.75
4.50
18.50
18.25
17.75
16.50
5.00
14.25
17.75
8.50
4.75
4.75
16.75
7.50
17.00
7.50
4.25
15.75
17.25
15.50
11.25
16.25
13.75
11.50
13.25
11.25
13.25
15.00
14.25
9.00
6.75
7.50
14.75
15.50
15.50
16.00
14.75
10.25
14.25
15.50
15.00
8.00
4.75
12.75
15.00
13.75
13.25
14.25
14.00
15.25
15.25
15.00
12.25
11.75
4.25
3.75
3.75
15.75
12.50
17.25
15.75
13.00
4.50
4.00
12.50
17.25
5.25
5.25
15.50
4.75
12.25
4.00
15.50
10.50
14.00
14.75
13.75
13.75
4.50
4.50
5.25
19.25
5.25
5.25
4.75
5.00
4.00
5.25
5.00
5.25
12.75
5.50
11.75
5.00
4.50
3.25
17.25
15.25
18.00
13.50
10.00
5.50
13.00
6.00
5.00
8.50
6.25
5.50
15.00
20.00
6.75
8.25
9.00
8.75
6.50
8.25
5.25
6.50
6.75
16.25
6.50
7.75
6.50
9.00
7.00
7.75
6.50
20.50
10.50
7.50
15.25
20.50
18.75
17.75
7.75
7.75
7.00
7.75
14.00
21.25
10.50
7.00
11.00
26.50
6.75
23.50
28.25
7.25
10.25
6.75
8.25
7.25
17.50
11.00
7.50
8.25
27.50
29.50
30.50
30.25
9.75
7.50
9.50
16.00
8.00
7.50
7.50
7.75
18.25
7.75
8.00
12.50
7.75
8.00
19.50
15.50
21.75
8.50
8.75
8.25
30.00
9.75
11.00
24.25
28.50
30.00
12.00
8.25
30.25
29.50
26.00
7.25
19.75
27.75
23.25
17.50
22.25
13.25
32.50
32.00
27.00
21.75
24.25
10.00
14.50
8.25
14.50
14.25
15.00
8.50
10.00
19.25
28.50
30.25
31.75
23.00
22.00
30.75
30.00
31.50
30.50
32.75
31.50
20.50
29.75
31.75
32.75
32.50
32.75
26.00
9.75
26.25
32.00
31.50
32.25
26.75
32.00
29.00
17.50
18.50
30.25
29.00
31.50
25.25
10.50
8.00
15.50
30.25
32.00
31.75
20.50
32.50
31.75
31.75
31.00
31.00
31.00
32.00
32.00
31.00
15.50
14.75
20.50
24.75
30.50
31.75
29.25
9.75
15.50
9.25
12.50
14.75
30.50
28.50
19.75
28.25
23.00
10.75
15.75
26.50
28.50
28.00
28.50
27.25
29.75
28.75
29.25
29.25
26.75
28.75
27.75
22.50
6.00
16.75
11.50
18.75
20.50
23.50
26.50
27.00
24.50
20.50
22.25
20.25
17.50
26.75
26.50
26.50
26.75
26.50
19.50
24.50
25.50
7.00
6.75
9.25
13.25
10.50
6.50
7.25
15.50
23.50
24.00
23.75
22.75
24.00
23.50
23.75
23.50
23.00
23.00
22.50
22.50
22.25
22.25
20.75
15.25
14.25
21.75
21.50
21.25
4.75
5.50
13.25
20.25
19.00
5.75
4.75
5.50
20.75
20.50
19.25
19.25
15.75
12.50
19.25
19.00
19.00
19.00
18.75
18.75
18.25
18.00
18.00
18.00
18.00
17.75
16.25
15.00
17.00
17.00
16.50
15.50
15.50
4.50
4.00
12.25
12.00
12.25
15.00
13.75
14.75
7.25
7.50
13.25
9.00
13.75
14.00
12.75
14.00
11.50
3.00
4.50
11.50
15.75
16.25
9.50
17.25
16.00
4.50
6.50
2.75
4.50
3.50
6.50
13.75
16.00
5.00
14.75
16.25
4.50
11.50
4.50
14.25
16.25
15.25
4.50
14.75
15.75
17.00
13.75
5.50
3.75
4.00
3.50
3.50
5.25
15.25
17.00
17.25
17.50
17.50
17.00
17.50
17.50
17.00
17.00
11.25
8.00
13.75
9.25
4.50
4.25
4.75
5.25
4.75
4.50
4.50
4.75
6.50
5.00
6.50
4.50
4.25
17.50
4.50
18.75
8.50
17.75
13.75
18.00
18.50
14.75
6.25
5.50
5.25
5.50
5.00
9.75
6.25
8.75
7.50
6.25
7.00
6.00
5.50
6.25
6.50
7.00
6.50
22.50
6.50
20.00
6.50
17.50
6.50
6.50
18.50
22.50
14.25
6.25
6.75
6.50
10.75
8.75
17.25
24.00
7.25
8.00
8.50
14.00
26.25
10.75
15.75
8.25
10.00
22.50
22.00
17.00
11.25
17.50
11.00
7.50
6.75
5.50
12.00
8.25
9.50
17.50
26.50
8.00
11.50
24.75
26.00
16.00
7.75
8.50
8.00
17.50
8.75
22.00
10.00
8.50
9.25
21.25
9.00
20.00
25.75
27.25
8.25
29.00
21.25
29.50
32.00
31.75
27.00
16.75
11.00
8.25
23.25
9.75
8.25
30.75
32.50
26.50
20.00
8.75
8.25
10.25
26.75
30.50
12.75
7.75
9.50
18.25
10.75
8.50
11.75
8.25
8.25
17.50
8.25
8.25
8.50
19.25
32.50
31.75
30.75
17.00
8.25
9.25
20.75
11.50
26.50
31.75
29.00
29.00
30.75
31.25
23.00
30.25
27.25
20.50
19.75
31.00
27.00
12.00
12.00
12.25
28.50
32.00
32.75
33.00
29.00
23.50
25.25
29.25
32.00
26.25
28.50
26.50
29.75
32.00
28.50
31.00
30.25
32.50
10.00
23.00
19.25
28.00
13.50
11.00
11.25
14.50
27.25
27.75
21.50
12.75
28.50
24.00
26.50
29.00
26.25
28.75
28.50
30.25
30.25
26.00
30.25
29.75
26.25
24.50
28.75
25.00
29.25
29.50
27.25
25.50
28.50
29.00
29.50
27.00
27.50
22.25
21.00
23.25
22.00
28.00
23.50
22.50
17.00
25.00
25.75
15.25
25.75
16.25
19.00
22.50
11.25
22.25
13.75
11.50
7.50
6.50
6.50
14.50
16.25
20.25
25.25
6.75
7.00
9.25
9.25
7.00
22.75
23.00
24.75
23.75
23.75
14.75
20.75
11.25
22.00
15.50
17.75
8.25
9.75
7.50
13.75
11.25
17.25
21.00
18.75
20.75
19.00
7.75
6.25
6.25
14.00
14.25
5.00
13.00
21.00
21.00
19.75
19.75
15.50
18.25
18.00
8.00
15.50
5.25
4.75
5.00
7.25
5.25
4.75
5.25
6.00
18.50
18.00
6.75
15.50
17.00
4.75
4.50
9.25
15.50
16.75
11.50
13.75
15.50
4.50
4.00
2.75
4.75
4.75
13.50
13.50
9.75
16.25
17.00
16.50
15.75
16.00
15.50
15.50
16.25
15.75
15.50
15.25
16.00
4.25
14.75
15.50
14.50
4.25
4.50
16.00
16.75
16.50
9.75
16.25
16.00
15.50
15.50
15.50
15.25
12.00
4.50
8.50
11.00
7.25
12.00
4.00
7.25
6.00
15.50
14.50
16.75
17.00
16.50
4.00
4.50
4.50
13.75
13.25
17.75
17.75
18.25
12.50
12.50
10.25
7.25
15.25
12.25
4.25
4.25
4.50
4.75
7.25
11.50
15.50
5.00
4.00
10.25
5.25
5.00
4.75
5.00
4.75
5.00
5.00
4.50
5.25
5.25
5.25
4.50
17.25
5.50
10.75
11.00
20.50
5.75
5.50
5.75
6.00
5.75
6.25
4.75
11.50
10.00
7.25
10.00
10.50
6.25
6.50
6.75
6.50
8.25
6.25
8.50
5.50
8.75
8.25
10.25
11.25
15.00
12.75
12.50
11.50
15.75
20.50
7.75
7.75
6.75
7.75
7.25
7.25
20.50
20.00
20.50
14.75
7.50
7.50
8.25
8.50
27.25
8.00
21.25
29.25
27.00
18.75
7.50
28.00
29.75
22.00
10.25
14.00
10.00
9.00
7.25
8.25
17.00
9.75
14.50
22.25
28.50
19.75
8.25
10.25
20.00
16.50
28.00
24.00
9.00
8.50
6.75
25.50
28.50
9.25
8.25
9.75
8.75
8.25
8.25
12.75
20.00
25.50
21.75
25.25
30.50
32.00
32.25
28.50
26.75
13.00
8.50
7.00
14.75
24.00
28.75
18.50
8.00
31.25
31.50
17.50
8.25
8.25
9.00
10.75
14.25
11.75
15.50
8.25
7.50
8.00
8.25
7.75
8.00
10.25
16.75
27.75
8.75
8.50
12.25
30.50
31.75
28.50
24.75
19.75
13.50
9.25
8.75
8.00
7.75
16.50
14.50
9.50
27.00
27.00
30.25
29.25
32.00
26.00
21.50
31.75
32.00
22.25
21.25
24.00
32.00
32.00
32.00
29.50
31.25
24.00
25.00
29.50
31.25
15.00
7.25
15.50
24.75
14.00
19.25
28.50
28.50
25.00
23.50
30.25
31.75
31.25
24.00
29.50
28.50
29.25
15.75
13.75
9.75
11.75
12.50
27.50
29.25
29.75
27.00
26.50
25.00
26.50
25.25
21.50
21.25
25.00
24.25
21.50
26.50
28.00
25.75
26.75
25.00
26.75
23.25
19.50
10.25
6.50
7.00
6.50
3.25
13.00
9.00
18.75
21.25
23.00
16.25
8.75
9.75
18.25
23.75
23.00
22.25
19.50
22.00
22.75
15.50
22.50
23.25
21.25
20.75
18.25
13.50
23.00
22.00
23.00
23.00
21.00
22.75
22.50
22.00
21.00
20.50
17.00
17.50
16.50
21.25
5.00
20.50
6.25
4.75
4.75
4.75
5.00
5.50
7.25
10.00
8.25
4.75
5.25
17.50
12.00
10.50
13.25
5.00
7.25
4.75
19.00
18.00
15.75
11.25
7.50
4.50
4.75
10.25
4.25
9.25
12.75
13.50
4.25
4.75
4.50
5.00
4.50
5.00
2.75
4.25
14.75
12.75
7.00
12.50
6.75
3.75
4.50
4.50
3.50
4.50
5.25
4.00
13.00
14.25
14.00
15.50
15.25
16.00
15.50
15.50
14.00
15.50
15.75
16.00
4.00
4.00
16.25
16.25
16.00
15.25
16.00
7.00
10.75
3.75
12.25
4.00
4.25
4.00
3.25
4.25
4.25
4.50
4.50
3.50
4.00
5.25
11.25
11.75
4.50
3.50
4.75
17.50
4.75
13.50
15.00
18.00
18.25
18.00
18.25
13.75
13.25
15.50
6.75
5.00
5.50
14.50
9.00
5.00
12.50
9.50
16.25
14.75
5.00
10.50
15.25
19.25
5.75
5.00
5.50
19.00
19.50
7.50
6.00
6.00
5.75
5.50
6.00
6.00
6.00
5.50
5.50
6.00
18.25
7.00
6.50
24.75
24.50
6.50
10.00
6.50
7.25
6.25
6.50
22.25
6.75
6.75
10.75
7.00
24.25
6.50
6.25
12.25
10.25
12.25
7.50
6.25
16.00
7.00
6.75
7.25
7.25
8.25
26.00
14.50
26.25
8.25
11.75
9.75
21.50
9.50
12.75
19.25
15.50
26.50
15.75
10.00
6.75
7.50
7.50
7.25
10.00
11.75
9.75
11.75
7.25
17.75
22.25
29.50
29.50
23.25
8.25
8.00
9.25
7.75
21.50
18.00
13.25
20.75
29.25
27.00
10.00
11.00
13.75
23.75
30.00
24.75
8.75
12.75
26.75
28.00
15.25
16.75
24.25
29.00
29.50
12.00
20.50
14.00
23.75
17.00
18.25
11.00
27.25
18.25
9.25
26.25
19.00
29.75
32.50
32.50
31.00
27.75
21.25
30.50
23.00
9.25
15.50
10.75
7.00
9.00
14.75
16.75
19.50
15.25
31.25
31.50
32.50
32.75
32.00
28.25
25.00
30.50
24.00
23.50
15.50
21.25
30.25
28.25
32.25
10.00
19.50
26.50
15.50
23.25
18.00
20.75
29.50
25.25
27.00
24.00
28.50
32.00
32.25
32.25
31.25
30.75
32.00
26.50
14.50
26.00
30.75
32.75
33.25
30.75
32.50
32.00
33.25
31.50
32.00
29.75
26.50
28.75
25.50
29.50
30.25
31.50
27.75
18.50
22.75
27.50
26.50
25.75
28.50
19.25
15.75
19.25
25.00
7.50
9.00
23.00
27.75
29.50
28.50
28.75
25.25
23.00
26.50
7.25
24.25
27.75
24.25
27.00
26.50
23.00
17.25
17.00
15.50
23.75
28.00
26.50
27.00
23.00
10.50
10.00
18.75
24.25
24.00
24.75
24.75
10.00
23.75
22.75
23.75
10.00
6.00
13.00
11.00
22.50
19.75
23.25
26.00
19.25
7.75
22.00
22.75
24.25
9.25
9.25
6.00
18.75
12.00
21.75
22.00
23.00
16.25
13.75
13.75
5.75
8.75
18.50
5.75
5.00
11.00
14.00
16.50
19.75
19.25
20.25
19.25
15.75
18.00
17.75
17.00
18.75
12.75
5.00
5.00
4.75
15.75
8.00
17.00
17.75
18.00
18.50
17.50
17.50
18.00
15.75
15.50
16.75
17.50
17.75
18.25
17.50
17.50
16.25
17.25
17.25
17.25
17.25
16.75
17.00
16.50
16.00
16.50
16.25
15.00
15.25
14.75
14.75
12.00
12.00
3.50
4.00
3.75
4.25
3.00
3.75
3.75
4.50
13.50
13.75
5.00
4.50
4.50
3.75
3.50
2.75
6.75
15.50
3.50
17.00
13.50
15.00
17.25
18.00
17.50
17.75
15.50
17.50
17.00
8.50
4.25
5.50
4.50
4.25
4.50
4.50
6.25
4.75
4.75
4.50
4.50
4.50
4.25
4.25
4.25
4.50
4.75
4.50
4.50
4.50
4.75
4.75
20.50
20.75
5.00
4.75
4.75
4.75
5.75
5.75
11.75
5.25
5.50
10.75
5.50
5.25
12.25
9.25
6.75
5.25
5.75
5.75
6.25
4.50
17.75
10.75
25.25
16.25
14.00
8.25
7.25
7.25
6.00
7.75
8.25
6.50
6.75
11.00
15.25
15.00
7.75
6.50
10.75
15.00
7.00
7.00
6.75
6.75
10.25
6.50
8.75
8.50
10.25
8.00
19.25
19.75
7.50
11.00
7.00
10.75
7.75
6.50
7.75
7.00
7.50
8.75
13.00
8.00
24.75
7.50
11.75
25.75
8.25
11.00
13.75
9.25
11.25
8.25
30.25
11.25
25.00
10.50
8.50
9.00
7.50
7.75
10.00
9.25
10.00
8.25
8.25
18.75
29.50
33.50
32.00
32.00
28.25
27.50
12.00
13.50
13.00
10.25
8.50
8.00
7.25
8.50
19.00
31.00
29.00
25.50
13.25
7.00
7.75
26.75
22.75
26.25
7.50
5.50
8.75
16.75
33.25
18.75
29.75
29.75
31.25
33.50
14.50
14.25
19.50
23.00
12.00
11.50
19.75
14.25
23.75
23.50
23.00
28.25
25.25
26.50
26.00
22.00
25.75
29.50
31.25
28.50
24.75
24.75
25.50
18.75
19.75
21.25
32.50
32.75
29.25
28.00
29.25
31.25
34.00
32.25
32.25
32.75
26.75
22.50
22.75
15.00
10.00
24.50
26.00
23.25
29.75
28.75
32.50
32.25
32.00
30.25
29.50
20.75
27.25
30.00
22.50
26.50
31.25
30.00
31.00
12.75
27.50
27.00
24.75
28.50
30.00
30.25
22.75
23.50
12.00
26.25
28.75
23.00
23.00
10.75
26.00
24.25
24.00
22.00
23.75
25.75
23.25
8.50
5.50
9.25
6.75
26.50
19.00
23.00
26.25
26.25
26.50
22.75
27.00
20.75
10.50
10.25
11.75
14.25
6.25
7.25
6.50
8.75
9.50
22.25
25.50
24.25
24.75
19.50
19.25
19.25
23.00
21.25
21.00
24.75
24.75
24.25
6.50
5.75
5.75
5.25
6.25
9.50
8.00
15.50
10.00
5.75
11.50
17.50
6.50
7.25
5.00
19.50
21.75
22.50
22.00
22.25
21.00
22.50
15.50
12.75
20.50
21.25
20.75
21.50
19.50
19.25
19.00
18.25
18.25
19.75
19.00
18.50
19.25
18.50
18.00
8.25
5.00
4.75
11.50
12.50
13.00
14.00
4.75
5.00
15.00
15.50
16.25
9.00
16.25
15.00
15.50
9.50
6.50
11.75
15.25
16.25
16.25
14.25
9.25
5.75
14.25
15.25
15.25
9.00
8.00
8.00
15.50
12.00
9.50
4.50
4.00
4.25
3.50
4.50
4.00
4.25
15.50
16.25
16.00
4.75
16.00
4.00
16.25
12.25
5.00
3.75
8.75
4.00
4.50
4.50
4.00
4.25
4.50
4.25
4.50
6.25
4.50
17.00
17.25
10.00
4.50
4.00
4.50
13.25
13.75
10.00
6.75
8.25
5.75
5.00
7.25
9.75
7.75
5.75
18.50
15.50
5.00
17.00
6.50
17.25
7.50
4.75
4.75
6.50
5.00
7.25
5.50
11.25
7.50
6.00
4.75
5.50
4.75
5.00
9.50
5.50
5.25
5.75
4.50
6.25
5.50
6.00
6.25
8.50
11.75
6.75
6.00
5.75
8.75
7.50
7.00
13.25
5.25
5.25
7.00
7.25
6.75
7.00
11.50
7.25
6.75
6.50
7.50
6.25
7.25
5.50
19.25
8.75
6.25
7.75
8.25
9.25
7.75
8.00
24.50
7.50
15.75
14.25
27.75
8.25
6.25
7.75
15.50
12.25
9.50
11.00
7.75
7.75
8.25
7.75
28.25
22.75
28.25
8.25
8.00
23.00
29.50
30.75
30.50
20.75
7.25
14.00
29.00
32.75
9.00
7.00
7.25
7.50
26.75
30.00
27.75
24.50
23.00
23.50
27.50
32.00
29.75
30.50
28.25
18.25
10.75
19.50
29.50
27.50
15.00
8.25
7.25
6.00
17.25
22.00
7.75
9.25
9.75
11.75
10.75
8.25
6.75
11.75
22.50
14.75
8.00
16.25
18.75
32.00
32.00
27.75
11.25
13.25
10.75
33.75
23.50
14.75
19.00
13.75
33.25
21.50
31.50
32.25
12.00
11.00
8.25
8.25
31.50
23.50
31.00
32.00
28.50
25.50
15.75
15.50
19.75
33.25
33.00
19.25
10.00
31.25
32.75
32.25
33.75
32.00
33.50
32.50
31.00
34.00
27.25
18.25
22.25
13.00
25.75
24.50
25.00
25.25
26.50
21.75
20.00
24.75
29.50
21.00
18.50
26.75
22.25
26.75
28.50
31.75
28.50
16.25
26.00
19.25
26.50
26.50
21.25
20.25
27.00
28.00
29.50
28.00
10.50
14.25
23.25
24.00
8.00
13.25
14.00
31.75
28.00
21.25
25.75
22.00
9.50
11.25
9.50
24.00
21.00
14.25
23.25
24.25
26.50
27.75
19.75
23.75
16.25
16.75
25.50
24.75
6.25
11.50
21.00
9.75
17.25
16.25
10.75
6.75
8.25
18.75
5.00
7.75
6.00
22.25
25.00
24.50
24.75
8.50
23.25
22.75
20.50
19.00
17.50
21.50
23.75
23.00
23.00
21.00
22.25
19.00
11.75
12.25
10.00
5.25
5.75
5.75
5.25
17.25
19.25
15.75
18.25
17.75
8.25
8.50
8.50
19.25
20.00
17.25
19.25
18.50
17.75
15.50
5.25
5.25
18.50
18.00
18.00
5.75
12.75
4.75
4.75
16.25
15.50
17.00
13.00
4.50
4.50
13.25
5.75
18.25
17.50
12.00
4.00
4.00
15.50
14.25
17.00
15.75
15.50
5.50
4.50
3.25
7.75
5.00
3.75
4.25
4.25
13.25
15.00
16.50
17.25
17.25
14.75
5.75
14.50
11.00
10.00
13.75
15.50
16.00
16.50
13.25
13.75
3.75
3.25
4.25
16.25
16.50
4.00
16.00
17.25
11.25
18.00
17.50
17.75
16.75
11.25
17.00
15.50
6.25
14.50
14.75
11.75
4.50
6.00
10.25
4.50
4.75
7.75
4.75
5.00
5.25
17.75
8.75
18.25
19.25
7.00
4.50
5.25
4.75
4.75
4.50
5.00
5.50
18.75
5.50
19.25
21.00
21.50
6.50
6.50
5.75
5.00
4.75
5.25
6.50
21.00
20.50
15.75
7.50
23.00
7.75
9.00
6.50
6.50
12.00
22.25
26.50
25.75
26.25
26.50
24.00
26.00
8.50
7.75
22.50
13.50
5.50
8.50
8.00
8.00
7.75
8.00
27.00
6.50
7.00
9.25
12.50
7.25
7.00
7.25
9.50
7.00
15.00
7.50
7.25
7.50
6.75
9.25
10.25
9.75
15.00
9.50
9.75
21.25
22.00
25.50
17.25
17.75
10.00
13.00
7.00
7.00
7.50
6.50
9.00
7.50
19.75
21.00
12.50
12.00
22.75
29.75
11.00
15.00
17.75
14.75
8.25
13.75
15.00
11.00
8.50
13.25
23.75
28.50
10.00
10.75
7.50
21.25
20.00
32.75
33.50
33.50
19.25
23.00
18.75
8.00
32.00
34.25
30.50
30.25
32.00
25.75
19.00
16.50
31.50
29.50
17.00
17.25
24.75
17.50
10.00
8.25
8.00
10.00
14.00
22.50
27.25
27.00
23.50
25.00
26.50
28.00
13.00
12.25
17.75
25.50
30.25
32.00
35.25
21.50
24.00
15.25
12.50
22.25
27.00
27.50
26.50
14.50
12.50
26.25
21.00
32.00
24.50
22.50
32.25
25.00
17.50
9.75
13.00
28.25
32.50
27.25
26.75
20.00
29.75
32.00
33.25
31.75
32.75
32.00
32.50
32.00
32.00
30.75
31.50
28.75
28.50
29.75
33.75
32.00
28.00
27.00
17.25
30.25
29.75
31.00
23.75
11.00
8.25
28.25
27.75
32.00
32.00
30.75
30.75
31.50
27.75
19.00
30.25
29.75
28.50
24.50
20.50
29.25
24.75
21.75
27.50
20.75
19.50
20.50
27.75
16.50
18.50
21.00
25.25
28.50
25.50
28.00
27.50
21.25
21.00
25.00
17.50
12.50
26.75
27.50
6.25
27.75
27.25
27.00
27.00
26.50
27.00
26.00
25.75
22.25
24.25
24.75
24.25
26.50
17.25
7.75
5.25
20.25
23.75
20.50
21.00
7.25
13.50
23.75
24.00
24.75
24.25
21.00
15.75
8.25
11.25
10.75
19.50
11.75
8.00
4.75
12.75
8.25
4.75
5.75
15.75
21.00
20.75
20.00
19.25
17.75
19.50
19.25
8.75
5.00
5.25
18.75
17.50
18.50
4.25
5.25
15.75
5.00
4.75
4.50
4.75
5.00
6.50
10.25
4.25
5.75
4.25
5.50
8.00
4.00
4.50
4.50
11.50
14.75
9.25
17.00
16.25
15.50
4.25
11.25
16.50
15.25
15.75
15.25
15.50
14.75
9.00
13.00
8.50
5.25
4.50
15.25
15.75
14.75
16.50
13.25
14.75
13.75
4.50
9.00
12.75
15.50
6.25
14.00
11.25
16.00
4.00
3.50
12.00
12.50
15.00
16.00
16.50
15.75
4.75
17.00
17.00
15.25
15.75
14.25
8.25
8.50
5.00
15.50
4.75
6.00
4.75
12.00
5.25
15.00
19.75
20.00
14.00
12.00
15.25
6.00
18.75
20.00
21.25
17.75
21.50
16.75
19.50
15.50
15.00
17.50
4.75
12.75
15.75
12.00
17.00
18.50
11.00
6.25
5.25
6.50
5.50
5.50
12.00
6.50
4.75
16.75
21.00
21.00
25.00
18.25
3.25
16.25
7.50
22.25
24.25
16.25
9.50
8.25
12.00
12.25
6.50
6.00
8.00
6.75
11.50
6.50
6.25
9.75
10.00
9.25
6.50
8.25
4.50
7.75
7.25
9.00
11.25
12.50
8.25
7.25
20.00
6.50
7.75
7.75
8.00
15.25
21.00
24.00
8.75
7.00
8.50
7.50
24.00
29.75
26.00
29.25
28.50
20.50
22.75
16.75
22.00
28.00
30.25
9.75
10.00
31.75
21.00
17.00
13.50
21.00
10.00
7.75
8.25
8.00
8.50
8.00
22.50
19.75
22.75
27.75
10.75
12.25
11.00
13.25
21.50
28.50
22.25
9.50
10.00
14.25
22.75
26.50
23.00
26.25
16.75
8.50
13.50
20.50
18.00
10.25
30.50
29.75
22.75
17.75
16.50
9.00
7.75
31.75
33.25
31.50
28.50
22.25
16.25
8.00
8.25
10.00
18.00
16.25
25.25
21.50
26.50
19.00
10.00
22.00
21.25
22.00
13.50
12.25
15.50
16.75
32.00
22.00
24.75
31.00
31.75
32.75
30.50
30.75
31.25
32.00
31.75
28.50
27.50
25.75
28.50
32.75
28.25
23.00
30.00
29.75
21.75
19.25
10.50
10.75
9.00
20.75
24.75
18.50
12.25
13.00
30.00
32.50
32.00
30.00
31.50
30.50
27.25
8.00
15.25
10.75
7.75
15.50
19.25
22.50
27.75
27.75
23.50
23.50
25.00
30.75
28.00
30.50
29.25
28.50
28.25
30.50
29.25
28.00
23.25
19.25
25.50
28.50
25.00
24.00
26.50
12.25
18.75
25.00
26.75
7.25
7.00
6.75
26.50
14.50
21.00
23.75
22.25
22.00
20.25
10.00
4.75
8.25
23.75
24.50
20.25
5.75
8.25
10.75
21.25
19.25
10.00
12.75
21.00
23.50
20.75
17.25
16.75
7.75
9.00
7.25
4.50
5.00
5.00
15.75
14.25
5.75
9.50
19.25
7.25
3.75
6.75
6.00
5.50
6.25
7.25
4.50
4.75
4.75
9.25
8.00
18.50
18.50
21.00
4.25
4.75
2.75
3.50
5.50
4.25
9.75
16.00
16.50
14.75
14.25
12.00
16.25
4.50
4.75
4.75
4.25
9.75
6.75
4.00
4.25
7.25
8.50
14.75
14.25
9.25
4.25
4.50
4.25
17.50
5.00
12.75
12.75
15.75
17.25
17.25
16.25
16.25
15.50
13.75
16.00
13.50
7.00
4.25
16.75
16.75
17.25
16.00
15.75
15.50
9.00
15.75
16.00
13.75
13.75
4.00
6.50
7.25
15.00
10.50
12.25
4.25
10.00
4.25
6.50
8.25
4.75
4.25
8.25
5.75
11.75
3.50
15.00
16.00
16.00
3.25
4.50
4.50
6.00
14.25
14.50
5.00
5.00
4.75
4.25
3.75
6.25
4.50
4.75
6.25
5.00
4.00
6.50
4.50
5.25
10.75
5.00
3.50
5.00
5.50
5.25
4.50
5.00
5.00
5.00
3.75
4.50
6.50
6.75
5.75
5.25
22.00
13.75
19.25
5.25
11.00
6.25
7.75
4.75
6.75
6.25
8.25
5.00
7.50
17.50
8.50
17.25
5.50
26.25
18.75
9.00
15.25
13.25
21.00
12.50
5.00
5.50
8.25
6.75
6.50
6.00
6.25
6.75
6.75
7.50
9.25
8.25
6.75
6.75
8.25
8.00
9.00
5.75
9.25
25.00
6.00
7.00
7.25
28.75
29.75
7.50
7.50
8.75
24.75
24.25
23.25
6.75
7.75
28.25
13.75
12.00
15.00
6.50
28.75
31.00
32.00
19.75
9.00
9.00
26.50
30.50
28.50
30.50
28.75
15.25
15.50
20.00
23.75
29.00
8.50
9.50
10.25
8.00
8.00
9.00
24.50
17.75
27.50
10.00
8.00
11.50
8.25
12.00
9.50
6.50
7.75
7.00
16.50
9.50
11.75
19.50
27.25
13.50
34.00
32.75
33.75
32.75
28.00
28.00
30.00
31.75
30.75
27.50
7.00
6.50
12.00
29.00
15.50
27.25
24.75
23.50
20.25
30.25
9.25
15.25
15.50
17.25
24.25
18.00
28.75
27.00
28.00
24.75
33.00
32.50
33.75
32.00
34.00
33.00
33.50
32.50
33.75
24.00
31.00
30.00
29.50
31.00
33.50
33.75
33.25
27.75
20.25
30.75
30.00
30.25
33.50
32.75
14.25
26.25
26.00
27.75
26.50
29.00
30.50
32.00
33.50
31.25
30.25
28.00
25.75
23.75
22.75
25.25
30.00
33.00
31.25
26.00
24.25
25.50
16.00
14.75
14.75
26.50
28.50
31.75
8.75
8.25
6.75
21.50
15.75
20.75
10.50
6.00
14.00
15.25
14.50
12.00
6.00
4.75
10.75
19.75
24.50
17.25
21.25
24.50
25.75
20.75
17.00
11.75
19.75
25.75
21.00
20.50
25.50
6.25
8.00
6.25
6.50
10.00
12.00
19.25
17.50
5.50
6.00
9.00
7.50
12.00
22.00
12.25
5.50
23.00
21.00
24.00
17.50
17.25
21.00
10.00
17.00
21.75
21.75
21.00
15.50
17.00
22.00
22.25
17.50
17.50
5.75
5.50
6.00
5.75
4.25
6.00
8.25
17.75
20.25
19.50
19.00
19.50
19.75
19.50
19.25
19.00
18.75
15.00
18.25
19.00
18.25
16.25
6.50
4.50
4.25
17.75
10.00
11.50
17.50
13.00
10.50
17.00
4.50
9.75
17.00
17.50
17.00
5.25
17.50
16.50
16.50
16.00
17.00
16.00
15.25
5.25
5.75
16.00
17.00
17.50
17.00
16.75
16.00
16.00
16.00
15.75
15.50
15.50
14.75
6.25
12.50
14.75
9.75
12.00
12.50
13.50
13.25
3.75
4.25
3.75
13.25
12.00
4.00
4.00
4.00
4.75
4.00
8.75
11.75
4.50
4.00
4.75
4.50
11.75
4.25
9.25
4.50
4.00
3.50
4.50
4.75
17.75
6.25
5.50
9.25
5.00
16.00
5.00
4.50
4.50
5.00
5.50
5.00
4.50
5.25
7.50
4.50
5.25
6.00
17.00
20.75
21.25
21.00
8.25
5.25
9.50
5.75
7.50
5.50
10.75
6.75
8.25
9.25
6.75
19.50
21.75
21.50
21.25
16.00
21.25
8.00
6.25
25.25
24.75
24.25
25.25
25.25
25.00
9.50
25.00
20.75
15.50
7.75
6.75
5.75
6.50
10.00
9.75
8.25
12.00
7.75
10.25
7.75
7.50
24.00
28.50
6.00
10.00
7.75
12.00
19.50
6.75
7.25
7.00
7.50
8.25
6.50
8.00
25.25
20.50
13.75
7.50
9.25
24.25
28.25
8.50
10.75
16.75
20.50
13.75
13.25
7.75
26.25
10.00
20.75
12.00
23.75
9.75
10.00
8.25
8.25
17.25
12.50
27.50
30.75
30.25
9.75
11.50
30.00
21.75
12.25
8.25
13.00
8.25
7.25
15.50
22.00
28.50
10.00
8.25
8.75
10.00
8.25
26.00
11.00
8.50
8.25
9.50
7.75
14.75
8.75
8.50
9.75
18.00
10.50
23.00
29.50
32.00
34.00
32.00
19.25
20.00
26.00
30.25
32.00
28.50
23.50
9.75
7.50
9.25
8.50
8.50
14.25
30.75
29.75
25.75
20.25
21.50
14.00
7.25
11.25
11.50
22.25
21.25
29.00
32.75
33.25
26.75
29.25
32.00
28.25
33.50
33.75
30.75
33.50
33.50
30.75
33.50
33.50
33.00
31.50
19.75
27.00
27.75
16.25
8.25
11.75
10.00
7.75
9.75
10.50
26.00
28.25
29.00
30.25
26.50
26.75
26.25
24.00
26.00
30.00
28.50
29.50
30.25
28.50
26.75
19.25
22.50
26.50
27.00
30.00
25.00
18.75
23.50
17.75
23.25
26.50
25.50
30.00
21.00
26.75
24.75
26.00
19.25
12.50
16.50
9.50
19.25
19.50
23.50
23.00
22.25
25.00
9.50
7.25
6.00
23.75
16.25
13.50
13.25
15.75
13.50
9.00
24.50
17.75
17.75
24.75
24.00
18.50
13.50
15.00
9.50
10.25
10.00
10.75
21.75
22.00
8.00
21.00
19.50
23.75
21.00
21.75
5.50
5.25
15.75
20.75
5.50
6.25
15.00
19.25
22.00
16.25
10.50
19.25
20.00
13.75
18.50
20.00
6.00
6.00
16.75
4.25
19.25
18.75
17.75
17.50
19.25
18.00
18.25
8.25
6.00
7.25
17.50
17.75
4.25
4.50
4.75
4.50
4.25
12.75
16.75
17.50
18.50
6.25
3.50
4.25
9.50
13.50
12.50
18.00
15.75
17.25
17.00
17.00
16.75
16.75
16.25
16.50
16.50
15.00
15.50
15.50
15.50
15.50
10.00
4.50
5.50
12.50
15.50
14.75
15.50
14.00
4.25
4.50
4.50
4.00
4.00
4.25
3.75
4.50
6.00
16.00
7.25
4.00
3.50
5.25
16.00
5.25
14.75
11.00
15.00
8.25
3.75
3.50
3.50
4.50
4.00
4.75
4.25
15.75
4.25
3.50
4.75
4.50
3.50
2.75
14.00
16.25
11.25
17.75
19.25
13.75
5.50
3.75
10.00
4.50
4.75
5.00
4.75
12.25
13.00
10.25
13.75
12.25
14.75
9.00
8.25
4.50
16.50
8.25
5.50
5.75
18.25
5.75
5.50
5.50
6.25
6.25
6.50
5.25
6.00
5.25
6.75
4.50
6.50
5.75
13.75
23.00
24.75
18.50
20.00
10.25
6.00
17.75
14.00
8.75
10.25
5.75
12.25
9.00
23.75
26.00
27.75
24.75
16.75
9.00
13.00
6.75
8.00
16.75
7.75
5.50
7.25
10.00
7.50
9.25
10.25
12.25
8.75
8.25
27.50
18.50
11.25
7.25
8.75
20.75
15.00
7.25
6.75
8.50
8.75
8.00
7.75
12.00
9.25
7.75
8.00
7.25
9.00
11.25
25.25
27.25
28.50
22.00
25.50
8.25
8.25
30.75
31.25
33.25
29.00
15.75
26.25
8.00
8.00
8.00
30.25
19.00
23.50
8.25
7.50
30.50
32.25
31.25
19.00
8.25
8.50
11.25
7.25
8.00
8.50
17.50
10.25
12.50
7.50
8.50
8.25
12.75
23.00
8.25
8.25
7.25
17.25
30.75
10.50
9.50
17.50
26.50
19.50
20.75
9.50
12.75
30.25
30.50
31.75
28.50
18.50
12.00
27.50
27.00
31.75
32.00
17.25
15.75
10.25
12.50
26.00
27.75
32.00
26.50
30.75
33.00
32.50
31.25
32.75
32.00
28.75
12.50
22.25
28.75
30.50
30.75
31.50
29.75
30.75
34.00
29.75
33.00
30.25
28.50
32.75
28.50
29.75
17.75
9.75
12.25
8.25
10.50
15.00
22.50
27.75
30.25
31.00
21.75
13.75
26.50
30.00
30.75
29.50
29.25
29.00
30.25
18.00
12.00
6.00
6.50
7.50
7.75
24.00
16.75
30.25
31.25
24.00
31.00
27.75
10.75
18.25
20.25
14.50
19.00
19.75
20.50
23.00
7.50
7.25
4.50
13.25
17.50
21.75
13.50
18.25
18.25
20.25
24.75
19.75
5.25
13.00
9.00
5.25
6.25
6.50
6.50
10.75
20.50
19.25
11.75
5.75
6.50
5.75
17.50
21.75
23.00
22.75
23.25
24.75
20.50
24.25
21.25
20.00
13.75
22.25
22.25
22.25
23.50
13.75
21.50
7.75
7.00
4.50
5.75
19.25
21.00
17.50
5.75
8.50
18.25
5.25
15.50
7.50
13.75
16.00
15.75
15.50
12.00
12.25
4.50
16.50
18.00
17.25
17.25
17.50
6.50
4.75
4.75
8.50
15.75
4.25
8.25
17.25
16.00
16.50
13.25
6.25
7.50
11.00
15.50
6.00
17.75
17.00
17.50
17.50
16.25
16.50
16.25
15.50
16.75
16.25
10.50
9.00
3.75
4.00
4.00
6.25
3.50
11.50
5.00
9.00
12.00
14.00
15.25
15.25
9.25
13.75
4.50
3.75
11.25
4.00
4.50
4.25
4.25
4.25
3.50
3.50
4.00
4.00
4.50
8.25
3.75
4.50
11.00
4.25
4.00
16.00
4.50
4.25
3.75
4.50
11.25
7.25
7.00
6.50
4.25
4.25
4.75
4.50
4.75
6.00
6.50
4.75
4.25
12.50
4.50
5.00
18.75
4.75
15.75
18.25
16.25
10.50
16.25
13.75
5.00
6.25
4.50
6.25
5.25
5.75
4.75
19.50
19.25
23.00
24.00
23.25
6.50
7.25
6.50
12.25
5.75
5.50
5.00
7.25
6.50
17.50
20.00
15.75
12.25
18.00
6.75
6.00
9.75
6.25
6.50
8.75
5.25
8.50
19.00
19.00
6.25
7.75
7.50
7.00
8.25
13.50
6.50
8.00
6.25
7.00
6.75
26.00
6.25
8.50
6.75
7.75
8.25
26.75
16.75
10.50
8.25
18.50
20.75
15.50
12.25
22.50
17.00
24.75
7.75
7.50
16.25
13.00
11.50
30.25
25.25
25.75
11.50
14.50
12.75
9.25
13.75
8.00
23.00
9.00
8.25
9.25
8.25
11.00
9.50
7.75
7.75
11.25
10.25
9.25
21.50
26.75
26.75
31.75
14.75
16.50
21.00
30.25
26.50
29.50
30.25
30.25
32.00
22.50
16.50
22.75
30.25
31.75
33.00
33.00
32.00
29.00
20.00
14.75
14.25
9.00
10.50
10.00
12.50
21.25
22.50
29.50
31.00
32.25
18.75
31.75
22.25
9.50
14.50
22.50
34.00
29.50
22.00
12.50
10.00
20.25
29.00
31.50
25.00
31.00
14.75
23.00
18.25
29.00
32.00
33.50
33.50
31.00
32.00
29.50
32.50
23.50
28.75
32.00
30.50
32.50
16.25
8.75
20.00
32.50
33.50
24.75
25.75
31.75
23.75
26.50
27.50
23.25
19.25
31.00
29.00
31.00
31.00
31.50
28.50
23.00
8.25
16.50
20.75
8.00
17.75
28.75
28.50
31.25
23.75
27.50
29.75
14.50
26.00
25.75
26.50
27.00
29.50
19.50
25.75
26.00
26.50
26.25
28.00
28.00
25.50
25.75
25.75
23.75
13.75
9.50
7.00
17.75
26.00
28.25
27.00
15.50
8.00
26.25
27.25
11.25
7.25
14.25
24.75
26.50
26.50
25.75
14.50
13.25
24.75
8.50
7.25
5.50
5.75
10.50
6.50
6.50
8.00
6.00
6.25
16.50
18.75
22.50
23.25
23.00
23.50
12.00
6.00
5.75
5.00
4.75
11.50
19.00
18.00
22.25
5.25
8.50
5.50
8.75
18.00
20.00
21.00
20.50
5.50
18.00
20.25
9.00
19.25
19.50
19.25
16.00
7.75
4.75
18.50
8.75
12.75
18.25
18.00
18.75
18.00
18.25
17.25
16.50
16.50
15.50
16.50
16.75
16.50
4.75
5.75
4.50
4.50
4.00
3.75
4.00
3.75
4.50
4.50
14.50
12.50
7.75
12.00
8.50
14.50
15.00
9.25
3.75
4.25
6.00
13.25
14.75
15.25
14.50
9.50
3.00
5.25
10.50
14.50
11.25
15.75
4.50
4.25
3.75
14.25
17.25
4.50
5.00
4.50
6.25
4.25
4.00
4.25
5.00
8.75
4.00
13.75
7.50
11.00
10.75
8.00
17.50
18.25
15.50
18.25
17.50
10.00
8.50
16.00
17.25
10.50
6.75
8.75
16.00
18.25
17.00
18.50
13.00
5.75
17.50
4.50
5.00
4.25
4.50
6.75
4.50
5.00
5.50
5.50
5.50
6.25
16.25
5.25
7.50
5.00
5.50
5.00
5.00
7.25
6.75
14.00
20.75
23.00
16.25
15.50
17.50
10.25
6.00
16.25
8.00
6.50
6.00
6.25
11.00
6.25
6.50
6.50
8.75
8.25
4.50
10.75
17.50
16.50
10.25
7.00
7.25
7.75
6.50
8.25
6.50
6.50
5.75
7.25
7.50
6.50
7.75
6.50
6.25
6.50
12.00
7.25
9.75
26.50
12.50
18.75
24.50
10.25
11.25
19.00
8.25
14.25
17.25
31.50
27.75
30.50
28.25
10.25
23.00
26.50
12.50
14.50
16.75
7.25
9.00
11.50
10.75
27.50
26.50
17.75
10.75
15.50
12.75
14.00
23.50
25.50
9.25
17.50
18.75
11.50
30.00
28.50
20.25
20.00
24.75
21.25
8.50
8.25
15.25
20.75
7.50
11.25
30.50
27.00
8.00
10.00
29.50
31.50
9.25
8.25
18.00
20.50
32.75
26.50
9.50
24.00
19.75
12.75
30.25
31.00
31.75
28.75
22.75
21.00
21.00
14.75
9.00
9.75
22.00
8.25
8.00
23.00
23.50
6.50
7.00
8.25
16.25
19.50
26.50
23.25
23.25
23.25
26.50
25.50
12.75
8.75
7.75
17.00
26.50
8.75
15.00
32.75
32.00
31.25
33.00
33.00
32.25
31.25
30.75
23.50
32.50
32.00
32.75
31.75
33.50
32.25
28.75
32.00
32.00
33.00
29.00
26.50
28.75
27.00
22.00
30.00
24.00
24.25
21.25
27.00
27.25
30.25
31.00
30.75
29.75
28.25
12.25
14.50
11.00
9.00
7.00
16.50
22.75
29.25
18.00
20.25
15.50
25.50
25.00
24.50
27.25
15.50
6.75
12.00
24.00
25.25
23.75
8.25
10.00
17.25
24.75
19.25
14.25
24.75
21.50
25.00
26.50
18.75
20.00
14.25
24.75
25.75
27.25
22.50
7.25
5.75
17.50
20.75
20.50
24.25
24.75
14.75
5.25
20.50
24.25
22.75
14.50
6.50
7.75
13.00
10.75
11.75
6.50
13.25
12.75
6.25
17.50
16.25
20.25
22.00
16.50
23.00
22.50
22.50
21.00
7.75
21.50
21.50
21.75
22.50
21.25
20.00
19.75
19.25
21.50
20.50
17.75
15.00
17.75
18.25
17.50
5.50
20.00
19.00
19.50
18.00
15.25
9.75
7.00
4.75
13.75
13.50
13.25
13.75
18.50
5.75
18.25
17.75
17.50
17.25
18.50
17.25
17.25
10.00
17.00
15.50
15.00
14.50
17.75
15.50
9.00
6.50
8.75
11.75
14.50
6.25
3.50
4.25
3.75
5.50
14.00
13.50
13.75
13.00
7.25
7.50
11.75
8.25
9.25
4.25
4.25
9.25
16.25
7.25
4.00
12.25
14.50
13.00
4.50
3.00
3.00
3.25
13.25
8.00
9.00
4.50
4.50
4.25
4.75
4.25
12.50
7.75
4.50
6.75
4.75
4.50
4.50
4.75
15.50
16.75
17.50
19.25
20.00
20.00
20.25
20.00
20.00
19.25
19.75
20.00
20.00
20.50
19.50
18.00
18.25
19.25
18.25
19.00
16.00
19.00
7.25
14.75
18.75
12.75
8.00
11.25
5.50
6.25
5.75
6.50
5.00
6.50
5.75
4.50
13.25
19.00
4.00
16.25
19.75
4.75
17.00
5.50
6.50
10.50
20.00
22.50
8.25
11.00
5.75
6.00
5.25
5.25
6.25
5.25
6.25
9.25
19.50
17.75
19.00
17.50
19.25
7.25
6.50
6.50
13.00
6.50
7.50
19.25
10.75
8.00
6.50
9.00
22.25
28.50
8.00
7.25
10.00
19.50
10.75
11.00
6.75
14.25
8.50
16.50
13.00
23.00
28.00
8.00
25.25
25.25
10.00
8.00
12.25
16.25
19.50
16.50
8.00
7.50
7.00
8.25
13.25
13.25
19.25
8.25
23.00
17.75
18.25
30.75
10.50
11.75
9.25
12.00
16.25
23.25
28.50
27.75
13.75
8.75
15.25
11.25
8.25
18.75
15.50
21.00
9.25
7.25
7.75
30.25
30.25
11.00
12.50
15.50
20.50
8.25
8.50
12.00
21.25
10.00
8.25
17.25
9.25
17.25
9.50
7.00
7.00
8.00
14.00
9.00
17.50
10.00
21.75
28.50
29.75
20.75
23.75
16.25
7.50
8.50
7.50
10.25
9.75
33.00
31.75
31.75
32.00
32.25
34.00
32.00
32.00
26.25
31.00
29.00
27.50
30.75
22.25
21.25
15.75
21.00
26.00
26.50
14.25
20.50
13.50
23.50
29.50
29.25
22.00
24.75
23.75
23.50
27.00
30.75
20.75
17.25
14.00
17.50
21.75
15.25
27.00
29.75
30.25
21.75
24.50
26.50
23.25
27.75
17.50
8.00
28.75
29.50
31.00
29.00
29.00
28.50
13.50
10.00
15.00
10.00
7.25
27.25
26.25
24.25
8.25
16.00
24.00
25.00
26.00
24.00
25.00
21.00
24.50
14.25
25.50
24.75
26.00
26.75
23.00
24.50
24.25
17.00
7.00
9.00
6.50
6.00
9.25
8.25
6.25
6.00
17.00
15.25
24.75
17.75
17.00
24.25
24.50
24.25
24.00
24.50
24.50
18.75
7.75
6.50
5.50
14.25
16.50
7.25
13.25
21.00
22.75
21.00
12.75
21.75
7.00
4.50
5.75
5.25
4.50
21.75
21.00
21.00
20.00
10.25
10.00
9.75
12.00
14.00
13.25
12.25
15.00
14.75
4.25
16.00
17.75
16.75
16.50
8.25
7.50
9.75
6.25
6.00
16.00
17.50
17.50
4.50
5.25
12.75
13.50
16.00
3.50
6.75
6.50
4.50
5.50
11.00
15.50
15.50
16.00
7.50
10.25
14.25
5.00
3.75
4.50
4.50
4.25
16.00
16.00
15.75
14.75
10.00
16.00
15.50
16.00
16.00
16.00
16.00
15.75
15.50
15.75
15.50
13.50
10.00
7.75
12.00
16.00
9.00
4.50
6.50
15.50
4.50
12.75
3.75
5.75
10.00
5.50
4.50
7.00
5.00
4.25
4.75
17.00
15.75
17.25
15.00
18.75
17.75
15.50
19.00
6.00
4.75
12.00
6.50
10.00
19.25
4.75
4.50
4.75
19.25
15.00
17.75
5.25
4.50
4.75
5.75
4.00
4.25
5.25
5.25
4.75
5.25
16.50
19.50
15.75
6.00
6.00
7.75
6.25
5.75
4.50
6.00
5.50
23.25
9.00
12.25
6.50
7.50
15.50
6.75
6.00
7.00
6.50
6.00
7.00
6.75
6.75
7.75
6.50
4.75
22.50
12.25
3.50
18.75
25.75
10.00
26.25
26.50
5.00
7.25
6.50
5.25
12.00
18.25
7.75
24.50
27.25
25.25
26.75
19.75
7.50
7.25
11.50
6.50
15.25
7.75
20.50
19.00
23.75
24.75
26.25
19.25
7.00
8.50
6.75
10.50
7.50
9.00
12.00
25.25
18.25
29.75
11.00
5.75
26.25
8.25
32.75
24.75
20.25
33.25
29.50
11.25
30.25
30.00
24.75
9.75
25.00
10.00
11.00
24.00
30.00
32.50
8.50
11.00
8.00
15.50
12.00
18.75
8.75
7.75
28.00
28.25
8.50
29.25
33.75
33.50
31.00
27.00
24.50
24.25
17.00
15.75
7.50
7.00
10.75
9.75
6.75
7.00
8.25
8.75
8.25
9.25
7.25
12.50
17.50
29.00
31.00
29.25
28.75
31.25
33.50
32.25
32.00
33.25
32.75
26.25
28.00
28.50
30.25
31.00
31.25
32.00
34.00
7.50
7.50
11.25
19.00
27.50
32.00
23.00
25.50
29.25
29.50
19.25
19.00
19.00
30.00
29.00
17.25
14.00
30.00
29.25
26.00
30.25
28.50
30.00
29.00
10.00
6.25
8.25
22.75
26.50
23.75
21.25
26.25
26.00
25.75
28.00
26.00
17.00
17.00
22.75
21.25
29.00
17.75
7.75
26.25
24.00
29.00
29.00
29.75
28.50
24.75
26.75
27.25
26.75
17.50
27.50
23.50
25.25
21.50
19.00
25.25
22.50
24.25
23.75
7.00
8.25
7.75
11.75
15.25
6.50
14.75
6.50
6.00
9.50
6.50
6.00
23.75
23.00
23.50
9.50
7.75
19.25
25.00
25.25
23.25
9.50
6.25
5.75
4.50
11.00
15.75
16.00
8.50
6.75
17.50
18.00
20.25
21.00
21.50
15.00
11.75
5.50
23.00
23.50
22.75
22.50
20.25
19.00
21.00
19.00
19.75
15.25
19.50
19.75
21.00
19.75
20.00
19.75
19.00
18.50
19.50
20.00
19.25
19.25
18.50
18.50
18.50
17.75
13.25
13.75
8.00
4.25
6.50
11.75
4.75
8.25
11.25
10.75
12.50
11.25
16.00
4.00
4.50
3.50
5.50
3.50
3.75
3.50
15.75
9.75
4.50
2.75
3.50
4.75
4.00
4.25
4.00
4.00
4.25
3.75
4.25
3.75
4.00
4.00
4.75
4.00
8.00
5.00
3.50
4.75
4.50
4.00
3.50
6.00
4.00
4.75
5.00
3.25
14.25
16.00
17.00
17.00
16.25
16.50
7.75
4.25
4.25
15.00
4.75
4.75
10.00
14.75
11.75
4.50
6.00
4.25
7.00
4.75
4.75
4.50
4.50
4.75
4.50
8.50
9.25
17.75
19.00
19.50
5.75
20.75
21.25
21.50
17.25
5.50
14.75
14.25
18.50
14.25
4.75
8.50
5.25
5.50
5.25
4.75
5.00
6.00
5.50
5.00
6.25
5.75
6.00
14.50
16.75
18.50
8.25
5.50
21.75
26.00
25.25
13.50
14.25
8.00
8.25
9.50
6.75
8.25
6.75
8.00
6.25
10.50
5.00
15.50
21.00
6.50
6.00
13.75
9.00
20.50
7.50
27.50
22.00
7.25
6.50
8.25
7.50
7.00
6.25
16.00
6.75
7.75
6.50
20.75
10.25
13.75
9.25
21.75
26.50
8.25
8.75
15.00
14.25
14.25
12.00
18.25
13.25
11.00
10.00
7.25
9.50
9.75
6.75
16.75
21.75
23.50
7.50
30.25
17.25
9.00
9.25
24.50
21.00
24.50
31.50
32.75
30.25
30.50
30.50
32.00
16.25
7.25
10.00
8.00
9.25
20.00
24.00
8.50
12.00
12.50
19.00
16.75
16.00
11.75
21.50
16.00
20.50
27.25
29.25
29.00
12.50
8.25
20.75
9.75
8.00
6.25
19.75
29.00
15.25
27.50
28.00
7.75
7.75
8.00
7.75
18.75
13.00
25.25
26.25
19.00
23.00
23.00
30.25
7.50
7.50
12.75
23.00
9.75
27.25
21.50
9.75
12.75
15.50
8.00
32.25
33.75
30.75
21.00
12.00
25.50
22.25
24.00
27.00
32.00
33.00
32.00
29.25
32.25
32.25
30.00
19.25
29.50
26.75
22.00
29.00
27.75
33.50
25.25
10.75
7.50
11.25
10.75
18.25
14.50
19.50
21.50
27.50
32.50
29.75
29.00
24.25
9.00
6.50
7.25
9.75
14.50
26.25
26.75
30.00
27.50
19.75
18.00
19.50
20.00
25.75
15.25
27.25
26.50
30.00
22.75
21.75
29.75
28.00
28.00
28.00
27.25
27.75
28.75
24.50
24.50
15.25
27.50
22.75
21.50
17.50
11.00
26.50
26.25
10.75
14.25
18.25
26.25
25.25
20.50
8.75
25.00
23.00
7.50
8.50
6.50
21.75
10.50
10.00
12.00
7.75
10.00
8.75
10.00
11.00
10.25
21.00
15.25
12.00
15.75
6.50
21.00
22.25
21.50
19.25
20.50
21.00
19.25
20.50
5.25
4.00
15.75
19.00
19.75
20.25
19.75
20.00
21.00
13.75
21.00
21.00
9.25
4.50
4.75
12.50
19.00
15.75
9.00
8.00
4.75
5.25
12.50
18.50
17.00
17.50
13.25
4.50
5.50
5.25
17.50
18.75
18.50
12.25
9.75
4.50
8.00
13.75
11.25
8.00
4.00
9.00
14.50
15.50
17.50
17.75
17.50
17.50
17.25
16.25
15.75
14.25
11.00
4.50
4.25
4.00
3.50
4.00
6.00
9.25
13.50
15.25
17.00
17.50
16.75
16.00
16.50
17.00
17.00
17.25
17.00
17.50
17.25
14.00
15.00
8.25
4.50
4.25
4.50
12.75
7.00
4.50
8.25
3.75
5.00
9.75
4.50
4.50
4.00
4.50
4.50
10.50
4.00
4.75
4.50
5.00
4.00
5.00
5.00
5.50
18.50
20.00
19.25
7.75
19.25
20.00
7.00
5.75
20.00
21.25
21.00
21.75
20.25
20.25
20.75
9.25
5.25
5.00
5.75
6.00
5.75
6.25
4.50
6.00
5.50
4.75
8.00
6.00
5.00
23.25
24.75
25.50
25.75
25.50
26.25
19.00
10.75
6.75
8.25
14.00
7.00
6.50
15.00
8.50
21.50
7.75
6.50
5.75
6.50
6.25
7.50
7.00
7.25
8.25
7.75
7.50
11.50
8.75
5.50
6.75
6.50
7.75
9.25
28.50
9.00
7.25
19.25
9.00
8.00
8.50
9.50
12.25
8.25
7.50
6.50
27.00
24.50
21.50
8.25
31.25
15.50
27.50
31.75
30.50
13.00
21.25
30.00
27.25
8.25
21.00
6.75
25.00
8.75
9.25
7.25
7.50
8.00
24.50
8.75
8.50
9.75
24.00
17.50
24.00
17.75
18.00
26.50
11.50
11.50
16.00
25.00
32.00
31.50
29.25
7.50
9.75
25.25
10.00
8.50
8.25
8.25
8.00
21.50
33.25
30.25
25.50
31.75
31.50
28.25
24.75
27.50
24.25
18.75
16.50
17.25
16.50
10.00
14.25
27.50
23.75
22.75
13.25
7.25
13.75
10.00
14.25
18.25
28.25
27.00
13.75
18.75
26.50
20.00
31.00
31.75
30.50
26.25
23.50
20.00
17.00
18.00
16.00
12.00
15.00
28.50
33.25
31.00
30.50
32.25
27.00
31.50
32.50
30.50
31.00
30.50
31.25
11.00
8.50
8.50
16.75
32.75
31.00
6.75
7.00
14.25
28.00
27.50
28.75
10.50
12.75
18.25
22.75
29.75
23.00
25.75
22.25
24.50
16.00
21.50
15.25
25.25
29.75
29.50
21.00
14.50
19.25
28.00
28.50
22.00
17.00
21.50
8.75
8.50
15.50
25.25
25.00
23.50
26.00
23.00
25.75
26.75
27.75
28.50
26.75
27.50
17.25
16.75
17.50
24.75
23.25
26.50
28.00
14.25
7.50
6.75
6.75
6.25
6.25
16.50
13.25
17.50
17.75
24.25
24.75
24.00
19.00
23.75
23.00
17.75
8.25
6.00
6.25
5.50
13.00
13.00
16.25
17.50
22.00
23.00
22.00
12.00
19.75
17.25
15.75
13.75
21.50
21.75
17.50
6.50
20.25
19.50
19.50
20.00
20.50
19.00
7.25
8.25
11.25
19.75
19.25
16.50
15.00
5.50
4.75
5.00
12.75
17.50
18.75
15.75
10.00
4.75
19.25
15.00
18.50
17.50
14.50
13.50
18.00
16.25
17.50
8.50
12.25
4.50
8.25
15.50
4.75
5.00
4.00
3.75
17.50
17.50
4.50
5.75
17.50
16.50
8.75
17.25
16.25
14.50
16.75
7.50
13.75
12.75
15.00
15.50
16.75
17.00
16.50
17.00
16.50
16.00
15.50
15.25
15.75
12.00
13.00
15.50
3.00
5.00
16.25
15.50
8.75
4.50
13.25
16.50
16.25
17.25
15.75
12.25
15.00
16.25
9.00
5.00
4.50
12.25
4.50
4.50
4.50
4.50
4.00
17.00
12.75
17.50
19.00
15.50
18.75
13.50
5.75
4.50
4.50
4.75
4.25
5.00
5.00
5.25
5.25
18.75
17.00
4.75
5.00
4.50
9.00
6.00
18.50
21.00
9.75
19.25
14.00
20.50
18.25
11.00
18.00
18.75
19.75
13.25
6.75
24.25
24.00
23.00
23.00
23.00
22.25
23.00
24.25
23.00
13.50
21.00
24.25
16.50
7.75
7.75
7.75
6.50
6.50
7.50
7.50
9.75
13.75
7.50
6.50
6.00
6.25
15.50
18.50
6.00
10.25
13.00
9.00
9.50
9.25
10.25
8.50
6.50
8.25
7.75
17.75
12.50
8.75
12.50
12.00
25.50
21.50
7.25
9.50
16.25
8.25
16.25
10.00
8.25
9.00
16.25
16.75
26.50
16.00
12.00
14.75
28.75
29.50
30.00
10.00
13.75
18.50
9.50
8.50
8.25
18.25
29.50
26.25
19.25
23.50
7.50
9.75
24.75
27.75
7.50
8.25
7.50
12.00
27.75
28.50
31.50
32.50
23.00
11.25
28.50
32.00
8.75
12.00
11.00
17.50
23.50
14.50
19.50
10.00
12.75
12.00
32.00
29.50
8.75
9.25
18.50
19.75
26.50
20.75
16.00
22.25
25.75
17.50
7.00
6.75
9.25
26.50
28.75
26.50
26.50
22.50
30.50
22.00
8.75
7.75
6.50
15.50
12.75
8.50
6.75
12.75
7.50
9.50
24.00
29.50
31.00
28.00
28.00
19.50
20.25
21.00
24.50
11.50
18.75
22.75
18.75
23.50
26.00
28.50
21.75
23.00
22.00
15.25
8.25
8.25
18.00
18.00
22.25
22.50
21.00
11.00
6.50
8.25
7.00
7.50
24.50
23.00
26.25
26.00
18.75
6.75
7.75
24.75
19.25
12.75
26.50
29.50
20.75
24.00
28.25
25.75
12.75
7.50
12.50
26.00
18.75
9.75
8.50
25.00
13.75
6.25
8.00
11.50
25.25
23.75
21.00
23.25
7.75
15.50
21.50
7.50
14.75
6.75
8.75
22.25
21.75
23.00
6.50
6.50
6.50
8.00
17.50
6.00
15.50
19.00
17.75
8.25
8.00
5.50
6.50
5.75
6.00
5.75
15.00
5.75
13.25
8.75
16.00
10.25
19.25
18.75
19.25
20.75
20.25
18.25
20.25
19.75
17.75
5.75
5.25
11.00
13.75
18.00
19.75
20.75
21.00
18.50
17.75
19.25
19.50
17.50
15.50
15.50
17.50
12.25
16.25
15.25
8.00
3.75
5.75
12.75
16.25
13.75
15.25
12.75
6.00
9.00
6.50
7.75
6.00
4.00
3.75
3.50
4.75
4.25
5.50
4.50
5.25
8.75
6.50
5.00
4.75
16.00
4.50
4.50
4.50
10.75
11.00
12.75
3.75
8.75
13.00
3.50
3.50
3.25
4.25
4.50
4.25
4.00
3.50
4.25
5.25
4.75
4.00
4.50
3.75
10.00
8.25
3.75
3.50
13.25
6.50
11.50
14.25
4.75
3.75
6.00
4.00
4.00
4.50
3.75
4.50
4.75
5.00
4.00
4.75
4.75
4.50
12.25
5.25
4.25
4.50
14.25
16.50
5.00
7.75
4.75
4.25
3.75
4.50
5.25
7.75
18.50
16.50
8.00
5.50
11.50
17.25
17.50
6.00
14.50
5.25
5.50
5.50
5.00
5.50
5.25
5.25
6.50
6.50
18.75
22.00
11.50
7.75
18.00
6.25
7.25
6.50
16.00
4.50
6.00
8.75
5.50
5.50
5.75
11.50
23.25
19.00
13.25
6.25
7.25
7.75
6.50
7.00
6.75
7.25
6.75
10.75
19.25
12.75
8.00
7.75
24.75
23.75
27.25
10.00
21.25
25.25
17.25
18.00
27.75
20.00
19.50
7.00
22.00
24.75
8.75
13.00
26.50
23.25
27.75
29.50
30.25
11.25
13.75
16.00
11.00
12.75
11.00
29.25
8.25
12.00
7.00
15.50
24.50
7.75
8.50
14.75
9.25
21.25
23.00
20.25
26.25
28.00
26.50
8.25
12.00
16.75
6.50
16.75
31.75
9.75
15.75
23.25
23.50
30.75
21.50
19.50
8.50
8.75
22.25
11.50
19.25
21.75
6.50
24.00
13.50
10.00
30.25
12.00
17.00
25.50
16.50
8.25
8.00
9.00
12.00
13.50
8.75
8.00
7.25
13.75
8.00
20.25
7.00
8.00
8.75
8.25
8.25
8.00
10.00
16.50
25.00
21.00
32.75
27.00
31.25
32.25
29.75
9.00
26.00
32.50
32.25
33.50
29.75
29.00
32.00
27.50
21.25
27.25
30.75
32.00
28.25
28.00
22.75
27.75
12.50
26.50
25.25
7.75
23.00
15.50
17.75
20.00
21.25
29.75
29.25
30.50
29.00
28.00
29.00
7.75
8.25
26.25
30.75
31.00
31.50
26.50
24.25
31.00
31.25
30.50
29.75
30.75
30.75
26.75
30.25
31.00
30.50
31.00
28.00
27.50
29.25
21.00
23.00
11.75
7.75
8.50
15.25
19.25
16.75
14.75
6.50
6.75
20.25
17.00
23.50
12.00
8.25
11.50
21.75
26.25
26.25
22.25
23.25
25.50
26.00
15.50
23.00
23.00
22.00
24.25
22.25
17.75
15.50
7.00
6.25
23.00
25.00
25.00
25.25
22.75
13.75
17.25
21.00
23.00
19.25
12.75
10.25
20.25
19.25
10.50
15.75
19.75
23.00
22.75
6.25
10.25
18.50
20.75
21.50
20.25
5.00
5.50
5.25
6.25
7.75
12.50
9.25
4.25
6.25
4.25
10.00
5.75
16.50
17.00
18.75
17.50
18.00
18.50
18.25
16.75
17.75
17.50
12.00
5.00
3.00
5.25
4.75
5.00
17.00
17.50
15.75
17.00
13.00
6.50
9.50
4.50
4.75
4.50
4.00
4.50
4.00
3.75
4.25
7.75
13.75
15.75
15.25
15.00
14.75
14.25
4.00
4.50
14.75
15.50
6.50
6.50
4.00
7.50
3.75
4.25
4.00
10.25
9.25
12.50
12.75
12.75
13.75
6.75
4.25
4.25
14.50
16.75
16.50
15.75
13.75
14.50
13.75
13.75
5.25
4.50
4.50
4.25
15.25
15.75
5.75
4.50
8.50
4.75
4.00
8.50
11.00
7.25
12.50
13.75
6.25
4.75
4.50
5.25
6.50
5.00
18.75
21.00
20.50
20.00
15.00
18.75
19.25
20.25
18.00
16.25
19.00
4.75
20.00
9.50
16.00
16.00
5.75
6.50
12.00
6.50
6.25
5.50
22.75
21.75
17.50
6.00
6.00
17.50
18.75
10.50
19.00
23.75
24.50
8.50
9.00
7.50
5.75
6.25
6.50
6.75
6.50
10.00
14.75
9.00
6.75
7.25
7.25
6.25
7.00
7.00
7.25
7.75
18.25
8.25
7.00
8.00
7.25
26.25
27.25
7.25
6.75
6.25
28.00
28.75
29.50
24.00
8.00
9.50
6.75
22.25
27.75
18.00
15.25
15.50
7.25
10.00
25.50
18.00
8.25
28.50
29.25
15.75
8.25
8.50
7.75
7.75
8.25
15.75
8.75
8.25
7.75
8.00
15.00
9.75
30.50
9.25
10.75
26.50
25.50
28.50
29.00
15.25
7.75
8.50
11.00
9.50
21.00
30.25
17.50
8.50
17.50
9.00
6.50
10.00
19.75
32.25
13.50
8.25
11.25
23.00
20.25
25.00
21.00
29.00
16.00
9.25
18.75
18.50
26.75
16.25
12.25
14.25
21.50
25.25
8.75
10.00
6.50
9.25
10.75
22.25
15.75
12.00
18.50
21.25
27.25
29.75
15.00
26.00
20.75
8.25
9.50
22.75
29.00
27.00
20.75
17.50
15.50
17.75
11.25
8.00
18.25
15.50
11.25
8.50
14.25
17.50
8.25
22.00
20.00
12.50
28.25
26.25
32.25
32.75
27.50
9.75
12.25
29.50
14.50
13.50
25.25
23.00
20.75
18.00
19.25
30.00
27.50
26.50
24.75
25.25
25.00
10.00
11.25
16.00
20.25
19.25
28.50
29.00
28.25
27.25
29.25
19.00
10.75
7.50
16.75
17.75
6.75
12.00
13.00
10.75
11.25
7.50
19.00
17.00
8.75
15.25
16.75
24.25
25.75
23.75
24.75
26.50
25.25
26.50
25.25
20.00
9.00
6.25
18.50
14.00
10.75
9.75
25.50
25.00
26.00
23.00
20.00
23.25
23.75
23.00
22.25
24.75
24.75
13.25
14.25
12.75
6.50
9.50
8.25
10.25
11.50
18.75
19.25
20.00
21.00
17.00
6.75
19.25
23.75
23.75
18.00
21.75
6.50
6.00
15.50
19.00
5.75
12.75
4.75
5.50
7.50
11.25
5.00
4.25
20.75
20.25
16.50
14.50
5.50
5.75
5.00
12.50
4.25
14.00
14.50
15.00
16.75
13.50
9.00
15.75
16.50
15.25
16.25
15.50
17.50
11.00
6.50
4.25
4.75
6.00
16.50
15.50
8.00
15.00
15.75
4.50
4.50
8.50
5.25
13.75
15.75
15.75
16.25
4.25
14.25
7.75
13.75
5.50
4.50
3.75
14.00
17.00
17.25
17.50
17.50
17.50
17.50
17.25
16.75
13.75
7.75
15.50
16.75
15.75
15.25
14.50
6.25
11.50
4.00
4.25
4.00
8.25
13.75
11.75
4.50
4.25
4.00
4.00
4.25
4.50
4.50
16.75
16.50
12.75
13.25
4.25
4.50
4.75
4.00
19.00
6.75
5.25
17.50
8.75
4.50
5.75
4.50
7.00
5.00
5.00
8.75
17.50
5.50
5.00
4.75
7.00
12.50
5.25
7.50
5.50
6.50
8.25
5.75
5.50
5.50
5.25
4.75
4.50
6.50
10.25
6.50
4.75
6.50
5.50
11.50
8.75
7.25
5.00
6.25
6.00
7.50
6.50
7.25
7.00
7.00
8.25
7.75
7.50
7.50
8.25
7.25
7.50
8.00
17.00
23.00
7.25
23.75
7.00
26.50
28.00
26.75
21.25
6.25
7.25
7.50
15.25
6.75
10.00
7.75
14.75
8.25
8.25
7.00
13.50
7.75
6.75
7.25
7.00
12.75
28.50
30.25
21.00
14.00
16.50
31.00
8.00
8.00
9.50
12.00
8.00
25.25
8.25
10.75
12.75
9.50
13.75
18.00
30.75
23.25
27.75
27.00
10.25
12.00
32.00
31.50
27.00
31.25
25.25
31.75
31.75
17.25
8.00
9.00
19.25
25.50
32.25
33.50
14.00
11.75
10.00
9.00
10.00
9.75
27.25
17.50
26.50
27.25
31.25
31.75
13.75
7.00
22.25
17.50
8.50
7.75
8.75
7.25
15.25
29.00
9.75
20.00
16.25
7.50
8.00
8.00
8.25
13.00
12.25
30.50
25.00
32.00
33.75
32.50
32.75
26.50
21.00
28.25
26.00
32.00
26.25
32.00
33.25
33.25
30.75
32.00
23.00
33.25
33.50
33.25
33.25
32.25
19.25
13.75
10.00
15.50
32.75
31.00
32.75
31.00
22.00
15.75
24.75
28.00
23.00
7.25
7.25
19.00
16.75
18.00
19.50
23.00
25.25
28.50
22.75
26.50
25.00
6.00
8.25
11.25
13.00
17.75
15.25
12.00
9.50
27.25
19.00
21.75
29.25
8.50
7.00
8.00
15.00
19.00
28.50
20.75
14.00
17.50
11.00
19.00
25.25
25.25
21.00
17.50
8.00
20.75
12.00
13.25
23.25
23.00
26.25
27.25
27.00
26.00
24.75
20.25
18.50
9.75
6.75
21.00
23.00
21.00
24.75
20.25
19.00
17.50
16.25
16.75
20.00
22.25
5.50
6.50
5.50
7.25
18.25
20.75
22.75
23.75
23.25
11.75
6.50
6.00
5.50
12.00
17.50
10.75
16.25
4.75
5.00
5.25
9.25
12.25
13.75
10.00
11.75
6.50
6.00
18.75
6.50
10.75
19.75
17.75
18.75
17.00
20.50
5.25
4.25
4.75
4.00
4.50
5.25
4.00
10.25
4.50
4.50
4.50
4.50
5.75
12.75
17.25
16.50
16.00
15.25
11.75
15.75
11.25
6.50
15.75
5.50
8.75
4.25
4.75
11.25
12.75
13.75
15.25
14.50
13.00
8.75
3.75
3.50
4.00
4.00
14.50
13.00
7.75
12.00
3.50
4.00
4.00
14.00
13.25
14.00
14.50
15.75
15.00
11.50
5.00
3.50
6.00
12.00
8.25
3.75
4.25
3.75
10.75
10.50
13.75
3.50
4.00
9.25
4.25
7.25
13.75
9.50
17.00
14.75
5.75
9.50
5.25
11.00
4.00
4.75
4.50
4.50
4.75
4.50
11.50
14.50
17.50
4.75
5.50
5.00
4.75
4.75
5.75
8.00
5.25
5.00
3.75
6.25
7.75
9.50
5.25
19.50
20.00
20.75
19.00
16.25
17.50
19.25
19.75
19.25
21.00
6.25
6.25
6.50
6.00
5.25
22.00
20.25
4.75
25.00
24.50
14.50
5.50
18.75
19.00
6.75
6.50
23.00
24.25
9.25
6.75
7.25
7.25
24.75
9.00
8.25
23.00
21.50
15.25
14.25
6.50
12.00
11.00
21.00
27.50
29.00
23.00
7.75
6.50
8.25
7.50
9.25
6.50
16.00
10.00
23.00
7.50
7.25
28.75
29.50
28.25
8.00
7.75
16.50
10.00
6.75
8.25
8.50
7.75
9.25
8.00
8.25
20.50
24.75
22.25
19.75
9.50
9.50
28.00
19.75
11.25
8.25
7.50
10.00
8.00
7.25
9.25
21.50
32.00
33.00
31.25
25.75
8.50
6.50
7.50
13.00
22.50
11.50
23.25
29.00
31.25
29.75
25.25
15.50
11.75
8.25
11.25
31.25
11.75
8.25
8.50
7.50
32.00
30.25
5.75
9.50
10.00
8.75
9.50
7.75
10.00
27.25
29.50
24.50
28.75
27.25
18.50
16.25
18.75
25.50
21.25
21.25
14.25
15.75
19.75
30.00
32.75
31.75
29.00
33.00
32.75
34.25
16.50
7.25
22.00
28.00
30.25
32.00
30.25
23.75
15.25
10.25
19.50
10.75
11.00
7.75
14.25
30.25
29.25
32.50
31.75
31.50
28.50
27.00
26.25
29.00
28.00
27.00
12.00
8.25
22.00
27.00
29.00
27.25
18.75
20.75
21.00
22.50
28.75
15.25
11.25
30.25
27.75
18.25
22.75
29.00
28.00
29.75
29.00
29.75
25.75
24.25
21.00
10.25
13.75
12.00
20.00
17.50
19.00
8.25
7.75
6.75
26.75
18.00
10.00
21.00
25.75
25.50
25.50
24.25
21.75
25.75
25.00
24.25
24.25
24.50
26.75
25.25
17.75
19.25
20.25
26.75
24.75
24.50
11.00
23.25
6.50
7.00
9.00
18.75
23.00
22.25
20.00
5.50
13.75
11.50
20.00
6.50
15.75
21.00
23.00
23.50
21.75
23.00
23.00
20.25
8.25
21.00
22.25
22.25
22.00
21.25
16.50
19.00
18.00
19.00
5.00
6.50
4.75
11.50
5.50
5.25
3.25
8.25
5.75
5.50
17.25
19.25
17.50
15.50
18.00
17.50
17.50
10.25
5.50
18.25
18.75
19.25
18.75
18.50
18.50
18.75
18.50
17.75
17.50
17.50
16.00
15.25
10.00
5.50
7.00
5.00
7.25
13.25
12.00
9.75
4.00
5.00
6.50
4.50
4.25
4.25
4.00
3.75
16.25
8.50
4.50
4.25
4.00
3.50
4.00
9.75
14.75
16.00
16.25
15.50
15.50
13.75
14.00
16.00
16.50
14.50
15.75
16.00
17.50
17.25
17.50
16.75
17.25
16.25
16.25
13.25
12.75
14.50
4.50
4.50
2.75
7.00
7.50
4.75
4.50
3.50
16.00
18.00
13.50
4.00
4.00
5.25
5.25
4.50
13.25
11.50
4.75
5.50
15.75
12.50
4.50
5.50
11.75
4.75
4.50
5.00
14.75
19.25
20.25
5.50
14.50
5.50
19.50
13.50
13.50
7.50
15.50
17.25
23.00
4.75
13.50
18.00
18.50
21.00
21.50
13.00
12.75
13.50
19.25
6.50
22.75
26.00
26.00
11.50
14.50
14.25
20.25
9.25
8.00
6.75
10.25
6.75
11.00
14.00
23.00
21.75
9.75
7.50
6.75
10.00
14.75
18.00
6.75
6.75
21.75
23.50
25.00
24.75
25.75
17.75
20.00
26.75
28.50
7.25
7.25
8.25
8.50
28.75
30.25
29.00
22.00
24.00
13.50
8.00
13.50
9.75
13.00
25.50
25.50
7.25
8.00
8.00
11.00
26.50
31.00
29.25
24.00
29.50
19.00
26.75
26.50
30.75
23.50
12.25
11.25
7.50
8.50
14.50
9.00
11.50
32.75
25.25
23.00
30.25
10.00
9.00
8.25
7.75
8.25
15.00
14.75
29.75
32.00
31.25
32.75
11.25
20.25
32.75
31.75
25.00
29.50
29.50
22.25
25.50
30.75
19.50
26.25
6.75
18.75
16.50
7.25
6.50
7.50
9.25
8.25
14.75
24.75
27.75
31.75
31.25
29.00
16.00
9.00
29.25
9.00
7.50
7.50
8.00
21.25
26.50
30.75
32.50
25.75
13.50
7.75
8.25
8.25
16.25
24.25
25.75
29.75
25.25
26.00
12.25
11.25
12.75
7.50
12.25
27.75
31.00
27.75
30.50
26.50
23.50
27.75
22.75
26.25
24.75
25.75
23.75
18.50
22.25
7.75
8.50
8.75
8.50
8.00
8.25
14.75
24.25
24.00
15.75
15.25
16.25
14.50
17.50
16.50
28.25
29.50
24.75
29.50
28.75
27.00
29.00
21.00
26.75
23.25
24.00
25.25
24.50
27.25
26.50
26.50
21.00
25.50
21.50
8.25
24.25
18.00
22.25
16.25
12.50
13.75
8.25
7.00
6.00
19.25
13.50
17.00
19.50
12.25
6.00
7.25
10.25
14.75
6.25
5.50
8.25
16.50
20.75
24.75
24.50
24.00
6.50
11.50
22.50
23.25
24.25
24.00
23.50
21.25
22.00
22.00
21.50
9.75
8.50
10.00
18.00
6.00
6.00
5.25
5.50
10.50
18.50
5.75
10.25
6.50
5.50
4.75
4.50
5.50
12.00
19.25
21.00
19.25
12.25
18.25
18.75
18.50
17.25
17.00
15.50
4.75
4.75
4.75
4.50
18.25
15.75
4.75
4.75
4.50
4.75
3.25
6.25
17.50
11.75
5.25
4.25
10.25
3.75
4.25
3.00
2.75
6.00
10.00
9.00
4.25
4.00
16.75
13.50
3.75
13.50
13.75
15.00
10.75
12.50
13.75
4.75
3.50
5.00
4.00
4.25
4.00
4.00
4.00
4.50
4.25
4.00
3.75
3.75
4.50
4.25
4.25
15.25
12.50
8.75
4.50
4.00
5.00
10.25
16.75
14.50
15.50
15.75
17.50
11.50
15.75
15.50
16.50
15.75
17.25
16.75
7.50
18.25
5.50
4.50
5.00
4.75
16.25
5.75
10.75
8.25
5.25
5.00
4.75
17.00
18.00
17.25
6.00
14.00
15.75
18.25
6.00
5.75
6.00
4.25
4.75
7.50
12.25
7.25
13.75
20.00
11.25
8.50
11.75
12.00
12.75
12.00
15.75
17.75
16.00
14.50
7.75
6.25
6.75
6.75
11.50
21.75
8.25
24.75
23.75
6.50
9.50
19.00
9.00
26.50
11.50
7.50
7.00
6.50
22.50
23.75
7.25
13.75
24.00
20.50
7.50
6.75
16.75
7.00
6.50
20.00
10.00
8.75
7.75
6.50
7.50
8.00
28.25
7.50
7.75
15.50
11.00
7.25
7.25
24.75
24.25
14.00
24.25
21.75
23.25
25.50
28.25
29.50
20.75
18.00
27.75
32.00
29.50
25.75
13.50
30.00
19.00
9.00
13.50
26.00
23.00
13.50
12.00
11.00
23.25
13.50
12.00
13.00
8.50
14.50
7.00
7.25
11.50
27.50
33.00
18.25
6.25
8.75
7.00
24.25
28.75
29.00
20.50
12.75
30.00
29.25
31.25
31.00
15.50
23.25
13.50
8.75
13.75
7.75
9.75
9.00
9.00
17.25
9.00
11.50
12.75
25.75
30.50
30.75
21.00
16.50
19.25
22.50
27.75
20.25
9.50
13.75
12.00
8.25
29.75
32.00
31.75
31.75
32.50
32.50
32.75
30.00
32.25
29.50
32.25
29.25
30.25
28.50
33.25
33.25
33.50
32.00
29.00
30.75
31.75
29.00
29.25
33.50
32.00
23.75
26.25
33.50
29.25
30.25
32.00
32.00
31.00
32.00
29.75
32.00
26.50
9.25
23.25
30.50
31.25
28.25
30.25
21.50
26.50
17.75
21.75
14.50
11.25
23.00
23.75
29.25
21.00
11.00
24.25
31.75
31.25
23.00
28.25
30.50
30.25
29.50
27.75
27.50
27.50
16.25
16.25
23.75
28.50
28.50
26.50
27.75
27.00
16.50
19.00
27.00
24.75
19.25
8.25
19.25
26.50
27.00
26.50
14.00
6.50
7.00
6.00
18.00
25.25
24.25
25.25
16.25
23.25
23.00
23.75
22.25
10.75
6.50
19.00
10.50
11.75
12.25
14.25
22.75
17.50
15.25
6.00
6.00
22.25
22.75
23.50
22.75
22.50
21.50
21.50
21.50
22.25
22.25
22.25
22.00
12.75
21.00
21.50
21.00
20.00
20.25
19.75
20.00
19.25
18.75
19.25
20.00
6.50
5.50
5.25
4.75
15.25
17.50
17.50
16.75
17.00
11.25
9.00
16.25
6.25
5.00
12.25
17.00
12.50
16.00
14.50
4.50
4.25
3.75
14.75
17.00
16.75
15.00
17.25
16.00
9.50
3.50
6.75
4.00
5.25
3.75
16.50
16.00
16.00
16.00
15.75
16.75
16.25
17.25
17.25
16.75
17.25
16.25
16.25
14.25
15.50
17.00
17.00
16.25
16.00
15.00
14.50
15.50
15.50
14.50
15.50
7.75
15.75
8.50
6.50
7.00
4.50
4.75
13.75
9.00
4.75
4.50
5.50
4.50
5.00
4.50
16.75
14.75
5.25
19.25
16.25
5.00
6.00
5.00
4.75
4.50
6.50
4.50
5.00
3.25
4.50
14.50
18.50
5.25
5.75
17.00
19.50
20.50
10.25
20.00
20.75
21.00
20.50
20.25
10.75
16.75
19.50
16.25
16.50
21.00
5.25
5.25
21.75
16.00
10.50
13.00
5.75
6.50
11.50
22.50
24.75
20.50
19.75
19.25
26.50
25.00
19.25
7.75
9.75
13.25
21.75
7.25
15.50
10.25
7.25
10.50
7.50
6.50
7.25
7.25
7.00
7.50
7.25
20.25
7.25
23.00
8.25
7.50
25.00
23.50
28.50
25.50
9.75
7.75
9.25
25.50
15.50
19.00
12.50
11.50
8.00
8.50
14.25
8.25
24.00
29.00
30.50
29.00
21.50
20.25
8.25
10.25
9.00
30.25
29.25
11.50
8.25
12.50
19.25
27.50
8.25
32.50
13.00
8.50
7.25
29.00
32.50
30.25
15.50
10.25
10.25
15.25
8.00
9.25
25.50
7.25
15.25
23.25
31.00
31.75
29.75
32.25
30.50
28.75
26.50
27.75
19.50
8.50
8.50
15.75
25.25
28.75
7.50
9.50
9.50
30.50
31.25
26.50
20.50
24.25
31.75
28.00
28.50
10.00
26.00
27.75
16.25
12.50
11.00
6.25
10.50
25.00
22.75
30.25
30.75
28.75
28.75
34.25
32.75
26.75
20.00
29.50
18.25
15.25
6.50
29.75
16.75
30.75
28.00
22.75
25.75
27.00
30.75
30.25
11.25
33.25
28.50
29.50
31.25
33.00
32.25
32.75
27.50
30.75
18.75
18.00
23.00
16.25
29.50
31.75
22.25
19.50
26.00
30.00
29.00
31.75
32.50
31.25
29.00
26.75
18.25
9.50
9.75
27.00
29.00
30.00
25.50
25.75
19.75
26.50
25.75
24.50
18.50
12.75
9.50
21.25
23.25
23.00
22.50
21.00
13.00
22.75
20.25
15.25
21.00
16.25
18.00
6.75
6.50
7.00
6.00
19.75
25.00
24.75
19.75
21.50
23.00
21.25
22.00
21.50
9.00
4.75
24.50
25.00
25.75
25.25
23.50
20.00
23.75
22.00
16.00
21.00
25.75
26.00
25.00
25.00
13.75
23.25
24.00
23.25
23.00
19.75
20.50
20.25
23.25
23.25
23.50
22.50
14.25
17.25
20.25
21.50
21.75
20.00
5.50
16.25
21.00
20.25
20.25
20.00
20.00
6.75
19.25
19.25
20.50
3.75
11.75
17.25
17.75
13.00
8.50
6.75
10.50
18.50
5.25
3.25
5.75
10.25
16.75
18.50
17.75
17.50
18.00
17.00
14.75
7.00
4.25
12.50
16.00
16.50
15.50
18.75
12.50
7.25
6.50
16.25
16.50
16.50
15.75
16.50
15.50
16.00
16.00
15.75
16.50
15.50
15.00
14.00
10.50
12.00
3.25
12.00
12.00
4.00
4.00
3.50
3.50
3.75
4.00
7.50
3.75
15.50
17.25
15.50
4.25
4.50
4.50
8.50
8.25
4.25
4.00
4.25
4.25
3.75
4.25
12.00
13.25
15.75
8.50
4.50
4.50
3.50
6.25
4.25
17.00
7.75
5.00
4.50
4.50
4.50
4.50
4.50
4.75
14.75
5.00
4.25
5.00
9.50
9.25
11.50
7.50
6.75
5.75
5.00
5.00
4.50
7.75
7.25
5.00
5.25
5.75
5.25
5.00
6.75
7.75
6.50
16.25
5.75
5.00
5.50
9.00
6.25
5.75
7.50
7.50
27.00
27.00
12.50
10.00
12.75
8.50
21.25
6.75
8.75
7.25
7.75
7.25
11.50
9.00
22.50
21.50
14.50
9.75
10.75
13.00
7.75
7.00
7.75
17.50
6.75
6.50
7.75
7.50
12.75
22.50
26.50
11.00
8.50
20.50
26.50
13.50
8.25
8.25
7.25
21.75
30.00
28.50
6.50
7.75
8.25
10.50
31.00
29.25
15.25
9.75
10.00
26.50
19.25
28.75
13.00
25.25
24.50
11.00
15.25
16.00
19.25
10.00
18.75
21.00
7.00
8.25
8.00
10.00
10.25
9.00
8.25
10.25
29.25
19.75
11.75
17.50
12.25
18.25
10.25
17.25
8.75
16.00
8.25
6.50
14.00
34.25
33.00
9.00
12.75
7.25
20.25
13.50
25.50
30.25
27.25
9.00
24.25
28.50
17.00
13.50
14.75
10.00
19.25
31.25
8.25
8.50
8.25
6.50
7.50
9.25
11.25
7.75
8.50
23.00
30.25
28.75
30.75
21.25
28.50
31.25
28.75
33.00
32.25
31.25
27.50
23.25
24.00
30.25
31.50
28.75
24.00
28.50
29.50
29.50
33.75
24.50
9.50
7.75
8.50
13.25
28.25
28.50
26.50
30.00
30.50
31.75
24.75
19.00
29.25
30.25
31.50
32.50
28.50
19.25
9.25
19.00
15.25
25.00
29.50
26.50
29.50
9.00
6.50
21.75
27.50
30.25
26.00
18.00
19.00
13.75
17.00
10.50
10.25
16.25
13.50
21.00
27.50
27.00
26.50
23.00
7.00
6.75
10.00
17.00
21.00
18.00
18.75
13.50
14.75
21.00
23.25
26.50
24.25
18.75
25.75
26.50
25.75
24.75
24.75
24.75
26.00
21.00
8.75
14.50
23.00
17.50
15.25
21.75
23.50
23.50
23.25
15.00
5.75
7.25
15.25
14.75
8.25
9.00
14.50
17.25
15.50
20.75
20.00
18.50
6.00
8.25
12.50
20.00
22.50
22.00
20.50
6.00
10.25
20.75
5.50
17.75
18.25
14.00
4.75
9.50
19.25
20.00
9.00
17.00
16.00
19.25
12.25
5.00
11.75
7.00
8.50
6.00
4.75
4.50
6.25
4.00
5.00
4.50
4.50
3.50
5.75
17.00
15.25
14.75
15.25
17.50
15.50
15.00
13.75
5.50
13.75
3.00
3.50
3.00
13.00
4.75
16.25
17.50
16.25
8.75
3.25
4.75
7.75
14.75
15.00
16.25
16.25
16.25
16.75
17.50
13.75
12.00
17.25
15.25
4.50
6.00
4.25
4.00
4.25
3.25
6.75
8.50
8.50
4.50
4.00
6.75
4.25
4.50
15.75
15.50
16.75
16.75
7.50
8.00
12.00
9.75
6.00
12.00
16.25
9.75
4.50
4.50
5.00
5.00
5.00
4.50
5.25
6.00
16.00
11.00
15.25
17.00
15.25
6.75
16.50
5.00
5.75
6.50
5.25
15.50
10.25
5.50
5.50
10.00
5.50
9.50
14.50
20.50
6.25
5.25
6.25
5.25
10.00
15.50
5.50
5.75
6.50
6.50
6.75
7.50
6.00
13.25
22.75
24.75
14.25
6.50
6.25
6.00
6.50
20.50
22.00
20.00
7.00
6.25
10.50
6.50
7.00
17.50
8.25
9.00
6.25
7.25
9.00
7.00
6.00
7.50
7.75
6.75
28.00
24.25
26.50
6.50
5.50
12.00
19.50
22.50
14.50
8.25
17.75
8.25
18.00
17.00
20.50
9.25
8.25
7.75
8.50
17.75
28.75
16.50
26.75
6.50
9.50
10.50
14.50
15.50
8.50
7.75
9.00
7.50
23.00
21.50
8.50
24.00
21.50
10.00
8.50
10.50
10.25
28.75
30.25
8.00
12.00
18.50
7.25
32.25
18.25
9.50
9.50
7.50
28.50
28.50
8.25
8.25
11.50
8.25
9.75
7.00
20.00
8.75
16.50
10.00
6.75
8.25
31.50
9.00
8.25
7.50
7.00
7.25
9.50
11.25
29.00
28.75
23.25
7.50
7.75
8.50
13.75
8.25
13.25
28.75
31.00
28.50
31.00
31.00
22.50
16.00
21.00
31.00
22.25
17.00
29.00
29.75
32.00
30.50
25.75
29.50
26.25
19.25
14.25
20.50
30.00
32.00
26.75
31.75
9.75
8.75
9.00
10.00
26.50
29.25
29.25
29.75
31.75
30.75
29.50
8.75
9.25
17.75
24.75
32.25
31.50
32.50
31.50
29.25
25.25
17.50
24.25
24.25
23.00
27.25
29.25
30.75
12.00
30.25
30.50
27.75
24.25
24.25
28.00
21.75
24.75
28.50
11.25
21.00
13.50
12.25
13.50
25.75
28.50
25.75
28.25
28.00
27.50
21.25
17.75
13.75
15.75
9.00
6.75
20.50
22.00
7.00
5.75
7.25
7.00
5.75
9.50
8.50
8.50
22.00
23.00
23.50
12.50
23.50
24.75
25.50
24.25
24.25
24.00
23.25
24.75
25.75
23.00
12.75
10.75
5.75
20.75
24.25
23.25
11.75
5.50
5.75
17.25
7.50
10.75
15.50
16.50
21.50
18.25
9.00
5.50
6.50
12.00
15.25
16.75
10.50
10.00
18.25
19.25
16.00
13.75
19.50
16.00
18.00
18.50
19.25
20.00
19.75
19.25
16.25
19.75
19.00
18.25
13.75
18.25
18.50
17.75
7.25
9.25
9.00
4.50
4.00
5.75
2.75
4.50
5.50
11.00
4.00
3.50
3.00
3.25
7.25
3.25
3.75
3.75
5.50
7.25
10.75
11.00
9.50
6.50
4.25
5.00
3.75
4.50
10.00
3.25
3.75
8.25
13.75
16.25
16.25
15.50
6.25
16.25
15.50
16.00
14.25
14.50
15.00
15.25
10.00
14.75
17.25
14.75
17.50
16.00
4.50
4.00
7.25
13.50
18.75
18.50
18.50
17.50
6.25
17.50
7.00
18.00
18.50
18.50
19.00
8.25
9.25
3.00
9.25
6.25
8.75
5.75
13.75
18.00
17.50
21.00
19.50
20.00
16.75
13.75
16.75
16.00
18.25
13.75
2.00
5.25
21.75
18.75
21.25
21.50
10.75
1.00
12.25
6.25
6.50
20.50
11.75
23.75
20.25
2.75
15.50
8.00
7.75
24.75
24.50
14.50
14.75
6.50
10.00
1.25
11.25
27.75
23.00
19.75
13.00
8.50
6.50
12.50
11.00
11.00
28.50
27.75
28.00
10.00
4.25
2.25
23.50
29.75
29.00
2.75
28.00
24.25
8.50
30.75
27.00
22.50
24.75
8.00
22.50
23.00
31.50
32.50
4.75
32.00
29.25
4.25
26.75
24.50
31.75
24.75
1.75
24.00
31.50
32.00
23.75
31.25
25.75
14.00
32.00
26.50
29.25
25.00
34.25
22.00
18.50
21.00
23.25
34.50
31.75
28.00
33.00
25.75
24.25
31.50
35.00
22.50
25.50
7.75
10.00
21.00
18.25
31.25
34.50
15.00
20.50
17.50
34.75
12.00
35.50
14.00
21.25
25.25
14.75
20.75
22.25
26.50
30.50
14.50
24.75
35.50
28.50
11.75
24.50
20.50
21.00
26.00
9.00
7.25
6.00
1.75
7.00
23.00
21.75
24.50
31.25
16.00
14.00
1.75
17.75
10.00
26.25
33.75
33.25
24.50
20.00
35.75
31.75
13.00
31.50
26.50
10.25
10.25
7.25
10.00
21.75
10.25
24.50
3.25
34.50
28.75
14.75
2.00
34.75
14.00
35.00
22.50
9.00
1.75
4.50
13.75
30.25
19.00
22.75
22.25
33.00
18.50
16.75
10.75
22.25
7.25
5.00
25.25
11.50
13.50
20.25
2.75
11.50
12.25
1.75
1.75
5.25
33.75
23.75
12.00
8.75
8.50
5.75
33.25
32.25
9.50
8.75
2.00
1.50
12.00
12.50
19.75
20.75
1.50
7.00
12.50
1.50
7.25
1.75
12.50
5.50
19.50
1.50
8.75
2.00
4.25
4.50
6.00
7.50
2.75
19.25
21.75
18.75
13.00
28.75
21.50
19.75
22.00
22.25
28.25
28.50
5.25
6.00
1.75
1.25
1.25
1.25
12.25
2.00
1.25
1.25
5.75
4.50
2.75
1.75
1.25
5.50
2.25
3.75
1.25
1.25
13.50
20.00
24.25
6.00
21.00
17.50
23.50
23.00
8.00
19.75
13.50
7.50
6.00
3.75
4.50
22.75
1.00
13.75
19.25
18.00
15.50
9.75
1.00
9.00
20.00
10.50
1.75
3.75
1.50
8.25
5.75
1.00
3.50
19.25
6.00
10.00
18.25
10.50
6.50
10.00
16.25
13.50
9.75
17.50
5.25
3.50
13.50
6.75
10.50
18.25
8.00
1.00
12.50
12.00
7.50
17.50
17.50
6.50
17.50
7.00
16.50
12.00
17.50
17.25
7.50
10.00
9.50
10.25
1.25
7.00
4.50
7.25
9.00
8.50
7.50
17.75
17.50
17.50
17.47
18.38
17.29
17.01
17.06
15.61
16.65
11.34
15.00
14.61
12.96
13.39
9.78
10.40
10.13
10.42
9.94
11.02
12.52
11.13
10.40
10.19
12.04
13.66
9.35
9.61
9.91
9.17
10.35
9.66
10.27
11.85
14.73
14.71
12.79
9.87
11.78
10.90
11.59
20.57
13.32
10.58
20.10
18.90
20.57
22.78
19.46
16.08
11.19
12.08
14.61
14.73
14.73
14.73
14.73
14.79
11.72
21.71
21.99
18.79
27.31
26.16
23.17
25.82
24.52
22.53
20.70
13.19
21.66
14.80
19.18
22.50
11.87
20.80
16.19
14.77
13.14
12.15
21.81
15.97
12.36
12.52
28.24
30.99
19.98
29.29
30.09
12.57
11.86
17.43
11.70
13.13
13.23
13.48
13.19
19.78
20.00
21.40
17.72
18.50
23.06
12.95
12.49
12.75
15.43
20.37
19.24
27.64
18.46
17.48
12.50
18.98
19.53
19.53
19.53
28.91
33.08
22.26
21.85
19.48
16.38
25.32
22.75
14.84
13.96
12.87
12.62
13.13
18.77
12.87
20.96
31.57
33.25
32.22
32.46
28.32
30.71
20.37
13.86
18.83
30.28
14.03
18.53
17.49
15.15
19.55
22.17
18.65
15.79
14.11
16.98
19.50
11.89
19.28
24.80
27.77
19.02
14.46
14.03
15.28
15.71
15.04
19.37
13.42
12.80
15.85
21.75
15.17
15.96
12.08
19.31
25.05
28.03
21.92
24.23
26.48
19.73
15.18
12.39
13.27
15.34
16.77
21.56
24.86
23.11
26.24
28.63
24.16
18.51
13.35
19.39
20.28
17.39
22.45
22.99
23.66
26.21
22.86
23.78
16.61
15.71
21.50
22.92
23.83
26.94
29.27
28.88
26.81
26.18
19.20
11.52
11.71
17.06
20.43
19.27
25.55
24.75
18.17
20.84
17.89
25.84
20.70
21.79
17.81
20.60
21.81
23.75
22.62
21.66
23.23
20.95
23.94
23.53
24.91
17.43
14.85
16.24
13.31
15.38
14.55
21.42
21.42
21.42
21.42
18.99
18.99
18.99
18.99
18.99
18.99
18.99
18.99
18.99
18.99
18.99
18.99
18.99
18.99
18.99
18.99
18.99
18.99
18.99
18.99
18.99
18.99
18.99
18.99
18.99
18.99
18.99
18.99
18.99
18.99
18.26
18.26
18.26
18.26
18.26
18.26
18.26
18.26
18.26
18.26
18.26
18.26
18.26
18.26
18.26
18.26
18.26
18.26
18.26
18.26
18.26
18.26
18.26
18.26
18.26
18.26
18.26
18.26
18.26
18.26
18.26
14.85
14.85
14.85
14.85
14.85
14.85
14.85
14.85
14.85
14.85
14.85
14.85
14.85
14.85
14.85
14.85
14.85
14.85
14.85
14.85
14.85
14.85
14.85
14.85
14.85
14.85
14.85
14.85
14.85
14.85
14.57
14.57
14.57
14.57
14.57
14.57
14.57
14.57
14.57
14.57
14.57
14.57
14.57
14.57
14.57
14.57
14.57
14.57
14.57
14.57
14.57
14.57
14.57
14.57
14.57
14.57
14.57
14.57
14.57
14.57
14.57
13.36
13.36
13.36
13.36
13.36
13.36
13.36
13.36
13.36
13.36
13.36
13.36
13.36
13.36
13.36
13.36
13.36
17.61
17.39
14.21
10.92
12.09
10.46
16.13
10.86
9.33
9.71
10.68
9.79
11.69
16.78
15.49
17.58
13.28
13.51
15.55
17.71
19.21
17.75
18.71
19.10
19.82
20.97
15.02
17.41
16.78
11.36
11.01
17.91
18.28
18.66
14.99
12.12
12.43
16.93
15.79
16.22
12.22
11.53
12.08
12.56
11.23
10.38
10.34
10.78
11.73
11.77
17.77
19.75
12.04
16.76
11.13
29.63
28.70
27.86
24.45
17.72
19.39
12.41
11.99
13.68
14.94
20.81
24.61
16.07
12.53
13.03
16.59
13.22
17.09
15.67
14.47
14.13
18.79
13.40
24.01
16.21
31.91
28.53
17.54
17.78
15.97
18.19
20.05
25.06
19.93
17.30
23.08
12.43
18.45
28.49
23.04
19.00
14.12
12.52
24.90
26.22
28.20
20.08
21.01
29.83
25.62
14.43
29.15
30.27
26.19
32.94
34.68
31.08
29.64
26.85
23.33
18.36
22.66
30.07
29.92
13.18
14.59
14.26
14.77
28.28
16.98
14.69
16.37
17.78
13.04
12.49
12.64
18.41
20.77
20.99
15.64
18.70
12.63
19.93
30.92
32.34
25.28
21.93
16.34
13.99
14.59
12.34
18.36
14.00
20.42
16.25
22.03
19.17
23.24
24.13
26.01
17.75
13.83
15.14
15.17
21.51
14.69
16.32
19.14
19.89
15.66
11.63
13.31
19.18
22.58
22.77
24.60
26.67
28.48
28.02
22.84
24.70
26.18
15.64
21.94
28.24
27.70
20.08
21.13
22.72
24.06
26.20
22.04
20.94
12.88
14.65
20.05
20.05
21.65
22.32
26.79
24.01
23.17
23.26
17.09
18.26
17.86
17.13
18.17
11.45
11.63
15.62
17.52
17.17
20.45
22.71
16.90
20.58
22.58
24.05
23.26
22.56
22.72
23.13
22.49
22.89
23.15
23.16
22.57
23.08
21.75
17.02
18.06
21.93
20.07
23.76
24.62
22.52
21.02
18.66
19.82
22.40
22.15
18.12
21.35
16.61
18.22
19.85
17.79
19.46
17.14
16.07
12.68
14.81
15.55
18.62
20.92
19.72
19.74
12.42
11.04
12.57
12.65
19.99
22.43
21.85
17.40
22.81
23.77
22.42
16.99
17.69
12.62
13.71
13.32
10.78
13.67
16.54
22.64
20.85
18.33
10.54
15.94
19.50
20.38
21.16
20.61
20.94
19.35
18.47
18.62
19.14
20.53
16.11
18.90
21.69
19.32
18.67
19.13
12.36
12.56
10.37
14.36
9.76
9.14
10.78
11.59
9.14
9.00
9.59
9.56
9.53
9.61
9.52
16.21
16.34
13.53
16.45
18.97
17.76
17.66
14.63
14.93
11.70
10.37
18.07
16.64
18.65
17.34
13.91
9.33
9.66
11.09
15.33
14.25
10.09
15.57
7.93
9.56
9.47
16.23
17.18
17.97
18.35
17.39
12.57
15.35
10.55
10.28
8.73
17.67
8.90
11.66
12.66
13.28
13.36
13.36
13.33
9.30
9.04
10.07
10.92
15.00
8.77
8.85
17.40
20.41
20.11
16.90
14.48
18.57
18.53
17.90
9.11
7.91
8.63
8.94
9.97
12.63
12.83
8.94
14.05
12.46
11.37
12.22
14.34
9.16
10.17
9.67
10.04
9.83
11.64
14.87
14.13
13.06
10.24
10.29
11.36
10.07
10.66
12.09
11.72
13.68
13.03
24.20
21.38
12.56
21.63
11.73
15.42
16.62
14.98
20.19
17.14
18.45
16.00
13.35
15.07
12.18
10.87
11.04
17.42
30.85
30.49
16.73
11.34
15.22
12.71
15.92
16.37
28.22
25.67
15.80
21.45
20.60
23.53
11.71
24.23
32.00
15.50
32.56
24.80
15.09
20.76
13.74
11.00
10.77
11.97
13.38
10.88
12.71
11.87
25.96
15.46
12.49
12.61
13.55
11.79
13.07
21.90
26.38
11.72
18.34
15.57
15.54
11.52
20.09
26.05
21.95
16.05
26.43
27.27
24.91
33.09
31.21
30.66
31.74
26.75
12.84
12.62
13.72
15.65
11.03
14.43
12.10
12.31
14.79
12.13
13.35
15.12
19.10
22.47
12.53
20.45
14.42
12.43
20.65
36.53
35.56
25.26
16.38
20.63
11.42
15.57
28.07
13.12
15.07
22.58
25.54
24.95
24.56
19.75
21.97
12.10
16.20
18.86
19.65
13.35
11.00
12.67
10.66
12.91
11.19
14.95
11.52
11.29
12.37
13.16
12.64
12.83
15.80
15.88
20.38
19.24
20.04
22.92
22.92
28.91
25.68
24.27
15.18
11.69
20.61
18.22
24.12
25.27
24.12
26.11
15.80
18.92
24.77
23.99
24.31
25.58
21.01
29.11
26.22
21.29
25.08
26.69
17.13
20.98
20.91
19.69
18.60
22.29
24.36
27.57
29.35
28.49
12.83
21.55
21.09
28.88
25.41
21.56
23.23
22.82
20.93
23.74
25.34
23.16
22.17
23.30
14.49
20.82
25.74
25.08
24.95
22.66
22.20
21.88
18.77
18.07
21.48
22.33
21.24
17.52
11.66
17.34
19.78
23.87
19.90
22.25
23.07
19.71
16.09
17.55
16.75
21.07
21.75
18.89
22.68
23.01
19.05
22.43
15.08
14.80
15.85
12.61
14.89
15.68
13.84
15.22
17.78
14.79
14.42
16.68
17.12
17.65
23.97
22.98
21.59
14.06
11.68
15.73
10.45
12.20
12.52
9.90
11.60
11.00
14.97
18.39
20.60
17.26
11.88
13.28
10.59
9.86
9.36
9.59
10.04
14.81
19.29
20.73
22.43
23.52
22.29
21.48
20.36
19.38
16.03
19.68
21.53
20.35
21.36
21.50
20.57
19.56
17.85
15.56
14.58
10.03
10.24
9.99
11.45
13.44
9.69
10.76
11.56
16.06
19.76
18.11
15.73
9.42
9.54
10.04
9.82
16.47
18.76
18.32
16.94
15.54
17.58
19.51
19.23
8.94
8.53
7.96
7.73
8.80
8.00
15.44
20.84
20.07
15.27
17.49
16.64
19.77
18.41
8.94
8.81
19.31
19.82
18.54
18.09
17.90
19.53
16.07
16.38
11.26
11.43
10.03
9.37
14.75
16.86
11.07
13.34
9.59
19.65
11.54
12.14
11.21
18.89
15.78
12.21
10.58
9.65
12.97
11.54
10.55
10.91
9.67
9.89
10.99
10.92
12.02
12.93
12.70
10.73
14.09
19.39
21.40
22.38
21.94
21.04
19.50
15.16
9.11
11.61
20.99
10.78
21.80
11.68
10.40
10.35
11.74
10.88
14.74
22.34
15.14
10.60
9.80
16.62
20.29
19.45
21.79
11.98
15.94
11.73
16.33
17.13
12.67
14.67
25.96
15.19
14.03
13.31
12.17
15.92
15.73
10.60
20.43
16.60
12.46
11.00
19.91
19.51
12.85
14.34
14.44
17.60
13.47
20.24
33.01
32.09
25.04
25.64
22.93
26.62
13.89
14.89
15.90
28.36
15.68
18.44
21.21
24.78
18.38
14.06
17.54
26.80
24.85
17.63
18.17
32.38
34.04
32.85
21.00
12.87
33.97
33.34
30.92
25.80
28.68
29.89
16.42
13.55
13.86
13.41
13.03
12.65
20.07
13.12
14.65
17.00
21.92
23.58
14.62
14.34
13.70
13.20
13.26
13.54
34.42
35.09
34.58
34.11
27.44
16.18
15.91
14.21
14.93
18.84
18.60
35.16
35.95
34.54
30.70
28.10
14.78
17.06
19.23
18.91
19.60
11.71
19.82
20.68
17.57
23.08
16.48
15.84
15.44
18.09
19.55
16.70
20.74
24.52
23.47
24.08
18.10
24.83
26.30
17.02
29.66
27.00
16.68
13.27
18.22
20.62
21.09
26.78
27.22
27.77
27.20
29.21
28.89
20.30
20.91
20.73
17.99
20.22
19.30
17.41
16.68
16.62
15.08
24.10
17.65
16.74
20.76
30.54
29.17
26.92
27.56
26.39
27.40
26.12
26.60
25.86
26.81
25.72
23.79
25.63
26.30
24.51
21.51
19.30
17.74
20.94
21.18
21.10
21.65
22.22
23.10
24.01
26.20
27.41
22.81
29.55
26.06
26.05
18.90
16.34
16.28
18.58
21.60
17.69
12.88
11.02
11.86
11.68
21.27
21.99
19.40
19.89
18.82
17.55
19.84
19.94
19.78
18.96
21.92
21.04
25.11
25.76
23.47
18.23
19.46
12.68
14.95
16.07
17.59
11.37
15.74
17.94
14.08
17.63
15.99
15.77
16.51
14.43
17.18
10.61
12.21
12.59
14.02
11.17
12.39
20.59
19.41
18.04
12.51
10.47
12.12
22.20
23.29
21.80
22.22
22.07
16.06
17.36
19.77
13.90
13.97
9.78
12.53
14.96
14.87
12.06
15.02
15.03
16.75
16.27
13.36
14.18
14.80
13.67
14.66
11.03
9.39
13.81
16.96
18.27
18.67
17.14
17.52
16.75
16.02
10.00
16.02
18.60
18.92
17.63
19.27
20.04
19.45
15.93
17.00
16.67
16.21
10.74
9.25
18.35
18.89
18.75
16.11
12.84
9.65
8.52
12.95
14.84
17.63
16.99
16.44
16.28
11.06
14.37
17.23
17.03
17.01
16.73
16.11
9.96
13.67
18.76
18.27
17.49
15.08
11.74
8.55
9.51
9.61
13.58
13.73
8.66
12.27
9.20
9.98
9.96
9.99
11.07
11.33
11.36
10.51
9.46
8.31
8.70
12.36
10.82
10.79
9.86
9.99
10.63
9.69
11.82
9.85
12.08
11.24
10.27
10.49
12.03
13.60
15.46
20.72
9.92
11.78
11.03
13.02
10.93
11.00
13.14
10.96
10.43
11.24
11.48
16.84
16.46
15.43
10.55
12.46
15.34
22.38
21.04
17.77
14.54
16.23
10.36
12.28
12.80
11.00
15.59
11.94
15.07
14.37
13.56
12.15
11.48
11.31
11.86
11.71
11.84
15.46
17.26
17.74
12.68
12.80
14.21
17.92
16.57
11.71
14.19
13.73
16.87
25.53
12.35
31.62
32.44
32.18
31.91
30.25
16.87
19.27
27.32
29.82
19.44
31.62
19.42
14.30
13.95
24.72
13.10
15.03
22.74
16.41
15.98
16.21
19.87
17.68
16.34
12.67
12.77
16.10
14.83
28.83
35.05
18.17
13.88
13.65
23.69
13.60
15.24
16.49
19.30
19.59
18.56
16.71
17.82
22.67
29.42
19.66
16.58
18.69
16.66
19.03
12.93
12.69
18.05
13.56
14.48
24.62
24.20
16.35
27.88
23.92
31.45
21.42
20.63
15.58
15.50
14.27
16.35
24.27
14.86
26.48
14.68
15.23
14.42
15.27
15.01
17.11
21.59
22.22
14.58
17.23
12.05
26.29
27.36
28.69
24.95
18.61
14.51
19.90
15.79
16.61
28.15
12.67
12.38
13.84
15.88
18.34
20.74
26.55
25.41
20.98
25.91
29.40
32.10
32.86
24.19
23.64
23.35
22.80
27.36
29.79
23.88
22.83
24.79
23.18
18.30
14.73
14.63
15.99
22.92
25.85
26.26
22.42
20.06
17.63
21.22
25.12
20.24
21.46
25.37
30.04
24.85
29.00
20.01
10.80
12.57
25.27
25.65
24.42
19.01
21.12
13.40
16.23
21.77
21.12
27.30
26.20
19.83
22.09
24.03
24.34
25.34
24.30
19.71
22.02
18.96
18.09
25.65
25.39
16.90
21.98
24.20
18.01
22.43
15.89
13.03
12.63
14.16
20.93
19.73
21.18
21.67
19.55
22.34
22.12
14.21
15.96
20.39
26.33
21.29
25.11
21.99
21.54
12.68
13.21
12.72
11.15
19.27
24.43
22.98
22.13
25.40
23.92
19.85
25.47
23.49
22.10
21.63
17.23
14.93
19.07
18.15
23.47
24.28
23.63
22.78
20.52
20.15
18.54
15.96
24.41
21.90
20.82
21.08
19.24
16.14
16.57
19.26
20.49
16.08
13.59
11.75
10.39
21.60
22.60
21.46
18.48
21.55
21.31
19.17
11.51
9.26
10.20
9.87
12.87
11.58
20.80
14.15
13.64
9.80
14.98
17.91
20.12
14.03
8.58
8.63
9.45
10.35
8.22
11.82
14.62
9.71
11.26
10.59
8.99
11.37
12.57
12.39
16.08
18.78
17.58
12.76
17.67
9.89
9.68
11.32
15.34
12.11
14.01
12.06
10.00
10.20
16.91
10.14
10.11
9.89
12.84
20.17
17.73
11.45
9.82
11.56
9.80
18.15
19.84
17.44
13.36
13.36
13.36
13.36
13.36
13.36
13.36
13.36
13.36
13.36
13.36
13.36
13.36
13.36
13.36
13.36
13.36
13.36
13.36
13.36
13.23
11.14
10.72
12.55
15.40
21.04
21.54
19.57
18.79
13.35
18.09
15.50
13.33
10.75
13.59
16.46
9.84
10.50
11.06
11.17
10.22
11.19
15.45
12.85
10.79
14.04
11.70
12.85
10.81
11.95
12.55
12.82
14.71
20.74
15.77
12.37
14.20
17.64
14.22
13.31
24.99
27.65
28.92
29.26
27.99
26.67
27.49
24.86
25.63
24.76
12.29
15.26
17.09
20.18
15.49
20.72
17.09
15.74
19.39
16.58
23.87
16.21
23.41
11.15
15.90
12.26
14.52
12.64
17.36
14.45
16.48
13.66
13.32
12.13
16.78
33.61
17.38
20.74
23.38
15.79
26.99
17.29
30.70
33.17
19.97
19.85
19.67
21.26
13.88
18.83
14.87
15.22
12.05
16.94
23.57
18.03
19.10
16.44
12.85
17.82
28.47
18.67
15.29
15.74
18.58
18.62
15.64
17.97
17.55
22.93
23.46
30.85
20.16
13.98
18.38
20.65
17.37
15.82
13.64
16.60
14.49
25.85
25.96
22.66
14.66
19.71
24.40
21.78
21.30
24.97
26.63
17.05
17.38
14.63
17.41
17.45
15.62
17.26
19.54
13.67
13.65
13.64
15.36
16.85
17.69
21.36
25.18
23.88
20.65
23.74
18.82
21.10
19.61
21.64
17.40
17.53
22.36
22.23
22.69
27.85
27.77
26.21
27.13
29.13
24.00
23.56
17.96
24.32
28.30
27.18
29.24
31.62
18.37
12.10
19.36
16.79
18.23
24.78
21.77
17.81
16.25
19.91
27.83
28.14
23.04
20.30
23.77
20.04
28.10
26.50
28.04
25.80
15.59
18.67
26.05
28.04
26.96
27.92
27.98
29.15
26.51
30.03
28.18
25.12
13.89
15.16
19.25
16.24
23.75
23.89
23.98
19.57
10.20
15.24
17.92
21.57
24.75
23.82
25.09
20.52
15.01
21.92
15.22
25.79
17.14
16.46
14.76
18.67
18.05
23.86
22.44
24.49
24.73
25.45
22.31
19.89
23.56
29.28
29.33
21.53
15.33
23.48
16.30
12.26
13.81
16.92
21.58
12.35
16.71
15.04
19.78
16.13
19.70
24.73
23.31
26.83
24.52
19.58
11.06
10.70
15.96
16.36
19.20
25.16
24.44
18.55
22.46
18.39
18.84
17.53
15.39
12.93
13.46
21.24
22.18
22.24
24.36
24.14
22.43
21.15
16.09
20.26
15.66
16.59
11.86
11.07
12.95
14.06
15.00
17.89
19.07
18.59
11.31
9.35
9.11
10.32
10.62
11.40
17.06
21.54
20.55
21.28
20.06
18.86
16.48
17.28
8.80
21.16
19.95
9.40
20.54
21.45
20.62
19.91
20.54
19.48
19.61
18.73
17.34
17.06
15.77
15.75
12.59
12.04
10.80
13.76
8.99
8.47
7.99
8.57
10.25
17.68
18.33
17.80
18.56
18.20
17.66
17.26
17.82
18.84
18.34
18.88
18.37
19.32
20.19
17.84
16.37
17.07
20.52
17.19
14.58
11.51
11.60
13.04
13.37
10.70
10.94
17.40
21.18
20.49
18.85
21.48
21.30
18.60
21.47
22.85
22.55
21.34
11.96
12.37
17.68
17.82
18.88
20.09
20.44
19.46
18.12
20.30
12.53
12.39
16.55
10.83
14.09
10.05
11.70
15.52
15.02
12.18
13.04
15.57
10.08
11.84
9.88
13.24
24.54
25.24
22.30
22.03
12.85
12.33
15.48
17.58
12.93
12.22
12.06
11.75
12.67
15.77
11.68
11.89
12.03
15.26
17.21
11.28
11.63
20.86
16.42
16.27
13.33
18.78
15.84
18.76
14.61
25.18
30.26
22.46
27.07
22.50
25.83
19.10
14.21
19.42
17.38
12.62
17.66
21.65
17.59
24.67
27.41
14.54
16.79
14.52
23.98
23.30
29.22
21.10
19.07
18.28
18.56
25.73
21.85
26.44
23.38
19.82
20.01
17.11
13.65
14.08
14.15
14.16
17.56
29.60
24.35
14.64
30.54
34.41
30.01
15.53
14.74
20.89
14.04
19.94
15.93
17.17
14.23
15.71
17.41
18.42
17.54
16.32
15.67
17.78
21.13
23.13
21.11
14.93
18.52
14.16
16.02
15.54
15.02
18.35
15.98
19.48
16.47
25.61
16.50
31.77
26.78
14.59
14.52
15.57
25.88
27.69
21.09
26.05
33.10
31.79
31.00
19.90
19.03
17.72
16.02
17.50
14.69
16.49
15.00
15.18
17.85
22.82
17.93
18.55
23.49
20.15
22.69
25.30
23.07
22.33
26.19
20.78
25.32
19.91
24.05
22.37
22.45
23.25
22.17
22.79
17.07
22.94
25.02
25.93
28.03
26.99
26.53
28.82
31.97
16.67
12.82
21.26
25.42
28.25
26.79
25.29
29.24
27.99
21.37
19.54
23.82
26.31
24.98
22.70
24.51
24.75
19.78
17.75
21.99
17.26
16.68
14.52
19.34
25.50
16.28
19.45
14.56
13.33
17.12
22.60
23.62
23.26
23.39
22.20
23.27
26.83
21.83
23.43
23.73
21.60
24.14
19.04
23.83
21.00
23.26
26.04
26.27
21.63
18.71
19.26
23.38
21.04
17.44
16.37
20.13
19.23
20.51
16.26
14.66
15.51
16.78
16.00
15.93
19.43
20.19
20.28
20.81
19.95
19.64
14.66
15.90
22.12
24.53
25.39
23.91
26.25
24.30
24.95
20.72
23.41
23.98
23.49
23.57
24.84
24.13
23.09
22.71
22.89
20.28
15.65
22.10
17.24
19.03
21.42
16.12
19.61
17.98
18.81
18.68
15.63
15.62
10.43
19.76
19.92
10.70
12.43
9.54
10.73
13.32
10.35
9.80
10.10
10.16
12.72
14.95
16.28
10.75
18.15
16.79
18.53
13.03
16.94
16.39
14.91
9.92
12.26
17.35
16.21
11.04
10.76
12.26
15.87
9.34
15.84
16.70
18.36
10.76
16.27
11.78
11.33
10.80
15.18
18.48
18.20
10.71
17.72
18.75
17.93
11.80
18.90
17.78
19.34
16.04
17.51
13.18
10.92
9.56
10.11
16.59
19.97
14.57
17.61
17.29
16.84
16.84
9.68
13.29
11.70
18.46
17.00
10.38
11.22
10.01
10.19
11.60
17.52
16.83
17.89
14.62
18.34
16.36
18.77
20.05
19.67
17.80
11.33
15.74
12.57
10.71
11.10
12.42
11.42
11.36
11.93
13.36
12.48
18.47
21.98
14.38
22.07
20.52
18.05
15.84
23.34
23.03
12.31
11.17
17.70
17.14
11.93
12.96
12.43
11.02
14.51
12.85
15.29
15.24
19.48
13.91
11.45
15.04
12.05
11.21
11.63
11.60
12.48
11.63
12.42
20.66
8.53
9.31
13.70
15.21
10.34
9.48
13.62
19.17
17.58
19.48
22.74
18.53
20.79
10.42
16.35
19.75
10.74
16.49
23.73
17.49
10.81
17.63
20.73
16.00
19.55
23.50
27.31
23.97
11.47
13.27
9.05
13.65
11.82
19.25
24.41
33.34
24.77
31.17
18.43
11.89
14.59
11.19
13.66
22.18
14.25
15.25
17.52
16.66
13.32
11.11
26.76
28.14
12.55
13.24
22.70
11.52
12.02
11.67
26.81
12.67
16.31
13.66
15.31
34.07
27.05
15.06
17.67
13.49
19.83
12.27
8.00
12.74
11.98
16.07
11.56
12.96
16.72
12.16
14.02
14.20
20.66
10.01
13.37
15.80
16.06
17.60
17.08
12.66
18.32
16.08
16.64
13.41
18.06
10.75
12.52
15.97
17.59
22.56
25.76
27.56
17.21
13.30
21.97
24.80
21.26
17.44
16.40
14.41
23.11
22.93
21.24
27.17
24.90
17.86
10.69
11.58
12.75
10.51
13.84
13.97
13.54
16.77
24.52
16.16
24.73
30.20
25.15
27.12
28.00
16.12
15.86
27.18
14.53
13.17
12.47
17.22
15.88
16.14
16.72
23.36
28.62
26.31
26.51
25.76
28.02
29.75
29.45
29.80
27.19
25.40
28.24
16.82
11.47
12.89
16.02
17.90
14.51
13.64
18.28
14.90
17.25
15.65
19.73
19.55
20.23
22.60
19.28
20.62
26.41
24.78
22.01
10.58
10.97
13.59
14.67
12.81
11.55
19.46
18.73
20.34
10.22
26.64
24.95
22.67
21.50
23.45
21.15
10.93
14.27
16.81
26.20
25.28
24.17
15.71
10.36
10.90
13.20
18.20
19.20
15.31
12.68
15.68
21.69
9.72
9.66
10.77
19.36
15.23
17.43
14.75
12.98
10.85
11.11
10.09
11.23
23.15
24.46
23.12
21.83
22.71
23.88
23.44
22.93
20.71
13.37
17.18
17.62
19.68
21.09
16.24
15.90
13.47
11.28
9.87
8.49
8.32
9.19
21.24
12.96
14.25
15.79
15.10
11.88
10.74
13.43
10.66
8.32
8.72
8.50
13.09
13.09
8.61
12.29
9.80
14.21
10.20
9.21
13.99
10.71
13.16
8.87
18.94
17.66
12.65
8.42
10.56
11.39
14.25
8.39
12.52
7.66
11.63
11.07
15.37
7.29
8.94
9.84
9.22
8.82
9.11
11.10
16.99
18.35
17.14
13.78
13.55
11.39
7.83
7.81
8.45
9.48
9.34
9.68
12.50
10.25
10.53
11.45
12.00
15.31
14.80
14.08
8.00
10.99
9.52
12.28
10.32
8.11
9.01
10.31
10.89
12.37
9.70
9.94
9.88
15.86
12.75
8.99
8.84
8.57
11.30
19.19
21.47
11.68
9.78
8.65
10.59
11.47
9.53
9.50
11.28
13.33
9.97
19.14
22.54
23.12
23.33
22.85
19.23
18.24
16.79
14.34
12.39
11.88
19.74
20.15
22.51
10.91
23.60
10.58
9.45
10.28
15.65
22.20
10.77
17.84
25.98
25.99
26.61
25.71
24.93
23.01
18.35
19.56
16.93
12.83
13.07
11.91
15.73
11.21
9.68
14.16
12.73
11.78
14.10
12.71
27.41
10.10
13.78
16.63
11.19
12.04
28.44
25.80
30.01
31.18
12.85
11.97
28.70
27.07
19.06
12.12
12.34
17.80
22.16
17.46
10.85
12.09
13.99
13.74
15.98
15.06
17.06
12.75
15.31
14.04
19.74
25.41
15.00
15.43
16.34
15.40
17.23
17.29
15.55
15.59
30.40
26.02
12.74
15.69
18.75
32.44
27.26
15.10
19.25
17.94
11.77
15.90
14.96
33.07
31.38
29.17
25.78
19.10
24.92
21.68
18.16
11.57
11.78
13.29
19.30
19.23
20.90
16.05
23.20
18.25
14.30
13.41
20.23
23.10
26.49
22.11
15.50
14.35
16.70
27.82
29.15
23.19
24.46
25.89
19.20
13.63
13.04
12.13
15.46
12.85
12.04
15.04
23.72
28.83
25.52
29.35
27.84
29.29
28.25
23.16
23.91
18.87
15.08
19.26
20.75
23.30
20.96
19.44
27.54
25.53
27.89
27.39
10.84
13.52
12.94
13.51
16.42
18.21
24.70
18.73
11.77
12.16
24.32
24.27
28.97
29.68
29.41
28.75
26.97
25.89
28.19
28.51
25.87
25.07
28.72
18.48
14.33
19.57
24.45
23.30
24.79
23.51
21.28
19.30
20.39
21.07
20.18
24.80
16.17
20.45
22.01
18.29
18.49
18.92
20.97
24.12
24.41
25.31
20.24
18.26
14.43
18.39
22.89
29.24
28.41
21.74
13.24
11.12
14.28
17.87
21.69
16.80
17.84
24.31
22.11
15.07
11.13
14.62
21.36
17.07
10.35
14.71
13.50
14.27
25.33
23.33
20.14
18.14
21.71
23.16
22.04
21.67
21.88
8.75
9.71
12.49
13.66
15.62
12.91
15.37
13.82
13.33
14.79
11.22
11.15
11.42
11.30
10.20
12.90
13.86
16.25
15.01
14.46
10.32
10.96
12.51
11.51
8.49
11.33
10.44
10.78
12.82
18.08
16.88
9.78
11.40
10.80
10.12
10.10
12.14
19.08
18.09
13.65
13.50
8.97
8.95
11.66
19.75
9.29
15.26
12.85
9.70
11.71
14.93
13.04
13.19
8.07
8.79
12.05
8.89
11.18
8.98
8.92
16.13
18.75
16.11
15.80
14.95
10.53
15.19
13.53
9.20
17.61
17.39
17.11
17.30
17.52
16.28
12.23
8.82
10.91
13.82
17.45
17.78
11.09
13.40
14.25
10.63
15.02
16.59
14.54
10.55
8.05
9.56
16.82
16.56
16.60
16.78
9.79
14.49
14.00
19.62
13.05
10.70
8.74
13.04
13.42
17.48
7.53
7.44
12.39
9.27
9.60
10.17
8.84
7.04
8.64
16.32
15.67
21.90
15.44
19.66
12.53
22.11
21.76
17.13
14.61
7.77
9.25
12.94
12.47
13.28
18.48
14.55
19.53
13.59
8.19
17.06
16.62
21.50
24.61
25.63
24.90
23.48
22.61
21.31
18.94
20.43
14.93
17.91
9.96
9.22
9.36
10.27
26.30
15.17
10.52
17.38
29.06
19.49
11.44
11.41
14.41
12.37
17.82
18.65
9.30
12.49
8.82
10.68
11.32
10.44
9.93
10.07
9.76
11.21
10.54
12.07
7.03
16.20
14.02
9.54
22.59
32.00
13.16
18.43
11.00
10.64
31.37
33.32
20.19
40.23
21.89
13.83
21.48
21.08
14.46
13.71
18.26
13.02
21.20
30.61
16.36
10.64
11.72
24.94
11.01
15.53
10.65
25.05
32.71
25.92
11.27
10.74
11.44
34.26
34.81
28.73
20.74
19.10
15.25
12.59
20.88
29.38
23.65
12.65
33.16
32.62
20.13
11.57
26.85
33.92
9.89
21.10
30.07
27.95
1.96
23.41
17.34
13.55
14.82
11.30
16.17
24.02
34.65
31.67
35.08
25.55
19.51
13.27
14.04
10.40
13.18
20.23
19.47
18.31
17.62
28.01
21.24
21.52
21.31
13.74
13.55
10.56
10.62
12.43
11.09
12.59
12.60
13.28
11.57
22.33
20.11
18.25
10.00
11.87
15.19
20.78
22.93
18.51
18.87
14.28
18.45
17.12
18.35
17.34
15.08
20.54
21.04
28.13
26.20
28.50
28.10
27.64
30.59
22.25
22.39
24.07
28.75
31.10
30.88
24.61
6.23
29.34
28.29
29.43
28.22
30.79
13.76
13.93
11.74
14.12
20.03
25.85
26.16
27.97
26.91
24.31
18.50
12.57
15.83
22.33
17.68
20.84
26.44
25.42
21.75
20.33
27.88
28.42
22.04
17.64
16.56
18.38
24.58
22.10
25.24
24.62
24.71
27.95
17.36
23.37
26.87
20.66
20.29
12.36
23.16
12.74
17.70
16.79
16.04
19.64
14.66
7.47
0.44
26.12
27.57
28.01
26.94
23.63
21.10
17.13
21.65
16.81
16.69
18.26
24.47
23.34
20.01
16.51
21.56
20.73
19.46
18.76
11.23
16.10
15.65
19.71
23.83
16.05
18.28
22.98
22.65
13.69
8.67
2.10
8.41
11.58
10.81
10.73
8.18
19.99
21.59
20.42
18.67
21.77
18.30
22.22
21.65
20.66
22.40
23.89
23.00
21.88
21.79
15.62
15.45
13.09
10.26
10.27
13.24
14.20
12.25
8.53
1.99
9.73
9.41
10.56
11.37
7.87
7.38
8.36
3.49
10.72
12.51
10.36
8.37
8.66
13.78
12.77
10.34
8.01
5.33
3.62
11.47
10.69
16.41
15.72
15.16
18.98
16.37
2.35
10.85
16.15
10.59
3.48
3.39
5.66
10.35
16.09
1.97
13.61
18.84
4.40
12.17
1.12
19.31
19.39
12.11
11.07
12.53
8.65
14.49
17.39
15.61
17.44
15.07
11.16
8.85
9.68
8.97
24.65
24.69
25.14
22.16
24.84
13.47
18.67
22.35
21.74
16.04
16.04
16.04
13.20
13.60
12.96
12.04
15.48
10.58
12.36
1.45
11.28
11.39
10.55
28.24
11.46
22.38
17.37
28.88
26.74
23.97
23.17
11.05
11.63
13.72
30.19
27.87
28.77
21.34
21.52
29.48
24.63
20.28
14.71
14.94
12.93
22.60
10.78
12.43
18.45
20.93
19.45
30.34
23.64
20.35
16.58
14.41
11.21
10.60
14.74
36.82
36.77
33.99
27.10
21.25
20.17
17.05
21.14
12.08
21.43
11.67
14.01
29.96
37.86
37.76
17.32
13.25
16.18
31.70
35.57
23.16
26.95
32.63
30.45
27.11
25.53
24.89
24.05
12.47
31.84
42.26
30.97
33.79
26.20
18.40
18.10
15.35
17.85
16.65
35.96
30.45
11.94
19.53
2.13
28.19
27.02
30.44
30.90
27.82
23.32
17.00
25.25
13.82
21.05
15.99
18.30
21.18
28.72
15.02
10.93
21.26
24.05
24.05
24.05
22.74
24.05
21.01
24.73
35.08
27.91
27.73
31.95
32.01
32.99
33.83
23.15
26.13
35.25
31.48
16.42
22.97
24.57
22.08
13.50
10.70
8.09
11.63
17.81
9.26
6.93
10.69
12.57
12.67
12.13
38.84
16.72
9.58
12.78
37.32
37.20
37.27
23.79
20.12
9.90
10.61
15.76
14.50
23.93
30.35
28.53
37.08
35.05
29.27
24.02
18.92
20.05
23.89
20.87
27.50
27.50
25.88
27.47
36.38
35.28
11.50
20.83
27.94
25.26
34.61
28.66
25.78
29.54
28.88
30.00
30.07
22.27
21.64
21.38
31.12
28.78
27.70
34.34
34.60
33.31
30.66
27.18
22.35
22.40
25.72
10.86
31.36
32.89
32.60
24.98
35.62
34.32
24.14
26.26
20.75
15.74
29.22
23.71
21.46
19.15
16.91
19.03
22.01
20.83
20.84
8.64
12.15
17.45
19.26
17.13
12.07
10.95
15.12
15.38
23.13
14.97
23.61
22.68
16.65
7.57
14.46
28.71
13.80
19.28
22.50
21.71
26.56
13.05
17.79
24.38
25.76
23.18
21.02
17.28
13.06
14.18
29.91
25.00
19.40
17.86
27.44
33.11
30.68
30.41
27.99
30.95
31.43
30.61
28.07
24.84
22.53
5.73
11.98
15.48
19.49
5.21
5.33
9.28
8.23
12.98
11.33
3.51
1.13
2.21
1.77
7.71
7.54
2.28
12.93
9.65
4.21
9.59
3.73
6.01
1.65
3.81
5.48
4.64
8.19
5.85
4.07
1.59
0.00
4.84
1.44
1.32
6.32
0.96
1.05
4.08
2.82
4.54
7.41
1.98
1.63
8.97
8.08
1.77
9.90
8.51
4.07
4.12
8.44
2.49
2.76
4.56
4.13
2.29
3.83
1.32
2.52
2.15
4.34
6.05
19.38
5.46
5.18
7.57
7.13
22.57
22.05
11.17
5.48
7.20
12.79
5.90
7.56
5.99
5.96
6.95
4.51
6.20
6.85
6.28
