19790101
8.00
11.75
4.50
8.75
7.25
11.25
12.75
13.50
13.50
15.00
11.50
5.25
14.50
4.50
4.50
10.75
10.00
4.50
4.75
5.00
4.50
4.50
4.00
7.25
13.50
15.00
14.00
12.00
4.25
4.75
6.50
17.50
13.75
5.00
4.75
4.25
16.50
5.00
5.25
8.50
4.75
5.50
4.50
4.75
8.00
15.00
18.75
19.50
17.50
6.50
14.75
16.50
19.25
14.00
17.25
6.25
18.75
7.75
19.00
15.75
6.25
6.25
21.75
7.50
8.00
8.25
8.50
7.75
21.25
7.75
6.75
6.50
7.25
7.00
6.50
7.00
6.50
6.25
7.25
22.50
7.00
12.50
13.75
7.00
7.25
6.50
7.50
13.75
21.75
25.00
14.50
7.75
7.75
9.25
7.75
7.50
7.25
24.75
7.75
9.50
23.75
16.75
19.75
20.25
7.50
11.25
15.00
15.25
13.50
29.50
29.00
28.75
27.75
24.75
19.75
31.00
30.50
22.75
23.25
27.50
7.50
15.25
8.50
12.75
18.50
21.75
15.00
28.25
14.00
15.50
12.75
21.25
10.00
8.25
9.50
19.75
23.00
27.75
32.50
31.50
32.00
28.25
20.50
19.00
9.00
8.25
9.25
8.00
9.75
23.50
31.50
31.00
29.50
30.25
29.00
15.25
10.25
16.00
31.75
33.00
9.25
7.50
8.50
22.75
32.25
30.50
30.00
12.50
20.25
26.75
15.50
7.75
16.50
24.75
21.25
24.00
24.00
22.75
19.25
17.25
14.50
25.00
30.75
32.00
30.50
32.00
30.00
32.00
31.75
28.75
29.75
26.00
30.50
32.25
32.00
32.00
32.00
33.00
31.50
29.75
22.75
28.25
32.00
31.25
26.50
17.25
21.25
28.25
24.75
11.25
18.75
26.75
28.50
17.00
22.00
29.75
30.25
29.25
30.25
30.25
30.25
19.25
25.00
22.00
29.75
27.25
29.25
25.50
28.00
25.00
19.75
18.25
10.00
14.50
26.25
18.75
20.00
19.50
24.25
26.25
24.50
26.25
20.75
19.50
11.75
22.50
15.50
21.00
26.50
21.75
18.25
15.00
10.50
14.00
24.00
23.75
23.25
24.50
25.50
25.00
12.75
19.25
25.00
25.00
25.00
23.75
10.50
5.75
8.25
24.75
23.75
23.00
23.00
24.50
22.50
24.25
22.50
24.00
24.00
23.75
23.50
23.25
23.00
23.25
23.00
22.75
21.75
21.00
22.25
21.25
21.50
21.75
20.75
21.50
21.50
19.50
20.75
19.00
14.50
20.25
18.00
19.00
19.50
19.75
19.50
8.75
15.00
9.00
15.00
17.25
12.25
13.50
14.50
15.75
17.50
4.50
18.25
17.50
17.50
15.25
5.25
15.25
17.50
9.00
4.75
4.75
15.75
7.00
16.00
11.25
4.50
15.50
17.50
16.50
13.75
16.25
11.75
14.00
15.00
11.75
13.25
13.50
14.00
11.25
6.00
6.75
14.50
14.75
14.25
14.25
13.25
8.50
14.50
13.75
14.50
12.00
4.25
15.50
13.75
13.50
12.00
13.75
13.25
14.00
13.75
15.50
15.50
15.00
4.25
3.50
3.50
16.25
11.75
17.00
14.75
14.00
4.50
4.00
14.00
16.00
6.75
4.25
13.00
4.00
7.00
4.00
14.75
12.25
13.25
15.50
15.25
13.75
4.75
4.50
5.25
18.00
5.00
5.00
4.75
5.00
4.50
5.25
4.75
5.25
10.75
5.50
11.25
5.75
4.50
3.50
12.00
14.00
19.00
14.50
12.50
5.25
12.50
6.00
5.25
7.75
8.50
6.25
11.75
18.00
11.75
8.50
13.75
13.75
6.75
7.25
5.25
7.00
6.75
8.75
6.50
11.00
6.50
13.00
7.50
7.25
6.75
22.75
17.25
8.75
17.00
21.25
20.75
18.75
9.25
13.00
7.50
7.25
17.25
22.50
14.00
7.00
10.00
27.00
7.00
24.75
28.25
7.75
9.00
7.25
8.50
8.00
19.00
8.75
8.00
7.25
25.50
27.50
30.75
30.25
11.00
7.25
9.00
13.75
8.25
7.75
7.50
8.25
17.00
11.25
8.00
10.00
8.00
9.50
19.00
20.00
12.75
8.50
11.50
8.00
29.50
10.75
14.50
23.75
29.25
30.25
10.00
8.00
29.75
26.00
25.75
8.50
18.25
26.50
12.75
10.50
19.25
9.75
31.00
31.25
27.50
19.50
24.50
17.50
11.50
9.25
15.00
15.25
11.25
9.50
12.75
18.00
31.00
31.25
31.75
26.75
17.00
32.00
31.50
32.75
32.25
33.25
32.25
26.25
30.00
32.75
33.25
32.75
33.25
25.25
10.50
26.75
33.00
31.75
31.00
27.75
30.75
26.50
23.25
14.50
29.50
26.75
29.50
22.75
9.00
8.25
14.50
28.25
31.25
30.25
22.50
29.75
31.50
30.75
31.00
30.75
30.50
31.75
30.75
30.00
24.00
15.25
24.00
26.25
30.75
30.00
26.75
7.75
19.00
8.25
11.50
14.00
28.75
25.75
20.25
26.00
25.25
15.75
18.75
20.75
27.25
27.25
26.00
22.50
25.75
25.00
28.25
29.00
26.75
28.75
27.75
10.75
6.00
14.75
10.50
19.75
21.25
22.75
26.75
26.75
25.25
20.00
19.50
22.75
16.50
26.25
24.75
25.50
26.50
26.25
18.00
24.75
21.50
6.75
8.25
16.00
17.75
6.75
6.50
6.25
10.25
24.00
22.00
22.00
23.50
22.50
22.25
23.50
22.25
23.00
21.75
22.50
22.50
22.50
22.25
21.25
19.00
8.50
21.50
21.50
21.25
7.75
5.75
10.50
20.25
20.00
5.75
5.00
5.00
19.75
19.25
19.00
18.00
15.25
13.50
16.75
19.00
17.50
18.25
17.75
17.25
17.00
16.75
17.25
17.50
17.00
15.75
13.75
15.75
16.75
12.75
12.25
9.50
10.50
4.50
4.25
12.75
10.00
11.75
12.00
12.50
13.50
4.50
5.50
11.75
7.00
12.25
14.25
11.25
12.50
13.00
3.50
4.25
8.25
15.50
15.50
10.00
17.25
15.00
4.25
6.50
3.25
3.75
4.25
5.25
13.25
16.00
4.00
13.75
14.75
6.00
10.50
4.50
13.75
15.75
14.00
4.50
12.50
15.50
16.75
13.50
4.75
4.00
4.25
4.00
3.75
4.50
14.25
15.50
16.50
16.25
17.00
16.25
17.50
16.75
16.25
17.00
13.25
4.00
16.00
12.25
4.50
4.50
5.00
6.50
5.50
4.75
4.75
4.50
8.50
5.00
4.50
5.00
4.50
14.50
4.75
18.75
14.25
17.50
14.25
18.75
18.50
16.50
7.50
5.50
5.50
5.75
5.50
8.50
8.75
14.75
6.25
6.25
8.75
6.25
5.75
6.50
6.50
10.50
6.25
22.00
6.50
16.75
7.75
15.50
7.25
6.50
18.75
21.50
19.00
6.75
7.75
6.75
9.00
9.50
11.75
22.50
7.25
8.50
14.50
12.00
25.25
13.75
21.25
10.25
9.50
22.75
22.00
18.25
11.75
19.00
13.50
6.50
5.75
5.50
8.50
6.00
8.75
16.25
24.75
7.50
9.00
19.75
23.00
13.50
7.25
7.25
7.75
14.25
7.50
19.25
7.25
8.00
9.25
20.25
8.00
14.25
26.50
26.75
8.25
27.25
15.75
29.00
30.50
31.00
28.50
15.50
11.00
8.50
31.75
13.25
8.25
30.25
30.75
26.25
24.25
8.50
8.25
8.00
25.25
28.50
11.25
8.00
8.25
18.25
9.50
8.25
9.00
8.25
7.75
17.00
8.25
8.50
8.75
18.75
32.25
31.25
30.75
17.50
8.50
8.00
11.25
18.50
30.25
30.50
29.00
28.75
21.75
30.75
21.00
30.25
28.00
20.75
22.00
30.25
29.75
16.75
13.75
22.75
28.75
31.75
32.50
32.00
29.50
24.25
23.50
28.25
32.00
27.00
25.50
21.75
26.50
30.50
24.75
30.00
27.00
27.25
9.00
18.75
15.25
22.50
10.00
12.00
8.00
14.50
24.50
30.00
17.50
12.00
26.50
19.25
26.75
28.50
25.25
27.00
29.00
29.75
30.25
24.75
30.00
29.25
25.25
23.75
24.25
27.00
28.25
28.00
25.50
24.75
25.75
28.75
28.25
28.00
27.00
21.75
20.25
21.25
17.00
25.00
18.50
19.75
14.25
24.50
23.75
11.75
25.50
11.25
20.50
24.75
16.00
20.00
13.75
12.75
6.50
6.50
6.50
14.00
7.75
19.75
22.00
6.50
6.50
8.00
11.00
8.25
21.25
21.00
22.25
23.25
22.25
16.25
21.75
11.00
21.75
17.00
15.75
7.75
12.50
5.75
11.00
8.75
18.00
19.25
15.50
20.25
17.50
7.25
6.50
6.50
15.50
19.00
5.00
11.00
20.25
20.75
19.50
19.00
17.25
13.75
17.50
6.75
14.00
5.25
4.75
5.25
9.00
5.25
5.00
5.25
6.75
18.00
17.25
8.75
14.75
16.25
5.75
4.50
9.75
13.75
16.75
12.25
13.75
14.25
4.75
4.25
3.00
5.00
5.25
15.75
14.75
10.00
16.25
16.50
15.75
14.50
15.50
15.50
15.25
14.50
15.50
14.75
13.25
13.50
4.50
12.00
14.50
14.50
4.00
4.00
16.25
16.25
15.50
11.25
15.50
14.25
13.75
13.75
13.75
15.00
11.50
4.50
4.50
10.00
8.50
14.25
4.25
4.00
4.50
16.00
13.75
15.25
16.25
15.50
4.25
4.75
4.50
13.75
12.00
17.50
17.75
18.25
11.50
16.00
12.00
9.00
16.75
15.00
4.25
5.50
4.75
4.75
10.25
14.25
16.50
6.50
4.50
10.75
5.50
5.25
4.75
5.25
4.75
5.00
5.25
4.25
5.25
5.25
6.00
6.25
16.25
8.25
18.00
13.75
20.25
6.00
5.75
6.25
6.25
6.00
6.50
5.75
9.75
10.50
8.00
14.75
14.00
6.25
6.50
6.75
7.00
6.50
6.50
11.75
5.50
12.75
7.25
11.50
15.50
15.25
19.50
17.25
12.25
13.75
22.25
12.50
7.75
7.00
7.75
7.50
7.50
23.00
19.25
14.50
19.25
8.75
7.50
8.50
8.00
26.25
9.75
26.00
29.00
27.50
21.00
8.25
26.75
28.50
24.50
14.75
17.75
10.50
13.00
7.50
8.25
14.50
12.00
12.75
20.00
27.50
11.75
8.25
11.75
13.00
17.75
27.75
24.50
8.75
8.50
7.75
25.00
26.50
9.50
8.25
16.00
8.25
8.25
9.25
19.25
19.25
26.50
20.50
28.50
30.75
31.50
31.50
29.75
27.50
18.25
8.50
7.75
11.25
22.00
28.50
24.75
8.25
28.25
30.00
21.25
8.25
8.25
8.50
8.00
13.50
11.25
17.25
8.25
7.25
7.75
7.50
7.75
8.50
14.25
20.00
27.50
8.50
8.25
10.75
27.75
31.25
22.25
14.50
16.75
11.75
8.50
8.25
8.00
7.75
9.50
10.25
7.50
23.75
27.00
30.00
28.75
31.25
28.75
26.25
32.00
30.00
21.50
28.50
28.50
30.75
32.00
32.00
25.75
29.25
24.75
25.00
27.50
28.50
10.00
7.00
10.50
23.50
18.50
21.00
26.00
28.50
21.00
23.75
27.00
30.75
28.75
23.00
29.00
28.00
26.50
12.75
12.25
12.25
10.75
15.50
22.50
26.50
29.00
26.75
24.75
25.00
23.75
23.75
18.00
23.25
25.00
20.25
24.25
27.00
27.00
23.75
25.75
25.50
27.00
25.25
22.50
8.00
6.75
7.00
6.25
4.75
12.25
8.25
20.50
21.25
24.00
19.75
9.75
7.25
17.25
23.50
20.75
21.00
21.75
21.00
23.25
20.25
21.25
23.50
23.00
21.25
15.50
12.75
23.25
21.25
22.00
22.50
18.50
22.00
20.50
20.00
20.50
16.75
16.75
16.25
14.00
21.00
5.00
19.25
7.25
5.00
4.75
4.75
6.50
6.50
9.75
11.75
7.75
4.75
5.00
17.50
14.25
7.50
13.00
5.00
5.75
5.25
19.25
17.75
15.75
13.50
10.00
4.75
4.75
9.75
4.50
13.00
10.25
15.25
4.50
4.50
4.25
7.25
4.50
4.50
3.50
4.00
12.00
10.75
6.25
10.00
10.00
4.00
4.50
4.50
3.75
4.50
3.00
4.25
10.50
14.25
12.75
13.25
12.50
15.00
14.75
13.75
9.25
14.00
13.75
14.25
4.50
3.75
13.00
14.75
14.25
13.75
15.25
8.25
12.25
4.00
8.75
3.75
4.25
4.50
3.50
4.50
4.50
4.50
4.50
4.25
4.00
8.25
12.75
12.00
4.75
3.50
5.25
18.75
5.00
10.50
6.50
16.50
17.50
17.00
18.25
12.00
10.25
15.50
9.75
6.75
6.00
17.00
8.50
5.50
6.25
6.25
14.25
13.50
5.25
8.75
15.25
19.25
6.00
5.50
6.00
18.50
18.75
9.50
6.25
6.50
6.00
5.25
6.25
6.50
6.25
5.75
5.75
6.75
17.50
9.75
6.75
23.75
23.00
6.50
8.25
7.75
7.50
6.50
6.75
22.75
7.00
6.75
10.50
8.00
24.00
6.50
6.75
18.75
12.00
16.25
7.75
6.50
17.50
7.25
7.25
7.50
7.75
8.00
24.75
19.00
24.00
10.25
12.00
14.00
23.25
10.00
16.00
21.75
20.75
26.50
21.00
11.25
6.75
8.00
7.75
7.00
14.50
10.00
15.25
12.50
7.75
20.25
24.00
28.25
30.25
26.25
8.00
8.25
10.25
7.75
22.25
17.50
14.75
21.00
27.75
27.75
9.50
12.50
16.25
25.25
29.50
25.00
11.25
13.25
22.75
24.25
15.50
16.00
14.50
26.75
30.25
13.00
17.50
15.50
21.50
19.50
19.00
14.25
28.50
21.00
9.00
22.50
21.00
30.25
30.75
32.25
29.00
26.00
17.00
26.00
22.75
9.50
14.50
11.00
8.00
11.25
14.50
16.25
21.25
19.50
29.75
29.50
29.75
32.25
32.00
28.00
20.25
28.25
25.75
28.00
12.00
22.75
31.25
32.00
30.50
15.50
30.50
29.75
11.50
17.50
17.25
10.75
27.25
23.50
29.00
25.50
25.00
31.00
31.75
32.00
31.00
31.00
32.00
23.00
19.75
30.00
32.25
32.00
32.50
32.25
32.25
31.25
31.75
31.00
32.25
31.75
27.75
28.75
29.50
29.00
31.00
31.25
30.00
18.50
26.50
28.75
28.50
25.75
28.25
21.50
20.75
21.00
27.75
8.25
7.50
15.25
26.50
27.50
27.50
26.50
24.75
27.75
28.00
9.75
20.00
27.00
22.75
27.00
28.00
20.50
20.50
23.00
18.50
24.50
28.25
27.00
26.50
22.75
9.25
10.25
21.50
21.00
23.00
23.75
23.50
11.00
24.00
21.50
24.75
12.75
6.00
12.00
7.50
21.50
20.25
22.25
24.75
25.25
7.75
23.00
21.75
23.75
6.50
10.00
7.50
20.50
15.50
19.75
21.75
22.00
21.75
16.50
17.00
5.25
12.75
15.00
5.75
5.50
13.50
8.50
11.75
18.25
18.25
18.00
18.00
10.25
17.50
16.50
17.00
17.50
14.25
5.00
5.00
4.75
13.75
8.75
14.25
15.75
17.00
17.00
15.75
15.50
16.50
16.50
14.75
13.75
15.75
17.50
17.75
17.25
16.50
14.75
16.50
15.75
16.25
16.00
15.50
15.50
15.00
14.75
15.25
13.75
13.25
13.50
12.75
11.00
11.50
12.25
3.75
4.25
3.50
3.50
4.25
3.75
4.50
5.75
15.50
14.50
5.00
4.25
4.25
3.25
4.00
3.00
3.25
11.75
4.50
16.75
12.50
13.25
17.50
18.00
17.50
17.00
15.50
17.25
16.75
10.25
4.25
7.75
7.75
4.50
3.75
4.50
4.50
5.00
5.00
4.50
4.75
4.50
6.25
5.00
4.00
5.25
5.00
4.50
4.25
4.75
5.00
5.50
20.50
19.50
5.25
5.25
5.00
4.75
7.00
5.50
12.00
5.25
6.25
6.50
6.00
5.75
13.00
10.75
10.50
6.00
5.75
6.00
5.75
6.00
18.50
10.25
23.25
19.50
14.25
9.00
6.25
6.75
6.25
6.50
7.50
6.50
8.25
13.75
21.75
26.25
12.75
7.00
13.50
15.50
7.50
7.50
7.00
7.25
7.00
6.75
11.75
10.00
9.50
7.25
22.00
21.25
8.00
9.25
7.50
10.00
9.25
7.25
7.25
6.25
8.50
8.50
10.50
9.00
24.00
9.75
16.75
25.50
9.25
14.25
14.75
11.00
8.25
10.00
30.50
15.50
23.25
12.50
7.75
10.00
8.25
10.75
13.50
8.00
11.25
7.75
8.75
14.00
23.00
31.75
31.50
32.75
31.00
26.00
18.50
11.25
13.75
13.50
8.25
8.00
8.75
8.75
15.25
30.25
25.75
31.25
19.25
7.50
7.75
21.25
22.25
19.75
7.75
8.25
9.00
14.50
29.50
24.00
27.50
33.75
31.50
33.75
18.25
9.25
14.75
19.50
16.75
9.00
13.75
9.50
16.50
19.50
23.50
19.50
27.50
26.50
17.00
19.75
25.50
27.75
31.75
29.25
29.50
26.50
27.00
18.25
9.75
21.75
31.00
31.75
30.00
28.50
31.75
32.00
33.00
32.25
32.25
32.50
25.00
15.50
23.25
9.00
12.75
25.00
24.75
23.25
27.25
28.75
33.25
31.75
32.00
30.00
29.50
22.75
26.75
26.00
18.50
23.50
30.75
30.25
30.00
11.75
27.75
27.25
23.75
30.25
26.00
26.50
19.00
21.75
10.00
25.25
24.75
25.75
21.75
17.75
28.00
24.75
24.50
21.00
24.25
25.75
17.50
9.50
7.25
8.50
7.75
23.25
18.75
22.50
25.25
25.00
26.50
26.50
26.50
25.50
12.50
7.00
10.50
9.50
6.00
6.50
6.75
7.25
7.25
22.25
25.75
22.50
24.25
13.50
17.50
11.75
23.00
23.00
22.75
24.25
24.00
23.75
6.75
6.50
6.25
6.50
6.50
10.50
5.25
16.25
20.00
8.25
8.25
13.75
6.25
5.25
5.75
19.50
19.50
21.25
21.00
18.75
16.50
20.75
6.25
8.00
20.00
21.00
19.75
19.75
17.25
17.50
17.00
15.50
13.25
18.00
16.00
16.50
17.50
17.50
17.25
14.50
6.00
4.50
12.00
13.25
11.00
13.75
6.25
9.50
12.00
8.25
14.50
14.50
16.00
13.50
13.25
12.50
10.25
11.00
14.25
14.00
12.75
12.00
5.75
5.75
13.25
14.25
15.25
12.75
11.50
7.75
15.25
14.25
15.00
4.25
4.00
3.75
4.00
4.25
4.25
4.25
16.25
16.25
15.50
6.25
16.25
4.50
16.25
12.75
4.25
4.00
13.00
5.75
3.25
3.50
4.50
4.25
4.50
3.75
4.50
7.00
4.50
17.50
15.25
10.25
4.75
3.75
4.50
11.25
11.75
7.25
6.50
9.25
6.00
5.75
6.50
13.50
8.00
6.00
18.75
14.50
6.00
16.25
9.25
17.00
8.00
5.50
4.50
5.50
6.25
6.50
5.25
5.50
6.50
8.50
5.00
5.00
4.75
5.25
8.50
5.50
4.75
5.50
4.50
5.75
6.00
5.50
5.25
11.75
16.00
5.50
6.25
6.75
6.50
10.50
11.50
20.50
6.25
6.50
6.75
6.75
6.25
7.00
9.75
8.25
6.75
6.50
6.50
6.75
7.50
6.25
15.25
14.25
6.25
8.50
11.25
11.25
7.25
7.00
30.00
8.25
11.50
12.75
26.00
9.50
5.75
13.00
20.75
9.00
10.25
13.25
8.00
7.75
7.00
6.75
27.75
25.00
28.00
10.50
8.25
22.00
29.25
29.75
31.25
17.75
8.25
11.00
27.25
32.00
8.75
8.00
8.25
8.75
30.25
31.00
29.75
21.50
26.50
26.50
25.25
30.25
29.75
30.75
29.00
19.00
15.00
16.50
28.75
27.75
13.00
9.50
8.50
6.50
19.00
23.50
8.25
10.75
10.00
10.00
9.00
8.25
7.50
11.00
24.75
12.75
8.75
16.50
19.00
30.25
32.25
30.00
11.25
12.00
8.50
32.25
27.25
14.00
11.00
9.75
33.50
26.25
32.75
32.50
12.00
11.75
8.75
8.25
26.50
27.50
30.00
30.50
29.75
26.00
18.75
22.25
29.75
34.00
33.25
16.50
8.50
31.25
32.50
33.50
33.00
33.25
33.75
32.25
33.00
33.75
22.50
18.00
18.00
9.75
25.50
20.25
27.75
26.75
26.25
23.00
30.50
27.25
32.00
19.00
22.00
22.75
24.25
25.25
27.25
28.75
23.75
21.75
27.75
23.75
26.75
26.75
22.25
19.75
28.50
25.00
28.00
28.25
9.25
17.50
19.00
15.25
6.50
11.00
15.50
30.25
26.25
24.25
25.50
25.00
12.25
8.75
10.00
18.75
19.00
12.50
21.00
24.50
25.50
26.50
21.25
19.25
13.75
17.00
24.75
23.50
6.25
19.25
24.75
10.00
16.50
17.75
14.75
7.00
6.00
15.75
6.25
6.25
6.00
23.00
25.00
24.25
23.75
6.75
18.25
20.50
18.75
19.25
17.50
21.00
22.50
22.00
22.50
21.50
22.00
22.00
18.00
10.25
7.50
6.25
5.00
6.50
4.75
15.00
18.50
14.25
16.25
18.25
15.25
11.50
10.25
20.00
18.50
18.75
18.50
19.75
15.50
13.75
4.00
3.50
18.00
17.00
18.50
6.25
12.25
5.00
4.50
16.25
13.50
14.00
12.00
5.00
4.25
13.00
9.25
18.25
16.25
13.50
3.25
4.25
13.00
10.25
15.50
15.75
13.75
5.75
6.50
3.00
5.50
8.25
3.75
4.25
5.50
14.00
15.00
16.00
17.50
17.25
15.50
6.25
13.50
14.00
13.50
12.75
15.00
13.50
13.50
13.75
12.25
4.25
3.25
4.00
15.50
15.00
4.00
15.50
17.50
13.25
17.50
17.00
17.75
17.25
12.75
16.50
15.75
5.50
15.50
13.75
11.25
5.25
4.75
14.00
4.25
4.75
8.25
4.50
4.75
5.00
16.25
11.50
18.00
18.00
8.50
4.50
5.00
4.50
4.50
5.00
5.25
5.50
17.25
5.50
18.25
18.50
20.75
10.25
8.00
5.00
5.00
4.75
4.50
6.50
20.25
19.75
16.00
6.50
22.25
6.50
12.25
6.00
6.50
8.50
21.00
23.00
25.00
26.00
26.00
22.00
26.00
15.25
10.25
19.75
15.75
6.50
9.75
7.00
9.00
8.75
7.75
26.50
6.50
6.25
8.00
16.00
7.50
7.50
7.00
13.50
7.50
23.75
7.75
7.50
7.50
8.50
16.00
17.00
15.75
8.25
13.25
14.00
25.50
24.75
27.25
24.50
22.25
11.25
13.50
8.00
8.75
7.75
9.50
8.25
8.00
19.25
20.75
19.00
12.75
25.00
28.75
12.25
18.25
14.25
24.50
10.00
17.75
12.75
10.75
8.25
10.75
29.00
28.50
13.75
14.00
7.50
21.50
15.00
31.50
32.75
33.25
20.50
23.50
13.50
8.50
31.75
35.25
29.50
30.25
32.00
30.00
21.75
17.25
31.25
32.75
23.50
14.75
25.50
19.50
8.25
8.50
8.25
11.25
19.50
26.50
27.00
18.75
27.00
28.75
28.75
29.25
18.25
14.00
24.25
32.00
30.50
32.50
35.50
20.50
19.75
16.25
15.00
25.75
28.75
28.75
26.50
18.00
9.75
22.50
23.00
33.00
29.50
25.75
29.00
17.50
15.25
8.75
20.00
31.25
32.75
29.00
30.25
17.50
26.00
29.50
32.75
31.50
31.75
32.00
32.00
31.00
32.50
31.25
31.25
28.50
29.75
29.50
31.00
30.25
29.00
26.50
14.75
27.50
29.00
30.50
27.25
16.75
15.75
28.50
30.75
32.25
32.25
31.50
31.25
31.50
29.00
20.00
28.25
30.00
27.25
25.00
20.25
28.75
25.25
21.50
29.00
21.25
20.25
21.50
23.75
10.00
19.75
24.25
27.25
28.75
27.50
28.00
26.75
23.00
21.50
23.75
20.75
10.75
26.75
28.25
7.50
25.25
27.00
26.75
27.25
27.25
26.75
26.00
26.00
21.25
24.50
21.00
26.00
26.50
21.75
11.00
7.75
20.25
23.00
21.25
21.75
6.50
12.00
23.00
24.00
24.25
24.25
20.75
20.50
6.50
9.25
7.25
14.75
13.00
7.75
5.00
11.25
11.75
6.25
5.25
10.75
20.25
19.25
18.25
17.75
17.50
19.25
17.75
10.75
4.50
5.25
17.50
15.50
17.00
4.50
6.75
14.25
4.25
4.25
4.75
4.75
4.50
8.00
10.00
5.00
4.50
4.00
5.25
5.25
4.50
4.50
4.75
8.25
12.50
7.50
17.00
14.50
14.50
4.50
9.00
17.00
13.75
15.00
13.75
14.00
13.50
11.50
11.50
10.25
8.25
5.25
13.50
14.25
15.75
16.00
14.50
12.00
11.50
4.50
11.25
11.75
14.00
8.00
13.75
8.25
15.75
3.75
4.00
12.00
12.00
15.00
14.75
15.25
16.00
5.25
17.25
18.75
16.25
17.00
13.75
10.00
8.75
4.75
14.50
9.75
10.00
6.25
10.25
8.25
17.25
20.00
19.75
18.00
9.25
16.75
6.75
19.25
21.00
20.75
18.75
21.00
16.25
18.75
17.00
15.75
17.00
6.50
17.25
18.00
16.50
19.25
21.25
19.75
9.50
5.25
7.00
5.50
6.50
12.00
6.50
5.00
15.50
21.25
20.00
24.75
21.50
6.00
17.50
11.50
24.50
24.00
19.50
10.75
6.75
12.50
19.25
9.00
6.75
6.50
6.50
14.25
7.25
6.50
8.75
8.25
9.75
7.75
8.50
5.25
7.00
9.50
13.75
13.75
12.25
10.25
7.50
12.25
7.00
7.00
8.75
10.25
14.50
22.00
25.25
9.75
7.75
8.00
8.25
16.00
28.50
25.00
28.50
29.75
26.50
24.25
18.75
24.50
28.00
30.25
16.50
8.50
31.00
24.75
18.75
17.75
22.50
8.00
8.50
8.50
7.50
9.00
7.75
23.00
17.25
21.00
28.50
13.50
10.00
15.25
11.00
18.25
27.50
21.50
9.75
12.00
14.75
25.25
26.75
30.25
30.75
22.25
9.00
13.75
16.75
19.00
9.00
32.00
29.25
25.00
12.25
15.50
11.75
8.00
33.50
33.50
34.25
31.25
21.25
28.50
8.25
8.00
15.50
21.25
18.75
28.75
22.75
26.50
22.75
12.75
21.25
18.75
25.25
16.50
14.00
21.00
17.25
31.00
26.50
27.75
32.75
33.50
32.75
33.25
32.75
32.25
32.75
33.50
27.25
28.75
24.00
27.25
30.75
29.75
26.00
32.00
30.50
24.50
21.50
14.50
11.00
11.50
25.75
28.50
20.25
20.00
17.25
30.75
33.75
31.50
31.75
31.50
30.00
30.25
10.25
15.50
8.00
10.75
16.50
21.00
26.50
24.25
24.50
19.00
24.75
26.50
30.50
30.75
29.75
29.50
28.00
29.25
31.50
30.00
30.00
27.00
23.50
25.25
28.50
26.25
26.00
25.25
17.75
14.00
26.50
29.00
8.25
7.00
5.75
19.50
14.75
22.00
24.75
23.00
23.00
20.75
8.50
7.00
8.00
21.00
23.50
20.75
6.00
7.50
6.50
24.50
21.00
11.25
16.00
20.25
21.25
19.75
19.25
17.50
7.00
8.25
7.00
4.50
7.50
5.25
19.00
19.50
8.50
12.50
21.00
7.25
4.25
6.00
6.50
5.75
5.50
6.50
4.75
5.25
5.50
6.75
14.25
18.50
16.25
19.75
4.25
5.00
4.25
6.25
4.50
4.50
13.00
16.25
15.00
13.50
6.25
18.00
15.50
6.00
4.25
4.50
4.50
6.00
8.50
4.25
4.00
9.00
6.25
15.50
15.00
9.50
3.75
4.25
4.50
15.50
4.75
9.25
16.50
15.25
17.00
16.75
14.75
15.00
12.50
12.50
15.50
11.75
6.75
4.50
17.00
15.50
15.75
13.75
15.50
13.75
6.50
13.75
14.25
12.50
12.75
4.00
6.50
6.50
14.25
8.75
13.50
4.25
10.75
6.75
4.50
6.50
5.25
4.75
11.00
7.25
15.50
3.75
16.00
15.50
14.00
3.75
4.50
4.50
5.00
15.50
16.00
6.00
5.25
5.00
4.25
4.25
9.25
5.75
7.00
6.25
4.75
4.25
4.00
5.00
9.00
9.50
6.75
4.00
4.25
4.75
4.50
5.25
5.00
9.75
4.75
5.25
4.50
5.75
7.50
6.50
5.25
19.00
12.50
20.25
6.25
15.25
7.00
6.50
4.50
6.00
6.75
6.00
6.25
7.50
13.50
6.75
20.50
6.50
23.00
18.75
8.00
16.25
23.50
25.00
19.00
6.25
6.00
7.50
7.00
6.50
6.25
7.25
7.00
7.25
6.75
12.75
8.00
7.25
8.50
8.25
7.50
8.75
5.75
7.75
25.25
6.50
7.75
8.00
26.25
28.75
8.25
7.25
8.50
24.50
26.50
26.50
8.25
9.00
27.00
19.00
11.25
16.00
7.25
27.00
30.00
31.75
21.50
8.25
9.00
28.75
27.25
30.75
31.75
28.50
12.75
9.75
22.50
24.25
29.00
9.25
9.25
11.75
8.00
8.25
8.75
15.75
15.50
26.00
12.75
7.50
12.25
7.50
9.00
8.50
7.75
8.75
7.25
10.00
8.25
22.50
18.25
25.00
11.50
32.50
33.25
33.75
33.00
27.50
29.00
30.25
32.50
31.75
30.25
8.25
8.75
15.25
27.00
17.50
25.50
21.00
24.75
24.00
26.75
9.25
14.75
10.25
11.25
22.00
18.25
28.50
28.50
30.75
30.50
32.75
33.00
32.00
32.50
34.00
31.75
33.00
33.00
34.00
32.25
28.50
31.00
32.50
32.50
32.75
32.75
33.00
27.75
24.00
32.00
29.50
31.00
33.00
33.25
13.50
24.75
25.25
24.50
28.00
31.75
33.00
32.50
32.75
31.25
29.00
27.25
26.25
24.25
27.25
25.00
31.50
31.75
29.75
25.50
29.25
27.50
20.25
20.75
20.00
26.25
27.00
31.25
6.25
8.25
7.75
28.25
21.75
21.25
11.75
9.75
13.00
17.25
12.00
14.00
6.50
7.50
13.25
19.00
24.25
14.50
26.25
26.00
23.25
15.25
15.75
10.25
21.00
24.50
18.00
19.25
26.00
7.25
5.75
6.25
6.75
8.75
12.00
19.25
20.75
6.25
6.50
8.25
6.50
11.75
22.75
16.50
6.00
23.50
22.25
23.50
11.50
14.25
19.75
8.00
14.75
20.75
21.25
22.25
13.50
21.00
22.00
21.00
12.50
7.25
8.00
6.50
5.25
5.75
5.25
5.50
10.00
16.75
19.00
17.75
17.75
17.50
18.25
18.50
17.25
17.00
18.50
13.75
18.75
18.25
16.25
14.25
7.50
4.50
4.00
17.50
9.00
11.50
16.75
12.50
8.50
15.75
5.00
8.25
16.00
16.75
16.75
5.75
17.25
15.50
15.00
15.75
16.50
14.75
12.25
7.75
6.00
14.75
16.25
17.00
16.00
16.50
15.50
16.50
16.25
15.50
15.00
14.75
13.50
8.75
12.50
12.75
11.50
12.50
12.75
7.50
12.50
3.50
3.75
4.00
13.00
10.25
3.75
4.25
3.50
4.75
4.00
8.00
11.25
3.75
4.25
4.25
4.75
13.25
4.25
10.25
8.50
4.00
3.50
4.25
5.25
17.50
6.25
5.50
9.75
5.25
18.25
5.25
4.75
5.25
4.50
4.75
5.00
4.50
5.75
8.75
4.25
4.75
5.50
16.50
20.25
20.00
20.25
9.50
8.00
10.25
8.75
10.00
5.50
13.25
12.25
8.25
9.00
8.25
20.50
21.25
21.50
23.00
21.50
21.75
9.00
6.00
24.50
22.75
22.75
26.00
26.00
25.50
15.75
24.25
23.25
16.50
7.25
8.25
7.00
7.00
10.25
9.25
7.25
19.50
8.25
10.00
6.50
6.75
22.50
28.50
7.25
11.25
9.75
12.00
20.00
7.25
7.00
7.00
7.75
8.00
7.25
7.25
23.25
24.50
19.00
8.00
8.25
21.50
26.75
12.00
16.25
17.50
19.75
21.75
16.50
8.50
28.25
10.00
23.00
18.25
27.00
13.25
16.00
9.00
8.25
21.00
13.75
25.25
30.75
30.50
7.50
8.75
30.00
24.50
11.75
8.25
14.50
8.50
7.50
13.50
12.50
19.25
8.00
8.00
8.50
8.25
8.25
26.50
13.75
10.00
9.75
8.75
7.75
16.00
10.25
10.75
8.00
21.50
15.25
26.25
32.00
31.00
32.75
32.25
15.50
24.00
27.00
30.50
33.00
31.25
21.25
12.00
7.75
10.25
8.25
8.25
15.75
29.25
29.25
26.25
19.00
20.00
12.25
7.50
14.50
12.50
24.75
13.75
27.25
32.00
33.00
28.50
28.25
30.25
25.50
33.00
33.25
33.00
34.00
31.75
29.25
32.75
33.50
32.50
30.50
16.00
24.50
30.25
22.00
10.25
14.25
13.00
9.00
8.75
13.25
23.50
26.50
29.25
28.50
28.25
27.50
25.00
26.50
25.25
30.50
32.25
32.25
32.00
26.00
27.75
19.50
19.25
26.75
28.75
30.50
16.25
24.25
27.25
17.25
23.25
26.50
24.50
29.25
18.75
26.75
26.75
28.25
21.00
11.50
12.50
14.00
24.00
20.75
25.50
26.75
24.00
21.00
7.75
7.00
6.50
14.25
19.75
11.50
17.75
15.00
9.75
6.50
20.75
10.75
18.75
24.75
22.75
21.25
17.25
8.75
8.25
6.75
19.00
10.00
21.25
22.75
13.50
21.75
22.25
24.25
22.75
21.50
5.25
5.00
17.50
20.00
6.50
7.75
18.25
12.25
21.00
15.25
14.00
18.00
18.25
14.50
17.25
17.50
8.25
5.00
15.25
5.50
18.50
18.00
18.25
16.50
19.25
19.25
17.50
15.50
5.25
4.75
17.00
16.75
4.50
4.50
4.75
4.50
4.00
11.75
15.75
16.25
17.50
4.50
3.75
4.50
7.00
12.50
14.00
18.50
17.75
16.25
16.00
15.50
15.00
14.75
15.50
14.75
15.00
14.50
13.25
14.25
14.00
13.00
15.25
4.50
10.50
11.50
12.25
11.25
13.00
11.50
3.50
3.75
4.50
4.25
4.00
4.50
4.00
4.00
6.50
15.25
7.50
3.50
4.50
8.25
14.00
6.25
14.50
14.25
13.75
9.00
3.75
3.00
3.75
4.50
4.50
4.75
4.25
18.00
4.25
3.50
4.50
4.25
3.75
3.75
14.00
15.75
5.00
15.00
18.50
11.00
4.50
4.50
6.00
4.50
4.75
4.75
4.75
17.25
8.75
9.00
15.25
14.00
11.50
12.50
8.25
5.00
15.50
8.50
5.75
6.50
19.25
4.75
5.50
5.00
6.00
5.25
5.50
6.25
6.25
3.75
6.75
5.75
7.75
6.00
12.25
22.25
23.00
19.25
22.25
11.75
6.00
13.25
16.00
11.75
10.75
6.75
9.25
7.00
23.25
26.50
28.25
26.50
18.00
16.75
14.50
6.50
7.25
21.25
7.25
6.50
6.75
14.75
9.00
9.00
9.25
18.75
11.75
8.25
21.25
23.25
11.75
6.75
7.50
20.25
13.25
7.50
8.00
8.00
8.25
7.00
8.00
14.25
10.25
7.50
8.25
8.25
8.00
11.75
22.00
28.25
28.25
26.25
26.75
11.00
8.50
31.00
31.75
32.75
31.00
9.75
27.50
8.25
7.75
10.00
28.75
17.50
26.00
8.50
8.00
27.25
29.25
32.50
27.00
8.00
9.00
12.00
8.25
8.25
8.50
22.75
16.75
18.00
8.25
8.25
8.50
14.50
24.75
9.25
9.50
8.25
16.50
28.50
17.25
11.50
20.50
29.25
25.00
13.50
8.50
11.75
25.75
32.25
31.75
21.00
15.50
10.50
22.00
31.00
29.75
30.00
17.25
12.75
15.50
16.25
29.25
28.00
32.00
30.25
31.75
33.00
33.25
30.75
32.25
33.75
32.50
15.25
25.75
33.00
31.25
32.75
32.25
29.25
31.50
34.00
31.00
32.00
30.25
29.75
32.25
24.25
25.25
13.00
9.75
19.00
12.50
10.75
18.25
23.75
26.75
30.25
31.75
20.25
18.75
26.25
30.75
30.25
30.00
31.00
30.25
30.50
16.75
11.75
7.50
7.75
7.75
8.00
27.75
14.00
30.25
31.00
20.75
29.00
27.75
9.75
8.75
12.75
12.50
20.25
22.00
19.50
21.25
6.75
6.25
5.50
10.25
18.25
17.75
19.25
19.00
19.75
17.25
24.25
23.75
5.75
11.50
10.75
5.75
7.75
6.00
8.75
12.25
22.50
18.25
10.50
5.75
6.25
4.75
11.00
22.75
23.25
23.00
22.75
24.75
21.50
23.75
22.00
15.25
10.25
21.75
21.50
22.50
23.00
15.00
21.50
5.25
6.75
4.50
5.50
15.00
19.75
15.50
6.25
5.50
16.75
5.25
13.75
9.50
15.00
17.25
15.50
12.75
8.00
11.00
5.50
18.00
17.00
15.50
15.00
14.75
5.75
4.50
4.75
9.00
15.50
6.50
11.00
15.00
15.25
14.25
14.25
12.50
10.25
11.50
15.00
9.50
17.75
18.00
18.00
17.50
15.25
14.50
14.25
13.75
14.25
14.50
12.25
12.25
6.25
4.00
4.00
7.50
4.50
6.50
4.25
6.50
9.50
11.50
13.50
14.25
9.25
14.00
6.50
3.50
12.50
4.25
6.00
4.25
4.25
4.25
3.25
3.00
4.25
4.00
4.50
11.50
4.00
5.25
10.75
4.75
3.75
15.50
6.50
4.50
4.00
5.25
10.25
8.50
5.00
8.75
4.50
4.00
4.50
4.50
4.50
8.25
12.50
5.00
5.00
11.00
4.75
3.75
20.25
7.00
16.75
16.75
17.75
14.00
14.00
10.75
4.50
6.50
5.75
7.25
5.50
5.50
4.50
18.75
20.25
23.50
24.25
23.00
7.00
7.00
8.50
14.00
6.00
6.25
6.50
8.75
8.50
21.75
24.00
17.75
16.00
25.00
8.00
6.00
12.75
7.00
6.50
9.00
6.75
6.50
19.25
20.50
6.00
9.00
7.00
6.75
11.75
18.25
7.50
7.50
7.50
6.50
7.25
26.25
6.00
7.25
7.00
8.00
8.25
26.25
20.50
16.75
9.75
21.75
23.50
17.00
14.25
27.75
25.25
28.50
9.25
8.50
13.50
16.50
12.00
31.50
25.25
23.25
15.75
14.25
14.75
9.25
10.25
8.25
20.75
8.25
8.00
11.75
8.25
12.00
10.00
8.50
8.00
13.00
8.75
10.00
22.50
29.50
24.50
32.25
10.50
21.50
23.25
30.75
27.25
28.25
32.00
32.00
32.25
24.75
15.25
23.00
26.25
32.00
33.25
33.00
32.75
27.75
25.25
14.50
13.25
12.75
10.50
10.00
19.50
16.75
27.50
28.00
32.75
32.25
26.25
30.25
20.50
9.25
9.75
17.75
32.75
29.50
11.25
8.25
8.00
20.00
27.00
29.75
23.00
29.50
17.00
22.25
18.25
30.25
31.25
33.25
33.50
30.00
30.25
32.50
32.00
29.75
31.00
30.75
27.00
33.50
11.75
13.25
17.50
33.50
33.00
24.00
21.25
32.75
27.00
26.50
25.25
23.25
18.50
27.50
29.25
32.25
30.50
29.50
28.75
26.25
6.50
20.75
21.75
7.75
16.25
30.25
27.50
29.00
24.75
29.00
27.75
9.25
26.00
23.00
23.50
25.50
29.00
19.00
26.75
25.50
27.50
26.25
26.75
28.75
27.50
25.75
26.25
21.00
14.00
7.25
6.50
23.50
25.75
28.00
27.75
19.50
7.75
27.75
27.25
6.50
8.25
19.50
24.50
25.75
25.25
25.00
9.75
9.00
22.75
20.00
8.25
6.75
6.25
6.00
5.50
7.00
13.50
6.00
6.50
10.50
22.50
22.00
22.25
21.25
22.50
11.50
5.25
4.50
6.00
5.00
11.50
16.50
18.50
21.25
5.50
5.75
5.25
6.25
18.00
17.75
19.75
18.50
4.25
11.25
18.50
10.25
19.00
18.50
18.50
12.25
10.00
5.25
17.75
10.25
7.25
17.25
15.75
16.25
17.25
16.50
16.25
14.25
13.75
12.00
14.75
15.50
15.50
4.25
3.25
4.50
4.50
4.25
3.25
4.25
4.25
3.75
4.50
11.25
9.50
9.00
9.75
7.75
15.25
13.75
11.75
3.50
4.25
4.25
12.75
12.00
12.00
12.50
11.25
3.25
5.25
10.25
14.75
11.25
15.00
7.50
4.50
4.00
11.50
16.25
4.50
4.50
4.25
4.00
4.00
4.00
4.25
4.25
9.50
3.75
14.25
10.50
8.00
11.25
7.50
17.50
17.75
13.25
16.75
17.50
13.00
6.25
14.25
16.75
11.50
9.75
7.75
15.75
17.25
18.50
18.25
14.00
6.25
17.75
5.00
6.00
4.25
5.00
5.50
4.25
5.75
4.50
4.50
5.00
5.75
8.50
5.00
5.00
4.75
6.50
5.50
4.50
6.00
7.25
9.00
19.75
23.00
17.50
18.00
17.25
13.00
6.50
14.25
8.50
6.00
6.75
7.25
8.00
6.50
6.75
6.50
6.50
6.75
5.50
12.25
22.75
20.25
17.75
6.50
6.50
7.75
8.00
10.75
6.50
6.50
6.75
6.00
7.00
7.75
7.25
7.50
7.75
8.50
9.50
7.25
7.25
23.50
13.50
18.25
25.75
8.75
14.25
16.00
6.75
12.00
18.75
29.75
29.50
29.75
29.50
11.25
17.75
28.50
15.75
11.75
24.50
7.75
11.00
17.00
15.75
25.75
24.75
20.50
15.25
16.50
17.50
14.25
23.25
24.75
10.50
18.75
17.25
15.25
27.25
30.75
20.75
17.50
24.75
24.75
8.75
8.00
9.00
22.25
8.50
12.75
30.50
26.75
7.75
8.00
26.50
29.75
12.25
7.75
8.25
13.25
32.00
26.25
8.25
23.00
21.50
9.25
26.25
30.25
33.25
32.00
24.25
25.00
23.75
14.75
10.00
8.75
17.25
7.00
8.75
22.75
24.75
7.50
7.00
8.50
25.75
17.00
20.00
22.00
23.00
24.75
27.50
24.50
10.75
8.50
7.50
9.00
28.00
8.25
20.50
33.50
31.25
31.75
31.25
32.00
32.00
31.75
30.00
24.50
33.25
33.00
34.50
32.75
31.25
32.50
28.75
32.00
33.25
32.75
28.50
28.50
27.75
30.25
26.25
28.50
24.25
25.75
19.75
26.00
28.50
30.75
30.00
30.25
30.75
31.00
19.50
10.00
9.50
8.00
7.00
16.75
28.25
30.75
25.00
23.75
19.50
25.25
23.75
21.75
23.50
11.50
6.75
12.00
22.00
25.25
21.25
7.50
12.50
24.75
22.00
19.50
20.00
25.25
22.75
25.75
24.50
16.50
26.00
16.25
22.75
20.50
27.25
22.75
8.50
9.00
15.00
20.25
21.25
26.50
25.75
11.00
4.50
17.25
22.00
22.50
19.25
5.75
7.50
8.75
8.50
19.00
8.00
13.00
12.50
6.50
17.25
14.00
19.50
20.25
16.50
23.00
22.50
22.75
22.50
7.50
21.25
21.50
22.00
22.75
20.50
18.50
19.25
20.25
21.00
20.50
18.00
12.75
18.00
17.75
17.75
5.50
18.00
19.00
17.75
19.25
13.75
10.75
4.75
5.00
13.00
9.50
11.75
11.00
18.25
4.75
17.25
17.50
17.25
17.00
18.00
17.00
16.75
6.00
16.00
14.50
13.25
14.50
16.50
14.25
12.75
8.50
8.25
11.00
11.75
6.00
3.75
4.25
3.75
3.50
14.00
10.00
10.50
11.25
7.50
5.75
5.00
6.50
7.50
4.25
4.25
10.00
15.75
6.25
3.25
12.50
13.25
11.25
4.25
4.00
3.00
3.25
13.75
13.25
14.25
4.50
5.00
4.25
4.25
4.00
7.75
6.50
4.50
6.25
4.50
4.50
4.50
4.50
9.50
15.25
15.50
19.25
19.75
20.00
20.25
20.25
19.75
19.50
19.50
18.00
19.50
19.25
19.00
17.25
15.50
17.50
19.50
17.00
19.00
20.25
5.50
14.00
17.00
15.00
9.25
11.75
6.50
5.75
5.50
6.50
5.25
6.25
7.00
6.00
10.00
17.00
5.50
20.50
20.75
6.25
13.00
6.25
6.50
8.00
17.00
21.50
9.75
12.50
10.00
6.50
6.25
5.75
7.00
6.50
7.25
14.75
16.00
24.50
25.25
21.75
21.00
8.25
6.50
6.75
13.25
7.00
7.50
23.50
17.25
8.00
7.00
8.25
24.50
30.25
7.75
7.25
7.25
22.50
16.25
13.50
9.50
15.25
7.25
15.75
13.25
24.25
25.25
7.50
23.75
22.00
12.50
8.25
10.50
20.75
20.50
16.25
7.75
8.50
8.00
7.50
18.25
13.00
18.75
9.25
22.50
19.50
20.50
30.25
12.00
8.50
13.50
13.25
10.75
26.75
28.75
27.50
11.25
8.50
11.75
12.00
8.00
15.25
16.50
24.25
12.75
8.00
8.50
29.75
27.50
10.75
9.75
10.00
18.75
9.75
8.25
11.00
23.00
11.50
10.00
21.25
10.50
14.75
14.00
8.25
8.25
8.25
13.50
10.75
19.50
11.50
21.00
28.75
32.50
20.50
23.00
18.75
7.00
8.25
9.50
9.25
14.50
32.00
31.50
31.75
31.25
32.00
34.75
31.75
33.25
26.25
28.75
27.75
30.25
31.25
24.75
21.00
11.50
13.00
20.75
20.50
14.00
17.25
20.75
25.50
29.75
28.25
21.00
22.75
24.25
24.50
23.50
31.00
26.00
21.00
17.50
19.00
25.50
17.50
27.50
31.00
30.00
24.25
20.75
25.50
25.50
28.75
18.25
10.25
28.25
28.50
29.50
28.25
27.00
26.75
15.75
9.75
20.00
17.25
9.00
27.25
26.50
25.50
8.75
15.75
24.25
24.50
25.50
26.25
27.75
24.75
24.25
13.00
23.50
24.00
26.75
26.25
22.50
25.50
23.75
21.25
9.25
8.00
7.00
6.50
8.25
7.50
8.50
5.75
21.75
17.00
23.50
9.00
18.25
23.75
24.00
24.50
24.50
24.75
24.50
14.50
9.00
5.25
5.25
17.75
18.25
8.00
10.75
20.50
21.25
21.75
13.75
21.00
6.50
7.00
6.25
5.75
5.25
20.75
21.00
19.50
17.50
10.00
10.25
10.50
17.00
17.25
10.25
12.50
18.25
15.50
4.25
15.50
15.25
15.00
15.50
6.25
7.25
7.75
6.50
7.75
15.75
15.75
17.25
4.50
5.75
9.25
9.75
16.50
3.75
8.50
6.50
4.75
4.50
12.00
15.25
14.75
15.00
9.00
8.75
12.25
5.25
3.75
4.00
4.50
4.50
16.00
13.50
14.00
12.75
10.00
15.50
14.25
14.50
14.00
14.50
14.25
15.25
14.25
14.25
15.25
12.50
8.00
10.00
9.50
15.75
9.25
6.00
7.00
15.25
5.50
15.50
5.50
4.50
13.00
6.00
4.50
10.25
6.25
4.50
5.25
16.50
14.25
16.00
16.00
16.75
15.75
15.50
18.75
5.75
4.75
16.75
10.00
4.50
17.50
4.00
4.75
5.25
16.00
15.50
17.25
7.00
6.50
5.25
4.75
3.75
4.50
5.25
5.00
4.75
5.50
11.00
18.25
16.75
7.00
5.75
7.25
5.00
5.50
5.75
6.50
6.25
24.00
10.50
13.50
7.00
7.25
11.50
6.50
6.25
11.50
7.00
6.75
7.25
6.75
6.25
8.50
6.50
4.25
22.75
15.25
6.50
20.00
26.50
13.25
28.50
24.75
8.00
8.25
6.50
4.50
19.00
22.25
11.00
25.25
25.75
25.75
27.25
16.25
7.00
7.50
13.75
7.75
11.75
7.75
10.25
19.25
25.00
25.00
26.00
19.50
7.75
12.50
8.50
10.00
8.50
7.50
12.50
22.25
21.25
28.50
13.75
6.00
24.75
8.50
32.00
25.50
19.50
31.00
27.50
15.00
29.75
30.75
25.00
14.75
27.00
8.00
8.50
24.75
27.75
31.50
10.25
8.25
7.50
16.75
12.50
21.75
7.50
8.00
28.00
24.50
8.25
30.25
32.00
33.00
30.75
30.50
28.50
22.75
19.00
17.75
8.25
7.75
14.00
11.75
6.50
5.25
8.25
7.00
8.00
8.25
7.50
11.75
18.50
29.00
29.75
31.25
29.50
33.75
33.00
33.50
31.25
32.25
32.25
18.00
26.00
27.75
32.00
30.50
29.00
32.75
33.75
8.75
12.50
10.75
18.75
32.25
31.50
24.50
27.25
28.50
27.50
22.00
25.50
26.25
30.25
28.50
12.75
18.50
30.00
28.50
27.00
28.00
28.00
26.50
28.50
8.00
7.75
8.25
25.50
26.25
18.50
26.25
26.50
26.00
26.50
26.75
28.00
17.75
19.25
21.75
24.75
32.00
17.00
8.25
22.50
27.00
28.25
29.25
30.25
28.25
22.25
23.50
24.50
22.50
13.00
26.00
24.25
23.25
19.25
19.00
24.00
20.75
22.75
25.25
7.00
6.50
7.75
8.75
14.25
6.75
22.00
8.00
6.25
9.75
6.25
5.50
22.75
23.00
23.75
20.25
12.25
17.75
24.50
25.75
25.00
10.50
7.25
6.75
5.75
11.50
8.50
18.25
10.25
7.75
14.75
18.75
18.25
21.75
20.75
21.75
16.50
5.50
18.00
23.75
22.75
22.00
19.75
17.75
19.00
14.25
20.00
15.50
18.25
19.25
20.75
19.00
19.25
19.25
18.25
17.25
19.25
19.75
17.50
18.00
17.50
17.50
17.00
18.00
16.00
16.00
6.00
3.75
9.75
9.75
4.25
6.25
13.00
12.75
14.00
12.00
16.25
4.50
4.25
3.50
5.25
4.00
4.25
4.00
15.75
9.00
4.00
4.50
3.00
6.00
5.50
4.00
4.25
4.50
3.75
4.00
4.25
4.25
4.75
4.25
4.00
3.00
3.75
4.75
3.25
4.00
4.50
4.50
4.00
5.00
4.00
5.00
5.50
4.25
13.75
15.75
15.50
15.25
15.50
15.00
9.50
4.50
4.00
15.25
4.75
4.50
8.25
15.50
14.75
5.00
11.00
4.50
10.00
5.00
4.75
4.50
4.00
4.75
4.75
7.75
6.50
18.50
18.75
19.50
5.50
20.25
21.00
21.50
18.50
5.50
11.25
14.00
17.50
16.75
4.50
11.00
5.50
5.50
5.25
4.75
5.25
5.75
4.75
6.50
5.50
5.50
5.50
10.25
15.50
19.25
8.00
6.50
22.25
25.50
25.25
14.75
12.00
7.25
7.00
13.00
7.25
8.25
6.50
6.25
6.00
15.25
5.75
11.75
19.50
7.25
6.50
14.00
10.00
24.00
7.25
27.25
22.25
7.75
6.50
8.25
6.75
8.00
6.00
13.25
7.50
7.50
7.50
12.75
8.00
13.75
9.00
22.50
26.50
11.25
10.25
18.00
19.50
20.00
14.00
15.25
14.75
16.50
21.50
7.25
14.75
9.75
7.75
17.50
20.75
25.25
7.00
30.00
19.25
8.50
8.00
25.25
25.00
24.75
32.00
31.75
27.75
30.25
32.75
32.00
18.75
9.00
10.50
7.75
7.75
22.50
23.50
8.75
10.25
11.00
20.00
18.50
14.75
13.75
22.25
17.25
22.75
26.50
25.00
26.25
14.25
8.00
20.75
12.50
9.75
8.25
12.75
31.50
11.25
25.75
27.50
8.25
8.00
7.50
7.75
20.75
12.75
23.25
28.00
18.75
19.75
25.00
30.25
13.50
7.25
8.75
21.50
12.75
24.75
16.75
12.25
21.25
22.75
15.00
32.25
31.75
26.25
18.00
9.50
23.25
23.50
20.25
26.00
32.00
32.00
31.25
28.50
31.75
32.00
29.50
13.50
28.00
25.75
20.00
26.00
26.50
32.25
15.00
9.50
8.00
15.50
8.25
24.00
10.25
21.00
22.50
28.25
31.50
27.75
30.50
26.00
8.50
6.50
7.00
16.25
17.75
26.50
24.75
27.50
25.50
23.50
22.75
17.25
15.50
26.25
22.25
26.50
28.25
28.00
25.00
23.00
29.50
28.50
27.25
27.50
27.50
28.50
28.25
25.25
21.75
27.00
26.25
25.25
25.00
18.50
7.50
27.00
26.75
15.00
9.50
12.25
25.00
24.75
21.25
5.50
23.00
24.00
10.00
10.25
7.00
17.75
9.50
12.00
17.25
8.25
17.00
15.00
7.25
12.25
8.25
20.00
21.25
15.25
17.75
6.75
22.25
22.75
21.25
20.50
20.50
21.00
18.50
21.00
6.25
4.50
15.25
18.50
19.50
19.50
19.25
19.25
21.00
12.50
21.75
21.00
5.75
4.50
5.00
12.50
16.25
16.25
10.25
8.25
4.75
5.75
10.00
16.75
15.75
15.75
13.75
4.25
6.75
4.75
17.50
18.75
18.25
11.00
10.00
4.25
3.00
10.75
11.75
7.25
4.00
11.25
16.00
16.25
17.00
17.50
17.50
17.25
16.00
15.50
15.25
13.75
11.75
4.50
4.50
4.00
3.75
4.00
4.25
11.25
12.00
14.25
16.75
17.75
16.00
15.00
15.50
16.00
16.00
17.00
16.50
17.25
16.75
16.50
14.00
8.25
4.25
4.25
5.00
13.75
6.75
4.50
9.50
4.50
4.50
14.25
4.25
4.75
4.25
7.00
5.25
4.50
4.00
5.00
4.50
5.00
4.25
4.75
5.25
5.00
17.50
19.75
20.25
6.25
17.25
20.25
8.50
6.25
19.25
21.25
21.50
22.00
19.50
20.25
20.50
11.50
6.25
6.25
5.75
5.50
6.00
6.00
6.25
6.00
5.50
5.00
7.00
6.75
5.50
22.50
22.75
23.75
25.25
24.75
25.50
19.75
8.50
6.75
8.25
13.25
6.25
6.75
18.75
10.75
24.00
10.50
6.50
6.50
6.50
7.75
8.00
7.00
6.75
11.25
9.50
11.75
16.00
11.00
6.50
8.00
5.75
8.25
8.50
27.75
7.75
7.75
19.25
15.25
7.25
8.00
11.75
10.25
6.75
7.75
6.00
27.25
23.25
26.25
8.25
31.50
20.25
28.00
30.25
31.25
10.50
19.00
28.25
30.50
7.75
23.50
11.75
25.00
13.50
11.00
7.50
9.00
8.00
27.50
9.25
8.25
11.25
20.75
18.75
27.50
32.00
25.50
28.25
19.50
14.25
12.25
19.75
32.00
29.75
29.50
8.00
8.25
18.00
11.75
8.75
8.25
7.25
8.25
19.50
31.75
28.00
31.00
31.50
32.00
29.25
23.75
28.00
16.50
18.75
19.25
18.50
17.75
13.75
14.50
27.75
26.75
25.75
10.25
7.25
12.00
13.25
12.25
20.75
30.25
28.50
23.25
26.50
31.25
24.75
31.00
33.25
33.75
31.25
24.25
24.00
18.75
21.75
20.00
9.25
17.75
29.50
33.75
31.50
32.25
32.75
26.25
29.50
31.50
29.75
30.25
29.50
28.50
8.00
8.25
8.75
16.75
31.00
28.25
9.00
7.25
13.75
23.75
30.25
22.75
9.00
14.50
16.00
25.75
27.25
22.50
25.75
28.50
27.00
14.75
22.00
21.00
28.50
30.75
28.75
20.75
14.50
25.75
28.50
28.50
22.75
19.50
19.25
12.50
7.25
12.50
20.75
23.75
22.00
23.25
24.50
24.75
25.25
27.50
27.25
26.75
26.25
20.50
20.25
22.25
23.00
24.00
26.25
27.50
14.25
6.25
6.25
6.50
6.75
6.50
10.50
16.00
11.75
17.50
24.00
24.75
24.00
18.50
22.50
21.75
20.50
11.25
6.25
6.50
5.50
10.50
15.75
11.75
16.00
21.25
22.00
22.25
14.50
20.25
15.25
8.75
11.25
21.75
20.50
20.00
6.50
19.50
19.50
18.50
17.50
19.25
19.00
5.75
4.50
7.50
19.00
16.00
16.50
14.75
6.00
4.75
6.75
17.75
16.75
19.25
17.00
5.00
5.25
19.00
16.75
17.75
15.75
14.75
13.75
17.25
15.50
17.50
9.25
14.75
4.50
11.75
17.75
4.50
6.75
4.50
4.25
17.50
17.25
4.25
5.00
17.25
16.00
9.00
16.50
14.50
15.50
15.50
8.25
11.75
12.00
13.00
13.50
15.50
15.75
15.00
15.75
15.25
14.00
14.50
13.75
15.50
12.25
12.75
14.00
2.75
3.25
15.25
14.75
9.50
4.50
12.50
15.50
15.50
15.75
14.00
7.50
15.50
15.25
10.25
4.75
4.50
8.50
4.25
5.00
4.50
4.50
4.50
15.25
14.25
16.25
18.50
17.50
17.75
17.25
4.50
4.25
4.75
4.75
5.00
4.50
5.00
5.25
5.50
19.75
15.75
4.75
5.25
5.25
7.75
5.75
19.25
19.75
13.75
19.25
13.50
21.75
19.50
17.25
13.00
16.25
20.75
17.00
7.00
23.75
24.25
21.25
22.00
23.75
21.50
23.00
22.50
21.75
19.50
23.00
20.75
23.00
6.75
7.00
7.00
7.50
7.00
6.25
7.50
7.00
20.25
9.25
6.50
7.00
6.50
10.00
17.75
6.75
16.75
16.00
10.25
10.25
12.00
13.50
11.50
6.50
9.50
7.50
20.25
14.50
8.00
11.50
16.00
24.50
22.50
7.25
7.75
15.25
12.00
8.25
10.25
9.00
11.75
23.50
14.50
26.75
17.00
15.25
11.50
29.00
29.75
29.00
9.00
11.00
14.00
9.25
8.00
9.00
21.00
25.75
27.00
21.00
24.75
7.75
8.25
22.50
29.75
8.25
9.00
8.25
9.75
25.50
26.75
32.00
33.00
27.00
9.00
30.25
31.25
16.25
11.00
10.25
16.25
24.25
16.75
18.25
10.25
12.00
11.75
33.00
28.25
8.75
8.00
17.75
20.50
32.25
28.25
18.50
23.25
24.00
21.25
6.75
8.75
7.75
17.00
27.75
25.75
28.50
27.25
30.25
25.00
8.50
8.75
7.50
12.50
15.50
8.25
8.25
12.50
10.25
10.00
26.00
24.75
32.00
27.50
24.50
17.50
24.75
19.50
14.00
13.50
21.75
25.50
17.75
25.75
24.75
27.25
24.00
23.50
18.00
17.75
8.00
8.75
21.75
22.75
23.75
26.75
23.25
15.50
8.00
10.00
7.75
8.25
26.25
25.75
26.00
26.25
19.50
8.00
8.50
20.50
18.50
16.25
26.00
26.00
16.50
26.00
24.75
14.50
8.75
7.75
17.50
24.00
22.00
10.50
8.25
23.00
15.75
6.75
8.00
9.50
21.00
21.00
23.50
24.50
9.00
17.25
19.25
8.25
20.75
7.00
6.50
23.00
22.50
23.75
6.50
6.50
6.75
7.75
13.50
6.25
12.00
19.25
21.00
11.50
7.75
6.00
5.50
5.25
6.50
6.25
14.50
6.00
12.50
9.25
13.50
8.75
19.00
18.50
19.25
19.50
19.75
18.75
18.75
17.00
18.25
5.50
6.50
8.50
8.25
16.25
19.25
20.00
17.75
17.00
17.25
19.75
18.25
16.50
13.00
16.00
17.50
12.25
15.50
14.75
9.50
5.75
4.00
12.25
15.50
14.00
16.00
15.75
7.75
8.00
9.00
11.25
5.75
4.50
5.75
3.75
4.50
3.75
8.00
4.50
6.00
8.75
6.75
4.75
5.00
15.75
4.00
4.50
4.25
5.75
10.00
11.00
5.00
11.00
10.00
3.75
3.50
3.00
4.25
4.50
5.25
3.75
3.50
3.75
4.50
6.25
3.75
5.00
3.50
9.00
10.00
3.75
3.25
8.50
4.75
13.25
15.00
6.50
3.50
4.75
4.50
4.00
4.25
3.75
4.50
4.75
5.00
4.50
4.50
5.50
4.50
13.25
6.00
5.00
4.50
11.25
14.25
4.50
9.00
4.50
4.00
3.75
4.50
5.50
8.00
18.75
15.50
6.25
5.00
12.50
15.25
17.00
6.75
13.75
4.25
5.25
5.25
4.50
5.25
6.25
5.25
6.25
5.50
19.00
20.75
8.75
6.00
19.25
6.75
5.75
6.25
17.25
4.75
6.25
5.50
5.00
6.25
6.00
5.25
22.75
15.00
12.50
6.75
7.00
6.75
8.00
6.75
6.50
7.00
6.50
12.00
25.25
16.00
13.00
8.75
24.75
25.00
26.00
12.75
18.25
23.00
16.50
19.50
24.75
21.50
21.50
7.75
24.75
26.50
8.25
17.75
26.50
16.50
27.25
29.75
29.75
8.50
10.50
16.50
12.25
17.50
11.75
28.25
7.75
16.50
7.00
17.75
27.25
10.00
9.00
15.25
8.00
19.75
21.75
21.75
24.50
26.00
24.75
11.75
16.00
15.25
7.25
22.50
31.00
9.75
14.75
22.25
26.75
32.25
28.75
27.75
8.50
8.50
17.00
11.75
22.50
24.75
7.75
20.00
13.75
12.50
27.00
13.75
14.75
22.75
14.25
8.00
8.00
9.50
11.50
13.00
7.75
8.75
8.25
13.25
8.50
23.25
6.00
8.50
9.25
7.00
8.25
7.75
9.25
18.25
26.25
21.75
30.75
30.75
29.00
32.25
28.25
11.50
23.50
30.00
33.25
32.50
27.50
29.75
28.75
21.25
24.75
24.75
29.00
31.75
29.00
29.00
18.75
27.75
22.75
27.75
21.25
8.25
27.25
13.50
14.50
14.75
25.00
30.75
31.25
31.50
31.25
30.25
30.50
8.00
8.25
26.25
30.75
30.00
32.00
26.00
25.00
31.50
30.25
30.50
28.50
29.00
29.25
29.00
30.00
30.25
30.75
29.50
27.00
26.75
27.75
20.75
23.00
13.25
6.75
7.25
11.75
13.75
17.25
16.25
6.25
6.25
15.00
17.50
19.50
8.25
7.75
8.25
16.00
26.00
23.75
20.50
21.50
24.00
24.25
14.00
23.00
20.25
20.00
22.50
20.75
15.75
20.25
8.25
6.50
22.75
24.50
24.50
24.75
21.75
13.50
21.75
21.25
23.25
21.00
9.75
7.00
20.50
21.00
15.00
11.25
12.75
23.00
22.50
6.75
11.25
18.75
20.50
22.50
19.25
5.25
4.50
5.00
5.00
8.75
15.00
10.75
3.50
5.50
4.50
7.75
7.50
16.75
15.75
18.00
17.00
17.00
17.75
17.00
15.75
15.50
15.00
11.00
4.25
4.25
4.50
4.50
4.50
17.00
15.75
14.75
16.75
8.50
5.25
7.50
4.50
4.50
4.25
4.25
4.50
3.25
4.00
4.00
6.25
14.00
15.50
14.75
14.50
13.75
12.00
4.25
4.50
14.25
14.75
8.00
5.00
4.00
5.25
3.75
4.50
4.50
10.50
8.25
10.75
11.00
10.50
13.50
4.00
4.25
4.50
15.50
15.00
14.75
13.75
13.75
13.75
15.25
15.25
6.50
4.50
4.50
4.50
15.75
14.00
7.25
4.25
6.00
4.75
4.25
9.50
8.75
11.75
13.25
13.50
7.50
4.50
4.50
8.50
9.25
5.25
18.25
21.00
20.75
20.75
17.50
19.50
19.75
19.50
18.00
15.50
19.25
4.50
18.75
12.50
14.25
14.75
5.00
6.50
10.75
6.50
7.25
9.25
22.50
23.00
20.75
6.25
7.25
19.00
20.00
8.25
19.00
23.25
24.00
10.00
12.25
7.25
6.00
6.50
6.25
7.00
6.75
9.00
15.50
14.00
6.75
9.50
7.00
6.00
7.00
7.00
6.25
11.75
19.75
7.50
6.75
7.50
6.25
25.50
25.50
7.25
7.00
6.25
27.50
27.00
29.25
23.50
7.75
8.75
8.25
22.00
24.25
21.00
19.75
21.25
7.25
12.75
21.25
14.50
8.25
27.25
28.00
19.75
8.00
8.25
9.25
8.25
8.25
24.00
8.25
8.25
8.25
8.50
17.50
10.75
30.50
12.25
8.25
27.25
25.25
29.75
30.25
23.50
8.00
10.00
12.50
10.25
17.75
28.50
19.25
13.00
21.50
9.00
7.50
9.50
17.00
31.25
21.00
7.75
10.00
19.00
18.75
24.75
20.75
29.50
11.50
8.50
15.75
19.25
28.75
18.50
12.00
13.50
26.25
27.50
14.75
8.75
8.25
9.25
11.50
23.00
16.75
13.00
25.00
28.75
30.75
29.75
19.50
26.25
26.50
10.00
8.00
19.50
26.75
26.50
19.75
19.25
20.00
23.75
11.50
9.00
18.50
11.25
11.50
7.75
18.25
23.00
9.75
30.00
18.00
17.00
27.00
23.00
29.75
33.00
26.50
8.25
15.50
28.50
15.25
14.00
24.75
24.50
23.75
11.75
17.75
25.25
27.50
26.50
24.25
27.00
23.00
11.00
14.00
14.75
28.25
24.75
28.75
29.00
26.25
28.50
21.25
23.00
12.25
9.25
18.75
16.50
12.75
13.75
13.50
10.25
10.50
11.00
18.75
12.00
12.25
17.50
19.25
26.50
24.00
24.50
25.50
26.50
26.75
27.25
18.50
13.75
8.50
5.75
23.25
18.00
14.00
10.00
24.00
23.75
25.25
21.25
22.75
21.50
23.50
23.00
23.00
24.00
24.50
12.00
16.25
11.50
6.00
7.50
7.25
5.25
11.00
17.75
20.50
20.50
21.50
19.50
6.00
22.25
23.75
23.50
18.50
21.00
9.75
5.50
16.50
20.50
5.25
14.50
4.75
5.75
14.75
13.25
5.25
6.00
20.25
20.00
10.25
13.50
5.50
6.50
4.75
16.50
4.50
12.50
14.00
15.00
15.50
17.00
12.00
13.75
15.00
13.50
14.75
15.50
16.50
12.50
4.50
4.00
9.00
4.25
17.25
15.25
5.75
16.25
17.25
4.50
4.50
9.00
6.50
14.25
14.50
14.75
15.50
4.25
13.00
7.00
13.75
3.75
4.25
4.00
10.50
15.50
16.75
17.50
17.00
17.00
17.25
17.25
16.25
14.25
5.00
15.00
16.00
15.50
15.50
13.50
7.50
10.75
5.00
4.25
4.25
13.50
14.00
13.00
4.50
4.50
4.50
5.50
4.50
4.75
4.50
16.50
15.50
17.00
15.50
4.50
4.25
5.00
4.75
19.50
10.25
5.00
18.50
10.00
4.75
6.75
4.50
8.00
6.50
4.00
14.50
19.00
6.25
5.00
4.50
9.25
16.50
5.50
13.50
5.25
5.00
13.25
5.75
6.00
5.50
5.50
5.00
4.75
6.25
10.00
6.75
6.25
6.50
6.50
8.25
17.25
12.50
6.75
6.50
6.50
6.50
7.25
9.00
8.25
6.00
11.50
12.50
13.00
10.00
7.25
7.75
9.00
11.25
17.00
22.25
9.00
25.50
10.00
28.50
28.50
28.75
23.25
7.00
8.00
7.25
13.50
7.75
11.00
8.00
19.50
8.25
8.25
7.25
12.00
8.25
7.50
7.50
8.50
13.50
27.25
29.75
24.50
21.75
19.50
30.75
10.00
8.25
12.25
16.50
8.00
25.50
8.00
12.75
12.00
9.25
9.25
25.00
30.25
24.50
25.00
29.00
11.25
14.50
30.75
31.50
28.25
31.75
26.75
30.50
29.50
16.00
7.50
8.50
20.00
26.25
32.25
34.00
16.00
16.75
15.00
9.50
12.50
8.75
26.50
19.75
27.25
28.00
32.00
32.50
13.75
8.50
25.50
23.00
9.00
8.00
8.00
7.00
15.50
27.00
8.50
11.50
13.00
6.75
6.50
9.75
9.75
16.50
14.50
30.75
30.75
32.75
33.25
31.25
32.50
29.00
20.75
25.50
31.75
32.00
18.50
31.25
33.50
33.25
25.75
31.25
22.75
32.00
33.25
33.50
33.50
29.00
26.00
10.50
10.25
22.50
30.50
29.75
32.00
30.75
23.75
12.75
24.75
27.50
21.00
10.75
6.50
17.75
16.50
17.75
26.75
21.00
27.00
27.75
16.50
26.50
25.75
8.75
15.75
9.50
9.00
18.25
15.25
11.75
12.50
27.00
14.00
17.50
25.00
7.75
6.75
7.75
8.50
17.00
28.50
22.00
15.75
19.00
11.00
23.00
23.25
25.00
23.00
20.00
9.75
23.25
16.00
18.50
26.50
19.50
22.25
21.50
27.25
24.75
22.25
21.75
19.75
11.00
14.25
23.00
23.00
23.00
24.75
24.75
16.75
19.00
16.50
19.25
20.75
23.25
6.25
5.50
6.50
5.75
17.50
18.75
21.00
21.25
21.75
14.25
6.00
6.25
6.50
6.75
20.00
7.00
19.00
5.75
5.25
6.00
10.25
13.00
11.50
13.00
15.25
8.25
6.00
15.00
5.50
12.25
19.50
17.00
17.50
11.00
18.50
4.50
4.25
4.75
4.00
4.75
4.50
4.50
9.75
4.50
5.00
4.75
4.50
5.50
11.75
17.25
12.75
15.25
13.75
9.75
13.25
11.25
6.25
14.75
8.75
9.50
4.00
4.25
7.25
10.75
13.00
13.25
11.75
10.50
4.75
4.00
4.00
3.75
3.75
11.75
9.00
9.75
12.75
3.75
4.25
4.50
10.25
12.00
12.00
12.50
13.75
12.00
14.25
8.25
3.25
8.25
10.75
8.50
3.75
4.25
4.75
12.75
13.75
14.25
4.00
4.00
4.25
4.25
8.25
14.00
8.75
17.00
16.75
7.25
8.50
8.50
9.25
3.25
5.00
6.50
4.75
4.75
4.50
9.00
13.75
17.25
4.50
4.50
4.75
4.75
4.75
9.25
10.00
5.50
5.25
4.00
7.25
8.00
10.25
5.75
18.75
18.75
19.25
21.25
17.25
20.25
19.25
19.75
20.25
21.00
6.00
5.75
5.75
6.50
5.75
20.50
18.25
4.75
24.75
26.25
21.00
6.50
19.50
17.50
6.50
6.50
22.00
23.50
12.25
7.50
6.25
10.00
19.75
8.75
7.50
24.50
22.00
21.50
23.00
6.50
12.00
8.75
21.75
27.75
28.00
22.25
6.50
7.75
8.00
6.75
11.75
7.00
18.25
12.25
23.50
7.75
8.25
28.50
29.25
28.50
8.25
8.00
10.75
10.00
7.75
8.50
8.25
7.75
12.25
8.00
8.00
16.75
23.25
29.25
26.00
14.25
9.25
27.25
25.25
19.50
7.50
8.75
12.50
9.25
7.75
9.75
22.75
32.50
25.75
29.25
24.25
9.00
7.50
8.00
13.00
22.25
10.50
23.00
26.50
29.75
29.00
25.25
17.50
8.50
9.50
9.75
25.50
19.00
8.25
10.00
8.00
28.75
31.00
8.00
11.50
15.25
12.00
7.75
7.00
10.00
26.75
29.50
23.50
23.75
30.00
23.75
12.75
22.00
25.75
17.75
21.50
13.50
12.00
20.50
29.00
31.50
31.00
31.25
31.50
33.00
30.75
13.00
9.50
21.00
25.00
27.75
30.50
28.75
21.00
19.00
11.50
24.25
13.50
13.50
10.00
15.25
31.00
30.75
31.00
30.00
31.50
27.75
27.75
24.75
25.25
26.75
30.00
15.25
8.75
20.25
27.00
30.50
24.25
15.00
20.50
21.75
23.25
27.75
14.00
11.00
26.00
22.50
23.75
28.25
26.75
26.50
28.50
28.50
29.00
25.50
26.50
15.25
9.25
13.75
15.00
17.75
15.75
17.25
9.00
7.25
7.25
23.50
17.50
7.25
16.00
24.50
24.00
24.50
25.50
23.00
25.75
25.25
22.25
24.00
24.50
26.50
24.50
12.50
22.00
18.75
27.25
20.50
25.75
12.00
21.50
7.25
7.25
8.25
18.25
22.50
24.00
21.50
5.50
12.50
15.50
19.00
12.00
14.25
20.00
21.50
23.00
21.00
23.50
23.75
22.50
13.00
21.50
22.25
22.75
22.25
22.00
19.00
19.00
18.25
19.25
5.00
5.75
4.50
11.50
7.00
4.75
5.50
8.25
5.50
5.50
17.00
20.00
17.50
14.00
17.00
17.75
16.50
9.50
5.00
13.25
17.50
19.25
18.75
18.50
18.00
17.75
17.25
16.00
16.50
16.00
15.50
14.50
7.75
8.50
9.50
7.00
8.75
13.75
16.50
14.75
4.25
4.00
4.50
4.25
3.75
4.00
3.75
4.50
16.00
10.25
5.25
4.00
4.00
3.75
4.00
4.00
15.00
14.50
14.50
15.50
13.50
13.25
13.75
14.75
15.50
14.00
15.00
15.00
16.75
17.25
17.25
16.00
16.75
15.00
14.00
15.25
11.75
13.75
6.50
4.75
4.25
8.75
11.00
4.25
4.50
4.25
16.75
16.00
16.25
5.25
4.75
6.00
5.00
4.50
16.75
14.25
4.75
4.75
13.25
12.00
4.50
5.00
12.75
4.75
4.75
4.75
6.75
18.75
18.75
5.50
13.00
5.25
19.00
14.25
10.75
10.25
19.25
16.75
21.75
4.75
13.00
20.50
19.50
21.75
21.50
13.50
15.00
14.25
20.00
6.00
22.25
23.75
26.00
7.75
15.00
13.50
21.75
9.25
7.00
6.50
9.50
6.25
11.00
17.00
22.50
22.25
13.75
7.25
6.50
14.00
14.00
18.50
8.25
8.25
21.00
21.75
27.75
23.25
28.25
23.25
25.25
25.25
25.25
11.50
7.25
7.75
8.50
28.00
29.25
31.50
26.75
22.50
17.25
7.25
22.75
15.50
17.00
24.75
23.25
7.25
7.75
8.25
11.00
28.00
32.25
31.00
26.50
32.00
26.00
26.50
25.25
28.50
30.00
11.00
15.75
8.50
8.50
9.25
12.50
20.25
32.75
23.75
20.00
30.25
11.50
10.00
8.25
10.25
9.00
14.75
16.25
31.50
31.00
30.75
31.25
9.75
24.00
32.00
31.25
33.50
34.25
33.50
24.00
31.25
32.75
25.50
28.75
8.00
18.75
21.00
8.25
7.25
7.75
9.00
7.00
11.25
27.00
30.00
33.50
31.50
32.25
19.25
15.50
26.25
18.25
8.25
7.25
10.25
23.50
29.25
29.00
31.50
23.00
11.00
8.00
7.75
9.00
18.00
22.75
29.75
27.75
30.25
31.00
19.50
9.00
15.00
8.25
19.25
30.25
31.25
31.00
32.00
31.50
26.75
27.50
26.50
28.75
29.25
18.50
17.25
15.50
15.75
7.00
10.25
8.00
12.25
8.25
9.50
13.50
24.25
26.00
24.75
20.00
17.50
21.75
24.00
17.00
29.75
29.00
28.75
30.00
28.00
27.25
29.25
25.50
25.75
25.25
26.75
26.25
25.50
28.50
28.00
27.75
25.25
24.50
16.00
11.50
23.50
17.00
25.75
18.50
13.25
13.50
12.75
6.75
6.50
15.00
13.75
17.25
23.50
15.50
6.75
6.25
9.50
14.00
7.25
6.25
12.75
21.50
19.25
24.00
23.50
24.00
8.75
9.00
22.75
23.00
24.25
23.00
22.25
21.00
20.75
21.50
21.75
12.50
10.00
6.50
18.25
5.25
6.50
5.00
5.50
7.25
18.50
6.00
10.75
5.50
4.75
5.50
5.00
6.25
13.75
19.75
20.50
18.75
11.50
17.00
16.25
17.50
15.50
15.50
14.75
7.25
6.00
5.00
4.50
17.75
12.00
4.50
4.50
4.50
4.50
4.50
5.50
17.00
11.25
8.25
4.25
11.25
4.25
4.25
4.00
4.25
6.75
12.25
10.75
4.00
4.25
17.00
12.25
3.75
14.00
13.00
13.75
11.75
13.25
12.00
5.50
3.75
4.00
4.25
4.00
4.25
3.75
4.00
4.25
4.50
4.50
3.75
3.25
2.75
6.25
4.25
12.75
12.50
9.75
4.25
4.50
6.75
14.25
18.00
14.00
14.25
14.00
16.25
12.75
16.25
13.75
15.25
15.50
15.50
16.00
4.50
18.25
10.25
4.50
4.25
5.00
16.25
8.25
17.25
9.75
5.75
7.75
5.25
15.25
17.75
18.50
6.00
8.25
15.75
17.75
7.50
5.00
6.50
4.50
5.00
10.00
15.75
11.25
8.25
22.00
15.25
13.75
19.25
16.75
16.25
17.50
17.75
20.75
21.25
16.00
10.00
5.75
10.75
6.75
7.50
22.50
10.50
24.25
26.75
6.25
8.50
19.50
10.25
23.75
16.75
6.50
7.00
6.50
22.00
23.00
9.00
9.25
24.00
25.25
7.25
7.75
21.25
9.50
6.75
22.00
13.75
13.25
8.50
7.25
7.25
7.50
27.50
7.75
7.25
15.50
12.75
8.25
7.25
24.50
27.25
12.50
21.75
26.00
26.50
22.50
28.25
29.00
28.00
18.50
25.00
29.00
28.50
28.00
11.25
29.75
24.00
13.50
16.25
28.25
28.75
17.75
10.75
14.25
21.00
12.75
16.25
15.75
8.75
23.50
7.75
8.25
12.00
28.25
31.25
16.00
6.75
10.75
7.75
21.00
29.25
30.75
22.75
17.50
29.00
30.50
32.75
32.00
18.75
24.25
18.25
9.00
8.25
8.00
12.75
8.00
9.00
20.00
8.75
8.50
10.50
21.75
29.50
31.25
23.25
18.00
13.00
21.75
24.25
16.00
12.25
21.25
15.25
9.75
31.25
31.75
31.50
32.75
32.50
30.75
32.25
30.75
32.25
28.75
33.75
32.25
32.00
31.25
33.25
33.50
33.25
32.75
28.75
32.00
32.00
32.75
33.75
32.25
32.50
27.50
31.50
32.75
26.00
31.00
31.50
31.50
32.25
32.50
30.50
31.75
21.25
9.50
22.50
30.50
32.00
30.25
30.50
26.25
29.50
24.25
22.25
18.50
8.25
25.00
23.50
28.50
19.00
17.50
23.50
31.50
30.25
25.50
30.25
30.50
31.00
28.50
27.50
27.25
26.25
16.50
12.50
20.75
29.25
29.50
29.00
28.75
28.75
25.00
13.50
27.50
23.00
22.50
14.25
25.25
27.25
26.50
26.75
13.75
7.25
6.75
6.50
9.25
22.50
21.25
24.75
20.00
24.00
24.25
23.25
23.00
15.75
6.50
21.75
17.25
18.00
10.75
18.00
24.00
20.50
18.00
5.50
6.50
22.00
22.00
23.50
23.00
22.00
22.00
21.00
21.00
23.00
22.25
22.25
21.50
16.00
21.00
21.25
21.00
20.75
20.00
20.00
20.50
19.25
17.50
19.75
19.75
5.25
6.00
4.75
5.00
10.75
15.50
15.25
14.25
15.50
6.25
8.75
17.75
10.00
4.50
12.25
17.25
11.25
13.00
15.25
4.50
4.25
4.25
13.50
14.75
15.50
16.00
16.50
13.75
11.50
4.00
9.00
3.75
11.50
4.00
16.50
15.00
14.25
14.25
14.75
15.75
15.50
16.25
17.25
16.50
16.25
15.50
15.50
15.50
14.25
16.25
16.75
15.50
15.25
15.50
15.00
13.00
15.50
14.00
15.50
14.50
14.25
9.25
10.00
9.50
5.50
4.75
15.50
12.50
7.25
4.75
4.25
4.50
5.00
4.25
17.50
13.25
4.75
19.25
15.75
5.00
5.75
4.75
5.00
5.00
7.75
4.50
4.75
5.25
6.25
15.00
18.25
5.25
5.25
13.75
16.00
18.00
10.50
20.25
19.25
22.00
21.50
20.75
15.00
15.25
17.50
20.75
18.00
21.00
5.00
5.25
18.75
17.25
19.00
17.75
6.00
6.50
12.00
22.75
22.75
23.50
23.25
24.50
26.75
26.00
23.00
10.00
6.50
11.50
24.75
6.50
18.75
7.25
7.25
12.50
7.50
6.75
8.00
7.00
7.25
7.25
7.50
13.75
8.00
21.75
7.50
7.75
24.75
23.00
30.25
27.50
8.75
8.25
9.75
27.25
16.50
26.00
15.00
17.75
8.75
7.50
15.00
8.00
23.25
29.50
31.75
30.50
26.75
25.00
8.00
12.25
13.75
30.50
30.25
14.50
12.25
14.25
22.50
29.25
9.75
34.00
14.25
8.50
8.25
28.50
32.25
32.50
22.00
13.00
16.25
21.25
8.25
8.25
24.25
8.50
15.00
16.00
30.00
32.00
32.00
33.00
31.25
30.75
28.25
28.75
23.00
8.25
8.25
13.50
26.25
30.75
10.75
8.25
8.25
30.50
31.25
26.75
25.25
26.25
32.75
33.00
31.25
13.75
23.50
27.00
16.00
13.25
14.75
7.50
13.25
26.50
31.50
31.75
31.00
28.00
29.25
33.50
29.50
20.25
24.75
29.25
17.50
21.25
6.50
31.25
21.00
30.25
34.00
29.00
27.25
28.50
32.00
31.75
27.25
33.75
31.00
29.50
31.25
32.75
31.75
32.00
29.75
29.00
14.50
19.00
28.00
23.25
30.50
28.00
17.00
25.00
27.25
30.50
28.50
32.75
32.50
30.50
28.50
26.25
11.50
8.25
15.25
29.00
27.75
29.75
30.50
27.50
26.00
26.75
26.50
24.75
24.00
12.25
9.25
21.00
20.75
20.50
22.50
20.75
18.00
23.50
22.00
15.50
20.25
19.75
21.00
6.75
7.50
7.25
6.50
25.50
25.50
21.25
14.25
19.50
23.00
23.00
21.00
21.25
11.00
6.50
21.50
23.25
25.50
24.50
23.50
17.75
22.50
22.00
18.25
17.00
25.50
24.75
25.00
25.50
8.25
21.75
24.25
23.50
23.50
22.25
20.50
20.50
24.25
23.50
23.50
23.25
18.75
20.50
20.50
21.50
21.50
18.00
5.00
14.25
21.25
19.25
20.00
19.50
20.00
6.75
19.50
19.25
21.00
5.00
9.75
16.25
19.25
16.50
10.25
7.00
7.00
17.50
9.50
5.50
5.00
5.50
15.50
17.50
15.75
17.25
15.75
12.00
8.25
4.50
4.25
8.00
13.50
14.25
16.75
16.00
6.75
4.50
4.75
14.50
14.25
13.75
13.50
14.50
13.25
13.75
14.75
14.50
15.50
13.75
14.50
14.25
12.75
13.00
3.50
13.75
12.00
3.75
4.50
4.00
4.00
4.00
4.00
7.25
4.00
16.00
17.50
14.25
4.50
4.50
4.50
7.25
8.00
6.50
4.50
4.75
4.25
4.25
4.50
6.75
15.00
14.50
9.75
4.50
4.25
3.75
6.50
4.25
16.00
9.75
7.25
4.50
4.75
4.75
4.50
4.75
5.00
14.75
5.25
4.50
6.50
15.75
12.75
13.75
12.50
10.25
4.75
5.00
4.50
5.00
9.75
11.75
5.00
5.25
5.25
6.25
6.00
8.25
8.00
8.75
15.75
5.50
5.25
5.00
7.50
6.50
7.25
7.25
13.25
28.00
27.25
13.00
11.00
14.00
8.25
20.50
6.50
12.25
8.00
8.00
7.75
15.50
8.25
22.50
23.25
22.00
14.25
19.00
12.50
9.00
7.25
9.75
18.50
6.50
7.25
8.25
7.00
12.00
23.00
26.50
15.50
8.25
25.75
27.25
19.00
10.00
11.25
7.50
24.50
30.50
28.50
7.25
8.25
13.00
15.00
31.50
30.25
23.75
13.50
12.50
27.50
23.00
31.50
15.25
28.75
29.00
14.50
16.75
17.00
24.00
18.75
12.00
21.00
7.75
8.00
8.00
15.75
11.00
10.75
13.50
11.00
27.50
29.75
17.50
14.75
11.25
23.50
13.25
19.75
8.75
17.25
10.00
9.00
10.75
30.50
33.50
11.00
15.00
8.25
22.25
20.50
31.75
33.00
32.50
15.25
25.25
32.00
21.50
18.25
13.00
9.75
18.25
31.25
10.25
9.00
7.75
6.75
8.00
9.00
7.75
7.75
12.25
26.75
32.00
32.25
29.75
20.00
32.50
33.00
33.00
33.75
34.00
33.00
29.00
30.00
27.75
32.00
33.25
32.00
30.00
31.50
31.00
31.25
33.75
19.00
9.00
8.00
8.50
21.75
28.00
32.00
27.25
26.50
30.25
32.00
25.00
21.00
30.50
32.75
32.25
32.50
26.25
14.75
8.75
20.75
21.50
23.00
31.50
29.25
24.00
8.25
7.00
23.50
30.25
30.25
28.50
15.25
21.75
17.00
17.00
16.75
11.25
14.75
18.75
20.50
26.75
26.25
26.50
26.75
7.75
7.25
15.25
20.00
21.50
16.00
21.25
16.00
8.50
18.75
22.50
25.50
25.00
25.25
27.50
27.00
27.00
27.25
26.50
24.75
26.50
24.75
9.25
11.00
18.75
22.75
22.50
24.25
24.50
24.75
24.75
12.75
6.25
12.50
14.50
15.50
16.00
6.25
10.75
14.75
10.50
21.25
20.25
20.00
6.25
10.25
14.50
21.25
22.75
22.00
19.75
6.00
6.25
17.50
5.75
14.75
18.25
17.50
5.25
9.50
18.75
19.50
8.25
16.75
15.75
18.25
16.75
4.75
9.00
9.25
11.75
9.00
4.50
5.75
5.25
4.50
5.00
4.50
5.25
4.50
4.75
16.25
12.25
14.25
13.75
15.75
13.00
12.00
12.25
4.00
10.25
4.25
3.50
3.00
12.00
4.50
16.00
17.25
16.25
10.25
4.25
4.50
8.00
13.75
14.25
15.75
15.50
16.00
17.00
17.00
13.25
11.50
16.75
15.25
4.50
4.50
3.75
4.25
3.75
3.50
4.00
11.75
9.25
6.00
4.00
9.75
4.50
4.50
16.25
14.75
15.75
16.50
7.75
13.50
13.00
13.25
7.25
13.50
15.00
13.75
8.25
4.50
4.75
5.00
5.00
4.75
5.00
3.50
15.25
11.75
14.00
15.50
18.00
7.25
16.50
4.50
5.00
9.50
4.25
15.75
13.00
5.50
5.25
9.75
5.50
14.25
15.50
20.50
10.75
5.75
5.75
5.25
13.25
21.25
5.75
5.75
5.50
6.75
6.00
6.50
6.00
8.50
22.75
24.00
18.25
6.25
6.50
7.50
7.50
19.25
21.25
21.25
7.00
6.75
14.75
7.75
6.50
17.50
11.75
9.50
6.75
7.00
13.50
7.50
8.00
7.00
8.00
6.25
26.50
22.00
26.75
7.00
5.75
13.25
19.25
27.25
16.00
8.50
15.75
9.50
17.50
19.25
23.50
10.00
7.75
8.25
9.00
19.25
28.50
15.25
23.00
7.00
11.50
12.00
17.75
15.75
9.00
8.25
8.75
8.25
24.00
20.75
9.50
20.75
23.50
16.50
10.75
12.75
16.75
28.75
31.00
12.00
11.50
20.50
8.25
32.50
19.50
8.50
8.25
8.25
27.50
24.75
8.50
7.75
10.75
8.50
14.50
8.25
17.25
8.25
14.75
9.25
7.75
9.25
30.00
10.25
7.75
8.25
7.75
8.00
9.00
9.50
28.50
28.50
24.50
9.50
8.75
8.50
12.75
8.25
14.00
29.50
30.50
31.25
31.25
30.75
30.25
27.25
28.00
31.50
25.25
15.00
31.75
30.50
31.75
32.75
30.25
30.75
31.75
22.75
17.50
18.75
31.50
31.75
27.50
31.50
8.25
8.00
9.00
11.75
30.00
30.75
31.75
30.25
31.50
31.75
28.25
8.00
8.25
15.00
23.00
33.25
29.50
32.75
31.25
30.50
25.75
16.75
21.00
19.75
23.00
28.50
29.75
30.25
15.25
29.00
31.25
28.25
27.75
21.25
25.00
22.00
25.50
24.50
6.50
13.50
13.00
11.25
14.50
26.00
27.00
26.25
27.00
27.00
27.00
16.25
17.50
12.75
15.25
13.00
6.50
21.00
18.00
9.50
6.50
7.25
6.50
6.50
10.50
11.25
9.25
22.50
22.50
24.00
10.00
22.50
24.00
25.75
22.25
24.50
22.50
22.75
25.75
25.75
24.75
11.00
7.75
6.25
16.00
23.50
23.00
14.25
6.00
6.00
15.00
12.00
15.75
18.00
16.75
19.00
21.25
9.50
5.50
10.75
15.00
17.00
18.50
11.75
8.25
17.50
18.75
17.50
18.50
17.75
18.50
18.25
19.00
19.75
20.50
19.25
19.25
17.75
19.50
19.00
18.75
15.75
17.75
18.25
17.50
7.75
7.00
9.00
4.00
4.25
5.50
4.00
4.00
4.25
9.25
4.50
3.50
3.25
3.75
4.50
4.00
4.00
3.75
6.75
10.00
6.00
10.50
9.75
8.00
7.50
5.75
4.25
3.50
4.75
3.75
3.75
6.25
12.25
16.00
15.75
15.00
4.25
16.00
13.75
15.25
14.00
13.00
12.25
13.00
11.50
15.50
16.25
13.50
17.25
17.25
4.75
4.75
8.00
13.25
19.00
18.75
18.50
18.50
6.75
14.75
5.75
17.50
18.50
18.50
19.25
10.25
7.75
3.75
10.50
6.50
8.50
5.75
17.50
16.25
17.25
21.00
19.25
20.50
16.75
13.25
18.25
17.25
21.75
17.50
1.00
6.00
21.75
21.75
20.50
22.00
11.25
1.00
15.25
3.50
8.00
19.75
15.00
23.50
16.25
2.75
17.25
7.75
7.00
24.75
24.75
16.00
12.00
6.50
8.25
1.25
17.50
27.75
22.75
16.50
12.00
10.00
7.75
7.25
10.75
11.75
28.75
28.00
29.00
7.50
3.50
6.00
17.50
29.75
25.50
5.00
22.75
26.25
7.75
30.75
23.25
22.50
28.50
10.25
25.00
24.25
32.50
32.50
3.25
32.25
32.00
3.75
29.50
28.50
31.75
24.00
1.75
21.25
31.50
32.25
24.75
31.25
26.50
16.75
32.50
29.25
21.75
28.25
34.00
17.75
20.75
12.00
27.25
34.25
31.25
28.50
33.25
30.50
24.25
31.25
35.25
20.50
27.50
7.00
10.75
31.00
12.75
34.00
35.25
16.75
21.50
17.75
34.50
15.75
35.25
14.75
21.75
22.75
19.75
23.00
17.00
25.00
28.00
12.25
26.25
35.75
35.00
14.25
26.25
20.25
18.75
30.50
11.25
11.75
4.25
1.75
4.75
24.50
15.75
24.25
33.75
20.25
14.00
2.00
20.00
12.25
26.75
29.50
34.50
23.75
20.25
35.25
32.25
12.75
35.75
34.50
15.75
10.75
7.00
11.75
20.75
10.50
20.25
5.25
35.50
30.25
18.00
2.00
34.75
17.75
35.00
21.00
12.00
2.75
4.50
16.75
32.00
20.00
24.50
21.25
33.25
23.50
18.75
12.00
25.50
13.50
7.00
26.75
16.00
14.25
17.75
1.75
15.75
12.50
1.75
4.50
30.00
33.75
28.25
11.00
11.00
9.50
6.25
33.50
31.00
17.75
10.25
5.25
1.75
15.50
20.50
26.25
26.50
1.50
10.00
15.25
1.50
10.00
3.50
18.75
11.00
15.75
1.50
9.75
3.50
5.00
6.75
5.75
8.50
4.75
17.00
25.50
15.00
13.00
27.00
12.50
20.00
24.75
21.00
28.50
28.50
1.25
4.50
1.25
1.25
1.25
1.25
13.25
1.25
1.25
1.25
6.50
6.25
2.00
3.00
1.25
5.75
4.25
5.50
1.25
1.25
14.00
17.25
24.75
8.50
22.25
20.25
24.00
23.00
8.25
19.25
15.25
7.75
5.00
8.50
1.00
22.75
1.00
17.25
19.75
19.50
17.50
14.50
3.50
12.00
21.00
13.25
1.00
4.25
4.00
8.25
8.00
1.00
15.00
19.75
7.25
7.00
17.50
12.50
8.75
13.75
19.25
12.75
18.50
16.50
8.25
3.25
14.75
6.50
13.25
18.25
8.25
1.75
13.75
11.50
7.75
16.50
18.00
9.75
17.75
8.75
17.25
13.50
17.75
17.25
9.50
11.50
13.25
12.50
1.50
7.50
2.50
7.50
7.00
12.00
13.50
13.25
18.00
18.25
17.42
18.18
17.16
16.49
16.61
15.66
16.57
10.93
15.32
14.71
12.54
14.19
9.47
10.63
10.00
10.00
9.90
10.80
12.66
13.91
10.69
10.36
11.85
12.20
9.17
9.32
10.35
9.69
9.93
9.68
10.01
11.95
14.84
14.81
13.31
9.83
11.14
10.60
11.11
17.08
12.34
10.88
20.46
20.25
20.22
23.12
21.12
17.68
11.16
12.25
12.41
14.84
14.84
14.84
14.84
14.89
11.96
21.99
21.46
19.39
27.30
26.65
23.59
26.13
24.87
20.95
21.12
12.98
20.10
14.31
20.21
24.62
11.86
19.28
22.27
15.93
13.59
12.29
20.85
18.91
12.34
12.86
28.44
30.71
21.39
29.21
30.00
13.38
11.76
17.69
11.94
13.51
13.30
13.20
13.30
21.08
19.87
21.53
18.67
16.92
21.37
12.78
12.58
12.39
15.58
20.11
19.26
22.56
18.44
18.41
12.31
18.94
19.61
19.61
19.61
29.14
32.69
25.28
20.59
19.57
16.00
25.74
23.79
14.72
14.55
12.47
12.70
12.40
18.37
15.30
18.26
29.79
32.44
29.06
31.68
27.25
30.49
20.75
18.29
16.37
30.64
13.09
20.02
17.28
16.21
16.93
22.73
18.30
16.49
14.34
14.83
24.05
12.34
19.08
23.96
27.70
18.97
14.61
14.28
14.61
18.59
16.81
16.44
13.63
13.22
13.24
23.35
17.63
14.88
13.14
19.07
24.81
25.60
22.40
25.36
25.71
19.49
17.59
11.86
14.38
16.92
18.39
22.01
23.08
23.16
27.20
28.61
26.37
17.68
14.91
17.89
22.08
17.41
23.42
21.70
23.86
26.28
24.36
24.24
18.35
15.71
19.95
22.94
24.19
26.18
28.02
28.23
26.50
25.97
15.05
11.82
12.34
16.44
21.86
22.00
25.66
23.13
16.60
16.51
18.70
25.78
23.21
20.22
18.66
22.33
23.37
24.67
19.86
23.27
24.27
24.33
24.56
23.66
25.52
18.16
15.07
18.16
14.76
15.01
15.66
21.70
21.70
21.70
21.70
18.77
18.77
18.77
18.77
18.77
18.77
18.77
18.77
18.77
18.77
18.77
18.77
18.77
18.77
18.77
18.77
18.77
18.77
18.77
18.77
18.77
18.77
18.77
18.77
18.77
18.77
18.77
18.77
18.77
18.77
18.07
18.07
18.07
18.07
18.07
18.07
18.07
18.07
18.07
18.07
18.07
18.07
18.07
18.07
18.07
18.07
18.07
18.07
18.07
18.07
18.07
18.07
18.07
18.07
18.07
18.07
18.07
18.07
18.07
18.07
18.07
14.56
14.56
14.56
14.56
14.56
14.56
14.56
14.56
14.56
14.56
14.56
14.56
14.56
14.56
14.56
14.56
14.56
14.56
14.56
14.56
14.56
14.56
14.56
14.56
14.56
14.56
14.56
14.56
14.56
14.56
14.53
14.53
14.53
14.53
14.53
14.53
14.53
14.53
14.53
14.53
14.53
14.53
14.53
14.53
14.53
14.53
14.53
14.53
14.53
14.53
14.53
14.53
14.53
14.53
14.53
14.53
14.53
14.53
14.53
14.53
14.53
13.25
13.25
13.25
13.25
13.25
13.25
13.25
13.25
13.25
13.25
13.25
13.25
13.25
13.25
13.25
13.25
13.25
17.73
17.27
15.43
11.39
11.48
11.40
15.63
11.78
9.11
9.66
10.95
9.90
11.96
16.34
15.00
17.76
12.15
13.62
14.50
17.77
18.69
17.64
19.21
19.11
20.07
21.22
17.23
17.81
16.85
10.71
11.20
18.19
18.19
18.84
15.58
13.16
13.35
17.63
16.29
14.00
11.79
12.12
12.13
12.35
11.59
10.98
10.83
11.30
11.81
11.96
17.77
20.00
12.31
19.38
11.59
29.49
28.94
28.07
25.23
18.71
17.93
12.83
11.97
14.32
13.76
15.67
26.13
19.67
12.47
13.21
14.28
13.52
16.52
16.86
14.48
13.97
20.59
12.65
21.77
16.74
31.91
29.84
18.18
23.90
17.78
17.76
20.31
25.00
18.49
18.24
18.87
13.83
16.66
27.01
20.95
19.39
13.88
12.35
23.11
26.29
27.73
20.40
19.55
30.38
27.32
13.67
28.28
29.35
27.79
32.80
35.51
31.68
31.51
25.76
24.77
18.28
21.67
30.05
30.53
13.13
12.92
13.84
17.30
24.98
16.74
15.01
15.95
16.66
13.55
13.25
13.93
22.24
20.31
19.03
14.20
17.57
12.21
15.43
30.18
31.05
27.62
23.37
17.26
14.97
13.22
13.32
20.01
13.76
17.37
16.12
22.47
19.68
22.56
23.47
21.16
19.68
13.15
15.19
15.30
20.11
15.83
16.85
20.80
20.79
15.58
11.93
13.74
22.23
23.68
24.46
23.65
27.06
26.49
25.34
23.76
23.98
22.33
13.85
24.30
28.26
27.54
19.67
17.79
22.82
24.05
26.65
23.31
20.99
13.19
13.53
19.49
21.18
23.72
25.08
25.34
22.85
23.69
21.59
18.56
17.70
18.73
15.93
16.10
10.80
11.58
16.90
17.59
18.06
21.37
23.18
16.29
22.62
22.65
23.60
21.61
23.67
22.95
23.54
22.23
23.48
23.77
21.93
22.85
23.38
22.30
17.06
20.27
20.66
19.43
23.47
24.20
23.65
22.42
20.11
21.20
20.08
21.07
20.73
17.02
14.32
17.61
18.34
18.87
18.46
16.24
14.77
12.49
13.90
15.05
17.33
20.50
20.03
17.65
12.40
11.00
12.07
11.84
20.51
22.45
21.48
14.30
22.57
23.93
22.79
15.83
12.97
12.07
11.62
11.51
10.95
17.37
14.56
22.82
20.92
18.61
11.48
18.24
20.37
20.87
21.02
20.83
21.10
19.62
18.37
19.02
20.06
20.26
16.66
19.21
21.69
18.71
17.64
17.53
14.16
13.04
9.41
14.13
9.57
9.18
10.77
12.14
9.53
8.92
9.82
9.22
9.22
9.56
9.31
13.32
13.27
12.72
14.82
15.22
16.87
15.44
13.49
12.69
11.53
10.32
18.40
17.60
18.85
17.47
13.29
8.65
9.51
11.96
14.35
12.33
10.37
14.41
8.62
9.65
9.46
15.80
17.47
18.07
18.77
18.09
13.37
15.60
10.10
9.45
8.26
15.32
8.91
14.08
14.17
13.17
13.25
13.25
13.47
10.24
9.06
9.99
10.49
15.13
9.19
8.68
15.55
19.09
19.92
18.09
13.31
18.29
19.19
17.83
9.22
8.22
8.87
8.84
10.06
10.66
12.95
10.19
12.92
12.75
12.10
12.34
15.84
9.29
9.90
9.50
9.65
9.58
12.07
15.06
13.81
15.23
11.90
10.01
11.33
9.81
10.79
11.98
11.40
13.32
13.98
24.58
21.62
14.24
20.86
13.00
16.88
14.70
16.26
18.73
18.55
17.80
14.83
13.09
13.74
15.75
10.59
11.42
17.12
31.01
30.77
14.22
10.76
15.58
11.91
15.95
16.40
28.08
27.59
14.31
21.74
23.98
25.00
12.28
20.02
32.22
17.26
32.67
26.75
14.67
23.10
15.99
11.19
11.42
11.94
13.64
11.64
12.91
12.42
26.62
14.95
13.48
10.51
12.55
12.89
12.49
20.33
27.01
12.04
19.43
16.56
14.98
11.39
18.28
29.47
25.53
13.65
29.01
25.59
24.65
33.03
33.04
29.90
31.48
31.34
12.48
11.81
14.00
16.81
11.38
13.67
11.97
13.48
14.65
12.70
13.15
18.27
19.95
24.30
13.29
19.55
16.68
12.91
20.71
36.65
36.54
26.76
13.96
21.31
11.21
14.72
27.54
15.56
15.98
24.63
19.70
24.66
25.85
21.52
25.30
12.05
14.34
19.40
21.13
12.99
11.04
12.15
10.61
11.94
11.11
13.50
13.02
12.15
12.72
11.74
12.97
11.33
13.11
15.42
20.42
19.11
20.88
22.94
22.94
27.40
23.12
23.15
16.83
11.26
21.01
15.19
26.10
23.13
24.11
26.66
15.63
19.87
26.61
25.49
23.03
24.85
25.76
29.31
27.11
23.70
23.18
22.68
16.37
20.58
22.37
21.75
20.58
21.69
25.29
26.72
28.76
27.70
11.88
19.88
17.98
29.52
26.32
22.24
25.08
22.73
23.68
26.23
25.04
22.75
26.03
25.72
13.99
20.82
24.95
24.44
22.71
24.50
23.37
24.94
19.15
16.62
21.15
20.95
18.88
16.39
12.43
18.48
19.71
25.23
21.96
20.57
21.93
17.73
13.72
17.93
17.93
21.66
20.83
17.10
23.65
22.76
19.77
20.63
13.29
14.67
17.24
14.55
14.43
16.35
12.26
15.69
16.92
15.42
11.68
17.20
17.84
15.21
23.82
22.79
21.71
14.84
11.07
15.17
10.67
12.95
13.07
12.67
13.80
10.01
13.76
16.91
21.03
17.78
11.21
12.07
10.27
9.59
10.15
9.78
9.94
16.72
20.43
20.89
22.33
23.70
22.09
21.32
20.51
19.56
15.14
18.42
21.13
20.64
20.95
21.68
20.98
19.67
17.65
12.09
12.12
10.75
10.69
10.91
10.04
13.20
10.77
9.69
10.93
14.82
19.23
18.89
15.94
9.29
9.52
10.09
9.93
16.04
19.15
18.90
17.64
14.57
17.50
20.07
19.57
10.08
9.99
8.63
8.14
8.83
7.45
12.81
20.63
19.27
17.28
17.73
17.53
20.14
19.07
9.41
9.04
19.69
20.17
18.54
17.98
18.15
19.93
14.80
17.62
10.73
10.86
10.27
9.26
12.36
16.45
11.45
13.00
9.43
19.69
11.44
12.82
11.18
20.27
16.04
12.96
11.76
9.42
11.26
11.26
10.15
10.82
9.79
9.72
11.48
10.87
11.56
13.68
14.01
11.38
14.68
19.05
21.18
22.64
22.42
22.07
20.50
14.96
9.53
11.23
21.52
10.83
22.19
11.16
10.43
10.22
11.15
10.43
12.64
18.77
16.17
11.34
10.02
16.48
21.77
18.47
21.72
12.07
16.04
11.61
14.88
15.75
14.16
14.45
26.19
16.88
14.48
13.49
12.57
16.80
16.05
10.97
20.57
16.65
13.02
11.53
17.75
17.56
12.46
14.53
14.38
20.24
13.22
20.13
33.25
32.42
25.27
25.92
27.38
27.45
15.70
14.00
19.12
29.18
18.25
15.85
20.83
23.03
16.31
16.33
16.65
25.24
23.98
16.07
17.22
31.93
33.73
33.70
22.84
13.34
32.98
32.53
31.91
27.73
28.74
28.64
16.00
13.19
15.46
14.55
12.09
12.92
18.09
13.30
14.87
17.91
23.40
24.72
18.39
13.53
12.45
12.68
13.33
13.18
34.01
35.62
34.40
33.36
26.82
17.53
14.86
12.86
14.97
16.34
15.85
34.62
35.59
34.12
31.92
26.54
13.30
15.67
22.89
15.95
18.71
13.15
17.34
19.30
19.72
18.67
15.02
14.54
15.72
18.33
17.32
20.23
20.74
25.12
23.31
23.32
15.91
22.49
25.59
17.95
29.17
22.88
17.71
14.58
19.19
21.41
26.90
27.00
25.97
27.17
26.14
30.72
28.86
25.62
21.30
17.17
15.59
21.01
21.22
16.25
15.13
12.90
13.96
22.38
17.25
17.92
21.70
28.00
28.20
26.50
25.55
28.22
25.66
26.88
28.51
25.10
28.32
24.43
25.75
25.61
26.24
23.65
24.53
20.95
16.51
22.34
23.50
20.84
21.37
23.33
24.41
24.75
27.08
25.01
26.25
29.24
25.92
26.46
20.67
17.92
14.32
19.80
21.75
16.10
12.54
10.95
10.88
12.34
19.97
22.29
22.54
20.14
19.82
17.60
21.54
19.34
25.29
15.62
18.15
21.79
23.41
23.43
24.15
20.88
19.43
13.29
14.86
13.29
14.13
11.64
18.89
16.25
13.94
19.03
14.23
14.61
16.67
12.22
15.26
10.56
11.23
11.50
11.99
10.96
14.01
18.47
19.00
17.56
13.78
10.50
11.48
16.72
22.75
20.68
22.02
22.40
14.60
18.01
19.64
15.18
15.21
9.54
13.60
19.18
16.26
12.18
14.30
15.65
16.92
14.19
14.73
11.64
16.06
15.38
14.52
10.94
9.25
12.85
15.93
18.29
18.87
17.55
17.83
16.79
15.74
9.84
12.93
18.80
19.13
18.30
18.79
20.08
19.15
16.23
17.25
16.77
16.11
10.66
9.21
12.61
18.07
18.74
12.13
11.16
9.16
8.49
14.62
16.29
17.91
17.07
16.19
16.25
12.14
15.87
17.64
16.97
17.26
16.93
15.80
9.78
10.46
19.05
18.64
17.60
14.63
12.25
8.51
9.56
9.42
11.83
11.84
8.60
10.44
9.09
9.36
10.57
10.53
10.60
11.05
10.67
10.61
9.49
8.56
8.60
11.04
11.69
11.23
9.65
10.34
10.50
9.64
11.66
9.92
11.85
11.30
10.62
11.46
11.40
11.66
14.77
19.26
9.79
11.00
12.44
15.20
12.37
11.15
16.73
10.87
10.17
11.20
14.81
17.11
18.24
14.52
10.32
11.93
14.62
21.04
22.05
17.86
14.34
14.87
10.07
12.27
12.65
10.94
13.93
12.96
18.16
16.94
13.92
12.13
11.98
11.79
12.63
12.54
11.74
15.26
15.83
18.80
12.74
14.24
17.66
17.13
17.15
12.57
15.26
13.49
16.22
24.65
12.57
30.25
32.38
32.33
32.04
30.98
17.00
19.10
25.67
28.80
22.69
31.45
21.07
13.73
14.47
25.88
13.28
14.54
23.20
13.24
15.01
17.63
19.27
15.31
16.21
13.37
12.99
17.04
15.77
27.28
34.67
23.14
12.98
13.21
22.67
14.34
17.90
15.92
15.12
21.55
19.66
14.20
19.37
25.23
26.12
21.00
17.02
18.26
14.00
18.01
13.83
13.14
18.18
13.85
14.37
23.20
26.91
17.77
24.44
22.75
29.69
19.65
24.39
16.18
14.76
13.84
15.83
23.89
14.85
25.32
16.13
14.21
15.03
17.45
15.40
15.36
22.12
22.86
14.53
14.66
10.83
22.00
27.19
27.11
26.55
17.04
12.66
19.98
14.41
14.80
27.06
13.08
15.16
13.44
16.45
17.58
20.66
25.77
21.58
19.26
27.56
31.13
32.78
32.36
24.90
23.16
24.39
25.75
28.36
30.26
25.13
25.88
28.93
19.67
19.73
13.34
14.11
15.37
21.35
25.56
21.55
20.85
17.90
20.17
16.92
24.19
20.21
18.56
22.28
26.08
22.64
29.16
16.45
10.77
14.71
22.70
23.72
26.92
20.86
20.86
14.07
14.42
23.51
24.02
26.05
28.00
17.64
20.19
24.29
23.51
24.07
24.87
22.87
21.46
19.52
18.23
24.68
23.62
18.27
21.30
23.78
23.01
20.62
17.65
13.46
14.76
15.13
20.75
20.47
22.49
22.67
20.18
22.08
22.14
19.13
14.76
17.68
27.16
23.77
23.50
19.51
22.63
12.97
14.71
12.55
11.13
20.01
22.77
22.76
22.69
23.08
23.53
17.92
25.02
23.12
22.53
22.27
16.27
14.20
19.37
15.69
22.82
24.38
23.63
22.67
19.61
19.93
20.23
15.50
24.14
22.41
21.29
21.57
20.49
14.53
15.44
19.48
19.78
15.80
13.73
12.46
10.11
18.35
21.88
21.39
18.55
19.70
21.07
19.15
12.63
9.36
10.01
9.29
11.97
11.63
21.01
14.66
13.33
9.91
12.94
18.81
17.31
14.32
8.61
8.67
11.21
9.94
8.34
10.97
14.86
9.84
10.76
10.84
9.55
11.48
12.92
12.88
14.10
18.88
17.92
10.93
17.84
10.57
9.36
10.92
14.57
13.60
14.59
11.49
10.64
10.17
15.91
9.98
11.09
9.49
12.04
20.24
17.45
12.22
9.78
11.68
9.90
17.07
20.14
17.39
13.25
13.25
13.25
13.25
13.25
13.25
13.25
13.25
13.25
13.25
13.25
13.25
13.25
13.25
13.25
13.25
13.25
13.25
13.25
13.25
13.11
11.35
10.92
12.60
14.34
20.28
21.75
20.21
18.80
13.97
17.75
15.55
12.17
10.87
13.34
16.55
10.70
10.43
11.04
11.16
10.74
11.08
13.54
12.60
10.94
14.80
13.12
13.86
10.54
12.43
12.37
12.64
14.61
17.86
15.96
14.10
15.13
18.74
14.91
13.04
23.86
27.68
29.16
29.35
28.40
27.14
28.49
25.43
26.41
26.18
13.83
14.11
17.06
22.85
17.27
19.12
17.72
17.08
15.13
21.75
22.45
15.86
22.02
11.28
16.97
12.57
13.96
13.16
16.24
17.39
17.14
13.94
14.12
11.97
16.57
33.31
17.97
19.68
24.05
15.69
23.93
18.46
30.42
33.70
21.80
17.35
19.09
16.36
13.81
17.03
14.92
16.96
12.73
19.66
24.47
18.29
22.08
19.66
14.03
19.94
31.31
21.67
15.38
15.45
17.53
17.27
14.89
19.13
17.70
16.84
22.36
31.78
20.19
14.08
17.12
18.79
18.71
18.30
12.77
16.56
13.94
24.68
28.36
22.77
14.37
18.52
24.65
24.41
18.98
20.62
23.11
17.46
16.81
14.00
21.12
18.98
15.86
14.58
20.71
15.99
12.83
13.49
14.32
16.36
15.98
20.72
26.14
23.30
21.67
24.49
18.29
23.67
19.38
17.67
18.27
17.25
19.84
21.01
24.12
27.46
26.92
27.54
26.72
29.98
26.84
22.79
18.81
23.26
30.14
28.24
27.20
30.78
14.50
14.69
21.81
15.95
21.47
26.25
20.38
17.99
16.08
16.70
29.19
30.86
26.26
23.41
23.41
21.91
28.10
27.78
27.83
28.11
14.72
21.99
28.86
30.21
29.23
29.48
28.24
28.66
24.16
29.86
27.15
22.84
14.08
16.04
21.46
17.24
21.34
23.95
23.47
19.18
10.81
18.23
16.72
23.59
26.00
25.29
24.95
21.89
15.43
18.08
18.51
22.97
18.07
21.48
17.44
18.78
16.34
20.06
21.33
25.46
25.65
23.05
20.40
15.98
23.11
29.12
28.87
20.43
16.42
23.95
15.89
12.21
12.75
17.32
18.55
11.81
17.79
14.82
18.44
15.17
18.25
24.57
23.73
27.01
24.11
16.35
11.71
10.44
15.59
15.88
18.45
25.17
24.95
19.19
20.58
18.74
17.80
18.88
16.21
12.86
14.23
21.30
22.48
22.76
24.44
24.23
21.68
21.25
15.33
19.94
16.14
13.97
12.93
10.47
11.86
11.48
12.43
16.61
18.91
18.54
11.66
9.26
9.44
10.35
10.73
10.83
16.87
21.12
20.17
20.83
19.87
18.28
17.56
17.69
9.37
20.42
19.53
9.58
19.67
20.76
20.11
20.29
20.68
19.71
19.53
18.29
17.03
16.26
14.77
11.88
12.83
12.60
11.24
13.70
9.05
8.36
8.17
8.71
10.01
18.13
18.44
18.22
18.43
18.24
17.59
17.16
17.94
18.93
18.31
18.64
19.03
19.25
20.00
17.78
15.92
16.85
20.24
17.61
14.64
11.67
10.64
13.52
14.16
10.03
10.27
12.78
20.72
20.29
18.43
21.15
21.15
17.27
21.31
22.60
22.18
20.95
11.05
10.77
18.32
18.66
19.14
20.62
20.71
19.25
20.09
20.80
11.92
13.69
17.12
11.82
12.34
10.15
12.26
13.23
16.66
11.73
12.44
15.45
10.50
13.93
10.16
12.85
25.15
25.34
23.04
23.11
13.65
13.36
14.60
14.99
14.68
13.48
12.57
11.75
12.83
15.88
11.56
11.81
12.73
15.16
20.35
12.20
11.65
20.67
17.73
16.82
13.07
17.62
16.42
20.04
14.52
23.25
30.61
24.64
28.04
20.46
26.81
19.23
17.98
17.40
18.48
12.41
16.39
19.78
15.72
21.56
28.59
14.56
16.82
14.02
22.89
25.48
27.30
23.08
18.92
15.69
24.07
25.41
21.43
28.81
22.87
21.72
19.96
15.78
13.98
14.35
15.01
13.74
20.20
29.38
24.85
13.98
27.03
33.06
30.71
16.66
13.92
21.97
14.54
22.17
17.30
17.76
15.59
15.37
19.67
18.34
19.61
15.70
13.38
16.91
17.49
27.09
23.69
15.64
20.70
19.26
16.87
15.64
17.70
20.41
16.94
17.28
16.52
23.34
14.21
32.51
31.10
16.05
14.91
16.04
25.19
28.59
23.19
26.79
32.87
31.11
29.65
19.01
15.32
18.18
15.23
16.18
14.90
16.17
15.84
14.76
15.80
20.70
16.89
19.23
22.96
22.47
21.77
21.95
22.26
20.97
25.17
21.81
23.48
23.38
23.12
21.97
25.96
25.33
22.82
23.14
16.02
24.19
28.37
25.64
26.19
24.96
25.78
29.63
32.03
14.18
12.14
24.71
27.02
28.99
26.66
27.12
29.38
27.86
23.78
22.88
24.30
27.89
27.62
20.02
22.97
22.67
19.54
15.89
20.89
17.24
15.30
16.46
19.81
24.23
19.39
17.07
15.72
12.85
18.63
25.88
23.73
23.36
25.58
24.77
24.62
26.13
24.80
21.72
23.51
23.34
24.85
19.09
22.72
18.59
21.35
24.49
24.73
22.17
19.80
22.31
22.73
21.35
18.53
15.66
20.03
20.10
20.58
15.30
13.54
13.29
15.36
15.19
12.52
18.75
19.74
19.68
20.30
20.34
16.59
15.76
14.85
19.52
24.56
25.56
23.88
25.92
24.01
24.59
20.25
23.97
23.26
22.51
22.55
24.68
24.06
23.47
21.97
23.09
20.59
16.32
17.76
16.32
17.48
20.82
15.54
19.67
19.00
19.00
18.56
16.20
15.31
10.33
18.43
19.91
11.07
11.51
9.50
9.87
13.19
11.22
10.12
10.07
10.29
13.65
11.48
14.26
10.64
18.67
18.02
18.54
14.62
16.80
16.21
15.40
12.88
12.75
16.03
15.75
13.51
9.57
11.43
15.56
10.81
16.07
18.12
18.49
11.76
15.43
10.81
12.82
10.18
15.24
18.43
17.94
10.62
17.98
18.96
18.26
11.52
19.32
18.01
19.79
15.55
18.15
14.59
11.16
10.07
9.50
16.65
15.81
14.53
17.71
17.66
16.99
16.98
9.93
13.38
10.78
18.61
17.18
9.96
11.97
10.22
9.60
12.06
15.54
14.84
17.97
17.03
18.19
17.72
18.75
20.18
19.78
19.58
11.30
12.58
12.14
12.52
15.87
11.57
11.23
11.63
12.02
13.16
11.08
19.91
21.85
14.93
22.35
19.84
18.12
14.31
23.60
21.81
13.87
10.96
19.18
15.66
11.67
15.70
16.43
10.74
13.43
14.44
16.90
16.99
19.82
14.94
12.88
14.00
12.53
11.23
11.67
12.06
12.26
12.25
11.14
22.88
8.92
9.37
14.29
18.78
10.32
9.61
12.27
21.01
18.98
22.53
19.88
19.22
15.97
10.73
13.68
17.70
11.14
15.07
23.48
17.64
13.28
18.04
25.56
18.52
18.37
25.61
27.68
23.00
10.92
12.42
8.96
12.38
12.01
20.61
26.73
33.40
26.13
31.03
20.55
12.01
13.68
12.48
13.62
20.81
14.17
17.55
14.64
17.16
13.85
11.32
26.77
29.23
12.43
13.06
23.91
11.05
11.99
12.68
25.69
13.49
14.33
12.87
16.80
34.46
30.31
18.63
21.88
11.90
19.61
13.57
7.80
11.60
10.98
15.10
11.08
13.46
14.23
11.51
12.53
15.08
19.09
9.31
12.88
16.78
18.63
14.78
14.34
12.48
13.86
21.12
19.14
14.68
16.95
12.77
13.35
14.92
20.74
24.10
27.02
24.58
17.55
15.67
19.21
22.10
22.48
15.52
16.73
18.72
23.45
24.83
17.97
25.36
23.90
17.71
9.74
12.28
12.47
11.78
15.07
13.53
13.46
20.04
24.59
18.96
23.32
29.83
27.61
26.99
24.85
22.19
16.40
28.72
14.66
13.89
11.74
17.60
15.65
17.48
20.68
26.50
26.79
25.50
25.76
27.91
27.91
29.77
29.05
29.45
28.76
26.83
25.78
14.21
10.85
11.80
16.40
17.63
16.59
15.62
16.14
15.65
17.00
13.22
21.91
23.22
21.98
23.12
23.70
22.76
27.74
26.62
19.67
11.78
12.16
11.90
13.62
12.08
13.68
21.57
18.84
19.41
10.62
26.76
24.88
24.40
22.62
23.71
18.58
10.90
16.50
21.82
19.04
25.26
23.86
15.92
9.76
10.51
12.63
17.38
18.68
14.37
11.33
21.78
20.53
9.58
11.45
13.00
13.25
13.31
15.02
15.72
13.70
11.37
14.21
9.83
11.05
22.73
24.48
23.29
21.86
22.25
24.13
23.77
23.40
22.15
12.43
19.35
19.96
20.67
21.02
18.90
15.89
17.29
11.24
10.30
8.41
8.64
9.16
18.71
11.40
11.62
15.33
16.19
13.40
11.12
12.50
10.50
8.67
8.87
8.69
13.75
14.84
8.10
13.16
11.48
12.30
10.89
10.25
13.44
13.64
14.00
9.39
19.01
17.71
14.15
8.67
10.13
11.35
14.23
8.49
12.12
7.67
10.77
11.10
14.54
7.50
10.95
10.11
9.74
8.79
8.86
9.92
16.54
18.14
17.20
14.30
12.47
11.50
7.51
8.32
8.12
9.70
9.86
9.55
12.33
11.13
10.23
11.21
15.68
15.06
15.18
13.85
7.88
12.58
11.28
10.97
11.17
8.19
9.04
9.60
11.84
13.04
9.65
10.93
11.20
17.69
11.96
9.76
8.84
8.72
11.29
18.79
21.57
12.55
9.51
8.62
11.07
12.28
9.81
9.51
11.26
12.92
10.42
14.76
22.75
23.29
23.38
22.98
19.14
18.09
16.07
12.65
11.17
12.03
21.80
17.90
22.58
10.54
21.75
12.10
9.54
10.50
15.37
22.33
10.74
16.52
23.39
25.84
26.21
25.77
25.28
22.93
18.96
19.88
17.41
13.23
11.75
11.46
17.76
11.28
9.93
14.82
13.71
11.89
14.43
13.23
27.08
10.33
11.03
17.94
11.04
12.30
26.36
27.67
30.81
31.10
13.51
11.27
28.46
27.90
19.74
12.02
12.90
17.73
24.86
17.99
11.29
13.89
13.11
13.04
19.51
13.22
15.46
12.53
13.88
18.08
18.05
29.98
15.38
13.57
18.57
15.54
17.23
17.18
17.11
19.76
30.87
28.33
13.54
15.78
18.62
31.07
27.50
16.47
21.40
22.75
11.61
16.39
16.01
27.69
30.52
30.07
29.32
21.02
20.46
19.60
18.57
11.64
11.57
11.21
16.13
21.60
19.51
15.77
24.46
18.81
19.56
12.73
20.43
24.64
23.16
20.37
15.58
15.26
13.90
26.73
30.66
21.65
27.62
25.48
17.29
13.84
13.40
11.62
15.14
11.87
11.51
13.91
25.48
29.40
26.26
29.16
29.38
26.76
27.81
22.57
22.40
21.67
18.18
17.59
21.35
21.86
21.60
27.02
26.75
26.73
28.51
25.22
9.86
13.09
13.42
15.34
16.52
20.20
20.16
17.16
12.55
10.94
24.17
24.35
27.81
29.71
29.47
29.17
26.45
25.22
26.87
28.05
23.24
27.65
29.10
18.35
16.07
23.48
24.75
19.77
25.80
24.95
24.02
17.86
22.15
16.82
20.89
23.37
18.11
20.81
23.78
15.85
21.45
24.33
24.26
24.96
24.67
26.31
15.87
22.11
16.91
21.61
19.54
29.36
28.68
22.17
13.55
10.56
12.53
19.78
21.08
21.12
15.76
24.01
19.84
16.09
11.26
13.95
21.62
15.18
9.74
16.53
12.49
13.56
25.38
23.61
20.42
17.74
22.79
22.58
23.42
22.95
21.93
8.41
9.70
14.07
16.74
15.67
16.81
17.21
15.38
12.28
11.78
10.54
11.01
11.64
10.96
10.38
12.34
14.87
15.71
14.67
14.21
10.19
9.84
11.83
13.32
8.34
13.57
10.72
10.21
14.29
17.76
17.18
9.73
11.01
10.54
9.40
10.55
12.11
19.03
18.32
12.07
14.14
8.89
8.91
11.88
19.92
9.43
13.52
13.06
9.07
11.03
16.19
14.11
13.90
8.17
9.03
11.74
8.72
10.42
9.12
8.24
16.60
18.82
12.36
11.58
10.75
11.85
15.25
14.86
9.33
16.61
16.95
15.73
15.54
17.70
13.38
15.17
9.11
9.54
11.14
17.55
18.02
13.03
14.27
14.36
12.39
14.13
16.66
14.56
9.84
10.88
8.68
16.64
16.52
16.65
16.71
8.81
14.90
12.07
19.69
13.60
10.99
9.56
16.78
10.88
17.38
7.95
7.60
12.08
9.23
10.02
10.90
9.53
7.33
8.65
10.30
14.54
21.74
13.73
19.76
13.83
22.13
22.04
18.83
13.75
7.26
11.06
10.31
12.03
14.86
20.24
15.64
17.38
16.36
8.56
15.20
15.40
22.54
24.62
25.79
25.34
23.58
22.93
21.96
21.87
21.46
12.68
18.33
11.73
8.47
9.52
9.60
26.36
15.19
12.35
18.80
28.82
17.95
16.67
11.71
13.00
11.78
14.50
23.31
9.76
13.13
8.63
10.99
10.41
11.18
9.97
10.12
10.52
12.13
10.69
13.07
7.36
15.74
14.96
9.77
20.15
31.89
14.68
18.38
13.90
10.51
32.18
33.48
23.26
40.23
25.87
14.51
19.16
21.58
15.26
15.51
22.03
12.11
20.21
32.33
16.94
13.06
14.24
23.73
11.32
15.22
10.32
21.42
32.05
29.19
13.50
11.18
11.10
34.22
34.86
29.41
19.50
18.59
16.04
14.37
22.64
25.21
25.26
14.73
33.82
30.86
19.33
10.90
28.09
33.87
10.48
19.86
30.70
28.98
2.00
24.21
20.88
19.37
15.37
11.50
12.56
22.06
34.77
32.12
35.44
23.47
18.36
12.93
11.08
8.57
13.05
18.24
25.74
16.90
18.48
28.40
25.65
25.40
17.07
16.09
14.17
10.20
9.20
11.29
12.64
11.35
10.60
13.52
12.72
22.19
19.46
17.57
8.74
11.06
17.79
24.52
25.95
18.19
19.14
18.66
19.70
22.16
20.92
19.77
15.70
22.13
29.80
28.30
30.31
29.93
30.67
29.91
31.46
21.53
21.82
24.48
31.16
31.60
30.96
27.05
6.51
28.53
28.87
30.55
30.43
30.05
10.80
14.15
9.31
15.54
21.37
25.61
27.84
26.62
29.10
25.34
20.15
13.09
18.17
24.87
21.21
25.92
28.25
28.86
20.84
17.52
27.57
26.87
23.89
16.77
14.26
19.15
24.53
22.03
21.46
27.55
25.01
28.91
21.16
19.52
27.05
15.43
19.02
17.01
24.12
14.10
12.85
15.20
15.27
20.38
15.09
11.63
0.47
25.58
26.85
28.41
26.95
23.39
23.77
20.15
22.44
18.54
16.91
20.69
22.93
23.36
21.63
15.32
16.86
21.33
19.56
19.79
10.76
13.89
16.67
17.15
24.21
15.57
17.79
23.18
24.05
13.51
8.39
1.86
9.17
11.92
11.69
10.18
7.43
17.70
21.76
21.17
18.96
21.97
18.42
22.19
21.66
20.79
22.43
24.07
23.12
21.93
21.60
16.14
14.31
12.67
10.86
9.80
13.87
16.30
12.27
10.31
1.98
9.42
9.43
12.21
10.08
7.77
7.84
8.49
3.85
9.61
13.10
11.09
8.25
8.74
17.68
12.64
10.87
7.91
5.04
3.52
10.40
9.76
16.36
15.27
15.34
16.81
16.53
2.46
10.94
16.17
9.78
3.46
3.34
5.75
12.02
15.91
1.92
13.64
18.90
4.63
11.58
1.04
19.24
19.38
12.45
9.51
10.90
9.71
13.31
18.49
15.38
18.57
15.14
10.86
8.28
9.62
9.20
24.85
24.85
25.28
22.75
25.00
13.81
21.41
22.26
21.84
15.91
15.91
15.91
12.15
13.57
12.67
12.14
17.41
10.48
14.69
1.46
10.82
12.08
10.87
28.21
10.58
16.66
18.58
28.86
28.91
26.20
22.83
10.40
11.77
12.86
30.74
27.91
28.15
19.74
17.84
26.93
23.17
17.77
16.63
14.34
11.56
22.89
11.36
12.46
16.06
23.05
16.65
29.60
23.57
21.91
15.97
16.22
12.69
11.04
14.79
36.65
36.90
34.02
27.22
20.21
25.07
14.15
25.95
12.14
21.83
13.01
17.09
33.07
37.91
38.01
21.61
16.43
16.25
31.68
34.72
22.08
30.45
33.70
34.20
26.26
28.33
23.97
23.23
13.77
31.80
42.25
30.69
35.69
28.42
20.64
21.02
15.00
16.29
16.46
33.57
30.68
12.41
18.85
2.46
28.60
31.36
32.23
33.34
30.99
28.56
21.64
25.78
16.81
16.65
16.61
19.24
21.97
26.06
18.63
12.56
23.03
24.18
24.18
24.18
23.62
24.18
22.54
27.04
35.31
28.64
25.74
28.66
27.46
28.95
29.55
21.28
24.14
34.28
28.64
20.51
23.27
20.89
14.18
8.79
9.62
8.34
12.34
19.30
10.22
7.47
12.20
14.72
11.88
9.58
37.37
18.67
11.31
9.97
35.14
37.41
36.25
19.84
20.48
9.67
10.39
15.54
15.31
25.80
31.33
31.10
32.25
32.27
26.17
27.68
15.08
21.11
18.14
23.34
27.53
27.53
25.07
27.23
36.95
36.61
6.74
26.33
26.91
26.29
32.60
26.99
23.95
22.82
29.38
33.86
32.27
29.31
22.98
29.78
29.20
30.89
32.36
35.36
35.76
32.32
24.23
25.80
23.79
24.58
25.99
19.81
33.75
33.38
29.46
31.14
37.27
35.00
30.32
31.06
19.39
14.88
31.89
24.00
23.68
22.20
18.60
17.71
25.30
17.62
11.63
7.27
13.77
17.43
17.71
10.97
14.56
13.56
15.39
21.45
24.02
18.01
24.19
23.45
16.62
7.26
12.86
28.81
14.81
20.79
21.09
20.46
23.14
10.37
20.70
25.64
26.08
23.94
25.95
22.12
10.01
14.46
30.53
23.94
28.53
21.21
23.03
32.54
30.22
25.19
28.88
30.72
31.49
29.81
27.67
25.53
19.44
5.23
11.79
14.91
18.96
6.40
5.63
10.16
6.98
14.03
10.61
4.13
0.73
2.96
1.97
7.51
6.92
3.85
12.84
9.86
4.17
9.70
2.70
4.01
1.78
4.24
4.24
7.83
9.31
7.72
2.96
2.71
0.00
5.27
2.98
1.42
5.94
0.91
1.30
3.55
2.98
5.32
7.25
1.91
2.09
8.52
7.71
2.11
9.59
7.99
3.24
3.94
8.08
5.08
3.54
5.39
4.92
1.41
5.16
1.40
1.99
2.08
2.99
7.91
19.40
5.26
5.95
8.62
8.20
22.35
21.84
15.24
6.41
5.75
13.64
6.02
6.17
5.93
8.27
6.02
5.48
7.34
6.56
5.36
